loss,grad_norm,learning_rate,epoch,step,eval_loss,eval_accuracy,train_runtime,train_samples_per_second,train_steps_per_second,total_flos,train_loss
1.8839,0.7483164072036743,1e-05,0.00641025641025641,1,,,,,,,
1.721,0.9703003168106079,0.0005,0.32051282051282054,50,,,,,,,
,,,0.32051282051282054,50,1.189185380935669,0.4729241877256318,19.8527,,,,
0.8085,3.034611225128174,0.001,0.6410256410256411,100,,,,,,,
,,,0.6410256410256411,100,0.7043500542640686,0.6028880866425993,40.8296,,,,
0.7246,1.620143175125122,0.0015,0.9615384615384616,150,,,,,,,
,,,0.9615384615384616,150,0.7058414816856384,0.5487364620938628,61.5117,,,,
0.7222,2.3550922870635986,0.002,1.282051282051282,200,,,,,,,
,,,1.282051282051282,200,0.7136383056640625,0.47653429602888087,82.1513,,,,
0.7311,1.4638423919677734,0.0019264705882352942,1.6025641025641026,250,,,,,,,
,,,1.6025641025641026,250,0.711071789264679,0.5270758122743683,102.5084,,,,
0.7256,0.9670605063438416,0.0018529411764705885,1.9230769230769231,300,,,,,,,
,,,1.9230769230769231,300,0.7341163754463196,0.4729241877256318,122.7822,,,,
0.706,2.176124095916748,0.0017794117647058822,2.2435897435897436,350,,,,,,,
,,,2.2435897435897436,350,0.6771675944328308,0.5992779783393501,142.7913,,,,
0.6981,1.077574372291565,0.0017058823529411764,2.564102564102564,400,,,,,,,
,,,2.564102564102564,400,0.6902047395706177,0.5956678700361011,162.9462,,,,
0.6853,2.7574727535247803,0.0016323529411764706,2.8846153846153846,450,,,,,,,
,,,2.8846153846153846,450,0.8269187808036804,0.5415162454873647,183.3407,,,,
0.6903,2.7344369888305664,0.0015588235294117648,3.2051282051282053,500,,,,,,,
,,,3.2051282051282053,500,0.6437599658966064,0.6606498194945848,203.6888,,,,
0.6736,1.3764138221740723,0.0014852941176470588,3.5256410256410255,550,,,,,,,
,,,3.5256410256410255,550,0.6053017377853394,0.6714801444043321,224.1106,,,,
0.6452,3.453265905380249,0.001411764705882353,3.8461538461538463,600,,,,,,,
,,,3.8461538461538463,600,0.6841751933097839,0.6425992779783394,244.4417,,,,
0.5938,2.168675422668457,0.001338235294117647,4.166666666666667,650,,,,,,,
,,,4.166666666666667,650,0.613310694694519,0.6823104693140795,265.159,,,,
0.6127,2.247645139694214,0.0012647058823529412,4.487179487179487,700,,,,,,,
,,,4.487179487179487,700,0.6157652735710144,0.7111913357400722,285.3939,,,,
0.586,2.050723075866699,0.0011911764705882352,4.8076923076923075,750,,,,,,,
,,,4.8076923076923075,750,0.5580307245254517,0.7184115523465704,305.5038,,,,
0.5516,1.2941076755523682,0.0011176470588235294,5.128205128205128,800,,,,,,,
,,,5.128205128205128,800,0.5973390340805054,0.7111913357400722,325.902,,,,
0.5596,2.0491037368774414,0.0010441176470588236,5.448717948717949,850,,,,,,,
,,,5.448717948717949,850,0.5722152590751648,0.7075812274368231,346.8029,,,,
0.525,3.220961570739746,0.0009705882352941176,5.769230769230769,900,,,,,,,
,,,5.769230769230769,900,0.6986407041549683,0.7075812274368231,367.2953,,,,
0.5803,1.0993667840957642,0.0008970588235294118,6.089743589743589,950,,,,,,,
,,,6.089743589743589,950,0.6115735769271851,0.6895306859205776,387.3866,,,,
0.5144,1.4146854877471924,0.0008235294117647058,6.410256410256411,1000,,,,,,,
,,,6.410256410256411,1000,0.6264529824256897,0.6895306859205776,407.8189,,,,
0.5311,0.9719494581222534,0.00075,6.730769230769231,1050,,,,,,,
,,,6.730769230769231,1050,0.5468572378158569,0.7003610108303249,428.6369,,,,
0.4709,0.8601147532463074,0.0006764705882352942,7.051282051282051,1100,,,,,,,
,,,7.051282051282051,1100,0.6213153004646301,0.7003610108303249,449.5279,,,,
0.4482,1.9942291975021362,0.0006029411764705882,7.371794871794872,1150,,,,,,,
,,,7.371794871794872,1150,0.7102320790290833,0.7003610108303249,470.4921,,,,
0.4736,3.8604633808135986,0.0005294117647058824,7.6923076923076925,1200,,,,,,,
,,,7.6923076923076925,1200,0.6157181262969971,0.7220216606498195,490.3622,,,,
0.4971,2.3390393257141113,0.00045588235294117646,8.012820512820513,1250,,,,,,,
,,,8.012820512820513,1250,0.5461995005607605,0.703971119133574,510.8828,,,,
0.4311,1.5453455448150635,0.00038235294117647055,8.333333333333334,1300,,,,,,,
,,,8.333333333333334,1300,0.6519888639450073,0.703971119133574,531.076,,,,
0.4356,2.9906668663024902,0.0003088235294117647,8.653846153846153,1350,,,,,,,
,,,8.653846153846153,1350,0.5653825402259827,0.7364620938628159,551.2961,,,,
0.3767,2.819910764694214,0.00023529411764705883,8.974358974358974,1400,,,,,,,
,,,8.974358974358974,1400,0.6148543953895569,0.7184115523465704,571.3273,,,,
0.3992,1.9437963962554932,0.00016176470588235295,9.294871794871796,1450,,,,,,,
,,,9.294871794871796,1450,0.6192143559455872,0.7148014440433214,591.5878,,,,
0.3461,3.3247179985046387,8.823529411764706e-05,9.615384615384615,1500,,,,,,,
,,,9.615384615384615,1500,0.6382956504821777,0.7111913357400722,612.149,,,,
0.3983,4.397433280944824,1.4705882352941177e-05,9.935897435897436,1550,,,,,,,
,,,9.935897435897436,1550,0.6255093216896057,0.7184115523465704,632.8611,,,,
,,,10.0,1560,,,635.7862,39.164,2.454,2117691962740800.0,0.6072111859535559
