loss,grad_norm,learning_rate,epoch,step,eval_loss,eval_accuracy,eval_f1,train_runtime,train_samples_per_second,train_steps_per_second,total_flos,train_loss
0.6946,2.3659613132476807,3.5e-06,0.008695652173913044,1,,,,,,,,
0.6736,1.7624784708023071,8.75e-05,0.21739130434782608,25,,,,,,,,
,,,0.21739130434782608,25,0.6302043795585632,0.6838235294117647,0.8122270742358079,10.2937,,,,
0.6361,0.8665972948074341,0.000175,0.43478260869565216,50,,,,,,,,
,,,0.43478260869565216,50,0.6182896494865417,0.6838235294117647,0.8122270742358079,20.2275,,,,
0.5997,1.9923418760299683,0.0002625,0.6521739130434783,75,,,,,,,,
,,,0.6521739130434783,75,0.5327348709106445,0.6985294117647058,0.8110599078341014,30.019,,,,
0.5583,1.4156852960586548,0.00035,0.8695652173913043,100,,,,,,,,
,,,0.8695652173913043,100,0.5295995473861694,0.7794117647058824,0.8562300319488818,40.0621,,,,
0.4755,9.453463554382324,0.0004375,1.0869565217391304,125,,,,,,,,
,,,1.0869565217391304,125,0.6019564867019653,0.8161764705882353,0.8756218905472636,49.5222,,,,
0.4669,1.9580152034759521,0.000525,1.3043478260869565,150,,,,,,,,
,,,1.3043478260869565,150,0.4164465665817261,0.8137254901960784,0.8689655172413793,59.4691,,,,
0.4213,3.3077595233917236,0.0006125,1.5217391304347827,175,,,,,,,,
,,,1.5217391304347827,175,0.310586154460907,0.8725490196078431,0.9047619047619048,69.3717,,,,
0.3893,1.6394658088684082,0.0007,1.7391304347826086,200,,,,,,,,
,,,1.7391304347826086,200,0.29773110151290894,0.8823529411764706,0.9142857142857143,79.1207,,,,
0.4705,2.3407580852508545,0.0006815789473684211,1.9565217391304348,225,,,,,,,,
,,,1.9565217391304348,225,0.3218421936035156,0.8823529411764706,0.9166666666666667,89.0934,,,,
0.3589,1.5085201263427734,0.0006631578947368421,2.1739130434782608,250,,,,,,,,
,,,2.1739130434782608,250,0.3211120069026947,0.8676470588235294,0.901098901098901,98.8939,,,,
0.3166,1.436039686203003,0.0006447368421052632,2.391304347826087,275,,,,,,,,
,,,2.391304347826087,275,0.3090188503265381,0.8602941176470589,0.8950276243093922,108.6772,,,,
0.3028,3.119661331176758,0.0006263157894736842,2.608695652173913,300,,,,,,,,
,,,2.608695652173913,300,0.5048786401748657,0.8602941176470589,0.9051580698835274,118.5097,,,,
0.3562,2.0578951835632324,0.0006078947368421053,2.8260869565217392,325,,,,,,,,
,,,2.8260869565217392,325,0.2809678018093109,0.8872549019607843,0.9187279151943463,128.5271,,,,
0.2658,1.5229876041412354,0.0005894736842105263,3.0434782608695654,350,,,,,,,,
,,,3.0434782608695654,350,0.4374752938747406,0.8627450980392157,0.903448275862069,138.3823,,,,
0.2376,3.9233014583587646,0.0005710526315789473,3.260869565217391,375,,,,,,,,
,,,3.260869565217391,375,0.6729860305786133,0.8529411764705882,0.9000000000000001,148.2835,,,,
0.2216,2.2325210571289062,0.0005526315789473684,3.4782608695652173,400,,,,,,,,
,,,3.4782608695652173,400,0.3528328239917755,0.8946078431372549,0.9257340241796199,158.0533,,,,
0.2565,2.122431755065918,0.0005342105263157895,3.6956521739130435,425,,,,,,,,
,,,3.6956521739130435,425,0.3326505124568939,0.8725490196078431,0.9094076655052264,168.0624,,,,
0.1982,1.1536314487457275,0.0005157894736842105,3.9130434782608696,450,,,,,,,,
,,,3.9130434782608696,450,0.5497913956642151,0.8627450980392157,0.9069767441860465,177.7177,,,,
0.1789,1.092636227607727,0.0004973684210526315,4.130434782608695,475,,,,,,,,
,,,4.130434782608695,475,0.5043533444404602,0.8823529411764706,0.9183673469387754,187.413,,,,
0.1923,2.0450940132141113,0.00047894736842105264,4.3478260869565215,500,,,,,,,,
,,,4.3478260869565215,500,0.42360013723373413,0.8774509803921569,0.9125874125874125,197.1817,,,,
0.1628,2.2271296977996826,0.00046052631578947373,4.565217391304348,525,,,,,,,,
,,,4.565217391304348,525,0.4769546687602997,0.8480392156862745,0.8945578231292517,207.4135,,,,
0.1479,2.747370481491089,0.0004421052631578947,4.782608695652174,550,,,,,,,,
,,,4.782608695652174,550,0.45262205600738525,0.8602941176470589,0.8946395563770795,217.3748,,,,
0.165,2.7082431316375732,0.0004236842105263158,5.0,575,,,,,,,,
,,,5.0,575,0.4596076011657715,0.875,0.911917098445596,227.2274,,,,
0.0852,1.1150257587432861,0.00040526315789473684,5.217391304347826,600,,,,,,,,
,,,5.217391304347826,600,0.5034244656562805,0.8872549019607843,0.9187279151943463,237.0166,,,,
0.0993,2.12471866607666,0.0003868421052631579,5.434782608695652,625,,,,,,,,
,,,5.434782608695652,625,0.4890856146812439,0.8774509803921569,0.9113475177304964,246.5524,,,,
0.0933,3.421297550201416,0.0003684210526315789,5.6521739130434785,650,,,,,,,,
,,,5.6521739130434785,650,0.5024418830871582,0.8725490196078431,0.9109589041095889,256.2968,,,,
0.1257,1.7949460744857788,0.00035,5.869565217391305,675,,,,,,,,
,,,5.869565217391305,675,0.4572000801563263,0.8700980392156863,0.9065255731922399,266.2623,,,,
0.0674,1.2676790952682495,0.00033157894736842103,6.086956521739131,700,,,,,,,,
,,,6.086956521739131,700,0.5817018747329712,0.8774509803921569,0.9125874125874125,276.218,,,,
0.0741,1.6906183958053589,0.0003131578947368421,6.304347826086957,725,,,,,,,,
,,,6.304347826086957,725,0.6057494878768921,0.8676470588235294,0.9045936395759717,286.2281,,,,
0.0775,3.028592348098755,0.00029473684210526316,6.521739130434782,750,,,,,,,,
,,,6.521739130434782,750,0.5363028049468994,0.8529411764705882,0.8920863309352518,296.0795,,,,
0.0607,0.09598299115896225,0.0002763157894736842,6.739130434782608,775,,,,,,,,
,,,6.739130434782608,775,0.5103384852409363,0.8823529411764706,0.9139784946236559,305.9074,,,,
0.0559,0.7265984416007996,0.00025789473684210523,6.956521739130435,800,,,,,,,,
,,,6.956521739130435,800,0.49754562973976135,0.8799019607843137,0.9135802469135803,315.7773,,,,
0.0501,0.2485111653804779,0.00023947368421052632,7.173913043478261,825,,,,,,,,
,,,7.173913043478261,825,0.7350404262542725,0.8700980392156863,0.9103214890016922,325.4723,,,,
0.0554,0.9030150175094604,0.00022105263157894735,7.391304347826087,850,,,,,,,,
,,,7.391304347826087,850,0.6552885174751282,0.8725490196078431,0.9109589041095889,335.2979,,,,
0.03,0.032384660094976425,0.00020263157894736842,7.608695652173913,875,,,,,,,,
,,,7.608695652173913,875,0.6364233493804932,0.8676470588235294,0.9059233449477352,345.2408,,,,
0.0488,2.6856114864349365,0.00018421052631578945,7.826086956521739,900,,,,,,,,
,,,7.826086956521739,900,0.6266637444496155,0.8700980392156863,0.905861456483126,355.0852,,,,
0.0044,0.026243150234222412,0.00016578947368421052,8.043478260869565,925,,,,,,,,
,,,8.043478260869565,925,0.7087551951408386,0.8725490196078431,0.907473309608541,364.8494,,,,
0.0109,2.7696621417999268,0.00014736842105263158,8.26086956521739,950,,,,,,,,
,,,8.26086956521739,950,0.7917870879173279,0.8774509803921569,0.9137931034482758,374.7895,,,,
0.0126,0.14386878907680511,0.00012894736842105261,8.478260869565217,975,,,,,,,,
,,,8.478260869565217,975,0.7696655988693237,0.8700980392156863,0.9068541300527241,384.8134,,,,
0.0393,0.08599598705768585,0.00011052631578947368,8.695652173913043,1000,,,,,,,,
,,,8.695652173913043,1000,0.7486158013343811,0.8700980392156863,0.9071803852889667,394.7407,,,,
0.0231,0.30389800667762756,9.210526315789473e-05,8.91304347826087,1025,,,,,,,,
,,,8.91304347826087,1025,0.7260299921035767,0.875,0.9116117850953207,404.8211,,,,
0.0324,0.030249884352087975,7.368421052631579e-05,9.130434782608695,1050,,,,,,,,
,,,9.130434782608695,1050,0.6858820915222168,0.8774509803921569,0.9125874125874125,414.598,,,,
0.0231,1.0579540729522705,5.526315789473684e-05,9.347826086956522,1075,,,,,,,,
,,,9.347826086956522,1075,0.6713743209838867,0.8774509803921569,0.9125874125874125,424.446,,,,
0.0132,0.1295475959777832,3.6842105263157895e-05,9.565217391304348,1100,,,,,,,,
,,,9.565217391304348,1100,0.6596612334251404,0.8700980392156863,0.9068541300527241,434.3546,,,,
0.0173,0.03150494396686554,1.8421052631578947e-05,9.782608695652174,1125,,,,,,,,
,,,9.782608695652174,1125,0.6666079759597778,0.8799019607843137,0.9147826086956522,443.9544,,,,
0.0068,1.4726508855819702,0.0,10.0,1150,,,,,,,,
,,,10.0,1150,0.6734997630119324,0.8799019607843137,0.9147826086956522,454.1527,,,,
,,,10.0,1150,,,,453.7638,80.835,2.534,1561228931668608.0,0.1991194415351619
