loss,grad_norm,learning_rate,epoch,step,eval_loss,eval_accuracy,train_runtime,train_samples_per_second,train_steps_per_second,total_flos,train_loss
1.9203,1.6982041597366333,2.5e-06,0.00641025641025641,1,,,,,,,
1.8719,0.9230483770370483,0.000125,0.32051282051282054,50,,,,,,,
,,,0.32051282051282054,50,1.7526792287826538,0.5270758122743683,19.7739,,,,
1.494,2.498216152191162,0.00025,0.6410256410256411,100,,,,,,,
,,,0.6410256410256411,100,1.0848407745361328,0.5487364620938628,41.2828,,,,
0.7983,1.7608610391616821,0.000375,0.9615384615384616,150,,,,,,,
,,,0.9615384615384616,150,0.7099518775939941,0.4729241877256318,62.3205,,,,
0.7083,3.2282004356384277,0.0005,1.282051282051282,200,,,,,,,
,,,1.282051282051282,200,0.6953070163726807,0.5812274368231047,82.8082,,,,
0.7043,1.0300545692443848,0.00048161764705882356,1.6025641025641026,250,,,,,,,
,,,1.6025641025641026,250,0.7019700407981873,0.4729241877256318,102.9065,,,,
0.7041,2.0150599479675293,0.0004632352941176471,1.9230769230769231,300,,,,,,,
,,,1.9230769230769231,300,0.6927601099014282,0.592057761732852,123.2874,,,,
0.7036,1.2152581214904785,0.00044485294117647056,2.2435897435897436,350,,,,,,,
,,,2.2435897435897436,350,0.693733811378479,0.5379061371841155,143.162,,,,
0.7101,1.7839730978012085,0.0004264705882352941,2.564102564102564,400,,,,,,,
,,,2.564102564102564,400,0.693805992603302,0.5451263537906137,163.5408,,,,
0.702,1.4730998277664185,0.00040808823529411766,2.8846153846153846,450,,,,,,,
,,,2.8846153846153846,450,0.6992645859718323,0.5270758122743683,184.1279,,,,
0.695,1.0240064859390259,0.0003897058823529412,3.2051282051282053,500,,,,,,,
,,,3.2051282051282053,500,0.6842672228813171,0.5884476534296029,204.4593,,,,
0.6956,1.1644947528839111,0.0003713235294117647,3.5256410256410255,550,,,,,,,
,,,3.5256410256410255,550,0.6852903366088867,0.5631768953068592,224.5934,,,,
0.695,1.6381478309631348,0.00035294117647058826,3.8461538461538463,600,,,,,,,
,,,3.8461538461538463,600,0.6814256906509399,0.6028880866425993,244.7717,,,,
0.6754,0.8040711879730225,0.00033455882352941176,4.166666666666667,650,,,,,,,
,,,4.166666666666667,650,0.672652542591095,0.5992779783393501,265.6007,,,,
0.6825,1.7413315773010254,0.0003161764705882353,4.487179487179487,700,,,,,,,
,,,4.487179487179487,700,0.6687020063400269,0.6028880866425993,285.8366,,,,
0.6624,2.5689406394958496,0.0002977941176470588,4.8076923076923075,750,,,,,,,
,,,4.8076923076923075,750,0.6647259593009949,0.6064981949458483,305.9922,,,,
0.654,0.6028433442115784,0.00027941176470588236,5.128205128205128,800,,,,,,,
,,,5.128205128205128,800,0.6481877565383911,0.631768953068592,326.3157,,,,
0.6531,1.4199740886688232,0.0002610294117647059,5.448717948717949,850,,,,,,,
,,,5.448717948717949,850,0.640468418598175,0.6389891696750902,347.1138,,,,
0.6141,3.3915672302246094,0.0002426470588235294,5.769230769230769,900,,,,,,,
,,,5.769230769230769,900,0.6418277025222778,0.6353790613718412,367.5346,,,,
0.6707,1.2890193462371826,0.00022426470588235296,6.089743589743589,950,,,,,,,
,,,6.089743589743589,950,0.6335959434509277,0.6209386281588448,387.6513,,,,
0.6167,2.8993563652038574,0.00020588235294117645,6.410256410256411,1000,,,,,,,
,,,6.410256410256411,1000,0.6287556886672974,0.6823104693140795,408.0723,,,,
0.6062,1.0433151721954346,0.0001875,6.730769230769231,1050,,,,,,,
,,,6.730769230769231,1050,0.6248993873596191,0.6389891696750902,428.7372,,,,
0.6057,3.1737773418426514,0.00016911764705882356,7.051282051282051,1100,,,,,,,
,,,7.051282051282051,1100,0.6192140579223633,0.6209386281588448,449.5399,,,,
0.5873,1.2041494846343994,0.00015073529411764705,7.371794871794872,1150,,,,,,,
,,,7.371794871794872,1150,0.6120762825012207,0.6425992779783394,470.5119,,,,
0.5833,1.279272198677063,0.0001323529411764706,7.6923076923076925,1200,,,,,,,
,,,7.6923076923076925,1200,0.6099770665168762,0.6678700361010831,490.3545,,,,
0.6018,3.127194404602051,0.00011397058823529411,8.012820512820513,1250,,,,,,,
,,,8.012820512820513,1250,0.6280016303062439,0.6606498194945848,510.8505,,,,
0.573,1.4342358112335205,9.558823529411764e-05,8.333333333333334,1300,,,,,,,
,,,8.333333333333334,1300,0.6110519170761108,0.6678700361010831,530.9701,,,,
0.5861,1.438829779624939,7.720588235294118e-05,8.653846153846153,1350,,,,,,,
,,,8.653846153846153,1350,0.6035711765289307,0.6642599277978339,551.1357,,,,
0.5641,3.3682234287261963,5.882352941176471e-05,8.974358974358974,1400,,,,,,,
,,,8.974358974358974,1400,0.6036591529846191,0.6642599277978339,571.2402,,,,
0.5782,2.097978353500366,4.044117647058824e-05,9.294871794871796,1450,,,,,,,
,,,9.294871794871796,1450,0.6133477091789246,0.6570397111913358,591.3356,,,,
0.5483,2.197925567626953,2.2058823529411766e-05,9.615384615384615,1500,,,,,,,
,,,9.615384615384615,1500,0.6060513854026794,0.6642599277978339,611.9614,,,,
0.5575,1.8905198574066162,3.6764705882352942e-06,9.935897435897436,1550,,,,,,,
,,,9.935897435897436,1550,0.6068102121353149,0.6678700361010831,632.5248,,,,
,,,10.0,1560,,,635.5126,39.181,2.455,2117691962740800.0,0.7120128501684237
