loss,grad_norm,learning_rate,epoch,step,eval_loss,eval_accuracy,train_runtime,train_samples_per_second,train_steps_per_second,total_flos,train_loss
0.737,1.8590028285980225,0.0001,0.00641025641025641,1,,,,,,,
0.7447,3.900765895843506,0.0025,0.16025641025641027,25,,,,,,,
,,,0.16025641025641027,25,0.7621489763259888,0.4729241877256318,10.5431,,,,
0.7572,3.3938326835632324,0.005,0.32051282051282054,50,,,,,,,
,,,0.32051282051282054,50,0.6966239809989929,0.5270758122743683,20.6167,,,,
0.8106,1.914944052696228,0.0075,0.4807692307692308,75,,,,,,,
,,,0.4807692307692308,75,0.7836959958076477,0.5270758122743683,31.8541,,,,
0.9641,5.485412120819092,0.01,0.6410256410256411,100,,,,,,,
,,,0.6410256410256411,100,1.0511375665664673,0.4729241877256318,42.1817,,,,
1.086,7.330436706542969,0.0125,0.8012820512820513,125,,,,,,,
,,,0.8012820512820513,125,0.6961752772331238,0.4693140794223827,53.2566,,,,
0.8857,2.566835880279541,0.015,0.9615384615384616,150,,,,,,,
,,,0.9615384615384616,150,0.7103858590126038,0.5126353790613718,63.6052,,,,
1.1324,12.95907974243164,0.0175,1.1217948717948718,175,,,,,,,
,,,1.1217948717948718,175,3.329237699508667,0.4729241877256318,74.3207,,,,
1.9096,3.5258989334106445,0.02,1.282051282051282,200,,,,,,,
,,,1.282051282051282,200,1.351731777191162,0.4729241877256318,85.0129,,,,
1.5775,5.038269996643066,0.01963235294117647,1.4423076923076923,225,,,,,,,
,,,1.4423076923076923,225,0.7262653708457947,0.5090252707581228,95.397,,,,
1.6426,7.015868186950684,0.01926470588235294,1.6025641025641026,250,,,,,,,
,,,1.6025641025641026,250,0.8063854575157166,0.4729241877256318,106.0727,,,,
1.4042,11.48360538482666,0.018897058823529413,1.7628205128205128,275,,,,,,,
,,,1.7628205128205128,275,2.6964118480682373,0.5270758122743683,116.3055,,,,
1.6489,6.424691200256348,0.018529411764705885,1.9230769230769231,300,,,,,,,
,,,1.9230769230769231,300,0.7541020512580872,0.4729241877256318,127.0791,,,,
1.458,11.19143295288086,0.018161764705882353,2.0833333333333335,325,,,,,,,
,,,2.0833333333333335,325,2.0393097400665283,0.5270758122743683,137.2854,,,,
1.4204,3.433925151824951,0.01779411764705882,2.2435897435897436,350,,,,,,,
,,,2.2435897435897436,350,0.7602554559707642,0.51985559566787,147.6384,,,,
1.152,10.788736343383789,0.017426470588235293,2.4038461538461537,375,,,,,,,
,,,2.4038461538461537,375,0.8914297819137573,0.5379061371841155,158.1302,,,,
0.9409,5.61187219619751,0.017058823529411765,2.564102564102564,400,,,,,,,
,,,2.564102564102564,400,0.9584205150604248,0.5848375451263538,168.6576,,,,
1.5524,12.801708221435547,0.016691176470588237,2.7243589743589745,425,,,,,,,
,,,2.7243589743589745,425,1.1705048084259033,0.4729241877256318,179.2316,,,,
2.4641,10.02094841003418,0.016323529411764705,2.8846153846153846,450,,,,,,,
,,,2.8846153846153846,450,1.3550931215286255,0.5270758122743683,189.9085,,,,
1.7007,6.720047473907471,0.015955882352941177,3.0448717948717947,475,,,,,,,
,,,3.0448717948717947,475,0.7028873562812805,0.5126353790613718,200.3584,,,,
1.2249,11.161925315856934,0.015588235294117648,3.2051282051282053,500,,,,,,,
,,,3.2051282051282053,500,0.811262309551239,0.5126353790613718,211.0362,,,,
1.216,7.876612663269043,0.015220588235294118,3.3653846153846154,525,,,,,,,
,,,3.3653846153846154,525,1.9039301872253418,0.4729241877256318,221.989,,,,
1.2266,5.3162641525268555,0.01485294117647059,3.5256410256410255,550,,,,,,,
,,,3.5256410256410255,550,1.1044859886169434,0.5270758122743683,232.038,,,,
1.0598,8.738460540771484,0.014485294117647058,3.685897435897436,575,,,,,,,
,,,3.685897435897436,575,0.7116265296936035,0.5451263537906137,242.2211,,,,
1.1071,11.518875122070312,0.01411764705882353,3.8461538461538463,600,,,,,,,
,,,3.8461538461538463,600,1.2181341648101807,0.5270758122743683,253.0754,,,,
1.1332,3.2142233848571777,0.01375,4.006410256410256,625,,,,,,,
,,,4.006410256410256,625,0.8565000891685486,0.5884476534296029,263.7978,,,,
0.8542,8.202858924865723,0.01338235294117647,4.166666666666667,650,,,,,,,
,,,4.166666666666667,650,0.8423412442207336,0.5667870036101083,274.5367,,,,
0.9315,9.180853843688965,0.013014705882352942,4.326923076923077,675,,,,,,,
,,,4.326923076923077,675,0.7884214520454407,0.5054151624548736,284.6688,,,,
1.021,3.644252061843872,0.012647058823529412,4.487179487179487,700,,,,,,,
,,,4.487179487179487,700,0.6732652187347412,0.5956678700361011,295.4532,,,,
1.41,9.016154289245605,0.012279411764705884,4.647435897435898,725,,,,,,,
,,,4.647435897435898,725,2.0615463256835938,0.5270758122743683,305.7391,,,,
1.1092,2.1193151473999023,0.011911764705882353,4.8076923076923075,750,,,,,,,
,,,4.8076923076923075,750,0.8949268460273743,0.4981949458483754,316.2615,,,,
1.1708,17.909177780151367,0.011544117647058823,4.967948717948718,775,,,,,,,
,,,4.967948717948718,775,1.878516674041748,0.5451263537906137,326.6817,,,,
1.697,2.166019916534424,0.011176470588235295,5.128205128205128,800,,,,,,,
,,,5.128205128205128,800,1.530357003211975,0.48014440433212996,337.3356,,,,
1.0088,9.145706176757812,0.010808823529411765,5.288461538461538,825,,,,,,,
,,,5.288461538461538,825,1.6635605096817017,0.5270758122743683,347.9145,,,,
1.433,5.485523700714111,0.010441176470588237,5.448717948717949,850,,,,,,,
,,,5.448717948717949,850,0.7433851957321167,0.516245487364621,358.8913,,,,
1.1001,8.212336540222168,0.010073529411764705,5.608974358974359,875,,,,,,,
,,,5.608974358974359,875,2.6653811931610107,0.48014440433212996,369.6709,,,,
1.641,6.619516372680664,0.009705882352941177,5.769230769230769,900,,,,,,,
,,,5.769230769230769,900,1.9752569198608398,0.5523465703971119,379.9958,,,,
1.2462,13.059621810913086,0.009338235294117647,5.92948717948718,925,,,,,,,
,,,5.92948717948718,925,2.198413610458374,0.4729241877256318,390.3501,,,,
1.1197,15.597418785095215,0.008970588235294117,6.089743589743589,950,,,,,,,
,,,6.089743589743589,950,1.0539408922195435,0.516245487364621,400.8268,,,,
0.9675,12.986837387084961,0.00860294117647059,6.25,975,,,,,,,
,,,6.25,975,1.9755051136016846,0.5270758122743683,411.5516,,,,
0.8894,10.201491355895996,0.00823529411764706,6.410256410256411,1000,,,,,,,
,,,6.410256410256411,1000,0.8017808198928833,0.6064981949458483,421.8761,,,,
0.8284,1.9029629230499268,0.00786764705882353,6.57051282051282,1025,,,,,,,
,,,6.57051282051282,1025,1.65081787109375,0.5703971119133574,432.6155,,,,
1.1236,1.7962177991867065,0.0075,6.730769230769231,1050,,,,,,,
,,,6.730769230769231,1050,0.7289189696311951,0.6173285198555957,443.2102,,,,
0.8482,2.939966917037964,0.007132352941176471,6.891025641025641,1075,,,,,,,
,,,6.891025641025641,1075,0.8606654405593872,0.6101083032490975,454.3642,,,,
1.0699,3.3436074256896973,0.006764705882352942,7.051282051282051,1100,,,,,,,
,,,7.051282051282051,1100,1.1427448987960815,0.5667870036101083,464.7411,,,,
0.6454,2.9264047145843506,0.006397058823529411,7.211538461538462,1125,,,,,,,
,,,7.211538461538462,1125,0.9765382409095764,0.5992779783393501,475.0402,,,,
0.8862,1.4470540285110474,0.006029411764705882,7.371794871794872,1150,,,,,,,
,,,7.371794871794872,1150,1.802815318107605,0.5740072202166066,486.3152,,,,
0.9355,6.214690208435059,0.005661764705882353,7.532051282051282,1175,,,,,,,
,,,7.532051282051282,1175,0.9903461933135986,0.6245487364620939,496.5546,,,,
0.7776,7.359338760375977,0.005294117647058823,7.6923076923076925,1200,,,,,,,
,,,7.6923076923076925,1200,0.9468147158622742,0.631768953068592,506.9366,,,,
0.776,9.648383140563965,0.004926470588235294,7.852564102564102,1225,,,,,,,
,,,7.852564102564102,1225,1.1958750486373901,0.6064981949458483,517.6276,,,,
0.8525,1.506343960762024,0.0045588235294117645,8.012820512820513,1250,,,,,,,
,,,8.012820512820513,1250,0.8481379747390747,0.6173285198555957,528.1618,,,,
0.7751,6.6469502449035645,0.0041911764705882355,8.173076923076923,1275,,,,,,,
,,,8.173076923076923,1275,1.0626825094223022,0.6353790613718412,538.7723,,,,
0.7313,8.90195083618164,0.0038235294117647057,8.333333333333334,1300,,,,,,,
,,,8.333333333333334,1300,0.8601085543632507,0.631768953068592,549.0512,,,,
0.5482,1.3689295053482056,0.0034558823529411767,8.493589743589745,1325,,,,,,,
,,,8.493589743589745,1325,0.8630998134613037,0.6462093862815884,559.9864,,,,
0.6125,10.107341766357422,0.0030882352941176473,8.653846153846153,1350,,,,,,,
,,,8.653846153846153,1350,0.9316965937614441,0.6245487364620939,570.1463,,,,
0.5846,2.155845880508423,0.0027205882352941174,8.814102564102564,1375,,,,,,,
,,,8.814102564102564,1375,0.881385862827301,0.6462093862815884,580.6023,,,,
0.5494,1.9754406213760376,0.0023529411764705885,8.974358974358974,1400,,,,,,,
,,,8.974358974358974,1400,0.8416474461555481,0.6425992779783394,590.9664,,,,
0.5567,1.9546902179718018,0.0019852941176470586,9.134615384615385,1425,,,,,,,
,,,9.134615384615385,1425,1.029821753501892,0.6353790613718412,601.301,,,,
0.4986,2.678081512451172,0.0016176470588235294,9.294871794871796,1450,,,,,,,
,,,9.294871794871796,1450,0.8579372763633728,0.6425992779783394,611.8707,,,,
0.4563,1.309044599533081,0.00125,9.455128205128204,1475,,,,,,,
,,,9.455128205128204,1475,0.9813054203987122,0.6425992779783394,622.1147,,,,
0.4419,1.58841872215271,0.0008823529411764706,9.615384615384615,1500,,,,,,,
,,,9.615384615384615,1500,0.9906001687049866,0.6389891696750902,633.0531,,,,
0.4678,3.3816118240356445,0.0005147058823529412,9.775641025641026,1525,,,,,,,
,,,9.775641025641026,1525,0.9321867227554321,0.6389891696750902,643.9418,,,,
0.4944,2.988884449005127,0.00014705882352941178,9.935897435897436,1550,,,,,,,
,,,9.935897435897436,1550,0.8734216690063477,0.6425992779783394,654.4023,,,,
,,,10.0,1560,,,657.0473,37.897,2.374,2107327448341440.0,1.0489695706046545
