loss,grad_norm,learning_rate,epoch,step,eval_loss,eval_accuracy,eval_f1,train_runtime,train_samples_per_second,train_steps_per_second,total_flos,train_loss
1.1838,4.2849531173706055,1e-05,0.0625,1,,,,,,,,
1.1014,3.52642822265625,0.0001,0.625,10,,,,,,,,
,,,0.625,10,1.0555042028427124,0.4107142857142857,0.1940928270042194,4.8335,,,,
0.9666,3.2496109008789062,0.0002,1.25,20,,,,,,,,
,,,1.25,20,0.9416380524635315,0.4107142857142857,0.1940928270042194,9.3305,,,,
0.8887,2.2705209255218506,0.0003,1.875,30,,,,,,,,
,,,1.875,30,0.9024315476417542,0.5,0.24617886178861784,13.7072,,,,
0.9543,1.2135077714920044,0.0004,2.5,40,,,,,,,,
,,,2.5,40,0.8893411755561829,0.6428571428571429,0.4250614250614251,18.004,,,,
0.8163,2.3232481479644775,0.0005,3.125,50,,,,,,,,
,,,3.125,50,0.8580751419067383,0.6964285714285714,0.4872514619883041,22.3722,,,,
0.8495,1.5379509925842285,0.00048148148148148144,3.75,60,,,,,,,,
,,,3.75,60,0.7840886116027832,0.7142857142857143,0.49976359338061477,26.8747,,,,
0.7184,2.806087017059326,0.000462962962962963,4.375,70,,,,,,,,
,,,4.375,70,0.7290070652961731,0.6785714285714286,0.47391812865497074,31.064,,,,
0.6969,3.321394920349121,0.0004444444444444444,5.0,80,,,,,,,,
,,,5.0,80,0.72055584192276,0.6785714285714286,0.47478301665493783,35.437,,,,
0.5828,1.5553064346313477,0.00042592592592592595,5.625,90,,,,,,,,
,,,5.625,90,0.669339656829834,0.7142857142857143,0.49976359338061477,40.2017,,,,
0.5757,2.2985968589782715,0.0004074074074074074,6.25,100,,,,,,,,
,,,6.25,100,0.6199318766593933,0.7321428571428571,0.5115440115440115,44.4294,,,,
0.4369,1.2612605094909668,0.0003888888888888889,6.875,110,,,,,,,,
,,,6.875,110,0.5478355884552002,0.7678571428571429,0.5376647834274952,48.76,,,,
0.3542,1.7945184707641602,0.00037037037037037035,7.5,120,,,,,,,,
,,,7.5,120,0.45760735869407654,0.8035714285714286,0.5613912231559289,52.7385,,,,
0.3011,2.062361001968384,0.0003518518518518519,8.125,130,,,,,,,,
,,,8.125,130,0.523446798324585,0.7857142857142857,0.5480140774258421,57.2761,,,,
0.1631,0.971831738948822,0.0003333333333333333,8.75,140,,,,,,,,
,,,8.75,140,0.3576117157936096,0.8392857142857143,0.7620085071065463,62.1091,,,,
0.1757,1.1452176570892334,0.0003148148148148148,9.375,150,,,,,,,,
,,,9.375,150,0.30826812982559204,0.8571428571428571,0.5993408662900189,66.4654,,,,
0.0917,0.29256150126457214,0.0002962962962962963,10.0,160,,,,,,,,
,,,10.0,160,0.33788007497787476,0.8571428571428571,0.5993408662900189,70.7942,,,,
0.0416,0.647739589214325,0.0002777777777777778,10.625,170,,,,,,,,
,,,10.625,170,0.37573370337486267,0.8571428571428571,0.5993408662900189,75.5384,,,,
0.1171,1.4749133586883545,0.00025925925925925926,11.25,180,,,,,,,,
,,,11.25,180,0.33310890197753906,0.8928571428571429,0.8133751306165099,79.8124,,,,
0.0508,0.009807726368308067,0.00024074074074074072,11.875,190,,,,,,,,
,,,11.875,190,0.24001248180866241,0.9107142857142857,0.8128777556510499,84.5411,,,,
0.035,0.22147983312606812,0.0002222222222222222,12.5,200,,,,,,,,
,,,12.5,200,0.2264389991760254,0.9107142857142857,0.8650793650793651,88.7663,,,,
0.0143,0.07342536747455597,0.0002037037037037037,13.125,210,,,,,,,,
,,,13.125,210,0.18185918033123016,0.9285714285714286,0.877846211272863,93.0206,,,,
0.0315,0.6477919816970825,0.00018518518518518518,13.75,220,,,,,,,,
,,,13.75,220,0.1830945461988449,0.9285714285714286,0.877846211272863,97.829,,,,
0.0157,0.043404899537563324,0.00016666666666666666,14.375,230,,,,,,,,
,,,14.375,230,0.2219853401184082,0.9107142857142857,0.8128777556510499,102.4488,,,,
0.0225,0.4958607852458954,0.00014814814814814815,15.0,240,,,,,,,,
,,,15.0,240,0.17774687707424164,0.9285714285714286,0.877846211272863,106.6472,,,,
0.0088,0.07950884103775024,0.00012962962962962963,15.625,250,,,,,,,,
,,,15.625,250,0.1666984111070633,0.9464285714285714,0.9297816053135203,111.0709,,,,
0.0092,0.8144689798355103,0.0001111111111111111,16.25,260,,,,,,,,
,,,16.25,260,0.16103008389472961,0.9464285714285714,0.9297816053135203,115.5881,,,,
0.0111,0.08639087527990341,9.259259259259259e-05,16.875,270,,,,,,,,
,,,16.875,270,0.17878736555576324,0.9285714285714286,0.877846211272863,120.044,,,,
0.0157,0.03494320437312126,7.407407407407407e-05,17.5,280,,,,,,,,
,,,17.5,280,0.18246512115001678,0.9285714285714286,0.877846211272863,124.723,,,,
0.009,0.7643990516662598,5.555555555555555e-05,18.125,290,,,,,,,,
,,,18.125,290,0.17380404472351074,0.9285714285714286,0.877846211272863,129.0197,,,,
0.0097,0.08361861109733582,3.7037037037037037e-05,18.75,300,,,,,,,,
,,,18.75,300,0.18026471138000488,0.9285714285714286,0.877846211272863,133.7447,,,,
0.0116,0.29658806324005127,1.8518518518518518e-05,19.375,310,,,,,,,,
,,,19.375,310,0.178192138671875,0.9285714285714286,0.877846211272863,137.7577,,,,
0.0073,0.08819927275180817,0.0,20.0,320,,,,,,,,
,,,20.0,320,0.17735354602336884,0.9285714285714286,0.877846211272863,142.2974,,,,
,,,20.0,320,,,,141.785,35.265,2.257,474551269876800.0,0.31538522231858224
