loss,grad_norm,learning_rate,epoch,step,eval_loss,eval_accuracy,eval_f1,train_runtime,train_samples_per_second,train_steps_per_second,total_flos,train_loss
1.0935,3.448720693588257,1.99375e-05,0.0625,1,,,,,,,,
1.0345,3.488999128341675,1.9375e-05,0.625,10,,,,,,,,
,,,0.625,10,0.9835526347160339,0.5,0.2222222222222222,6.0644,,,,
0.9113,3.927971124649048,1.8750000000000002e-05,1.25,20,,,,,,,,
,,,1.25,20,0.8417881727218628,0.6785714285714286,0.47478301665493783,11.7615,,,,
0.7247,4.956430435180664,1.8125e-05,1.875,30,,,,,,,,
,,,1.875,30,0.7773866653442383,0.6785714285714286,0.47391812865497074,17.3122,,,,
0.6382,6.272975444793701,1.7500000000000002e-05,2.5,40,,,,,,,,
,,,2.5,40,0.7403849363327026,0.6964285714285714,0.4872881355932203,22.7678,,,,
0.5289,9.076302528381348,1.6875e-05,3.125,50,,,,,,,,
,,,3.125,50,0.5937818884849548,0.7678571428571429,0.5358974358974359,28.3376,,,,
0.4028,25.92059326171875,1.6250000000000002e-05,3.75,60,,,,,,,,
,,,3.75,60,0.5765514969825745,0.7678571428571429,0.5343992248062016,34.0061,,,,
0.288,14.473703384399414,1.5625e-05,4.375,70,,,,,,,,
,,,4.375,70,0.3642098307609558,0.8214285714285714,0.6771130104463438,39.3408,,,,
0.1373,1.4027031660079956,1.5000000000000002e-05,5.0,80,,,,,,,,
,,,5.0,80,0.35117438435554504,0.8392857142857143,0.6885843651079858,44.8517,,,,
0.0996,1.7610505819320679,1.4375e-05,5.625,90,,,,,,,,
,,,5.625,90,0.5339335799217224,0.8035714285714286,0.5584415584415585,50.8306,,,,
0.1107,2.598518133163452,1.375e-05,6.25,100,,,,,,,,
,,,6.25,100,0.5456925630569458,0.8392857142857143,0.8077358955407735,56.218,,,,
0.0455,0.25402846932411194,1.3125e-05,6.875,110,,,,,,,,
,,,6.875,110,0.31129175424575806,0.9285714285714286,0.8947530864197532,61.6597,,,,
0.0226,0.959163248538971,1.25e-05,7.5,120,,,,,,,,
,,,7.5,120,0.29307255148887634,0.8928571428571429,0.8495481127060073,66.7297,,,,
0.0131,0.3770167827606201,1.1875e-05,8.125,130,,,,,,,,
,,,8.125,130,0.41561928391456604,0.8928571428571429,0.8626194067370538,72.4867,,,,
0.0076,0.20875532925128937,1.125e-05,8.75,140,,,,,,,,
,,,8.75,140,0.43893903493881226,0.875,0.8479437579521685,78.5942,,,,
0.0042,0.08963780850172043,1.0625e-05,9.375,150,,,,,,,,
,,,9.375,150,0.43425893783569336,0.8928571428571429,0.8624708624708624,84.1397,,,,
0.003,0.04048421233892441,1e-05,10.0,160,,,,,,,,
,,,10.0,160,0.3957631587982178,0.8928571428571429,0.862644874950043,89.6629,,,,
0.0023,0.0470016784965992,9.375000000000001e-06,10.625,170,,,,,,,,
,,,10.625,170,0.36632999777793884,0.9107142857142857,0.8761593016912165,95.6568,,,,
0.0024,0.03500092402100563,8.750000000000001e-06,11.25,180,,,,,,,,
,,,11.25,180,0.34281596541404724,0.9107142857142857,0.8761593016912165,101.1011,,,,
0.0019,0.04487867280840874,8.125000000000001e-06,11.875,190,,,,,,,,
,,,11.875,190,0.3398451805114746,0.9107142857142857,0.8761593016912165,107.0857,,,,
0.0017,0.024248899891972542,7.500000000000001e-06,12.5,200,,,,,,,,
,,,12.5,200,0.3450922966003418,0.9107142857142857,0.8761593016912165,112.4554,,,,
0.0017,0.027486037462949753,6.875e-06,13.125,210,,,,,,,,
,,,13.125,210,0.35555270314216614,0.8928571428571429,0.862644874950043,117.9068,,,,
0.0017,0.03940927982330322,6.25e-06,13.75,220,,,,,,,,
,,,13.75,220,0.36219483613967896,0.8928571428571429,0.862644874950043,123.9541,,,,
0.0015,0.0321929007768631,5.625e-06,14.375,230,,,,,,,,
,,,14.375,230,0.368783175945282,0.8928571428571429,0.862644874950043,129.85,,,,
0.0015,0.03531886264681816,5e-06,15.0,240,,,,,,,,
,,,15.0,240,0.37222054600715637,0.9107142857142857,0.8761633428300094,135.2006,,,,
0.0014,0.01840697042644024,4.3750000000000005e-06,15.625,250,,,,,,,,
,,,15.625,250,0.3669221103191376,0.9107142857142857,0.8761633428300094,140.7704,,,,
0.0014,0.10528551042079926,3.7500000000000005e-06,16.25,260,,,,,,,,
,,,16.25,260,0.3626353442668915,0.8928571428571429,0.862644874950043,146.5503,,,,
0.0013,0.050823237746953964,3.125e-06,16.875,270,,,,,,,,
,,,16.875,270,0.35640695691108704,0.8928571428571429,0.862644874950043,152.2219,,,,
0.0014,0.017752138897776604,2.5e-06,17.5,280,,,,,,,,
,,,17.5,280,0.3575696647167206,0.8928571428571429,0.862644874950043,158.1387,,,,
0.0012,0.018486255779862404,1.8750000000000003e-06,18.125,290,,,,,,,,
,,,18.125,290,0.3589830994606018,0.9107142857142857,0.8761633428300094,163.6139,,,,
0.0013,0.023644326254725456,1.25e-06,18.75,300,,,,,,,,
,,,18.75,300,0.3595813810825348,0.9107142857142857,0.8761633428300094,169.5888,,,,
0.0012,0.027731090784072876,6.25e-07,19.375,310,,,,,,,,
,,,19.375,310,0.36055541038513184,0.9107142857142857,0.8761633428300094,174.714,,,,
0.0013,0.022353844717144966,0.0,20.0,320,,,,,,,,
,,,20.0,320,0.36093375086784363,0.9107142857142857,0.8761633428300094,180.4517,,,,
,,,20.0,320,,,,179.8705,27.798,1.779,446840583950880.0,0.15635068580158987
