loss,grad_norm,learning_rate,epoch,step,eval_loss,eval_accuracy,eval_f1,train_runtime,train_samples_per_second,train_steps_per_second,total_flos,train_loss
1.8936,1.2858023643493652,1e-05,0.004347826086956522,1,,,,,,,,
1.8297,2.5825209617614746,0.00025,0.10869565217391304,25,,,,,,,,
,,,0.10869565217391304,25,1.6870019435882568,0.6838235294117647,0.8122270742358079,6.9941,,,,
1.5138,2.1129515171051025,0.0005,0.21739130434782608,50,,,,,,,,
,,,0.21739130434782608,50,1.0760902166366577,0.6838235294117647,0.8122270742358079,13.7676,,,,
0.8755,1.5412750244140625,0.00075,0.32608695652173914,75,,,,,,,,
,,,0.32608695652173914,75,0.6712238192558289,0.6838235294117647,0.8122270742358079,20.4956,,,,
0.7019,1.9190144538879395,0.001,0.43478260869565216,100,,,,,,,,
,,,0.43478260869565216,100,0.6371539235115051,0.6838235294117647,0.8122270742358079,27.3243,,,,
0.6227,1.4652365446090698,0.00125,0.5434782608695652,125,,,,,,,,
,,,0.5434782608695652,125,0.61466383934021,0.6838235294117647,0.8122270742358079,33.955,,,,
0.6445,1.6602119207382202,0.0015,0.6521739130434783,150,,,,,,,,
,,,0.6521739130434783,150,0.6067141890525818,0.696078431372549,0.8165680473372782,40.7231,,,,
0.6539,1.2882205247879028,0.00175,0.7608695652173914,175,,,,,,,,
,,,0.7608695652173914,175,0.5898483395576477,0.6985294117647058,0.8183161004431315,47.5643,,,,
0.6286,1.9951543807983398,0.002,0.8695652173913043,200,,,,,,,,
,,,0.8695652173913043,200,0.5824302434921265,0.6985294117647058,0.8172362555720655,54.4895,,,,
0.6379,1.6266238689422607,0.0019761904761904764,0.9782608695652174,225,,,,,,,,
,,,0.9782608695652174,225,0.608883261680603,0.75,0.8131868131868132,61.1431,,,,
0.584,0.696061909198761,0.0019523809523809524,1.0869565217391304,250,,,,,,,,
,,,1.0869565217391304,250,0.556921660900116,0.7671568627450981,0.8359240069084628,67.8743,,,,
0.5844,1.8149094581604004,0.0019285714285714286,1.1956521739130435,275,,,,,,,,
,,,1.1956521739130435,275,0.5053139328956604,0.7426470588235294,0.8319999999999999,74.5231,,,,
0.607,2.9692983627319336,0.0019047619047619048,1.3043478260869565,300,,,,,,,,
,,,1.3043478260869565,300,0.5268942713737488,0.7769607843137255,0.8480801335559265,81.4374,,,,
0.5722,2.1335232257843018,0.001880952380952381,1.4130434782608696,325,,,,,,,,
,,,1.4130434782608696,325,0.5808649063110352,0.7377450980392157,0.7872763419483102,88.0919,,,,
0.5164,1.0415092706680298,0.0018571428571428573,1.5217391304347827,350,,,,,,,,
,,,1.5217391304347827,350,0.4569057524204254,0.7794117647058824,0.8327137546468403,94.9698,,,,
0.4973,1.0276976823806763,0.0018333333333333333,1.6304347826086958,375,,,,,,,,
,,,1.6304347826086958,375,0.4230350852012634,0.8161764705882353,0.8735244519392918,101.5372,,,,
0.4664,3.5299813747406006,0.0018095238095238095,1.7391304347826086,400,,,,,,,,
,,,1.7391304347826086,400,0.5197713375091553,0.7622549019607843,0.7991718426501035,108.3754,,,,
0.4834,1.9475821256637573,0.0017857142857142859,1.8478260869565217,425,,,,,,,,
,,,1.8478260869565217,425,0.502432644367218,0.7671568627450981,0.8545176110260336,115.088,,,,
0.5596,0.8052228093147278,0.0017619047619047618,1.9565217391304348,450,,,,,,,,
,,,1.9565217391304348,450,0.400871604681015,0.8357843137254902,0.8850771869639793,122.0455,,,,
0.4937,0.9125387072563171,0.0017380952380952382,2.0652173913043477,475,,,,,,,,
,,,2.0652173913043477,475,0.4517935812473297,0.8014705882352942,0.8691437802907915,128.5314,,,,
0.4822,1.2100000381469727,0.0017142857142857142,2.1739130434782608,500,,,,,,,,
,,,2.1739130434782608,500,0.37117499113082886,0.8504901960784313,0.8960817717206134,135.4326,,,,
0.4268,0.7426916360855103,0.0016904761904761906,2.282608695652174,525,,,,,,,,
,,,2.282608695652174,525,0.3822319209575653,0.8333333333333334,0.8859060402684563,142.2531,,,,
0.4215,1.3031595945358276,0.0016666666666666668,2.391304347826087,550,,,,,,,,
,,,2.391304347826087,550,0.3704604208469391,0.8431372549019608,0.891891891891892,149.0466,,,,
0.4036,6.381451606750488,0.0016428571428571427,2.5,575,,,,,,,,
,,,2.5,575,0.6054278612136841,0.7965686274509803,0.8684627575277337,155.7025,,,,
0.4441,0.7856284379959106,0.0016190476190476191,2.608695652173913,600,,,,,,,,
,,,2.608695652173913,600,0.3573929965496063,0.8553921568627451,0.8998302207130731,162.5011,,,,
0.3838,2.091898202896118,0.0015952380952380953,2.717391304347826,625,,,,,,,,
,,,2.717391304347826,625,0.3358027935028076,0.8700980392156863,0.9061946902654867,169.2684,,,,
0.4648,1.8544448614120483,0.0015714285714285715,2.8260869565217392,650,,,,,,,,
,,,2.8260869565217392,650,0.33597496151924133,0.8725490196078431,0.9057971014492753,176.1655,,,,
0.3969,4.532932281494141,0.0015476190476190477,2.9347826086956523,675,,,,,,,,
,,,2.9347826086956523,675,0.517315149307251,0.8112745098039216,0.8768,182.9378,,,,
0.4241,1.5281683206558228,0.0015238095238095239,3.0434782608695654,700,,,,,,,,
,,,3.0434782608695654,700,0.3481878340244293,0.8480392156862745,0.89198606271777,189.568,,,,
0.3626,1.1246474981307983,0.0015,3.1521739130434785,725,,,,,,,,
,,,3.1521739130434785,725,0.3536992073059082,0.8431372549019608,0.8900343642611684,196.2608,,,,
0.4396,4.046010494232178,0.0014761904761904762,3.260869565217391,750,,,,,,,,
,,,3.260869565217391,750,0.35784539580345154,0.8676470588235294,0.9039145907473309,203.1569,,,,
0.4158,2.6301310062408447,0.0014523809523809524,3.369565217391304,775,,,,,,,,
,,,3.369565217391304,775,0.4325333535671234,0.8137254901960784,0.8770226537216828,209.7175,,,,
0.3664,3.084200143814087,0.0014285714285714286,3.4782608695652173,800,,,,,,,,
,,,3.4782608695652173,800,0.3756616711616516,0.8455882352941176,0.8930390492359932,216.5764,,,,
0.4013,2.6639981269836426,0.0014047619047619047,3.5869565217391304,825,,,,,,,,
,,,3.5869565217391304,825,0.3251970410346985,0.8700980392156863,0.9051878354203935,223.2961,,,,
0.4032,2.794447183609009,0.001380952380952381,3.6956521739130435,850,,,,,,,,
,,,3.6956521739130435,850,0.332802414894104,0.8651960784313726,0.8990825688073394,230.1762,,,,
0.3582,4.083446979522705,0.0013571428571428573,3.8043478260869565,875,,,,,,,,
,,,3.8043478260869565,875,0.38728466629981995,0.8529411764705882,0.8943661971830987,236.8669,,,,
0.4026,1.8143646717071533,0.0013333333333333333,3.9130434782608696,900,,,,,,,,
,,,3.9130434782608696,900,0.3476369380950928,0.8602941176470589,0.9012131715771231,243.691,,,,
0.3448,1.3611009120941162,0.0013095238095238095,4.021739130434782,925,,,,,,,,
,,,4.021739130434782,925,0.3220040798187256,0.8774509803921569,0.912280701754386,250.2848,,,,
0.3364,1.0465458631515503,0.0012857142857142859,4.130434782608695,950,,,,,,,,
,,,4.130434782608695,950,0.307516485452652,0.8799019607843137,0.9147826086956522,257.5452,,,,
0.3633,2.188516855239868,0.0012619047619047618,4.239130434782608,975,,,,,,,,
,,,4.239130434782608,975,0.37896886467933655,0.8504901960784313,0.8988391376451078,264.0903,,,,
0.3521,1.8114591836929321,0.0012380952380952382,4.3478260869565215,1000,,,,,,,,
,,,4.3478260869565215,1000,0.3268226683139801,0.8725490196078431,0.9087719298245615,270.8927,,,,
0.3411,1.7226907014846802,0.0012142857142857142,4.456521739130435,1025,,,,,,,,
,,,4.456521739130435,1025,0.3445533215999603,0.8578431372549019,0.9016949152542373,277.8472,,,,
0.3971,3.076554775238037,0.0011904761904761906,4.565217391304348,1050,,,,,,,,
,,,4.565217391304348,1050,0.44590187072753906,0.8504901960784313,0.8981636060100167,284.7489,,,,
0.3648,1.0590869188308716,0.0011666666666666668,4.673913043478261,1075,,,,,,,,
,,,4.673913043478261,1075,0.3348979949951172,0.8504901960784313,0.8953687821612349,291.4572,,,,
0.3049,2.9377338886260986,0.0011428571428571427,4.782608695652174,1100,,,,,,,,
,,,4.782608695652174,1100,0.3690890371799469,0.8627450980392157,0.9037800687285222,298.295,,,,
0.327,2.983489990234375,0.0011190476190476191,4.891304347826087,1125,,,,,,,,
,,,4.891304347826087,1125,0.3388437032699585,0.8774509803921569,0.9070631970260223,304.997,,,,
0.3358,0.6199609041213989,0.0010952380952380953,5.0,1150,,,,,,,,
,,,5.0,1150,0.30529919266700745,0.875,0.9113043478260869,311.8569,,,,
0.2799,0.3798196613788605,0.0010714285714285715,5.108695652173913,1175,,,,,,,,
,,,5.108695652173913,1175,0.3493950664997101,0.8627450980392157,0.9014084507042254,318.4766,,,,
0.2865,1.4162105321884155,0.0010476190476190477,5.217391304347826,1200,,,,,,,,
,,,5.217391304347826,1200,0.3157130479812622,0.8774509803921569,0.9090909090909091,325.3077,,,,
0.2977,2.159269094467163,0.0010238095238095238,5.326086956521739,1225,,,,,,,,
,,,5.326086956521739,1225,0.35103562474250793,0.8700980392156863,0.9071803852889667,332.0941,,,,
0.3122,1.2764360904693604,0.001,5.434782608695652,1250,,,,,,,,
,,,5.434782608695652,1250,0.3215172588825226,0.8725490196078431,0.9081272084805654,338.7866,,,,
0.3008,4.660621166229248,0.0009761904761904762,5.543478260869565,1275,,,,,,,,
,,,5.543478260869565,1275,0.34539297223091125,0.8848039215686274,0.9150090415913201,345.437,,,,
0.3046,1.8934212923049927,0.0009523809523809524,5.6521739130434785,1300,,,,,,,,
,,,5.6521739130434785,1300,0.38213565945625305,0.8504901960784313,0.8864059590316573,352.2003,,,,
0.2772,0.9318901896476746,0.0009285714285714287,5.760869565217392,1325,,,,,,,,
,,,5.760869565217392,1325,0.4049759805202484,0.8455882352941176,0.8934010152284263,359.0186,,,,
0.3584,0.9393776059150696,0.0009047619047619047,5.869565217391305,1350,,,,,,,,
,,,5.869565217391305,1350,0.35902613401412964,0.8529411764705882,0.9000000000000001,365.8948,,,,
0.317,1.9826433658599854,0.0008809523809523809,5.978260869565218,1375,,,,,,,,
,,,5.978260869565218,1375,0.32833734154701233,0.8651960784313726,0.9056603773584906,372.7228,,,,
0.2285,3.0260682106018066,0.0008571428571428571,6.086956521739131,1400,,,,,,,,
,,,6.086956521739131,1400,0.4315217435359955,0.8578431372549019,0.903010033444816,379.4938,,,,
0.277,2.6973671913146973,0.0008333333333333334,6.195652173913044,1425,,,,,,,,
,,,6.195652173913044,1425,0.41698238253593445,0.8480392156862745,0.8963210702341137,386.4127,,,,
0.2589,1.962742567062378,0.0008095238095238096,6.304347826086957,1450,,,,,,,,
,,,6.304347826086957,1450,0.3952842354774475,0.8529411764705882,0.8880597014925373,393.0638,,,,
0.292,0.6350104212760925,0.0007857142857142857,6.413043478260869,1475,,,,,,,,
,,,6.413043478260869,1475,0.30724480748176575,0.8823529411764706,0.9142857142857143,399.7966,,,,
0.2936,1.135076642036438,0.0007619047619047619,6.521739130434782,1500,,,,,,,,
,,,6.521739130434782,1500,0.3503618538379669,0.875,0.9057301293900184,406.5287,,,,
0.2696,4.112924098968506,0.0007380952380952381,6.630434782608695,1525,,,,,,,,
,,,6.630434782608695,1525,0.38906532526016235,0.8676470588235294,0.9087837837837838,413.5858,,,,
0.2646,1.0522347688674927,0.0007142857142857143,6.739130434782608,1550,,,,,,,,
,,,6.739130434782608,1550,0.4035230278968811,0.8578431372549019,0.8905660377358491,420.2488,,,,
0.2844,1.6429513692855835,0.0006904761904761905,6.8478260869565215,1575,,,,,,,,
,,,6.8478260869565215,1575,0.35878992080688477,0.875,0.9071038251366121,427.0055,,,,
0.2776,1.509655475616455,0.0006666666666666666,6.956521739130435,1600,,,,,,,,
,,,6.956521739130435,1600,0.30361315608024597,0.8823529411764706,0.9151943462897526,433.7908,,,,
0.1752,1.008888602256775,0.0006428571428571429,7.065217391304348,1625,,,,,,,,
,,,7.065217391304348,1625,0.35062602162361145,0.8872549019607843,0.9169675090252707,440.4352,,,,
0.2592,1.911777377128601,0.0006190476190476191,7.173913043478261,1650,,,,,,,,
,,,7.173913043478261,1650,0.34568747878074646,0.8848039215686274,0.9147005444646098,447.1103,,,,
0.1922,1.9674795866012573,0.0005952380952380953,7.282608695652174,1675,,,,,,,,
,,,7.282608695652174,1675,0.38177984952926636,0.8774509803921569,0.9143835616438356,453.8121,,,,
0.229,1.8336338996887207,0.0005714285714285714,7.391304347826087,1700,,,,,,,,
,,,7.391304347826087,1700,0.3703588545322418,0.8921568627450981,0.9219858156028369,460.6617,,,,
0.208,2.343418598175049,0.0005476190476190477,7.5,1725,,,,,,,,
,,,7.5,1725,0.38136619329452515,0.8774509803921569,0.9116607773851589,467.4907,,,,
0.2503,3.7309377193450928,0.0005238095238095238,7.608695652173913,1750,,,,,,,,
,,,7.608695652173913,1750,0.35541149973869324,0.8725490196078431,0.9100346020761245,474.2487,,,,
0.2426,4.026208877563477,0.0005,7.717391304347826,1775,,,,,,,,
,,,7.717391304347826,1775,0.3878917992115021,0.8848039215686274,0.919104991394148,481.1155,,,,
0.2198,2.2148845195770264,0.0004761904761904762,7.826086956521739,1800,,,,,,,,
,,,7.826086956521739,1800,0.41886594891548157,0.8676470588235294,0.9078498293515359,487.7991,,,,
0.1986,4.383623123168945,0.00045238095238095237,7.934782608695652,1825,,,,,,,,
,,,7.934782608695652,1825,0.34059906005859375,0.8872549019607843,0.9178571428571428,494.6935,,,,
0.2508,1.9566675424575806,0.00042857142857142855,8.043478260869565,1850,,,,,,,,
,,,8.043478260869565,1850,0.325192391872406,0.8823529411764706,0.9145907473309609,501.1985,,,,
0.1792,1.2575727701187134,0.0004047619047619048,8.152173913043478,1875,,,,,,,,
,,,8.152173913043478,1875,0.3445802330970764,0.8848039215686274,0.9171075837742505,508.0288,,,,
0.1659,0.38556820154190063,0.00038095238095238096,8.26086956521739,1900,,,,,,,,
,,,8.26086956521739,1900,0.43929144740104675,0.8651960784313726,0.9050086355785838,514.722,,,,
0.2046,2.244641065597534,0.00035714285714285714,8.369565217391305,1925,,,,,,,,
,,,8.369565217391305,1925,0.38339897990226746,0.8799019607843137,0.9126559714795008,521.6571,,,,
0.1323,1.4104326963424683,0.0003333333333333333,8.478260869565217,1950,,,,,,,,
,,,8.478260869565217,1950,0.42390748858451843,0.8799019607843137,0.9168081494057724,528.4192,,,,
0.1673,0.4617447257041931,0.00030952380952380956,8.58695652173913,1975,,,,,,,,
,,,8.58695652173913,1975,0.3897174894809723,0.8872549019607843,0.9187279151943463,535.2402,,,,
0.1776,1.1981292963027954,0.0002857142857142857,8.695652173913043,2000,,,,,,,,
,,,8.695652173913043,2000,0.3942427933216095,0.8872549019607843,0.9192982456140351,541.8871,,,,
0.1453,20.1514892578125,0.0002619047619047619,8.804347826086957,2025,,,,,,,,
,,,8.804347826086957,2025,0.40827563405036926,0.8725490196078431,0.9068100358422939,548.9492,,,,
0.2151,0.5904449820518494,0.0002380952380952381,8.91304347826087,2050,,,,,,,,
,,,8.91304347826087,2050,0.48634225130081177,0.8651960784313726,0.9075630252100839,555.6451,,,,
0.2501,0.631675660610199,0.00021428571428571427,9.021739130434783,2075,,,,,,,,
,,,9.021739130434783,2075,0.37233880162239075,0.8823529411764706,0.9151943462897526,562.4968,,,,
0.0871,2.647796869277954,0.00019047619047619048,9.130434782608695,2100,,,,,,,,
,,,9.130434782608695,2100,0.4093734920024872,0.8725490196078431,0.9061371841155236,569.1029,,,,
0.1291,0.6342126131057739,0.00016666666666666666,9.23913043478261,2125,,,,,,,,
,,,9.23913043478261,2125,0.4139323830604553,0.8823529411764706,0.9148936170212766,575.8967,,,,
0.1946,1.2342891693115234,0.00014285714285714284,9.347826086956522,2150,,,,,,,,
,,,9.347826086956522,2150,0.40986064076423645,0.8897058823529411,0.9217391304347826,582.5548,,,,
0.2028,1.0437227487564087,0.00011904761904761905,9.456521739130435,2175,,,,,,,,
,,,9.456521739130435,2175,0.37323492765426636,0.875,0.9090909090909091,589.519,,,,
0.1228,2.2483530044555664,9.523809523809524e-05,9.565217391304348,2200,,,,,,,,
,,,9.565217391304348,2200,0.3750703036785126,0.8921568627450981,0.9225352112676057,596.1523,,,,
0.1838,3.7283806800842285,7.142857142857142e-05,9.673913043478262,2225,,,,,,,,
,,,9.673913043478262,2225,0.3715328872203827,0.8774509803921569,0.9107142857142857,602.966,,,,
0.1459,0.6374738216400146,4.761904761904762e-05,9.782608695652174,2250,,,,,,,,
,,,9.782608695652174,2250,0.36921489238739014,0.8823529411764706,0.9145907473309609,609.6348,,,,
0.1328,3.2982378005981445,2.380952380952381e-05,9.891304347826086,2275,,,,,,,,
,,,9.891304347826086,2275,0.3726823925971985,0.8799019607843137,0.9126559714795008,616.5332,,,,
0.1271,0.2850521504878998,0.0,10.0,2300,,,,,,,,
,,,10.0,2300,0.3733275830745697,0.8823529411764706,0.9145907473309609,623.151,,,,
,,,10.0,2300,,,,622.7624,58.899,3.693,1462225691613120.0,0.3729343899436619
