loss,grad_norm,learning_rate,epoch,step,eval_loss,eval_accuracy,eval_f1,train_runtime,train_samples_per_second,train_steps_per_second,total_flos,train_loss
0.7563,4.225128650665283,1e-05,0.008695652173913044,1,,,,,,,,
0.681,2.015568971633911,0.00025,0.21739130434782608,25,,,,,,,,
,,,0.21739130434782608,25,0.9301304817199707,0.6838235294117647,0.8122270742358079,12.2168,,,,
0.6413,0.3752530813217163,0.0005,0.43478260869565216,50,,,,,,,,
,,,0.43478260869565216,50,0.9223513603210449,0.6838235294117647,0.8122270742358079,24.4378,,,,
0.6006,0.768271803855896,0.00075,0.6521739130434783,75,,,,,,,,
,,,0.6521739130434783,75,0.931759238243103,0.7009803921568627,0.8162650602409639,36.1326,,,,
0.6073,1.4465211629867554,0.001,0.8695652173913043,100,,,,,,,,
,,,0.8695652173913043,100,0.8348010778427124,0.7083333333333334,0.8231797919762258,48.4767,,,,
0.4972,1.7823916673660278,0.00125,1.0869565217391304,125,,,,,,,,
,,,1.0869565217391304,125,0.6965742707252502,0.821078431372549,0.8747855917667238,60.2002,,,,
0.4686,3.120021343231201,0.0015,1.3043478260869565,150,,,,,,,,
,,,1.3043478260869565,150,0.6831204295158386,0.8357843137254902,0.8854700854700854,72.018,,,,
0.4217,2.5839145183563232,0.00175,1.5217391304347827,175,,,,,,,,
,,,1.5217391304347827,175,0.7362808585166931,0.821078431372549,0.8801313628899835,84.2177,,,,
0.382,2.151552200317383,0.002,1.7391304347826086,200,,,,,,,,
,,,1.7391304347826086,200,0.8248172998428345,0.875,0.9125214408233276,96.3013,,,,
0.4237,4.765890598297119,0.0019473684210526317,1.9565217391304348,225,,,,,,,,
,,,1.9565217391304348,225,0.8267802596092224,0.8651960784313726,0.9066213921901529,108.2303,,,,
0.3373,3.481428623199463,0.001894736842105263,2.1739130434782608,250,,,,,,,,
,,,2.1739130434782608,250,0.8890978693962097,0.8284313725490197,0.8627450980392156,120.2378,,,,
0.3151,2.6128785610198975,0.0018421052631578947,2.391304347826087,275,,,,,,,,
,,,2.391304347826087,275,0.8936306834220886,0.8676470588235294,0.9025270758122744,131.8787,,,,
0.3193,5.546106338500977,0.0017894736842105263,2.608695652173913,300,,,,,,,,
,,,2.608695652173913,300,0.9503915905952454,0.8774509803921569,0.9146757679180888,143.9673,,,,
0.3326,3.0988943576812744,0.001736842105263158,2.8260869565217392,325,,,,,,,,
,,,2.8260869565217392,325,0.9693231582641602,0.8602941176470589,0.9045226130653267,156.0724,,,,
0.2963,2.5140373706817627,0.0016842105263157893,3.0434782608695654,350,,,,,,,,
,,,3.0434782608695654,350,1.0796929597854614,0.8357843137254902,0.8910569105691057,168.2342,,,,
0.2676,1.497262954711914,0.001631578947368421,3.260869565217391,375,,,,,,,,
,,,3.260869565217391,375,1.1999659538269043,0.8112745098039216,0.8779714738510301,180.218,,,,
0.2546,1.439521312713623,0.0015789473684210526,3.4782608695652173,400,,,,,,,,
,,,3.4782608695652173,400,1.081041693687439,0.8848039215686274,0.9182608695652175,192.2339,,,,
0.2713,7.491724491119385,0.0015263157894736842,3.6956521739130435,425,,,,,,,,
,,,3.6956521739130435,425,1.111527681350708,0.8946078431372549,0.9228007181328547,204.2331,,,,
0.244,2.7328155040740967,0.0014736842105263158,3.9130434782608696,450,,,,,,,,
,,,3.9130434782608696,450,1.1999247074127197,0.8651960784313726,0.9072512647554806,216.5207,,,,
0.2127,0.8578658103942871,0.0014210526315789475,4.130434782608695,475,,,,,,,,
,,,4.130434782608695,475,1.2581123113632202,0.8676470588235294,0.9087837837837838,228.289,,,,
0.2318,2.8635430335998535,0.001368421052631579,4.3478260869565215,500,,,,,,,,
,,,4.3478260869565215,500,1.2273615598678589,0.8676470588235294,0.9045936395759717,240.3328,,,,
0.1828,1.1913864612579346,0.0013157894736842107,4.565217391304348,525,,,,,,,,
,,,4.565217391304348,525,1.266899824142456,0.8725490196078431,0.9090909090909091,252.5998,,,,
0.1531,2.5399463176727295,0.0012631578947368421,4.782608695652174,550,,,,,,,,
,,,4.782608695652174,550,1.4420102834701538,0.8725490196078431,0.9112627986348123,264.8879,,,,
0.2108,3.519225835800171,0.0012105263157894737,5.0,575,,,,,,,,
,,,5.0,575,1.2922061681747437,0.8897058823529411,0.9177330895795247,276.7406,,,,
0.1383,2.968738079071045,0.0011578947368421054,5.217391304347826,600,,,,,,,,
,,,5.217391304347826,600,1.4257535934448242,0.8995098039215687,0.9274336283185841,288.7909,,,,
0.1362,2.2003705501556396,0.001105263157894737,5.434782608695652,625,,,,,,,,
,,,5.434782608695652,625,1.386857271194458,0.8848039215686274,0.9171075837742505,300.5551,,,,
0.1257,6.027703285217285,0.0010526315789473684,5.6521739130434785,650,,,,,,,,
,,,5.6521739130434785,650,1.4800235033035278,0.8872549019607843,0.9201388888888888,312.7287,,,,
0.1285,2.6077880859375,0.001,5.869565217391305,675,,,,,,,,
,,,5.869565217391305,675,1.489271879196167,0.8848039215686274,0.9159212880143113,324.678,,,,
0.0841,3.679945468902588,0.0009473684210526315,6.086956521739131,700,,,,,,,,
,,,6.086956521739131,700,1.6330761909484863,0.8872549019607843,0.9206896551724139,336.983,,,,
0.0911,3.3401072025299072,0.0008947368421052632,6.304347826086957,725,,,,,,,,
,,,6.304347826086957,725,1.5628509521484375,0.8823529411764706,0.9169550173010381,349.0679,,,,
0.0898,6.47588586807251,0.0008421052631578947,6.521739130434782,750,,,,,,,,
,,,6.521739130434782,750,1.5148814916610718,0.8872549019607843,0.9187279151943463,361.1697,,,,
0.0673,4.376370906829834,0.0007894736842105263,6.739130434782608,775,,,,,,,,
,,,6.739130434782608,775,1.6786792278289795,0.8946078431372549,0.9219600725952813,372.9717,,,,
0.0977,1.038120150566101,0.0007368421052631579,6.956521739130435,800,,,,,,,,
,,,6.956521739130435,800,1.5992203950881958,0.8823529411764706,0.9133574007220215,385.1087,,,,
0.0507,0.08577008545398712,0.0006842105263157895,7.173913043478261,825,,,,,,,,
,,,7.173913043478261,825,1.7101482152938843,0.8848039215686274,0.917975567190227,396.7193,,,,
0.0768,5.1463775634765625,0.0006315789473684211,7.391304347826087,850,,,,,,,,
,,,7.391304347826087,850,1.6590458154678345,0.8848039215686274,0.9140767824497258,408.8579,,,,
0.0607,1.7711409330368042,0.0005789473684210527,7.608695652173913,875,,,,,,,,
,,,7.608695652173913,875,1.7312142848968506,0.8946078431372549,0.9238938053097344,420.7709,,,,
0.0596,3.378962993621826,0.0005263157894736842,7.826086956521739,900,,,,,,,,
,,,7.826086956521739,900,1.7111881971359253,0.875,0.9113043478260869,432.9668,,,,
0.0448,0.6774386167526245,0.00047368421052631577,8.043478260869565,925,,,,,,,,
,,,8.043478260869565,925,1.7689625024795532,0.8823529411764706,0.9163763066202091,445.0363,,,,
0.0127,0.016617372632026672,0.00042105263157894734,8.26086956521739,950,,,,,,,,
,,,8.26086956521739,950,1.830472469329834,0.8774509803921569,0.9128919860627178,456.9462,,,,
0.0364,0.15700232982635498,0.00036842105263157896,8.478260869565217,975,,,,,,,,
,,,8.478260869565217,975,1.7987112998962402,0.8823529411764706,0.916083916083916,469.2744,,,,
0.0451,1.5613518953323364,0.00031578947368421053,8.695652173913043,1000,,,,,,,,
,,,8.695652173913043,1000,1.8239799737930298,0.8799019607843137,0.9153713298791019,481.5386,,,,
0.0249,4.3578200340271,0.0002631578947368421,8.91304347826087,1025,,,,,,,,
,,,8.91304347826087,1025,1.8099888563156128,0.8848039215686274,0.9171075837742505,493.7022,,,,
0.0285,0.1865905374288559,0.00021052631578947367,9.130434782608695,1050,,,,,,,,
,,,9.130434782608695,1050,1.8324557542800903,0.8897058823529411,0.9217391304347826,505.7705,,,,
0.0209,0.040607333183288574,0.00015789473684210527,9.347826086956522,1075,,,,,,,,
,,,9.347826086956522,1075,1.8075002431869507,0.8897058823529411,0.9209138840070299,517.5772,,,,
0.0318,0.034737080335617065,0.00010526315789473683,9.565217391304348,1100,,,,,,,,
,,,9.565217391304348,1100,1.8430157899856567,0.8848039215686274,0.9185441941074524,529.7579,,,,
0.0269,0.013689477927982807,5.263157894736842e-05,9.782608695652174,1125,,,,,,,,
,,,9.782608695652174,1125,1.8321410417556763,0.8872549019607843,0.9198606271777002,541.6309,,,,
0.0195,6.866252422332764,0.0,10.0,1150,,,,,,,,
,,,10.0,1150,1.8271846771240234,0.8897058823529411,0.9214659685863874,553.9132,,,,
,,,10.0,1150,,,,553.5278,66.266,2.078,1536468541893504.0,0.21420969359252764
