loss,grad_norm,learning_rate,epoch,step,eval_loss,eval_accuracy,eval_f1,train_runtime,train_samples_per_second,train_steps_per_second,total_flos,train_loss
1.0935,3.448720693588257,2.5e-06,0.0625,1,,,,,,,,
1.0828,3.9735262393951416,2.5e-05,0.625,10,,,,,,,,
,,,0.625,10,1.0367165803909302,0.5,0.2222222222222222,5.8641,,,,
0.9395,8.017580032348633,5e-05,1.25,20,,,,,,,,
,,,1.25,20,0.853519856929779,0.6785714285714286,0.47391812865497074,11.5702,,,,
0.7244,3.6815106868743896,7.5e-05,1.875,30,,,,,,,,
,,,1.875,30,0.9154187440872192,0.6607142857142857,0.461484593837535,17.2147,,,,
0.6175,9.505287170410156,0.0001,2.5,40,,,,,,,,
,,,2.5,40,1.0064971446990967,0.7321428571428571,0.5108747044917258,22.9143,,,,
0.53,1.3844095468521118,0.000125,3.125,50,,,,,,,,
,,,3.125,50,0.7889721989631653,0.7678571428571429,0.5340936089332383,28.7473,,,,
0.5677,89.82823944091797,0.00015,3.75,60,,,,,,,,
,,,3.75,60,0.9022941589355469,0.7321428571428571,0.49673202614379086,34.7039,,,,
0.3615,20.1591854095459,0.000175,4.375,70,,,,,,,,
,,,4.375,70,0.9789789915084839,0.7321428571428571,0.6472981177899211,40.1927,,,,
0.3339,9.439797401428223,0.0002,5.0,80,,,,,,,,
,,,5.0,80,0.8963193297386169,0.8214285714285714,0.5740080779282489,45.8026,,,,
0.3758,20.500118255615234,0.00022500000000000002,5.625,90,,,,,,,,
,,,5.625,90,0.7341803312301636,0.8214285714285714,0.5725768321513002,51.8128,,,,
0.6099,0.08571869134902954,0.00025,6.25,100,,,,,,,,
,,,6.25,100,1.1759237051010132,0.8035714285714286,0.5583924349881797,57.1231,,,,
1.0962,60.89817810058594,0.000275,6.875,110,,,,,,,,
,,,6.875,110,0.7673786282539368,0.8035714285714286,0.557020757020757,62.5218,,,,
0.5411,1.9050394296646118,0.0003,7.5,120,,,,,,,,
,,,7.5,120,1.0965968370437622,0.75,0.5160370634354954,67.4843,,,,
0.8238,2.4312338829040527,0.00032500000000000004,8.125,130,,,,,,,,
,,,8.125,130,1.059486746788025,0.5,0.2222222222222222,73.1425,,,,
0.9342,1.7260483503341675,0.00035,8.75,140,,,,,,,,
,,,8.75,140,0.975346565246582,0.5,0.2222222222222222,79.0851,,,,
0.9779,1.2550122737884521,0.000375,9.375,150,,,,,,,,
,,,9.375,150,0.97265625,0.4107142857142857,0.1940928270042194,84.5513,,,,
0.9309,4.044017314910889,0.0004,10.0,160,,,,,,,,
,,,10.0,160,0.939141571521759,0.5,0.2222222222222222,89.9851,,,,
0.8324,0.9432471394538879,0.000425,10.625,170,,,,,,,,
,,,10.625,170,0.982140839099884,0.4107142857142857,0.1940928270042194,95.9313,,,,
1.0242,1.5907812118530273,0.00045000000000000004,11.25,180,,,,,,,,
,,,11.25,180,0.9847279787063599,0.5,0.2222222222222222,101.3515,,,,
0.9401,2.210069179534912,0.000475,11.875,190,,,,,,,,
,,,11.875,190,1.1120764017105103,0.4107142857142857,0.1940928270042194,107.3454,,,,
0.938,2.6437277793884277,0.0005,12.5,200,,,,,,,,
,,,12.5,200,0.9405425786972046,0.5,0.2222222222222222,112.764,,,,
0.9053,1.2189594507217407,0.0004583333333333333,13.125,210,,,,,,,,
,,,13.125,210,0.9707738757133484,0.4107142857142857,0.1940928270042194,118.2224,,,,
0.9554,3.245741128921509,0.0004166666666666667,13.75,220,,,,,,,,
,,,13.75,220,0.9679780602455139,0.4107142857142857,0.1940928270042194,124.3522,,,,
0.9055,1.2214618921279907,0.000375,14.375,230,,,,,,,,
,,,14.375,230,0.9408525824546814,0.4107142857142857,0.1940928270042194,130.2748,,,,
0.9778,2.6964311599731445,0.0003333333333333333,15.0,240,,,,,,,,
,,,15.0,240,0.9536466598510742,0.4107142857142857,0.1940928270042194,135.6653,,,,
0.8949,1.105709195137024,0.0002916666666666667,15.625,250,,,,,,,,
,,,15.625,250,0.9320376515388489,0.5,0.2222222222222222,141.2552,,,,
0.9047,1.1833730936050415,0.00025,16.25,260,,,,,,,,
,,,16.25,260,0.9515721201896667,0.4107142857142857,0.1940928270042194,147.0081,,,,
0.8854,3.09910249710083,0.00020833333333333335,16.875,270,,,,,,,,
,,,16.875,270,0.9490828514099121,0.5,0.2222222222222222,152.6568,,,,
0.9655,1.7934842109680176,0.00016666666666666666,17.5,280,,,,,,,,
,,,17.5,280,0.9341058135032654,0.4107142857142857,0.1940928270042194,158.5226,,,,
0.8629,1.813627004623413,0.000125,18.125,290,,,,,,,,
,,,18.125,290,0.932569682598114,0.5,0.2222222222222222,163.9495,,,,
0.9068,1.109120488166809,8.333333333333333e-05,18.75,300,,,,,,,,
,,,18.75,300,0.9390636086463928,0.4107142857142857,0.1940928270042194,169.8558,,,,
0.9123,1.7493064403533936,4.1666666666666665e-05,19.375,310,,,,,,,,
,,,19.375,310,0.9323660135269165,0.5,0.2222222222222222,174.9128,,,,
0.8788,4.5397233963012695,0.0,20.0,320,,,,,,,,
,,,20.0,320,0.9329586625099182,0.5,0.2222222222222222,180.6257,,,,
,,,20.0,320,,,,180.1473,27.755,1.776,446840583950880.0,0.8168219465762376
