loss,grad_norm,learning_rate,epoch,step,eval_loss,eval_accuracy,eval_f1,train_runtime,train_samples_per_second,train_steps_per_second,total_flos,train_loss
1.9032,1.4424785375595093,5.0000000000000004e-08,0.004347826086956522,1,,,,,,,,
1.8709,0.9538710713386536,1.25e-06,0.10869565217391304,25,,,,,,,,
,,,0.10869565217391304,25,1.8724806308746338,0.6838235294117647,0.8122270742358079,6.3149,,,,
1.8745,1.4404575824737549,2.5e-06,0.21739130434782608,50,,,,,,,,
,,,0.21739130434782608,50,1.8678863048553467,0.6838235294117647,0.8122270742358079,12.3166,,,,
1.8651,4.453288555145264,3.7500000000000005e-06,0.32608695652173914,75,,,,,,,,
,,,0.32608695652173914,75,1.8604565858840942,0.6838235294117647,0.8122270742358079,18.3361,,,,
1.8619,1.66339910030365,5e-06,0.43478260869565216,100,,,,,,,,
,,,0.43478260869565216,100,1.850620985031128,0.6838235294117647,0.8122270742358079,24.3182,,,,
1.8305,1.5282659530639648,6.25e-06,0.5434782608695652,125,,,,,,,,
,,,0.5434782608695652,125,1.8373115062713623,0.6838235294117647,0.8122270742358079,30.2833,,,,
1.8325,3.4683732986450195,7.500000000000001e-06,0.6521739130434783,150,,,,,,,,
,,,0.6521739130434783,150,1.823607325553894,0.6838235294117647,0.8122270742358079,36.2717,,,,
1.8269,1.6432538032531738,8.750000000000001e-06,0.7608695652173914,175,,,,,,,,
,,,0.7608695652173914,175,1.810332179069519,0.6838235294117647,0.8122270742358079,42.376,,,,
1.8156,0.9156813621520996,1e-05,0.8695652173913043,200,,,,,,,,
,,,0.8695652173913043,200,1.7959702014923096,0.6838235294117647,0.8122270742358079,48.4216,,,,
1.7909,0.7099618315696716,9.880952380952381e-06,0.9782608695652174,225,,,,,,,,
,,,0.9782608695652174,225,1.780371069908142,0.6838235294117647,0.8122270742358079,54.4128,,,,
1.7706,0.9211382269859314,9.761904761904762e-06,1.0869565217391304,250,,,,,,,,
,,,1.0869565217391304,250,1.7660762071609497,0.6838235294117647,0.8122270742358079,60.1823,,,,
1.7608,2.7798714637756348,9.642857142857144e-06,1.1956521739130435,275,,,,,,,,
,,,1.1956521739130435,275,1.75198233127594,0.6838235294117647,0.8122270742358079,66.2074,,,,
1.7518,0.534285306930542,9.523809523809525e-06,1.3043478260869565,300,,,,,,,,
,,,1.3043478260869565,300,1.7385764122009277,0.6838235294117647,0.8122270742358079,72.2037,,,,
1.751,1.5893899202346802,9.404761904761905e-06,1.4130434782608696,325,,,,,,,,
,,,1.4130434782608696,325,1.7274713516235352,0.6838235294117647,0.8122270742358079,78.2139,,,,
1.7611,2.702849864959717,9.285714285714288e-06,1.5217391304347827,350,,,,,,,,
,,,1.5217391304347827,350,1.716052532196045,0.6838235294117647,0.8122270742358079,84.1888,,,,
1.7096,0.9914071559906006,9.166666666666666e-06,1.6304347826086958,375,,,,,,,,
,,,1.6304347826086958,375,1.7028018236160278,0.6838235294117647,0.8122270742358079,90.1774,,,,
1.6993,2.0450491905212402,9.047619047619049e-06,1.7391304347826086,400,,,,,,,,
,,,1.7391304347826086,400,1.6910858154296875,0.6838235294117647,0.8122270742358079,96.1287,,,,
1.6947,2.5593981742858887,8.92857142857143e-06,1.8478260869565217,425,,,,,,,,
,,,1.8478260869565217,425,1.6801505088806152,0.6838235294117647,0.8122270742358079,102.2188,,,,
1.6961,2.211317777633667,8.80952380952381e-06,1.9565217391304348,450,,,,,,,,
,,,1.9565217391304348,450,1.6677370071411133,0.6838235294117647,0.8122270742358079,108.2883,,,,
1.6725,0.8308731317520142,8.690476190476192e-06,2.0652173913043477,475,,,,,,,,
,,,2.0652173913043477,475,1.656968116760254,0.6838235294117647,0.8122270742358079,114.1319,,,,
1.6683,0.7935815453529358,8.571428571428571e-06,2.1739130434782608,500,,,,,,,,
,,,2.1739130434782608,500,1.645806908607483,0.6838235294117647,0.8122270742358079,120.1144,,,,
1.6167,1.1958812475204468,8.452380952380953e-06,2.282608695652174,525,,,,,,,,
,,,2.282608695652174,525,1.6338939666748047,0.6838235294117647,0.8122270742358079,126.3325,,,,
1.6445,2.7146780490875244,8.333333333333334e-06,2.391304347826087,550,,,,,,,,
,,,2.391304347826087,550,1.620832085609436,0.6838235294117647,0.8122270742358079,132.2452,,,,
1.6232,1.6078453063964844,8.214285714285714e-06,2.5,575,,,,,,,,
,,,2.5,575,1.6080615520477295,0.6838235294117647,0.8122270742358079,138.2833,,,,
1.6198,1.645873785018921,8.095238095238097e-06,2.608695652173913,600,,,,,,,,
,,,2.608695652173913,600,1.5959389209747314,0.6838235294117647,0.8122270742358079,144.2436,,,,
1.6026,1.2140922546386719,7.976190476190477e-06,2.717391304347826,625,,,,,,,,
,,,2.717391304347826,625,1.5832830667495728,0.6838235294117647,0.8122270742358079,150.3177,,,,
1.5862,1.756686806678772,7.857142857142858e-06,2.8260869565217392,650,,,,,,,,
,,,2.8260869565217392,650,1.5713186264038086,0.6838235294117647,0.8122270742358079,156.3549,,,,
1.5533,1.420760989189148,7.738095238095238e-06,2.9347826086956523,675,,,,,,,,
,,,2.9347826086956523,675,1.5583549737930298,0.6838235294117647,0.8122270742358079,162.3739,,,,
1.5678,1.0757659673690796,7.61904761904762e-06,3.0434782608695654,700,,,,,,,,
,,,3.0434782608695654,700,1.547016978263855,0.6838235294117647,0.8122270742358079,168.2201,,,,
1.5409,0.8479448556900024,7.500000000000001e-06,3.1521739130434785,725,,,,,,,,
,,,3.1521739130434785,725,1.535253643989563,0.6838235294117647,0.8122270742358079,174.1715,,,,
1.5279,2.0532946586608887,7.380952380952382e-06,3.260869565217391,750,,,,,,,,
,,,3.260869565217391,750,1.5227054357528687,0.6838235294117647,0.8122270742358079,180.262,,,,
1.5397,1.045754075050354,7.261904761904762e-06,3.369565217391304,775,,,,,,,,
,,,3.369565217391304,775,1.5109318494796753,0.6838235294117647,0.8122270742358079,186.1377,,,,
1.5213,2.4500536918640137,7.1428571428571436e-06,3.4782608695652173,800,,,,,,,,
,,,3.4782608695652173,800,1.4997920989990234,0.6838235294117647,0.8122270742358079,192.1949,,,,
1.5054,1.066026210784912,7.023809523809524e-06,3.5869565217391304,825,,,,,,,,
,,,3.5869565217391304,825,1.488640308380127,0.6838235294117647,0.8122270742358079,198.2068,,,,
1.5022,0.9058645367622375,6.9047619047619055e-06,3.6956521739130435,850,,,,,,,,
,,,3.6956521739130435,850,1.4771877527236938,0.6838235294117647,0.8122270742358079,204.3665,,,,
1.4716,1.8796324729919434,6.785714285714287e-06,3.8043478260869565,875,,,,,,,,
,,,3.8043478260869565,875,1.466228723526001,0.6838235294117647,0.8122270742358079,210.3723,,,,
1.482,0.9344660043716431,6.666666666666667e-06,3.9130434782608696,900,,,,,,,,
,,,3.9130434782608696,900,1.4558109045028687,0.6838235294117647,0.8122270742358079,216.4972,,,,
1.4869,1.2524197101593018,6.547619047619048e-06,4.021739130434782,925,,,,,,,,
,,,4.021739130434782,925,1.4446858167648315,0.6838235294117647,0.8122270742358079,222.3259,,,,
1.4271,1.1897506713867188,6.4285714285714295e-06,4.130434782608695,950,,,,,,,,
,,,4.130434782608695,950,1.4341713190078735,0.6838235294117647,0.8122270742358079,228.4287,,,,
1.4281,1.504276990890503,6.30952380952381e-06,4.239130434782608,975,,,,,,,,
,,,4.239130434782608,975,1.4229059219360352,0.6838235294117647,0.8122270742358079,234.3123,,,,
1.4198,0.9272650480270386,6.1904761904761914e-06,4.3478260869565215,1000,,,,,,,,
,,,4.3478260869565215,1000,1.4117707014083862,0.6838235294117647,0.8122270742358079,240.2894,,,,
1.4015,0.6470931768417358,6.071428571428571e-06,4.456521739130435,1025,,,,,,,,
,,,4.456521739130435,1025,1.3999667167663574,0.6838235294117647,0.8122270742358079,246.7184,,,,
1.4111,0.7275500297546387,5.9523809523809525e-06,4.565217391304348,1050,,,,,,,,
,,,4.565217391304348,1050,1.3891682624816895,0.6838235294117647,0.8122270742358079,252.7549,,,,
1.4106,0.8686701059341431,5.833333333333334e-06,4.673913043478261,1075,,,,,,,,
,,,4.673913043478261,1075,1.3784151077270508,0.6838235294117647,0.8122270742358079,258.7268,,,,
1.3808,2.7806317806243896,5.7142857142857145e-06,4.782608695652174,1100,,,,,,,,
,,,4.782608695652174,1100,1.3678536415100098,0.6838235294117647,0.8122270742358079,264.7106,,,,
1.3873,2.5003368854522705,5.595238095238096e-06,4.891304347826087,1125,,,,,,,,
,,,4.891304347826087,1125,1.3590457439422607,0.6838235294117647,0.8122270742358079,270.7518,,,,
1.3506,3.799114942550659,5.476190476190477e-06,5.0,1150,,,,,,,,
,,,5.0,1150,1.349603533744812,0.6838235294117647,0.8122270742358079,276.7402,,,,
1.3704,2.289904832839966,5.357142857142857e-06,5.108695652173913,1175,,,,,,,,
,,,5.108695652173913,1175,1.3399994373321533,0.6838235294117647,0.8122270742358079,282.7283,,,,
1.3343,3.9481658935546875,5.2380952380952384e-06,5.217391304347826,1200,,,,,,,,
,,,5.217391304347826,1200,1.3299953937530518,0.6838235294117647,0.8122270742358079,288.769,,,,
1.3531,0.8289890885353088,5.119047619047619e-06,5.326086956521739,1225,,,,,,,,
,,,5.326086956521739,1225,1.3208950757980347,0.6838235294117647,0.8122270742358079,294.8742,,,,
1.3475,1.5014797449111938,5e-06,5.434782608695652,1250,,,,,,,,
,,,5.434782608695652,1250,1.3124630451202393,0.6838235294117647,0.8122270742358079,300.7957,,,,
1.3059,0.7946950793266296,4.880952380952381e-06,5.543478260869565,1275,,,,,,,,
,,,5.543478260869565,1275,1.3029083013534546,0.6838235294117647,0.8122270742358079,306.8527,,,,
1.2815,0.8025990724563599,4.761904761904762e-06,5.6521739130434785,1300,,,,,,,,
,,,5.6521739130434785,1300,1.29396653175354,0.6838235294117647,0.8122270742358079,312.8579,,,,
1.2873,1.3085688352584839,4.642857142857144e-06,5.760869565217392,1325,,,,,,,,
,,,5.760869565217392,1325,1.2848941087722778,0.6838235294117647,0.8122270742358079,319.0528,,,,
1.2598,0.8330434560775757,4.523809523809524e-06,5.869565217391305,1350,,,,,,,,
,,,5.869565217391305,1350,1.2756569385528564,0.6838235294117647,0.8122270742358079,325.1094,,,,
1.2706,0.6303958892822266,4.404761904761905e-06,5.978260869565218,1375,,,,,,,,
,,,5.978260869565218,1375,1.26692795753479,0.6838235294117647,0.8122270742358079,331.3137,,,,
1.2323,1.914596438407898,4.2857142857142855e-06,6.086956521739131,1400,,,,,,,,
,,,6.086956521739131,1400,1.258699893951416,0.6838235294117647,0.8122270742358079,337.2063,,,,
1.2543,1.2561607360839844,4.166666666666667e-06,6.195652173913044,1425,,,,,,,,
,,,6.195652173913044,1425,1.2500394582748413,0.6838235294117647,0.8122270742358079,343.414,,,,
1.2616,0.7580071687698364,4.047619047619048e-06,6.304347826086957,1450,,,,,,,,
,,,6.304347826086957,1450,1.2416071891784668,0.6838235294117647,0.8122270742358079,349.2727,,,,
1.2462,0.9287147521972656,3.928571428571429e-06,6.413043478260869,1475,,,,,,,,
,,,6.413043478260869,1475,1.233963966369629,0.6838235294117647,0.8122270742358079,355.2783,,,,
1.2716,5.062103271484375,3.80952380952381e-06,6.521739130434782,1500,,,,,,,,
,,,6.521739130434782,1500,1.2268508672714233,0.6838235294117647,0.8122270742358079,361.2841,,,,
1.2076,3.13092041015625,3.690476190476191e-06,6.630434782608695,1525,,,,,,,,
,,,6.630434782608695,1525,1.2193831205368042,0.6838235294117647,0.8122270742358079,367.6386,,,,
1.2232,1.430980920791626,3.5714285714285718e-06,6.739130434782608,1550,,,,,,,,
,,,6.739130434782608,1550,1.2119632959365845,0.6838235294117647,0.8122270742358079,373.6504,,,,
1.2275,1.089420199394226,3.4523809523809528e-06,6.8478260869565215,1575,,,,,,,,
,,,6.8478260869565215,1575,1.2057682275772095,0.6838235294117647,0.8122270742358079,379.679,,,,
1.205,0.9122089743614197,3.3333333333333333e-06,6.956521739130435,1600,,,,,,,,
,,,6.956521739130435,1600,1.1997451782226562,0.6838235294117647,0.8122270742358079,385.7916,,,,
1.2311,3.5076704025268555,3.2142857142857147e-06,7.065217391304348,1625,,,,,,,,
,,,7.065217391304348,1625,1.1933882236480713,0.6838235294117647,0.8122270742358079,391.6739,,,,
1.165,1.14615797996521,3.0952380952380957e-06,7.173913043478261,1650,,,,,,,,
,,,7.173913043478261,1650,1.1873620748519897,0.6838235294117647,0.8122270742358079,397.7151,,,,
1.1753,0.915912389755249,2.9761904761904763e-06,7.282608695652174,1675,,,,,,,,
,,,7.282608695652174,1675,1.181288719177246,0.6838235294117647,0.8122270742358079,403.6815,,,,
1.1891,0.7469301819801331,2.8571428571428573e-06,7.391304347826087,1700,,,,,,,,
,,,7.391304347826087,1700,1.1760112047195435,0.6838235294117647,0.8122270742358079,409.8554,,,,
1.2138,2.4963436126708984,2.7380952380952387e-06,7.5,1725,,,,,,,,
,,,7.5,1725,1.1706993579864502,0.6838235294117647,0.8122270742358079,415.9279,,,,
1.177,1.1865475177764893,2.6190476190476192e-06,7.608695652173913,1750,,,,,,,,
,,,7.608695652173913,1750,1.1654150485992432,0.6838235294117647,0.8122270742358079,422.0332,,,,
1.1711,1.061768889427185,2.5e-06,7.717391304347826,1775,,,,,,,,
,,,7.717391304347826,1775,1.1600730419158936,0.6838235294117647,0.8122270742358079,428.0776,,,,
1.1711,1.9834712743759155,2.380952380952381e-06,7.826086956521739,1800,,,,,,,,
,,,7.826086956521739,1800,1.1547616720199585,0.6838235294117647,0.8122270742358079,434.1107,,,,
1.1454,0.8671795129776001,2.261904761904762e-06,7.934782608695652,1825,,,,,,,,
,,,7.934782608695652,1825,1.1498749256134033,0.6838235294117647,0.8122270742358079,440.2705,,,,
1.1348,1.3828519582748413,2.1428571428571427e-06,8.043478260869565,1850,,,,,,,,
,,,8.043478260869565,1850,1.1453008651733398,0.6838235294117647,0.8122270742358079,446.1943,,,,
1.1777,1.0386160612106323,2.023809523809524e-06,8.152173913043478,1875,,,,,,,,
,,,8.152173913043478,1875,1.1412190198898315,0.6838235294117647,0.8122270742358079,452.2182,,,,
1.12,1.6047279834747314,1.904761904761905e-06,8.26086956521739,1900,,,,,,,,
,,,8.26086956521739,1900,1.1372333765029907,0.6838235294117647,0.8122270742358079,458.2512,,,,
1.1483,2.628147840499878,1.7857142857142859e-06,8.369565217391305,1925,,,,,,,,
,,,8.369565217391305,1925,1.133580207824707,0.6838235294117647,0.8122270742358079,464.3419,,,,
1.1526,1.7866816520690918,1.6666666666666667e-06,8.478260869565217,1950,,,,,,,,
,,,8.478260869565217,1950,1.130558729171753,0.6838235294117647,0.8122270742358079,470.4079,,,,
1.1226,0.8830529451370239,1.5476190476190479e-06,8.58695652173913,1975,,,,,,,,
,,,8.58695652173913,1975,1.127126693725586,0.6838235294117647,0.8122270742358079,476.4144,,,,
1.1384,1.5819472074508667,1.4285714285714286e-06,8.695652173913043,2000,,,,,,,,
,,,8.695652173913043,2000,1.124093770980835,0.6838235294117647,0.8122270742358079,482.3771,,,,
1.141,0.7323392629623413,1.3095238095238096e-06,8.804347826086957,2025,,,,,,,,
,,,8.804347826086957,2025,1.121289610862732,0.6838235294117647,0.8122270742358079,488.7516,,,,
1.1019,2.0480146408081055,1.1904761904761906e-06,8.91304347826087,2050,,,,,,,,
,,,8.91304347826087,2050,1.1187325716018677,0.6838235294117647,0.8122270742358079,494.7767,,,,
1.1146,1.2095280885696411,1.0714285714285714e-06,9.021739130434783,2075,,,,,,,,
,,,9.021739130434783,2075,1.116452932357788,0.6838235294117647,0.8122270742358079,500.7545,,,,
1.1158,2.3960704803466797,9.523809523809525e-07,9.130434782608695,2100,,,,,,,,
,,,9.130434782608695,2100,1.1143264770507812,0.6838235294117647,0.8122270742358079,506.7385,,,,
1.1211,1.7517976760864258,8.333333333333333e-07,9.23913043478261,2125,,,,,,,,
,,,9.23913043478261,2125,1.1125571727752686,0.6838235294117647,0.8122270742358079,512.7903,,,,
1.1048,1.577410340309143,7.142857142857143e-07,9.347826086956522,2150,,,,,,,,
,,,9.347826086956522,2150,1.1111234426498413,0.6838235294117647,0.8122270742358079,518.7736,,,,
1.1185,1.2630726099014282,5.952380952380953e-07,9.456521739130435,2175,,,,,,,,
,,,9.456521739130435,2175,1.109868049621582,0.6838235294117647,0.8122270742358079,524.8633,,,,
1.1084,0.580288290977478,4.7619047619047623e-07,9.565217391304348,2200,,,,,,,,
,,,9.565217391304348,2200,1.1088488101959229,0.6838235294117647,0.8122270742358079,530.8762,,,,
1.1185,0.7760268449783325,3.5714285714285716e-07,9.673913043478262,2225,,,,,,,,
,,,9.673913043478262,2225,1.1080291271209717,0.6838235294117647,0.8122270742358079,536.8878,,,,
1.1219,0.6633927822113037,2.3809523809523811e-07,9.782608695652174,2250,,,,,,,,
,,,9.782608695652174,2250,1.1074129343032837,0.6838235294117647,0.8122270742358079,542.9405,,,,
1.1198,1.9898180961608887,1.1904761904761906e-07,9.891304347826086,2275,,,,,,,,
,,,9.891304347826086,2275,1.1070655584335327,0.6838235294117647,0.8122270742358079,548.9983,,,,
1.1347,2.7427403926849365,0.0,10.0,2300,,,,,,,,
,,,10.0,2300,1.106942892074585,0.6838235294117647,0.8122270742358079,555.0514,,,,
,,,10.0,2300,,,,554.6995,66.126,4.146,1458501490289760.0,1.4076994838403618
