loss,grad_norm,learning_rate,epoch,step,eval_loss,eval_accuracy,train_runtime,train_samples_per_second,train_steps_per_second,total_flos,train_loss
0.718,1.7190988063812256,3.5e-06,0.00641025641025641,1,,,,,,,
0.7035,1.792576789855957,8.75e-05,0.16025641025641027,25,,,,,,,
,,,0.16025641025641027,25,0.7086025476455688,0.4729241877256318,11.0298,,,,
0.7205,1.0728843212127686,0.000175,0.32051282051282054,50,,,,,,,
,,,0.32051282051282054,50,0.6946396827697754,0.5270758122743683,21.3294,,,,
0.7009,0.5118489861488342,0.0002625,0.4807692307692308,75,,,,,,,
,,,0.4807692307692308,75,0.69754558801651,0.5270758122743683,32.9212,,,,
0.7052,1.7783231735229492,0.00035,0.6410256410256411,100,,,,,,,
,,,0.6410256410256411,100,0.6882337927818298,0.5234657039711191,43.6023,,,,
0.6943,1.9937560558319092,0.0004375,0.8012820512820513,125,,,,,,,
,,,0.8012820512820513,125,0.6886926889419556,0.516245487364621,55.0534,,,,
0.7017,1.6607366800308228,0.000525,0.9615384615384616,150,,,,,,,
,,,0.9615384615384616,150,0.6869416236877441,0.49458483754512633,65.7091,,,,
0.6997,3.8018014430999756,0.0006125,1.1217948717948718,175,,,,,,,
,,,1.1217948717948718,175,0.7135032415390015,0.4729241877256318,76.7311,,,,
0.7049,3.1158528327941895,0.0007,1.282051282051282,200,,,,,,,
,,,1.282051282051282,200,0.6917006373405457,0.5270758122743683,87.9741,,,,
0.7008,0.9117230772972107,0.0006871323529411764,1.4423076923076923,225,,,,,,,
,,,1.4423076923076923,225,0.7086861729621887,0.4729241877256318,98.788,,,,
0.7003,0.5471959114074707,0.0006742647058823529,1.6025641025641026,250,,,,,,,
,,,1.6025641025641026,250,0.6955202221870422,0.4729241877256318,109.7976,,,,
0.7223,1.4434220790863037,0.0006613970588235294,1.7628205128205128,275,,,,,,,
,,,1.7628205128205128,275,0.6917164325714111,0.5270758122743683,120.3926,,,,
0.6993,1.5269596576690674,0.0006485294117647059,1.9230769230769231,300,,,,,,,
,,,1.9230769230769231,300,0.7113504409790039,0.4729241877256318,131.6485,,,,
0.6996,0.4502643048763275,0.0006356617647058823,2.0833333333333335,325,,,,,,,
,,,2.0833333333333335,325,0.6976433992385864,0.4729241877256318,142.2678,,,,
0.698,0.589634120464325,0.0006227941176470587,2.2435897435897436,350,,,,,,,
,,,2.2435897435897436,350,0.7061663866043091,0.4729241877256318,152.9958,,,,
0.7021,1.7514243125915527,0.0006099264705882353,2.4038461538461537,375,,,,,,,
,,,2.4038461538461537,375,0.6957561373710632,0.4729241877256318,163.9301,,,,
0.7145,0.8480476140975952,0.0005970588235294117,2.564102564102564,400,,,,,,,
,,,2.564102564102564,400,0.691705584526062,0.5270758122743683,174.8986,,,,
0.6962,0.47131237387657166,0.0005841911764705882,2.7243589743589745,425,,,,,,,
,,,2.7243589743589745,425,0.7104686498641968,0.4729241877256318,185.9775,,,,
0.7004,0.5047099590301514,0.0005713235294117647,2.8846153846153846,450,,,,,,,
,,,2.8846153846153846,450,0.7034634351730347,0.5270758122743683,197.0694,,,,
0.6906,0.4393005669116974,0.0005584558823529412,3.0448717948717947,475,,,,,,,
,,,3.0448717948717947,475,0.6934418678283691,0.4729241877256318,207.8512,,,,
0.6998,0.9419713020324707,0.0005455882352941177,3.2051282051282053,500,,,,,,,
,,,3.2051282051282053,500,0.6930333971977234,0.5270758122743683,218.926,,,,
0.6996,2.107309579849243,0.0005327205882352941,3.3653846153846154,525,,,,,,,
,,,3.3653846153846154,525,0.6916941404342651,0.5270758122743683,230.327,,,,
0.7024,1.4719465970993042,0.0005198529411764706,3.5256410256410255,550,,,,,,,
,,,3.5256410256410255,550,0.6916830539703369,0.5270758122743683,240.7897,,,,
0.6989,0.3773050308227539,0.0005069852941176471,3.685897435897436,575,,,,,,,
,,,3.685897435897436,575,0.691973090171814,0.5270758122743683,251.3854,,,,
0.6965,0.8305672407150269,0.0004941176470588236,3.8461538461538463,600,,,,,,,
,,,3.8461538461538463,600,0.6940395832061768,0.4729241877256318,262.6193,,,,
0.7035,1.4778223037719727,0.00048125,4.006410256410256,625,,,,,,,
,,,4.006410256410256,625,0.6954575181007385,0.4729241877256318,273.6889,,,,
0.6928,0.6721027493476868,0.00046838235294117644,4.166666666666667,650,,,,,,,
,,,4.166666666666667,650,0.6922977566719055,0.5270758122743683,284.7744,,,,
0.698,0.7113020420074463,0.00045551470588235297,4.326923076923077,675,,,,,,,
,,,4.326923076923077,675,0.6960354447364807,0.5270758122743683,295.3293,,,,
0.6983,0.9956655502319336,0.0004426470588235294,4.487179487179487,700,,,,,,,
,,,4.487179487179487,700,0.6993355751037598,0.4729241877256318,306.5619,,,,
0.6955,0.8838791251182556,0.0004297794117647059,4.647435897435898,725,,,,,,,
,,,4.647435897435898,725,0.6919999122619629,0.5270758122743683,317.2595,,,,
0.6987,1.570780634880066,0.00041691176470588234,4.8076923076923075,750,,,,,,,
,,,4.8076923076923075,750,0.6921416521072388,0.5270758122743683,328.1945,,,,
0.6876,1.0303335189819336,0.00040404411764705876,4.967948717948718,775,,,,,,,
,,,4.967948717948718,775,0.6954507827758789,0.5270758122743683,338.8995,,,,
0.6989,0.37229686975479126,0.0003911764705882353,5.128205128205128,800,,,,,,,
,,,5.128205128205128,800,0.6916928291320801,0.5270758122743683,349.9784,,,,
0.7029,1.321256399154663,0.00037830882352941176,5.288461538461538,825,,,,,,,
,,,5.288461538461538,825,0.6916882991790771,0.5270758122743683,360.9813,,,,
0.7004,0.657085657119751,0.00036544117647058824,5.448717948717949,850,,,,,,,
,,,5.448717948717949,850,0.6935007572174072,0.4729241877256318,372.3872,,,,
0.7002,2.8328115940093994,0.0003525735294117647,5.608974358974359,875,,,,,,,
,,,5.608974358974359,875,0.6918845176696777,0.5270758122743683,383.5844,,,,
0.7006,2.3691554069519043,0.0003397058823529412,5.769230769230769,900,,,,,,,
,,,5.769230769230769,900,0.6975737810134888,0.4729241877256318,394.3174,,,,
0.6928,0.48396018147468567,0.00032683823529411766,5.92948717948718,925,,,,,,,
,,,5.92948717948718,925,0.6944934725761414,0.4729241877256318,405.0995,,,,
0.692,0.6000306606292725,0.00031397058823529414,6.089743589743589,950,,,,,,,
,,,6.089743589743589,950,0.6932818293571472,0.4729241877256318,415.9802,,,,
0.6922,1.3004273176193237,0.0003011029411764706,6.25,975,,,,,,,
,,,6.25,975,0.6919388175010681,0.5270758122743683,427.1918,,,,
0.6987,1.222186803817749,0.00028823529411764703,6.410256410256411,1000,,,,,,,
,,,6.410256410256411,1000,0.6940436959266663,0.4729241877256318,437.9426,,,,
0.6937,1.1557471752166748,0.0002753676470588235,6.57051282051282,1025,,,,,,,
,,,6.57051282051282,1025,0.6980470418930054,0.4729241877256318,449.2916,,,,
0.6927,0.5802850723266602,0.0002625,6.730769230769231,1050,,,,,,,
,,,6.730769230769231,1050,0.6960567235946655,0.4729241877256318,460.3866,,,,
0.7022,0.9217875599861145,0.00024963235294117646,6.891025641025641,1075,,,,,,,
,,,6.891025641025641,1075,0.6922834515571594,0.5270758122743683,471.9919,,,,
0.6937,1.1285319328308105,0.00023676470588235296,7.051282051282051,1100,,,,,,,
,,,7.051282051282051,1100,0.6930041909217834,0.5270758122743683,482.7197,,,,
0.6932,0.7967527508735657,0.00022389705882352938,7.211538461538462,1125,,,,,,,
,,,7.211538461538462,1125,0.6940475702285767,0.4729241877256318,493.4475,,,,
0.6929,0.5898270606994629,0.00021102941176470586,7.371794871794872,1150,,,,,,,
,,,7.371794871794872,1150,0.6930874586105347,0.5270758122743683,505.262,,,,
0.6953,0.31874939799308777,0.00019816176470588236,7.532051282051282,1175,,,,,,,
,,,7.532051282051282,1175,0.6916863322257996,0.5270758122743683,515.9714,,,,
0.6933,0.7071250677108765,0.00018529411764705883,7.6923076923076925,1200,,,,,,,
,,,7.6923076923076925,1200,0.6943148374557495,0.4729241877256318,526.8048,,,,
0.6975,0.9189844131469727,0.0001724264705882353,7.852564102564102,1225,,,,,,,
,,,7.852564102564102,1225,0.6917560696601868,0.5270758122743683,537.9402,,,,
0.6962,0.6564660668373108,0.00015955882352941176,8.012820512820513,1250,,,,,,,
,,,8.012820512820513,1250,0.6934649348258972,0.4729241877256318,548.8287,,,,
0.6942,0.7734086513519287,0.00014669117647058823,8.173076923076923,1275,,,,,,,
,,,8.173076923076923,1275,0.6927708387374878,0.5270758122743683,559.8697,,,,
0.6928,0.807590126991272,0.0001338235294117647,8.333333333333334,1300,,,,,,,
,,,8.333333333333334,1300,0.6918424367904663,0.5270758122743683,570.5856,,,,
0.6931,1.4649709463119507,0.00012095588235294117,8.493589743589745,1325,,,,,,,
,,,8.493589743589745,1325,0.691948652267456,0.5270758122743683,581.9658,,,,
0.6962,0.3869539797306061,0.00010808823529411764,8.653846153846153,1350,,,,,,,
,,,8.653846153846153,1350,0.6923810243606567,0.5270758122743683,592.4758,,,,
0.6935,1.4294337034225464,9.52205882352941e-05,8.814102564102564,1375,,,,,,,
,,,8.814102564102564,1375,0.6927073001861572,0.5270758122743683,603.412,,,,
0.694,0.5047905445098877,8.235294117647058e-05,8.974358974358974,1400,,,,,,,
,,,8.974358974358974,1400,0.692945659160614,0.5270758122743683,614.1275,,,,
0.6933,0.3118197023868561,6.948529411764706e-05,9.134615384615385,1425,,,,,,,
,,,9.134615384615385,1425,0.6938063502311707,0.4729241877256318,624.7824,,,,
0.6956,0.39443400502204895,5.661764705882353e-05,9.294871794871796,1450,,,,,,,
,,,9.294871794871796,1450,0.6929194331169128,0.5270758122743683,635.7474,,,,
0.6928,0.4300980865955353,4.375e-05,9.455128205128204,1475,,,,,,,
,,,9.455128205128204,1475,0.6934279799461365,0.4729241877256318,646.4706,,,,
0.6947,0.36815106868743896,3.0882352941176475e-05,9.615384615384615,1500,,,,,,,
,,,9.615384615384615,1500,0.6924998760223389,0.5270758122743683,657.9223,,,,
0.6917,1.8990395069122314,1.801470588235294e-05,9.775641025641026,1525,,,,,,,
,,,9.775641025641026,1525,0.6924179792404175,0.5270758122743683,669.4379,,,,
0.6941,0.29719510674476624,5.147058823529411e-06,9.935897435897436,1550,,,,,,,
,,,9.935897435897436,1550,0.692489504814148,0.5270758122743683,680.32,,,,
,,,10.0,1560,,,682.9638,36.459,2.284,2135696326810560.0,0.6980911439045882
