loss,grad_norm,learning_rate,epoch,step,eval_loss,eval_accuracy,eval_f1,train_runtime,train_samples_per_second,train_steps_per_second,total_flos,train_loss
0.7008,1.4403598308563232,2.5e-06,0.004347826086956522,1,,,,,,,,
0.6566,0.8086967468261719,6.25e-05,0.10869565217391304,25,,,,,,,,
,,,0.10869565217391304,25,0.6358229517936707,0.6838235294117647,0.8122270742358079,6.5004,,,,
0.6605,1.2608094215393066,0.000125,0.21739130434782608,50,,,,,,,,
,,,0.21739130434782608,50,0.6252954006195068,0.6838235294117647,0.8122270742358079,12.6883,,,,
0.6396,2.4543423652648926,0.0001875,0.32608695652173914,75,,,,,,,,
,,,0.32608695652173914,75,0.620941162109375,0.6838235294117647,0.8122270742358079,18.9494,,,,
0.6407,0.6102637648582458,0.00025,0.43478260869565216,100,,,,,,,,
,,,0.43478260869565216,100,0.6158211827278137,0.6838235294117647,0.8122270742358079,25.146,,,,
0.5997,1.0307859182357788,0.0003125,0.5434782608695652,125,,,,,,,,
,,,0.5434782608695652,125,0.6035995483398438,0.6838235294117647,0.8122270742358079,31.3635,,,,
0.5814,3.435835361480713,0.000375,0.6521739130434783,150,,,,,,,,
,,,0.6521739130434783,150,0.5383621454238892,0.7254901960784313,0.8233438485804416,37.5745,,,,
0.5935,3.371767282485962,0.0004375,0.7608695652173914,175,,,,,,,,
,,,0.7608695652173914,175,0.5320715308189392,0.7916666666666666,0.8428835489833642,43.9325,,,,
0.5296,1.5100988149642944,0.0005,0.8695652173913043,200,,,,,,,,
,,,0.8695652173913043,200,0.4643815755844116,0.7696078431372549,0.8498402555910544,50.2493,,,,
0.509,2.2837579250335693,0.0004940476190476191,0.9782608695652174,225,,,,,,,,
,,,0.9782608695652174,225,0.4831883907318115,0.7818627450980392,0.8258317025440314,56.4731,,,,
0.4839,1.1598697900772095,0.0004880952380952381,1.0869565217391304,250,,,,,,,,
,,,1.0869565217391304,250,0.45087265968322754,0.7818627450980392,0.8562197092084006,62.5293,,,,
0.5253,0.6083279252052307,0.00048214285714285715,1.1956521739130435,275,,,,,,,,
,,,1.1956521739130435,275,0.4344478249549866,0.7622549019607843,0.847244094488189,68.7639,,,,
0.4716,2.2277655601501465,0.0004761904761904762,1.3043478260869565,300,,,,,,,,
,,,1.3043478260869565,300,0.37119606137275696,0.821078431372549,0.8698752228163994,75.0519,,,,
0.4471,3.719972610473633,0.00047023809523809523,1.4130434782608696,325,,,,,,,,
,,,1.4130434782608696,325,0.7031309604644775,0.625,0.6222222222222222,81.2109,,,,
0.5194,1.6094985008239746,0.00046428571428571433,1.5217391304347827,350,,,,,,,,
,,,1.5217391304347827,350,0.3672046363353729,0.821078431372549,0.8694096601073344,87.4699,,,,
0.4254,1.0193288326263428,0.0004583333333333333,1.6304347826086958,375,,,,,,,,
,,,1.6304347826086958,375,0.36504170298576355,0.821078431372549,0.8660550458715596,93.5697,,,,
0.3856,1.9996211528778076,0.00045238095238095237,1.7391304347826086,400,,,,,,,,
,,,1.7391304347826086,400,0.3756850063800812,0.8382352941176471,0.8812949640287768,99.778,,,,
0.4526,2.3524134159088135,0.00044642857142857147,1.8478260869565217,425,,,,,,,,
,,,1.8478260869565217,425,0.38503703474998474,0.8259803921568627,0.8790459965928449,106.0255,,,,
0.439,0.7509167194366455,0.00044047619047619046,1.9565217391304348,450,,,,,,,,
,,,1.9565217391304348,450,0.3358745574951172,0.8504901960784313,0.8892921960072594,112.3258,,,,
0.404,0.5017821192741394,0.00043452380952380956,2.0652173913043477,475,,,,,,,,
,,,2.0652173913043477,475,0.503401517868042,0.8063725490196079,0.8715447154471545,118.3146,,,,
0.4202,1.3515499830245972,0.00042857142857142855,2.1739130434782608,500,,,,,,,,
,,,2.1739130434782608,500,0.3606453835964203,0.8382352941176471,0.88339222614841,124.5345,,,,
0.3964,1.93055260181427,0.00042261904761904765,2.282608695652174,525,,,,,,,,
,,,2.282608695652174,525,0.36413201689720154,0.8259803921568627,0.8672897196261682,131.0478,,,,
0.3446,0.8030890822410583,0.0004166666666666667,2.391304347826087,550,,,,,,,,
,,,2.391304347826087,550,0.34216299653053284,0.8480392156862745,0.8872727272727273,137.2198,,,,
0.4051,0.8165093064308167,0.0004107142857142857,2.5,575,,,,,,,,
,,,2.5,575,0.3528652489185333,0.8455882352941176,0.8919382504288165,143.4835,,,,
0.3492,0.7205203175544739,0.0004047619047619048,2.608695652173913,600,,,,,,,,
,,,2.608695652173913,600,0.340221643447876,0.8602941176470589,0.8980322003577819,149.6499,,,,
0.3766,0.6579440236091614,0.00039880952380952383,2.717391304347826,625,,,,,,,,
,,,2.717391304347826,625,0.31959205865859985,0.8651960784313726,0.9026548672566371,155.9394,,,,
0.4158,2.2914464473724365,0.0003928571428571429,2.8260869565217392,650,,,,,,,,
,,,2.8260869565217392,650,0.325944185256958,0.8504901960784313,0.8927943760984183,162.16,,,,
0.3442,1.531754732131958,0.0003869047619047619,2.9347826086956523,675,,,,,,,,
,,,2.9347826086956523,675,0.3457906246185303,0.8578431372549019,0.8945454545454546,168.4366,,,,
0.3317,1.9892261028289795,0.00038095238095238096,3.0434782608695654,700,,,,,,,,
,,,3.0434782608695654,700,0.37614211440086365,0.8357843137254902,0.8873949579831933,174.3794,,,,
0.3536,0.8307883739471436,0.000375,3.1521739130434785,725,,,,,,,,
,,,3.1521739130434785,725,0.3755437731742859,0.8406862745098039,0.8903878583473862,180.6116,,,,
0.3437,0.6204230785369873,0.00036904761904761905,3.260869565217391,750,,,,,,,,
,,,3.260869565217391,750,0.391382098197937,0.8357843137254902,0.8892561983471075,186.8308,,,,
0.3054,1.6083377599716187,0.0003630952380952381,3.369565217391304,775,,,,,,,,
,,,3.369565217391304,775,0.34230542182922363,0.8455882352941176,0.8923076923076922,192.9697,,,,
0.3069,2.7759687900543213,0.00035714285714285714,3.4782608695652173,800,,,,,,,,
,,,3.4782608695652173,800,0.3821866512298584,0.8504901960784313,0.8981636060100167,199.146,,,,
0.3738,0.9270898103713989,0.0003511904761904762,3.5869565217391304,825,,,,,,,,
,,,3.5869565217391304,825,0.3136914074420929,0.8553921568627451,0.8987993138936535,205.4138,,,,
0.3304,0.608161449432373,0.00034523809523809523,3.6956521739130435,850,,,,,,,,
,,,3.6956521739130435,850,0.3168275058269501,0.8627450980392157,0.9003558718861211,211.705,,,,
0.3304,1.7676407098770142,0.00033928571428571433,3.8043478260869565,875,,,,,,,,
,,,3.8043478260869565,875,0.3116191625595093,0.8627450980392157,0.899641577060932,217.9458,,,,
0.3388,1.6708370447158813,0.0003333333333333333,3.9130434782608696,900,,,,,,,,
,,,3.9130434782608696,900,0.3219863176345825,0.8529411764705882,0.894736842105263,224.1895,,,,
0.3733,1.5125375986099243,0.00032738095238095237,4.021739130434782,925,,,,,,,,
,,,4.021739130434782,925,0.35164138674736023,0.8553921568627451,0.9008403361344538,230.2872,,,,
0.2776,0.38738006353378296,0.00032142857142857147,4.130434782608695,950,,,,,,,,
,,,4.130434782608695,950,0.3642198145389557,0.8431372549019608,0.893687707641196,236.5293,,,,
0.3516,2.564687967300415,0.00031547619047619046,4.239130434782608,975,,,,,,,,
,,,4.239130434782608,975,0.3501840829849243,0.8480392156862745,0.895973154362416,242.6842,,,,
0.3434,0.8163679838180542,0.00030952380952380956,4.3478260869565215,1000,,,,,,,,
,,,4.3478260869565215,1000,0.3185482919216156,0.8504901960784313,0.8953687821612349,248.8183,,,,
0.3345,1.7683604955673218,0.00030357142857142855,4.456521739130435,1025,,,,,,,,
,,,4.456521739130435,1025,0.3237144649028778,0.8529411764705882,0.8880597014925373,255.4913,,,,
0.2742,0.8488184809684753,0.00029761904761904765,4.565217391304348,1050,,,,,,,,
,,,4.565217391304348,1050,0.3202126920223236,0.8651960784313726,0.9001814882032667,261.7002,,,,
0.2632,0.6050983667373657,0.0002916666666666667,4.673913043478261,1075,,,,,,,,
,,,4.673913043478261,1075,0.33641359210014343,0.8602941176470589,0.9001751313485115,267.937,,,,
0.2372,1.2969657182693481,0.0002857142857142857,4.782608695652174,1100,,,,,,,,
,,,4.782608695652174,1100,0.34747084975242615,0.8700980392156863,0.9048473967684021,274.1345,,,,
0.2924,1.1857542991638184,0.0002797619047619048,4.891304347826087,1125,,,,,,,,
,,,4.891304347826087,1125,0.3229564130306244,0.8627450980392157,0.9,280.3836,,,,
0.2652,0.064027339220047,0.0002738095238095238,5.0,1150,,,,,,,,
,,,5.0,1150,0.3371482491493225,0.8578431372549019,0.8986013986013986,286.5428,,,,
0.2417,0.3506425619125366,0.00026785714285714287,5.108695652173913,1175,,,,,,,,
,,,5.108695652173913,1175,0.35902321338653564,0.8578431372549019,0.8996539792387542,292.7438,,,,
0.2832,2.1370182037353516,0.0002619047619047619,5.217391304347826,1200,,,,,,,,
,,,5.217391304347826,1200,0.32424265146255493,0.8651960784313726,0.9040139616055847,298.9819,,,,
0.245,0.5869947671890259,0.00025595238095238096,5.326086956521739,1225,,,,,,,,
,,,5.326086956521739,1225,0.32935476303100586,0.8700980392156863,0.9041591320072333,305.2573,,,,
0.3048,0.5308376550674438,0.00025,5.434782608695652,1250,,,,,,,,
,,,5.434782608695652,1250,0.3646053969860077,0.8455882352941176,0.891566265060241,311.4247,,,,
0.2499,1.4996527433395386,0.00024404761904761905,5.543478260869565,1275,,,,,,,,
,,,5.543478260869565,1275,0.3321472704410553,0.8651960784313726,0.9016100178890876,317.623,,,,
0.2623,0.6149905323982239,0.0002380952380952381,5.6521739130434785,1300,,,,,,,,
,,,5.6521739130434785,1300,0.31749314069747925,0.8578431372549019,0.8978873239436619,323.8325,,,,
0.2362,0.5849183201789856,0.00023214285714285717,5.760869565217392,1325,,,,,,,,
,,,5.760869565217392,1325,0.3388125002384186,0.8602941176470589,0.8980322003577819,330.168,,,,
0.2901,1.713212490081787,0.00022619047619047618,5.869565217391305,1350,,,,,,,,
,,,5.869565217391305,1350,0.334079772233963,0.8627450980392157,0.8966789667896681,336.5046,,,,
0.2983,0.684585452079773,0.00022023809523809523,5.978260869565218,1375,,,,,,,,
,,,5.978260869565218,1375,0.3138258755207062,0.8676470588235294,0.9003690036900369,342.8685,,,,
0.2015,2.0468151569366455,0.00021428571428571427,6.086956521739131,1400,,,,,,,,
,,,6.086956521739131,1400,0.4114493429660797,0.8455882352941176,0.8941176470588236,349.0153,,,,
0.2574,0.621195912361145,0.00020833333333333335,6.195652173913044,1425,,,,,,,,
,,,6.195652173913044,1425,0.330043762922287,0.8553921568627451,0.8963093145869947,355.4472,,,,
0.2341,1.274038553237915,0.0002023809523809524,6.304347826086957,1450,,,,,,,,
,,,6.304347826086957,1450,0.37044376134872437,0.8627450980392157,0.8955223880597015,361.593,,,,
0.2965,0.5175946950912476,0.00019642857142857144,6.413043478260869,1475,,,,,,,,
,,,6.413043478260869,1475,0.30980804562568665,0.8602941176470589,0.9001751313485115,367.8552,,,,
0.2672,0.9325034618377686,0.00019047619047619048,6.521739130434782,1500,,,,,,,,
,,,6.521739130434782,1500,0.313716858625412,0.8700980392156863,0.905861456483126,374.0919,,,,
0.2079,2.5470082759857178,0.00018452380952380953,6.630434782608695,1525,,,,,,,,
,,,6.630434782608695,1525,0.345147967338562,0.8700980392156863,0.9071803852889667,380.7859,,,,
0.2653,0.4016934037208557,0.00017857142857142857,6.739130434782608,1550,,,,,,,,
,,,6.739130434782608,1550,0.3247140645980835,0.8823529411764706,0.9117647058823529,387.045,,,,
0.2416,0.505210280418396,0.00017261904761904762,6.8478260869565215,1575,,,,,,,,
,,,6.8478260869565215,1575,0.31487977504730225,0.8799019607843137,0.9123434704830053,393.332,,,,
0.2552,0.5341097116470337,0.00016666666666666666,6.956521739130435,1600,,,,,,,,
,,,6.956521739130435,1600,0.32930251955986023,0.8676470588235294,0.9045936395759717,399.6859,,,,
0.1869,0.7632532715797424,0.00016071428571428573,7.065217391304348,1625,,,,,,,,
,,,7.065217391304348,1625,0.3421381413936615,0.8725490196078431,0.9087719298245615,405.8166,,,,
0.2304,0.9621555805206299,0.00015476190476190478,7.173913043478261,1650,,,,,,,,
,,,7.173913043478261,1650,0.32164230942726135,0.8799019607843137,0.9120287253141832,412.0946,,,,
0.2138,0.6897563338279724,0.00014880952380952382,7.282608695652174,1675,,,,,,,,
,,,7.282608695652174,1675,0.3239567279815674,0.8627450980392157,0.903448275862069,418.326,,,,
0.235,1.3332147598266602,0.00014285714285714284,7.391304347826087,1700,,,,,,,,
,,,7.391304347826087,1700,0.3099278211593628,0.8676470588235294,0.9059233449477352,424.7028,,,,
0.2312,0.5187227725982666,0.0001369047619047619,7.5,1725,,,,,,,,
,,,7.5,1725,0.3193013668060303,0.8848039215686274,0.9153153153153154,431.0354,,,,
0.2388,0.8098635673522949,0.00013095238095238096,7.608695652173913,1750,,,,,,,,
,,,7.608695652173913,1750,0.3045330047607422,0.8823529411764706,0.9145907473309609,437.3542,,,,
0.2334,1.382136583328247,0.000125,7.717391304347826,1775,,,,,,,,
,,,7.717391304347826,1775,0.3215044140815735,0.8627450980392157,0.9027777777777778,443.6496,,,,
0.2042,0.4288020431995392,0.00011904761904761905,7.826086956521739,1800,,,,,,,,
,,,7.826086956521739,1800,0.32791680097579956,0.8774509803921569,0.9116607773851589,449.927,,,,
0.2228,0.5257096886634827,0.00011309523809523809,7.934782608695652,1825,,,,,,,,
,,,7.934782608695652,1825,0.31794238090515137,0.8897058823529411,0.9183303085299456,456.3461,,,,
0.286,0.5585399270057678,0.00010714285714285714,8.043478260869565,1850,,,,,,,,
,,,8.043478260869565,1850,0.3283013105392456,0.8700980392156863,0.9075043630017452,462.5634,,,,
0.2103,0.8842523097991943,0.0001011904761904762,8.152173913043478,1875,,,,,,,,
,,,8.152173913043478,1875,0.325486421585083,0.8897058823529411,0.9197860962566845,468.8265,,,,
0.1805,0.10902126133441925,9.523809523809524e-05,8.26086956521739,1900,,,,,,,,
,,,8.26086956521739,1900,0.34161385893821716,0.8774509803921569,0.9119718309859154,475.1519,,,,
0.1923,0.7637379169464111,8.928571428571429e-05,8.369565217391305,1925,,,,,,,,
,,,8.369565217391305,1925,0.32833099365234375,0.8897058823529411,0.9200710479573712,481.4457,,,,
0.2087,0.9831175804138184,8.333333333333333e-05,8.478260869565217,1950,,,,,,,,
,,,8.478260869565217,1950,0.3341735899448395,0.8848039215686274,0.9168141592920355,487.8198,,,,
0.1987,1.716822624206543,7.738095238095239e-05,8.58695652173913,1975,,,,,,,,
,,,8.58695652173913,1975,0.3400895297527313,0.8676470588235294,0.9059233449477352,494.0177,,,,
0.2225,0.7328845262527466,7.142857142857142e-05,8.695652173913043,2000,,,,,,,,
,,,8.695652173913043,2000,0.3388524055480957,0.8651960784313726,0.9043478260869565,500.2907,,,,
0.2061,1.2284778356552124,6.547619047619048e-05,8.804347826086957,2025,,,,,,,,
,,,8.804347826086957,2025,0.340048611164093,0.875,0.9084380610412927,506.9114,,,,
0.2343,1.311108946800232,5.9523809523809524e-05,8.91304347826087,2050,,,,,,,,
,,,8.91304347826087,2050,0.34585458040237427,0.8774509803921569,0.9116607773851589,513.2288,,,,
0.2494,0.6099821925163269,5.357142857142857e-05,9.021739130434783,2075,,,,,,,,
,,,9.021739130434783,2075,0.3384530544281006,0.8799019607843137,0.9129662522202486,519.3203,,,,
0.1718,0.7150842547416687,4.761904761904762e-05,9.130434782608695,2100,,,,,,,,
,,,9.130434782608695,2100,0.3465218245983124,0.8872549019607843,0.9166666666666666,525.571,,,,
0.1908,0.6744306683540344,4.1666666666666665e-05,9.23913043478261,2125,,,,,,,,
,,,9.23913043478261,2125,0.33581113815307617,0.8848039215686274,0.9159212880143113,531.8035,,,,
0.2268,0.8707378506660461,3.571428571428571e-05,9.347826086956522,2150,,,,,,,,
,,,9.347826086956522,2150,0.33469802141189575,0.8774509803921569,0.912280701754386,538.039,,,,
0.1908,0.5303975343704224,2.9761904761904762e-05,9.456521739130435,2175,,,,,,,,
,,,9.456521739130435,2175,0.33297961950302124,0.8921568627450981,0.9217081850533807,544.3366,,,,
0.1951,0.9428926110267639,2.380952380952381e-05,9.565217391304348,2200,,,,,,,,
,,,9.565217391304348,2200,0.3454969823360443,0.8676470588235294,0.9059233449477352,550.5705,,,,
0.2181,0.7867502570152283,1.7857142857142855e-05,9.673913043478262,2225,,,,,,,,
,,,9.673913043478262,2225,0.33783677220344543,0.8823529411764706,0.915492957746479,556.8023,,,,
0.2103,0.316819965839386,1.1904761904761905e-05,9.782608695652174,2250,,,,,,,,
,,,9.782608695652174,2250,0.33574649691581726,0.8848039215686274,0.9171075837742505,563.0218,,,,
0.1752,1.2121303081512451,5.9523809523809525e-06,9.891304347826086,2275,,,,,,,,
,,,9.891304347826086,2275,0.3358631432056427,0.8897058823529411,0.9203539823008849,569.3594,,,,
0.19,0.41513386368751526,0.0,10.0,2300,,,,,,,,
,,,10.0,2300,0.33542680740356445,0.8872549019607843,0.9184397163120569,575.4898,,,,
,,,10.0,2300,,,,575.1673,63.773,3.999,1530446719931808.0,0.32214864839678226
