loss,grad_norm,learning_rate,epoch,step,eval_loss,eval_accuracy,eval_f1,train_runtime,train_samples_per_second,train_steps_per_second,total_flos,train_loss
0.6987,1.0636205673217773,2.5e-06,0.0,1,,,,,,,,
0.6715,0.7443246841430664,6.25e-05,0.11,25,,,,,,,,
,,,0.11,25,0.6413440108299255,0.6838235294117647,0.8122270742358079,7.5003,,,,
0.6591,1.2905329465866089,0.000125,0.22,50,,,,,,,,
,,,0.22,50,0.6246387362480164,0.6838235294117647,0.8122270742358079,12.5675,,,,
0.6412,2.515411138534546,0.0001875,0.33,75,,,,,,,,
,,,0.33,75,0.6208868026733398,0.6838235294117647,0.8122270742358079,17.8005,,,,
0.6405,0.7150464057922363,0.00025,0.43,100,,,,,,,,
,,,0.43,100,0.6143873333930969,0.6838235294117647,0.8122270742358079,22.9532,,,,
0.5988,0.9580963253974915,0.0003125,0.54,125,,,,,,,,
,,,0.54,125,0.5975003838539124,0.6838235294117647,0.8122270742358079,28.2014,,,,
0.5678,5.545741081237793,0.000375,0.65,150,,,,,,,,
,,,0.65,150,0.5047847032546997,0.75,0.8365384615384615,33.4311,,,,
0.611,4.473371505737305,0.0004375,0.76,175,,,,,,,,
,,,0.76,175,0.5365368723869324,0.7671568627450981,0.819047619047619,38.8054,,,,
0.5253,2.249241590499878,0.0005,0.87,200,,,,,,,,
,,,0.87,200,0.5245234966278076,0.7549019607843137,0.84375,44.1773,,,,
0.554,1.5711501836776733,0.0004940476190476191,0.98,225,,,,,,,,
,,,0.98,225,0.43922126293182373,0.8137254901960784,0.858736059479554,49.4756,,,,
0.4765,2.0945894718170166,0.0004880952380952381,1.09,250,,,,,,,,
,,,1.09,250,0.418994665145874,0.8161764705882353,0.8756218905472636,54.6135,,,,
0.4746,1.437560796737671,0.00048214285714285715,1.2,275,,,,,,,,
,,,1.2,275,0.3919680714607239,0.8088235294117647,0.8699999999999999,59.9874,,,,
0.4787,2.0955073833465576,0.0004761904761904762,1.3,300,,,,,,,,
,,,1.3,300,0.3701540529727936,0.8382352941176471,0.8865979381443299,65.3504,,,,
0.3814,3.238341808319092,0.00047023809523809523,1.41,325,,,,,,,,
,,,1.41,325,0.3738553524017334,0.8235294117647058,0.861003861003861,70.7655,,,,
0.4736,12.556330680847168,0.00046428571428571433,1.52,350,,,,,,,,
,,,1.52,350,0.5086735486984253,0.7745098039215687,0.853035143769968,76.1671,,,,
0.4432,1.5748753547668457,0.0004583333333333333,1.63,375,,,,,,,,
,,,1.63,375,0.36014336347579956,0.8406862745098039,0.8820326678765881,81.5873,,,,
0.3613,3.844769239425659,0.00045238095238095237,1.74,400,,,,,,,,
,,,1.74,400,0.38489457964897156,0.8700980392156863,0.9045045045045046,86.999,,,,
0.4592,7.030501365661621,0.00044642857142857147,1.85,425,,,,,,,,
,,,1.85,425,0.3584868609905243,0.8455882352941176,0.8818011257035647,92.5476,,,,
0.4095,1.8540209531784058,0.00044047619047619046,1.96,450,,,,,,,,
,,,1.96,450,0.34242236614227295,0.8553921568627451,0.8977469670710572,98.1477,,,,
0.375,1.559912085533142,0.00043452380952380956,2.07,475,,,,,,,,
,,,2.07,475,0.4601569175720215,0.8357843137254902,0.8892561983471075,103.494,,,,
0.3869,1.0538263320922852,0.00042857142857142855,2.17,500,,,,,,,,
,,,2.17,500,0.33059805631637573,0.8504901960784313,0.8868274582560297,109.0188,,,,
0.3758,3.1735799312591553,0.00042261904761904765,2.28,525,,,,,,,,
,,,2.28,525,0.3361348509788513,0.8578431372549019,0.8937728937728937,115.1054,,,,
0.3338,1.657277226448059,0.0004166666666666667,2.39,550,,,,,,,,
,,,2.39,550,0.3536861538887024,0.8700980392156863,0.9038112522686026,120.565,,,,
0.4037,2.014671564102173,0.0004107142857142857,2.5,575,,,,,,,,
,,,2.5,575,0.33912894129753113,0.8431372549019608,0.8904109589041096,126.0318,,,,
0.3421,1.698462963104248,0.0004047619047619048,2.61,600,,,,,,,,
,,,2.61,600,0.3470909297466278,0.8676470588235294,0.906896551724138,131.5179,,,,
0.3341,4.346343994140625,0.00039880952380952383,2.72,625,,,,,,,,
,,,2.72,625,0.38164854049682617,0.8627450980392157,0.9050847457627118,137.0246,,,,
0.4129,5.023177146911621,0.0003928571428571429,2.83,650,,,,,,,,
,,,2.83,650,0.31883081793785095,0.8578431372549019,0.8978873239436619,142.5918,,,,
0.3285,4.294274806976318,0.0003869047619047619,2.93,675,,,,,,,,
,,,2.93,675,0.332153856754303,0.8627450980392157,0.901060070671378,148.0943,,,,
0.3144,5.228631496429443,0.00038095238095238096,3.04,700,,,,,,,,
,,,3.04,700,0.3609567880630493,0.8602941176470589,0.8994708994708994,153.4323,,,,
0.3377,3.4888947010040283,0.000375,3.15,725,,,,,,,,
,,,3.15,725,0.4596997797489166,0.8480392156862745,0.8963210702341137,158.9096,,,,
0.3401,2.432161569595337,0.00036904761904761905,3.26,750,,,,,,,,
,,,3.26,750,0.3824543058872223,0.8578431372549019,0.9016949152542373,164.4685,,,,
0.2621,2.822114944458008,0.0003630952380952381,3.37,775,,,,,,,,
,,,3.37,775,0.3868836462497711,0.875,0.9106830122591945,169.8193,,,,
0.3238,1.781992793083191,0.00035714285714285714,3.48,800,,,,,,,,
,,,3.48,800,0.36486855149269104,0.8725490196078431,0.9081272084805654,175.3053,,,,
0.366,3.0763466358184814,0.0003511904761904762,3.59,825,,,,,,,,
,,,3.59,825,0.30848807096481323,0.8725490196078431,0.9071428571428571,180.8169,,,,
0.3388,2.3097012042999268,0.00034523809523809523,3.7,850,,,,,,,,
,,,3.7,850,0.30910709500312805,0.8651960784313726,0.9012567324955117,186.393,,,,
0.3174,9.601130485534668,0.00033928571428571433,3.8,875,,,,,,,,
,,,3.8,875,0.32451000809669495,0.875,0.9081081081081082,191.8995,,,,
0.347,6.217987060546875,0.0003333333333333333,3.91,900,,,,,,,,
,,,3.91,900,0.3648562431335449,0.8455882352941176,0.8941176470588236,197.41,,,,
0.3446,5.856264591217041,0.00032738095238095237,4.02,925,,,,,,,,
,,,4.02,925,0.3418799042701721,0.8480392156862745,0.8927335640138409,202.8128,,,,
0.2702,2.284367561340332,0.00032142857142857147,4.13,950,,,,,,,,
,,,4.13,950,0.3365721106529236,0.8602941176470589,0.8998242530755711,208.3144,,,,
0.3355,2.2004425525665283,0.00031547619047619046,4.24,975,,,,,,,,
,,,4.24,975,0.3273181915283203,0.8602941176470589,0.8994708994708994,213.7666,,,,
0.3306,2.2893130779266357,0.00030952380952380956,4.35,1000,,,,,,,,
,,,4.35,1000,0.3254171907901764,0.8700980392156863,0.9051878354203935,219.1689,,,,
0.3304,6.009868144989014,0.00030357142857142855,4.46,1025,,,,,,,,
,,,4.46,1025,0.31973060965538025,0.8627450980392157,0.895910780669145,225.4861,,,,
0.2847,5.417675018310547,0.00029761904761904765,4.57,1050,,,,,,,,
,,,4.57,1050,0.3277025520801544,0.8774509803921569,0.9100719424460433,230.9702,,,,
0.2418,2.153179407119751,0.0002916666666666667,4.67,1075,,,,,,,,
,,,4.67,1075,0.35105380415916443,0.8676470588235294,0.9042553191489361,236.4805,,,,
0.2528,4.108341693878174,0.0002857142857142857,4.78,1100,,,,,,,,
,,,4.78,1100,0.35175883769989014,0.8651960784313726,0.9019607843137256,241.9444,,,,
0.2791,2.9872372150421143,0.0002797619047619048,4.89,1125,,,,,,,,
,,,4.89,1125,0.3109835684299469,0.8651960784313726,0.9026548672566371,247.4174,,,,
0.2674,0.06659174710512161,0.0002738095238095238,5.0,1150,,,,,,,,
,,,5.0,1150,0.31974509358406067,0.875,0.9087656529516995,252.9158,,,,
0.239,1.0388362407684326,0.00026785714285714287,5.11,1175,,,,,,,,
,,,5.11,1175,0.35064414143562317,0.8651960784313726,0.9040139616055847,258.3314,,,,
0.2531,6.77885103225708,0.0002619047619047619,5.22,1200,,,,,,,,
,,,5.22,1200,0.3521122634410858,0.8651960784313726,0.9043478260869565,263.9466,,,,
0.2266,3.3768866062164307,0.00025595238095238096,5.33,1225,,,,,,,,
,,,5.33,1225,0.3521328270435333,0.8774509803921569,0.9090909090909091,269.438,,,,
0.2768,2.371522903442383,0.00025,5.43,1250,,,,,,,,
,,,5.43,1250,0.37138569355010986,0.8872549019607843,0.916058394160584,274.9499,,,,
0.2356,4.5572662353515625,0.00024404761904761905,5.54,1275,,,,,,,,
,,,5.54,1275,0.34788385033607483,0.8799019607843137,0.9107468123861567,280.4658,,,,
0.2425,3.8522260189056396,0.0002380952380952381,5.65,1300,,,,,,,,
,,,5.65,1300,0.33295321464538574,0.8799019607843137,0.9132743362831858,286.0101,,,,
0.2259,2.4869816303253174,0.00023214285714285717,5.76,1325,,,,,,,,
,,,5.76,1325,0.3359617590904236,0.8872549019607843,0.9187279151943463,291.5692,,,,
0.3064,4.06405782699585,0.00022619047619047618,5.87,1350,,,,,,,,
,,,5.87,1350,0.310549795627594,0.8848039215686274,0.9171075837742505,297.1518,,,,
0.2782,1.5216021537780762,0.00022023809523809523,5.98,1375,,,,,,,,
,,,5.98,1375,0.30469202995300293,0.8872549019607843,0.9166666666666666,302.736,,,,
0.1889,7.280861854553223,0.00021428571428571427,6.09,1400,,,,,,,,
,,,6.09,1400,0.41982096433639526,0.8553921568627451,0.9005059021922428,308.1562,,,,
0.2333,2.70585036277771,0.00020833333333333335,6.2,1425,,,,,,,,
,,,6.2,1425,0.34319695830345154,0.8725490196078431,0.9084507042253521,313.8156,,,,
0.2352,2.60843563079834,0.0002023809523809524,6.3,1450,,,,,,,,
,,,6.3,1450,0.3791904151439667,0.8700980392156863,0.9001883239171374,319.2118,,,,
0.2533,3.076099395751953,0.00019642857142857144,6.41,1475,,,,,,,,
,,,6.41,1475,0.36875489354133606,0.8799019607843137,0.9135802469135803,324.7569,,,,
0.2763,1.1641682386398315,0.00019047619047619048,6.52,1500,,,,,,,,
,,,6.52,1500,0.3503352105617523,0.8774509803921569,0.9087591240875913,330.2047,,,,
0.217,10.091389656066895,0.00018452380952380953,6.63,1525,,,,,,,,
,,,6.63,1525,0.37601953744888306,0.8774509803921569,0.9107142857142857,336.4658,,,,
0.2545,1.488888144493103,0.00017857142857142857,6.74,1550,,,,,,,,
,,,6.74,1550,0.37324029207229614,0.8725490196078431,0.9047619047619048,341.8993,,,,
0.217,4.02772331237793,0.00017261904761904762,6.85,1575,,,,,,,,
,,,6.85,1575,0.3798987865447998,0.8700980392156863,0.9045045045045046,347.4388,,,,
0.2662,1.557410717010498,0.00016666666666666666,6.96,1600,,,,,,,,
,,,6.96,1600,0.3489929735660553,0.8823529411764706,0.9127272727272728,352.967,,,,
0.2312,2.338916063308716,0.00016071428571428573,7.07,1625,,,,,,,,
,,,7.07,1625,0.3556756377220154,0.875,0.9074410163339381,358.4098,,,,
0.265,2.911196708679199,0.00015476190476190478,7.17,1650,,,,,,,,
,,,7.17,1650,0.3464222848415375,0.8799019607843137,0.9107468123861567,363.8633,,,,
0.2039,2.532860517501831,0.00014880952380952382,7.28,1675,,,,,,,,
,,,7.28,1675,0.37009161710739136,0.875,0.9128205128205128,369.3701,,,,
0.2284,3.401883125305176,0.00014285714285714284,7.39,1700,,,,,,,,
,,,7.39,1700,0.34609952569007874,0.8897058823529411,0.9203539823008849,374.9124,,,,
0.1951,1.6994037628173828,0.0001369047619047619,7.5,1725,,,,,,,,
,,,7.5,1725,0.3853859305381775,0.8774509803921569,0.9077490774907749,380.5018,,,,
0.2342,2.716299533843994,0.00013095238095238096,7.61,1750,,,,,,,,
,,,7.61,1750,0.3357183337211609,0.8921568627450981,0.9208633093525179,386.0113,,,,
0.2248,7.387516975402832,0.000125,7.72,1775,,,,,,,,
,,,7.72,1775,0.35483795404434204,0.8872549019607843,0.9192982456140351,391.5598,,,,
0.2212,1.6545695066452026,0.00011904761904761905,7.83,1800,,,,,,,,
,,,7.83,1800,0.34863370656967163,0.8872549019607843,0.9175627240143369,397.0499,,,,
0.231,2.4717321395874023,0.00011309523809523809,7.93,1825,,,,,,,,
,,,7.93,1825,0.3350900709629059,0.8774509803921569,0.9090909090909091,402.6837,,,,
0.2671,2.9568545818328857,0.00010714285714285714,8.04,1850,,,,,,,,
,,,8.04,1850,0.34701552987098694,0.8799019607843137,0.913884007029877,408.1702,,,,
0.1959,1.9997413158416748,0.0001011904761904762,8.15,1875,,,,,,,,
,,,8.15,1875,0.354680597782135,0.8799019607843137,0.9120287253141832,413.6346,,,,
0.1698,0.24429938197135925,9.523809523809524e-05,8.26,1900,,,,,,,,
,,,8.26,1900,0.373150497674942,0.8799019607843137,0.9123434704830053,419.2033,,,,
0.2143,4.623703956604004,8.928571428571429e-05,8.37,1925,,,,,,,,
,,,8.37,1925,0.3753150999546051,0.8799019607843137,0.9141856392294221,424.7261,,,,
0.174,4.083378314971924,8.333333333333333e-05,8.48,1950,,,,,,,,
,,,8.48,1950,0.38322585821151733,0.8799019607843137,0.9123434704830053,430.3259,,,,
0.1752,3.765383720397949,7.738095238095239e-05,8.59,1975,,,,,,,,
,,,8.59,1975,0.40672916173934937,0.8774509803921569,0.9131944444444444,435.7268,,,,
0.2035,4.592004776000977,7.142857142857142e-05,8.7,2000,,,,,,,,
,,,8.7,2000,0.38161149621009827,0.8799019607843137,0.9123434704830053,441.2199,,,,
0.2052,8.052592277526855,6.547619047619048e-05,8.8,2025,,,,,,,,
,,,8.8,2025,0.40012428164482117,0.8799019607843137,0.9110707803992741,447.3602,,,,
0.2501,13.406269073486328,5.9523809523809524e-05,8.91,2050,,,,,,,,
,,,8.91,2050,0.3837800621986389,0.8774509803921569,0.910394265232975,452.8829,,,,
0.2499,1.3264931440353394,5.357142857142857e-05,9.02,2075,,,,,,,,
,,,9.02,2075,0.3717930316925049,0.8725490196078431,0.9084507042253521,458.2544,,,,
0.1763,2.7412941455841064,4.761904761904762e-05,9.13,2100,,,,,,,,
,,,9.13,2100,0.37904196977615356,0.875,0.906764168190128,463.7059,,,,
0.1739,2.2598114013671875,4.1666666666666665e-05,9.24,2125,,,,,,,,
,,,9.24,2125,0.38540101051330566,0.875,0.9097345132743363,469.2067,,,,
0.2361,2.9696671962738037,3.571428571428571e-05,9.35,2150,,,,,,,,
,,,9.35,2150,0.3807162046432495,0.8774509803921569,0.9116607773851589,474.6711,,,,
0.1906,2.041767120361328,2.9761904761904762e-05,9.46,2175,,,,,,,,
,,,9.46,2175,0.37644362449645996,0.8823529411764706,0.9139784946236559,480.2628,,,,
0.1951,3.9853320121765137,2.380952380952381e-05,9.57,2200,,,,,,,,
,,,9.57,2200,0.3830931782722473,0.8799019607843137,0.9144851657940662,485.7521,,,,
0.245,5.945674896240234,1.7857142857142855e-05,9.67,2225,,,,,,,,
,,,9.67,2225,0.37202003598213196,0.8774509803921569,0.9119718309859154,491.2916,,,,
0.2055,1.844111442565918,1.1904761904761905e-05,9.78,2250,,,,,,,,
,,,9.78,2250,0.372519850730896,0.8799019607843137,0.9132743362831858,496.7779,,,,
0.1997,2.7970101833343506,5.9523809523809525e-06,9.89,2275,,,,,,,,
,,,9.89,2275,0.37243083119392395,0.8774509803921569,0.9107142857142857,502.3725,,,,
0.1792,0.29400375485420227,0.0,10.0,2300,,,,,,,,
,,,10.0,2300,0.37225595116615295,0.8774509803921569,0.9107142857142857,507.817,,,,
,,,10.0,2300,,,,507.418,72.288,4.533,1453534138652064.0,0.3149180965838225
