loss,grad_norm,learning_rate,epoch,step,eval_loss,eval_accuracy,eval_f1,train_runtime,train_samples_per_second,train_steps_per_second,total_flos,train_loss
0.6801,0.5721113681793213,2.5e-06,0.004347826086956522,1,,,,,,,,
0.7131,0.8196550011634827,6.25e-05,0.10869565217391304,25,,,,,,,,
,,,0.10869565217391304,25,0.6583192348480225,0.6838235294117647,0.8122270742358079,6.1561,,,,
0.6627,1.464255690574646,0.000125,0.21739130434782608,50,,,,,,,,
,,,0.21739130434782608,50,0.6245332360267639,0.6838235294117647,0.8122270742358079,11.8587,,,,
0.6378,2.627117872238159,0.0001875,0.32608695652173914,75,,,,,,,,
,,,0.32608695652173914,75,0.6210546493530273,0.6838235294117647,0.8122270742358079,17.7175,,,,
0.6404,0.6419472694396973,0.00025,0.43478260869565216,100,,,,,,,,
,,,0.43478260869565216,100,0.6150541305541992,0.6838235294117647,0.8122270742358079,23.4272,,,,
0.5983,1.0299196243286133,0.0003125,0.5434782608695652,125,,,,,,,,
,,,0.5434782608695652,125,0.6047118902206421,0.6838235294117647,0.8122270742358079,29.2914,,,,
0.602,3.4419169425964355,0.000375,0.6521739130434783,150,,,,,,,,
,,,0.6521739130434783,150,0.5436952710151672,0.7156862745098039,0.8220858895705522,35.0149,,,,
0.5765,3.032365560531616,0.0004375,0.7608695652173914,175,,,,,,,,
,,,0.7608695652173914,175,0.5510785579681396,0.7671568627450981,0.8376068376068376,41.0654,,,,
0.5397,1.0536032915115356,0.0005,0.8695652173913043,200,,,,,,,,
,,,0.8695652173913043,200,0.5537722110748291,0.7475490196078431,0.8398133748055987,46.9214,,,,
0.5405,3.4355099201202393,0.0004940476190476191,0.9782608695652174,225,,,,,,,,
,,,0.9782608695652174,225,0.610613226890564,0.6372549019607843,0.655813953488372,52.842,,,,
0.5174,1.5611388683319092,0.0004880952380952381,1.0869565217391304,250,,,,,,,,
,,,1.0869565217391304,250,0.45141908526420593,0.7916666666666666,0.8613376835236541,58.4491,,,,
0.4777,0.7431877255439758,0.00048214285714285715,1.1956521739130435,275,,,,,,,,
,,,1.1956521739130435,275,0.4162898659706116,0.7794117647058824,0.8534201954397393,64.2471,,,,
0.4767,2.1670589447021484,0.0004761904761904762,1.3043478260869565,300,,,,,,,,
,,,1.3043478260869565,300,0.37764298915863037,0.821078431372549,0.8730434782608695,70.0697,,,,
0.4194,3.082186460494995,0.00047023809523809523,1.4130434782608696,325,,,,,,,,
,,,1.4130434782608696,325,0.4694195091724396,0.7818627450980392,0.8164948453608247,75.825,,,,
0.4819,4.947325229644775,0.00046428571428571433,1.5217391304347827,350,,,,,,,,
,,,1.5217391304347827,350,0.4282497465610504,0.7818627450980392,0.8543371522094926,81.7019,,,,
0.44,1.7358911037445068,0.0004583333333333333,1.6304347826086958,375,,,,,,,,
,,,1.6304347826086958,375,0.3776546120643616,0.803921568627451,0.863481228668942,87.3718,,,,
0.3678,1.144846796989441,0.00045238095238095237,1.7391304347826086,400,,,,,,,,
,,,1.7391304347826086,400,0.36075806617736816,0.8406862745098039,0.8869565217391304,93.2456,,,,
0.4564,3.763792037963867,0.00044642857142857147,1.8478260869565217,425,,,,,,,,
,,,1.8478260869565217,425,0.37711939215660095,0.8529411764705882,0.8916967509025271,99.0639,,,,
0.4154,0.5691587924957275,0.00044047619047619046,1.9565217391304348,450,,,,,,,,
,,,1.9565217391304348,450,0.34407612681388855,0.8553921568627451,0.897391304347826,105.0097,,,,
0.3818,1.1551202535629272,0.00043452380952380956,2.0652173913043477,475,,,,,,,,
,,,2.0652173913043477,475,0.4227971136569977,0.8088235294117647,0.8741935483870967,110.5505,,,,
0.395,0.6891232132911682,0.00042857142857142855,2.1739130434782608,500,,,,,,,,
,,,2.1739130434782608,500,0.32815906405448914,0.8529411764705882,0.8876404494382023,116.3705,,,,
0.3829,1.7303032875061035,0.00042261904761904765,2.282608695652174,525,,,,,,,,
,,,2.282608695652174,525,0.317229688167572,0.8627450980392157,0.8966789667896681,122.7554,,,,
0.3213,1.0127379894256592,0.0004166666666666667,2.391304347826087,550,,,,,,,,
,,,2.391304347826087,550,0.344912052154541,0.8504901960784313,0.893542757417103,128.5648,,,,
0.4227,0.6130356788635254,0.0004107142857142857,2.5,575,,,,,,,,
,,,2.5,575,0.33766669034957886,0.8382352941176471,0.8892617449664431,134.4487,,,,
0.3433,0.9786887764930725,0.0004047619047619048,2.608695652173913,600,,,,,,,,
,,,2.608695652173913,600,0.3270626366138458,0.8627450980392157,0.9017543859649123,140.2279,,,,
0.3483,1.2507688999176025,0.00039880952380952383,2.717391304347826,625,,,,,,,,
,,,2.717391304347826,625,0.3910699486732483,0.8455882352941176,0.8955223880597015,146.1739,,,,
0.4142,2.227262496948242,0.0003928571428571429,2.8260869565217392,650,,,,,,,,
,,,2.8260869565217392,650,0.32663166522979736,0.8627450980392157,0.9047619047619047,151.9744,,,,
0.3359,2.7380764484405518,0.0003869047619047619,2.9347826086956523,675,,,,,,,,
,,,2.9347826086956523,675,0.3279222846031189,0.8676470588235294,0.9045936395759717,157.8951,,,,
0.3052,2.8165202140808105,0.00038095238095238096,3.0434782608695654,700,,,,,,,,
,,,3.0434782608695654,700,0.3518606722354889,0.8406862745098039,0.8881239242685025,163.3931,,,,
0.3413,2.077509880065918,0.000375,3.1521739130434785,725,,,,,,,,
,,,3.1521739130434785,725,0.40444594621658325,0.8406862745098039,0.891846921797005,169.1841,,,,
0.352,0.8229018449783325,0.00036904761904761905,3.260869565217391,750,,,,,,,,
,,,3.260869565217391,750,0.3838728368282318,0.8431372549019608,0.8940397350993377,174.9825,,,,
0.2843,2.776047706604004,0.0003630952380952381,3.369565217391304,775,,,,,,,,
,,,3.369565217391304,775,0.3122982978820801,0.8676470588235294,0.9042553191489361,180.6104,,,,
0.3135,2.5878803730010986,0.00035714285714285714,3.4782608695652173,800,,,,,,,,
,,,3.4782608695652173,800,0.3432181477546692,0.8700980392156863,0.9094017094017094,186.4347,,,,
0.3233,1.6139917373657227,0.0003511904761904762,3.5869565217391304,825,,,,,,,,
,,,3.5869565217391304,825,0.3001123368740082,0.8823529411764706,0.915492957746479,192.2078,,,,
0.3458,0.8178073763847351,0.00034523809523809523,3.6956521739130435,850,,,,,,,,
,,,3.6956521739130435,850,0.3086473047733307,0.8406862745098039,0.8873483535528597,198.1829,,,,
0.3152,3.9121882915496826,0.00033928571428571433,3.8043478260869565,875,,,,,,,,
,,,3.8043478260869565,875,0.31383827328681946,0.8676470588235294,0.9035714285714286,203.9715,,,,
0.3079,1.6957160234451294,0.0003333333333333333,3.9130434782608696,900,,,,,,,,
,,,3.9130434782608696,900,0.3303612470626831,0.8431372549019608,0.8915254237288135,209.8989,,,,
0.3164,2.9419405460357666,0.00032738095238095237,4.021739130434782,925,,,,,,,,
,,,4.021739130434782,925,0.3519125282764435,0.8480392156862745,0.89419795221843,215.5695,,,,
0.2453,0.5122557878494263,0.00032142857142857147,4.130434782608695,950,,,,,,,,
,,,4.130434782608695,950,0.3213650584220886,0.8676470588235294,0.9055944055944055,221.4063,,,,
0.3266,2.6324100494384766,0.00031547619047619046,4.239130434782608,975,,,,,,,,
,,,4.239130434782608,975,0.3401820659637451,0.8578431372549019,0.9016949152542373,227.1534,,,,
0.3056,1.0215630531311035,0.00030952380952380956,4.3478260869565215,1000,,,,,,,,
,,,4.3478260869565215,1000,0.3222690224647522,0.8504901960784313,0.8950086058519794,232.8833,,,,
0.3097,2.710869550704956,0.00030357142857142855,4.456521739130435,1025,,,,,,,,
,,,4.456521739130435,1025,0.29751595854759216,0.8799019607843137,0.9090909090909091,239.3841,,,,
0.2668,2.0908730030059814,0.00029761904761904765,4.565217391304348,1050,,,,,,,,
,,,4.565217391304348,1050,0.2893941402435303,0.8823529411764706,0.9136690647482014,245.2219,,,,
0.2516,0.7615494728088379,0.0002916666666666667,4.673913043478261,1075,,,,,,,,
,,,4.673913043478261,1075,0.32866623997688293,0.8799019607843137,0.9117117117117116,251.0238,,,,
0.2508,1.7392596006393433,0.0002857142857142857,4.782608695652174,1100,,,,,,,,
,,,4.782608695652174,1100,0.30488353967666626,0.8651960784313726,0.9023090586145649,256.9129,,,,
0.2744,2.3601434230804443,0.0002797619047619048,4.891304347826087,1125,,,,,,,,
,,,4.891304347826087,1125,0.30861151218414307,0.8774509803921569,0.9107142857142857,262.7752,,,,
0.2504,0.08209599554538727,0.0002738095238095238,5.0,1150,,,,,,,,
,,,5.0,1150,0.30639201402664185,0.875,0.9090909090909091,268.5716,,,,
0.2216,1.0286837816238403,0.00026785714285714287,5.108695652173913,1175,,,,,,,,
,,,5.108695652173913,1175,0.33012890815734863,0.875,0.9113043478260869,274.2836,,,,
0.2324,1.7508389949798584,0.0002619047619047619,5.217391304347826,1200,,,,,,,,
,,,5.217391304347826,1200,0.3095061480998993,0.8799019607843137,0.9147826086956522,280.1285,,,,
0.2229,0.5257444977760315,0.00025595238095238096,5.326086956521739,1225,,,,,,,,
,,,5.326086956521739,1225,0.3233303427696228,0.8823529411764706,0.915492957746479,285.9313,,,,
0.3121,1.2902652025222778,0.00025,5.434782608695652,1250,,,,,,,,
,,,5.434782608695652,1250,0.3086410462856293,0.8799019607843137,0.9129662522202486,291.7379,,,,
0.2232,1.619880199432373,0.00024404761904761905,5.543478260869565,1275,,,,,,,,
,,,5.543478260869565,1275,0.31673839688301086,0.8872549019607843,0.9181494661921709,297.4986,,,,
0.2456,1.5788676738739014,0.0002380952380952381,5.6521739130434785,1300,,,,,,,,
,,,5.6521739130434785,1300,0.3228576183319092,0.8823529411764706,0.9151943462897526,303.3871,,,,
0.207,0.7026227116584778,0.00023214285714285717,5.760869565217392,1325,,,,,,,,
,,,5.760869565217392,1325,0.31995218992233276,0.875,0.9103690685413005,309.2506,,,,
0.2956,1.6644014120101929,0.00022619047619047618,5.869565217391305,1350,,,,,,,,
,,,5.869565217391305,1350,0.31143054366111755,0.8725490196078431,0.9071428571428571,315.2522,,,,
0.2739,0.6701356172561646,0.00022023809523809523,5.978260869565218,1375,,,,,,,,
,,,5.978260869565218,1375,0.28803977370262146,0.8823529411764706,0.9124087591240876,321.1457,,,,
0.1689,2.489938497543335,0.00021428571428571427,6.086956521739131,1400,,,,,,,,
,,,6.086956521739131,1400,0.4885464608669281,0.8578431372549019,0.9033333333333333,326.8723,,,,
0.2225,0.884985089302063,0.00020833333333333335,6.195652173913044,1425,,,,,,,,
,,,6.195652173913044,1425,0.340535968542099,0.8700980392156863,0.9071803852889667,332.8612,,,,
0.231,3.0701332092285156,0.0002023809523809524,6.304347826086957,1450,,,,,,,,
,,,6.304347826086957,1450,0.3478458523750305,0.8725490196078431,0.9018867924528302,338.5406,,,,
0.2556,0.7068096399307251,0.00019642857142857144,6.413043478260869,1475,,,,,,,,
,,,6.413043478260869,1475,0.32576116919517517,0.8725490196078431,0.9087719298245615,344.3984,,,,
0.2332,0.5634484887123108,0.00019047619047619048,6.521739130434782,1500,,,,,,,,
,,,6.521739130434782,1500,0.3305400311946869,0.8774509803921569,0.9100719424460433,350.1257,,,,
0.1885,4.565807819366455,0.00018452380952380953,6.630434782608695,1525,,,,,,,,
,,,6.630434782608695,1525,0.3754977881908417,0.8602941176470589,0.9008695652173914,356.5923,,,,
0.2287,0.6918586492538452,0.00017857142857142857,6.739130434782608,1550,,,,,,,,
,,,6.739130434782608,1550,0.34854361414909363,0.8848039215686274,0.9147005444646098,362.2812,,,,
0.184,1.169423222541809,0.00017261904761904762,6.8478260869565215,1575,,,,,,,,
,,,6.8478260869565215,1575,0.3720809817314148,0.8823529411764706,0.9142857142857143,368.1315,,,,
0.2457,1.238735318183899,0.00016666666666666666,6.956521739130435,1600,,,,,,,,
,,,6.956521739130435,1600,0.3394690155982971,0.8897058823529411,0.9194991055456172,373.938,,,,
0.1974,1.9152100086212158,0.00016071428571428573,7.065217391304348,1625,,,,,,,,
,,,7.065217391304348,1625,0.3368297219276428,0.8799019607843137,0.9135802469135803,379.6249,,,,
0.2206,1.6381020545959473,0.00015476190476190478,7.173913043478261,1650,,,,,,,,
,,,7.173913043478261,1650,0.3327582776546478,0.8897058823529411,0.9186256781193489,385.3815,,,,
0.1798,0.6455444693565369,0.00014880952380952382,7.282608695652174,1675,,,,,,,,
,,,7.282608695652174,1675,0.36718955636024475,0.875,0.9131175468483815,391.1375,,,,
0.2223,2.410797119140625,0.00014285714285714284,7.391304347826087,1700,,,,,,,,
,,,7.391304347826087,1700,0.34623605012893677,0.8725490196078431,0.9097222222222222,397.13,,,,
0.201,1.287014365196228,0.0001369047619047619,7.5,1725,,,,,,,,
,,,7.5,1725,0.34090086817741394,0.8823529411764706,0.9136690647482014,403.006,,,,
0.2028,0.7125086784362793,0.00013095238095238096,7.608695652173913,1750,,,,,,,,
,,,7.608695652173913,1750,0.3166053593158722,0.8774509803921569,0.910394265232975,408.9639,,,,
0.1986,3.143451452255249,0.000125,7.717391304347826,1775,,,,,,,,
,,,7.717391304347826,1775,0.3710387349128723,0.8602941176470589,0.9015544041450777,414.8074,,,,
0.1982,0.8525345921516418,0.00011904761904761905,7.826086956521739,1800,,,,,,,,
,,,7.826086956521739,1800,0.3534383475780487,0.8799019607843137,0.9132743362831858,420.6253,,,,
0.229,1.4475443363189697,0.00011309523809523809,7.934782608695652,1825,,,,,,,,
,,,7.934782608695652,1825,0.32855135202407837,0.8897058823529411,0.918918918918919,426.5861,,,,
0.2729,1.4986639022827148,0.00010714285714285714,8.043478260869565,1850,,,,,,,,
,,,8.043478260869565,1850,0.3372340500354767,0.8897058823529411,0.9200710479573712,432.2909,,,,
0.1558,1.8716377019882202,0.0001011904761904762,8.152173913043478,1875,,,,,,,,
,,,8.152173913043478,1875,0.34669065475463867,0.8897058823529411,0.9186256781193489,438.094,,,,
0.151,0.06754417717456818,9.523809523809524e-05,8.26086956521739,1900,,,,,,,,
,,,8.26086956521739,1900,0.36170458793640137,0.8627450980392157,0.902439024390244,443.8941,,,,
0.2225,0.8664820790290833,8.928571428571429e-05,8.369565217391305,1925,,,,,,,,
,,,8.369565217391305,1925,0.31729409098625183,0.8848039215686274,0.9156193895870736,449.7862,,,,
0.1656,1.7048721313476562,8.333333333333333e-05,8.478260869565217,1950,,,,,,,,
,,,8.478260869565217,1950,0.3356342017650604,0.8799019607843137,0.9126559714795008,455.6151,,,,
0.1608,3.2531898021698,7.738095238095239e-05,8.58695652173913,1975,,,,,,,,
,,,8.58695652173913,1975,0.3677513897418976,0.8700980392156863,0.9081455805892548,461.4097,,,,
0.1926,2.5121378898620605,7.142857142857142e-05,8.695652173913043,2000,,,,,,,,
,,,8.695652173913043,2000,0.3575451374053955,0.8774509803921569,0.9125874125874125,467.1736,,,,
0.1783,2.6558051109313965,6.547619047619048e-05,8.804347826086957,2025,,,,,,,,
,,,8.804347826086957,2025,0.33950796723365784,0.8946078431372549,0.9225225225225226,473.527,,,,
0.2244,3.2999510765075684,5.9523809523809524e-05,8.91304347826087,2050,,,,,,,,
,,,8.91304347826087,2050,0.337311327457428,0.8848039215686274,0.9168141592920355,479.3721,,,,
0.2201,0.9851934909820557,5.357142857142857e-05,9.021739130434783,2075,,,,,,,,
,,,9.021739130434783,2075,0.33688265085220337,0.8848039215686274,0.9171075837742505,485.0651,,,,
0.144,1.526295781135559,4.761904761904762e-05,9.130434782608695,2100,,,,,,,,
,,,9.130434782608695,2100,0.335895836353302,0.8897058823529411,0.9192100538599641,490.8361,,,,
0.1873,0.7350548505783081,4.1666666666666665e-05,9.23913043478261,2125,,,,,,,,
,,,9.23913043478261,2125,0.33968284726142883,0.8848039215686274,0.9159212880143113,496.6194,,,,
0.1981,1.3562352657318115,3.571428571428571e-05,9.347826086956522,2150,,,,,,,,
,,,9.347826086956522,2150,0.3451101779937744,0.8872549019607843,0.9181494661921709,502.459,,,,
0.1678,0.907660722732544,2.9761904761904762e-05,9.456521739130435,2175,,,,,,,,
,,,9.456521739130435,2175,0.3461310863494873,0.8872549019607843,0.9181494661921709,508.2933,,,,
0.1688,1.5490179061889648,2.380952380952381e-05,9.565217391304348,2200,,,,,,,,
,,,9.565217391304348,2200,0.3547144830226898,0.8823529411764706,0.9157894736842105,514.1645,,,,
0.19,2.093381881713867,1.7857142857142855e-05,9.673913043478262,2225,,,,,,,,
,,,9.673913043478262,2225,0.3433619439601898,0.8848039215686274,0.91651865008881,519.917,,,,
0.1826,0.34079065918922424,1.1904761904761905e-05,9.782608695652174,2250,,,,,,,,
,,,9.782608695652174,2250,0.34797096252441406,0.8823529411764706,0.9148936170212766,525.7421,,,,
0.1741,0.9358221888542175,5.9523809523809525e-06,9.891304347826086,2275,,,,,,,,
,,,9.891304347826086,2275,0.3461494445800781,0.8848039215686274,0.91651865008881,531.5704,,,,
0.16,0.10707235336303711,0.0,10.0,2300,,,,,,,,
,,,10.0,2300,0.34570592641830444,0.8848039215686274,0.91651865008881,537.3861,,,,
,,,10.0,2300,,,,536.9922,68.306,4.283,1470901495715232.0,0.3060070507681888
