loss,grad_norm,learning_rate,epoch,step,eval_loss,eval_accuracy,train_runtime,train_samples_per_second,train_steps_per_second,total_flos,train_loss
0.718,1.6967452764511108,3.5e-06,0.00641025641025641,1,,,,,,,
0.7041,1.0623435974121094,8.75e-05,0.16025641025641027,25,,,,,,,
,,,0.16025641025641027,25,0.703350841999054,0.4729241877256318,11.1819,,,,
0.7263,0.9681142568588257,0.000175,0.32051282051282054,50,,,,,,,
,,,0.32051282051282054,50,0.6915482878684998,0.5270758122743683,21.8628,,,,
0.6941,0.7519986033439636,0.0002625,0.4807692307692308,75,,,,,,,
,,,0.4807692307692308,75,0.6996515393257141,0.5270758122743683,33.876,,,,
0.7032,2.5063984394073486,0.00035,0.6410256410256411,100,,,,,,,
,,,0.6410256410256411,100,0.6957888007164001,0.4729241877256318,44.8644,,,,
0.7086,3.1580634117126465,0.0004375,0.8012820512820513,125,,,,,,,
,,,0.8012820512820513,125,0.70267653465271,0.5270758122743683,56.6479,,,,
0.6986,1.9690665006637573,0.000525,0.9615384615384616,150,,,,,,,
,,,0.9615384615384616,150,0.6922019124031067,0.5090252707581228,67.5821,,,,
0.6947,2.7129969596862793,0.0006125,1.1217948717948718,175,,,,,,,
,,,1.1217948717948718,175,0.6876876950263977,0.49097472924187724,78.8561,,,,
0.6942,2.791893482208252,0.0007,1.282051282051282,200,,,,,,,
,,,1.282051282051282,200,0.669941246509552,0.5992779783393501,90.1598,,,,
0.6678,0.7504011392593384,0.0006871323529411764,1.4423076923076923,225,,,,,,,
,,,1.4423076923076923,225,0.6650484204292297,0.631768953068592,101.1635,,,,
0.6926,0.6594860553741455,0.0006742647058823529,1.6025641025641026,250,,,,,,,
,,,1.6025641025641026,250,0.6503873467445374,0.6173285198555957,112.4067,,,,
0.6811,1.131837010383606,0.0006613970588235294,1.7628205128205128,275,,,,,,,
,,,1.7628205128205128,275,0.6251980066299438,0.6750902527075813,123.1843,,,,
0.677,2.1656579971313477,0.0006485294117647059,1.9230769230769231,300,,,,,,,
,,,1.9230769230769231,300,0.6089223623275757,0.6787003610108303,134.6581,,,,
0.614,0.6260825395584106,0.0006356617647058823,2.0833333333333335,325,,,,,,,
,,,2.0833333333333335,325,0.5715919137001038,0.6895306859205776,145.5221,,,,
0.5824,1.8504630327224731,0.0006227941176470587,2.2435897435897436,350,,,,,,,
,,,2.2435897435897436,350,0.5784837603569031,0.6931407942238267,156.4941,,,,
0.595,1.333936095237732,0.0006099264705882353,2.4038461538461537,375,,,,,,,
,,,2.4038461538461537,375,0.5912880301475525,0.6823104693140795,167.6344,,,,
0.6191,1.4636865854263306,0.0005970588235294117,2.564102564102564,400,,,,,,,
,,,2.564102564102564,400,0.6286868453025818,0.6967509025270758,178.8201,,,,
0.5778,0.7303232550621033,0.0005841911764705882,2.7243589743589745,425,,,,,,,
,,,2.7243589743589745,425,0.5551775097846985,0.7075812274368231,190.0626,,,,
0.5725,0.7027283906936646,0.0005713235294117647,2.8846153846153846,450,,,,,,,
,,,2.8846153846153846,450,0.6260841488838196,0.7148014440433214,201.3503,,,,
0.5473,0.755297064781189,0.0005584558823529412,3.0448717948717947,475,,,,,,,
,,,3.0448717948717947,475,0.5646103024482727,0.7184115523465704,212.3854,,,,
0.5942,1.6901997327804565,0.0005455882352941177,3.2051282051282053,500,,,,,,,
,,,3.2051282051282053,500,0.5420840978622437,0.7256317689530686,223.651,,,,
0.541,1.1465580463409424,0.0005327205882352941,3.3653846153846154,525,,,,,,,
,,,3.3653846153846154,525,0.5280500650405884,0.6967509025270758,235.1959,,,,
0.4958,1.8365613222122192,0.0005198529411764706,3.5256410256410255,550,,,,,,,
,,,3.5256410256410255,550,0.5371995568275452,0.7148014440433214,245.8513,,,,
0.485,1.049330472946167,0.0005069852941176471,3.685897435897436,575,,,,,,,
,,,3.685897435897436,575,0.550790011882782,0.7184115523465704,256.6147,,,,
0.5548,2.500520706176758,0.0004941176470588236,3.8461538461538463,600,,,,,,,
,,,3.8461538461538463,600,0.6310466527938843,0.7003610108303249,268.1597,,,,
0.4531,2.752197504043579,0.00048125,4.006410256410256,625,,,,,,,
,,,4.006410256410256,625,0.6792660355567932,0.7256317689530686,279.5165,,,,
0.4214,1.0900880098342896,0.00046838235294117644,4.166666666666667,650,,,,,,,
,,,4.166666666666667,650,0.5615525245666504,0.7184115523465704,290.8468,,,,
0.5002,1.1468747854232788,0.00045551470588235297,4.326923076923077,675,,,,,,,
,,,4.326923076923077,675,0.5383437871932983,0.7256317689530686,301.633,,,,
0.3927,0.6318303346633911,0.0004426470588235294,4.487179487179487,700,,,,,,,
,,,4.487179487179487,700,0.5901079177856445,0.740072202166065,313.0296,,,,
0.4192,2.2067954540252686,0.0004297794117647059,4.647435897435898,725,,,,,,,
,,,4.647435897435898,725,0.6601452231407166,0.7292418772563177,323.9052,,,,
0.4526,1.3857733011245728,0.00041691176470588234,4.8076923076923075,750,,,,,,,
,,,4.8076923076923075,750,0.565563976764679,0.7436823104693141,335.0763,,,,
0.4602,3.4222254753112793,0.00040404411764705876,4.967948717948718,775,,,,,,,
,,,4.967948717948718,775,0.6925367116928101,0.7111913357400722,346.0506,,,,
0.3624,1.5409562587738037,0.0003911764705882353,5.128205128205128,800,,,,,,,
,,,5.128205128205128,800,0.5591554641723633,0.7292418772563177,357.3593,,,,
0.3814,1.3019750118255615,0.00037830882352941176,5.288461538461538,825,,,,,,,
,,,5.288461538461538,825,0.6434298753738403,0.7328519855595668,368.5483,,,,
0.392,0.7876999974250793,0.00036544117647058824,5.448717948717949,850,,,,,,,
,,,5.448717948717949,850,0.5401217937469482,0.7292418772563177,380.1736,,,,
0.3907,1.296959638595581,0.0003525735294117647,5.608974358974359,875,,,,,,,
,,,5.608974358974359,875,0.5469292998313904,0.740072202166065,391.577,,,,
0.3626,3.1323258876800537,0.0003397058823529412,5.769230769230769,900,,,,,,,
,,,5.769230769230769,900,0.575208842754364,0.7436823104693141,402.4796,,,,
0.4485,2.195261240005493,0.00032683823529411766,5.92948717948718,925,,,,,,,
,,,5.92948717948718,925,0.5380472540855408,0.7689530685920578,413.4924,,,,
0.3836,1.1052131652832031,0.00031397058823529414,6.089743589743589,950,,,,,,,
,,,6.089743589743589,950,0.6295139193534851,0.7256317689530686,424.5803,,,,
0.3386,1.6487246751785278,0.0003011029411764706,6.25,975,,,,,,,
,,,6.25,975,0.6720020771026611,0.7256317689530686,435.9637,,,,
0.3458,1.7638707160949707,0.00028823529411764703,6.410256410256411,1000,,,,,,,
,,,6.410256410256411,1000,0.7173683643341064,0.7328519855595668,446.8613,,,,
0.3477,2.0379645824432373,0.0002753676470588235,6.57051282051282,1025,,,,,,,
,,,6.57051282051282,1025,0.7014368176460266,0.7436823104693141,458.5271,,,,
0.3224,0.8653336763381958,0.0002625,6.730769230769231,1050,,,,,,,
,,,6.730769230769231,1050,0.6037835478782654,0.7220216606498195,469.7942,,,,
0.3364,0.7838253378868103,0.00024963235294117646,6.891025641025641,1075,,,,,,,
,,,6.891025641025641,1075,0.6277989745140076,0.7436823104693141,481.5936,,,,
0.276,0.7701206207275391,0.00023676470588235296,7.051282051282051,1100,,,,,,,
,,,7.051282051282051,1100,0.6345115900039673,0.7472924187725631,492.5371,,,,
0.3349,2.8813841342926025,0.00022389705882352938,7.211538461538462,1125,,,,,,,
,,,7.211538461538462,1125,0.5502845644950867,0.7509025270758123,503.5463,,,,
0.2759,1.609297275543213,0.00021102941176470586,7.371794871794872,1150,,,,,,,
,,,7.371794871794872,1150,0.6518711447715759,0.7364620938628159,515.5211,,,,
0.284,2.33272385597229,0.00019816176470588236,7.532051282051282,1175,,,,,,,
,,,7.532051282051282,1175,0.7530432939529419,0.7364620938628159,526.4062,,,,
0.2656,2.083940267562866,0.00018529411764705883,7.6923076923076925,1200,,,,,,,
,,,7.6923076923076925,1200,0.6856329441070557,0.7509025270758123,537.4397,,,,
0.3164,1.7579195499420166,0.0001724264705882353,7.852564102564102,1225,,,,,,,
,,,7.852564102564102,1225,0.655984103679657,0.7509025270758123,548.7797,,,,
0.2922,2.5150773525238037,0.00015955882352941176,8.012820512820513,1250,,,,,,,
,,,8.012820512820513,1250,0.6502906084060669,0.7256317689530686,559.8642,,,,
0.2807,1.4336656332015991,0.00014669117647058823,8.173076923076923,1275,,,,,,,
,,,8.173076923076923,1275,0.7113951444625854,0.7256317689530686,571.0863,,,,
0.2694,1.113018274307251,0.0001338235294117647,8.333333333333334,1300,,,,,,,
,,,8.333333333333334,1300,0.710067093372345,0.7328519855595668,581.9193,,,,
0.2125,1.0122058391571045,0.00012095588235294117,8.493589743589745,1325,,,,,,,
,,,8.493589743589745,1325,0.7442373633384705,0.7328519855595668,593.4492,,,,
0.2921,2.5076565742492676,0.00010808823529411764,8.653846153846153,1350,,,,,,,
,,,8.653846153846153,1350,0.7226880788803101,0.7472924187725631,604.1112,,,,
0.2269,3.116393804550171,9.52205882352941e-05,8.814102564102564,1375,,,,,,,
,,,8.814102564102564,1375,0.7473912239074707,0.740072202166065,615.2492,,,,
0.2701,1.4915292263031006,8.235294117647058e-05,8.974358974358974,1400,,,,,,,
,,,8.974358974358974,1400,0.6862552762031555,0.7545126353790613,626.2202,,,,
0.2721,0.938522458076477,6.948529411764706e-05,9.134615384615385,1425,,,,,,,
,,,9.134615384615385,1425,0.6912357807159424,0.7509025270758123,637.1208,,,,
0.2187,1.1646441221237183,5.661764705882353e-05,9.294871794871796,1450,,,,,,,
,,,9.294871794871796,1450,0.7097943425178528,0.740072202166065,648.266,,,,
0.1994,1.781574010848999,4.375e-05,9.455128205128204,1475,,,,,,,
,,,9.455128205128204,1475,0.7925564050674438,0.7184115523465704,659.1416,,,,
0.222,2.5892508029937744,3.0882352941176475e-05,9.615384615384615,1500,,,,,,,
,,,9.615384615384615,1500,0.7478475570678711,0.7364620938628159,670.8082,,,,
0.2561,3.8708584308624268,1.801470588235294e-05,9.775641025641026,1525,,,,,,,
,,,9.775641025641026,1525,0.7459433674812317,0.7328519855595668,682.427,,,,
0.2739,2.8321666717529297,5.147058823529411e-06,9.935897435897436,1550,,,,,,,
,,,9.935897435897436,1550,0.7271568179130554,0.740072202166065,693.5591,,,,
,,,10.0,1560,,,696.4139,35.755,2.24,2164515504937920.0,0.4446778756685746
