loss,grad_norm,learning_rate,epoch,step,eval_loss,eval_accuracy,train_runtime,train_samples_per_second,train_steps_per_second,total_flos,train_loss
0.718,1.6967358589172363,3.5e-06,0.00641025641025641,1,,,,,,,
0.7041,1.0585145950317383,8.75e-05,0.16025641025641027,25,,,,,,,
,,,0.16025641025641027,25,0.7032562494277954,0.4729241877256318,11.2094,,,,
0.7264,0.9867160320281982,0.000175,0.32051282051282054,50,,,,,,,
,,,0.32051282051282054,50,0.6915045380592346,0.5270758122743683,21.8267,,,,
0.6939,0.8061628937721252,0.0002625,0.4807692307692308,75,,,,,,,
,,,0.4807692307692308,75,0.7004361748695374,0.5270758122743683,33.7333,,,,
0.7042,2.6610448360443115,0.00035,0.6410256410256411,100,,,,,,,
,,,0.6410256410256411,100,0.6970647573471069,0.4729241877256318,44.6744,,,,
0.7164,3.66021728515625,0.0004375,0.8012820512820513,125,,,,,,,
,,,0.8012820512820513,125,0.7185347080230713,0.5270758122743683,56.3875,,,,
0.7028,1.8762195110321045,0.000525,0.9615384615384616,150,,,,,,,
,,,0.9615384615384616,150,0.6940507292747498,0.4729241877256318,67.2845,,,,
0.6951,2.6410486698150635,0.0006125,1.1217948717948718,175,,,,,,,
,,,1.1217948717948718,175,0.6910837888717651,0.48375451263537905,78.5493,,,,
0.6953,2.6422181129455566,0.0007,1.282051282051282,200,,,,,,,
,,,1.282051282051282,200,0.6786727905273438,0.5848375451263538,89.8371,,,,
0.6775,0.9320926666259766,0.0006871323529411764,1.4423076923076923,225,,,,,,,
,,,1.4423076923076923,225,0.6597300171852112,0.6209386281588448,100.8813,,,,
0.6995,1.8915613889694214,0.0006742647058823529,1.6025641025641026,250,,,,,,,
,,,1.6025641025641026,250,0.6692708730697632,0.5848375451263538,112.1877,,,,
0.7007,2.1485464572906494,0.0006613970588235294,1.7628205128205128,275,,,,,,,
,,,1.7628205128205128,275,0.675927460193634,0.5342960288808665,123.0554,,,,
0.6681,1.102498173713684,0.0006485294117647059,1.9230769230769231,300,,,,,,,
,,,1.9230769230769231,300,0.6579803824424744,0.592057761732852,134.5576,,,,
0.6215,0.8680557608604431,0.0006356617647058823,2.0833333333333335,325,,,,,,,
,,,2.0833333333333335,325,0.610228955745697,0.6895306859205776,145.4153,,,,
0.5937,0.9161629676818848,0.0006227941176470587,2.2435897435897436,350,,,,,,,
,,,2.2435897435897436,350,0.5904378890991211,0.6859205776173285,156.3105,,,,
0.5767,0.9714000821113586,0.0006099264705882353,2.4038461538461537,375,,,,,,,
,,,2.4038461538461537,375,0.7146849632263184,0.6642599277978339,167.3606,,,,
0.6119,0.9743364453315735,0.0005970588235294117,2.564102564102564,400,,,,,,,
,,,2.564102564102564,400,0.6124106645584106,0.6787003610108303,178.518,,,,
0.5795,1.1042083501815796,0.0005841911764705882,2.7243589743589745,425,,,,,,,
,,,2.7243589743589745,425,0.5787822008132935,0.6859205776173285,189.8105,,,,
0.5668,0.6204437017440796,0.0005713235294117647,2.8846153846153846,450,,,,,,,
,,,2.8846153846153846,450,0.6315628290176392,0.6859205776173285,201.1564,,,,
0.5395,0.9539986252784729,0.0005584558823529412,3.0448717948717947,475,,,,,,,
,,,3.0448717948717947,475,0.6053091287612915,0.703971119133574,212.2614,,,,
0.6354,1.1879481077194214,0.0005455882352941177,3.2051282051282053,500,,,,,,,
,,,3.2051282051282053,500,0.5882568359375,0.7148014440433214,223.5998,,,,
0.5634,1.4218534231185913,0.0005327205882352941,3.3653846153846154,525,,,,,,,
,,,3.3653846153846154,525,0.556272566318512,0.7003610108303249,235.2201,,,,
0.5253,2.4068942070007324,0.0005198529411764706,3.5256410256410255,550,,,,,,,
,,,3.5256410256410255,550,0.5584954619407654,0.7111913357400722,245.8395,,,,
0.5186,1.0647791624069214,0.0005069852941176471,3.685897435897436,575,,,,,,,
,,,3.685897435897436,575,0.548188328742981,0.7075812274368231,256.5884,,,,
0.556,2.7428669929504395,0.0004941176470588236,3.8461538461538463,600,,,,,,,
,,,3.8461538461538463,600,0.6394491195678711,0.703971119133574,268.0346,,,,
0.5027,2.233187675476074,0.00048125,4.006410256410256,625,,,,,,,
,,,4.006410256410256,625,0.6778329610824585,0.7075812274368231,279.4205,,,,
0.4618,1.6062791347503662,0.00046838235294117644,4.166666666666667,650,,,,,,,
,,,4.166666666666667,650,0.5597977042198181,0.7148014440433214,290.8804,,,,
0.5026,1.3448777198791504,0.00045551470588235297,4.326923076923077,675,,,,,,,
,,,4.326923076923077,675,0.5861587524414062,0.7184115523465704,301.6822,,,,
0.4353,0.7538096904754639,0.0004426470588235294,4.487179487179487,700,,,,,,,
,,,4.487179487179487,700,0.6234846115112305,0.7256317689530686,313.0848,,,,
0.4687,0.8048863410949707,0.0004297794117647059,4.647435897435898,725,,,,,,,
,,,4.647435897435898,725,0.6307627558708191,0.703971119133574,323.9172,,,,
0.4738,2.632444381713867,0.00041691176470588234,4.8076923076923075,750,,,,,,,
,,,4.8076923076923075,750,0.6193003058433533,0.703971119133574,335.0727,,,,
0.4741,2.9707260131835938,0.00040404411764705876,4.967948717948718,775,,,,,,,
,,,4.967948717948718,775,0.726177990436554,0.7075812274368231,346.056,,,,
0.4418,1.101323127746582,0.0003911764705882353,5.128205128205128,800,,,,,,,
,,,5.128205128205128,800,0.5843890905380249,0.7256317689530686,357.3736,,,,
0.4146,1.5487360954284668,0.00037830882352941176,5.288461538461538,825,,,,,,,
,,,5.288461538461538,825,0.6358045935630798,0.7184115523465704,368.5653,,,,
0.4338,1.1262511014938354,0.00036544117647058824,5.448717948717949,850,,,,,,,
,,,5.448717948717949,850,0.5817543864250183,0.7220216606498195,380.1778,,,,
0.4407,1.4931281805038452,0.0003525735294117647,5.608974358974359,875,,,,,,,
,,,5.608974358974359,875,0.573726236820221,0.7220216606498195,391.566,,,,
0.3877,3.2855381965637207,0.0003397058823529412,5.769230769230769,900,,,,,,,
,,,5.769230769230769,900,0.6025559902191162,0.7111913357400722,402.4348,,,,
0.4814,1.893708348274231,0.00032683823529411766,5.92948717948718,925,,,,,,,
,,,5.92948717948718,925,0.6007845401763916,0.7148014440433214,413.4103,,,,
0.4671,0.573167085647583,0.00031397058823529414,6.089743589743589,950,,,,,,,
,,,6.089743589743589,950,0.6111800670623779,0.7003610108303249,424.5143,,,,
0.3983,0.7374304533004761,0.0003011029411764706,6.25,975,,,,,,,
,,,6.25,975,0.6642666459083557,0.7220216606498195,435.8935,,,,
0.4361,0.9709444642066956,0.00028823529411764703,6.410256410256411,1000,,,,,,,
,,,6.410256410256411,1000,0.6352872848510742,0.7148014440433214,446.8129,,,,
0.4264,0.9833620190620422,0.0002753676470588235,6.57051282051282,1025,,,,,,,
,,,6.57051282051282,1025,0.6294675469398499,0.7256317689530686,458.4359,,,,
0.3859,0.47633397579193115,0.0002625,6.730769230769231,1050,,,,,,,
,,,6.730769230769231,1050,0.6013485789299011,0.7256317689530686,469.6852,,,,
0.3748,1.5351178646087646,0.00024963235294117646,6.891025641025641,1075,,,,,,,
,,,6.891025641025641,1075,0.5948271751403809,0.740072202166065,481.5331,,,,
0.3528,0.9110795855522156,0.00023676470588235296,7.051282051282051,1100,,,,,,,
,,,7.051282051282051,1100,0.6100901365280151,0.7581227436823105,492.4568,,,,
0.3953,1.5741206407546997,0.00022389705882352938,7.211538461538462,1125,,,,,,,
,,,7.211538461538462,1125,0.5698304176330566,0.7328519855595668,503.3724,,,,
0.3266,0.8576610684394836,0.00021102941176470586,7.371794871794872,1150,,,,,,,
,,,7.371794871794872,1150,0.6660537719726562,0.740072202166065,515.3495,,,,
0.3677,1.5213218927383423,0.00019816176470588236,7.532051282051282,1175,,,,,,,
,,,7.532051282051282,1175,0.7108265161514282,0.7003610108303249,526.2121,,,,
0.3272,1.2844682931900024,0.00018529411764705883,7.6923076923076925,1200,,,,,,,
,,,7.6923076923076925,1200,0.6453835964202881,0.7256317689530686,537.2393,,,,
0.3845,1.1735811233520508,0.0001724264705882353,7.852564102564102,1225,,,,,,,
,,,7.852564102564102,1225,0.616774320602417,0.7436823104693141,548.5676,,,,
0.3771,2.3168771266937256,0.00015955882352941176,8.012820512820513,1250,,,,,,,
,,,8.012820512820513,1250,0.6784799695014954,0.7111913357400722,559.6474,,,,
0.3599,0.8740929961204529,0.00014669117647058823,8.173076923076923,1275,,,,,,,
,,,8.173076923076923,1275,0.6804353594779968,0.7148014440433214,570.8699,,,,
0.3501,1.0239344835281372,0.0001338235294117647,8.333333333333334,1300,,,,,,,
,,,8.333333333333334,1300,0.6409895420074463,0.7364620938628159,581.7173,,,,
0.3052,1.1850645542144775,0.00012095588235294117,8.493589743589745,1325,,,,,,,
,,,8.493589743589745,1325,0.739432156085968,0.7111913357400722,593.2909,,,,
0.3519,1.2357640266418457,0.00010808823529411764,8.653846153846153,1350,,,,,,,
,,,8.653846153846153,1350,0.6568716168403625,0.7292418772563177,603.9513,,,,
0.2894,3.8680083751678467,9.52205882352941e-05,8.814102564102564,1375,,,,,,,
,,,8.814102564102564,1375,0.7574486136436462,0.703971119133574,615.1079,,,,
0.3411,0.5266478061676025,8.235294117647058e-05,8.974358974358974,1400,,,,,,,
,,,8.974358974358974,1400,0.6809144020080566,0.7328519855595668,626.074,,,,
0.2975,0.649712085723877,6.948529411764706e-05,9.134615384615385,1425,,,,,,,
,,,9.134615384615385,1425,0.6755534410476685,0.740072202166065,636.9722,,,,
0.3371,1.192774772644043,5.661764705882353e-05,9.294871794871796,1450,,,,,,,
,,,9.294871794871796,1450,0.6936357021331787,0.740072202166065,648.0928,,,,
0.2317,0.7964842319488525,4.375e-05,9.455128205128204,1475,,,,,,,
,,,9.455128205128204,1475,0.7605994343757629,0.7148014440433214,658.9683,,,,
0.3193,1.8992236852645874,3.0882352941176475e-05,9.615384615384615,1500,,,,,,,
,,,9.615384615384615,1500,0.7176783680915833,0.740072202166065,670.6094,,,,
0.3354,1.1406068801879883,1.801470588235294e-05,9.775641025641026,1525,,,,,,,
,,,9.775641025641026,1525,0.7038373947143555,0.7436823104693141,682.2446,,,,
0.3861,1.6117072105407715,5.147058823529411e-06,9.935897435897436,1550,,,,,,,
,,,9.935897435897436,1550,0.6951401233673096,0.740072202166065,693.3858,,,,
,,,10.0,1560,,,696.1531,35.768,2.241,2164515504937920.0,0.4845229848073079
