loss,grad_norm,learning_rate,epoch,step,eval_loss,eval_accuracy,eval_f1,train_runtime,train_samples_per_second,train_steps_per_second,total_flos,train_loss
2.3893,4.658028602600098,4e-05,0.0625,1,,,,,,,,
2.2147,1.6456894874572754,0.0004,0.625,10,,,,,,,,
,,,0.625,10,2.057448625564575,0.5357142857142857,0.29907407407407405,4.4929,,,,
1.921,4.7222747802734375,0.0008,1.25,20,,,,,,,,
,,,1.25,20,1.7495890855789185,0.5178571428571429,0.33564993564993567,8.8649,,,,
1.4632,1.7999823093414307,0.0012,1.875,30,,,,,,,,
,,,1.875,30,0.9559528231620789,0.7321428571428571,0.5122356854359705,13.0078,,,,
1.1326,2.9580090045928955,0.0016,2.5,40,,,,,,,,
,,,2.5,40,1.010614037513733,0.6607142857142857,0.4589473684210526,17.1264,,,,
0.9107,1.5956823825836182,0.002,3.125,50,,,,,,,,
,,,3.125,50,0.9163509011268616,0.7142857142857143,0.4991636798088411,21.3648,,,,
0.8612,1.416916012763977,0.0019259259259259258,3.75,60,,,,,,,,
,,,3.75,60,0.8033583760261536,0.7142857142857143,0.49976359338061477,25.6313,,,,
0.7427,3.0600457191467285,0.001851851851851852,4.375,70,,,,,,,,
,,,4.375,70,0.7589212656021118,0.7142857142857143,0.49988271170537174,29.7058,,,,
0.7027,1.1440589427947998,0.0017777777777777776,5.0,80,,,,,,,,
,,,5.0,80,0.7653680443763733,0.6964285714285714,0.4872514619883041,33.906,,,,
0.6952,0.9867079854011536,0.0017037037037037038,5.625,90,,,,,,,,
,,,5.625,90,0.7693998217582703,0.6964285714285714,0.48646125116713357,38.4473,,,,
0.7138,4.208455562591553,0.0016296296296296295,6.25,100,,,,,,,,
,,,6.25,100,0.8046387434005737,0.6964285714285714,0.4792779049071956,42.5636,,,,
0.6002,1.3895204067230225,0.0015555555555555557,6.875,110,,,,,,,,
,,,6.875,110,0.6802210807800293,0.6964285714285714,0.48646125116713357,46.7125,,,,
0.6204,1.124416470527649,0.0014814814814814814,7.5,120,,,,,,,,
,,,7.5,120,0.6049580574035645,0.7142857142857143,0.49988271170537174,50.5262,,,,
0.5615,2.1591107845306396,0.0014074074074074076,8.125,130,,,,,,,,
,,,8.125,130,0.6037917733192444,0.7678571428571429,0.5376574008077929,54.9086,,,,
0.4762,2.717302083969116,0.0013333333333333333,8.75,140,,,,,,,,
,,,8.75,140,0.5926750302314758,0.7857142857142857,0.5487179487179487,59.5841,,,,
0.5392,3.845956325531006,0.0012592592592592592,9.375,150,,,,,,,,
,,,9.375,150,0.58475261926651,0.7857142857142857,0.5487179487179487,63.7632,,,,
0.5619,0.9260664582252502,0.0011851851851851852,10.0,160,,,,,,,,
,,,10.0,160,0.5439702868461609,0.8214285714285714,0.5741525423728813,67.9309,,,,
0.3749,0.8839974403381348,0.0011111111111111111,10.625,170,,,,,,,,
,,,10.625,170,0.5182749032974243,0.8035714285714286,0.5613912231559289,72.4675,,,,
0.4266,1.5634762048721313,0.001037037037037037,11.25,180,,,,,,,,
,,,11.25,180,0.46940186619758606,0.875,0.8189677091278922,76.579,,,,
0.2824,1.37727952003479,0.0009629629629629629,11.875,190,,,,,,,,
,,,11.875,190,0.414474755525589,0.8392857142857143,0.7620085071065463,81.1108,,,,
0.2297,1.6724954843521118,0.0008888888888888888,12.5,200,,,,,,,,
,,,12.5,200,0.39268723130226135,0.8571428571428571,0.7747186147186148,85.2556,,,,
0.3077,1.644260287284851,0.0008148148148148148,13.125,210,,,,,,,,
,,,13.125,210,0.3436186611652374,0.8571428571428571,0.8268898754470341,89.4241,,,,
0.2465,2.492811441421509,0.0007407407407407407,13.75,220,,,,,,,,
,,,13.75,220,0.32446953654289246,0.9107142857142857,0.8646926536731634,94.0068,,,,
0.2164,0.7472819685935974,0.0006666666666666666,14.375,230,,,,,,,,
,,,14.375,230,0.30798667669296265,0.8571428571428571,0.8266233766233766,98.518,,,,
0.2266,5.152215480804443,0.0005925925925925926,15.0,240,,,,,,,,
,,,15.0,240,0.3209526240825653,0.8571428571428571,0.8266233766233766,102.5828,,,,
0.1456,0.24734656512737274,0.0005185185185185185,15.625,250,,,,,,,,
,,,15.625,250,0.28580424189567566,0.9107142857142857,0.8646926536731634,106.8023,,,,
0.1585,1.2749137878417969,0.0004444444444444444,16.25,260,,,,,,,,
,,,16.25,260,0.27923130989074707,0.8928571428571429,0.8513810420590082,111.2686,,,,
0.1098,1.2974690198898315,0.00037037037037037035,16.875,270,,,,,,,,
,,,16.875,270,0.2832222878932953,0.9107142857142857,0.9044113450893111,115.5379,,,,
0.1764,2.0166420936584473,0.0002962962962962963,17.5,280,,,,,,,,
,,,17.5,280,0.28676584362983704,0.875,0.8787497905144964,120.0599,,,,
0.1155,1.1867233514785767,0.0002222222222222222,18.125,290,,,,,,,,
,,,18.125,290,0.279089093208313,0.875,0.8392857142857143,124.2206,,,,
0.1296,0.6051828265190125,0.00014814814814814815,18.75,300,,,,,,,,
,,,18.75,300,0.2725527584552765,0.9107142857142857,0.8646926536731634,128.743,,,,
0.1218,1.8144230842590332,7.407407407407407e-05,19.375,310,,,,,,,,
,,,19.375,310,0.2677081525325775,0.9107142857142857,0.8646926536731634,132.6065,,,,
0.1408,1.5627871751785278,0.0,20.0,320,,,,,,,,
,,,20.0,320,0.26604482531547546,0.8928571428571429,0.8519659076769939,137.0388,,,,
,,,20.0,320,,,,136.6808,36.582,2.341,451088566522560.0,0.5669807337224484
