loss,grad_norm,learning_rate,epoch,step,eval_loss,eval_accuracy,eval_f1,train_runtime,train_samples_per_second,train_steps_per_second,total_flos,train_loss
0.6801,0.7321740388870239,2.5e-06,0.004347826086956522,1,,,,,,,,
0.7083,2.3987154960632324,6.25e-05,0.10869565217391304,25,,,,,,,,
,,,0.10869565217391304,25,0.646558940410614,0.6838235294117647,0.8122270742358079,6.0397,,,,
0.6628,4.448799133300781,0.000125,0.21739130434782608,50,,,,,,,,
,,,0.21739130434782608,50,0.6171020269393921,0.6838235294117647,0.8122270742358079,11.6173,,,,
0.6296,5.419519901275635,0.0001875,0.32608695652173914,75,,,,,,,,
,,,0.32608695652173914,75,0.5954475998878479,0.6838235294117647,0.8122270742358079,17.2531,,,,
0.6443,1.3088995218276978,0.00025,0.43478260869565216,100,,,,,,,,
,,,0.43478260869565216,100,0.6239420771598816,0.6838235294117647,0.8122270742358079,22.8007,,,,
0.6147,2.0415358543395996,0.0003125,0.5434782608695652,125,,,,,,,,
,,,0.5434782608695652,125,0.6299523711204529,0.6838235294117647,0.8122270742358079,28.3194,,,,
0.6358,4.058099746704102,0.000375,0.6521739130434783,150,,,,,,,,
,,,0.6521739130434783,150,0.6243040561676025,0.6838235294117647,0.8122270742358079,33.9001,,,,
0.6568,5.512559413909912,0.0004375,0.7608695652173914,175,,,,,,,,
,,,0.7608695652173914,175,0.6255638003349304,0.6838235294117647,0.8122270742358079,39.5613,,,,
0.6521,1.7696589231491089,0.0005,0.8695652173913043,200,,,,,,,,
,,,0.8695652173913043,200,0.6239495873451233,0.6838235294117647,0.8122270742358079,45.2007,,,,
0.6365,0.963798463344574,0.0004940476190476191,0.9782608695652174,225,,,,,,,,
,,,0.9782608695652174,225,0.6317141056060791,0.6838235294117647,0.8122270742358079,50.7341,,,,
0.6497,1.775606632232666,0.0004880952380952381,1.0869565217391304,250,,,,,,,,
,,,1.0869565217391304,250,0.6247310042381287,0.6838235294117647,0.8122270742358079,56.0784,,,,
0.6587,5.638704776763916,0.00048214285714285715,1.1956521739130435,275,,,,,,,,
,,,1.1956521739130435,275,0.6383710503578186,0.6838235294117647,0.8122270742358079,61.668,,,,
0.6391,2.7516660690307617,0.0004761904761904762,1.3043478260869565,300,,,,,,,,
,,,1.3043478260869565,300,0.641130805015564,0.6838235294117647,0.8122270742358079,67.2065,,,,
0.6636,5.231930255889893,0.00047023809523809523,1.4130434782608696,325,,,,,,,,
,,,1.4130434782608696,325,0.6379969120025635,0.6838235294117647,0.8122270742358079,72.823,,,,
0.7012,1.7939887046813965,0.00046428571428571433,1.5217391304347827,350,,,,,,,,
,,,1.5217391304347827,350,0.7712966203689575,0.3161764705882353,0.0,78.3543,,,,
0.6846,5.878871917724609,0.0004583333333333333,1.6304347826086958,375,,,,,,,,
,,,1.6304347826086958,375,0.7297324538230896,0.3161764705882353,0.0,83.8587,,,,
0.6609,1.8872385025024414,0.00045238095238095237,1.7391304347826086,400,,,,,,,,
,,,1.7391304347826086,400,0.6469614505767822,0.6838235294117647,0.8122270742358079,89.3833,,,,
0.6691,1.7734179496765137,0.00044642857142857147,1.8478260869565217,425,,,,,,,,
,,,1.8478260869565217,425,0.6665037274360657,0.6838235294117647,0.8122270742358079,94.9652,,,,
0.6601,2.619253396987915,0.00044047619047619046,1.9565217391304348,450,,,,,,,,
,,,1.9565217391304348,450,0.629905104637146,0.6838235294117647,0.8122270742358079,100.6627,,,,
0.6404,2.0188021659851074,0.00043452380952380956,2.0652173913043477,475,,,,,,,,
,,,2.0652173913043477,475,0.6333109736442566,0.6838235294117647,0.8122270742358079,105.9955,,,,
0.6526,1.45925772190094,0.00042857142857142855,2.1739130434782608,500,,,,,,,,
,,,2.1739130434782608,500,0.640602707862854,0.6838235294117647,0.8122270742358079,111.6219,,,,
0.6417,1.0858796834945679,0.00042261904761904765,2.282608695652174,525,,,,,,,,
,,,2.282608695652174,525,0.626656174659729,0.6838235294117647,0.8122270742358079,117.3278,,,,
0.6418,2.3479843139648438,0.0004166666666666667,2.391304347826087,550,,,,,,,,
,,,2.391304347826087,550,0.6239579319953918,0.6838235294117647,0.8122270742358079,122.9034,,,,
0.6332,0.8277101516723633,0.0004107142857142857,2.5,575,,,,,,,,
,,,2.5,575,0.6268938779830933,0.6838235294117647,0.8122270742358079,128.4505,,,,
0.666,2.2220582962036133,0.0004047619047619048,2.608695652173913,600,,,,,,,,
,,,2.608695652173913,600,0.6659278273582458,0.6838235294117647,0.8122270742358079,134.0047,,,,
0.6396,1.0040552616119385,0.00039880952380952383,2.717391304347826,625,,,,,,,,
,,,2.717391304347826,625,0.6322311162948608,0.6838235294117647,0.8122270742358079,139.6651,,,,
0.6478,1.530238151550293,0.0003928571428571429,2.8260869565217392,650,,,,,,,,
,,,2.8260869565217392,650,0.6239538788795471,0.6838235294117647,0.8122270742358079,145.2364,,,,
0.6127,1.2204293012619019,0.0003869047619047619,2.9347826086956523,675,,,,,,,,
,,,2.9347826086956523,675,0.6243219375610352,0.6838235294117647,0.8122270742358079,150.93,,,,
0.6486,0.6068864464759827,0.00038095238095238096,3.0434782608695654,700,,,,,,,,
,,,3.0434782608695654,700,0.6242789626121521,0.6838235294117647,0.8122270742358079,156.2541,,,,
0.6245,1.4903500080108643,0.000375,3.1521739130434785,725,,,,,,,,
,,,3.1521739130434785,725,0.6240643262863159,0.6838235294117647,0.8122270742358079,161.8587,,,,
0.6225,1.320061206817627,0.00036904761904761905,3.260869565217391,750,,,,,,,,
,,,3.260869565217391,750,0.6257196068763733,0.6838235294117647,0.8122270742358079,167.4484,,,,
0.6572,0.9346393942832947,0.0003630952380952381,3.369565217391304,775,,,,,,,,
,,,3.369565217391304,775,0.6264630556106567,0.6838235294117647,0.8122270742358079,172.9138,,,,
0.6429,0.7778114676475525,0.00035714285714285714,3.4782608695652173,800,,,,,,,,
,,,3.4782608695652173,800,0.6385886073112488,0.6838235294117647,0.8122270742358079,178.5329,,,,
0.6336,0.8880152702331543,0.0003511904761904762,3.5869565217391304,825,,,,,,,,
,,,3.5869565217391304,825,0.6243888139724731,0.6838235294117647,0.8122270742358079,184.1195,,,,
0.6384,1.4789026975631714,0.00034523809523809523,3.6956521739130435,850,,,,,,,,
,,,3.6956521739130435,850,0.6337298154830933,0.6838235294117647,0.8122270742358079,189.8619,,,,
0.6351,1.840711236000061,0.00033928571428571433,3.8043478260869565,875,,,,,,,,
,,,3.8043478260869565,875,0.6249811053276062,0.6838235294117647,0.8122270742358079,195.4257,,,,
0.6547,1.0803145170211792,0.0003333333333333333,3.9130434782608696,900,,,,,,,,
,,,3.9130434782608696,900,0.6241414546966553,0.6838235294117647,0.8122270742358079,201.1266,,,,
0.6624,0.6380680799484253,0.00032738095238095237,4.021739130434782,925,,,,,,,,
,,,4.021739130434782,925,0.6298177242279053,0.6838235294117647,0.8122270742358079,206.5394,,,,
0.6154,0.5641828775405884,0.00032142857142857147,4.130434782608695,950,,,,,,,,
,,,4.130434782608695,950,0.624002993106842,0.6838235294117647,0.8122270742358079,212.1595,,,,
0.6277,1.6207025051116943,0.00031547619047619046,4.239130434782608,975,,,,,,,,
,,,4.239130434782608,975,0.6240443587303162,0.6838235294117647,0.8122270742358079,217.808,,,,
0.6341,0.6426887512207031,0.00030952380952380956,4.3478260869565215,1000,,,,,,,,
,,,4.3478260869565215,1000,0.6251044869422913,0.6838235294117647,0.8122270742358079,223.2959,,,,
0.6236,0.64227694272995,0.00030357142857142855,4.456521739130435,1025,,,,,,,,
,,,4.456521739130435,1025,0.6246119737625122,0.6838235294117647,0.8122270742358079,229.2503,,,,
0.6445,0.5693067312240601,0.00029761904761904765,4.565217391304348,1050,,,,,,,,
,,,4.565217391304348,1050,0.6250935196876526,0.6838235294117647,0.8122270742358079,234.8153,,,,
0.6559,0.6935839653015137,0.0002916666666666667,4.673913043478261,1075,,,,,,,,
,,,4.673913043478261,1075,0.6256328225135803,0.6838235294117647,0.8122270742358079,240.3966,,,,
0.6325,1.7632771730422974,0.0002857142857142857,4.782608695652174,1100,,,,,,,,
,,,4.782608695652174,1100,0.6258208751678467,0.6838235294117647,0.8122270742358079,245.9509,,,,
0.6563,1.4955600500106812,0.0002797619047619048,4.891304347826087,1125,,,,,,,,
,,,4.891304347826087,1125,0.6273930668830872,0.6838235294117647,0.8122270742358079,251.5206,,,,
0.6256,2.0812392234802246,0.0002738095238095238,5.0,1150,,,,,,,,
,,,5.0,1150,0.623954713344574,0.6838235294117647,0.8122270742358079,257.1532,,,,
0.6574,1.378471851348877,0.00026785714285714287,5.108695652173913,1175,,,,,,,,
,,,5.108695652173913,1175,0.6253455877304077,0.6838235294117647,0.8122270742358079,262.6371,,,,
0.6284,2.3388266563415527,0.0002619047619047619,5.217391304347826,1200,,,,,,,,
,,,5.217391304347826,1200,0.624584972858429,0.6838235294117647,0.8122270742358079,268.3379,,,,
0.6528,0.46711546182632446,0.00025595238095238096,5.326086956521739,1225,,,,,,,,
,,,5.326086956521739,1225,0.6251757144927979,0.6838235294117647,0.8122270742358079,273.891,,,,
0.6559,0.8218391537666321,0.00025,5.434782608695652,1250,,,,,,,,
,,,5.434782608695652,1250,0.6331580877304077,0.6838235294117647,0.8122270742358079,279.4787,,,,
0.6313,0.7790038585662842,0.00024404761904761905,5.543478260869565,1275,,,,,,,,
,,,5.543478260869565,1275,0.6246950626373291,0.6838235294117647,0.8122270742358079,284.9678,,,,
0.613,0.5427954792976379,0.0002380952380952381,5.6521739130434785,1300,,,,,,,,
,,,5.6521739130434785,1300,0.6239597201347351,0.6838235294117647,0.8122270742358079,290.5133,,,,
0.625,0.9627195000648499,0.00023214285714285717,5.760869565217392,1325,,,,,,,,
,,,5.760869565217392,1325,0.6240758895874023,0.6838235294117647,0.8122270742358079,296.1859,,,,
0.6109,0.4594690501689911,0.00022619047619047618,5.869565217391305,1350,,,,,,,,
,,,5.869565217391305,1350,0.6241706609725952,0.6838235294117647,0.8122270742358079,301.8028,,,,
0.6237,0.39591842889785767,0.00022023809523809523,5.978260869565218,1375,,,,,,,,
,,,5.978260869565218,1375,0.6248528957366943,0.6838235294117647,0.8122270742358079,307.5303,,,,
0.5939,1.4765161275863647,0.00021428571428571427,6.086956521739131,1400,,,,,,,,
,,,6.086956521739131,1400,0.6262531876564026,0.6838235294117647,0.8122270742358079,312.9681,,,,
0.6338,0.6595443487167358,0.00020833333333333335,6.195652173913044,1425,,,,,,,,
,,,6.195652173913044,1425,0.6240012049674988,0.6838235294117647,0.8122270742358079,318.7859,,,,
0.6463,0.3546086549758911,0.0002023809523809524,6.304347826086957,1450,,,,,,,,
,,,6.304347826086957,1450,0.6240509152412415,0.6838235294117647,0.8122270742358079,324.2155,,,,
0.6327,0.6087472438812256,0.00019642857142857144,6.413043478260869,1475,,,,,,,,
,,,6.413043478260869,1475,0.6258738040924072,0.6838235294117647,0.8122270742358079,329.8112,,,,
0.6649,2.3246397972106934,0.00019047619047619048,6.521739130434782,1500,,,,,,,,
,,,6.521739130434782,1500,0.6251237988471985,0.6838235294117647,0.8122270742358079,335.3059,,,,
0.6157,1.7246800661087036,0.00018452380952380953,6.630434782608695,1525,,,,,,,,
,,,6.630434782608695,1525,0.6242066025733948,0.6838235294117647,0.8122270742358079,341.1784,,,,
0.632,0.6646032333374023,0.00017857142857142857,6.739130434782608,1550,,,,,,,,
,,,6.739130434782608,1550,0.623975396156311,0.6838235294117647,0.8122270742358079,346.7105,,,,
0.6469,0.8737940788269043,0.00017261904761904762,6.8478260869565215,1575,,,,,,,,
,,,6.8478260869565215,1575,0.625643253326416,0.6838235294117647,0.8122270742358079,352.2528,,,,
0.6244,0.7493700981140137,0.00016666666666666666,6.956521739130435,1600,,,,,,,,
,,,6.956521739130435,1600,0.6246563196182251,0.6838235294117647,0.8122270742358079,357.9284,,,,
0.6597,1.7366029024124146,0.00016071428571428573,7.065217391304348,1625,,,,,,,,
,,,7.065217391304348,1625,0.6254719495773315,0.6838235294117647,0.8122270742358079,363.337,,,,
0.6122,0.48519790172576904,0.00015476190476190478,7.173913043478261,1650,,,,,,,,
,,,7.173913043478261,1650,0.6240599751472473,0.6838235294117647,0.8122270742358079,368.9194,,,,
0.6165,0.5361599326133728,0.00014880952380952382,7.282608695652174,1675,,,,,,,,
,,,7.282608695652174,1675,0.6246458888053894,0.6838235294117647,0.8122270742358079,374.4169,,,,
0.6274,0.5518282651901245,0.00014285714285714284,7.391304347826087,1700,,,,,,,,
,,,7.391304347826087,1700,0.6241114139556885,0.6838235294117647,0.8122270742358079,380.094,,,,
0.6632,0.9940468072891235,0.0001369047619047619,7.5,1725,,,,,,,,
,,,7.5,1725,0.6261611580848694,0.6838235294117647,0.8122270742358079,385.7336,,,,
0.6414,0.4527903199195862,0.00013095238095238096,7.608695652173913,1750,,,,,,,,
,,,7.608695652173913,1750,0.6264628171920776,0.6838235294117647,0.8122270742358079,391.3114,,,,
0.636,0.664753794670105,0.000125,7.717391304347826,1775,,,,,,,,
,,,7.717391304347826,1775,0.6250309348106384,0.6838235294117647,0.8122270742358079,396.9724,,,,
0.6463,0.8064021468162537,0.00011904761904761905,7.826086956521739,1800,,,,,,,,
,,,7.826086956521739,1800,0.6244490146636963,0.6838235294117647,0.8122270742358079,402.4775,,,,
0.6227,0.4821818172931671,0.00011309523809523809,7.934782608695652,1825,,,,,,,,
,,,7.934782608695652,1825,0.6240147948265076,0.6838235294117647,0.8122270742358079,408.2987,,,,
0.6112,1.5787760019302368,0.00010714285714285714,8.043478260869565,1850,,,,,,,,
,,,8.043478260869565,1850,0.6240193247795105,0.6838235294117647,0.8122270742358079,413.738,,,,
0.6624,0.533911406993866,0.0001011904761904762,8.152173913043478,1875,,,,,,,,
,,,8.152173913043478,1875,0.6254876255989075,0.6838235294117647,0.8122270742358079,419.3734,,,,
0.5991,4.914727687835693,9.523809523809524e-05,8.26086956521739,1900,,,,,,,,
,,,8.26086956521739,1900,0.6244716048240662,0.6838235294117647,0.8122270742358079,425.0497,,,,
0.6352,1.2586411237716675,8.928571428571429e-05,8.369565217391305,1925,,,,,,,,
,,,8.369565217391305,1925,0.6263315677642822,0.6838235294117647,0.8122270742358079,430.7024,,,,
0.6464,3.7093000411987305,8.333333333333333e-05,8.478260869565217,1950,,,,,,,,
,,,8.478260869565217,1950,0.6268613934516907,0.6838235294117647,0.8122270742358079,436.3673,,,,
0.6254,2.325371265411377,7.738095238095239e-05,8.58695652173913,1975,,,,,,,,
,,,8.58695652173913,1975,0.6241580247879028,0.6838235294117647,0.8122270742358079,441.8634,,,,
0.6403,2.186718702316284,7.142857142857142e-05,8.695652173913043,2000,,,,,,,,
,,,8.695652173913043,2000,0.6253259778022766,0.6838235294117647,0.8122270742358079,447.4873,,,,
0.6435,1.2103891372680664,6.547619047619048e-05,8.804347826086957,2025,,,,,,,,
,,,8.804347826086957,2025,0.6258615255355835,0.6838235294117647,0.8122270742358079,453.3995,,,,
0.6121,1.5467357635498047,5.9523809523809524e-05,8.91304347826087,2050,,,,,,,,
,,,8.91304347826087,2050,0.6244462132453918,0.6838235294117647,0.8122270742358079,459.1181,,,,
0.6212,1.810552954673767,5.357142857142857e-05,9.021739130434783,2075,,,,,,,,
,,,9.021739130434783,2075,0.624033510684967,0.6838235294117647,0.8122270742358079,464.5418,,,,
0.6285,8.52286148071289,4.761904761904762e-05,9.130434782608695,2100,,,,,,,,
,,,9.130434782608695,2100,0.624836802482605,0.6838235294117647,0.8122270742358079,470.1573,,,,
0.6363,3.765225648880005,4.1666666666666665e-05,9.23913043478261,2125,,,,,,,,
,,,9.23913043478261,2125,0.6257214546203613,0.6838235294117647,0.8122270742358079,475.698,,,,
0.6089,1.9749972820281982,3.571428571428571e-05,9.347826086956522,2150,,,,,,,,
,,,9.347826086956522,2150,0.6317437887191772,0.6838235294117647,0.8122270742358079,481.2661,,,,
0.6425,2.034672498703003,2.9761904761904762e-05,9.456521739130435,2175,,,,,,,,
,,,9.456521739130435,2175,0.6242262125015259,0.6838235294117647,0.8122270742358079,486.912,,,,
0.6293,1.440224289894104,2.380952380952381e-05,9.565217391304348,2200,,,,,,,,
,,,9.565217391304348,2200,0.6265828609466553,0.6838235294117647,0.8122270742358079,492.474,,,,
0.6338,1.656232237815857,1.7857142857142855e-05,9.673913043478262,2225,,,,,,,,
,,,9.673913043478262,2225,0.6277620196342468,0.6838235294117647,0.8122270742358079,498.1191,,,,
0.6354,2.61816668510437,1.1904761904761905e-05,9.782608695652174,2250,,,,,,,,
,,,9.782608695652174,2250,0.6256794929504395,0.6838235294117647,0.8122270742358079,503.677,,,,
0.6419,2.8772854804992676,5.9523809523809525e-06,9.891304347826086,2275,,,,,,,,
,,,9.891304347826086,2275,0.628132700920105,0.6838235294117647,0.8122270742358079,509.4113,,,,
0.6544,4.677489280700684,0.0,10.0,2300,,,,,,,,
,,,10.0,2300,0.6279027462005615,0.6838235294117647,0.8122270742358079,514.909,,,,
,,,10.0,2300,,,,514.5506,71.286,4.47,1451673350395296.0,0.6397866247270418
