loss,grad_norm,learning_rate,epoch,step,eval_loss,eval_accuracy,eval_f1,train_runtime,train_samples_per_second,train_steps_per_second,total_flos,train_loss
1.1672,3.7007856369018555,0.0001,0.0625,1,,,,,,,,
0.9585,2.1241395473480225,0.001,0.625,10,,,,,,,,
,,,0.625,10,0.9245427250862122,0.5,0.2222222222222222,4.3919,,,,
1.0334,3.1583545207977295,0.002,1.25,20,,,,,,,,
,,,1.25,20,0.9667976498603821,0.6607142857142857,0.4589473684210526,8.6253,,,,
0.8616,2.1189796924591064,0.003,1.875,30,,,,,,,,
,,,1.875,30,0.8749820590019226,0.6964285714285714,0.48397660818713456,12.6609,,,,
0.8708,3.2811763286590576,0.004,2.5,40,,,,,,,,
,,,2.5,40,0.7724490761756897,0.7142857142857143,0.49806201550387597,16.6754,,,,
0.6164,0.9708036780357361,0.005,3.125,50,,,,,,,,
,,,3.125,50,0.7029967904090881,0.75,0.524731182795699,20.7428,,,,
0.5668,2.6550495624542236,0.004814814814814814,3.75,60,,,,,,,,
,,,3.75,60,0.767527163028717,0.6964285714285714,0.4792779049071956,24.904,,,,
0.335,0.8061234951019287,0.004629629629629629,4.375,70,,,,,,,,
,,,4.375,70,0.748796284198761,0.7678571428571429,0.5406746031746033,28.8888,,,,
0.28,0.42432135343551636,0.0044444444444444444,5.0,80,,,,,,,,
,,,5.0,80,0.5075376033782959,0.8214285714285714,0.6774806892453952,32.9482,,,,
0.1275,0.7854243516921997,0.0042592592592592595,5.625,90,,,,,,,,
,,,5.625,90,0.45248332619667053,0.875,0.8523809523809525,37.4064,,,,
0.0656,0.105984628200531,0.004074074074074074,6.25,100,,,,,,,,
,,,6.25,100,0.4120787978172302,0.9285714285714286,0.917003367003367,41.4318,,,,
0.0153,0.0011110302293673158,0.003888888888888889,6.875,110,,,,,,,,
,,,6.875,110,0.6979212760925293,0.875,0.717304189435337,45.4317,,,,
0.0764,2.2458090782165527,0.0037037037037037034,7.5,120,,,,,,,,
,,,7.5,120,0.4153589606285095,0.9464285714285714,0.9370223978919632,49.2006,,,,
0.0139,0.0018985816277563572,0.0035185185185185185,8.125,130,,,,,,,,
,,,8.125,130,0.46970075368881226,0.9285714285714286,0.917003367003367,53.4563,,,,
0.0208,0.0038907486014068127,0.003333333333333333,8.75,140,,,,,,,,
,,,8.75,140,0.37359902262687683,0.9464285714285714,0.9605415860735009,57.9344,,,,
0.01,0.08451584726572037,0.003148148148148148,9.375,150,,,,,,,,
,,,9.375,150,0.4358733594417572,0.9285714285714286,0.9237290159275974,62.0376,,,,
0.0187,8.728990360395983e-05,0.002962962962962963,10.0,160,,,,,,,,
,,,10.0,160,0.3822192847728729,0.9642857142857143,0.9736024844720497,66.0975,,,,
0.0074,3.2473039627075195,0.002777777777777778,10.625,170,,,,,,,,
,,,10.625,170,0.5547856688499451,0.9285714285714286,0.9174849267872524,70.4726,,,,
0.0378,0.0013198332162573934,0.0025925925925925925,11.25,180,,,,,,,,
,,,11.25,180,0.3380443751811981,0.9642857142857143,0.9733542319749215,74.5333,,,,
0.0007,0.0029645343311131,0.002407407407407407,11.875,190,,,,,,,,
,,,11.875,190,0.33745914697647095,0.9107142857142857,0.9104084321475625,78.9556,,,,
0.0054,6.092508920119144e-05,0.0022222222222222222,12.5,200,,,,,,,,
,,,12.5,200,0.3679944574832916,0.9642857142857143,0.9733542319749215,82.9342,,,,
0.0048,0.00014589009515475482,0.002037037037037037,13.125,210,,,,,,,,
,,,13.125,210,0.3835633099079132,0.9464285714285714,0.960233918128655,87.0485,,,,
0.0079,0.0004138855147175491,0.0018518518518518517,13.75,220,,,,,,,,
,,,13.75,220,0.4066759943962097,0.9285714285714286,0.9472049689440993,91.5369,,,,
0.0002,0.02023555152118206,0.0016666666666666666,14.375,230,,,,,,,,
,,,14.375,230,0.4390183985233307,0.9464285714285714,0.9605415860735009,95.9083,,,,
0.0024,0.4434698522090912,0.0014814814814814814,15.0,240,,,,,,,,
,,,15.0,240,0.4183778464794159,0.9285714285714286,0.9472049689440993,99.9276,,,,
0.0001,0.00026613808586262167,0.0012962962962962963,15.625,250,,,,,,,,
,,,15.625,250,0.41535067558288574,0.9464285714285714,0.960233918128655,104.0378,,,,
0.0002,0.003250199370086193,0.0011111111111111111,16.25,260,,,,,,,,
,,,16.25,260,0.4203815460205078,0.9464285714285714,0.960233918128655,108.3417,,,,
0.0003,0.0018014069646596909,0.0009259259259259259,16.875,270,,,,,,,,
,,,16.875,270,0.42280277609825134,0.9464285714285714,0.960233918128655,112.5429,,,,
0.0001,0.00022654370695818216,0.0007407407407407407,17.5,280,,,,,,,,
,,,17.5,280,0.42371273040771484,0.9464285714285714,0.960233918128655,116.9896,,,,
0.0207,0.0004209783801343292,0.0005555555555555556,18.125,290,,,,,,,,
,,,18.125,290,0.41205185651779175,0.9464285714285714,0.960233918128655,121.024,,,,
0.0002,0.004131194204092026,0.00037037037037037035,18.75,300,,,,,,,,
,,,18.75,300,0.40790170431137085,0.9464285714285714,0.960233918128655,125.4307,,,,
0.0003,0.0056095365434885025,0.00018518518518518518,19.375,310,,,,,,,,
,,,19.375,310,0.4073163568973541,0.9464285714285714,0.960233918128655,129.2474,,,,
0.0002,0.037923265248537064,0.0,20.0,320,,,,,,,,
,,,20.0,320,0.40717482566833496,0.9464285714285714,0.960233918128655,133.5275,,,,
,,,20.0,320,,,,133.1413,37.554,2.403,450174214071360.0,0.18688359856078024
