loss,grad_norm,learning_rate,epoch,step,eval_loss,eval_accuracy,eval_f1,train_runtime,train_samples_per_second,train_steps_per_second,total_flos,train_loss
1.0935,3.448720693588257,1.0000000000000001e-07,0.0625,1,,,,,,,,
1.1192,4.971843719482422,1.0000000000000002e-06,0.625,10,,,,,,,,
,,,0.625,10,1.112546443939209,0.35714285714285715,0.21164021164021166,5.8918,,,,
1.1188,3.8153328895568848,2.0000000000000003e-06,1.25,20,,,,,,,,
,,,1.25,20,1.1020269393920898,0.5,0.2222222222222222,11.5909,,,,
1.0969,4.046699523925781,3e-06,1.875,30,,,,,,,,
,,,1.875,30,1.0851761102676392,0.5,0.2222222222222222,17.1148,,,,
1.0779,3.5466251373291016,4.000000000000001e-06,2.5,40,,,,,,,,
,,,2.5,40,1.0625282526016235,0.5,0.2222222222222222,22.5618,,,,
1.0394,3.552642345428467,5e-06,3.125,50,,,,,,,,
,,,3.125,50,1.0309836864471436,0.5,0.2222222222222222,28.0984,,,,
0.9891,11.937373161315918,6e-06,3.75,60,,,,,,,,
,,,3.75,60,0.9779948592185974,0.5535714285714286,0.323086196503918,33.7541,,,,
0.9058,4.08038854598999,7e-06,4.375,70,,,,,,,,
,,,4.375,70,0.8591071367263794,0.6607142857142857,0.4620998116760829,39.0794,,,,
0.734,7.597654819488525,8.000000000000001e-06,5.0,80,,,,,,,,
,,,5.0,80,0.7977561354637146,0.6964285714285714,0.4872881355932203,44.5921,,,,
0.6172,5.456263065338135,9e-06,5.625,90,,,,,,,,
,,,5.625,90,0.7942879796028137,0.6785714285714286,0.47391812865497074,50.5563,,,,
0.6246,14.355127334594727,1e-05,6.25,100,,,,,,,,
,,,6.25,100,0.7317498922348022,0.7142857142857143,0.49806201550387597,55.9144,,,,
0.5112,11.487260818481445,1.1000000000000001e-05,6.875,110,,,,,,,,
,,,6.875,110,0.6876078844070435,0.6964285714285714,0.486277269528501,61.3895,,,,
0.4492,11.976958274841309,1.2e-05,7.5,120,,,,,,,,
,,,7.5,120,0.5221742391586304,0.7678571428571429,0.5361702127659574,66.441,,,,
0.2637,12.595499038696289,1.3000000000000001e-05,8.125,130,,,,,,,,
,,,8.125,130,0.450102299451828,0.7857142857142857,0.5485863625564268,72.2082,,,,
0.1807,2.7033205032348633,1.4e-05,8.75,140,,,,,,,,
,,,8.75,140,0.36330369114875793,0.8035714285714286,0.5607017543859648,78.2826,,,,
0.1973,2.6468007564544678,1.5000000000000002e-05,9.375,150,,,,,,,,
,,,9.375,150,0.3742457926273346,0.8214285714285714,0.572893772893773,83.8698,,,,
0.1117,0.8137269616127014,1.6000000000000003e-05,10.0,160,,,,,,,,
,,,10.0,160,0.5076282024383545,0.8571428571428571,0.7746561614486143,89.3842,,,,
0.0583,2.368161201477051,1.7e-05,10.625,170,,,,,,,,
,,,10.625,170,0.4052518308162689,0.8214285714285714,0.6758951642672574,95.3943,,,,
0.0881,7.108083248138428,1.8e-05,11.25,180,,,,,,,,
,,,11.25,180,0.4333251118659973,0.8392857142857143,0.7755567781241721,100.8441,,,,
0.0428,4.496162414550781,1.9e-05,11.875,190,,,,,,,,
,,,11.875,190,0.1541425883769989,0.9464285714285714,0.9309263496906518,106.8071,,,,
0.0336,0.10669208317995071,2e-05,12.5,200,,,,,,,,
,,,12.5,200,0.28293558955192566,0.8928571428571429,0.8248772504091653,112.1969,,,,
0.0144,0.060586947947740555,1.8333333333333333e-05,13.125,210,,,,,,,,
,,,13.125,210,0.5216392874717712,0.875,0.8491543917075832,117.6209,,,,
0.0066,14.406136512756348,1.6666666666666667e-05,13.75,220,,,,,,,,
,,,13.75,220,0.5001465678215027,0.9107142857142857,0.8913565426170468,123.72,,,,
0.0065,0.07611443102359772,1.5000000000000002e-05,14.375,230,,,,,,,,
,,,14.375,230,0.5078690648078918,0.875,0.8479437579521685,129.5996,,,,
0.0024,0.219021275639534,1.3333333333333333e-05,15.0,240,,,,,,,,
,,,15.0,240,0.4006231129169464,0.9107142857142857,0.8761633428300094,135.0038,,,,
0.0015,0.022414837032556534,1.1666666666666668e-05,15.625,250,,,,,,,,
,,,15.625,250,0.42212024331092834,0.8928571428571429,0.8782051282051282,140.6333,,,,
0.0015,0.022490063682198524,1e-05,16.25,260,,,,,,,,
,,,16.25,260,0.43591734766960144,0.8928571428571429,0.8782051282051282,146.4255,,,,
0.0014,0.03556985780596733,8.333333333333334e-06,16.875,270,,,,,,,,
,,,16.875,270,0.4356411099433899,0.8928571428571429,0.8782051282051282,152.1181,,,,
0.0013,0.01836691051721573,6.666666666666667e-06,17.5,280,,,,,,,,
,,,17.5,280,0.4380039870738983,0.8928571428571429,0.8782051282051282,158.0404,,,,
0.0012,0.016085460782051086,5e-06,18.125,290,,,,,,,,
,,,18.125,290,0.4372987747192383,0.8928571428571429,0.8782051282051282,163.5235,,,,
0.0012,0.016466950997710228,3.3333333333333333e-06,18.75,300,,,,,,,,
,,,18.75,300,0.4358939826488495,0.8928571428571429,0.8782051282051282,169.5164,,,,
0.0011,0.017009355127811432,1.6666666666666667e-06,19.375,310,,,,,,,,
,,,19.375,310,0.43455958366394043,0.8928571428571429,0.8782051282051282,174.6466,,,,
0.0012,0.019894812256097794,0.0,20.0,320,,,,,,,,
,,,20.0,320,0.43430426716804504,0.8928571428571429,0.8782051282051282,180.3895,,,,
,,,20.0,320,,,,179.9551,27.785,1.778,446840583950880.0,0.35303462465817576
