loss,grad_norm,learning_rate,epoch,step,eval_loss,eval_accuracy,eval_f1,train_runtime,train_samples_per_second,train_steps_per_second,total_flos,train_loss
0.7008,1.44036865234375,2.5e-06,0.0,1,,,,,,,,
0.6567,0.801856279373169,6.25e-05,0.11,25,,,,,,,,
,,,0.11,25,0.6360639929771423,0.6838235294117647,0.8122270742358079,5.8241,,,,
0.6603,1.2576931715011597,0.000125,0.22,50,,,,,,,,
,,,0.22,50,0.62545245885849,0.6838235294117647,0.8122270742358079,11.163,,,,
0.6398,2.4846906661987305,0.0001875,0.33,75,,,,,,,,
,,,0.33,75,0.6213003396987915,0.6838235294117647,0.8122270742358079,16.6802,,,,
0.6415,0.6168680787086487,0.00025,0.43,100,,,,,,,,
,,,0.43,100,0.6175910830497742,0.6838235294117647,0.8122270742358079,21.998,,,,
0.6042,1.2410916090011597,0.0003125,0.54,125,,,,,,,,
,,,0.54,125,0.6130576729774475,0.6838235294117647,0.8122270742358079,27.4287,,,,
0.638,3.363523006439209,0.000375,0.65,150,,,,,,,,
,,,0.65,150,0.6122259497642517,0.6936274509803921,0.816446402349486,32.7662,,,,
0.6108,1.0005449056625366,0.0004375,0.76,175,,,,,,,,
,,,0.76,175,0.5553085207939148,0.6936274509803921,0.8153618906942391,38.3107,,,,
0.5879,3.0081872940063477,0.0005,0.87,200,,,,,,,,
,,,0.87,200,0.5395688414573669,0.7549019607843137,0.8344370860927153,43.7638,,,,
0.5994,1.8883183002471924,0.0004940476190476191,0.98,225,,,,,,,,
,,,0.98,225,0.558139979839325,0.7892156862745098,0.8501742160278745,49.1504,,,,
0.5874,1.0874449014663696,0.0004880952380952381,1.09,250,,,,,,,,
,,,1.09,250,0.5051171183586121,0.7524509803921569,0.8389154704944178,54.441,,,,
0.5283,1.9637107849121094,0.00048214285714285715,1.2,275,,,,,,,,
,,,1.2,275,0.5242001414299011,0.7377450980392157,0.8341085271317831,59.8069,,,,
0.5064,2.8685426712036133,0.0004761904761904762,1.3,300,,,,,,,,
,,,1.3,300,0.44949594140052795,0.7745098039215687,0.8385964912280701,65.3093,,,,
0.4435,3.305996894836426,0.00047023809523809523,1.41,325,,,,,,,,
,,,1.41,325,0.46421441435813904,0.7622549019607843,0.8079207920792079,70.6453,,,,
0.522,12.37976360321045,0.00046428571428571433,1.52,350,,,,,,,,
,,,1.52,350,0.5222567319869995,0.7647058823529411,0.8485804416403785,76.1431,,,,
0.4696,1.722464919090271,0.0004583333333333333,1.63,375,,,,,,,,
,,,1.63,375,0.4037456810474396,0.8186274509803921,0.8659420289855072,81.4618,,,,
0.4039,2.0482869148254395,0.00045238095238095237,1.74,400,,,,,,,,
,,,1.74,400,0.4193294048309326,0.7990196078431373,0.8610169491525423,86.8528,,,,
0.4753,4.498699188232422,0.00044642857142857147,1.85,425,,,,,,,,
,,,1.85,425,0.37690451741218567,0.8284313725490197,0.8776223776223777,92.3159,,,,
0.4242,1.3326996564865112,0.00044047619047619046,1.96,450,,,,,,,,
,,,1.96,450,0.3622530698776245,0.8431372549019608,0.8873239436619718,97.8308,,,,
0.4194,2.8293819427490234,0.00043452380952380956,2.07,475,,,,,,,,
,,,2.07,475,0.47659099102020264,0.7794117647058824,0.8557692307692307,103.1406,,,,
0.426,1.857401728630066,0.00042857142857142855,2.17,500,,,,,,,,
,,,2.17,500,0.3707413673400879,0.8357843137254902,0.8846815834767642,108.5685,,,,
0.4019,4.42031717300415,0.00042261904761904765,2.28,525,,,,,,,,
,,,2.28,525,0.35307732224464417,0.8333333333333334,0.8731343283582089,114.6117,,,,
0.356,1.395944356918335,0.0004166666666666667,2.39,550,,,,,,,,
,,,2.39,550,0.36661818623542786,0.8284313725490197,0.8776223776223777,119.9843,,,,
0.4465,1.3721650838851929,0.0004107142857142857,2.5,575,,,,,,,,
,,,2.5,575,0.36204251646995544,0.8186274509803921,0.8737201365187712,125.515,,,,
0.3624,1.7508642673492432,0.0004047619047619048,2.61,600,,,,,,,,
,,,2.61,600,0.36824461817741394,0.8382352941176471,0.8873720136518771,130.9052,,,,
0.3717,2.795551300048828,0.00039880952380952383,2.72,625,,,,,,,,
,,,2.72,625,0.44383031129837036,0.8063725490196079,0.870279146141215,136.44,,,,
0.4857,4.244682788848877,0.0003928571428571429,2.83,650,,,,,,,,
,,,2.83,650,0.32809481024742126,0.8651960784313726,0.9029982363315697,141.8714,,,,
0.3566,3.0325074195861816,0.0003869047619047619,2.93,675,,,,,,,,
,,,2.93,675,0.3469579219818115,0.8455882352941176,0.8900523560209423,147.3475,,,,
0.3521,5.614036560058594,0.00038095238095238096,3.04,700,,,,,,,,
,,,3.04,700,0.3982696533203125,0.8308823529411765,0.8851913477537438,152.5954,,,,
0.389,5.850183010101318,0.000375,3.15,725,,,,,,,,
,,,3.15,725,0.4811859130859375,0.8161764705882353,0.878048780487805,158.0153,,,,
0.4099,3.8637304306030273,0.00036904761904761905,3.26,750,,,,,,,,
,,,3.26,750,0.38592061400413513,0.8431372549019608,0.8922558922558923,163.5398,,,,
0.3117,5.270119667053223,0.0003630952380952381,3.37,775,,,,,,,,
,,,3.37,775,0.35547852516174316,0.8651960784313726,0.9036777583187391,168.8672,,,,
0.3753,5.9835429191589355,0.00035714285714285714,3.48,800,,,,,,,,
,,,3.48,800,0.3360362648963928,0.8553921568627451,0.8952042628774423,174.3697,,,,
0.3894,3.4033713340759277,0.0003511904761904762,3.59,825,,,,,,,,
,,,3.59,825,0.32000455260276794,0.8553921568627451,0.8963093145869947,179.7986,,,,
0.3824,3.449314832687378,0.00034523809523809523,3.7,850,,,,,,,,
,,,3.7,850,0.31540626287460327,0.8602941176470589,0.8976660682226212,185.3639,,,,
0.3349,6.815020561218262,0.00033928571428571433,3.8,875,,,,,,,,
,,,3.8,875,0.3226271867752075,0.8578431372549019,0.894927536231884,190.794,,,,
0.3559,3.7092175483703613,0.0003333333333333333,3.91,900,,,,,,,,
,,,3.91,900,0.36258673667907715,0.8504901960784313,0.8967851099830796,196.3256,,,,
0.3779,2.988891363143921,0.00032738095238095237,4.02,925,,,,,,,,
,,,4.02,925,0.32485729455947876,0.875,0.911917098445596,201.6136,,,,
0.3361,2.6615889072418213,0.00032142857142857147,4.13,950,,,,,,,,
,,,4.13,950,0.316373735666275,0.8700980392156863,0.9071803852889667,207.0774,,,,
0.3729,2.9865198135375977,0.00031547619047619046,4.24,975,,,,,,,,
,,,4.24,975,0.33267661929130554,0.8602941176470589,0.9032258064516129,212.4849,,,,
0.3752,2.334233522415161,0.00030952380952380956,4.35,1000,,,,,,,,
,,,4.35,1000,0.3198931813240051,0.8553921568627451,0.8977469670710572,217.8674,,,,
0.3469,8.221881866455078,0.00030357142857142855,4.46,1025,,,,,,,,
,,,4.46,1025,0.32749229669570923,0.8578431372549019,0.8921933085501859,224.0388,,,,
0.3322,5.8235321044921875,0.00029761904761904765,4.57,1050,,,,,,,,
,,,4.57,1050,0.34685254096984863,0.8529411764705882,0.8954703832752613,229.5115,,,,
0.2887,3.570343255996704,0.0002916666666666667,4.67,1075,,,,,,,,
,,,4.67,1075,0.3501013517379761,0.8651960784313726,0.9033391915641477,234.9949,,,,
0.282,2.626784563064575,0.0002857142857142857,4.78,1100,,,,,,,,
,,,4.78,1100,0.34976014494895935,0.8676470588235294,0.9059233449477352,240.4191,,,,
0.3411,3.9023327827453613,0.0002797619047619048,4.89,1125,,,,,,,,
,,,4.89,1125,0.31087934970855713,0.8700980392156863,0.9065255731922399,245.9476,,,,
0.313,0.22807154059410095,0.0002738095238095238,5.0,1150,,,,,,,,
,,,5.0,1150,0.30794551968574524,0.8651960784313726,0.9023090586145649,251.4026,,,,
0.3077,2.015353202819824,0.00026785714285714287,5.11,1175,,,,,,,,
,,,5.11,1175,0.34948691725730896,0.8651960784313726,0.9050086355785838,256.8276,,,,
0.3201,8.266955375671387,0.0002619047619047619,5.22,1200,,,,,,,,
,,,5.22,1200,0.35099321603775024,0.8651960784313726,0.9066213921901529,262.3096,,,,
0.3146,3.8242363929748535,0.00025595238095238096,5.33,1225,,,,,,,,
,,,5.33,1225,0.31581762433052063,0.8774509803921569,0.9119718309859154,267.7602,,,,
0.3517,3.283701181411743,0.00025,5.43,1250,,,,,,,,
,,,5.43,1250,0.31096065044403076,0.8774509803921569,0.911032028469751,273.187,,,,
0.2744,5.673335552215576,0.00024404761904761905,5.54,1275,,,,,,,,
,,,5.54,1275,0.3200435936450958,0.8700980392156863,0.9048473967684021,278.5675,,,,
0.3071,4.701961040496826,0.0002380952380952381,5.65,1300,,,,,,,,
,,,5.65,1300,0.3372749388217926,0.8651960784313726,0.9050086355785838,284.0513,,,,
0.2805,3.4770493507385254,0.00023214285714285717,5.76,1325,,,,,,,,
,,,5.76,1325,0.3336091935634613,0.8700980392156863,0.9071803852889667,289.5586,,,,
0.3284,5.357149600982666,0.00022619047619047618,5.87,1350,,,,,,,,
,,,5.87,1350,0.31846579909324646,0.8725490196078431,0.9071428571428571,295.122,,,,
0.3172,1.4555245637893677,0.00022023809523809523,5.98,1375,,,,,,,,
,,,5.98,1375,0.3072394132614136,0.8651960784313726,0.8998178506375228,300.6444,,,,
0.2268,4.908389568328857,0.00021428571428571427,6.09,1400,,,,,,,,
,,,6.09,1400,0.5037720799446106,0.8382352941176471,0.892156862745098,306.0256,,,,
0.3313,2.219456672668457,0.00020833333333333335,6.2,1425,,,,,,,,
,,,6.2,1425,0.31669288873672485,0.8676470588235294,0.9035714285714286,311.6287,,,,
0.3163,3.5446395874023438,0.0002023809523809524,6.3,1450,,,,,,,,
,,,6.3,1450,0.3187814950942993,0.8651960784313726,0.8983364140480593,316.9682,,,,
0.318,1.7104583978652954,0.00019642857142857144,6.41,1475,,,,,,,,
,,,6.41,1475,0.3262422978878021,0.8725490196078431,0.9100346020761245,322.4078,,,,
0.318,1.007293939590454,0.00019047619047619048,6.52,1500,,,,,,,,
,,,6.52,1500,0.32313862442970276,0.8700980392156863,0.9061946902654867,327.8109,,,,
0.2773,11.566032409667969,0.00018452380952380953,6.63,1525,,,,,,,,
,,,6.63,1525,0.3688257336616516,0.8676470588235294,0.9065743944636677,334.074,,,,
0.3205,1.723962664604187,0.00017857142857142857,6.74,1550,,,,,,,,
,,,6.74,1550,0.3257238268852234,0.8700980392156863,0.9041591320072333,339.4726,,,,
0.2912,5.209958076477051,0.00017261904761904762,6.85,1575,,,,,,,,
,,,6.85,1575,0.3298070430755615,0.8799019607843137,0.9123434704830053,345.0288,,,,
0.3308,2.4834468364715576,0.00016666666666666666,6.96,1600,,,,,,,,
,,,6.96,1600,0.3263392448425293,0.8700980392156863,0.9061946902654867,350.5295,,,,
0.2465,4.099945545196533,0.00016071428571428573,7.07,1625,,,,,,,,
,,,7.07,1625,0.3434329032897949,0.875,0.9097345132743363,355.9294,,,,
0.2926,2.529284715652466,0.00015476190476190478,7.17,1650,,,,,,,,
,,,7.17,1650,0.3299720287322998,0.8725490196078431,0.907473309608541,361.3316,,,,
0.2691,1.8533680438995361,0.00014880952380952382,7.28,1675,,,,,,,,
,,,7.28,1675,0.34884291887283325,0.8651960784313726,0.905982905982906,366.7818,,,,
0.2947,3.740314483642578,0.00014285714285714284,7.39,1700,,,,,,,,
,,,7.39,1700,0.31684932112693787,0.8700980392156863,0.9068541300527241,372.2767,,,,
0.2831,1.9896386861801147,0.0001369047619047619,7.5,1725,,,,,,,,
,,,7.5,1725,0.3083437383174896,0.8725490196078431,0.9081272084805654,377.8328,,,,
0.2793,3.076432704925537,0.00013095238095238096,7.61,1750,,,,,,,,
,,,7.61,1750,0.3105025589466095,0.8700980392156863,0.9068541300527241,383.2968,,,,
0.2994,3.837575674057007,0.000125,7.72,1775,,,,,,,,
,,,7.72,1775,0.32066017389297485,0.8725490196078431,0.9090909090909091,388.7932,,,,
0.295,3.028810501098633,0.00011904761904761905,7.83,1800,,,,,,,,
,,,7.83,1800,0.3193809986114502,0.8700980392156863,0.9068541300527241,394.2284,,,,
0.2678,3.026301383972168,0.00011309523809523809,7.93,1825,,,,,,,,
,,,7.93,1825,0.3103509545326233,0.8774509803921569,0.911032028469751,399.8432,,,,
0.3516,2.4737796783447266,0.00010714285714285714,8.04,1850,,,,,,,,
,,,8.04,1850,0.3259851038455963,0.8627450980392157,0.902439024390244,405.2467,,,,
0.2935,2.1155965328216553,0.0001011904761904762,8.15,1875,,,,,,,,
,,,8.15,1875,0.3186931610107422,0.8700980392156863,0.9065255731922399,410.7003,,,,
0.2381,0.36524224281311035,9.523809523809524e-05,8.26,1900,,,,,,,,
,,,8.26,1900,0.33147111535072327,0.8725490196078431,0.9087719298245615,416.228,,,,
0.2643,2.7893598079681396,8.928571428571429e-05,8.37,1925,,,,,,,,
,,,8.37,1925,0.3173966407775879,0.8774509803921569,0.9107142857142857,421.7078,,,,
0.2447,4.930108547210693,8.333333333333333e-05,8.48,1950,,,,,,,,
,,,8.48,1950,0.3430570960044861,0.8651960784313726,0.9046793760831888,427.2908,,,,
0.2596,4.165963172912598,7.738095238095239e-05,8.59,1975,,,,,,,,
,,,8.59,1975,0.36610105633735657,0.8651960784313726,0.9063032367972743,432.6894,,,,
0.2671,2.4138877391815186,7.142857142857142e-05,8.7,2000,,,,,,,,
,,,8.7,2000,0.3325258195400238,0.8700980392156863,0.9071803852889667,438.2278,,,,
0.3147,5.259864330291748,6.547619047619048e-05,8.8,2025,,,,,,,,
,,,8.8,2025,0.32748085260391235,0.8725490196078431,0.9084507042253521,444.2346,,,,
0.3203,4.946904182434082,5.9523809523809524e-05,8.91,2050,,,,,,,,
,,,8.91,2050,0.3230079710483551,0.8725490196078431,0.9084507042253521,449.7473,,,,
0.3084,2.2616889476776123,5.357142857142857e-05,9.02,2075,,,,,,,,
,,,9.02,2075,0.3301137387752533,0.8627450980392157,0.9027777777777778,455.0892,,,,
0.2555,2.232665538787842,4.761904761904762e-05,9.13,2100,,,,,,,,
,,,9.13,2100,0.31147798895835876,0.875,0.9087656529516995,460.4914,,,,
0.2394,1.1744343042373657,4.1666666666666665e-05,9.24,2125,,,,,,,,
,,,9.24,2125,0.31821227073669434,0.875,0.9097345132743363,465.9696,,,,
0.3059,3.103970766067505,3.571428571428571e-05,9.35,2150,,,,,,,,
,,,9.35,2150,0.32618066668510437,0.8700980392156863,0.9068541300527241,471.3783,,,,
0.2646,2.0590803623199463,2.9761904761904762e-05,9.46,2175,,,,,,,,
,,,9.46,2175,0.32707348465919495,0.8627450980392157,0.9020979020979022,476.9075,,,,
0.287,2.7605669498443604,2.380952380952381e-05,9.57,2200,,,,,,,,
,,,9.57,2200,0.3355906009674072,0.8651960784313726,0.9046793760831888,482.3335,,,,
0.3018,4.7820539474487305,1.7857142857142855e-05,9.67,2225,,,,,,,,
,,,9.67,2225,0.3245830237865448,0.8651960784313726,0.9040139616055847,487.8433,,,,
0.2738,1.950252652168274,1.1904761904761905e-05,9.78,2250,,,,,,,,
,,,9.78,2250,0.32829782366752625,0.8627450980392157,0.902439024390244,493.2749,,,,
0.2592,6.99703311920166,5.9523809523809525e-06,9.89,2275,,,,,,,,
,,,9.89,2275,0.32694801688194275,0.8627450980392157,0.902439024390244,498.7945,,,,
0.266,11.394400596618652,0.0,10.0,2300,,,,,,,,
,,,10.0,2300,0.32523930072784424,0.8651960784313726,0.9040139616055847,504.1853,,,,
,,,10.0,2300,,,,503.8208,72.804,4.565,1451673350395296.0,0.3659641264314237
