loss,grad_norm,learning_rate,epoch,step,eval_loss,eval_accuracy,eval_f1,train_runtime,train_samples_per_second,train_steps_per_second,total_flos,train_loss
1.1856,3.815915107727051,1e-05,0.0625,1,,,,,,,,
1.1016,3.6422438621520996,0.0001,0.625,10,,,,,,,,
,,,0.625,10,1.0545843839645386,0.4107142857142857,0.1940928270042194,4.7211,,,,
0.985,1.5880934000015259,0.0002,1.25,20,,,,,,,,
,,,1.25,20,0.9304500222206116,0.4107142857142857,0.1940928270042194,9.1462,,,,
0.9442,3.253157615661621,0.0003,1.875,30,,,,,,,,
,,,1.875,30,0.8775083422660828,0.7142857142857143,0.49806201550387597,13.412,,,,
0.8124,2.576242208480835,0.0004,2.5,40,,,,,,,,
,,,2.5,40,0.7836705446243286,0.6785714285714286,0.47478301665493783,17.637,,,,
0.6893,1.0299293994903564,0.0005,3.125,50,,,,,,,,
,,,3.125,50,0.7114461064338684,0.6964285714285714,0.4872881355932203,21.9343,,,,
0.6429,2.846963882446289,0.00048148148148148144,3.75,60,,,,,,,,
,,,3.75,60,0.6261084675788879,0.7321428571428571,0.5115440115440115,26.3015,,,,
0.3757,4.084439277648926,0.000462962962962963,4.375,70,,,,,,,,
,,,4.375,70,0.6282507181167603,0.7857142857142857,0.5490058479532164,30.4205,,,,
0.1918,1.051103949546814,0.0004444444444444444,5.0,80,,,,,,,,
,,,5.0,80,0.38192954659461975,0.8392857142857143,0.5867612293144208,34.6944,,,,
0.1618,6.9995198249816895,0.00042592592592592595,5.625,90,,,,,,,,
,,,5.625,90,0.41229048371315,0.8571428571428571,0.7028284998209812,39.3102,,,,
0.0973,0.6849675178527832,0.0004074074074074074,6.25,100,,,,,,,,
,,,6.25,100,0.38446691632270813,0.8571428571428571,0.7753716409376786,43.5107,,,,
0.0534,0.5943151712417603,0.0003888888888888889,6.875,110,,,,,,,,
,,,6.875,110,0.4882504642009735,0.8928571428571429,0.8519659076769939,47.715,,,,
0.1156,0.21200908720493317,0.00037037037037037035,7.5,120,,,,,,,,
,,,7.5,120,0.4745732247829437,0.9285714285714286,0.8780766852195424,51.6145,,,,
0.0161,0.27798038721084595,0.0003518518518518519,8.125,130,,,,,,,,
,,,8.125,130,0.49385759234428406,0.8928571428571429,0.847342713421302,56.1296,,,,
0.0174,0.4003029465675354,0.0003333333333333333,8.75,140,,,,,,,,
,,,8.75,140,0.6790118217468262,0.9107142857142857,0.8810256410256411,60.8314,,,,
0.0493,0.013993806205689907,0.0003148148148148148,9.375,150,,,,,,,,
,,,9.375,150,0.37232568860054016,0.9285714285714286,0.877846211272863,65.1124,,,,
0.0074,0.011972746811807156,0.0002962962962962963,10.0,160,,,,,,,,
,,,10.0,160,0.3059082627296448,0.9285714285714286,0.8924430641821947,69.4307,,,,
0.0034,0.2653687298297882,0.0002777777777777778,10.625,170,,,,,,,,
,,,10.625,170,0.364589124917984,0.9285714285714286,0.917003367003367,74.0385,,,,
0.0246,0.023355819284915924,0.00025925925925925926,11.25,180,,,,,,,,
,,,11.25,180,0.22482849657535553,0.9642857142857143,0.9736024844720497,78.248,,,,
0.001,0.010898065753281116,0.00024074074074074072,11.875,190,,,,,,,,
,,,11.875,190,0.25335732102394104,0.9464285714285714,0.960233918128655,82.8847,,,,
0.0053,0.004735986236482859,0.0002222222222222222,12.5,200,,,,,,,,
,,,12.5,200,0.24731914699077606,0.9464285714285714,0.9297816053135203,87.0354,,,,
0.0021,0.2481425255537033,0.0002037037037037037,13.125,210,,,,,,,,
,,,13.125,210,0.3206343948841095,0.9464285714285714,0.9302091206853111,91.266,,,,
0.0017,0.8508973717689514,0.00018518518518518518,13.75,220,,,,,,,,
,,,13.75,220,0.31435465812683105,0.9285714285714286,0.917003367003367,95.9591,,,,
0.0002,0.003521200269460678,0.00016666666666666666,14.375,230,,,,,,,,
,,,14.375,230,0.23928992450237274,0.9285714285714286,0.917003367003367,100.5213,,,,
0.0004,0.00769720459356904,0.00014814814814814815,15.0,240,,,,,,,,
,,,15.0,240,0.22673772275447845,0.9464285714285714,0.9297816053135203,104.7017,,,,
0.0006,0.0012999536702409387,0.00012962962962962963,15.625,250,,,,,,,,
,,,15.625,250,0.22905905544757843,0.9464285714285714,0.9297816053135203,109.0302,,,,
0.0002,0.004762937780469656,0.0001111111111111111,16.25,260,,,,,,,,
,,,16.25,260,0.23336033523082733,0.9464285714285714,0.9297816053135203,113.5119,,,,
0.0002,0.0020226819906383753,9.259259259259259e-05,16.875,270,,,,,,,,
,,,16.875,270,0.2368861734867096,0.9464285714285714,0.9297816053135203,117.956,,,,
0.0005,0.004244550596922636,7.407407407407407e-05,17.5,280,,,,,,,,
,,,17.5,280,0.23671790957450867,0.9464285714285714,0.9297816053135203,122.5326,,,,
0.0003,0.043842244893312454,5.555555555555555e-05,18.125,290,,,,,,,,
,,,18.125,290,0.23738498985767365,0.9464285714285714,0.9297816053135203,126.7489,,,,
0.0002,0.004544652067124844,3.7037037037037037e-05,18.75,300,,,,,,,,
,,,18.75,300,0.23878861963748932,0.9464285714285714,0.9297816053135203,131.4112,,,,
0.0002,0.0013888502726331353,1.8518518518518518e-05,19.375,310,,,,,,,,
,,,19.375,310,0.23953592777252197,0.9464285714285714,0.9297816053135203,135.3387,,,,
0.0002,0.0008226391510106623,0.0,20.0,320,,,,,,,,
,,,20.0,320,0.23976412415504456,0.9464285714285714,0.9297816053135203,139.825,,,,
,,,20.0,320,,,,139.3441,35.882,2.296,456088174355520.0,0.19721833136500208
