loss,grad_norm,learning_rate,epoch,step,eval_loss,eval_accuracy,eval_f1,train_runtime,train_samples_per_second,train_steps_per_second,total_flos,train_loss
1.0935,3.0997314453125,0.0001,0.0625,1,,,,,,,,
0.9513,2.6702356338500977,0.001,0.625,10,,,,,,,,
,,,0.625,10,0.9252341985702515,0.7142857142857143,0.49642769154964284,4.2071,,,,
1.0253,3.0646049976348877,0.002,1.25,20,,,,,,,,
,,,1.25,20,0.968109667301178,0.6428571428571429,0.44546094299788885,8.2782,,,,
0.8943,2.552013397216797,0.003,1.875,30,,,,,,,,
,,,1.875,30,0.9633780121803284,0.42857142857142855,0.22135642135642133,12.2119,,,,
0.9508,3.685056209564209,0.004,2.5,40,,,,,,,,
,,,2.5,40,0.7366153001785278,0.7142857142857143,0.49806201550387597,16.1001,,,,
0.7468,1.3051894903182983,0.005,3.125,50,,,,,,,,
,,,3.125,50,0.7683749794960022,0.75,0.524731182795699,20.0371,,,,
0.7784,4.727055549621582,0.004814814814814814,3.75,60,,,,,,,,
,,,3.75,60,0.7691559195518494,0.7142857142857143,0.49421820010055306,24.0191,,,,
0.5572,1.228115200996399,0.004629629629629629,4.375,70,,,,,,,,
,,,4.375,70,0.7782828211784363,0.7678571428571429,0.5365079365079365,27.873,,,,
0.5187,1.0635037422180176,0.0044444444444444444,5.0,80,,,,,,,,
,,,5.0,80,0.745613157749176,0.7678571428571429,0.5365967365967367,31.7673,,,,
0.3302,1.6142860651016235,0.0042592592592592595,5.625,90,,,,,,,,
,,,5.625,90,0.5467355847358704,0.7857142857142857,0.5490058479532164,35.9976,,,,
0.2882,1.8809165954589844,0.004074074074074074,6.25,100,,,,,,,,
,,,6.25,100,0.4960009455680847,0.8571428571428571,0.8651340996168582,39.887,,,,
0.1037,0.1382310688495636,0.003888888888888889,6.875,110,,,,,,,,
,,,6.875,110,0.798136293888092,0.8035714285714286,0.563079116179615,43.741,,,,
0.2653,2.539750337600708,0.0037037037037037034,7.5,120,,,,,,,,
,,,7.5,120,0.5630944967269897,0.875,0.8622895622895622,47.3161,,,,
0.0885,2.339622735977173,0.0035185185185185185,8.125,130,,,,,,,,
,,,8.125,130,0.7026162147521973,0.8392857142857143,0.6901587301587302,51.4575,,,,
0.141,0.49213746190071106,0.003333333333333333,8.75,140,,,,,,,,
,,,8.75,140,0.5205839276313782,0.9107142857142857,0.9095446187644769,55.8038,,,,
0.1054,1.6255896091461182,0.003148148148148148,9.375,150,,,,,,,,
,,,9.375,150,0.6269912719726562,0.9107142857142857,0.93453985367732,59.7005,,,,
0.1577,4.4927287101745605,0.002962962962962963,10.0,160,,,,,,,,
,,,10.0,160,0.7214322686195374,0.8214285714285714,0.7762164975279728,63.6285,,,,
0.1088,1.980475664138794,0.002777777777777778,10.625,170,,,,,,,,
,,,10.625,170,0.7866706848144531,0.8214285714285714,0.7492570322759002,67.8751,,,,
0.0408,0.018243150785565376,0.0025925925925925925,11.25,180,,,,,,,,
,,,11.25,180,0.5561174154281616,0.8928571428571429,0.891912320483749,71.748,,,,
0.0385,1.5839064121246338,0.002407407407407407,11.875,190,,,,,,,,
,,,11.875,190,0.6555747389793396,0.8214285714285714,0.7491158503911692,75.9979,,,,
0.0906,0.008388218469917774,0.0022222222222222222,12.5,200,,,,,,,,
,,,12.5,200,0.4997698664665222,0.9285714285714286,0.9475308641975309,79.8718,,,,
0.0111,0.05184246227145195,0.002037037037037037,13.125,210,,,,,,,,
,,,13.125,210,0.5729937553405762,0.8392857142857143,0.6901587301587302,83.795,,,,
0.0261,0.006576943676918745,0.0018518518518518517,13.75,220,,,,,,,,
,,,13.75,220,0.518149733543396,0.8928571428571429,0.8917876843408759,88.1041,,,,
0.0025,0.004927631933242083,0.0016666666666666666,14.375,230,,,,,,,,
,,,14.375,230,0.46159377694129944,0.9107142857142857,0.9342359767891683,92.3616,,,,
0.007,0.8052495718002319,0.0014814814814814814,15.0,240,,,,,,,,
,,,15.0,240,0.45842471718788147,0.9107142857142857,0.9342359767891683,96.1784,,,,
0.0198,0.6099884510040283,0.0012962962962962963,15.625,250,,,,,,,,
,,,15.625,250,0.531179666519165,0.9107142857142857,0.93453985367732,100.1272,,,,
0.0143,1.0707380771636963,0.0011111111111111111,16.25,260,,,,,,,,
,,,16.25,260,0.5649687051773071,0.9107142857142857,0.93453985367732,104.3086,,,,
0.0033,0.22018639743328094,0.0009259259259259259,16.875,270,,,,,,,,
,,,16.875,270,0.5454443097114563,0.9107142857142857,0.9048821548821548,108.3495,,,,
0.0277,0.00389755773358047,0.0007407407407407407,17.5,280,,,,,,,,
,,,17.5,280,0.5260353684425354,0.9285714285714286,0.9475308641975309,112.6203,,,,
0.0018,0.020678093656897545,0.0005555555555555556,18.125,290,,,,,,,,
,,,18.125,290,0.5259382128715515,0.9285714285714286,0.9475308641975309,116.5256,,,,
0.0039,0.040329162031412125,0.00037037037037037035,18.75,300,,,,,,,,
,,,18.75,300,0.5368092656135559,0.9285714285714286,0.9475308641975309,120.7726,,,,
0.0037,0.17071150243282318,0.00018518518518518518,19.375,310,,,,,,,,
,,,19.375,310,0.5416713953018188,0.9285714285714286,0.9475308641975309,124.3807,,,,
0.0039,0.23851093649864197,0.0,20.0,320,,,,,,,,
,,,20.0,320,0.5440853238105774,0.9285714285714286,0.9475308641975309,128.5074,,,,
,,,20.0,320,,,,128.1683,39.011,2.497,450029971137600.0,0.26003372856066564
