loss,grad_norm,learning_rate,epoch,step,eval_loss,eval_accuracy,train_runtime,train_samples_per_second,train_steps_per_second,total_flos,train_loss
1.7796,0.9087739586830139,1e-05,0.00641025641025641,1,,,,,,,
1.6189,0.8626643419265747,0.0005,0.32051282051282054,50,,,,,,,
,,,0.32051282051282054,50,1.1610311269760132,0.5270758122743683,22.5521,,,,
0.832,0.7080048322677612,0.001,0.6410256410256411,100,,,,,,,
,,,0.6410256410256411,100,0.7149595618247986,0.5270758122743683,45.2299,,,,
0.7241,2.7802937030792236,0.0015,0.9615384615384616,150,,,,,,,
,,,0.9615384615384616,150,0.7137544751167297,0.5270758122743683,68.301,,,,
0.7325,1.4806758165359497,0.002,1.282051282051282,200,,,,,,,
,,,1.282051282051282,200,0.7114287614822388,0.49097472924187724,91.8623,,,,
0.7612,0.642641544342041,0.0019264705882352942,1.6025641025641026,250,,,,,,,
,,,1.6025641025641026,250,0.7056425213813782,0.5306859205776173,115.0499,,,,
0.7112,0.9991703629493713,0.0018529411764705885,1.9230769230769231,300,,,,,,,
,,,1.9230769230769231,300,0.7347598075866699,0.4729241877256318,137.9873,,,,
0.7033,0.8157751560211182,0.0017794117647058822,2.2435897435897436,350,,,,,,,
,,,2.2435897435897436,350,0.690143346786499,0.5956678700361011,160.3398,,,,
0.7373,0.5810523629188538,0.0017058823529411764,2.564102564102564,400,,,,,,,
,,,2.564102564102564,400,0.6453190445899963,0.6859205776173285,183.3649,,,,
0.6782,1.2815332412719727,0.0016323529411764706,2.8846153846153846,450,,,,,,,
,,,2.8846153846153846,450,0.6905667781829834,0.6642599277978339,206.7566,,,,
0.6676,1.222981572151184,0.0015588235294117648,3.2051282051282053,500,,,,,,,
,,,3.2051282051282053,500,0.6224727630615234,0.6895306859205776,229.8804,,,,
0.6503,2.275308609008789,0.0014852941176470588,3.5256410256410255,550,,,,,,,
,,,3.5256410256410255,550,0.6455166339874268,0.6859205776173285,252.9952,,,,
0.6375,1.4806079864501953,0.001411764705882353,3.8461538461538463,600,,,,,,,
,,,3.8461538461538463,600,0.5934808254241943,0.7184115523465704,275.9554,,,,
0.5839,1.058633804321289,0.001338235294117647,4.166666666666667,650,,,,,,,
,,,4.166666666666667,650,0.5049573183059692,0.7292418772563177,299.4445,,,,
0.5276,1.040400743484497,0.0012647058823529412,4.487179487179487,700,,,,,,,
,,,4.487179487179487,700,0.5432417988777161,0.7509025270758123,322.3389,,,,
0.531,2.545646905899048,0.0011911764705882352,4.8076923076923075,750,,,,,,,
,,,4.8076923076923075,750,0.5280216336250305,0.7689530685920578,345.2724,,,,
0.5031,1.8692082166671753,0.0011176470588235294,5.128205128205128,800,,,,,,,
,,,5.128205128205128,800,0.5190211534500122,0.7653429602888087,368.2669,,,,
0.4992,1.4942680597305298,0.0010441176470588236,5.448717948717949,850,,,,,,,
,,,5.448717948717949,850,0.5300375819206238,0.776173285198556,391.7961,,,,
0.4401,2.9958558082580566,0.0009705882352941176,5.769230769230769,900,,,,,,,
,,,5.769230769230769,900,0.5850006937980652,0.7725631768953068,414.8302,,,,
0.469,0.8779770731925964,0.0008970588235294118,6.089743589743589,950,,,,,,,
,,,6.089743589743589,950,0.5591281056404114,0.779783393501805,437.6849,,,,
0.4172,0.9884287118911743,0.0008235294117647058,6.410256410256411,1000,,,,,,,
,,,6.410256410256411,1000,0.5709013938903809,0.7364620938628159,460.9769,,,,
0.393,2.5028862953186035,0.00075,6.730769230769231,1050,,,,,,,
,,,6.730769230769231,1050,0.6039910316467285,0.7833935018050542,484.53,,,,
0.3801,0.867837131023407,0.0006764705882352942,7.051282051282051,1100,,,,,,,
,,,7.051282051282051,1100,0.5828633904457092,0.8014440433212996,508.018,,,,
0.2856,3.5196707248687744,0.0006029411764705882,7.371794871794872,1150,,,,,,,
,,,7.371794871794872,1150,0.6775120496749878,0.8014440433212996,531.5908,,,,
0.3034,3.3060669898986816,0.0005294117647058824,7.6923076923076925,1200,,,,,,,
,,,7.6923076923076925,1200,0.6697955131530762,0.8014440433212996,554.1369,,,,
0.3628,2.082390546798706,0.00045588235294117646,8.012820512820513,1250,,,,,,,
,,,8.012820512820513,1250,0.5789098739624023,0.7978339350180506,577.5392,,,,
0.2719,1.3379759788513184,0.00038235294117647055,8.333333333333334,1300,,,,,,,
,,,8.333333333333334,1300,0.7038833498954773,0.8014440433212996,600.431,,,,
0.2503,3.1189053058624268,0.0003088235294117647,8.653846153846153,1350,,,,,,,
,,,8.653846153846153,1350,0.6178025007247925,0.8050541516245487,623.285,,,,
0.2154,2.099583864212036,0.00023529411764705883,8.974358974358974,1400,,,,,,,
,,,8.974358974358974,1400,0.7475828528404236,0.7978339350180506,645.9311,,,,
0.1657,1.0566823482513428,0.00016176470588235295,9.294871794871796,1450,,,,,,,
,,,9.294871794871796,1450,0.781043529510498,0.7906137184115524,668.7804,,,,
0.1531,2.3775596618652344,8.823529411764706e-05,9.615384615384615,1500,,,,,,,
,,,9.615384615384615,1500,0.8192786574363708,0.7978339350180506,692.0617,,,,
0.1958,4.016576290130615,1.4705882352941177e-05,9.935897435897436,1550,,,,,,,
,,,9.935897435897436,1550,0.7610488533973694,0.8122743682310469,715.4474,,,,
,,,10.0,1560,,,718.9266,34.635,2.17,2136612170646720.0,0.5270033815732369
