loss,grad_norm,learning_rate,epoch,step,eval_loss,eval_accuracy,eval_f1,train_runtime,train_samples_per_second,train_steps_per_second,total_flos,train_loss
0.6801,0.5746285915374756,2.5e-06,0.004347826086956522,1,,,,,,,,
0.706,0.6727799773216248,6.25e-05,0.10869565217391304,25,,,,,,,,
,,,0.10869565217391304,25,0.643064022064209,0.6838235294117647,0.8122270742358079,6.6249,,,,
0.6572,1.5339527130126953,0.000125,0.21739130434782608,50,,,,,,,,
,,,0.21739130434782608,50,0.6212645769119263,0.6838235294117647,0.8122270742358079,12.8438,,,,
0.6424,1.145799160003662,0.0001875,0.32608695652173914,75,,,,,,,,
,,,0.32608695652173914,75,0.6598662734031677,0.6838235294117647,0.8122270742358079,19.1704,,,,
0.6505,0.7935143113136292,0.00025,0.43478260869565216,100,,,,,,,,
,,,0.43478260869565216,100,0.5772661566734314,0.7132352941176471,0.8245877061469266,25.4298,,,,
0.5336,2.656465530395508,0.0003125,0.5434782608695652,125,,,,,,,,
,,,0.5434782608695652,125,0.5171294808387756,0.7745098039215687,0.8520900321543408,31.7232,,,,
0.5306,4.804826736450195,0.000375,0.6521739130434783,150,,,,,,,,
,,,0.6521739130434783,150,0.45565593242645264,0.8137254901960784,0.8762214983713356,37.9504,,,,
0.5933,4.290538311004639,0.0004375,0.7608695652173914,175,,,,,,,,
,,,0.7608695652173914,175,0.5403174757957458,0.7230392156862745,0.7580299785867237,44.4116,,,,
0.4667,1.1237103939056396,0.0005,0.8695652173913043,200,,,,,,,,
,,,0.8695652173913043,200,0.6352312564849854,0.8259803921568627,0.883415435139573,50.8074,,,,
0.5461,4.346386432647705,0.0004940476190476191,0.9782608695652174,225,,,,,,,,
,,,0.9782608695652174,225,0.6115642786026001,0.6666666666666666,0.7068965517241379,57.0961,,,,
0.4636,2.650001287460327,0.0004880952380952381,1.0869565217391304,250,,,,,,,,
,,,1.0869565217391304,250,0.37019431591033936,0.8480392156862745,0.8851851851851851,63.2299,,,,
0.5236,1.319604516029358,0.00048214285714285715,1.1956521739130435,275,,,,,,,,
,,,1.1956521739130435,275,0.4739703834056854,0.7843137254901961,0.8594249201277956,69.5796,,,,
0.4517,1.4671597480773926,0.0004761904761904762,1.3043478260869565,300,,,,,,,,
,,,1.3043478260869565,300,0.3751929700374603,0.8382352941176471,0.888135593220339,75.9315,,,,
0.4134,1.7479634284973145,0.00047023809523809523,1.4130434782608696,325,,,,,,,,
,,,1.4130434782608696,325,0.41901513934135437,0.803921568627451,0.8513011152416357,82.2535,,,,
0.4835,5.5632643699646,0.00046428571428571433,1.5217391304347827,350,,,,,,,,
,,,1.5217391304347827,350,0.3768768310546875,0.8529411764705882,0.8884758364312267,88.5499,,,,
0.447,1.6301404237747192,0.0004583333333333333,1.6304347826086958,375,,,,,,,,
,,,1.6304347826086958,375,0.35518592596054077,0.8480392156862745,0.8908450704225351,94.7537,,,,
0.3286,1.873685598373413,0.00045238095238095237,1.7391304347826086,400,,,,,,,,
,,,1.7391304347826086,400,0.3842209577560425,0.8284313725490197,0.8844884488448845,101.0453,,,,
0.5221,2.6661198139190674,0.00044642857142857147,1.8478260869565217,425,,,,,,,,
,,,1.8478260869565217,425,0.5148916244506836,0.7352941176470589,0.8373493975903614,107.4429,,,,
0.4952,2.034075975418091,0.00044047619047619046,1.9565217391304348,450,,,,,,,,
,,,1.9565217391304348,450,0.3516562581062317,0.8382352941176471,0.89,113.8719,,,,
0.3807,6.4013214111328125,0.00043452380952380956,2.0652173913043477,475,,,,,,,,
,,,2.0652173913043477,475,0.7444862127304077,0.7843137254901961,0.8620689655172414,119.996,,,,
0.419,2.4748687744140625,0.00042857142857142855,2.1739130434782608,500,,,,,,,,
,,,2.1739130434782608,500,0.32445183396339417,0.8431372549019608,0.8805970149253732,126.2468,,,,
0.319,2.390237331390381,0.00042261904761904765,2.282608695652174,525,,,,,,,,
,,,2.282608695652174,525,0.3608313202857971,0.8602941176470589,0.9001751313485115,133.3998,,,,
0.3093,1.4332760572433472,0.0004166666666666667,2.391304347826087,550,,,,,,,,
,,,2.391304347826087,550,0.3467426300048828,0.8627450980392157,0.900709219858156,139.6242,,,,
0.3499,5.644562721252441,0.0004107142857142857,2.5,575,,,,,,,,
,,,2.5,575,0.4324653446674347,0.8284313725490197,0.8852459016393442,146.0095,,,,
0.3614,2.2722129821777344,0.0004047619047619048,2.608695652173913,600,,,,,,,,
,,,2.608695652173913,600,0.32826247811317444,0.8529411764705882,0.8972602739726027,152.2596,,,,
0.3344,4.573846340179443,0.00039880952380952383,2.717391304347826,625,,,,,,,,
,,,2.717391304347826,625,0.5055244565010071,0.8333333333333334,0.8903225806451612,158.7102,,,,
0.4089,2.5597290992736816,0.0003928571428571429,2.8260869565217392,650,,,,,,,,
,,,2.8260869565217392,650,0.30776557326316833,0.8602941176470589,0.900523560209424,165.0173,,,,
0.3298,1.9813389778137207,0.0003869047619047619,2.9347826086956523,675,,,,,,,,
,,,2.9347826086956523,675,0.343018114566803,0.8504901960784313,0.8904847396768403,171.4524,,,,
0.2928,1.5201224088668823,0.00038095238095238096,3.0434782608695654,700,,,,,,,,
,,,3.0434782608695654,700,0.39885568618774414,0.8431372549019608,0.8900343642611684,177.473,,,,
0.3018,2.9645731449127197,0.000375,3.1521739130434785,725,,,,,,,,
,,,3.1521739130434785,725,0.40101951360702515,0.8504901960784313,0.8884826325411335,183.8134,,,,
0.2771,1.9768040180206299,0.00036904761904761905,3.260869565217391,750,,,,,,,,
,,,3.260869565217391,750,0.32839009165763855,0.8529411764705882,0.8936170212765957,190.1369,,,,
0.2751,2.168039560317993,0.0003630952380952381,3.369565217391304,775,,,,,,,,
,,,3.369565217391304,775,0.3323870897293091,0.875,0.9122203098106711,196.384,,,,
0.3032,6.980681419372559,0.00035714285714285714,3.4782608695652173,800,,,,,,,,
,,,3.4782608695652173,800,0.5824662446975708,0.821078431372549,0.8797364085667215,202.6355,,,,
0.3162,3.975329637527466,0.0003511904761904762,3.5869565217391304,825,,,,,,,,
,,,3.5869565217391304,825,0.3347770869731903,0.8651960784313726,0.8983364140480593,209.0925,,,,
0.2557,4.672732353210449,0.00034523809523809523,3.6956521739130435,850,,,,,,,,
,,,3.6956521739130435,850,0.3808577358722687,0.8504901960784313,0.8920353982300885,215.4704,,,,
0.2953,8.713125228881836,0.00033928571428571433,3.8043478260869565,875,,,,,,,,
,,,3.8043478260869565,875,0.3913511633872986,0.8529411764705882,0.8958333333333334,221.8587,,,,
0.2769,5.779412269592285,0.0003333333333333333,3.9130434782608696,900,,,,,,,,
,,,3.9130434782608696,900,0.4058641791343689,0.875,0.9134125636672327,228.1737,,,,
0.2983,9.065978050231934,0.00032738095238095237,4.021739130434782,925,,,,,,,,
,,,4.021739130434782,925,0.35098204016685486,0.8700980392156863,0.9084628670120898,234.6214,,,,
0.1734,1.5177704095840454,0.00032142857142857147,4.130434782608695,950,,,,,,,,
,,,4.130434782608695,950,0.36202844977378845,0.8700980392156863,0.9078260869565218,240.911,,,,
0.1778,6.34506368637085,0.00031547619047619046,4.239130434782608,975,,,,,,,,
,,,4.239130434782608,975,0.5106964707374573,0.8602941176470589,0.9045226130653267,247.1378,,,,
0.2631,2.008303642272949,0.00030952380952380956,4.3478260869565215,1000,,,,,,,,
,,,4.3478260869565215,1000,0.34789732098579407,0.8774509803921569,0.910394265232975,253.3222,,,,
0.2414,4.472859859466553,0.00030357142857142855,4.456521739130435,1025,,,,,,,,
,,,4.456521739130435,1025,0.36708489060401917,0.8602941176470589,0.8926553672316385,260.5444,,,,
0.2493,0.5396417379379272,0.00029761904761904765,4.565217391304348,1050,,,,,,,,
,,,4.565217391304348,1050,0.37598732113838196,0.8725490196078431,0.9081272084805654,266.8688,,,,
0.1526,1.415615200996399,0.0002916666666666667,4.673913043478261,1075,,,,,,,,
,,,4.673913043478261,1075,0.34759289026260376,0.8774509803921569,0.9125874125874125,273.2341,,,,
0.1844,3.092458724975586,0.0002857142857142857,4.782608695652174,1100,,,,,,,,
,,,4.782608695652174,1100,0.40108880400657654,0.8700980392156863,0.9055258467023173,279.5483,,,,
0.1596,3.5022573471069336,0.0002797619047619048,4.891304347826087,1125,,,,,,,,
,,,4.891304347826087,1125,0.4787804186344147,0.8774509803921569,0.9087591240875913,285.9298,,,,
0.2117,0.5292171835899353,0.0002738095238095238,5.0,1150,,,,,,,,
,,,5.0,1150,0.34130769968032837,0.8799019607843137,0.9123434704830053,292.2482,,,,
0.1267,5.762236595153809,0.00026785714285714287,5.108695652173913,1175,,,,,,,,
,,,5.108695652173913,1175,0.5644183158874512,0.8553921568627451,0.8925318761384335,298.4718,,,,
0.1377,1.8539440631866455,0.0002619047619047619,5.217391304347826,1200,,,,,,,,
,,,5.217391304347826,1200,0.48884835839271545,0.8651960784313726,0.9009009009009009,304.846,,,,
0.1235,0.23605017364025116,0.00025595238095238096,5.326086956521739,1225,,,,,,,,
,,,5.326086956521739,1225,0.4580726623535156,0.875,0.906764168190128,311.2399,,,,
0.1536,0.41608473658561707,0.00025,5.434782608695652,1250,,,,,,,,
,,,5.434782608695652,1250,0.4530703127384186,0.8848039215686274,0.9150090415913201,317.4717,,,,
0.1186,19.979820251464844,0.00024404761904761905,5.543478260869565,1275,,,,,,,,
,,,5.543478260869565,1275,0.5045982599258423,0.8872549019607843,0.9178571428571428,323.7814,,,,
0.1325,0.540353536605835,0.0002380952380952381,5.6521739130434785,1300,,,,,,,,
,,,5.6521739130434785,1300,0.49133121967315674,0.8799019607843137,0.9110707803992741,330.1139,,,,
0.1363,0.18745756149291992,0.00023214285714285717,5.760869565217392,1325,,,,,,,,
,,,5.760869565217392,1325,0.46766266226768494,0.8725490196078431,0.9087719298245615,336.5569,,,,
0.156,1.356326699256897,0.00022619047619047618,5.869565217391305,1350,,,,,,,,
,,,5.869565217391305,1350,0.42495012283325195,0.8700980392156863,0.9061946902654867,342.9802,,,,
0.1112,2.2238223552703857,0.00022023809523809523,5.978260869565218,1375,,,,,,,,
,,,5.978260869565218,1375,0.506946325302124,0.8651960784313726,0.9053356282271946,349.4175,,,,
0.104,6.5461859703063965,0.00021428571428571427,6.086956521739131,1400,,,,,,,,
,,,6.086956521739131,1400,0.6011025309562683,0.8676470588235294,0.9075342465753423,355.6298,,,,
0.1187,0.6594745516777039,0.00020833333333333335,6.195652173913044,1425,,,,,,,,
,,,6.195652173913044,1425,0.5361689925193787,0.8872549019607843,0.9195804195804195,362.1067,,,,
0.0964,11.284692764282227,0.0002023809523809524,6.304347826086957,1450,,,,,,,,
,,,6.304347826086957,1450,0.5815718173980713,0.8627450980392157,0.899641577060932,368.2567,,,,
0.1356,0.33282050490379333,0.00019642857142857144,6.413043478260869,1475,,,,,,,,
,,,6.413043478260869,1475,0.5291128754615784,0.875,0.9125214408233276,374.5288,,,,
0.1508,0.16305312514305115,0.00019047619047619048,6.521739130434782,1500,,,,,,,,
,,,6.521739130434782,1500,0.4483717978000641,0.875,0.9081081081081082,380.7814,,,,
0.0967,0.6158924102783203,0.00018452380952380953,6.630434782608695,1525,,,,,,,,
,,,6.630434782608695,1525,0.5001013278961182,0.8799019607843137,0.9129662522202486,388.0018,,,,
0.1266,0.6583453416824341,0.00017857142857142857,6.739130434782608,1550,,,,,,,,
,,,6.739130434782608,1550,0.5018413662910461,0.8676470588235294,0.90625,394.2018,,,,
0.0617,3.2537405490875244,0.00017261904761904762,6.8478260869565215,1575,,,,,,,,
,,,6.8478260869565215,1575,0.5673786997795105,0.8651960784313726,0.9036777583187391,400.5013,,,,
0.0904,6.5209574699401855,0.00016666666666666666,6.956521739130435,1600,,,,,,,,
,,,6.956521739130435,1600,0.6203156113624573,0.875,0.9113043478260869,406.931,,,,
0.0792,3.09043025970459,0.00016071428571428573,7.065217391304348,1625,,,,,,,,
,,,7.065217391304348,1625,0.565822422504425,0.8700980392156863,0.905861456483126,413.0362,,,,
0.0656,0.613952100276947,0.00015476190476190478,7.173913043478261,1650,,,,,,,,
,,,7.173913043478261,1650,0.5440664291381836,0.8774509803921569,0.912280701754386,419.3584,,,,
0.0626,6.196957111358643,0.00014880952380952382,7.282608695652174,1675,,,,,,,,
,,,7.282608695652174,1675,0.607758641242981,0.8848039215686274,0.9196581196581197,425.583,,,,
0.0783,4.288650035858154,0.00014285714285714284,7.391304347826087,1700,,,,,,,,
,,,7.391304347826087,1700,0.5272216200828552,0.8823529411764706,0.9148936170212766,432.0179,,,,
0.0686,1.2515068054199219,0.0001369047619047619,7.5,1725,,,,,,,,
,,,7.5,1725,0.5226784348487854,0.8848039215686274,0.9159212880143113,438.4456,,,,
0.0392,2.2982258796691895,0.00013095238095238096,7.608695652173913,1750,,,,,,,,
,,,7.608695652173913,1750,0.5672909021377563,0.8725490196078431,0.9068100358422939,444.904,,,,
0.057,3.5258853435516357,0.000125,7.717391304347826,1775,,,,,,,,
,,,7.717391304347826,1775,0.6958905458450317,0.8700980392156863,0.9087779690189328,451.2982,,,,
0.0769,0.08740418404340744,0.00011904761904761905,7.826086956521739,1800,,,,,,,,
,,,7.826086956521739,1800,0.5977229475975037,0.8799019607843137,0.913884007029877,457.6709,,,,
0.0519,10.419214248657227,0.00011309523809523809,7.934782608695652,1825,,,,,,,,
,,,7.934782608695652,1825,0.6017686724662781,0.8848039215686274,0.9176882661996497,464.2063,,,,
0.0564,0.030649792402982712,0.00010714285714285714,8.043478260869565,1850,,,,,,,,
,,,8.043478260869565,1850,0.6555145978927612,0.8799019607843137,0.9147826086956522,470.5179,,,,
0.0447,0.06381388753652573,0.0001011904761904762,8.152173913043478,1875,,,,,,,,
,,,8.152173913043478,1875,0.6357753276824951,0.8774509803921569,0.910394265232975,476.8157,,,,
0.0469,0.012042297050356865,9.523809523809524e-05,8.26086956521739,1900,,,,,,,,
,,,8.26086956521739,1900,0.6791612505912781,0.8848039215686274,0.917975567190227,483.268,,,,
0.0202,0.2920667827129364,8.928571428571429e-05,8.369565217391305,1925,,,,,,,,
,,,8.369565217391305,1925,0.6904194951057434,0.8872549019607843,0.9192982456140351,489.6502,,,,
0.0361,5.654806613922119,8.333333333333333e-05,8.478260869565217,1950,,,,,,,,
,,,8.478260869565217,1950,0.6893495917320251,0.8823529411764706,0.915492957746479,496.2081,,,,
0.0111,14.45969009399414,7.738095238095239e-05,8.58695652173913,1975,,,,,,,,
,,,8.58695652173913,1975,0.7197051644325256,0.8872549019607843,0.9190140845070423,502.5849,,,,
0.075,0.06689845770597458,7.142857142857142e-05,8.695652173913043,2000,,,,,,,,
,,,8.695652173913043,2000,0.7386971116065979,0.875,0.9106830122591945,508.9959,,,,
0.0382,3.8276987075805664,6.547619047619048e-05,8.804347826086957,2025,,,,,,,,
,,,8.804347826086957,2025,0.6887446641921997,0.8823529411764706,0.9142857142857143,516.0517,,,,
0.0734,0.013989650644361973,5.9523809523809524e-05,8.91304347826087,2050,,,,,,,,
,,,8.91304347826087,2050,0.7175706028938293,0.8774509803921569,0.9128919860627178,522.4903,,,,
0.0487,0.027823371812701225,5.357142857142857e-05,9.021739130434783,2075,,,,,,,,
,,,9.021739130434783,2075,0.6535583138465881,0.8799019607843137,0.9129662522202486,528.6664,,,,
0.0321,0.014259729534387589,4.761904761904762e-05,9.130434782608695,2100,,,,,,,,
,,,9.130434782608695,2100,0.679266095161438,0.8799019607843137,0.913884007029877,535.0067,,,,
0.0389,0.01582540199160576,4.1666666666666665e-05,9.23913043478261,2125,,,,,,,,
,,,9.23913043478261,2125,0.6580276489257812,0.8848039215686274,0.91651865008881,541.2064,,,,
0.041,2.025179862976074,3.571428571428571e-05,9.347826086956522,2150,,,,,,,,
,,,9.347826086956522,2150,0.6657417416572571,0.8897058823529411,0.9203539823008849,547.5434,,,,
0.031,0.03584066778421402,2.9761904761904762e-05,9.456521739130435,2175,,,,,,,,
,,,9.456521739130435,2175,0.6691482663154602,0.8799019607843137,0.9129662522202486,553.8193,,,,
0.0543,13.785623550415039,2.380952380952381e-05,9.565217391304348,2200,,,,,,,,
,,,9.565217391304348,2200,0.678500771522522,0.8823529411764706,0.9145907473309609,560.1533,,,,
0.0509,0.057611193507909775,1.7857142857142855e-05,9.673913043478262,2225,,,,,,,,
,,,9.673913043478262,2225,0.6751334071159363,0.8799019607843137,0.9132743362831858,566.3935,,,,
0.0597,0.01515888050198555,1.1904761904761905e-05,9.782608695652174,2250,,,,,,,,
,,,9.782608695652174,2250,0.6713844537734985,0.8799019607843137,0.9132743362831858,572.7206,,,,
0.0151,0.05325228348374367,5.9523809523809525e-06,9.891304347826086,2275,,,,,,,,
,,,9.891304347826086,2275,0.6709017157554626,0.8799019607843137,0.9132743362831858,579.0533,,,,
0.0035,0.02477126754820347,0.0,10.0,2300,,,,,,,,
,,,10.0,2300,0.671906054019928,0.8799019607843137,0.9132743362831858,585.3643,,,,
,,,10.0,2300,,,,585.0024,62.701,3.932,1609840352220576.0,0.2272347209116687
