loss,grad_norm,learning_rate,epoch,step,eval_loss,eval_accuracy,train_runtime,train_samples_per_second,train_steps_per_second,total_flos,train_loss
0.6833,0.7457965016365051,3.5e-06,0.00641025641025641,1,,,,,,,
0.7027,0.9321131706237793,0.000175,0.32051282051282054,50,,,,,,,
,,,0.32051282051282054,50,0.6917053461074829,0.5270758122743683,19.7329,,,,
0.6995,2.1823084354400635,0.00035,0.6410256410256411,100,,,,,,,
,,,0.6410256410256411,100,0.6915497779846191,0.5054151624548736,40.6572,,,,
0.6983,1.6782381534576416,0.000525,0.9615384615384616,150,,,,,,,
,,,0.9615384615384616,150,0.6945756673812866,0.47653429602888087,61.3887,,,,
0.6953,2.690884828567505,0.0007,1.282051282051282,200,,,,,,,
,,,1.282051282051282,200,0.6604751348495483,0.628158844765343,81.9099,,,,
0.7304,1.4868662357330322,0.0006742647058823529,1.6025641025641026,250,,,,,,,
,,,1.6025641025641026,250,0.6716375350952148,0.5667870036101083,102.079,,,,
0.6931,1.976389765739441,0.0006485294117647059,1.9230769230769231,300,,,,,,,
,,,1.9230769230769231,300,0.6681033968925476,0.5956678700361011,122.352,,,,
0.5924,1.2075031995773315,0.0006227941176470587,2.2435897435897436,350,,,,,,,
,,,2.2435897435897436,350,0.571077287197113,0.703971119133574,142.0586,,,,
0.5582,4.780289649963379,0.0005970588235294117,2.564102564102564,400,,,,,,,
,,,2.564102564102564,400,0.52272629737854,0.7436823104693141,162.3051,,,,
0.5847,3.2051339149475098,0.0005713235294117647,2.8846153846153846,450,,,,,,,
,,,2.8846153846153846,450,0.5334789752960205,0.7436823104693141,182.7694,,,,
0.5875,2.9219980239868164,0.0005455882352941177,3.2051282051282053,500,,,,,,,
,,,3.2051282051282053,500,0.5771127343177795,0.7075812274368231,203.012,,,,
0.48,3.2483654022216797,0.0005198529411764706,3.5256410256410255,550,,,,,,,
,,,3.5256410256410255,550,0.5926006436347961,0.7364620938628159,223.1776,,,,
0.5056,6.4498772621154785,0.0004941176470588236,3.8461538461538463,600,,,,,,,
,,,3.8461538461538463,600,0.6708203554153442,0.6931407942238267,243.4097,,,,
0.4067,5.290417194366455,0.00046838235294117644,4.166666666666667,650,,,,,,,
,,,4.166666666666667,650,0.5074319839477539,0.7436823104693141,264.0582,,,,
0.3534,5.591835021972656,0.0004426470588235294,4.487179487179487,700,,,,,,,
,,,4.487179487179487,700,0.6394263505935669,0.7364620938628159,284.247,,,,
0.4043,2.553934335708618,0.00041691176470588234,4.8076923076923075,750,,,,,,,
,,,4.8076923076923075,750,0.566376268863678,0.7545126353790613,304.3643,,,,
0.3353,2.474980354309082,0.0003911764705882353,5.128205128205128,800,,,,,,,
,,,5.128205128205128,800,0.5487930178642273,0.7653429602888087,324.5774,,,,
0.291,4.181792736053467,0.00036544117647058824,5.448717948717949,850,,,,,,,
,,,5.448717948717949,850,0.5512436032295227,0.7653429602888087,345.3943,,,,
0.3457,9.119185447692871,0.0003397058823529412,5.769230769230769,900,,,,,,,
,,,5.769230769230769,900,0.5311444997787476,0.7653429602888087,365.6535,,,,
0.3059,2.158492088317871,0.00031397058823529414,6.089743589743589,950,,,,,,,
,,,6.089743589743589,950,0.6822742223739624,0.7436823104693141,385.6939,,,,
0.2178,3.5298922061920166,0.00028823529411764703,6.410256410256411,1000,,,,,,,
,,,6.410256410256411,1000,0.8056347370147705,0.7328519855595668,406.0057,,,,
0.2643,2.1602821350097656,0.0002625,6.730769230769231,1050,,,,,,,
,,,6.730769230769231,1050,0.7326933145523071,0.7472924187725631,426.665,,,,
0.2219,1.5701982975006104,0.00023676470588235296,7.051282051282051,1100,,,,,,,
,,,7.051282051282051,1100,0.7601363658905029,0.7545126353790613,447.3845,,,,
0.1745,2.247368574142456,0.00021102941176470586,7.371794871794872,1150,,,,,,,
,,,7.371794871794872,1150,0.9534009695053101,0.7545126353790613,468.3342,,,,
0.1803,10.261799812316895,0.00018529411764705883,7.6923076923076925,1200,,,,,,,
,,,7.6923076923076925,1200,0.9436208009719849,0.7509025270758123,488.1674,,,,
0.2085,11.09675121307373,0.00015955882352941176,8.012820512820513,1250,,,,,,,
,,,8.012820512820513,1250,0.8196941018104553,0.7509025270758123,508.6202,,,,
0.1737,9.516267776489258,0.0001338235294117647,8.333333333333334,1300,,,,,,,
,,,8.333333333333334,1300,0.985637366771698,0.7364620938628159,528.8177,,,,
0.159,1.264224886894226,0.00010808823529411764,8.653846153846153,1350,,,,,,,
,,,8.653846153846153,1350,0.96484375,0.7581227436823105,548.9816,,,,
0.1396,4.0579142570495605,8.235294117647058e-05,8.974358974358974,1400,,,,,,,
,,,8.974358974358974,1400,1.1144450902938843,0.7581227436823105,568.9519,,,,
0.1276,6.944283485412598,5.661764705882353e-05,9.294871794871796,1450,,,,,,,
,,,9.294871794871796,1450,1.1476811170578003,0.7581227436823105,589.1163,,,,
0.106,7.423181533813477,3.0882352941176475e-05,9.615384615384615,1500,,,,,,,
,,,9.615384615384615,1500,1.2408103942871094,0.7436823104693141,609.5346,,,,
0.142,5.984613418579102,5.147058823529411e-06,9.935897435897436,1550,,,,,,,
,,,9.935897435897436,1550,1.2371429204940796,0.7509025270758123,630.1083,,,,
,,,10.0,1560,,,633.05,39.333,2.464,2121286737746880.0,0.3882145002102241
