loss,grad_norm,learning_rate,epoch,step,eval_loss,eval_accuracy,eval_f1,train_runtime,train_samples_per_second,train_steps_per_second,total_flos,train_loss
0.6963,1.6680079698562622,2.5000000000000004e-07,0.0,1,,,,,,,,
0.6686,1.5080887079238892,6.25e-06,0.11,25,,,,,,,,
,,,0.11,25,0.654982328414917,0.6838235294117647,0.8122270742358079,8.2616,,,,
0.6571,6.145714282989502,1.25e-05,0.22,50,,,,,,,,
,,,0.22,50,0.6127891540527344,0.6838235294117647,0.8122270742358079,15.3412,,,,
0.6092,5.004965782165527,1.8750000000000002e-05,0.33,75,,,,,,,,
,,,0.33,75,0.5702956318855286,0.6838235294117647,0.8122270742358079,22.63,,,,
0.5751,18.047597885131836,2.5e-05,0.43,100,,,,,,,,
,,,0.43,100,0.5361611843109131,0.7058823529411765,0.8214285714285715,29.8056,,,,
0.4418,7.694210052490234,3.125e-05,0.54,125,,,,,,,,
,,,0.54,125,0.4103968143463135,0.8088235294117647,0.8522727272727273,37.1494,,,,
0.4804,18.217382431030273,3.7500000000000003e-05,0.65,150,,,,,,,,
,,,0.65,150,0.4779534935951233,0.8235294117647058,0.8775510204081631,44.4733,,,,
0.5291,5.515390396118164,4.375e-05,0.76,175,,,,,,,,
,,,0.76,175,0.4286890923976898,0.8235294117647058,0.88,52.034,,,,
0.5616,6.918672561645508,5e-05,0.87,200,,,,,,,,
,,,0.87,200,0.4417521059513092,0.7892156862745098,0.8286852589641436,59.5947,,,,
0.5412,11.462119102478027,4.940476190476191e-05,0.98,225,,,,,,,,
,,,0.98,225,0.4627079963684082,0.7524509803921569,0.7917525773195876,67.1324,,,,
0.3809,1.9533741474151611,4.880952380952381e-05,1.09,250,,,,,,,,
,,,1.09,250,0.46277520060539246,0.7990196078431373,0.8416988416988418,74.5699,,,,
0.4978,5.3182053565979,4.8214285714285716e-05,1.2,275,,,,,,,,
,,,1.2,275,0.41453346610069275,0.8186274509803921,0.8778877887788779,82.2949,,,,
0.442,23.952220916748047,4.761904761904762e-05,1.3,300,,,,,,,,
,,,1.3,300,0.37359756231307983,0.8578431372549019,0.896797153024911,90.0771,,,,
0.3676,8.757651329040527,4.7023809523809525e-05,1.41,325,,,,,,,,
,,,1.41,325,0.38205498456954956,0.8455882352941176,0.8884955752212389,97.9096,,,,
0.4132,10.843989372253418,4.642857142857143e-05,1.52,350,,,,,,,,
,,,1.52,350,0.33688369393348694,0.8602941176470589,0.8991150442477877,105.873,,,,
0.4046,17.03602409362793,4.5833333333333334e-05,1.63,375,,,,,,,,
,,,1.63,375,0.3351142704486847,0.8578431372549019,0.8937728937728937,113.8325,,,,
0.2804,34.181243896484375,4.523809523809524e-05,1.74,400,,,,,,,,
,,,1.74,400,0.4898607134819031,0.8406862745098039,0.8828828828828829,121.9858,,,,
0.4144,15.873316764831543,4.464285714285715e-05,1.85,425,,,,,,,,
,,,1.85,425,0.3718065023422241,0.8259803921568627,0.8626692456479691,130.2695,,,,
0.428,20.845773696899414,4.404761904761905e-05,1.96,450,,,,,,,,
,,,1.96,450,0.32935631275177,0.8578431372549019,0.8933823529411764,138.5657,,,,
0.2801,5.658829689025879,4.345238095238096e-05,2.07,475,,,,,,,,
,,,2.07,475,0.37433525919914246,0.875,0.9116117850953207,146.2869,,,,
0.3254,12.311592102050781,4.2857142857142856e-05,2.17,500,,,,,,,,
,,,2.17,500,0.39115652441978455,0.8553921568627451,0.897391304347826,154.3513,,,,
0.2656,17.122907638549805,4.226190476190476e-05,2.28,525,,,,,,,,
,,,2.28,525,0.3846317231655121,0.8774509803921569,0.9113475177304964,168.3956,,,,
0.2805,3.928650140762329,4.166666666666667e-05,2.39,550,,,,,,,,
,,,2.39,550,0.41010844707489014,0.8504901960784313,0.8888888888888888,176.275,,,,
0.2765,70.56350708007812,4.107142857142857e-05,2.5,575,,,,,,,,
,,,2.5,575,0.5922900438308716,0.8357843137254902,0.8858603066439524,184.3212,,,,
0.3083,18.10399627685547,4.047619047619048e-05,2.61,600,,,,,,,,
,,,2.61,600,0.4378834068775177,0.8357843137254902,0.8910569105691057,192.5192,,,,
0.2202,52.747859954833984,3.9880952380952386e-05,2.72,625,,,,,,,,
,,,2.72,625,0.6044392585754395,0.8455882352941176,0.893760539629005,200.8204,,,,
0.4321,15.820226669311523,3.928571428571429e-05,2.83,650,,,,,,,,
,,,2.83,650,0.30497100949287415,0.8848039215686274,0.9140767824497258,208.9966,,,,
0.3087,6.590847015380859,3.8690476190476195e-05,2.93,675,,,,,,,,
,,,2.93,675,0.3012211322784424,0.8799019607843137,0.9097605893186004,217.1858,,,,
0.1803,1.6846665143966675,3.809523809523809e-05,3.04,700,,,,,,,,
,,,3.04,700,0.6030161380767822,0.8676470588235294,0.9021739130434783,224.8771,,,,
0.1929,2.3872926235198975,3.7500000000000003e-05,3.15,725,,,,,,,,
,,,3.15,725,0.4328436851501465,0.8774509803921569,0.912280701754386,232.9363,,,,
0.1637,19.59876251220703,3.690476190476191e-05,3.26,750,,,,,,,,
,,,3.26,750,0.503671407699585,0.8676470588235294,0.9045936395759717,240.9783,,,,
0.2069,11.073216438293457,3.630952380952381e-05,3.37,775,,,,,,,,
,,,3.37,775,0.581357479095459,0.8529411764705882,0.88929889298893,248.8153,,,,
0.1351,42.27803421020508,3.571428571428572e-05,3.48,800,,,,,,,,
,,,3.48,800,0.4713422656059265,0.8700980392156863,0.9100169779286927,256.8626,,,,
0.1614,12.917572975158691,3.511904761904762e-05,3.59,825,,,,,,,,
,,,3.59,825,0.6170043349266052,0.8823529411764706,0.9139784946236559,264.9675,,,,
0.2313,3.4651455879211426,3.4523809523809526e-05,3.7,850,,,,,,,,
,,,3.7,850,0.47147589921951294,0.875,0.9094138543516875,273.1603,,,,
0.1447,83.98210144042969,3.392857142857143e-05,3.8,875,,,,,,,,
,,,3.8,875,0.5310390591621399,0.8848039215686274,0.9171075837742505,281.27,,,,
0.2322,0.9193609952926636,3.3333333333333335e-05,3.91,900,,,,,,,,
,,,3.91,900,0.5456408858299255,0.8897058823529411,0.9220103986135182,289.4026,,,,
0.2316,86.23994445800781,3.273809523809524e-05,4.02,925,,,,,,,,
,,,4.02,925,0.5008538365364075,0.8774509803921569,0.9137931034482758,297.2832,,,,
0.067,0.18034860491752625,3.2142857142857144e-05,4.13,950,,,,,,,,
,,,4.13,950,0.5545059442520142,0.8995098039215687,0.9269162210338681,305.3664,,,,
0.1358,8.992222785949707,3.154761904761905e-05,4.24,975,,,,,,,,
,,,4.24,975,0.6560178995132446,0.8676470588235294,0.9078498293515359,313.2645,,,,
0.148,7.683433532714844,3.095238095238095e-05,4.35,1000,,,,,,,,
,,,4.35,1000,0.6982408165931702,0.8578431372549019,0.9026845637583893,321.2672,,,,
0.1413,0.0934569239616394,3.0357142857142857e-05,4.46,1025,,,,,,,,
,,,4.46,1025,0.6586018204689026,0.875,0.9087656529516995,335.1532,,,,
0.1463,0.7555041909217834,2.9761904761904762e-05,4.57,1050,,,,,,,,
,,,4.57,1050,0.48703575134277344,0.875,0.9087656529516995,343.2244,,,,
0.1037,0.9988107085227966,2.916666666666667e-05,4.67,1075,,,,,,,,
,,,4.67,1075,0.65205979347229,0.8700980392156863,0.9055258467023173,351.3717,,,,
0.1439,0.3161238729953766,2.857142857142857e-05,4.78,1100,,,,,,,,
,,,4.78,1100,0.5843817591667175,0.8823529411764706,0.9169550173010381,359.5914,,,,
0.055,0.08587003499269485,2.797619047619048e-05,4.89,1125,,,,,,,,
,,,4.89,1125,0.5951070785522461,0.8848039215686274,0.917975567190227,367.7043,,,,
0.1339,0.10136403143405914,2.7380952380952383e-05,5.0,1150,,,,,,,,
,,,5.0,1150,0.586704432964325,0.8848039215686274,0.9143897996357014,375.8005,,,,
0.0439,0.6281446218490601,2.6785714285714288e-05,5.11,1175,,,,,,,,
,,,5.11,1175,0.615742564201355,0.8921568627450981,0.9246575342465753,383.7683,,,,
0.0333,0.06915603578090668,2.6190476190476192e-05,5.22,1200,,,,,,,,
,,,5.22,1200,0.6744921207427979,0.8823529411764706,0.916083916083916,391.8731,,,,
0.0942,0.03795516490936279,2.5595238095238093e-05,5.33,1225,,,,,,,,
,,,5.33,1225,0.6528008580207825,0.8872549019607843,0.9163636363636363,399.94,,,,
0.1665,13.112874984741211,2.5e-05,5.43,1250,,,,,,,,
,,,5.43,1250,0.4941120147705078,0.8921568627450981,0.923076923076923,407.8581,,,,
0.0628,0.07049218565225601,2.4404761904761906e-05,5.54,1275,,,,,,,,
,,,5.54,1275,0.5053344964981079,0.9068627450980392,0.9321428571428573,415.8853,,,,
0.0868,0.03021390177309513,2.380952380952381e-05,5.65,1300,,,,,,,,
,,,5.65,1300,0.568060576915741,0.8970588235294118,0.926829268292683,423.9868,,,,
0.0221,67.01714324951172,2.3214285714285715e-05,5.76,1325,,,,,,,,
,,,5.76,1325,0.6239228248596191,0.8995098039215687,0.926391382405745,432.2119,,,,
0.0814,0.058294735848903656,2.261904761904762e-05,5.87,1350,,,,,,,,
,,,5.87,1350,0.6209397315979004,0.8848039215686274,0.9173989455184535,440.4355,,,,
0.0472,0.034083183854818344,2.2023809523809524e-05,5.98,1375,,,,,,,,
,,,5.98,1375,0.6287233829498291,0.8921568627450981,0.92,448.6423,,,,
0.0534,0.08062218874692917,2.1428571428571428e-05,6.09,1400,,,,,,,,
,,,6.09,1400,0.5737795233726501,0.8848039215686274,0.9147005444646098,456.5755,,,,
0.0405,43.07203674316406,2.0833333333333336e-05,6.2,1425,,,,,,,,
,,,6.2,1425,0.6494792103767395,0.8848039215686274,0.9159212880143113,464.8973,,,,
0.0376,0.022280309349298477,2.023809523809524e-05,6.3,1450,,,,,,,,
,,,6.3,1450,0.680328369140625,0.8897058823529411,0.9206349206349206,472.7731,,,,
0.0284,0.02047433890402317,1.9642857142857145e-05,6.41,1475,,,,,,,,
,,,6.41,1475,0.693022608757019,0.8897058823529411,0.9177330895795247,480.8543,,,,
0.0994,213.64134216308594,1.9047619047619046e-05,6.52,1500,,,,,,,,
,,,6.52,1500,0.5593064427375793,0.8970588235294118,0.9247311827956989,488.814,,,,
0.0749,0.16367852687835693,1.8452380952380954e-05,6.63,1525,,,,,,,,
,,,6.63,1525,0.5482361912727356,0.8897058823529411,0.9211908931698775,505.0633,,,,
0.0413,0.051578424870967865,1.785714285714286e-05,6.74,1550,,,,,,,,
,,,6.74,1550,0.6586018204689026,0.8725490196078431,0.9071428571428571,512.9955,,,,
0.0643,24.25864601135254,1.7261904761904763e-05,6.85,1575,,,,,,,,
,,,6.85,1575,0.6501432657241821,0.8799019607843137,0.9123434704830053,521.2219,,,,
0.0282,8.125872611999512,1.6666666666666667e-05,6.96,1600,,,,,,,,
,,,6.96,1600,0.6138632297515869,0.8921568627450981,0.9222614840989399,529.603,,,,
0.0122,0.03236738592386246,1.6071428571428572e-05,7.07,1625,,,,,,,,
,,,7.07,1625,0.6487129330635071,0.8946078431372549,0.9238938053097344,537.5751,,,,
0.0564,0.01739295944571495,1.5476190476190476e-05,7.17,1650,,,,,,,,
,,,7.17,1650,0.6738218665122986,0.8946078431372549,0.924693520140105,545.6904,,,,
0.0301,11.077973365783691,1.4880952380952381e-05,7.28,1675,,,,,,,,
,,,7.28,1675,0.7071723341941833,0.8848039215686274,0.9159212880143113,553.7108,,,,
0.0354,0.02670903131365776,1.4285714285714285e-05,7.39,1700,,,,,,,,
,,,7.39,1700,0.7094123959541321,0.8872549019607843,0.9175627240143369,561.8998,,,,
0.0007,0.015080290846526623,1.3690476190476192e-05,7.5,1725,,,,,,,,
,,,7.5,1725,0.7222053408622742,0.8823529411764706,0.9139784946236559,570.0675,,,,
0.0291,0.01162031665444374,1.3095238095238096e-05,7.61,1750,,,,,,,,
,,,7.61,1750,0.7402461767196655,0.8848039215686274,0.9156193895870736,578.092,,,,
0.0257,0.01152084581553936,1.25e-05,7.72,1775,,,,,,,,
,,,7.72,1775,0.7239213585853577,0.8946078431372549,0.9249563699825479,586.2104,,,,
0.0011,0.01647327095270157,1.1904761904761905e-05,7.83,1800,,,,,,,,
,,,7.83,1800,0.716413140296936,0.8946078431372549,0.9252173913043479,594.187,,,,
0.0005,0.010712881572544575,1.130952380952381e-05,7.93,1825,,,,,,,,
,,,7.93,1825,0.7005254030227661,0.8995098039215687,0.927689594356261,602.5159,,,,
0.0201,0.009409397840499878,1.0714285714285714e-05,8.04,1850,,,,,,,,
,,,8.04,1850,0.7251445055007935,0.8946078431372549,0.9236234458259325,610.4911,,,,
0.0243,0.00927573349326849,1.011904761904762e-05,8.15,1875,,,,,,,,
,,,8.15,1875,0.7630130052566528,0.8872549019607843,0.9169675090252707,618.5709,,,,
0.0151,0.007306823041290045,9.523809523809523e-06,8.26,1900,,,,,,,,
,,,8.26,1900,0.7773301601409912,0.8872549019607843,0.9169675090252707,626.7256,,,,
0.0161,0.009095114655792713,8.92857142857143e-06,8.37,1925,,,,,,,,
,,,8.37,1925,0.7797234654426575,0.8946078431372549,0.9228007181328547,634.9338,,,,
0.0003,0.005257061682641506,8.333333333333334e-06,8.48,1950,,,,,,,,
,,,8.48,1950,0.8050916790962219,0.8848039215686274,0.91651865008881,643.142,,,,
0.025,0.008396439254283905,7.738095238095238e-06,8.59,1975,,,,,,,,
,,,8.59,1975,0.8064664006233215,0.8872549019607843,0.9184397163120569,651.1526,,,,
0.0816,0.012769212014973164,7.142857142857143e-06,8.7,2000,,,,,,,,
,,,8.7,2000,0.7534494400024414,0.8897058823529411,0.9211908931698775,659.2273,,,,
0.0108,0.00774926133453846,6.547619047619048e-06,8.8,2025,,,,,,,,
,,,8.8,2025,0.7257771492004395,0.8872549019607843,0.9181494661921709,673.4789,,,,
0.0048,0.008175933733582497,5.9523809523809525e-06,8.91,2050,,,,,,,,
,,,8.91,2050,0.7632433772087097,0.8921568627450981,0.9208633093525179,681.6034,,,,
0.0211,0.0069454628974199295,5.357142857142857e-06,9.02,2075,,,,,,,,
,,,9.02,2075,0.7903207540512085,0.8799019607843137,0.9126559714795008,689.5906,,,,
0.0003,0.006096843630075455,4.7619047619047615e-06,9.13,2100,,,,,,,,
,,,9.13,2100,0.7965108752250671,0.8823529411764706,0.9145907473309609,697.7228,,,,
0.0154,0.007610572036355734,4.166666666666667e-06,9.24,2125,,,,,,,,
,,,9.24,2125,0.7704192996025085,0.8848039215686274,0.9168141592920355,705.8502,,,,
0.0003,0.005045042373239994,3.5714285714285714e-06,9.35,2150,,,,,,,,
,,,9.35,2150,0.7765311598777771,0.8848039215686274,0.9168141592920355,713.9182,,,,
0.0166,0.005920490715652704,2.9761904761904763e-06,9.46,2175,,,,,,,,
,,,9.46,2175,0.7878403067588806,0.8823529411764706,0.9148936170212766,722.0049,,,,
0.0148,0.030466703698039055,2.3809523809523808e-06,9.57,2200,,,,,,,,
,,,9.57,2200,0.7928877472877502,0.8823529411764706,0.9148936170212766,730.078,,,,
0.0003,0.008195311762392521,1.7857142857142857e-06,9.67,2225,,,,,,,,
,,,9.67,2225,0.7918094396591187,0.8872549019607843,0.9181494661921709,738.0216,,,,
0.0095,0.005549368914216757,1.1904761904761904e-06,9.78,2250,,,,,,,,
,,,9.78,2250,0.7903627157211304,0.8872549019607843,0.9181494661921709,746.0303,,,,
0.0006,0.009902559220790863,5.952380952380952e-07,9.89,2275,,,,,,,,
,,,9.89,2275,0.7937068343162537,0.8848039215686274,0.91651865008881,754.1669,,,,
0.0003,0.008096407167613506,0.0,10.0,2300,,,,,,,,
,,,10.0,2300,0.7947245836257935,0.8848039215686274,0.91651865008881,762.128,,,,
,,,10.0,2300,,,,761.834,48.147,3.019,1441090083533520.0,0.17305879691231024
