loss,grad_norm,learning_rate,epoch,step,eval_loss,eval_accuracy,train_runtime,train_samples_per_second,train_steps_per_second,total_flos,train_loss
0.718,1.699392557144165,3.5e-06,0.00641025641025641,1,,,,,,,
0.7041,1.15105402469635,8.75e-05,0.16025641025641027,25,,,,,,,
,,,0.16025641025641027,25,0.7038269639015198,0.4729241877256318,10.781,,,,
0.7248,0.9556216597557068,0.000175,0.32051282051282054,50,,,,,,,
,,,0.32051282051282054,50,0.6919832229614258,0.5270758122743683,21.1,,,,
0.6953,0.5917264223098755,0.0002625,0.4807692307692308,75,,,,,,,
,,,0.4807692307692308,75,0.6946341395378113,0.5270758122743683,32.6307,,,,
0.7023,2.2878212928771973,0.00035,0.6410256410256411,100,,,,,,,
,,,0.6410256410256411,100,0.689322292804718,0.5667870036101083,43.2653,,,,
0.6849,1.6599427461624146,0.0004375,0.8012820512820513,125,,,,,,,
,,,0.8012820512820513,125,0.7093271017074585,0.48375451263537905,54.6231,,,,
0.6985,4.291978359222412,0.000525,0.9615384615384616,150,,,,,,,
,,,0.9615384615384616,150,0.6864624619483948,0.5667870036101083,65.2569,,,,
0.6678,5.201537132263184,0.0006125,1.1217948717948718,175,,,,,,,
,,,1.1217948717948718,175,0.7109691500663757,0.4981949458483754,76.1793,,,,
0.6716,4.172584533691406,0.0007,1.282051282051282,200,,,,,,,
,,,1.282051282051282,200,0.6410671472549438,0.6389891696750902,87.1463,,,,
0.6166,1.9475725889205933,0.0006871323529411764,1.4423076923076923,225,,,,,,,
,,,1.4423076923076923,225,0.6168124675750732,0.6823104693140795,97.8532,,,,
0.6414,3.036545991897583,0.0006742647058823529,1.6025641025641026,250,,,,,,,
,,,1.6025641025641026,250,0.5983587503433228,0.6750902527075813,108.7298,,,,
0.6502,1.7916773557662964,0.0006613970588235294,1.7628205128205128,275,,,,,,,
,,,1.7628205128205128,275,0.592194676399231,0.7111913357400722,119.2344,,,,
0.6271,2.771801233291626,0.0006485294117647059,1.9230769230769231,300,,,,,,,
,,,1.9230769230769231,300,0.6013634204864502,0.6967509025270758,130.3474,,,,
0.5998,5.574423313140869,0.0006356617647058823,2.0833333333333335,325,,,,,,,
,,,2.0833333333333335,325,0.5699713826179504,0.6931407942238267,140.8318,,,,
0.5472,2.765564203262329,0.0006227941176470587,2.2435897435897436,350,,,,,,,
,,,2.2435897435897436,350,0.5396209359169006,0.7292418772563177,151.4838,,,,
0.5233,7.750852108001709,0.0006099264705882353,2.4038461538461537,375,,,,,,,
,,,2.4038461538461537,375,0.6635283827781677,0.7148014440433214,162.283,,,,
0.5535,2.7743799686431885,0.0005970588235294117,2.564102564102564,400,,,,,,,
,,,2.564102564102564,400,0.5698245763778687,0.7256317689530686,173.1426,,,,
0.5461,3.793017625808716,0.0005841911764705882,2.7243589743589745,425,,,,,,,
,,,2.7243589743589745,425,0.5611388087272644,0.7220216606498195,184.0702,,,,
0.5378,2.4067137241363525,0.0005713235294117647,2.8846153846153846,450,,,,,,,
,,,2.8846153846153846,450,0.6110440492630005,0.7148014440433214,194.9715,,,,
0.5179,6.266132354736328,0.0005584558823529412,3.0448717948717947,475,,,,,,,
,,,3.0448717948717947,475,0.591712474822998,0.7256317689530686,205.6295,,,,
0.5603,4.079591751098633,0.0005455882352941177,3.2051282051282053,500,,,,,,,
,,,3.2051282051282053,500,0.5837880373001099,0.7364620938628159,216.5803,,,,
0.4966,2.8900415897369385,0.0005327205882352941,3.3653846153846154,525,,,,,,,
,,,3.3653846153846154,525,0.5184146165847778,0.7472924187725631,227.7948,,,,
0.418,3.5315709114074707,0.0005198529411764706,3.5256410256410255,550,,,,,,,
,,,3.5256410256410255,550,0.6437024474143982,0.7472924187725631,238.1333,,,,
0.5157,12.349363327026367,0.0005069852941176471,3.685897435897436,575,,,,,,,
,,,3.685897435897436,575,0.5846812129020691,0.7545126353790613,248.5744,,,,
0.4674,6.515421390533447,0.0004941176470588236,3.8461538461538463,600,,,,,,,
,,,3.8461538461538463,600,0.6085811853408813,0.7364620938628159,259.664,,,,
0.4158,13.220434188842773,0.00048125,4.006410256410256,625,,,,,,,
,,,4.006410256410256,625,0.5753172039985657,0.7436823104693141,270.6514,,,,
0.3747,5.273430824279785,0.00046838235294117644,4.166666666666667,650,,,,,,,
,,,4.166666666666667,650,0.6127591729164124,0.7545126353790613,281.6543,,,,
0.385,11.479450225830078,0.00045551470588235297,4.326923076923077,675,,,,,,,
,,,4.326923076923077,675,0.5549408793449402,0.779783393501805,292.1206,,,,
0.3594,7.383401870727539,0.0004426470588235294,4.487179487179487,700,,,,,,,
,,,4.487179487179487,700,0.5625874400138855,0.7870036101083032,303.191,,,,
0.3781,9.470335006713867,0.0004297794117647059,4.647435897435898,725,,,,,,,
,,,4.647435897435898,725,0.7132523655891418,0.7364620938628159,313.7212,,,,
0.3826,11.943183898925781,0.00041691176470588234,4.8076923076923075,750,,,,,,,
,,,4.8076923076923075,750,0.6323516368865967,0.7617328519855595,324.603,,,,
0.3939,18.3463134765625,0.00040404411764705876,4.967948717948718,775,,,,,,,
,,,4.967948717948718,775,0.7296572327613831,0.7328519855595668,335.255,,,,
0.2612,12.097674369812012,0.0003911764705882353,5.128205128205128,800,,,,,,,
,,,5.128205128205128,800,0.7847365140914917,0.7509025270758123,346.229,,,,
0.3435,5.935909748077393,0.00037830882352941176,5.288461538461538,825,,,,,,,
,,,5.288461538461538,825,0.7147267460823059,0.7617328519855595,357.0852,,,,
0.3706,2.719162940979004,0.00036544117647058824,5.448717948717949,850,,,,,,,
,,,5.448717948717949,850,0.5430250763893127,0.7689530685920578,368.3041,,,,
0.3757,9.011523246765137,0.0003525735294117647,5.608974358974359,875,,,,,,,
,,,5.608974358974359,875,0.5735754370689392,0.7653429602888087,379.3338,,,,
0.3138,16.016828536987305,0.0003397058823529412,5.769230769230769,900,,,,,,,
,,,5.769230769230769,900,0.6602155566215515,0.7436823104693141,389.9074,,,,
0.3353,11.579474449157715,0.00032683823529411766,5.92948717948718,925,,,,,,,
,,,5.92948717948718,925,0.7431150078773499,0.7436823104693141,400.6067,,,,
0.3451,3.897937536239624,0.00031397058823529414,6.089743589743589,950,,,,,,,
,,,6.089743589743589,950,0.6431647539138794,0.7581227436823105,411.3664,,,,
0.2664,8.81767749786377,0.0003011029411764706,6.25,975,,,,,,,
,,,6.25,975,0.8124922513961792,0.7725631768953068,422.357,,,,
0.3126,20.793092727661133,0.00028823529411764703,6.410256410256411,1000,,,,,,,
,,,6.410256410256411,1000,0.6606252193450928,0.7725631768953068,432.896,,,,
0.2808,3.271928548812866,0.0002753676470588235,6.57051282051282,1025,,,,,,,
,,,6.57051282051282,1025,0.6496558785438538,0.7472924187725631,444.1158,,,,
0.2748,5.858550071716309,0.0002625,6.730769230769231,1050,,,,,,,
,,,6.730769230769231,1050,0.7270568609237671,0.7581227436823105,455.0053,,,,
0.3034,7.182827949523926,0.00024963235294117646,6.891025641025641,1075,,,,,,,
,,,6.891025641025641,1075,0.7285319566726685,0.7617328519855595,466.4766,,,,
0.2277,5.587276458740234,0.00023676470588235296,7.051282051282051,1100,,,,,,,
,,,7.051282051282051,1100,0.7631615400314331,0.7906137184115524,477.1432,,,,
0.2611,9.491986274719238,0.00022389705882352938,7.211538461538462,1125,,,,,,,
,,,7.211538461538462,1125,0.6739098429679871,0.7509025270758123,487.6604,,,,
0.2189,6.374562740325928,0.00021102941176470586,7.371794871794872,1150,,,,,,,
,,,7.371794871794872,1150,0.8449122309684753,0.7509025270758123,499.2065,,,,
0.2178,14.161425590515137,0.00019816176470588236,7.532051282051282,1175,,,,,,,
,,,7.532051282051282,1175,1.0237966775894165,0.7364620938628159,509.7682,,,,
0.237,22.133026123046875,0.00018529411764705883,7.6923076923076925,1200,,,,,,,
,,,7.6923076923076925,1200,0.975639283657074,0.740072202166065,520.4595,,,,
0.2586,15.13277816772461,0.0001724264705882353,7.852564102564102,1225,,,,,,,
,,,7.852564102564102,1225,0.8824931979179382,0.7833935018050542,531.4495,,,,
0.2497,11.451085090637207,0.00015955882352941176,8.012820512820513,1250,,,,,,,
,,,8.012820512820513,1250,0.9186224937438965,0.7436823104693141,542.2571,,,,
0.2429,10.003127098083496,0.00014669117647058823,8.173076923076923,1275,,,,,,,
,,,8.173076923076923,1275,0.7990066409111023,0.7725631768953068,553.1505,,,,
0.2232,13.290658950805664,0.0001338235294117647,8.333333333333334,1300,,,,,,,
,,,8.333333333333334,1300,0.8205214142799377,0.7689530685920578,563.6473,,,,
0.2025,14.82042121887207,0.00012095588235294117,8.493589743589745,1325,,,,,,,
,,,8.493589743589745,1325,0.861287534236908,0.7509025270758123,574.8156,,,,
0.208,14.170207977294922,0.00010808823529411764,8.653846153846153,1350,,,,,,,
,,,8.653846153846153,1350,0.875464916229248,0.7472924187725631,585.1317,,,,
0.1682,7.096280574798584,9.52205882352941e-05,8.814102564102564,1375,,,,,,,
,,,8.814102564102564,1375,0.9243669509887695,0.7436823104693141,595.9047,,,,
0.2099,5.412670612335205,8.235294117647058e-05,8.974358974358974,1400,,,,,,,
,,,8.974358974358974,1400,0.9147093296051025,0.7545126353790613,606.4867,,,,
0.2211,11.146432876586914,6.948529411764706e-05,9.134615384615385,1425,,,,,,,
,,,9.134615384615385,1425,0.9828474521636963,0.7581227436823105,616.9948,,,,
0.1621,21.52351188659668,5.661764705882353e-05,9.294871794871796,1450,,,,,,,
,,,9.294871794871796,1450,1.056068778038025,0.7545126353790613,627.8222,,,,
0.0943,0.4333515763282776,4.375e-05,9.455128205128204,1475,,,,,,,
,,,9.455128205128204,1475,1.0820400714874268,0.7545126353790613,638.3609,,,,
0.2003,30.92028045654297,3.0882352941176475e-05,9.615384615384615,1500,,,,,,,
,,,9.615384615384615,1500,1.0700066089630127,0.7545126353790613,649.5982,,,,
0.1895,33.02060317993164,1.801470588235294e-05,9.775641025641026,1525,,,,,,,
,,,9.775641025641026,1525,1.1190354824066162,0.740072202166065,660.8142,,,,
0.2366,1.72686767578125,5.147058823529411e-06,9.935897435897436,1550,,,,,,,
,,,9.935897435897436,1550,1.0530728101730347,0.7581227436823105,671.5228,,,,
,,,10.0,1560,,,674.2341,36.931,2.314,2110479545949120.0,0.4005244630269515
