loss,grad_norm,learning_rate,epoch,step,eval_loss,eval_accuracy,eval_f1,train_runtime,train_samples_per_second,train_steps_per_second,total_flos,train_loss
1.1672,4.064709186553955,1.0000000000000002e-06,0.0625,1,,,,,,,,
1.126,5.107264995574951,1e-05,0.625,10,,,,,,,,
,,,0.625,10,1.0952320098876953,0.4107142857142857,0.1940928270042194,5.7764,,,,
1.0311,4.218385696411133,2e-05,1.25,20,,,,,,,,
,,,1.25,20,0.9672006964683533,0.4107142857142857,0.1940928270042194,11.4353,,,,
0.8703,4.186871528625488,1.9333333333333333e-05,1.875,30,,,,,,,,
,,,1.875,30,0.8321619033813477,0.6785714285714286,0.47391812865497074,16.8902,,,,
0.7044,4.029349327087402,1.866666666666667e-05,2.5,40,,,,,,,,
,,,2.5,40,0.7570779919624329,0.6964285714285714,0.486277269528501,22.2764,,,,
0.6068,5.585486888885498,1.8e-05,3.125,50,,,,,,,,
,,,3.125,50,0.7688010334968567,0.6964285714285714,0.48646125116713357,27.7616,,,,
0.5039,12.275418281555176,1.7333333333333336e-05,3.75,60,,,,,,,,
,,,3.75,60,0.6671533584594727,0.6964285714285714,0.482089552238806,33.3566,,,,
0.3713,13.109692573547363,1.6666666666666667e-05,4.375,70,,,,,,,,
,,,4.375,70,0.5746034979820251,0.7857142857142857,0.5483193277310924,38.6295,,,,
0.1974,4.753373622894287,1.6000000000000003e-05,5.0,80,,,,,,,,
,,,5.0,80,0.5318099856376648,0.8214285714285714,0.5735930735930737,44.0719,,,,
0.1622,11.324163436889648,1.5333333333333334e-05,5.625,90,,,,,,,,
,,,5.625,90,0.3849358558654785,0.875,0.6106403013182674,49.9333,,,,
0.1626,1.4490106105804443,1.4666666666666666e-05,6.25,100,,,,,,,,
,,,6.25,100,0.4456672668457031,0.8214285714285714,0.5735930735930737,55.2796,,,,
0.1082,1.3745160102844238,1.4e-05,6.875,110,,,,,,,,
,,,6.875,110,0.3876189887523651,0.8928571428571429,0.8513810420590082,60.6338,,,,
0.1007,7.8713459968566895,1.3333333333333333e-05,7.5,120,,,,,,,,
,,,7.5,120,0.5217365622520447,0.8392857142857143,0.761904761904762,65.5881,,,,
0.0352,0.958610475063324,1.2666666666666667e-05,8.125,130,,,,,,,,
,,,8.125,130,0.31108012795448303,0.9107142857142857,0.8818713450292398,71.2807,,,,
0.0205,12.87928581237793,1.2e-05,8.75,140,,,,,,,,
,,,8.75,140,0.42550936341285706,0.875,0.8378787878787879,77.2725,,,,
0.0124,0.8523474335670471,1.1333333333333334e-05,9.375,150,,,,,,,,
,,,9.375,150,0.2907045781612396,0.9107142857142857,0.8438027693346841,82.7534,,,,
0.0062,0.13924744725227356,1.0666666666666667e-05,10.0,160,,,,,,,,
,,,10.0,160,0.4587748348712921,0.8928571428571429,0.890869939707149,88.1944,,,,
0.0034,0.1338762640953064,1e-05,10.625,170,,,,,,,,
,,,10.625,170,0.34813833236694336,0.8928571428571429,0.8513810420590082,94.0654,,,,
0.0034,0.05319707840681076,9.333333333333334e-06,11.25,180,,,,,,,,
,,,11.25,180,0.3554007112979889,0.8928571428571429,0.8513810420590082,99.4577,,,,
0.0024,0.06038302928209305,8.666666666666668e-06,11.875,190,,,,,,,,
,,,11.875,190,0.38902923464775085,0.8928571428571429,0.8513810420590082,105.3136,,,,
0.0024,0.033561062067747116,8.000000000000001e-06,12.5,200,,,,,,,,
,,,12.5,200,0.4216664731502533,0.9107142857142857,0.9044113450893111,110.6689,,,,
0.0021,0.04905599728226662,7.333333333333333e-06,13.125,210,,,,,,,,
,,,13.125,210,0.4391465485095978,0.9107142857142857,0.9044113450893111,116.0881,,,,
0.0018,0.043617259711027145,6.666666666666667e-06,13.75,220,,,,,,,,
,,,13.75,220,0.442489355802536,0.9107142857142857,0.9044113450893111,122.0987,,,,
0.0017,0.038466837257146835,6e-06,14.375,230,,,,,,,,
,,,14.375,230,0.44861507415771484,0.9107142857142857,0.9044113450893111,127.8954,,,,
0.0017,0.07659479230642319,5.333333333333334e-06,15.0,240,,,,,,,,
,,,15.0,240,0.4549737572669983,0.9107142857142857,0.9044113450893111,133.2345,,,,
0.0017,0.027145076543092728,4.666666666666667e-06,15.625,250,,,,,,,,
,,,15.625,250,0.44060376286506653,0.9107142857142857,0.9044113450893111,138.7075,,,,
0.0015,0.03968503698706627,4.000000000000001e-06,16.25,260,,,,,,,,
,,,16.25,260,0.43608570098876953,0.9107142857142857,0.9044113450893111,144.4531,,,,
0.0015,0.05318435654044151,3.3333333333333333e-06,16.875,270,,,,,,,,
,,,16.875,270,0.4383433759212494,0.9107142857142857,0.9044113450893111,150.0698,,,,
0.0015,0.030095528811216354,2.666666666666667e-06,17.5,280,,,,,,,,
,,,17.5,280,0.44714754819869995,0.9107142857142857,0.9044113450893111,155.9577,,,,
0.0014,0.024307329207658768,2.0000000000000003e-06,18.125,290,,,,,,,,
,,,18.125,290,0.4528762400150299,0.9107142857142857,0.9044113450893111,161.3952,,,,
0.0014,0.021692169830203056,1.3333333333333334e-06,18.75,300,,,,,,,,
,,,18.75,300,0.4564114511013031,0.9107142857142857,0.9044113450893111,167.2409,,,,
0.0014,0.031580112874507904,6.666666666666667e-07,19.375,310,,,,,,,,
,,,19.375,310,0.45961135625839233,0.9107142857142857,0.9044113450893111,172.3373,,,,
0.0015,0.029815305024385452,0.0,20.0,320,,,,,,,,
,,,20.0,320,0.46000316739082336,0.9107142857142857,0.9044113450893111,178.0572,,,,
,,,20.0,320,,,,177.7116,28.135,1.801,446840583950880.0,0.18919464573846198
