loss,grad_norm,learning_rate,epoch,step,eval_loss,eval_accuracy,eval_f1,train_runtime,train_samples_per_second,train_steps_per_second,total_flos,train_loss
0.6801,0.5724105834960938,2.5e-06,0.0,1,,,,,,,,
0.7114,0.7809414267539978,6.25e-05,0.11,25,,,,,,,,
,,,0.11,25,0.6548936367034912,0.6838235294117647,0.8122270742358079,6.1107,,,,
0.6625,1.5841054916381836,0.000125,0.22,50,,,,,,,,
,,,0.22,50,0.6227206587791443,0.6838235294117647,0.8122270742358079,11.7229,,,,
0.6368,2.4323740005493164,0.0001875,0.33,75,,,,,,,,
,,,0.33,75,0.6146763563156128,0.6838235294117647,0.8122270742358079,17.5407,,,,
0.6303,0.6452014446258545,0.00025,0.43,100,,,,,,,,
,,,0.43,100,0.5765663385391235,0.7009803921568627,0.8189910979228486,23.2805,,,,
0.554,2.158665180206299,0.0003125,0.54,125,,,,,,,,
,,,0.54,125,0.4873896837234497,0.7794117647058824,0.8484848484848486,29.0572,,,,
0.5289,2.7011735439300537,0.000375,0.65,150,,,,,,,,
,,,0.65,150,0.49177467823028564,0.7524509803921569,0.8429237947122861,34.8128,,,,
0.5852,4.953017234802246,0.0004375,0.76,175,,,,,,,,
,,,0.76,175,0.5096846222877502,0.7941176470588235,0.8432835820895523,40.7128,,,,
0.4938,0.6888550519943237,0.0005,0.87,200,,,,,,,,
,,,0.87,200,0.4684062898159027,0.7867647058823529,0.8621236133122028,46.5232,,,,
0.5786,1.2959915399551392,0.0004940476190476191,0.98,225,,,,,,,,
,,,0.98,225,0.45157119631767273,0.803921568627451,0.8455598455598455,52.1933,,,,
0.5151,1.0513694286346436,0.0004880952380952381,1.09,250,,,,,,,,
,,,1.09,250,0.4423697888851166,0.8186274509803921,0.8798701298701299,57.7223,,,,
0.4418,1.1459715366363525,0.00048214285714285715,1.2,275,,,,,,,,
,,,1.2,275,0.36219701170921326,0.8382352941176471,0.8888888888888888,63.3529,,,,
0.3914,1.8844664096832275,0.0004761904761904762,1.3,300,,,,,,,,
,,,1.3,300,0.3963525891304016,0.8284313725490197,0.8817567567567567,69.0718,,,,
0.4328,2.6838316917419434,0.00047023809523809523,1.41,325,,,,,,,,
,,,1.41,325,0.4616425335407257,0.7671568627450981,0.8057259713701431,74.6926,,,,
0.4745,3.1979620456695557,0.00046428571428571433,1.52,350,,,,,,,,
,,,1.52,350,0.35121020674705505,0.8431372549019608,0.8904109589041096,80.417,,,,
0.3774,0.9768505692481995,0.0004583333333333333,1.63,375,,,,,,,,
,,,1.63,375,0.3531779944896698,0.8602941176470589,0.8954128440366973,85.9619,,,,
0.3551,0.5824217796325684,0.00045238095238095237,1.74,400,,,,,,,,
,,,1.74,400,0.3772501051425934,0.8529411764705882,0.8993288590604027,91.6683,,,,
0.4348,1.3089982271194458,0.00044642857142857147,1.85,425,,,,,,,,
,,,1.85,425,0.3564162850379944,0.8455882352941176,0.8948247078464107,97.3628,,,,
0.3916,1.4271879196166992,0.00044047619047619046,1.96,450,,,,,,,,
,,,1.96,450,0.350131094455719,0.8700980392156863,0.9084628670120898,103.1961,,,,
0.2933,1.6490094661712646,0.00043452380952380956,2.07,475,,,,,,,,
,,,2.07,475,0.383253276348114,0.875,0.9100529100529101,108.678,,,,
0.3771,2.54733943939209,0.00042857142857142855,2.17,500,,,,,,,,
,,,2.17,500,0.3404592275619507,0.8480392156862745,0.8821292775665399,114.4269,,,,
0.3592,1.959717035293579,0.00042261904761904765,2.28,525,,,,,,,,
,,,2.28,525,0.3130394518375397,0.8651960784313726,0.9009009009009009,120.763,,,,
0.3088,0.9006718993186951,0.0004166666666666667,2.39,550,,,,,,,,
,,,2.39,550,0.3300732672214508,0.8627450980392157,0.900709219858156,126.4619,,,,
0.338,0.8437315821647644,0.0004107142857142857,2.5,575,,,,,,,,
,,,2.5,575,0.31608879566192627,0.8799019607843137,0.9117117117117116,132.1526,,,,
0.3004,1.8357890844345093,0.0004047619047619048,2.61,600,,,,,,,,
,,,2.61,600,0.3444249629974365,0.8774509803921569,0.9125874125874125,137.9002,,,,
0.3031,1.847149133682251,0.00039880952380952383,2.72,625,,,,,,,,
,,,2.72,625,0.36712145805358887,0.8651960784313726,0.9066213921901529,143.6728,,,,
0.353,2.8185763359069824,0.0003928571428571429,2.83,650,,,,,,,,
,,,2.83,650,0.31158819794654846,0.8823529411764706,0.916083916083916,149.4078,,,,
0.301,1.0756747722625732,0.0003869047619047619,2.93,675,,,,,,,,
,,,2.93,675,0.33799201250076294,0.8676470588235294,0.9049295774647886,155.1648,,,,
0.2942,1.555645227432251,0.00038095238095238096,3.04,700,,,,,,,,
,,,3.04,700,0.41913947463035583,0.8504901960784313,0.897133220910624,160.6231,,,,
0.3272,2.87424898147583,0.000375,3.15,725,,,,,,,,
,,,3.15,725,0.39304184913635254,0.8480392156862745,0.895973154362416,166.3293,,,,
0.2543,0.7712797522544861,0.00036904761904761905,3.26,750,,,,,,,,
,,,3.26,750,0.38160622119903564,0.8700980392156863,0.9100169779286927,172.0392,,,,
0.2518,3.7570531368255615,0.0003630952380952381,3.37,775,,,,,,,,
,,,3.37,775,0.35119950771331787,0.875,0.9109947643979057,177.6936,,,,
0.2348,3.2702887058258057,0.00035714285714285714,3.48,800,,,,,,,,
,,,3.48,800,0.4915746748447418,0.8455882352941176,0.896551724137931,183.3598,,,,
0.3032,1.6323227882385254,0.0003511904761904762,3.59,825,,,,,,,,
,,,3.59,825,0.3280017077922821,0.8774509803921569,0.9113475177304964,189.1314,,,,
0.2732,2.2268335819244385,0.00034523809523809523,3.7,850,,,,,,,,
,,,3.7,850,0.33346715569496155,0.8553921568627451,0.8959435626102292,194.9207,,,,
0.2643,6.389976978302002,0.00033928571428571433,3.8,875,,,,,,,,
,,,3.8,875,0.397527813911438,0.8553921568627451,0.8970331588132635,200.6802,,,,
0.2997,3.733886480331421,0.0003333333333333333,3.91,900,,,,,,,,
,,,3.91,900,0.3881033957004547,0.875,0.9137055837563453,206.4198,,,,
0.2589,3.3198466300964355,0.00032738095238095237,4.02,925,,,,,,,,
,,,4.02,925,0.38698136806488037,0.8700980392156863,0.9087779690189328,212.0735,,,,
0.1813,0.31941738724708557,0.00032142857142857147,4.13,950,,,,,,,,
,,,4.13,950,0.48320722579956055,0.8578431372549019,0.9033333333333333,217.7892,,,,
0.2278,3.1088485717773438,0.00031547619047619046,4.24,975,,,,,,,,
,,,4.24,975,0.48943030834198,0.8602941176470589,0.9054726368159204,223.4452,,,,
0.2629,1.5744996070861816,0.00030952380952380956,4.35,1000,,,,,,,,
,,,4.35,1000,0.35731184482574463,0.875,0.9122203098106711,229.061,,,,
0.2389,1.218561053276062,0.00030357142857142855,4.46,1025,,,,,,,,
,,,4.46,1025,0.33590877056121826,0.8823529411764706,0.9142857142857143,235.6107,,,,
0.157,2.5300261974334717,0.00029761904761904765,4.57,1050,,,,,,,,
,,,4.57,1050,0.44427940249443054,0.875,0.9128205128205128,241.3198,,,,
0.211,1.0002244710922241,0.0002916666666666667,4.67,1075,,,,,,,,
,,,4.67,1075,0.3771551549434662,0.8700980392156863,0.9094017094017094,247.0517,,,,
0.153,2.4663970470428467,0.0002857142857142857,4.78,1100,,,,,,,,
,,,4.78,1100,0.4403174817562103,0.8872549019607843,0.9198606271777002,252.7432,,,,
0.206,2.410993814468384,0.0002797619047619048,4.89,1125,,,,,,,,
,,,4.89,1125,0.37217018008232117,0.8774509803921569,0.9097472924187725,258.5485,,,,
0.1986,0.9407649040222168,0.0002738095238095238,5.0,1150,,,,,,,,
,,,5.0,1150,0.33739328384399414,0.875,0.9122203098106711,264.2588,,,,
0.1398,0.3185546100139618,0.00026785714285714287,5.11,1175,,,,,,,,
,,,5.11,1175,0.3977486193180084,0.8848039215686274,0.9176882661996497,269.9452,,,,
0.1275,2.0252437591552734,0.0002619047619047619,5.22,1200,,,,,,,,
,,,5.22,1200,0.4757511615753174,0.8799019607843137,0.9153713298791019,275.6967,,,,
0.1324,2.0033395290374756,0.00025595238095238096,5.33,1225,,,,,,,,
,,,5.33,1225,0.45560312271118164,0.8872549019607843,0.916058394160584,281.4501,,,,
0.1701,1.0129441022872925,0.00025,5.43,1250,,,,,,,,
,,,5.43,1250,0.43803757429122925,0.8774509803921569,0.9131944444444444,287.085,,,,
0.1298,6.822982311248779,0.00024404761904761905,5.54,1275,,,,,,,,
,,,5.54,1275,0.4597920775413513,0.8725490196078431,0.9071428571428571,292.7863,,,,
0.1621,1.8694465160369873,0.0002380952380952381,5.65,1300,,,,,,,,
,,,5.65,1300,0.4003943204879761,0.8799019607843137,0.9132743362831858,298.4914,,,,
0.1209,2.3210999965667725,0.00023214285714285717,5.76,1325,,,,,,,,
,,,5.76,1325,0.4244268834590912,0.8774509803921569,0.9116607773851589,304.2892,,,,
0.1919,2.6135201454162598,0.00022619047619047618,5.87,1350,,,,,,,,
,,,5.87,1350,0.42523232102394104,0.8799019607843137,0.9120287253141832,310.075,,,,
0.1347,0.6196770668029785,0.00022023809523809523,5.98,1375,,,,,,,,
,,,5.98,1375,0.3922583758831024,0.8823529411764706,0.9157894736842105,315.9226,,,,
0.0664,2.0448405742645264,0.00021428571428571427,6.09,1400,,,,,,,,
,,,6.09,1400,0.6270331144332886,0.875,0.9137055837563453,321.6098,,,,
0.1078,0.8451095223426819,0.00020833333333333335,6.2,1425,,,,,,,,
,,,6.2,1425,0.5802362561225891,0.8774509803921569,0.9143835616438356,327.4909,,,,
0.1016,2.8290810585021973,0.0002023809523809524,6.3,1450,,,,,,,,
,,,6.3,1450,0.5083402991294861,0.875,0.906764168190128,333.132,,,,
0.1545,0.3037879765033722,0.00019642857142857144,6.41,1475,,,,,,,,
,,,6.41,1475,0.43894103169441223,0.8774509803921569,0.9116607773851589,338.8223,,,,
0.1193,0.23336102068424225,0.00019047619047619048,6.52,1500,,,,,,,,
,,,6.52,1500,0.5015019178390503,0.875,0.9100529100529101,344.5501,,,,
0.0942,0.6911911368370056,0.00018452380952380953,6.63,1525,,,,,,,,
,,,6.63,1525,0.5284069180488586,0.875,0.9122203098106711,351.0284,,,,
0.1446,0.4211266338825226,0.00017857142857142857,6.74,1550,,,,,,,,
,,,6.74,1550,0.4802946448326111,0.8823529411764706,0.9172413793103448,356.7642,,,,
0.0916,0.8161137700080872,0.00017261904761904762,6.85,1575,,,,,,,,
,,,6.85,1575,0.4995165169239044,0.8848039215686274,0.919931856899489,362.4619,,,,
0.0923,6.06218147277832,0.00016666666666666666,6.96,1600,,,,,,,,
,,,6.96,1600,0.6272140741348267,0.8700980392156863,0.9075043630017452,368.2937,,,,
0.0965,0.4876393675804138,0.00016071428571428573,7.07,1625,,,,,,,,
,,,7.07,1625,0.5810661315917969,0.8823529411764706,0.9163763066202091,373.8822,,,,
0.1227,3.177297830581665,0.00015476190476190478,7.17,1650,,,,,,,,
,,,7.17,1650,0.5683062076568604,0.8774509803921569,0.9119718309859154,379.6349,,,,
0.0766,0.19515445828437805,0.00014880952380952382,7.28,1675,,,,,,,,
,,,7.28,1675,0.5437485575675964,0.8823529411764706,0.9172413793103448,385.3072,,,,
0.1378,3.651658296585083,0.00014285714285714284,7.39,1700,,,,,,,,
,,,7.39,1700,0.6112795472145081,0.8774509803921569,0.9134948096885814,391.1519,,,,
0.0589,0.7965689301490784,0.0001369047619047619,7.5,1725,,,,,,,,
,,,7.5,1725,0.6314576864242554,0.8799019607843137,0.9120287253141832,396.9429,,,,
0.0771,1.354488492012024,0.00013095238095238096,7.61,1750,,,,,,,,
,,,7.61,1750,0.606023907661438,0.8774509803921569,0.9116607773851589,402.7171,,,,
0.1379,5.089321136474609,0.000125,7.72,1775,,,,,,,,
,,,7.72,1775,0.5131072402000427,0.8823529411764706,0.9157894736842105,408.4603,,,,
0.0618,1.5140177011489868,0.00011904761904761905,7.83,1800,,,,,,,,
,,,7.83,1800,0.5793460607528687,0.8823529411764706,0.9148936170212766,414.1885,,,,
0.0826,0.07619824260473251,0.00011309523809523809,7.93,1825,,,,,,,,
,,,7.93,1825,0.6551382541656494,0.8823529411764706,0.9142857142857143,420.0731,,,,
0.0729,4.844793796539307,0.00010714285714285714,8.04,1850,,,,,,,,
,,,8.04,1850,0.7083871364593506,0.8700980392156863,0.9078260869565218,425.7234,,,,
0.0852,0.032568372786045074,0.0001011904761904762,8.15,1875,,,,,,,,
,,,8.15,1875,0.6817539930343628,0.875,0.9077757685352622,431.4223,,,,
0.0894,0.0009253048920072615,9.523809523809524e-05,8.26,1900,,,,,,,,
,,,8.26,1900,0.6604904532432556,0.8799019607843137,0.9132743362831858,437.2353,,,,
0.0516,0.01013265736401081,8.928571428571429e-05,8.37,1925,,,,,,,,
,,,8.37,1925,0.6654175519943237,0.8897058823529411,0.9197860962566845,442.9988,,,,
0.0656,0.37354376912117004,8.333333333333333e-05,8.48,1950,,,,,,,,
,,,8.48,1950,0.7081372141838074,0.8725490196078431,0.9094076655052264,448.8223,,,,
0.0214,2.2072365283966064,7.738095238095239e-05,8.59,1975,,,,,,,,
,,,8.59,1975,0.74151611328125,0.8774509803921569,0.9131944444444444,454.464,,,,
0.0868,0.2115470916032791,7.142857142857142e-05,8.7,2000,,,,,,,,
,,,8.7,2000,0.7433331608772278,0.8823529411764706,0.9148936170212766,460.1593,,,,
0.0638,0.036774445325136185,6.547619047619048e-05,8.8,2025,,,,,,,,
,,,8.8,2025,0.7357028126716614,0.8823529411764706,0.9151943462897526,466.5974,,,,
0.0804,4.169640064239502,5.9523809523809524e-05,8.91,2050,,,,,,,,
,,,8.91,2050,0.7202615737915039,0.8774509803921569,0.9113475177304964,472.3568,,,,
0.079,3.558427333831787,5.357142857142857e-05,9.02,2075,,,,,,,,
,,,9.02,2075,0.700187623500824,0.8799019607843137,0.9135802469135803,477.9353,,,,
0.0418,0.5894730687141418,4.761904761904762e-05,9.13,2100,,,,,,,,
,,,9.13,2100,0.7048295140266418,0.8799019607843137,0.9123434704830053,483.6154,,,,
0.0476,0.31330958008766174,4.1666666666666665e-05,9.24,2125,,,,,,,,
,,,9.24,2125,0.7131930589675903,0.8799019607843137,0.9132743362831858,489.3055,,,,
0.0594,0.16654972732067108,3.571428571428571e-05,9.35,2150,,,,,,,,
,,,9.35,2150,0.7217031121253967,0.8774509803921569,0.9125874125874125,495.0128,,,,
0.0492,0.006552147213369608,2.9761904761904762e-05,9.46,2175,,,,,,,,
,,,9.46,2175,0.7099459767341614,0.8823529411764706,0.9142857142857143,500.8142,,,,
0.0522,7.421364784240723,2.380952380952381e-05,9.57,2200,,,,,,,,
,,,9.57,2200,0.7092416882514954,0.8799019607843137,0.9126559714795008,506.5464,,,,
0.0586,2.8666229248046875,1.7857142857142855e-05,9.67,2225,,,,,,,,
,,,9.67,2225,0.7061048150062561,0.8823529411764706,0.9145907473309609,512.3013,,,,
0.09,0.003951513674110174,1.1904761904761905e-05,9.78,2250,,,,,,,,
,,,9.78,2250,0.7015855312347412,0.875,0.9097345132743363,518.0115,,,,
0.0667,0.3785415589809418,5.9523809523809525e-06,9.89,2275,,,,,,,,
,,,9.89,2275,0.7047644853591919,0.8823529411764706,0.915492957746479,523.8349,,,,
0.052,0.5280352234840393,0.0,10.0,2300,,,,,,,,
,,,10.0,2300,0.7038488388061523,0.8823529411764706,0.915492957746479,529.4794,,,,
,,,10.0,2300,,,,529.1015,69.325,4.347,1530446719931808.0,0.22905859838361325
