loss,grad_norm,learning_rate,epoch,step,eval_loss,eval_accuracy,eval_f1,train_runtime,train_samples_per_second,train_steps_per_second,total_flos,train_loss
1.1838,4.287877559661865,1e-05,0.0625,1,,,,,,,,
1.0967,3.441978693008423,0.0001,0.625,10,,,,,,,,
,,,0.625,10,1.0446726083755493,0.4107142857142857,0.1940928270042194,4.8255,,,,
0.9469,3.4249749183654785,0.0002,1.25,20,,,,,,,,
,,,1.25,20,0.9100061655044556,0.4107142857142857,0.1940928270042194,9.2937,,,,
0.8753,2.7718255519866943,0.0003,1.875,30,,,,,,,,
,,,1.875,30,0.8563368916511536,0.7321428571428571,0.5103785103785105,13.6436,,,,
0.8445,1.41861891746521,0.0004,2.5,40,,,,,,,,
,,,2.5,40,0.7132018804550171,0.7142857142857143,0.49976359338061477,17.9351,,,,
0.6715,2.248260259628296,0.0005,3.125,50,,,,,,,,
,,,3.125,50,0.6689791083335876,0.7321428571428571,0.5115440115440115,22.2778,,,,
0.5372,1.883387804031372,0.00048148148148148144,3.75,60,,,,,,,,
,,,3.75,60,0.5783410668373108,0.7857142857142857,0.5489642184557438,26.7605,,,,
0.2872,3.7400238513946533,0.000462962962962963,4.375,70,,,,,,,,
,,,4.375,70,0.41077283024787903,0.8214285714285714,0.5790229885057471,30.9461,,,,
0.1924,0.43764567375183105,0.0004444444444444444,5.0,80,,,,,,,,
,,,5.0,80,0.45978718996047974,0.875,0.6117757447806709,35.3027,,,,
0.1366,1.5856491327285767,0.00042592592592592595,5.625,90,,,,,,,,
,,,5.625,90,0.3588268756866455,0.8571428571428571,0.7745405179615705,40.0548,,,,
0.064,3.3213393688201904,0.0004074074074074074,6.25,100,,,,,,,,
,,,6.25,100,0.4689233899116516,0.875,0.7996583891735646,44.276,,,,
0.0536,1.7139785289764404,0.0003888888888888889,6.875,110,,,,,,,,
,,,6.875,110,0.4882386326789856,0.9107142857142857,0.8653086419753087,48.5982,,,,
0.0128,0.05204262211918831,0.00037037037037037035,7.5,120,,,,,,,,
,,,7.5,120,0.41874098777770996,0.9285714285714286,0.9178634416729654,52.5846,,,,
0.0052,0.15007811784744263,0.0003518518518518519,8.125,130,,,,,,,,
,,,8.125,130,0.503734290599823,0.9285714285714286,0.9236477807906379,57.1441,,,,
0.0096,0.009675880894064903,0.0003333333333333333,8.75,140,,,,,,,,
,,,8.75,140,0.8495121598243713,0.8928571428571429,0.8525403872240719,62.0001,,,,
0.057,3.6498537063598633,0.0003148148148148148,9.375,150,,,,,,,,
,,,9.375,150,0.9532437324523926,0.875,0.8759259259259259,66.3873,,,,
0.011,0.0033652966376394033,0.0002962962962962963,10.0,160,,,,,,,,
,,,10.0,160,0.2710576355457306,0.8928571428571429,0.8523500309214596,70.7187,,,,
0.0005,0.30213335156440735,0.0002777777777777778,10.625,170,,,,,,,,
,,,10.625,170,0.3858385384082794,0.9285714285714286,0.8780766852195424,75.4565,,,,
0.004,1.0068707466125488,0.00025925925925925926,11.25,180,,,,,,,,
,,,11.25,180,0.3162051737308502,0.9107142857142857,0.8650793650793651,79.7625,,,,
0.0087,0.0034047227818518877,0.00024074074074074072,11.875,190,,,,,,,,
,,,11.875,190,0.23289193212985992,0.9285714285714286,0.9178768434087582,84.4884,,,,
0.0005,0.032378531992435455,0.0002222222222222222,12.5,200,,,,,,,,
,,,12.5,200,0.575428307056427,0.9107142857142857,0.8913565426170468,88.7392,,,,
0.0013,0.018339097499847412,0.0002037037037037037,13.125,210,,,,,,,,
,,,13.125,210,0.59096759557724,0.9107142857142857,0.8913565426170468,93.0141,,,,
0.0006,0.010547650046646595,0.00018518518518518518,13.75,220,,,,,,,,
,,,13.75,220,0.4827631115913391,0.9107142857142857,0.9104726510386887,97.8544,,,,
0.0002,0.009269751608371735,0.00016666666666666666,14.375,230,,,,,,,,
,,,14.375,230,0.4549899995326996,0.9107142857142857,0.9048821548821548,102.4901,,,,
0.0002,0.0028723389841616154,0.00014814814814814815,15.0,240,,,,,,,,
,,,15.0,240,0.4480568468570709,0.9107142857142857,0.9048821548821548,106.7029,,,,
0.0002,0.007567924913018942,0.00012962962962962963,15.625,250,,,,,,,,
,,,15.625,250,0.4488406777381897,0.9107142857142857,0.9048821548821548,111.1485,,,,
0.0001,0.003114767838269472,0.0001111111111111111,16.25,260,,,,,,,,
,,,16.25,260,0.4521525502204895,0.8928571428571429,0.8523500309214596,115.699,,,,
0.0002,0.01366048026829958,9.259259259259259e-05,16.875,270,,,,,,,,
,,,16.875,270,0.4599536061286926,0.8928571428571429,0.8523500309214596,120.1548,,,,
0.0002,0.0007195985526777804,7.407407407407407e-05,17.5,280,,,,,,,,
,,,17.5,280,0.46024441719055176,0.8928571428571429,0.8523500309214596,124.8107,,,,
0.0001,0.0006724175764247775,5.555555555555555e-05,18.125,290,,,,,,,,
,,,18.125,290,0.460884153842926,0.8928571428571429,0.8523500309214596,129.1212,,,,
0.0003,0.006296531297266483,3.7037037037037037e-05,18.75,300,,,,,,,,
,,,18.75,300,0.46387964487075806,0.8928571428571429,0.8523500309214596,133.8411,,,,
0.0005,0.02088126726448536,1.8518518518518518e-05,19.375,310,,,,,,,,
,,,19.375,310,0.46365246176719666,0.8928571428571429,0.8523500309214596,137.8497,,,,
0.0003,0.005019244737923145,0.0,20.0,320,,,,,,,,
,,,20.0,320,0.4642167389392853,0.8928571428571429,0.8523500309214596,142.3972,,,,
,,,20.0,320,,,,141.8667,35.244,2.256,474551269876800.0,0.18213374458282489
