loss,grad_norm,learning_rate,epoch,step,eval_loss,eval_accuracy,train_runtime,train_samples_per_second,train_steps_per_second,total_flos,train_loss
1.9185,1.1041284799575806,1e-05,0.00641025641025641,1,,,,,,,
1.7019,0.8220179677009583,0.0005,0.32051282051282054,50,,,,,,,
,,,0.32051282051282054,50,1.1464568376541138,0.4729241877256318,21.1833,,,,
0.8043,2.250481128692627,0.001,0.6410256410256411,100,,,,,,,
,,,0.6410256410256411,100,0.7086235284805298,0.47653429602888087,43.4223,,,,
0.7246,2.6059651374816895,0.0015,0.9615384615384616,150,,,,,,,
,,,0.9615384615384616,150,0.7264918088912964,0.5270758122743683,65.5291,,,,
0.7266,3.6249852180480957,0.002,1.282051282051282,200,,,,,,,
,,,1.282051282051282,200,0.716570258140564,0.5234657039711191,87.6253,,,,
0.7255,1.3422328233718872,0.0019264705882352942,1.6025641025641026,250,,,,,,,
,,,1.6025641025641026,250,0.6959507465362549,0.6028880866425993,109.2471,,,,
0.7194,0.8036149740219116,0.0018529411764705885,1.9230769230769231,300,,,,,,,
,,,1.9230769230769231,300,0.740276038646698,0.48736462093862815,130.855,,,,
0.6812,1.9047293663024902,0.0017794117647058822,2.2435897435897436,350,,,,,,,
,,,2.2435897435897436,350,0.655091404914856,0.6714801444043321,152.045,,,,
0.6753,1.4779584407806396,0.0017058823529411764,2.564102564102564,400,,,,,,,
,,,2.564102564102564,400,0.6451753377914429,0.6642599277978339,173.7621,,,,
0.7193,1.642548680305481,0.0016323529411764706,2.8846153846153846,450,,,,,,,
,,,2.8846153846153846,450,0.6366420984268188,0.6859205776173285,195.6979,,,,
0.6505,2.6304426193237305,0.0015588235294117648,3.2051282051282053,500,,,,,,,
,,,3.2051282051282053,500,0.6413282752037048,0.6606498194945848,217.4517,,,,
0.602,2.5461795330047607,0.0014852941176470588,3.5256410256410255,550,,,,,,,
,,,3.5256410256410255,550,0.5781596899032593,0.7111913357400722,239.4755,,,,
0.6103,2.5310537815093994,0.001411764705882353,3.8461538461538463,600,,,,,,,
,,,3.8461538461538463,600,0.638633668422699,0.6895306859205776,261.1285,,,,
0.5621,1.8482555150985718,0.001338235294117647,4.166666666666667,650,,,,,,,
,,,4.166666666666667,650,0.5458986759185791,0.7256317689530686,283.2937,,,,
0.5525,1.1462478637695312,0.0012647058823529412,4.487179487179487,700,,,,,,,
,,,4.487179487179487,700,0.5504644513130188,0.7436823104693141,304.8576,,,,
0.5632,2.4373745918273926,0.0011911764705882352,4.8076923076923075,750,,,,,,,
,,,4.8076923076923075,750,0.5387116074562073,0.7472924187725631,326.2678,,,,
0.5184,2.230451822280884,0.0011176470588235294,5.128205128205128,800,,,,,,,
,,,5.128205128205128,800,0.5079649686813354,0.7545126353790613,347.8746,,,,
0.525,1.2108486890792847,0.0010441176470588236,5.448717948717949,850,,,,,,,
,,,5.448717948717949,850,0.5494887232780457,0.7328519855595668,370.097,,,,
0.47,2.1362547874450684,0.0009705882352941176,5.769230769230769,900,,,,,,,
,,,5.769230769230769,900,0.5810222029685974,0.7292418772563177,391.8023,,,,
0.5427,1.2723593711853027,0.0008970588235294118,6.089743589743589,950,,,,,,,
,,,6.089743589743589,950,0.5692088007926941,0.7220216606498195,413.2251,,,,
0.4431,1.9739117622375488,0.0008235294117647058,6.410256410256411,1000,,,,,,,
,,,6.410256410256411,1000,0.5468101501464844,0.7292418772563177,434.8471,,,,
0.442,5.505770206451416,0.00075,6.730769230769231,1050,,,,,,,
,,,6.730769230769231,1050,0.529254138469696,0.7545126353790613,457.4026,,,,
0.4262,1.0652211904525757,0.0006764705882352942,7.051282051282051,1100,,,,,,,
,,,7.051282051282051,1100,0.5607316493988037,0.7545126353790613,479.5997,,,,
0.3879,6.504368782043457,0.0006029411764705882,7.371794871794872,1150,,,,,,,
,,,7.371794871794872,1150,0.5620449781417847,0.7689530685920578,501.8706,,,,
0.4151,4.133941650390625,0.0005294117647058824,7.6923076923076925,1200,,,,,,,
,,,7.6923076923076925,1200,0.6377426981925964,0.7328519855595668,523.012,,,,
0.4528,1.4765874147415161,0.00045588235294117646,8.012820512820513,1250,,,,,,,
,,,8.012820512820513,1250,0.5089830756187439,0.7689530685920578,544.8992,,,,
0.4013,3.0499656200408936,0.00038235294117647055,8.333333333333334,1300,,,,,,,
,,,8.333333333333334,1300,0.5958647727966309,0.7472924187725631,566.3644,,,,
0.3603,2.4819233417510986,0.0003088235294117647,8.653846153846153,1350,,,,,,,
,,,8.653846153846153,1350,0.5481333136558533,0.7906137184115524,587.845,,,,
0.3227,3.203138589859009,0.00023529411764705883,8.974358974358974,1400,,,,,,,
,,,8.974358974358974,1400,0.595725953578949,0.7472924187725631,609.1775,,,,
0.293,3.167801856994629,0.00016176470588235295,9.294871794871796,1450,,,,,,,
,,,9.294871794871796,1450,0.6068008542060852,0.7617328519855595,630.5731,,,,
0.2667,6.152550220489502,8.823529411764706e-05,9.615384615384615,1500,,,,,,,
,,,9.615384615384615,1500,0.6349153518676758,0.7617328519855595,652.4144,,,,
0.3562,4.764167308807373,1.4705882352941177e-05,9.935897435897436,1550,,,,,,,
,,,9.935897435897436,1550,0.6011470556259155,0.776173285198556,674.8003,,,,
,,,10.0,1560,,,678.1038,36.72,2.301,2123099369769600.0,0.5673078356645046
