loss,grad_norm,learning_rate,epoch,step,eval_loss,eval_accuracy,eval_f1,train_runtime,train_samples_per_second,train_steps_per_second,total_flos,train_loss
1.0935,3.448720693588257,1e-05,0.0625,1,,,,,,,,
0.9832,3.952967643737793,0.0001,0.625,10,,,,,,,,
,,,0.625,10,0.8701146245002747,0.6964285714285714,0.4872881355932203,6.2,,,,
0.8547,5.724592685699463,0.0002,1.25,20,,,,,,,,
,,,1.25,20,0.7976545095443726,0.6428571428571429,0.4312169312169312,12.2044,,,,
0.8832,6.87520170211792,0.0003,1.875,30,,,,,,,,
,,,1.875,30,0.9368762373924255,0.5357142857142857,0.31417624521072796,18.0213,,,,
0.9255,1.7912081480026245,0.0004,2.5,40,,,,,,,,
,,,2.5,40,0.9806886911392212,0.4642857142857143,0.279006279006279,23.7229,,,,
0.8083,14.91244888305664,0.0005,3.125,50,,,,,,,,
,,,3.125,50,0.9869195222854614,0.5,0.2222222222222222,29.4961,,,,
0.9611,1.4265782833099365,0.00048148148148148144,3.75,60,,,,,,,,
,,,3.75,60,0.9878195524215698,0.5,0.2222222222222222,35.4292,,,,
0.9714,1.102828025817871,0.000462962962962963,4.375,70,,,,,,,,
,,,4.375,70,0.931313157081604,0.5,0.2222222222222222,40.9943,,,,
0.8938,1.4417340755462646,0.0004444444444444444,5.0,80,,,,,,,,
,,,5.0,80,1.0395504236221313,0.4107142857142857,0.1940928270042194,46.7996,,,,
0.8951,1.3328542709350586,0.00042592592592592595,5.625,90,,,,,,,,
,,,5.625,90,1.0018280744552612,0.4107142857142857,0.1940928270042194,53.0808,,,,
1.0322,1.4810569286346436,0.0004074074074074074,6.25,100,,,,,,,,
,,,6.25,100,0.9489912986755371,0.5,0.2222222222222222,58.7067,,,,
0.892,0.9739652872085571,0.0003888888888888889,6.875,110,,,,,,,,
,,,6.875,110,0.9800921082496643,0.4107142857142857,0.1940928270042194,64.4358,,,,
0.9903,2.694761276245117,0.00037037037037037035,7.5,120,,,,,,,,
,,,7.5,120,0.9553655982017517,0.5,0.2222222222222222,69.7374,,,,
0.8863,0.6956592798233032,0.0003518518518518519,8.125,130,,,,,,,,
,,,8.125,130,0.9409313201904297,0.5,0.2222222222222222,75.7957,,,,
0.9003,3.5306832790374756,0.0003333333333333333,8.75,140,,,,,,,,
,,,8.75,140,0.9870538711547852,0.4107142857142857,0.1940928270042194,82.178,,,,
0.9567,2.414423942565918,0.0003148148148148148,9.375,150,,,,,,,,
,,,9.375,150,0.9505401849746704,0.5,0.2222222222222222,88.0264,,,,
0.8851,2.1951358318328857,0.0002962962962962963,10.0,160,,,,,,,,
,,,10.0,160,0.9310965538024902,0.5,0.2222222222222222,93.7981,,,,
0.8402,0.7845495939254761,0.0002777777777777778,10.625,170,,,,,,,,
,,,10.625,170,0.9600750207901001,0.4107142857142857,0.1940928270042194,100.0989,,,,
1.0058,1.3814878463745117,0.00025925925925925926,11.25,180,,,,,,,,
,,,11.25,180,0.9296311736106873,0.5,0.2222222222222222,105.7998,,,,
0.8738,0.85770583152771,0.00024074074074074072,11.875,190,,,,,,,,
,,,11.875,190,0.9391268491744995,0.4107142857142857,0.1940928270042194,112.0622,,,,
0.9015,4.789527416229248,0.0002222222222222222,12.5,200,,,,,,,,
,,,12.5,200,0.9589377641677856,0.4107142857142857,0.1940928270042194,117.6785,,,,
0.8789,1.085207462310791,0.0002037037037037037,13.125,210,,,,,,,,
,,,13.125,210,0.9456685781478882,0.4107142857142857,0.1940928270042194,123.3735,,,,
0.9142,2.3327860832214355,0.00018518518518518518,13.75,220,,,,,,,,
,,,13.75,220,0.9584630131721497,0.4107142857142857,0.1940928270042194,129.7168,,,,
0.8936,1.4930616617202759,0.00016666666666666666,14.375,230,,,,,,,,
,,,14.375,230,0.9368799328804016,0.5,0.2222222222222222,135.8888,,,,
0.9695,1.5136234760284424,0.00014814814814814815,15.0,240,,,,,,,,
,,,15.0,240,0.9384760856628418,0.4107142857142857,0.1940928270042194,141.5114,,,,
0.891,1.509345293045044,0.00012962962962962963,15.625,250,,,,,,,,
,,,15.625,250,0.9471074342727661,0.4107142857142857,0.1940928270042194,147.3918,,,,
0.8945,0.8593851327896118,0.0001111111111111111,16.25,260,,,,,,,,
,,,16.25,260,0.9351762533187866,0.5,0.2222222222222222,153.4168,,,,
0.8625,2.7931125164031982,9.259259259259259e-05,16.875,270,,,,,,,,
,,,16.875,270,0.9388569593429565,0.5,0.2222222222222222,159.3857,,,,
0.9452,1.368756890296936,7.407407407407407e-05,17.5,280,,,,,,,,
,,,17.5,280,0.9380501508712769,0.4107142857142857,0.1940928270042194,165.5493,,,,
0.8633,1.9015238285064697,5.555555555555555e-05,18.125,290,,,,,,,,
,,,18.125,290,0.9363524317741394,0.4107142857142857,0.1940928270042194,171.3162,,,,
0.9101,0.9428596496582031,3.7037037037037037e-05,18.75,300,,,,,,,,
,,,18.75,300,0.9371795058250427,0.4107142857142857,0.1940928270042194,177.577,,,,
0.9215,1.39436936378479,1.8518518518518518e-05,19.375,310,,,,,,,,
,,,19.375,310,0.9332531690597534,0.5,0.2222222222222222,182.9476,,,,
0.8804,3.874955892562866,0.0,20.0,320,,,,,,,,
,,,20.0,320,0.9333605766296387,0.5,0.2222222222222222,188.9632,,,,
,,,20.0,320,,,,188.5211,26.522,1.697,446840583950880.0,0.9117510732263326
