loss,grad_norm,learning_rate,epoch,step,eval_loss,eval_accuracy,eval_f1,train_runtime,train_samples_per_second,train_steps_per_second,total_flos,train_loss
0.6801,0.5721696019172668,2.5e-06,0.0,1,,,,,,,,
0.7129,0.8125827312469482,6.25e-05,0.11,25,,,,,,,,
,,,0.11,25,0.6577920913696289,0.6838235294117647,0.8122270742358079,5.8307,,,,
0.6628,1.4739058017730713,0.000125,0.22,50,,,,,,,,
,,,0.22,50,0.6243793964385986,0.6838235294117647,0.8122270742358079,11.2025,,,,
0.6382,2.627502679824829,0.0001875,0.33,75,,,,,,,,
,,,0.33,75,0.6210986375808716,0.6838235294117647,0.8122270742358079,16.6809,,,,
0.6386,0.6488299369812012,0.00025,0.43,100,,,,,,,,
,,,0.43,100,0.6128587126731873,0.6838235294117647,0.8122270742358079,22.3088,,,,
0.5958,0.7806826233863831,0.0003125,0.54,125,,,,,,,,
,,,0.54,125,0.5843722224235535,0.6985294117647058,0.8183161004431315,27.8043,,,,
0.5543,4.9589972496032715,0.000375,0.65,150,,,,,,,,
,,,0.65,150,0.48559799790382385,0.7598039215686274,0.8388157894736842,33.4026,,,,
0.5591,3.924882173538208,0.0004375,0.76,175,,,,,,,,
,,,0.76,175,0.47473689913749695,0.7990196078431373,0.8595890410958904,39.0311,,,,
0.5025,1.1410876512527466,0.0005,0.87,200,,,,,,,,
,,,0.87,200,0.5524893999099731,0.7941176470588235,0.862295081967213,44.5728,,,,
0.5165,2.3982415199279785,0.0004940476190476191,0.98,225,,,,,,,,
,,,0.98,225,0.45376017689704895,0.8137254901960784,0.8538461538461537,50.004,,,,
0.4857,1.1251872777938843,0.0004880952380952381,1.09,250,,,,,,,,
,,,1.09,250,0.39225566387176514,0.8308823529411765,0.8791593695271455,55.2609,,,,
0.4679,1.1592116355895996,0.00048214285714285715,1.2,275,,,,,,,,
,,,1.2,275,0.4093736410140991,0.8088235294117647,0.8712871287128714,60.6431,,,,
0.4533,7.748621463775635,0.0004761904761904762,1.3,300,,,,,,,,
,,,1.3,300,0.4014110863208771,0.8235294117647058,0.8771331058020477,66.0949,,,,
0.4227,4.151124954223633,0.00047023809523809523,1.41,325,,,,,,,,
,,,1.41,325,0.5910549163818359,0.6887254901960784,0.7093821510297482,71.4673,,,,
0.5031,2.891528844833374,0.00046428571428571433,1.52,350,,,,,,,,
,,,1.52,350,0.38166525959968567,0.8357843137254902,0.88141592920354,76.8443,,,,
0.4139,1.8583203554153442,0.0004583333333333333,1.63,375,,,,,,,,
,,,1.63,375,0.34367677569389343,0.8480392156862745,0.8884892086330936,82.1939,,,,
0.3191,3.010439872741699,0.00045238095238095237,1.74,400,,,,,,,,
,,,1.74,400,0.45292624831199646,0.8480392156862745,0.8916083916083916,87.554,,,,
0.476,2.4374406337738037,0.00044642857142857147,1.85,425,,,,,,,,
,,,1.85,425,0.3559474050998688,0.8455882352941176,0.8911917098445595,93.0487,,,,
0.4081,1.269230604171753,0.00044047619047619046,1.96,450,,,,,,,,
,,,1.96,450,0.34645357728004456,0.8578431372549019,0.8978873239436619,98.5684,,,,
0.3711,1.665738582611084,0.00043452380952380956,2.07,475,,,,,,,,
,,,2.07,475,0.44060081243515015,0.8333333333333334,0.8874172185430463,103.8573,,,,
0.3713,0.7948269248008728,0.00042857142857142855,2.17,500,,,,,,,,
,,,2.17,500,0.3378961980342865,0.8455882352941176,0.8822429906542055,109.2881,,,,
0.3696,2.5700838565826416,0.00042261904761904765,2.28,525,,,,,,,,
,,,2.28,525,0.3358410894870758,0.8529411764705882,0.8897058823529411,115.3571,,,,
0.3203,1.6635749340057373,0.0004166666666666667,2.39,550,,,,,,,,
,,,2.39,550,0.34331756830215454,0.8627450980392157,0.8981818181818181,120.761,,,,
0.376,1.737710952758789,0.0004107142857142857,2.5,575,,,,,,,,
,,,2.5,575,0.3527880609035492,0.8455882352941176,0.8934010152284263,126.2657,,,,
0.3309,1.2837368249893188,0.0004047619047619048,2.61,600,,,,,,,,
,,,2.61,600,0.3621939718723297,0.8480392156862745,0.8916083916083916,131.7027,,,,
0.3126,2.0257506370544434,0.00039880952380952383,2.72,625,,,,,,,,
,,,2.72,625,0.45494136214256287,0.8406862745098039,0.8932676518883416,137.211,,,,
0.4397,3.457939863204956,0.0003928571428571429,2.83,650,,,,,,,,
,,,2.83,650,0.3617297112941742,0.8504901960784313,0.8981636060100167,142.749,,,,
0.3191,2.326167583465576,0.0003869047619047619,2.93,675,,,,,,,,
,,,2.93,675,0.3535940945148468,0.8480392156862745,0.8912280701754387,148.2307,,,,
0.3155,3.494967222213745,0.00038095238095238096,3.04,700,,,,,,,,
,,,3.04,700,0.40109381079673767,0.8553921568627451,0.8991452991452993,153.5533,,,,
0.3575,2.3142921924591064,0.000375,3.15,725,,,,,,,,
,,,3.15,725,0.37401434779167175,0.8357843137254902,0.8866328257191202,158.9976,,,,
0.3003,2.1500566005706787,0.00036904761904761905,3.26,750,,,,,,,,
,,,3.26,750,0.3771854043006897,0.8553921568627451,0.8991452991452993,164.5382,,,,
0.2406,3.380779266357422,0.0003630952380952381,3.37,775,,,,,,,,
,,,3.37,775,0.3553025424480438,0.8627450980392157,0.9,169.865,,,,
0.3062,3.9722299575805664,0.00035714285714285714,3.48,800,,,,,,,,
,,,3.48,800,0.3758980929851532,0.8602941176470589,0.902229845626072,175.3233,,,,
0.3339,2.3482630252838135,0.0003511904761904762,3.59,825,,,,,,,,
,,,3.59,825,0.29755300283432007,0.8676470588235294,0.9045936395759717,180.7616,,,,
0.304,1.8636353015899658,0.00034523809523809523,3.7,850,,,,,,,,
,,,3.7,850,0.31776389479637146,0.8602941176470589,0.8987566607460036,186.3208,,,,
0.2921,5.369688510894775,0.00033928571428571433,3.8,875,,,,,,,,
,,,3.8,875,0.34031790494918823,0.8602941176470589,0.8969258589511754,191.7565,,,,
0.3077,3.9645862579345703,0.0003333333333333333,3.91,900,,,,,,,,
,,,3.91,900,0.3437373638153076,0.8627450980392157,0.9037800687285222,197.2398,,,,
0.3274,2.7313528060913086,0.00032738095238095237,4.02,925,,,,,,,,
,,,4.02,925,0.3245827853679657,0.8651960784313726,0.9016100178890876,202.5975,,,,
0.2227,0.5681423544883728,0.00032142857142857147,4.13,950,,,,,,,,
,,,4.13,950,0.3414395749568939,0.8529411764705882,0.8958333333333334,208.0527,,,,
0.2765,2.294764280319214,0.00031547619047619046,4.24,975,,,,,,,,
,,,4.24,975,0.37653088569641113,0.8578431372549019,0.8999999999999999,213.4619,,,,
0.3157,1.821204662322998,0.00030952380952380956,4.35,1000,,,,,,,,
,,,4.35,1000,0.3440231680870056,0.8553921568627451,0.8970331588132635,218.8405,,,,
0.297,2.2056796550750732,0.00030357142857142855,4.46,1025,,,,,,,,
,,,4.46,1025,0.3109346628189087,0.8627450980392157,0.8989169675090252,225.1349,,,,
0.2459,2.2878060340881348,0.00029761904761904765,4.57,1050,,,,,,,,
,,,4.57,1050,0.352750688791275,0.8578431372549019,0.8964285714285715,230.5932,,,,
0.2267,0.8996612429618835,0.0002916666666666667,4.67,1075,,,,,,,,
,,,4.67,1075,0.36514267325401306,0.8700980392156863,0.9045045045045046,236.0682,,,,
0.208,3.2518789768218994,0.0002857142857142857,4.78,1100,,,,,,,,
,,,4.78,1100,0.3999238610267639,0.875,0.9094138543516875,241.5036,,,,
0.2671,1.2407160997390747,0.0002797619047619048,4.89,1125,,,,,,,,
,,,4.89,1125,0.33501380681991577,0.8676470588235294,0.9055944055944055,247.025,,,,
0.2335,0.03991299495100975,0.0002738095238095238,5.0,1150,,,,,,,,
,,,5.0,1150,0.3835289776325226,0.8651960784313726,0.9040139616055847,252.4811,,,,
0.2149,0.5258216857910156,0.00026785714285714287,5.11,1175,,,,,,,,
,,,5.11,1175,0.3539462089538574,0.8602941176470589,0.9001751313485115,257.8663,,,,
0.2376,2.539151430130005,0.0002619047619047619,5.22,1200,,,,,,,,
,,,5.22,1200,0.4066464900970459,0.8725490196078431,0.9118644067796611,263.3665,,,,
0.2007,1.3612393140792847,0.00025595238095238096,5.33,1225,,,,,,,,
,,,5.33,1225,0.3679238557815552,0.8774509803921569,0.911032028469751,268.8193,,,,
0.2456,3.693392038345337,0.00025,5.43,1250,,,,,,,,
,,,5.43,1250,0.38063064217567444,0.8725490196078431,0.9068100358422939,274.2405,,,,
0.2303,4.303504943847656,0.00024404761904761905,5.54,1275,,,,,,,,
,,,5.54,1275,0.3638922870159149,0.8627450980392157,0.8966789667896681,279.6398,,,,
0.1868,2.5194175243377686,0.0002380952380952381,5.65,1300,,,,,,,,
,,,5.65,1300,0.34933897852897644,0.8774509803921569,0.9107142857142857,285.1649,,,,
0.1977,0.3289602994918823,0.00023214285714285717,5.76,1325,,,,,,,,
,,,5.76,1325,0.3606095314025879,0.8700980392156863,0.9051878354203935,290.6882,,,,
0.2579,2.6793205738067627,0.00022619047619047618,5.87,1350,,,,,,,,
,,,5.87,1350,0.345333069562912,0.8651960784313726,0.8998178506375228,296.2534,,,,
0.2395,1.4035530090332031,0.00022023809523809523,5.98,1375,,,,,,,,
,,,5.98,1375,0.3259231448173523,0.8848039215686274,0.91651865008881,301.7934,,,,
0.1495,4.318929672241211,0.00021428571428571427,6.09,1400,,,,,,,,
,,,6.09,1400,0.539057731628418,0.8578431372549019,0.9033333333333333,307.2137,,,,
0.2281,1.3180314302444458,0.00020833333333333335,6.2,1425,,,,,,,,
,,,6.2,1425,0.3741726577281952,0.8627450980392157,0.9020979020979022,312.8291,,,,
0.1918,1.910954236984253,0.0002023809523809524,6.3,1450,,,,,,,,
,,,6.3,1450,0.3944554030895233,0.8725490196078431,0.9033457249070632,318.1936,,,,
0.2238,2.4280030727386475,0.00019642857142857144,6.41,1475,,,,,,,,
,,,6.41,1475,0.40852418541908264,0.8700980392156863,0.909710391822828,323.6311,,,,
0.2482,0.8747404217720032,0.00019047619047619048,6.52,1500,,,,,,,,
,,,6.52,1500,0.36239445209503174,0.8700980392156863,0.9075043630017452,329.0425,,,,
0.1487,2.7831857204437256,0.00018452380952380953,6.63,1525,,,,,,,,
,,,6.63,1525,0.403975248336792,0.8700980392156863,0.9051878354203935,335.243,,,,
0.1984,0.7265021800994873,0.00017857142857142857,6.74,1550,,,,,,,,
,,,6.74,1550,0.4320947527885437,0.8676470588235294,0.9035714285714286,340.6444,,,,
0.1731,2.5216681957244873,0.00017261904761904762,6.85,1575,,,,,,,,
,,,6.85,1575,0.4515000283718109,0.8676470588235294,0.9052631578947367,346.1235,,,,
0.1961,1.253095030784607,0.00016666666666666666,6.96,1600,,,,,,,,
,,,6.96,1600,0.4317723214626312,0.8823529411764706,0.9151943462897526,351.6226,,,,
0.1586,2.8835060596466064,0.00016071428571428573,7.07,1625,,,,,,,,
,,,7.07,1625,0.4543274939060211,0.8725490196078431,0.9054545454545455,357.0384,,,,
0.2071,3.057884693145752,0.00015476190476190478,7.17,1650,,,,,,,,
,,,7.17,1650,0.41562142968177795,0.8848039215686274,0.9162210338680927,362.4657,,,,
0.1544,0.9840065240859985,0.00014880952380952382,7.28,1675,,,,,,,,
,,,7.28,1675,0.4333438575267792,0.8799019607843137,0.915951972555746,367.9535,,,,
0.191,2.4569146633148193,0.00014285714285714284,7.39,1700,,,,,,,,
,,,7.39,1700,0.4142191410064697,0.8725490196078431,0.9097222222222222,373.4843,,,,
0.1623,1.6592867374420166,0.0001369047619047619,7.5,1725,,,,,,,,
,,,7.5,1725,0.4254128932952881,0.8725490196078431,0.9047619047619048,379.0529,,,,
0.18,1.9285364151000977,0.00013095238095238096,7.61,1750,,,,,,,,
,,,7.61,1750,0.3828338086605072,0.8774509803921569,0.9128919860627178,384.5049,,,,
0.2242,4.201676368713379,0.000125,7.72,1775,,,,,,,,
,,,7.72,1775,0.38650479912757874,0.875,0.9125214408233276,390.0402,,,,
0.1388,0.8489844799041748,0.00011904761904761905,7.83,1800,,,,,,,,
,,,7.83,1800,0.3799990117549896,0.8848039215686274,0.9168141592920355,395.4411,,,,
0.1609,1.1281781196594238,0.00011309523809523809,7.93,1825,,,,,,,,
,,,7.93,1825,0.37603703141212463,0.8700980392156863,0.9041591320072333,401.071,,,,
0.2119,2.234585762023926,0.00010714285714285714,8.04,1850,,,,,,,,
,,,8.04,1850,0.442886084318161,0.875,0.9134125636672327,406.4381,,,,
0.1342,1.5813169479370117,0.0001011904761904762,8.15,1875,,,,,,,,
,,,8.15,1875,0.40441837906837463,0.875,0.9081081081081082,411.8901,,,,
0.1168,0.10726763308048248,9.523809523809524e-05,8.26,1900,,,,,,,,
,,,8.26,1900,0.4485837519168854,0.8823529411764706,0.9151943462897526,417.4335,,,,
0.1463,0.32093867659568787,8.928571428571429e-05,8.37,1925,,,,,,,,
,,,8.37,1925,0.4483465254306793,0.875,0.9106830122591945,422.946,,,,
0.1578,3.323289155960083,8.333333333333333e-05,8.48,1950,,,,,,,,
,,,8.48,1950,0.44400227069854736,0.8774509803921569,0.9116607773851589,428.5522,,,,
0.1171,0.9027793407440186,7.738095238095239e-05,8.59,1975,,,,,,,,
,,,8.59,1975,0.4543212354183197,0.8725490196078431,0.9100346020761245,433.9382,,,,
0.1841,2.5907745361328125,7.142857142857142e-05,8.7,2000,,,,,,,,
,,,8.7,2000,0.4260309934616089,0.8774509803921569,0.912280701754386,439.4649,,,,
0.1486,2.647554636001587,6.547619047619048e-05,8.8,2025,,,,,,,,
,,,8.8,2025,0.4273000657558441,0.8823529411764706,0.9148936170212766,445.6072,,,,
0.1909,3.220473527908325,5.9523809523809524e-05,8.91,2050,,,,,,,,
,,,8.91,2050,0.4323927164077759,0.8872549019607843,0.9192982456140351,451.162,,,,
0.1935,1.0356963872909546,5.357142857142857e-05,9.02,2075,,,,,,,,
,,,9.02,2075,0.42647624015808105,0.8848039215686274,0.9173989455184535,456.4687,,,,
0.1206,1.8617522716522217,4.761904761904762e-05,9.13,2100,,,,,,,,
,,,9.13,2100,0.44398486614227295,0.875,0.9081081081081082,461.9273,,,,
0.1134,0.7548226714134216,4.1666666666666665e-05,9.24,2125,,,,,,,,
,,,9.24,2125,0.4586614668369293,0.8823529411764706,0.915492957746479,467.3342,,,,
0.1491,0.6736052632331848,3.571428571428571e-05,9.35,2150,,,,,,,,
,,,9.35,2150,0.46736714243888855,0.8872549019607843,0.9198606271777002,472.7736,,,,
0.1333,1.0416783094406128,2.9761904761904762e-05,9.46,2175,,,,,,,,
,,,9.46,2175,0.4505062401294708,0.8872549019607843,0.9195804195804195,478.271,,,,
0.1178,3.705392837524414,2.380952380952381e-05,9.57,2200,,,,,,,,
,,,9.57,2200,0.4595266580581665,0.8848039215686274,0.9182608695652175,483.7287,,,,
0.1623,1.9071794748306274,1.7857142857142855e-05,9.67,2225,,,,,,,,
,,,9.67,2225,0.4523889124393463,0.8848039215686274,0.9176882661996497,489.2251,,,,
0.138,0.46316641569137573,1.1904761904761905e-05,9.78,2250,,,,,,,,
,,,9.78,2250,0.4590797424316406,0.8848039215686274,0.9182608695652175,494.6747,,,,
0.1535,1.418623447418213,5.9523809523809525e-06,9.89,2275,,,,,,,,
,,,9.89,2275,0.45721960067749023,0.8848039215686274,0.9182608695652175,500.2545,,,,
0.1338,0.06777171045541763,0.0,10.0,2300,,,,,,,,
,,,10.0,2300,0.45577695965766907,0.8848039215686274,0.9182608695652175,505.6593,,,,
,,,10.0,2300,,,,505.2927,72.592,4.552,1470901495715232.0,0.28355087500551474
