loss,grad_norm,learning_rate,epoch,step,eval_loss,eval_accuracy,eval_f1,train_runtime,train_samples_per_second,train_steps_per_second,total_flos,train_loss
0.6859,0.7387585639953613,2.5e-05,0.004347826086956522,1,,,,,,,,
0.6812,1.4287166595458984,0.000625,0.10869565217391304,25,,,,,,,,
,,,0.10869565217391304,25,0.6578532457351685,0.6838235294117647,0.8122270742358079,5.7051,,,,
0.7433,1.7839552164077759,0.00125,0.21739130434782608,50,,,,,,,,
,,,0.21739130434782608,50,0.6152682304382324,0.6838235294117647,0.8122270742358079,10.8316,,,,
0.6864,1.0992112159729004,0.001875,0.32608695652173914,75,,,,,,,,
,,,0.32608695652173914,75,0.6097422242164612,0.6936274509803921,0.8169838945827232,16.2072,,,,
0.6068,1.0369787216186523,0.0025,0.43478260869565216,100,,,,,,,,
,,,0.43478260869565216,100,0.5709692239761353,0.7083333333333334,0.8205128205128206,21.3844,,,,
0.576,2.751798391342163,0.003125,0.5434782608695652,125,,,,,,,,
,,,0.5434782608695652,125,0.7989129424095154,0.6911764705882353,0.8157894736842105,26.6951,,,,
0.6033,1.7789918184280396,0.00375,0.6521739130434783,150,,,,,,,,
,,,0.6521739130434783,150,0.6251150369644165,0.696078431372549,0.8160237388724035,31.9076,,,,
0.5791,1.8494844436645508,0.004375,0.7608695652173914,175,,,,,,,,
,,,0.7608695652173914,175,0.5539638996124268,0.7132352941176471,0.8245877061469266,37.3322,,,,
0.6655,0.9415199756622314,0.005,0.8695652173913043,200,,,,,,,,
,,,0.8695652173913043,200,0.8122286796569824,0.6985294117647058,0.8193832599118943,42.7196,,,,
0.569,2.630807399749756,0.0049404761904761904,0.9782608695652174,225,,,,,,,,
,,,0.9782608695652174,225,0.4252300560474396,0.8137254901960784,0.8657243816254417,48.0257,,,,
0.4752,1.170103907585144,0.004880952380952381,1.0869565217391304,250,,,,,,,,
,,,1.0869565217391304,250,0.4059542417526245,0.8112745098039216,0.8674698795180723,53.2208,,,,
0.5806,2.8272786140441895,0.004821428571428572,1.1956521739130435,275,,,,,,,,
,,,1.1956521739130435,275,0.42621204257011414,0.8014705882352942,0.8682926829268293,58.5326,,,,
0.5255,2.796428918838501,0.0047619047619047615,1.3043478260869565,300,,,,,,,,
,,,1.3043478260869565,300,0.5215150713920593,0.7549019607843137,0.8456790123456792,63.9217,,,,
0.5032,2.4580469131469727,0.004702380952380953,1.4130434782608696,325,,,,,,,,
,,,1.4130434782608696,325,0.3930075764656067,0.8308823529411765,0.8729281767955801,69.2996,,,,
0.4711,1.9249579906463623,0.004642857142857143,1.5217391304347827,350,,,,,,,,
,,,1.5217391304347827,350,0.46912240982055664,0.7843137254901961,0.8301158301158301,74.661,,,,
0.4741,1.5291714668273926,0.004583333333333333,1.6304347826086958,375,,,,,,,,
,,,1.6304347826086958,375,0.37305790185928345,0.8235294117647058,0.8754325259515572,80.0658,,,,
0.4215,1.273148775100708,0.004523809523809524,1.7391304347826086,400,,,,,,,,
,,,1.7391304347826086,400,0.35859259963035583,0.8406862745098039,0.8892674616695059,85.4494,,,,
0.5318,1.0545856952667236,0.004464285714285715,1.8478260869565217,425,,,,,,,,
,,,1.8478260869565217,425,0.6289594769477844,0.75,0.8445121951219512,90.9759,,,,
0.6444,4.170852184295654,0.004404761904761904,1.9565217391304348,450,,,,,,,,
,,,1.9565217391304348,450,0.5493550896644592,0.8063725490196079,0.8736,96.555,,,,
0.4276,1.544848918914795,0.004345238095238096,2.0652173913043477,475,,,,,,,,
,,,2.0652173913043477,475,0.7010512351989746,0.803921568627451,0.8722044728434506,101.8713,,,,
0.4552,0.9576125144958496,0.004285714285714286,2.1739130434782608,500,,,,,,,,
,,,2.1739130434782608,500,0.3969806134700775,0.8308823529411765,0.8844221105527639,107.5341,,,,
0.4966,2.4918642044067383,0.004226190476190476,2.282608695652174,525,,,,,,,,
,,,2.282608695652174,525,0.39430108666419983,0.8235294117647058,0.88,113.6072,,,,
0.4728,1.188569188117981,0.004166666666666667,2.391304347826087,550,,,,,,,,
,,,2.391304347826087,550,0.35566291213035583,0.8186274509803921,0.8683274021352313,119.2708,,,,
0.4143,4.091289520263672,0.004107142857142857,2.5,575,,,,,,,,
,,,2.5,575,0.7433290481567383,0.7426470588235294,0.8416289592760181,124.8108,,,,
0.3538,1.915619969367981,0.004047619047619048,2.608695652173913,600,,,,,,,,
,,,2.608695652173913,600,0.4887066185474396,0.8284313725490197,0.8852459016393442,130.3729,,,,
0.4056,0.6432509422302246,0.0039880952380952385,2.717391304347826,625,,,,,,,,
,,,2.717391304347826,625,0.3840794265270233,0.8455882352941176,0.8904347826086957,135.9879,,,,
0.5547,3.0807271003723145,0.003928571428571429,2.8260869565217392,650,,,,,,,,
,,,2.8260869565217392,650,0.416441947221756,0.803921568627451,0.8722044728434506,141.5467,,,,
0.404,4.156440258026123,0.003869047619047619,2.9347826086956523,675,,,,,,,,
,,,2.9347826086956523,675,0.5582006573677063,0.7867647058823529,0.8634222919937206,147.1731,,,,
0.4097,3.8843014240264893,0.0038095238095238095,3.0434782608695654,700,,,,,,,,
,,,3.0434782608695654,700,0.6039472222328186,0.8014705882352942,0.8708133971291866,152.4622,,,,
0.401,1.4505016803741455,0.00375,3.1521739130434785,725,,,,,,,,
,,,3.1521739130434785,725,0.416841983795166,0.8382352941176471,0.8862068965517241,158.0678,,,,
0.3437,2.945964813232422,0.0036904761904761906,3.260869565217391,750,,,,,,,,
,,,3.260869565217391,750,0.3853171169757843,0.8382352941176471,0.888135593220339,163.6136,,,,
0.2754,1.3289778232574463,0.003630952380952381,3.369565217391304,775,,,,,,,,
,,,3.369565217391304,775,0.5946326851844788,0.8112745098039216,0.8764044943820225,169.0903,,,,
0.3978,2.444132089614868,0.0035714285714285718,3.4782608695652173,800,,,,,,,,
,,,3.4782608695652173,800,0.40606406331062317,0.821078431372549,0.8801313628899835,174.624,,,,
0.3661,2.5528736114501953,0.0035119047619047617,3.5869565217391304,825,,,,,,,,
,,,3.5869565217391304,825,0.5605974197387695,0.8014705882352942,0.8708133971291866,180.2241,,,,
0.3893,2.2563891410827637,0.0034523809523809524,3.6956521739130435,850,,,,,,,,
,,,3.6956521739130435,850,0.6009199619293213,0.8112745098039216,0.8764044943820225,185.9252,,,,
0.3711,3.1141934394836426,0.003392857142857143,3.8043478260869565,875,,,,,,,,
,,,3.8043478260869565,875,0.4290796220302582,0.8259803921568627,0.8818635607321131,191.4927,,,,
0.3847,2.5769052505493164,0.003333333333333333,3.9130434782608696,900,,,,,,,,
,,,3.9130434782608696,900,0.4212897717952728,0.8357843137254902,0.8885191347753744,197.2489,,,,
0.371,1.306532382965088,0.003273809523809524,4.021739130434782,925,,,,,,,,
,,,4.021739130434782,925,0.36802253127098083,0.8480392156862745,0.8900709219858156,202.7726,,,,
0.3958,1.5547884702682495,0.0032142857142857147,4.130434782608695,950,,,,,,,,
,,,4.130434782608695,950,0.3697862923145294,0.8553921568627451,0.9008403361344538,208.5466,,,,
0.3355,2.8926892280578613,0.0031547619047619046,4.239130434782608,975,,,,,,,,
,,,4.239130434782608,975,0.4806569516658783,0.8455882352941176,0.8958677685950412,214.1803,,,,
0.3771,2.37391996383667,0.0030952380952380953,4.3478260869565215,1000,,,,,,,,
,,,4.3478260869565215,1000,0.412514865398407,0.8382352941176471,0.8888888888888888,219.8536,,,,
0.3247,2.224825382232666,0.0030357142857142857,4.456521739130435,1025,,,,,,,,
,,,4.456521739130435,1025,0.410457581281662,0.8406862745098039,0.888888888888889,226.2509,,,,
0.2854,1.7914724349975586,0.002976190476190476,4.565217391304348,1050,,,,,,,,
,,,4.565217391304348,1050,0.4523458182811737,0.8504901960784313,0.8927943760984183,231.9203,,,,
0.3586,0.347888708114624,0.002916666666666667,4.673913043478261,1075,,,,,,,,
,,,4.673913043478261,1075,0.38107648491859436,0.8357843137254902,0.8854700854700854,237.5931,,,,
0.3112,0.6906704306602478,0.002857142857142857,4.782608695652174,1100,,,,,,,,
,,,4.782608695652174,1100,0.5670535564422607,0.8284313725490197,0.8867313915857604,243.1934,,,,
0.4617,5.027968883514404,0.002797619047619048,4.891304347826087,1125,,,,,,,,
,,,4.891304347826087,1125,0.39024069905281067,0.8259803921568627,0.8662900188323917,248.8642,,,,
0.3129,0.10839065164327621,0.0027380952380952383,5.0,1150,,,,,,,,
,,,5.0,1150,0.4068867564201355,0.8504901960784313,0.8950086058519794,254.4528,,,,
0.2631,0.7443810701370239,0.0026785714285714286,5.108695652173913,1175,,,,,,,,
,,,5.108695652173913,1175,0.4113602638244629,0.8382352941176471,0.8804347826086956,260.0242,,,,
0.2668,0.7539260983467102,0.0026190476190476194,5.217391304347826,1200,,,,,,,,
,,,5.217391304347826,1200,0.4263647794723511,0.8480392156862745,0.8916083916083916,265.6739,,,,
0.3593,1.869814157485962,0.0025595238095238093,5.326086956521739,1225,,,,,,,,
,,,5.326086956521739,1225,0.5120476484298706,0.8284313725490197,0.8848684210526315,271.3169,,,,
0.3053,1.0187501907348633,0.0025,5.434782608695652,1250,,,,,,,,
,,,5.434782608695652,1250,0.41303005814552307,0.8382352941176471,0.8888888888888888,276.9476,,,,
0.2367,2.093409299850464,0.0024404761904761904,5.543478260869565,1275,,,,,,,,
,,,5.543478260869565,1275,0.42279157042503357,0.8529411764705882,0.896551724137931,282.5182,,,,
0.283,2.511624336242676,0.0023809523809523807,5.6521739130434785,1300,,,,,,,,
,,,5.6521739130434785,1300,0.37150028347969055,0.8504901960784313,0.8896925858951176,288.1901,,,,
0.2833,1.0432698726654053,0.0023214285714285715,5.760869565217392,1325,,,,,,,,
,,,5.760869565217392,1325,0.47466832399368286,0.8578431372549019,0.903010033444816,293.8955,,,,
0.3142,1.5457442998886108,0.002261904761904762,5.869565217391305,1350,,,,,,,,
,,,5.869565217391305,1350,0.4913136959075928,0.8382352941176471,0.8914473684210527,299.6883,,,,
0.3947,5.9826555252075195,0.002202380952380952,5.978260869565218,1375,,,,,,,,
,,,5.978260869565218,1375,0.7677763104438782,0.7843137254901961,0.8633540372670807,305.5312,,,,
0.2824,4.950525760650635,0.002142857142857143,6.086956521739131,1400,,,,,,,,
,,,6.086956521739131,1400,0.6889848113059998,0.8088235294117647,0.8753993610223643,311.2399,,,,
0.3163,1.816385269165039,0.0020833333333333333,6.195652173913044,1425,,,,,,,,
,,,6.195652173913044,1425,0.4979926347732544,0.8382352941176471,0.8910891089108912,317.238,,,,
0.3011,4.506317615509033,0.002023809523809524,6.304347826086957,1450,,,,,,,,
,,,6.304347826086957,1450,0.3591843545436859,0.8382352941176471,0.8808664259927798,322.8983,,,,
0.2439,0.6018064022064209,0.0019642857142857144,6.413043478260869,1475,,,,,,,,
,,,6.413043478260869,1475,0.39431941509246826,0.8602941176470589,0.902229845626072,328.6945,,,,
0.3656,1.3585506677627563,0.0019047619047619048,6.521739130434782,1500,,,,,,,,
,,,6.521739130434782,1500,0.346918523311615,0.8553921568627451,0.8955752212389381,334.3542,,,,
0.3105,2.775393009185791,0.0018452380952380953,6.630434782608695,1525,,,,,,,,
,,,6.630434782608695,1525,0.5700808167457581,0.8259803921568627,0.8845528455284551,340.8061,,,,
0.3287,0.5188148617744446,0.0017857142857142859,6.739130434782608,1550,,,,,,,,
,,,6.739130434782608,1550,0.37180817127227783,0.8529411764705882,0.8951048951048952,346.4185,,,,
0.2329,1.607900857925415,0.0017261904761904762,6.8478260869565215,1575,,,,,,,,
,,,6.8478260869565215,1575,0.502627968788147,0.8578431372549019,0.8999999999999999,352.1458,,,,
0.2917,0.649433970451355,0.0016666666666666666,6.956521739130435,1600,,,,,,,,
,,,6.956521739130435,1600,0.4382801055908203,0.8406862745098039,0.8925619834710743,357.8153,,,,
0.1998,1.9818826913833618,0.0016071428571428573,7.065217391304348,1625,,,,,,,,
,,,7.065217391304348,1625,0.5065307021141052,0.8480392156862745,0.89419795221843,363.3638,,,,
0.2569,1.9454866647720337,0.0015476190476190477,7.173913043478261,1650,,,,,,,,
,,,7.173913043478261,1650,0.4830515682697296,0.8651960784313726,0.9050086355785838,368.9727,,,,
0.2254,1.41144597530365,0.001488095238095238,7.282608695652174,1675,,,,,,,,
,,,7.282608695652174,1675,0.4824628531932831,0.8504901960784313,0.8981636060100167,374.5752,,,,
0.2574,1.5761748552322388,0.0014285714285714286,7.391304347826087,1700,,,,,,,,
,,,7.391304347826087,1700,0.4223497807979584,0.8529411764705882,0.8989898989898989,380.3857,,,,
0.1857,1.2046440839767456,0.0013690476190476191,7.5,1725,,,,,,,,
,,,7.5,1725,0.4155125617980957,0.8578431372549019,0.8975265017667844,386.1013,,,,
0.26,0.8287538290023804,0.0013095238095238097,7.608695652173913,1750,,,,,,,,
,,,7.608695652173913,1750,0.46652165055274963,0.8504901960784313,0.896434634974533,391.8743,,,,
0.3017,3.5426666736602783,0.00125,7.717391304347826,1775,,,,,,,,
,,,7.717391304347826,1775,0.48744717240333557,0.8235294117647058,0.8819672131147541,397.6116,,,,
0.2244,1.655997395515442,0.0011904761904761904,7.826086956521739,1800,,,,,,,,
,,,7.826086956521739,1800,0.5521368980407715,0.8333333333333334,0.8877887788778879,403.3579,,,,
0.2586,2.0179316997528076,0.001130952380952381,7.934782608695652,1825,,,,,,,,
,,,7.934782608695652,1825,0.41465622186660767,0.8504901960784313,0.8904847396768403,409.2809,,,,
0.3058,2.6956067085266113,0.0010714285714285715,8.043478260869565,1850,,,,,,,,
,,,8.043478260869565,1850,0.4143517315387726,0.8406862745098039,0.8900169204737733,414.9666,,,,
0.1896,0.47698795795440674,0.001011904761904762,8.152173913043478,1875,,,,,,,,
,,,8.152173913043478,1875,0.47795021533966064,0.8504901960784313,0.896434634974533,420.8226,,,,
0.1992,0.45102089643478394,0.0009523809523809524,8.26086956521739,1900,,,,,,,,
,,,8.26086956521739,1900,0.5664069652557373,0.8382352941176471,0.89,426.6351,,,,
0.2039,1.3736003637313843,0.0008928571428571429,8.369565217391305,1925,,,,,,,,
,,,8.369565217391305,1925,0.4618293046951294,0.8529411764705882,0.8976109215017065,432.5446,,,,
0.1954,2.1354339122772217,0.0008333333333333333,8.478260869565217,1950,,,,,,,,
,,,8.478260869565217,1950,0.5143641829490662,0.8406862745098039,0.8907563025210083,438.3694,,,,
0.2212,0.6496625542640686,0.0007738095238095238,8.58695652173913,1975,,,,,,,,
,,,8.58695652173913,1975,0.4903147220611572,0.8529411764705882,0.8979591836734693,444.11,,,,
0.2587,0.749469518661499,0.0007142857142857143,8.695652173913043,2000,,,,,,,,
,,,8.695652173913043,2000,0.4827706813812256,0.8455882352941176,0.8948247078464107,449.7877,,,,
0.1919,1.6439129114151,0.0006547619047619048,8.804347826086957,2025,,,,,,,,
,,,8.804347826086957,2025,0.4636576175689697,0.8455882352941176,0.8926746166950595,456.0793,,,,
0.2708,1.2539290189743042,0.0005952380952380952,8.91304347826087,2050,,,,,,,,
,,,8.91304347826087,2050,0.48475587368011475,0.8455882352941176,0.893760539629005,461.7583,,,,
0.23,0.4512072801589966,0.0005357142857142857,9.021739130434783,2075,,,,,,,,
,,,9.021739130434783,2075,0.43112364411354065,0.8480392156862745,0.8945578231292517,467.3078,,,,
0.1715,0.9240946173667908,0.0004761904761904762,9.130434782608695,2100,,,,,,,,
,,,9.130434782608695,2100,0.43122804164886475,0.8578431372549019,0.8993055555555555,472.9622,,,,
0.1743,2.7540361881256104,0.00041666666666666664,9.23913043478261,2125,,,,,,,,
,,,9.23913043478261,2125,0.5493552088737488,0.8357843137254902,0.8885191347753744,478.581,,,,
0.255,0.773726224899292,0.00035714285714285714,9.347826086956522,2150,,,,,,,,
,,,9.347826086956522,2150,0.4801993668079376,0.8480392156862745,0.8952702702702703,484.2954,,,,
0.1921,2.6434504985809326,0.0002976190476190476,9.456521739130435,2175,,,,,,,,
,,,9.456521739130435,2175,0.4687140882015228,0.8480392156862745,0.8952702702702703,489.9592,,,,
0.1993,1.0210143327713013,0.0002380952380952381,9.565217391304348,2200,,,,,,,,
,,,9.565217391304348,2200,0.4965803921222687,0.8504901960784313,0.8974789915966387,495.6942,,,,
0.2318,1.2833542823791504,0.00017857142857142857,9.673913043478262,2225,,,,,,,,
,,,9.673913043478262,2225,0.4826655685901642,0.8529411764705882,0.8989898989898989,501.3562,,,,
0.2281,0.3176478445529938,0.00011904761904761905,9.782608695652174,2250,,,,,,,,
,,,9.782608695652174,2250,0.46053963899612427,0.8578431372549019,0.9016949152542373,507.1207,,,,
0.225,0.9471569061279297,5.9523809523809524e-05,9.891304347826086,2275,,,,,,,,
,,,9.891304347826086,2275,0.45506420731544495,0.8529411764705882,0.8976109215017065,512.9479,,,,
0.1795,0.16611513495445251,0.0,10.0,2300,,,,,,,,
,,,10.0,2300,0.4562217891216278,0.8529411764705882,0.8976109215017065,518.6599,,,,
,,,10.0,2300,,,,518.1917,70.785,4.439,1451518284707232.0,0.3572614785121835
