loss,grad_norm,learning_rate,epoch,step,eval_loss,eval_accuracy,eval_f1,train_runtime,train_samples_per_second,train_steps_per_second,total_flos,train_loss
0.6801,0.5721650719642639,2.5e-06,0.0,1,,,,,,,,
0.7131,0.8201881051063538,6.25e-05,0.11,25,,,,,,,,
,,,0.11,25,0.6583199501037598,0.6838235294117647,0.8122270742358079,5.7432,,,,
0.6627,1.465040922164917,0.000125,0.22,50,,,,,,,,
,,,0.22,50,0.6245318055152893,0.6838235294117647,0.8122270742358079,11.0248,,,,
0.6374,2.5888450145721436,0.0001875,0.33,75,,,,,,,,
,,,0.33,75,0.6208949089050293,0.6838235294117647,0.8122270742358079,16.4325,,,,
0.6406,0.6423674821853638,0.00025,0.43,100,,,,,,,,
,,,0.43,100,0.6155571937561035,0.6838235294117647,0.8122270742358079,21.8373,,,,
0.6009,1.059375286102295,0.0003125,0.54,125,,,,,,,,
,,,0.54,125,0.6057185530662537,0.6838235294117647,0.8122270742358079,27.244,,,,
0.61,3.687520742416382,0.000375,0.65,150,,,,,,,,
,,,0.65,150,0.5405557155609131,0.7034313725490197,0.815267175572519,32.7222,,,,
0.6068,3.500812530517578,0.0004375,0.76,175,,,,,,,,
,,,0.76,175,0.5858414769172668,0.7671568627450981,0.8300536672629696,38.3015,,,,
0.5748,1.6477385759353638,0.0005,0.87,200,,,,,,,,
,,,0.87,200,0.5292177200317383,0.7083333333333334,0.8210526315789474,43.8813,,,,
0.5488,1.1209800243377686,0.0004940476190476191,0.98,225,,,,,,,,
,,,0.98,225,0.4687744975090027,0.7745098039215687,0.8430034129692833,49.38,,,,
0.4954,1.9909073114395142,0.0004880952380952381,1.09,250,,,,,,,,
,,,1.09,250,0.4652939736843109,0.7867647058823529,0.8589951377633711,54.7334,,,,
0.4838,1.1856693029403687,0.00048214285714285715,1.2,275,,,,,,,,
,,,1.2,275,0.4233438968658447,0.7990196078431373,0.8673139158576052,60.2302,,,,
0.4682,1.8437384366989136,0.0004761904761904762,1.3,300,,,,,,,,
,,,1.3,300,0.4668370485305786,0.803921568627451,0.8697068403908794,65.7542,,,,
0.4379,4.100678443908691,0.00047023809523809523,1.41,325,,,,,,,,
,,,1.41,325,0.5387536883354187,0.7107843137254902,0.7400881057268722,71.2264,,,,
0.5021,4.298121929168701,0.00046428571428571433,1.52,350,,,,,,,,
,,,1.52,350,0.3800472617149353,0.8308823529411765,0.8812392426850257,76.6807,,,,
0.4086,1.649838924407959,0.0004583333333333333,1.63,375,,,,,,,,
,,,1.63,375,0.3335099220275879,0.8431372549019608,0.8869257950530036,82.1002,,,,
0.3624,3.7856781482696533,0.00045238095238095237,1.74,400,,,,,,,,
,,,1.74,400,0.3786248564720154,0.8480392156862745,0.8900709219858156,87.5107,,,,
0.4675,3.8633694648742676,0.00044642857142857147,1.85,425,,,,,,,,
,,,1.85,425,0.343717098236084,0.8504901960784313,0.8896925858951176,93.0294,,,,
0.4308,1.1985164880752563,0.00044047619047619046,1.96,450,,,,,,,,
,,,1.96,450,0.345465749502182,0.8382352941176471,0.8773234200743494,98.5661,,,,
0.3744,2.8371026515960693,0.00043452380952380956,2.07,475,,,,,,,,
,,,2.07,475,0.3930099308490753,0.8333333333333334,0.8839590443686006,103.8975,,,,
0.3797,2.4849746227264404,0.00042857142857142855,2.17,500,,,,,,,,
,,,2.17,500,0.3439731299877167,0.8529411764705882,0.8928571428571429,109.3681,,,,
0.3669,2.1137986183166504,0.00042261904761904765,2.28,525,,,,,,,,
,,,2.28,525,0.320107102394104,0.8602941176470589,0.8957952468007313,115.427,,,,
0.3166,1.024418830871582,0.0004166666666666667,2.39,550,,,,,,,,
,,,2.39,550,0.3315354883670807,0.8627450980392157,0.8978102189781021,120.8336,,,,
0.3908,1.7299989461898804,0.0004107142857142857,2.5,575,,,,,,,,
,,,2.5,575,0.34268441796302795,0.8480392156862745,0.8938356164383561,126.3648,,,,
0.3314,3.355011224746704,0.0004047619047619048,2.61,600,,,,,,,,
,,,2.61,600,0.32066109776496887,0.8480392156862745,0.8864468864468864,131.8668,,,,
0.3407,1.3905824422836304,0.00039880952380952383,2.72,625,,,,,,,,
,,,2.72,625,0.33037739992141724,0.8602941176470589,0.902229845626072,137.45,,,,
0.3881,3.8676986694335938,0.0003928571428571429,2.83,650,,,,,,,,
,,,2.83,650,0.33427903056144714,0.8676470588235294,0.9081632653061223,143.014,,,,
0.332,2.742891311645508,0.0003869047619047619,2.93,675,,,,,,,,
,,,2.93,675,0.3395656645298004,0.8529411764705882,0.8951048951048952,148.5307,,,,
0.3092,3.3235177993774414,0.00038095238095238096,3.04,700,,,,,,,,
,,,3.04,700,0.3610553443431854,0.8627450980392157,0.903448275862069,153.8848,,,,
0.3261,2.121504783630371,0.000375,3.15,725,,,,,,,,
,,,3.15,725,0.41607359051704407,0.8431372549019608,0.8940397350993377,159.3747,,,,
0.3358,2.565109968185425,0.00036904761904761905,3.26,750,,,,,,,,
,,,3.26,750,0.3846330940723419,0.8553921568627451,0.9011725293132328,164.9557,,,,
0.2617,5.291718006134033,0.0003630952380952381,3.37,775,,,,,,,,
,,,3.37,775,0.3609599769115448,0.8627450980392157,0.9,170.3253,,,,
0.3081,3.2134878635406494,0.00035714285714285714,3.48,800,,,,,,,,
,,,3.48,800,0.3364037275314331,0.8578431372549019,0.896797153024911,175.8364,,,,
0.332,3.9431986808776855,0.0003511904761904762,3.59,825,,,,,,,,
,,,3.59,825,0.30001524090766907,0.8602941176470589,0.8983957219251337,181.3154,,,,
0.3408,1.5235059261322021,0.00034523809523809523,3.7,850,,,,,,,,
,,,3.7,850,0.29488077759742737,0.8553921568627451,0.8933092224231465,186.9173,,,,
0.2791,5.170740604400635,0.00033928571428571433,3.8,875,,,,,,,,
,,,3.8,875,0.3205479681491852,0.8602941176470589,0.8972972972972973,192.4409,,,,
0.3087,3.7536656856536865,0.0003333333333333333,3.91,900,,,,,,,,
,,,3.91,900,0.33674779534339905,0.8504901960784313,0.8960817717206134,197.9821,,,,
0.3097,4.304765701293945,0.00032738095238095237,4.02,925,,,,,,,,
,,,4.02,925,0.36158865690231323,0.8553921568627451,0.9001692047377327,203.3749,,,,
0.2396,1.4997107982635498,0.00032142857142857147,4.13,950,,,,,,,,
,,,4.13,950,0.33386582136154175,0.8480392156862745,0.8923611111111109,208.9009,,,,
0.3265,2.4041481018066406,0.00031547619047619046,4.24,975,,,,,,,,
,,,4.24,975,0.32920485734939575,0.8504901960784313,0.896434634974533,214.3619,,,,
0.2918,1.8664880990982056,0.00030952380952380956,4.35,1000,,,,,,,,
,,,4.35,1000,0.3312409222126007,0.8529411764705882,0.8961937716262977,219.7969,,,,
0.2975,2.7891111373901367,0.00030357142857142855,4.46,1025,,,,,,,,
,,,4.46,1025,0.3127424120903015,0.8676470588235294,0.9032258064516129,226.0859,,,,
0.2684,2.7468044757843018,0.00029761904761904765,4.57,1050,,,,,,,,
,,,4.57,1050,0.308938592672348,0.8725490196078431,0.9084507042253521,231.5986,,,,
0.2537,0.7091429829597473,0.0002916666666666667,4.67,1075,,,,,,,,
,,,4.67,1075,0.3623233139514923,0.8651960784313726,0.8990825688073394,237.149,,,,
0.2434,3.3470852375030518,0.0002857142857142857,4.78,1100,,,,,,,,
,,,4.78,1100,0.3307908773422241,0.8651960784313726,0.9005424954792043,242.6215,,,,
0.294,4.649567127227783,0.0002797619047619048,4.89,1125,,,,,,,,
,,,4.89,1125,0.29578232765197754,0.8823529411764706,0.9124087591240876,248.1576,,,,
0.2478,0.13361501693725586,0.0002738095238095238,5.0,1150,,,,,,,,
,,,5.0,1150,0.304216206073761,0.8823529411764706,0.9145907473309609,253.6499,,,,
0.2308,0.5272878408432007,0.00026785714285714287,5.11,1175,,,,,,,,
,,,5.11,1175,0.3388635218143463,0.875,0.9125214408233276,259.1016,,,,
0.2675,4.463584899902344,0.0002619047619047619,5.22,1200,,,,,,,,
,,,5.22,1200,0.34732306003570557,0.875,0.9131175468483815,264.6586,,,,
0.2431,1.2764358520507812,0.00025595238095238096,5.33,1225,,,,,,,,
,,,5.33,1225,0.3077676296234131,0.8676470588235294,0.9055944055944055,270.1954,,,,
0.2997,2.4338905811309814,0.00025,5.43,1250,,,,,,,,
,,,5.43,1250,0.3459510803222656,0.8553921568627451,0.8977469670710572,275.6847,,,,
0.2115,5.150101184844971,0.00024404761904761905,5.54,1275,,,,,,,,
,,,5.54,1275,0.35460618138313293,0.8676470588235294,0.9035714285714286,281.1844,,,,
0.2504,5.054561614990234,0.0002380952380952381,5.65,1300,,,,,,,,
,,,5.65,1300,0.3731757402420044,0.8651960784313726,0.9046793760831888,286.7893,,,,
0.2027,1.5632286071777344,0.00023214285714285717,5.76,1325,,,,,,,,
,,,5.76,1325,0.392963707447052,0.8651960784313726,0.9053356282271946,292.3691,,,,
0.2963,5.321678638458252,0.00022619047619047618,5.87,1350,,,,,,,,
,,,5.87,1350,0.33515432476997375,0.8700980392156863,0.9034608378870674,298.0459,,,,
0.2697,0.9114543199539185,0.00022023809523809523,5.98,1375,,,,,,,,
,,,5.98,1375,0.3201453387737274,0.8700980392156863,0.9048473967684021,303.6321,,,,
0.1739,6.803160190582275,0.00021428571428571427,6.09,1400,,,,,,,,
,,,6.09,1400,0.55409836769104,0.8382352941176471,0.8918032786885245,309.098,,,,
0.2311,1.1284035444259644,0.00020833333333333335,6.2,1425,,,,,,,,
,,,6.2,1425,0.35324451327323914,0.8725490196078431,0.9087719298245615,314.7505,,,,
0.2448,2.5894784927368164,0.0002023809523809524,6.3,1450,,,,,,,,
,,,6.3,1450,0.3463256061077118,0.8651960784313726,0.8975791433891992,320.1547,,,,
0.2471,2.1253535747528076,0.00019642857142857144,6.41,1475,,,,,,,,
,,,6.41,1475,0.3719336986541748,0.8627450980392157,0.9047619047619047,325.6454,,,,
0.2549,0.7347666025161743,0.00019047619047619048,6.52,1500,,,,,,,,
,,,6.52,1500,0.35496729612350464,0.8725490196078431,0.9071428571428571,331.086,,,,
0.1887,7.916714668273926,0.00018452380952380953,6.63,1525,,,,,,,,
,,,6.63,1525,0.3832162916660309,0.8725490196078431,0.907473309608541,337.3269,,,,
0.2417,1.343938946723938,0.00017857142857142857,6.74,1550,,,,,,,,
,,,6.74,1550,0.3582322299480438,0.8725490196078431,0.9064748201438848,342.7549,,,,
0.1998,2.142535448074341,0.00017261904761904762,6.85,1575,,,,,,,,
,,,6.85,1575,0.3735307455062866,0.8725490196078431,0.9084507042253521,348.2989,,,,
0.2347,0.9488493800163269,0.00016666666666666666,6.96,1600,,,,,,,,
,,,6.96,1600,0.35435476899147034,0.8725490196078431,0.9081272084805654,353.8341,,,,
0.1913,4.237812519073486,0.00016071428571428573,7.07,1625,,,,,,,,
,,,7.07,1625,0.39028045535087585,0.8676470588235294,0.9052631578947367,359.2909,,,,
0.2004,2.1236863136291504,0.00015476190476190478,7.17,1650,,,,,,,,
,,,7.17,1650,0.372577041387558,0.8725490196078431,0.9071428571428571,364.7388,,,,
0.1825,1.561362385749817,0.00014880952380952382,7.28,1675,,,,,,,,
,,,7.28,1675,0.43413200974464417,0.8651960784313726,0.9075630252100839,370.2851,,,,
0.2446,4.182129859924316,0.00014285714285714284,7.39,1700,,,,,,,,
,,,7.39,1700,0.35886117815971375,0.8799019607843137,0.9141856392294221,375.8444,,,,
0.1926,0.8552258014678955,0.0001369047619047619,7.5,1725,,,,,,,,
,,,7.5,1725,0.364668607711792,0.8676470588235294,0.9028776978417268,381.482,,,,
0.2125,3.013310194015503,0.00013095238095238096,7.61,1750,,,,,,,,
,,,7.61,1750,0.3543458878993988,0.8823529411764706,0.915492957746479,386.9999,,,,
0.2228,6.254138469696045,0.000125,7.72,1775,,,,,,,,
,,,7.72,1775,0.4002303183078766,0.8602941176470589,0.9032258064516129,392.565,,,,
0.2187,1.9691280126571655,0.00011904761904761905,7.83,1800,,,,,,,,
,,,7.83,1800,0.36122867465019226,0.8799019607843137,0.9135802469135803,398.0138,,,,
0.224,1.8473150730133057,0.00011309523809523809,7.93,1825,,,,,,,,
,,,7.93,1825,0.3463549017906189,0.8725490196078431,0.9081272084805654,403.712,,,,
0.2632,2.6609272956848145,0.00010714285714285714,8.04,1850,,,,,,,,
,,,8.04,1850,0.3649456799030304,0.8676470588235294,0.9055944055944055,409.1306,,,,
0.1699,1.2748081684112549,0.0001011904761904762,8.15,1875,,,,,,,,
,,,8.15,1875,0.3548131585121155,0.875,0.9097345132743363,414.6282,,,,
0.1437,0.08448543399572372,9.523809523809524e-05,8.26,1900,,,,,,,,
,,,8.26,1900,0.4073724150657654,0.8627450980392157,0.9027777777777778,420.2171,,,,
0.1922,2.112222909927368,8.928571428571429e-05,8.37,1925,,,,,,,,
,,,8.37,1925,0.3695162534713745,0.8725490196078431,0.9078014184397164,425.7696,,,,
0.1755,5.131320476531982,8.333333333333333e-05,8.48,1950,,,,,,,,
,,,8.48,1950,0.3825925588607788,0.8774509803921569,0.9119718309859154,431.417,,,,
0.1614,3.495494842529297,7.738095238095239e-05,8.59,1975,,,,,,,,
,,,8.59,1975,0.41983017325401306,0.8602941176470589,0.9025641025641027,436.833,,,,
0.1972,1.701535701751709,7.142857142857142e-05,8.7,2000,,,,,,,,
,,,8.7,2000,0.38100290298461914,0.8774509803921569,0.912280701754386,442.4016,,,,
0.1726,4.481836318969727,6.547619047619048e-05,8.8,2025,,,,,,,,
,,,8.8,2025,0.38888686895370483,0.8823529411764706,0.9151943462897526,448.4735,,,,
0.2485,5.412084102630615,5.9523809523809524e-05,8.91,2050,,,,,,,,
,,,8.91,2050,0.3742721676826477,0.8799019607843137,0.9135802469135803,454.0958,,,,
0.2349,1.0384469032287598,5.357142857142857e-05,9.02,2075,,,,,,,,
,,,9.02,2075,0.38051581382751465,0.8774509803921569,0.9128919860627178,459.4832,,,,
0.1332,2.1934449672698975,4.761904761904762e-05,9.13,2100,,,,,,,,
,,,9.13,2100,0.368461936712265,0.8676470588235294,0.9039145907473309,464.9952,,,,
0.1714,1.6338595151901245,4.1666666666666665e-05,9.24,2125,,,,,,,,
,,,9.24,2125,0.38607069849967957,0.8651960784313726,0.9023090586145649,470.4856,,,,
0.221,2.4483087062835693,3.571428571428571e-05,9.35,2150,,,,,,,,
,,,9.35,2150,0.3972117006778717,0.875,0.9109947643979057,475.9838,,,,
0.1559,1.3021918535232544,2.9761904761904762e-05,9.46,2175,,,,,,,,
,,,9.46,2175,0.39162060618400574,0.8799019607843137,0.913884007029877,481.5532,,,,
0.168,1.7173428535461426,2.380952380952381e-05,9.57,2200,,,,,,,,
,,,9.57,2200,0.40203389525413513,0.8774509803921569,0.9128919860627178,487.0249,,,,
0.1911,2.188019275665283,1.7857142857142855e-05,9.67,2225,,,,,,,,
,,,9.67,2225,0.3901497423648834,0.8725490196078431,0.9084507042253521,492.5924,,,,
0.1844,2.303105354309082,1.1904761904761905e-05,9.78,2250,,,,,,,,
,,,9.78,2250,0.39514073729515076,0.8774509803921569,0.912280701754386,498.102,,,,
0.1953,4.911161422729492,5.9523809523809525e-06,9.89,2275,,,,,,,,
,,,9.89,2275,0.39163246750831604,0.8774509803921569,0.912280701754386,503.7352,,,,
0.1773,11.810395240783691,0.0,10.0,2300,,,,,,,,
,,,10.0,2300,0.3900752067565918,0.875,0.9103690685413005,509.1669,,,,
,,,10.0,2300,,,,508.7853,72.093,4.521,1456015189661088.0,0.3062966442367305
