loss,grad_norm,learning_rate,epoch,step,eval_loss,eval_accuracy,eval_f1,train_runtime,train_samples_per_second,train_steps_per_second,total_flos,train_loss
1.1672,4.064709186553955,2.0000000000000002e-07,0.0625,1,,,,,,,,
1.1405,5.4551591873168945,2.0000000000000003e-06,0.625,10,,,,,,,,
,,,0.625,10,1.124426007270813,0.4107142857142857,0.1940928270042194,5.7943,,,,
1.1051,4.222972393035889,4.000000000000001e-06,1.25,20,,,,,,,,
,,,1.25,20,1.101364254951477,0.4107142857142857,0.1940928270042194,11.5135,,,,
1.0782,3.8596954345703125,6e-06,1.875,30,,,,,,,,
,,,1.875,30,1.0610557794570923,0.4107142857142857,0.1940928270042194,16.9935,,,,
1.0053,3.693495035171509,8.000000000000001e-06,2.5,40,,,,,,,,
,,,2.5,40,0.9849427938461304,0.4107142857142857,0.1940928270042194,22.4221,,,,
0.9224,5.612833499908447,1e-05,3.125,50,,,,,,,,
,,,3.125,50,0.865493893623352,0.6607142857142857,0.4612159329140461,27.9765,,,,
0.8202,4.326535701751709,1.2e-05,3.75,60,,,,,,,,
,,,3.75,60,0.7852445244789124,0.6785714285714286,0.47391812865497074,33.5926,,,,
0.6377,6.468917369842529,1.4e-05,4.375,70,,,,,,,,
,,,4.375,70,0.7836242318153381,0.6785714285714286,0.47391812865497074,38.975,,,,
0.5954,6.8010759353637695,1.6000000000000003e-05,5.0,80,,,,,,,,
,,,5.0,80,0.656590461730957,0.7321428571428571,0.5115440115440115,44.449,,,,
0.4284,8.362257957458496,1.8e-05,5.625,90,,,,,,,,
,,,5.625,90,0.6276654005050659,0.7678571428571429,0.5356725146198831,50.3785,,,,
0.3408,5.071072101593018,2e-05,6.25,100,,,,,,,,
,,,6.25,100,0.45939797163009644,0.7857142857142857,0.5478595478595479,55.7541,,,,
0.189,12.169044494628906,1.9090909090909094e-05,6.875,110,,,,,,,,
,,,6.875,110,0.42154461145401,0.8214285714285714,0.5735930735930737,61.1978,,,,
0.1767,20.96661949157715,1.8181818181818182e-05,7.5,120,,,,,,,,
,,,7.5,120,0.41180095076560974,0.8392857142857143,0.7608465608465608,66.2107,,,,
0.083,5.336038589477539,1.7272727272727274e-05,8.125,130,,,,,,,,
,,,8.125,130,0.3729245960712433,0.875,0.817838246409675,71.9395,,,,
0.0546,2.1021194458007812,1.6363636363636366e-05,8.75,140,,,,,,,,
,,,8.75,140,0.3789438307285309,0.8928571428571429,0.8148119625208573,77.9999,,,,
0.134,0.5786993503570557,1.5454545454545454e-05,9.375,150,,,,,,,,
,,,9.375,150,0.21233002841472626,0.9107142857142857,0.8800417972831767,83.4953,,,,
0.0231,0.24294006824493408,1.4545454545454546e-05,10.0,160,,,,,,,,
,,,10.0,160,0.20591595768928528,0.9464285714285714,0.9018648018648019,88.9874,,,,
0.0057,7.216963291168213,1.3636363636363637e-05,10.625,170,,,,,,,,
,,,10.625,170,0.2647237181663513,0.9285714285714286,0.9174283717679944,94.866,,,,
0.0524,1.005569338798523,1.2727272727272728e-05,11.25,180,,,,,,,,
,,,11.25,180,0.2508356273174286,0.9285714285714286,0.9036447708418333,100.3098,,,,
0.0032,0.05664355307817459,1.181818181818182e-05,11.875,190,,,,,,,,
,,,11.875,190,0.259910523891449,0.9464285714285714,0.9369401562797789,106.2072,,,,
0.0024,0.03229304030537605,1.0909090909090909e-05,12.5,200,,,,,,,,
,,,12.5,200,0.2861984074115753,0.9285714285714286,0.9236477807906379,111.5776,,,,
0.0021,0.027923906221985817,1e-05,13.125,210,,,,,,,,
,,,13.125,210,0.2512234151363373,0.9285714285714286,0.9236477807906379,117.0337,,,,
0.0019,0.0411272868514061,9.090909090909091e-06,13.75,220,,,,,,,,
,,,13.75,220,0.22801293432712555,0.9464285714285714,0.9369401562797789,123.0511,,,,
0.0017,0.05012458935379982,8.181818181818183e-06,14.375,230,,,,,,,,
,,,14.375,230,0.21616722643375397,0.9464285714285714,0.9369401562797789,128.9236,,,,
0.0018,0.1404833197593689,7.272727272727273e-06,15.0,240,,,,,,,,
,,,15.0,240,0.215292289853096,0.9464285714285714,0.9369401562797789,134.2875,,,,
0.0016,0.02047540806233883,6.363636363636364e-06,15.625,250,,,,,,,,
,,,15.625,250,0.21619272232055664,0.9464285714285714,0.9369401562797789,139.8161,,,,
0.0015,0.06089220941066742,5.4545454545454545e-06,16.25,260,,,,,,,,
,,,16.25,260,0.21878957748413086,0.9464285714285714,0.9369401562797789,145.5811,,,,
0.0014,0.059692393988370895,4.5454545454545455e-06,16.875,270,,,,,,,,
,,,16.875,270,0.21760977804660797,0.9464285714285714,0.9369401562797789,151.2509,,,,
0.0015,0.02718427963554859,3.6363636363636366e-06,17.5,280,,,,,,,,
,,,17.5,280,0.2145562320947647,0.9464285714285714,0.9369401562797789,157.184,,,,
0.0013,0.01851756125688553,2.7272727272727272e-06,18.125,290,,,,,,,,
,,,18.125,290,0.21475021541118622,0.9464285714285714,0.9369401562797789,162.639,,,,
0.0013,0.01759195886552334,1.8181818181818183e-06,18.75,300,,,,,,,,
,,,18.75,300,0.21510049700737,0.9464285714285714,0.9369401562797789,168.5396,,,,
0.0013,0.0341903381049633,9.090909090909091e-07,19.375,310,,,,,,,,
,,,19.375,310,0.21526677906513214,0.9464285714285714,0.9369401562797789,173.6497,,,,
0.0013,0.024153102189302444,0.0,20.0,320,,,,,,,,
,,,20.0,320,0.21534456312656403,0.9464285714285714,0.9369401562797789,179.4325,,,,
,,,20.0,320,,,,179.0603,27.924,1.787,446840583950880.0,0.27560860163357576
