loss,grad_norm,learning_rate,epoch,step,eval_loss,eval_accuracy,train_runtime,train_samples_per_second,train_steps_per_second,total_flos,train_loss
0.718,1.6974403858184814,3.5e-06,0.00641025641025641,1,,,,,,,
0.7146,0.9042486548423767,0.000175,0.32051282051282054,50,,,,,,,
,,,0.32051282051282054,50,0.6919129490852356,0.5270758122743683,18.8303,,,,
0.6992,2.2616498470306396,0.00035,0.6410256410256411,100,,,,,,,
,,,0.6410256410256411,100,0.6899940967559814,0.5451263537906137,38.655,,,,
0.6931,3.601821184158325,0.000525,0.9615384615384616,150,,,,,,,
,,,0.9615384615384616,150,0.6963534951210022,0.5487364620938628,58.2537,,,,
0.6842,3.1297202110290527,0.0007,1.282051282051282,200,,,,,,,
,,,1.282051282051282,200,0.6041539907455444,0.6859205776173285,77.808,,,,
0.6426,4.157749652862549,0.0006742647058823529,1.6025641025641026,250,,,,,,,
,,,1.6025641025641026,250,0.6015936732292175,0.6859205776173285,96.9967,,,,
0.6632,3.9165332317352295,0.0006485294117647059,1.9230769230769231,300,,,,,,,
,,,1.9230769230769231,300,0.5759741067886353,0.7075812274368231,116.1759,,,,
0.5535,3.371922254562378,0.0006227941176470587,2.2435897435897436,350,,,,,,,
,,,2.2435897435897436,350,0.5545520782470703,0.7148014440433214,134.9585,,,,
0.5604,1.6509281396865845,0.0005970588235294117,2.564102564102564,400,,,,,,,
,,,2.564102564102564,400,0.5743083953857422,0.7075812274368231,154.1573,,,,
0.521,2.625051975250244,0.0005713235294117647,2.8846153846153846,450,,,,,,,
,,,2.8846153846153846,450,0.6785900592803955,0.7075812274368231,173.695,,,,
0.5287,3.544989824295044,0.0005455882352941177,3.2051282051282053,500,,,,,,,
,,,3.2051282051282053,500,0.582116961479187,0.7184115523465704,193.4279,,,,
0.4635,2.0408921241760254,0.0005198529411764706,3.5256410256410255,550,,,,,,,
,,,3.5256410256410255,550,0.6054695248603821,0.7148014440433214,213.1942,,,,
0.4563,4.784236431121826,0.0004941176470588236,3.8461538461538463,600,,,,,,,
,,,3.8461538461538463,600,0.6599673628807068,0.7328519855595668,232.6822,,,,
0.3609,2.424233913421631,0.00046838235294117644,4.166666666666667,650,,,,,,,
,,,4.166666666666667,650,0.616273045539856,0.7148014440433214,252.4841,,,,
0.3265,6.009881973266602,0.0004426470588235294,4.487179487179487,700,,,,,,,
,,,4.487179487179487,700,0.8276533484458923,0.7328519855595668,271.91,,,,
0.3375,4.926328659057617,0.00041691176470588234,4.8076923076923075,750,,,,,,,
,,,4.8076923076923075,750,0.5896226167678833,0.7472924187725631,291.3398,,,,
0.3108,1.9602402448654175,0.0003911764705882353,5.128205128205128,800,,,,,,,
,,,5.128205128205128,800,0.6048786044120789,0.7472924187725631,310.946,,,,
0.28,6.467698097229004,0.00036544117647058824,5.448717948717949,850,,,,,,,
,,,5.448717948717949,850,0.7552117109298706,0.740072202166065,331.0184,,,,
0.2712,11.237327575683594,0.0003397058823529412,5.769230769230769,900,,,,,,,
,,,5.769230769230769,900,0.660820484161377,0.7436823104693141,350.5714,,,,
0.2703,2.5782840251922607,0.00031397058823529414,6.089743589743589,950,,,,,,,
,,,6.089743589743589,950,0.64890056848526,0.7545126353790613,369.9231,,,,
0.219,4.360122203826904,0.00028823529411764703,6.410256410256411,1000,,,,,,,
,,,6.410256410256411,1000,1.039777398109436,0.7184115523465704,389.6283,,,,
0.2613,3.3635482788085938,0.0002625,6.730769230769231,1050,,,,,,,
,,,6.730769230769231,1050,0.7142221331596375,0.7472924187725631,409.6626,,,,
0.1905,2.98132586479187,0.00023676470588235296,7.051282051282051,1100,,,,,,,
,,,7.051282051282051,1100,0.9012045860290527,0.7725631768953068,429.8483,,,,
0.2018,5.160924911499023,0.00021102941176470586,7.371794871794872,1150,,,,,,,
,,,7.371794871794872,1150,1.0045210123062134,0.7509025270758123,450.0581,,,,
0.1542,8.993329048156738,0.00018529411764705883,7.6923076923076925,1200,,,,,,,
,,,7.6923076923076925,1200,1.157899260520935,0.7509025270758123,469.2311,,,,
0.2021,6.71336555480957,0.00015955882352941176,8.012820512820513,1250,,,,,,,
,,,8.012820512820513,1250,1.0659444332122803,0.7364620938628159,488.9698,,,,
0.1448,5.565631866455078,0.0001338235294117647,8.333333333333334,1300,,,,,,,
,,,8.333333333333334,1300,1.0603315830230713,0.7545126353790613,508.5113,,,,
0.1281,6.084383964538574,0.00010808823529411764,8.653846153846153,1350,,,,,,,
,,,8.653846153846153,1350,1.0213878154754639,0.779783393501805,527.975,,,,
0.1318,0.4203041195869446,8.235294117647058e-05,8.974358974358974,1400,,,,,,,
,,,8.974358974358974,1400,1.118882656097412,0.7545126353790613,547.3453,,,,
0.1376,8.98770523071289,5.661764705882353e-05,9.294871794871796,1450,,,,,,,
,,,9.294871794871796,1450,1.144826054573059,0.7472924187725631,566.6873,,,,
0.0904,2.9284133911132812,3.0882352941176475e-05,9.615384615384615,1500,,,,,,,
,,,9.615384615384615,1500,1.177464485168457,0.7436823104693141,586.567,,,,
0.13,10.55644416809082,5.147058823529411e-06,9.935897435897436,1550,,,,,,,
,,,9.935897435897436,1550,1.1779565811157227,0.7472924187725631,606.3612,,,,
,,,10.0,1560,,,609.1785,40.875,2.561,2121286737746880.0,0.36357763623579953
