loss,grad_norm,learning_rate,epoch,step,eval_loss,eval_accuracy,train_runtime,train_samples_per_second,train_steps_per_second,total_flos,train_loss
1.8744,0.8487144112586975,1e-05,0.00641025641025641,1,,,,,,,
1.7186,0.9423487782478333,0.0005,0.32051282051282054,50,,,,,,,
,,,0.32051282051282054,50,1.2113885879516602,0.5270758122743683,21.699,,,,
0.8428,0.8526583313941956,0.001,0.6410256410256411,100,,,,,,,
,,,0.6410256410256411,100,0.7066512703895569,0.5270758122743683,44.6367,,,,
0.7236,3.0207674503326416,0.0015,0.9615384615384616,150,,,,,,,
,,,0.9615384615384616,150,0.7174644470214844,0.5270758122743683,67.3272,,,,
0.7324,1.6555731296539307,0.002,1.282051282051282,200,,,,,,,
,,,1.282051282051282,200,0.7180203199386597,0.4729241877256318,90.0152,,,,
0.7343,1.149896502494812,0.0019264705882352942,1.6025641025641026,250,,,,,,,
,,,1.6025641025641026,250,0.6996978521347046,0.5270758122743683,112.3498,,,,
0.7068,1.2065834999084473,0.0018529411764705885,1.9230769230769231,300,,,,,,,
,,,1.9230769230769231,300,0.6943663954734802,0.5703971119133574,134.6065,,,,
0.6916,1.3196327686309814,0.0017794117647058822,2.2435897435897436,350,,,,,,,
,,,2.2435897435897436,350,0.7009980082511902,0.6353790613718412,156.3884,,,,
0.7486,0.9671415686607361,0.0017058823529411764,2.564102564102564,400,,,,,,,
,,,2.564102564102564,400,0.6325856447219849,0.6462093862815884,178.7876,,,,
0.6544,1.5001301765441895,0.0016323529411764706,2.8846153846153846,450,,,,,,,
,,,2.8846153846153846,450,0.6485543847084045,0.6642599277978339,201.387,,,,
0.6632,1.0706735849380493,0.0015588235294117648,3.2051282051282053,500,,,,,,,
,,,3.2051282051282053,500,0.609441339969635,0.6750902527075813,223.7571,,,,
0.6308,2.0884504318237305,0.0014852941176470588,3.5256410256410255,550,,,,,,,
,,,3.5256410256410255,550,0.6013075113296509,0.6895306859205776,246.2869,,,,
0.6168,2.17914080619812,0.001411764705882353,3.8461538461538463,600,,,,,,,
,,,3.8461538461538463,600,0.6454078555107117,0.6967509025270758,268.6225,,,,
0.5425,2.1693105697631836,0.001338235294117647,4.166666666666667,650,,,,,,,
,,,4.166666666666667,650,0.5690490007400513,0.7292418772563177,291.3484,,,,
0.5337,2.1853950023651123,0.0012647058823529412,4.487179487179487,700,,,,,,,
,,,4.487179487179487,700,0.5944944620132446,0.7364620938628159,313.4894,,,,
0.5631,3.333315849304199,0.0011911764705882352,4.8076923076923075,750,,,,,,,
,,,4.8076923076923075,750,0.642659604549408,0.7220216606498195,335.5621,,,,
0.5065,2.279306411743164,0.0011176470588235294,5.128205128205128,800,,,,,,,
,,,5.128205128205128,800,0.5201380848884583,0.7509025270758123,357.9419,,,,
0.4704,1.6206693649291992,0.0010441176470588236,5.448717948717949,850,,,,,,,
,,,5.448717948717949,850,0.5275954008102417,0.7617328519855595,380.8332,,,,
0.4582,2.4724137783050537,0.0009705882352941176,5.769230769230769,900,,,,,,,
,,,5.769230769230769,900,0.5514280796051025,0.740072202166065,403.1094,,,,
0.5276,0.8672632575035095,0.0008970588235294118,6.089743589743589,950,,,,,,,
,,,6.089743589743589,950,0.6588557958602905,0.7256317689530686,425.255,,,,
0.4238,1.5847457647323608,0.0008235294117647058,6.410256410256411,1000,,,,,,,
,,,6.410256410256411,1000,0.6098811030387878,0.7328519855595668,447.5314,,,,
0.4103,1.2925492525100708,0.00075,6.730769230769231,1050,,,,,,,
,,,6.730769230769231,1050,0.6386550068855286,0.7436823104693141,470.3729,,,,
0.381,1.615775227546692,0.0006764705882352942,7.051282051282051,1100,,,,,,,
,,,7.051282051282051,1100,0.5827694535255432,0.7545126353790613,493.2438,,,,
0.3309,2.116055488586426,0.0006029411764705882,7.371794871794872,1150,,,,,,,
,,,7.371794871794872,1150,0.5656690001487732,0.779783393501805,516.1831,,,,
0.3195,2.8997583389282227,0.0005294117647058824,7.6923076923076925,1200,,,,,,,
,,,7.6923076923076925,1200,0.6084432601928711,0.779783393501805,537.9632,,,,
0.4088,1.2199082374572754,0.00045588235294117646,8.012820512820513,1250,,,,,,,
,,,8.012820512820513,1250,0.5356894731521606,0.776173285198556,560.4141,,,,
0.3123,1.7434332370758057,0.00038235294117647055,8.333333333333334,1300,,,,,,,
,,,8.333333333333334,1300,0.7200762629508972,0.7436823104693141,582.6029,,,,
0.2787,3.141549587249756,0.0003088235294117647,8.653846153846153,1350,,,,,,,
,,,8.653846153846153,1350,0.6577800512313843,0.7653429602888087,604.8973,,,,
0.2348,2.1382668018341064,0.00023529411764705883,8.974358974358974,1400,,,,,,,
,,,8.974358974358974,1400,0.6713477373123169,0.776173285198556,626.9868,,,,
0.2123,3.6225671768188477,0.00016176470588235295,9.294871794871796,1450,,,,,,,
,,,9.294871794871796,1450,0.7492595314979553,0.7725631768953068,649.078,,,,
0.2225,3.935883045196533,8.823529411764706e-05,9.615384615384615,1500,,,,,,,
,,,9.615384615384615,1500,0.7600922584533691,0.7689530685920578,671.64,,,,
0.2719,5.0847272872924805,1.4705882352941177e-05,9.935897435897436,1550,,,,,,,
,,,9.935897435897436,1550,0.7141062617301941,0.7833935018050542,694.3612,,,,
,,,10.0,1560,,,697.6907,35.689,2.236,2128506776798400.0,0.5431629035717401
