loss,grad_norm,learning_rate,epoch,step,eval_loss,eval_accuracy,eval_f1,train_runtime,train_samples_per_second,train_steps_per_second,total_flos,train_loss
0.6963,1.44300377368927,2.5e-05,0.004347826086956522,1,,,,,,,,
0.6643,1.5010356903076172,0.000625,0.10869565217391304,25,,,,,,,,
,,,0.10869565217391304,25,0.6603885889053345,0.6838235294117647,0.8122270742358079,6.0701,,,,
0.7647,1.8608174324035645,0.00125,0.21739130434782608,50,,,,,,,,
,,,0.21739130434782608,50,0.6205275058746338,0.6838235294117647,0.8122270742358079,11.6336,,,,
0.6973,1.3140918016433716,0.001875,0.32608695652173914,75,,,,,,,,
,,,0.32608695652173914,75,0.6148681640625,0.6838235294117647,0.8122270742358079,17.3139,,,,
0.6183,0.9774392247200012,0.0025,0.43478260869565216,100,,,,,,,,
,,,0.43478260869565216,100,0.5813751816749573,0.7083333333333334,0.8205128205128206,22.8208,,,,
0.5635,2.658240556716919,0.003125,0.5434782608695652,125,,,,,,,,
,,,0.5434782608695652,125,0.7180390954017639,0.696078431372549,0.8171091445427728,28.466,,,,
0.6142,1.9071930646896362,0.00375,0.6521739130434783,150,,,,,,,,
,,,0.6521739130434783,150,0.5705484747886658,0.7009803921568627,0.8173652694610778,33.9621,,,,
0.5901,1.1513301134109497,0.004375,0.7608695652173914,175,,,,,,,,
,,,0.7608695652173914,175,0.6756837368011475,0.6911764705882353,0.8157894736842105,39.7184,,,,
0.6861,1.3080625534057617,0.005,0.8695652173913043,200,,,,,,,,
,,,0.8695652173913043,200,0.64494788646698,0.6911764705882353,0.8157894736842105,45.332,,,,
0.5563,3.1072208881378174,0.0049404761904761904,0.9782608695652174,225,,,,,,,,
,,,0.9782608695652174,225,0.49414557218551636,0.7475490196078431,0.8393135725429016,50.9111,,,,
0.5912,4.122161865234375,0.004880952380952381,1.0869565217391304,250,,,,,,,,
,,,1.0869565217391304,250,0.5505251288414001,0.7647058823529411,0.8466453674121406,56.3007,,,,
0.6285,3.4510321617126465,0.004821428571428572,1.1956521739130435,275,,,,,,,,
,,,1.1956521739130435,275,0.4629347622394562,0.7965686274509803,0.8561525129982669,61.8318,,,,
0.549,1.9775794744491577,0.0047619047619047615,1.3043478260869565,300,,,,,,,,
,,,1.3043478260869565,300,0.7103150486946106,0.6887254901960784,0.8145985401459854,67.4955,,,,
0.6244,1.2675650119781494,0.004702380952380953,1.4130434782608696,325,,,,,,,,
,,,1.4130434782608696,325,0.4855349659919739,0.8014705882352942,0.8661157024793389,73.0906,,,,
0.5005,1.5522140264511108,0.004642857142857143,1.5217391304347827,350,,,,,,,,
,,,1.5217391304347827,350,0.5094481706619263,0.7377450980392157,0.784708249496982,78.7891,,,,
0.5131,1.475988745689392,0.004583333333333333,1.6304347826086958,375,,,,,,,,
,,,1.6304347826086958,375,0.4201849400997162,0.8063725490196079,0.8611599297012302,84.4191,,,,
0.5891,0.7510665059089661,0.004523809523809524,1.7391304347826086,400,,,,,,,,
,,,1.7391304347826086,400,0.4348360598087311,0.7892156862745098,0.8599348534201955,90.1529,,,,
0.802,1.0284876823425293,0.004464285714285715,1.8478260869565217,425,,,,,,,,
,,,1.8478260869565217,425,0.9981431365013123,0.7107843137254902,0.8254437869822485,95.9602,,,,
0.5721,0.7606714367866516,0.004404761904761904,1.9565217391304348,450,,,,,,,,
,,,1.9565217391304348,450,0.42660200595855713,0.7990196078431373,0.8655737704918033,101.7428,,,,
0.4637,0.9590784907341003,0.004345238095238096,2.0652173913043477,475,,,,,,,,
,,,2.0652173913043477,475,0.6133017539978027,0.8014705882352942,0.8687196110210698,107.2653,,,,
0.483,2.190324544906616,0.004285714285714286,2.1739130434782608,500,,,,,,,,
,,,2.1739130434782608,500,0.7092329263687134,0.7671568627450981,0.8527131782945736,112.8945,,,,
0.5159,1.8440390825271606,0.004226190476190476,2.282608695652174,525,,,,,,,,
,,,2.282608695652174,525,0.438668817281723,0.7867647058823529,0.8589951377633711,119.0344,,,,
0.5382,1.0377732515335083,0.004166666666666667,2.391304347826087,550,,,,,,,,
,,,2.391304347826087,550,0.41276782751083374,0.8088235294117647,0.8641114982578396,124.5569,,,,
0.5151,4.154695510864258,0.004107142857142857,2.5,575,,,,,,,,
,,,2.5,575,0.9990234971046448,0.6838235294117647,0.8122270742358079,130.1379,,,,
0.3938,1.7152460813522339,0.004047619047619048,2.608695652173913,600,,,,,,,,
,,,2.608695652173913,600,0.6414282321929932,0.7965686274509803,0.8684627575277337,135.7187,,,,
0.4393,2.351457357406616,0.0039880952380952385,2.717391304347826,625,,,,,,,,
,,,2.717391304347826,625,0.40675437450408936,0.8186274509803921,0.872852233676976,141.3553,,,,
0.5212,1.2907167673110962,0.003928571428571429,2.8260869565217392,650,,,,,,,,
,,,2.8260869565217392,650,0.4106568992137909,0.8161764705882353,0.8677248677248677,147.0272,,,,
0.436,3.7908358573913574,0.003869047619047619,2.9347826086956523,675,,,,,,,,
,,,2.9347826086956523,675,0.6515761613845825,0.7598039215686274,0.8492307692307691,152.6624,,,,
0.4854,3.5107011795043945,0.0038095238095238095,3.0434782608695654,700,,,,,,,,
,,,3.0434782608695654,700,0.558376669883728,0.7475490196078431,0.8422664624808577,158.0417,,,,
0.4411,0.8511922955513,0.00375,3.1521739130434785,725,,,,,,,,
,,,3.1521739130434785,725,0.46795228123664856,0.8137254901960784,0.8737541528239203,163.6505,,,,
0.4043,4.549867153167725,0.0036904761904761906,3.260869565217391,750,,,,,,,,
,,,3.260869565217391,750,0.38643983006477356,0.821078431372549,0.8707964601769912,169.3352,,,,
0.3639,1.9210201501846313,0.003630952380952381,3.369565217391304,775,,,,,,,,
,,,3.369565217391304,775,0.6684373021125793,0.7720588235294118,0.8549141965678627,174.9966,,,,
0.4865,4.709155082702637,0.0035714285714285718,3.4782608695652173,800,,,,,,,,
,,,3.4782608695652173,800,0.5968839526176453,0.7671568627450981,0.8527131782945736,180.6989,,,,
0.4987,1.5918772220611572,0.0035119047619047617,3.5869565217391304,825,,,,,,,,
,,,3.5869565217391304,825,0.679179847240448,0.7205882352941176,0.8303571428571428,186.6134,,,,
0.4559,2.9671072959899902,0.0034523809523809524,3.6956521739130435,850,,,,,,,,
,,,3.6956521739130435,850,0.5026920437812805,0.8137254901960784,0.8741721854304637,192.4629,,,,
0.4654,1.6028817892074585,0.003392857142857143,3.8043478260869565,875,,,,,,,,
,,,3.8043478260869565,875,0.37049466371536255,0.8308823529411765,0.8774422735346359,198.2321,,,,
0.4422,2.589203357696533,0.003333333333333333,3.9130434782608696,900,,,,,,,,
,,,3.9130434782608696,900,0.38256731629371643,0.821078431372549,0.8747855917667238,203.9751,,,,
0.4194,0.8906015157699585,0.003273809523809524,4.021739130434782,925,,,,,,,,
,,,4.021739130434782,925,0.40547049045562744,0.8284313725490197,0.8825503355704698,209.5586,,,,
0.4667,1.5607374906539917,0.0032142857142857147,4.130434782608695,950,,,,,,,,
,,,4.130434782608695,950,0.44482216238975525,0.803921568627451,0.8709677419354839,215.2822,,,,
0.4146,4.249553680419922,0.0031547619047619046,4.239130434782608,975,,,,,,,,
,,,4.239130434782608,975,0.7168833613395691,0.7696078431372549,0.8549382716049383,220.7703,,,,
0.48,2.693855047225952,0.0030952380952380953,4.3478260869565215,1000,,,,,,,,
,,,4.3478260869565215,1000,0.41797757148742676,0.8235294117647058,0.88,226.3937,,,,
0.4364,2.5243637561798096,0.0030357142857142857,4.456521739130435,1025,,,,,,,,
,,,4.456521739130435,1025,0.4448964595794678,0.8063725490196079,0.8727858293075683,232.6023,,,,
0.3946,1.5427415370941162,0.002976190476190476,4.565217391304348,1050,,,,,,,,
,,,4.565217391304348,1050,0.40098848938941956,0.8333333333333334,0.8847457627118644,238.2877,,,,
0.3417,0.6227818727493286,0.002916666666666667,4.673913043478261,1075,,,,,,,,
,,,4.673913043478261,1075,0.37414947152137756,0.8259803921568627,0.8756567425569177,243.857,,,,
0.3543,0.6813532710075378,0.002857142857142857,4.782608695652174,1100,,,,,,,,
,,,4.782608695652174,1100,0.4493322968482971,0.8137254901960784,0.8762214983713356,249.4499,,,,
0.4567,8.357619285583496,0.002797619047619048,4.891304347826087,1125,,,,,,,,
,,,4.891304347826087,1125,0.38789549469947815,0.8284313725490197,0.866920152091255,255.0652,,,,
0.3826,0.33350270986557007,0.0027380952380952383,5.0,1150,,,,,,,,
,,,5.0,1150,0.44643184542655945,0.8235294117647058,0.8791946308724832,260.6453,,,,
0.3769,2.642232894897461,0.0026785714285714286,5.108695652173913,1175,,,,,,,,
,,,5.108695652173913,1175,0.3989805281162262,0.8259803921568627,0.875219683655536,266.2809,,,,
0.3383,5.661834239959717,0.0026190476190476194,5.217391304347826,1200,,,,,,,,
,,,5.217391304347826,1200,0.593754231929779,0.8014705882352942,0.8712241653418125,271.9762,,,,
0.3623,1.9189635515213013,0.0025595238095238093,5.326086956521739,1225,,,,,,,,
,,,5.326086956521739,1225,0.4480357766151428,0.8333333333333334,0.8835616438356164,277.715,,,,
0.4033,2.2369818687438965,0.0025,5.434782608695652,1250,,,,,,,,
,,,5.434782608695652,1250,0.47053444385528564,0.8186274509803921,0.8774834437086093,283.3291,,,,
0.3618,2.6995689868927,0.0024404761904761904,5.543478260869565,1275,,,,,,,,
,,,5.543478260869565,1275,0.384541392326355,0.8333333333333334,0.8815331010452963,289.002,,,,
0.4147,4.536316394805908,0.0023809523809523807,5.6521739130434785,1300,,,,,,,,
,,,5.6521739130434785,1300,0.36223456263542175,0.8259803921568627,0.8711433756805808,294.712,,,,
0.389,3.129715919494629,0.0023214285714285715,5.760869565217392,1325,,,,,,,,
,,,5.760869565217392,1325,0.529790461063385,0.821078431372549,0.8809135399673736,300.4774,,,,
0.4047,1.355208158493042,0.002261904761904762,5.869565217391305,1350,,,,,,,,
,,,5.869565217391305,1350,0.5255763530731201,0.7769607843137255,0.8589147286821704,306.2895,,,,
0.3659,2.539867639541626,0.002202380952380952,5.978260869565218,1375,,,,,,,,
,,,5.978260869565218,1375,0.5147314071655273,0.821078431372549,0.8805237315875613,312.0331,,,,
0.2995,5.553262710571289,0.002142857142857143,6.086956521739131,1400,,,,,,,,
,,,6.086956521739131,1400,0.6980983018875122,0.8112745098039216,0.8764044943820225,317.6666,,,,
0.3697,4.2025299072265625,0.0020833333333333333,6.195652173913044,1425,,,,,,,,
,,,6.195652173913044,1425,0.4373585283756256,0.8235294117647058,0.8758620689655173,323.4471,,,,
0.4388,6.778313636779785,0.002023809523809524,6.304347826086957,1450,,,,,,,,
,,,6.304347826086957,1450,0.40236976742744446,0.8284313725490197,0.8727272727272727,329.0063,,,,
0.3597,1.0653691291809082,0.0019642857142857144,6.413043478260869,1475,,,,,,,,
,,,6.413043478260869,1475,0.46083682775497437,0.8259803921568627,0.8830313014827017,334.6009,,,,
0.384,0.9792981743812561,0.0019047619047619048,6.521739130434782,1500,,,,,,,,
,,,6.521739130434782,1500,0.3989861309528351,0.8284313725490197,0.8793103448275862,340.1449,,,,
0.4185,4.114457607269287,0.0018452380952380953,6.630434782608695,1525,,,,,,,,
,,,6.630434782608695,1525,0.5880177617073059,0.7941176470588235,0.8679245283018868,346.4679,,,,
0.4187,1.0593894720077515,0.0017857142857142859,6.739130434782608,1550,,,,,,,,
,,,6.739130434782608,1550,0.373704195022583,0.8284313725490197,0.8780487804878049,352.0036,,,,
0.3213,1.964638352394104,0.0017261904761904762,6.8478260869565215,1575,,,,,,,,
,,,6.8478260869565215,1575,0.48775675892829895,0.8382352941176471,0.8873720136518771,357.6821,,,,
0.3844,1.1886162757873535,0.0016666666666666666,6.956521739130435,1600,,,,,,,,
,,,6.956521739130435,1600,0.43186256289482117,0.8308823529411765,0.886326194398682,363.3322,,,,
0.3086,1.2454451322555542,0.0016071428571428573,7.065217391304348,1625,,,,,,,,
,,,7.065217391304348,1625,0.48587387800216675,0.8406862745098039,0.888888888888889,368.8786,,,,
0.3963,1.230283260345459,0.0015476190476190477,7.173913043478261,1650,,,,,,,,
,,,7.173913043478261,1650,0.38368844985961914,0.8259803921568627,0.873440285204991,374.4947,,,,
0.3496,1.7159417867660522,0.001488095238095238,7.282608695652174,1675,,,,,,,,
,,,7.282608695652174,1675,0.4496728777885437,0.8308823529411765,0.8859504132231406,380.1422,,,,
0.3673,3.2282512187957764,0.0014285714285714286,7.391304347826087,1700,,,,,,,,
,,,7.391304347826087,1700,0.4669501483440399,0.8308823529411765,0.886326194398682,385.9611,,,,
0.3328,1.2556085586547852,0.0013690476190476191,7.5,1725,,,,,,,,
,,,7.5,1725,0.40432828664779663,0.8284313725490197,0.8793103448275862,391.7649,,,,
0.3595,2.2533106803894043,0.0013095238095238097,7.608695652173913,1750,,,,,,,,
,,,7.608695652173913,1750,0.4609728753566742,0.8357843137254902,0.8881469115191986,397.5887,,,,
0.3766,3.6869003772735596,0.00125,7.717391304347826,1775,,,,,,,,
,,,7.717391304347826,1775,0.6322038769721985,0.8063725490196079,0.8751974723538704,403.3345,,,,
0.3732,3.5103657245635986,0.0011904761904761904,7.826086956521739,1800,,,,,,,,
,,,7.826086956521739,1800,0.5250877141952515,0.8112745098039216,0.8768,409.0338,,,,
0.3286,3.0785651206970215,0.001130952380952381,7.934782608695652,1825,,,,,,,,
,,,7.934782608695652,1825,0.45372825860977173,0.8235294117647058,0.8811881188118812,414.8738,,,,
0.3852,2.4848833084106445,0.0010714285714285715,8.043478260869565,1850,,,,,,,,
,,,8.043478260869565,1850,0.4308226406574249,0.8357843137254902,0.8896210873146623,420.4182,,,,
0.2837,1.0715175867080688,0.001011904761904762,8.152173913043478,1875,,,,,,,,
,,,8.152173913043478,1875,0.4162822663784027,0.8259803921568627,0.8786324786324787,426.047,,,,
0.2724,1.8266493082046509,0.0009523809523809524,8.26086956521739,1900,,,,,,,,
,,,8.26086956521739,1900,0.44885432720184326,0.8284313725490197,0.8813559322033899,431.6643,,,,
0.2967,0.7213963270187378,0.0008928571428571429,8.369565217391305,1925,,,,,,,,
,,,8.369565217391305,1925,0.386579692363739,0.8259803921568627,0.8782161234991424,437.3977,,,,
0.3083,2.0280838012695312,0.0008333333333333333,8.478260869565217,1950,,,,,,,,
,,,8.478260869565217,1950,0.49187251925468445,0.8406862745098039,0.8932676518883416,443.0654,,,,
0.3147,3.1526522636413574,0.0007738095238095238,8.58695652173913,1975,,,,,,,,
,,,8.58695652173913,1975,0.48968324065208435,0.8357843137254902,0.8885191347753744,448.6804,,,,
0.3555,1.6609864234924316,0.0007142857142857143,8.695652173913043,2000,,,,,,,,
,,,8.695652173913043,2000,0.4786290228366852,0.8333333333333334,0.8877887788778879,454.2786,,,,
0.3311,2.1034796237945557,0.0006547619047619048,8.804347826086957,2025,,,,,,,,
,,,8.804347826086957,2025,0.3854132294654846,0.8357843137254902,0.8850771869639793,460.4299,,,,
0.3407,1.2786355018615723,0.0005952380952380952,8.91304347826087,2050,,,,,,,,
,,,8.91304347826087,2050,0.4763323962688446,0.8308823529411765,0.8878048780487805,466.1052,,,,
0.3402,0.8000888824462891,0.0005357142857142857,9.021739130434783,2075,,,,,,,,
,,,9.021739130434783,2075,0.41565224528312683,0.8333333333333334,0.8862876254180602,471.6119,,,,
0.2919,1.0983284711837769,0.0004761904761904762,9.130434782608695,2100,,,,,,,,
,,,9.130434782608695,2100,0.41410958766937256,0.8333333333333334,0.8855218855218856,477.3475,,,,
0.2581,2.044424295425415,0.00041666666666666664,9.23913043478261,2125,,,,,,,,
,,,9.23913043478261,2125,0.49018022418022156,0.8308823529411765,0.8855721393034827,482.9941,,,,
0.3084,1.208439826965332,0.00035714285714285714,9.347826086956522,2150,,,,,,,,
,,,9.347826086956522,2150,0.5210198760032654,0.8235294117647058,0.8819672131147541,488.7343,,,,
0.307,2.729565382003784,0.0002976190476190476,9.456521739130435,2175,,,,,,,,
,,,9.456521739130435,2175,0.48166388273239136,0.8308823529411765,0.8855721393034827,494.5015,,,,
0.322,0.8445532321929932,0.0002380952380952381,9.565217391304348,2200,,,,,,,,
,,,9.565217391304348,2200,0.479999840259552,0.8308823529411765,0.8855721393034827,500.2319,,,,
0.3389,2.6942403316497803,0.00017857142857142857,9.673913043478262,2225,,,,,,,,
,,,9.673913043478262,2225,0.4445316791534424,0.8357843137254902,0.8873949579831933,505.9367,,,,
0.3299,1.2560173273086548,0.00011904761904761905,9.782608695652174,2250,,,,,,,,
,,,9.782608695652174,2250,0.445496141910553,0.8357843137254902,0.8873949579831933,511.6245,,,,
0.3119,2.073728561401367,5.9523809523809524e-05,9.891304347826086,2275,,,,,,,,
,,,9.891304347826086,2275,0.4447176456451416,0.8357843137254902,0.8873949579831933,517.3828,,,,
0.2735,1.68137526512146,0.0,10.0,2300,,,,,,,,
,,,10.0,2300,0.4397183358669281,0.8357843137254902,0.8873949579831933,522.9495,,,,
,,,10.0,2300,,,,522.4902,70.202,4.402,1451363219019168.0,0.43039496903834135
