loss,grad_norm,learning_rate,epoch,step,eval_loss,eval_accuracy,eval_f1,train_runtime,train_samples_per_second,train_steps_per_second,total_flos,train_loss
0.693,1.1356279850006104,2.5e-06,0.0,1,,,,,,,,
0.6674,0.715177595615387,6.25e-05,0.11,25,,,,,,,,
,,,0.11,25,0.6404163837432861,0.6838235294117647,0.8122270742358079,6.1053,,,,
0.6617,1.2580008506774902,0.000125,0.22,50,,,,,,,,
,,,0.22,50,0.6243981719017029,0.6838235294117647,0.8122270742358079,11.7597,,,,
0.6377,2.2841293811798096,0.0001875,0.33,75,,,,,,,,
,,,0.33,75,0.620974063873291,0.6838235294117647,0.8122270742358079,17.5423,,,,
0.64,0.6615205407142639,0.00025,0.43,100,,,,,,,,
,,,0.43,100,0.6143845319747925,0.6838235294117647,0.8122270742358079,23.2563,,,,
0.5993,1.0059953927993774,0.0003125,0.54,125,,,,,,,,
,,,0.54,125,0.5989251136779785,0.6838235294117647,0.8122270742358079,28.9767,,,,
0.5723,4.93007230758667,0.000375,0.65,150,,,,,,,,
,,,0.65,150,0.5306001305580139,0.7377450980392157,0.8304278922345483,34.6334,,,,
0.5657,4.230346202850342,0.0004375,0.76,175,,,,,,,,
,,,0.76,175,0.5070427656173706,0.7598039215686274,0.8262411347517731,40.4439,,,,
0.5348,2.247037410736084,0.0005,0.87,200,,,,,,,,
,,,0.87,200,0.5401604175567627,0.7524509803921569,0.842433697347894,46.1751,,,,
0.5362,2.818225622177124,0.0004940476190476191,0.98,225,,,,,,,,
,,,0.98,225,0.47359511256217957,0.7696078431372549,0.8127490039840637,51.7998,,,,
0.48,2.398878335952759,0.0004880952380952381,1.09,250,,,,,,,,
,,,1.09,250,0.44138920307159424,0.8186274509803921,0.872852233676976,57.2603,,,,
0.4875,1.4945712089538574,0.00048214285714285715,1.2,275,,,,,,,,
,,,1.2,275,0.41984936594963074,0.7941176470588235,0.8636363636363636,62.8973,,,,
0.4755,2.179203748703003,0.0004761904761904762,1.3,300,,,,,,,,
,,,1.3,300,0.4455413818359375,0.8112745098039216,0.8731466227347612,68.6066,,,,
0.4177,4.868690490722656,0.00047023809523809523,1.41,325,,,,,,,,
,,,1.41,325,0.5261109471321106,0.7132352941176471,0.7439824945295404,74.2331,,,,
0.5163,4.813709735870361,0.00046428571428571433,1.52,350,,,,,,,,
,,,1.52,350,0.3931806683540344,0.7941176470588235,0.8609271523178808,79.9198,,,,
0.4197,2.3951146602630615,0.0004583333333333333,1.63,375,,,,,,,,
,,,1.63,375,0.3475338816642761,0.8455882352941176,0.8868940754039497,85.4503,,,,
0.361,2.377434253692627,0.00045238095238095237,1.74,400,,,,,,,,
,,,1.74,400,0.3841397762298584,0.8504901960784313,0.8904847396768403,91.1211,,,,
0.4628,5.4786810874938965,0.00044642857142857147,1.85,425,,,,,,,,
,,,1.85,425,0.34981128573417664,0.8455882352941176,0.88268156424581,96.8104,,,,
0.4172,1.226618766784668,0.00044047619047619046,1.96,450,,,,,,,,
,,,1.96,450,0.34076109528541565,0.8455882352941176,0.8860759493670886,102.6244,,,,
0.3727,3.023263454437256,0.00043452380952380956,2.07,475,,,,,,,,
,,,2.07,475,0.42996448278427124,0.8235294117647058,0.8811881188118812,108.0722,,,,
0.3926,1.251842975616455,0.00042857142857142855,2.17,500,,,,,,,,
,,,2.17,500,0.3253575563430786,0.8602941176470589,0.8950276243093922,113.7526,,,,
0.3723,3.377338409423828,0.00042261904761904765,2.28,525,,,,,,,,
,,,2.28,525,0.3264786899089813,0.8553921568627451,0.8897196261682244,119.9586,,,,
0.316,3.7108516693115234,0.0004166666666666667,2.39,550,,,,,,,,
,,,2.39,550,0.33723270893096924,0.8602941176470589,0.8987566607460036,125.5949,,,,
0.3911,1.9631738662719727,0.0004107142857142857,2.5,575,,,,,,,,
,,,2.5,575,0.3354874551296234,0.8357843137254902,0.8842832469775476,131.2555,,,,
0.3338,2.634255886077881,0.0004047619047619048,2.61,600,,,,,,,,
,,,2.61,600,0.3425878882408142,0.8627450980392157,0.903448275862069,136.8866,,,,
0.3137,4.184062957763672,0.00039880952380952383,2.72,625,,,,,,,,
,,,2.72,625,0.4140589237213135,0.8504901960784313,0.897822445561139,142.6148,,,,
0.4277,6.743948459625244,0.0003928571428571429,2.83,650,,,,,,,,
,,,2.83,650,0.3329584002494812,0.8651960784313726,0.9050086355785838,148.2737,,,,
0.3323,3.3125102519989014,0.0003869047619047619,2.93,675,,,,,,,,
,,,2.93,675,0.32517436146736145,0.8700980392156863,0.9045045045045046,153.9966,,,,
0.3072,4.632630825042725,0.00038095238095238096,3.04,700,,,,,,,,
,,,3.04,700,0.368121474981308,0.8602941176470589,0.900523560209424,159.3936,,,,
0.3468,5.545445442199707,0.000375,3.15,725,,,,,,,,
,,,3.15,725,0.4497385323047638,0.8382352941176471,0.890728476821192,165.0839,,,,
0.3619,2.7604947090148926,0.00036904761904761905,3.26,750,,,,,,,,
,,,3.26,750,0.4020366370677948,0.8357843137254902,0.888888888888889,170.7717,,,,
0.2623,4.991213321685791,0.0003630952380952381,3.37,775,,,,,,,,
,,,3.37,775,0.3879905045032501,0.8676470588235294,0.9059233449477352,176.3821,,,,
0.3061,5.240365505218506,0.00035714285714285714,3.48,800,,,,,,,,
,,,3.48,800,0.40065914392471313,0.8700980392156863,0.9090909090909091,181.9971,,,,
0.3489,4.130691051483154,0.0003511904761904762,3.59,825,,,,,,,,
,,,3.59,825,0.3182610273361206,0.875,0.9097345132743363,187.7042,,,,
0.3524,2.740295648574829,0.00034523809523809523,3.7,850,,,,,,,,
,,,3.7,850,0.29929280281066895,0.8578431372549019,0.8945454545454546,193.4303,,,,
0.2889,10.170829772949219,0.00033928571428571433,3.8,875,,,,,,,,
,,,3.8,875,0.3235712945461273,0.8627450980392157,0.8978102189781021,199.1599,,,,
0.3367,7.0136895179748535,0.0003333333333333333,3.91,900,,,,,,,,
,,,3.91,900,0.33136987686157227,0.8504901960784313,0.8953687821612349,204.9021,,,,
0.3209,5.434572219848633,0.00032738095238095237,4.02,925,,,,,,,,
,,,4.02,925,0.3275381326675415,0.8553921568627451,0.8981001727115717,210.5161,,,,
0.2604,3.1077346801757812,0.00032142857142857147,4.13,950,,,,,,,,
,,,4.13,950,0.3408461809158325,0.8651960784313726,0.905982905982906,216.1831,,,,
0.3212,7.154374599456787,0.00031547619047619046,4.24,975,,,,,,,,
,,,4.24,975,0.36777010560035706,0.8455882352941176,0.8944723618090453,221.8026,,,,
0.3262,1.6580066680908203,0.00030952380952380956,4.35,1000,,,,,,,,
,,,4.35,1000,0.3504267632961273,0.8529411764705882,0.8986486486486487,227.3893,,,,
0.3005,5.626033782958984,0.00030357142857142855,4.46,1025,,,,,,,,
,,,4.46,1025,0.3238134980201721,0.8602941176470589,0.8950276243093922,233.778,,,,
0.2625,6.321303367614746,0.00029761904761904765,4.57,1050,,,,,,,,
,,,4.57,1050,0.34156960248947144,0.8602941176470589,0.9001751313485115,239.4448,,,,
0.2541,3.6010427474975586,0.0002916666666666667,4.67,1075,,,,,,,,
,,,4.67,1075,0.36513400077819824,0.8676470588235294,0.9045936395759717,245.1536,,,,
0.2352,3.916806221008301,0.0002857142857142857,4.78,1100,,,,,,,,
,,,4.78,1100,0.36493465304374695,0.8799019607843137,0.9126559714795008,250.8151,,,,
0.2953,4.9110612869262695,0.0002797619047619048,4.89,1125,,,,,,,,
,,,4.89,1125,0.32470178604125977,0.8676470588235294,0.9035714285714286,256.5468,,,,
0.2621,0.10678122937679291,0.0002738095238095238,5.0,1150,,,,,,,,
,,,5.0,1150,0.3349429965019226,0.8700980392156863,0.9068541300527241,262.2135,,,,
0.2355,1.1985262632369995,0.00026785714285714287,5.11,1175,,,,,,,,
,,,5.11,1175,0.35843443870544434,0.8651960784313726,0.9053356282271946,267.8497,,,,
0.2538,6.968245983123779,0.0002619047619047619,5.22,1200,,,,,,,,
,,,5.22,1200,0.3468833863735199,0.8725490196078431,0.9106529209621993,273.5634,,,,
0.2528,1.9348351955413818,0.00025595238095238096,5.33,1225,,,,,,,,
,,,5.33,1225,0.34111541509628296,0.8676470588235294,0.9059233449477352,279.2895,,,,
0.2786,2.954482316970825,0.00025,5.43,1250,,,,,,,,
,,,5.43,1250,0.34591540694236755,0.875,0.9109947643979057,284.9518,,,,
0.2583,6.412928581237793,0.00024404761904761905,5.54,1275,,,,,,,,
,,,5.54,1275,0.32682958245277405,0.8651960784313726,0.9029982363315697,290.6083,,,,
0.2484,3.9185664653778076,0.0002380952380952381,5.65,1300,,,,,,,,
,,,5.65,1300,0.36878567934036255,0.8651960784313726,0.9046793760831888,296.2715,,,,
0.2081,3.351367950439453,0.00023214285714285717,5.76,1325,,,,,,,,
,,,5.76,1325,0.3809519112110138,0.8651960784313726,0.9046793760831888,302.0303,,,,
0.3025,10.253975868225098,0.00022619047619047618,5.87,1350,,,,,,,,
,,,5.87,1350,0.3415658175945282,0.875,0.9050279329608939,307.7818,,,,
0.2685,2.437629222869873,0.00022023809523809523,5.98,1375,,,,,,,,
,,,5.98,1375,0.3326214849948883,0.875,0.9100529100529101,313.5794,,,,
0.1816,8.166769027709961,0.00021428571428571427,6.09,1400,,,,,,,,
,,,6.09,1400,0.5127711296081543,0.8382352941176471,0.890728476821192,319.2044,,,,
0.2423,2.2420573234558105,0.00020833333333333335,6.2,1425,,,,,,,,
,,,6.2,1425,0.3467717170715332,0.8578431372549019,0.8971631205673759,325.0391,,,,
0.2621,3.449457883834839,0.0002023809523809524,6.3,1450,,,,,,,,
,,,6.3,1450,0.33199548721313477,0.8676470588235294,0.9003690036900369,330.6359,,,,
0.2258,4.187186241149902,0.00019642857142857144,6.41,1475,,,,,,,,
,,,6.41,1475,0.36585673689842224,0.8627450980392157,0.902439024390244,336.3084,,,,
0.288,0.880807638168335,0.00019047619047619048,6.52,1500,,,,,,,,
,,,6.52,1500,0.35305389761924744,0.8676470588235294,0.9032258064516129,341.9783,,,,
0.2035,9.271679878234863,0.00018452380952380953,6.63,1525,,,,,,,,
,,,6.63,1525,0.3790266811847687,0.8578431372549019,0.8975265017667844,348.3079,,,,
0.2413,1.6209934949874878,0.00017857142857142857,6.74,1550,,,,,,,,
,,,6.74,1550,0.37373822927474976,0.8651960784313726,0.8998178506375228,353.9682,,,,
0.2371,3.0119121074676514,0.00017261904761904762,6.85,1575,,,,,,,,
,,,6.85,1575,0.3824658989906311,0.8725490196078431,0.9081272084805654,359.6096,,,,
0.2567,2.2247135639190674,0.00016666666666666666,6.96,1600,,,,,,,,
,,,6.96,1600,0.36082661151885986,0.8602941176470589,0.8991150442477877,365.4043,,,,
0.1943,4.002409934997559,0.00016071428571428573,7.07,1625,,,,,,,,
,,,7.07,1625,0.3655046820640564,0.875,0.9084380610412927,370.9398,,,,
0.2471,2.215989112854004,0.00015476190476190478,7.17,1650,,,,,,,,
,,,7.17,1650,0.36509907245635986,0.8651960784313726,0.9016100178890876,376.6396,,,,
0.2118,2.792555570602417,0.00014880952380952382,7.28,1675,,,,,,,,
,,,7.28,1675,0.3481362760066986,0.8676470588235294,0.9065743944636677,382.24,,,,
0.219,5.607443332672119,0.00014285714285714284,7.39,1700,,,,,,,,
,,,7.39,1700,0.3746066987514496,0.8480392156862745,0.89419795221843,388.0281,,,,
0.2001,2.1458981037139893,0.0001369047619047619,7.5,1725,,,,,,,,
,,,7.5,1725,0.3747654855251312,0.8774509803921569,0.9070631970260223,393.7529,,,,
0.2193,1.6485538482666016,0.00013095238095238096,7.61,1750,,,,,,,,
,,,7.61,1750,0.33430904150009155,0.8872549019607843,0.9178571428571428,399.5327,,,,
0.2205,6.039669990539551,0.000125,7.72,1775,,,,,,,,
,,,7.72,1775,0.3791464865207672,0.8602941176470589,0.902229845626072,405.2479,,,,
0.2163,3.2473044395446777,0.00011904761904761905,7.83,1800,,,,,,,,
,,,7.83,1800,0.3466745615005493,0.875,0.9100529100529101,410.9623,,,,
0.2094,1.982663869857788,0.00011309523809523809,7.93,1825,,,,,,,,
,,,7.93,1825,0.3441523313522339,0.8823529411764706,0.9136690647482014,416.8271,,,,
0.2936,3.521634578704834,0.00010714285714285714,8.04,1850,,,,,,,,
,,,8.04,1850,0.36021333932876587,0.8725490196078431,0.9087719298245615,422.4312,,,,
0.1741,1.1649177074432373,0.0001011904761904762,8.15,1875,,,,,,,,
,,,8.15,1875,0.35292375087738037,0.8848039215686274,0.9162210338680927,428.1128,,,,
0.1521,0.048460960388183594,9.523809523809524e-05,8.26,1900,,,,,,,,
,,,8.26,1900,0.39398887753486633,0.8651960784313726,0.9040139616055847,433.8412,,,,
0.2189,3.393695831298828,8.928571428571429e-05,8.37,1925,,,,,,,,
,,,8.37,1925,0.374869167804718,0.875,0.9100529100529101,439.5874,,,,
0.18,5.861318588256836,8.333333333333333e-05,8.48,1950,,,,,,,,
,,,8.48,1950,0.38966134190559387,0.8725490196078431,0.9087719298245615,445.3694,,,,
0.1686,5.879838943481445,7.738095238095239e-05,8.59,1975,,,,,,,,
,,,8.59,1975,0.41318780183792114,0.8651960784313726,0.9056603773584906,450.9941,,,,
0.1968,3.2661921977996826,7.142857142857142e-05,8.7,2000,,,,,,,,
,,,8.7,2000,0.39194953441619873,0.8700980392156863,0.9078260869565218,456.6626,,,,
0.217,6.368758201599121,6.547619047619048e-05,8.8,2025,,,,,,,,
,,,8.8,2025,0.3769676089286804,0.8774509803921569,0.9113475177304964,462.9001,,,,
0.2509,6.038650035858154,5.9523809523809524e-05,8.91,2050,,,,,,,,
,,,8.91,2050,0.3765160143375397,0.8725490196078431,0.9094076655052264,468.677,,,,
0.2559,1.7572566270828247,5.357142857142857e-05,9.02,2075,,,,,,,,
,,,9.02,2075,0.36478468775749207,0.8676470588235294,0.9059233449477352,474.2306,,,,
0.1623,1.8684399127960205,4.761904761904762e-05,9.13,2100,,,,,,,,
,,,9.13,2100,0.35808324813842773,0.8823529411764706,0.9145907473309609,479.8926,,,,
0.182,0.8459019064903259,4.1666666666666665e-05,9.24,2125,,,,,,,,
,,,9.24,2125,0.3697737157344818,0.8799019607843137,0.9132743362831858,485.5279,,,,
0.2478,4.065940856933594,3.571428571428571e-05,9.35,2150,,,,,,,,
,,,9.35,2150,0.3736714720726013,0.8725490196078431,0.9094076655052264,491.1977,,,,
0.194,1.4185338020324707,2.9761904761904762e-05,9.46,2175,,,,,,,,
,,,9.46,2175,0.3662176728248596,0.8774509803921569,0.9125874125874125,497.0132,,,,
0.1842,2.0731372833251953,2.380952380952381e-05,9.57,2200,,,,,,,,
,,,9.57,2200,0.3815635144710541,0.8651960784313726,0.9053356282271946,502.6805,,,,
0.2337,7.097829818725586,1.7857142857142855e-05,9.67,2225,,,,,,,,
,,,9.67,2225,0.36353638768196106,0.8700980392156863,0.9068541300527241,508.3573,,,,
0.1969,1.3938919305801392,1.1904761904761905e-05,9.78,2250,,,,,,,,
,,,9.78,2250,0.364805668592453,0.8700980392156863,0.9071803852889667,514.0058,,,,
0.1779,3.229651689529419,5.9523809523809525e-06,9.89,2275,,,,,,,,
,,,9.89,2275,0.3666296601295471,0.8700980392156863,0.9071803852889667,519.781,,,,
0.1808,2.7029449939727783,0.0,10.0,2300,,,,,,,,
,,,10.0,2300,0.36524635553359985,0.8725490196078431,0.9087719298245615,525.4357,,,,
,,,10.0,2300,,,,525.0672,69.858,4.38,1453534138652064.0,0.3120189372093781
