loss,grad_norm,learning_rate,epoch,step,eval_loss,eval_accuracy,eval_f1,train_runtime,train_samples_per_second,train_steps_per_second,total_flos,train_loss
1.1672,4.064709186553955,2.0000000000000002e-07,0.0625,1,,,,,,,,
1.1405,5.455147743225098,2.0000000000000003e-06,0.625,10,,,,,,,,
,,,0.625,10,1.124426007270813,0.4107142857142857,0.1940928270042194,5.8275,,,,
1.1051,4.222915172576904,4.000000000000001e-06,1.25,20,,,,,,,,
,,,1.25,20,1.1013649702072144,0.4107142857142857,0.1940928270042194,11.514,,,,
1.0782,3.859811544418335,6e-06,1.875,30,,,,,,,,
,,,1.875,30,1.061057686805725,0.4107142857142857,0.1940928270042194,17.0122,,,,
1.0053,3.6940648555755615,8.000000000000001e-06,2.5,40,,,,,,,,
,,,2.5,40,0.9846736788749695,0.4107142857142857,0.1940928270042194,22.4387,,,,
0.9219,5.654834270477295,1e-05,3.125,50,,,,,,,,
,,,3.125,50,0.8675147294998169,0.6428571428571429,0.4484043792219892,27.9546,,,,
0.8213,4.41169548034668,1.2e-05,3.75,60,,,,,,,,
,,,3.75,60,0.7919591069221497,0.6785714285714286,0.47391812865497074,33.5913,,,,
0.6367,6.100495338439941,1.4e-05,4.375,70,,,,,,,,
,,,4.375,70,0.7764385342597961,0.6785714285714286,0.47391812865497074,38.9331,,,,
0.5996,9.383399963378906,1.6000000000000003e-05,5.0,80,,,,,,,,
,,,5.0,80,0.685213029384613,0.6964285714285714,0.48581048581048575,44.4359,,,,
0.4326,8.819743156433105,1.8e-05,5.625,90,,,,,,,,
,,,5.625,90,0.6271272301673889,0.7857142857142857,0.5479709125029323,50.3345,,,,
0.3389,6.373309135437012,2e-05,6.25,100,,,,,,,,
,,,6.25,100,0.456387460231781,0.7857142857142857,0.546236559139785,55.745,,,,
0.1874,8.981199264526367,1.9090909090909094e-05,6.875,110,,,,,,,,
,,,6.875,110,0.38636425137519836,0.8392857142857143,0.5866188769414576,61.1806,,,,
0.1923,11.124070167541504,1.8181818181818182e-05,7.5,120,,,,,,,,
,,,7.5,120,0.381731778383255,0.8392857142857143,0.6877394636015325,66.1908,,,,
0.0976,6.246726989746094,1.7272727272727274e-05,8.125,130,,,,,,,,
,,,8.125,130,0.3459993302822113,0.9107142857142857,0.8437893675988913,71.9486,,,,
0.0604,2.8179211616516113,1.6363636363636366e-05,8.75,140,,,,,,,,
,,,8.75,140,0.48129504919052124,0.875,0.817747611865259,77.9988,,,,
0.1244,5.096652030944824,1.5454545454545454e-05,9.375,150,,,,,,,,
,,,9.375,150,0.3543214499950409,0.9107142857142857,0.8653086419753087,83.5202,,,,
0.05,1.0938152074813843,1.4545454545454546e-05,10.0,160,,,,,,,,
,,,10.0,160,0.25788578391075134,0.9107142857142857,0.8628465893902942,89.0018,,,,
0.0284,6.4901556968688965,1.3636363636363637e-05,10.625,170,,,,,,,,
,,,10.625,170,0.4936383068561554,0.8928571428571429,0.891821685939333,94.905,,,,
0.0388,0.07341433316469193,1.2727272727272728e-05,11.25,180,,,,,,,,
,,,11.25,180,0.4466110169887543,0.8928571428571429,0.890869939707149,100.2999,,,,
0.0037,0.06773211061954498,1.181818181818182e-05,11.875,190,,,,,,,,
,,,11.875,190,0.4305727183818817,0.8928571428571429,0.890869939707149,106.214,,,,
0.0027,0.03616497293114662,1.0909090909090909e-05,12.5,200,,,,,,,,
,,,12.5,200,0.26117008924484253,0.9107142857142857,0.9337231968810916,111.6045,,,,
0.0022,0.029328446835279465,1e-05,13.125,210,,,,,,,,
,,,13.125,210,0.23918664455413818,0.9464285714285714,0.9605415860735009,117.0588,,,,
0.002,0.04657288268208504,9.090909090909091e-06,13.75,220,,,,,,,,
,,,13.75,220,0.2377878874540329,0.9464285714285714,0.9605415860735009,123.0964,,,,
0.0018,0.03471129387617111,8.181818181818183e-06,14.375,230,,,,,,,,
,,,14.375,230,0.25783857703208923,0.9285714285714286,0.9472049689440993,128.941,,,,
0.0018,0.057312700897455215,7.272727272727273e-06,15.0,240,,,,,,,,
,,,15.0,240,0.28066393733024597,0.9107142857142857,0.9337231968810916,134.3278,,,,
0.0016,0.02165122888982296,6.363636363636364e-06,15.625,250,,,,,,,,
,,,15.625,250,0.2871449887752533,0.9107142857142857,0.9337231968810916,139.8184,,,,
0.0015,0.026137085631489754,5.4545454545454545e-06,16.25,260,,,,,,,,
,,,16.25,260,0.2899976670742035,0.9107142857142857,0.9337231968810916,145.6254,,,,
0.0014,0.031175509095191956,4.5454545454545455e-06,16.875,270,,,,,,,,
,,,16.875,270,0.29350709915161133,0.9107142857142857,0.9337231968810916,151.2591,,,,
0.0016,0.02885393239557743,3.6363636363636366e-06,17.5,280,,,,,,,,
,,,17.5,280,0.3012664020061493,0.9107142857142857,0.9337231968810916,157.1988,,,,
0.0014,0.02037764899432659,2.7272727272727272e-06,18.125,290,,,,,,,,
,,,18.125,290,0.30411428213119507,0.9107142857142857,0.9337231968810916,162.6701,,,,
0.0014,0.021323425695300102,1.8181818181818183e-06,18.75,300,,,,,,,,
,,,18.75,300,0.3049928843975067,0.9107142857142857,0.9337231968810916,168.5483,,,,
0.0013,0.059010349214076996,9.090909090909091e-07,19.375,310,,,,,,,,
,,,19.375,310,0.30527156591415405,0.9107142857142857,0.9337231968810916,173.6868,,,,
0.0014,0.023951604962348938,0.0,20.0,320,,,,,,,,
,,,20.0,320,0.30522042512893677,0.9107142857142857,0.9337231968810916,179.4255,,,,
,,,20.0,320,,,,179.0366,27.927,1.787,446840583950880.0,0.27774914106703363
