loss,grad_norm,learning_rate,epoch,step,eval_loss,eval_accuracy,eval_f1,train_runtime,train_samples_per_second,train_steps_per_second,total_flos,train_loss
0.6801,0.6160248517990112,2.5e-06,0.004347826086956522,1,,,,,,,,
0.7109,1.1746975183486938,6.25e-05,0.10869565217391304,25,,,,,,,,
,,,0.10869565217391304,25,0.6526536345481873,0.6838235294117647,0.8122270742358079,6.0622,,,,
0.6616,2.2603554725646973,0.000125,0.21739130434782608,50,,,,,,,,
,,,0.21739130434782608,50,0.6207538843154907,0.6838235294117647,0.8122270742358079,11.76,,,,
0.6328,7.873097896575928,0.0001875,0.32608695652173914,75,,,,,,,,
,,,0.32608695652173914,75,0.6087722182273865,0.6838235294117647,0.8122270742358079,17.5085,,,,
0.6211,5.116417407989502,0.00025,0.43478260869565216,100,,,,,,,,
,,,0.43478260869565216,100,0.5717812180519104,0.7058823529411765,0.8208955223880596,23.2177,,,,
0.5641,4.763357162475586,0.0003125,0.5434782608695652,125,,,,,,,,
,,,0.5434782608695652,125,0.5384933352470398,0.7107843137254902,0.822289156626506,28.9245,,,,
0.5813,10.55224609375,0.000375,0.6521739130434783,150,,,,,,,,
,,,0.6521739130434783,150,0.6016071438789368,0.7279411764705882,0.8300153139356814,34.638,,,,
0.5549,15.854996681213379,0.0004375,0.7608695652173914,175,,,,,,,,
,,,0.7608695652173914,175,0.38021472096443176,0.8186274509803921,0.872852233676976,40.5067,,,,
0.4705,9.407715797424316,0.0005,0.8695652173913043,200,,,,,,,,
,,,0.8695652173913043,200,0.5338855981826782,0.7941176470588235,0.8640776699029126,46.309,,,,
0.5888,5.597046375274658,0.0004940476190476191,0.9782608695652174,225,,,,,,,,
,,,0.9782608695652174,225,0.5519903302192688,0.7745098039215687,0.8553459119496856,52.0002,,,,
0.4786,18.037397384643555,0.0004880952380952381,1.0869565217391304,250,,,,,,,,
,,,1.0869565217391304,250,0.39660272002220154,0.8333333333333334,0.8736059479553903,57.5425,,,,
0.4785,12.854070663452148,0.00048214285714285715,1.1956521739130435,275,,,,,,,,
,,,1.1956521739130435,275,0.41756126284599304,0.8112745098039216,0.8743882544861337,63.2369,,,,
0.4305,42.36343002319336,0.0004761904761904762,1.3043478260869565,300,,,,,,,,
,,,1.3043478260869565,300,0.454766184091568,0.8235294117647058,0.8811881188118812,68.9685,,,,
0.4075,28.90557289123535,0.00047023809523809523,1.4130434782608696,325,,,,,,,,
,,,1.4130434782608696,325,0.3736964166164398,0.8406862745098039,0.8857644991212652,74.6493,,,,
0.4235,22.661325454711914,0.00046428571428571433,1.5217391304347827,350,,,,,,,,
,,,1.5217391304347827,350,0.3718733787536621,0.8774509803921569,0.9090909090909091,80.3827,,,,
0.4572,19.712732315063477,0.0004583333333333333,1.6304347826086958,375,,,,,,,,
,,,1.6304347826086958,375,0.35841652750968933,0.8578431372549019,0.8978873239436619,85.9908,,,,
0.3784,35.55354309082031,0.00045238095238095237,1.7391304347826086,400,,,,,,,,
,,,1.7391304347826086,400,0.5051682591438293,0.8357843137254902,0.8881469115191986,91.6625,,,,
0.4789,14.715766906738281,0.00044642857142857147,1.8478260869565217,425,,,,,,,,
,,,1.8478260869565217,425,0.3849208354949951,0.8357843137254902,0.8877721943048577,97.4245,,,,
0.4447,27.098602294921875,0.00044047619047619046,1.9565217391304348,450,,,,,,,,
,,,1.9565217391304348,450,0.3789520263671875,0.8651960784313726,0.9023090586145649,103.19,,,,
0.4092,20.6355037689209,0.00043452380952380956,2.0652173913043477,475,,,,,,,,
,,,2.0652173913043477,475,0.4408453404903412,0.8406862745098039,0.8896434634974534,108.7889,,,,
0.4197,34.151336669921875,0.00042857142857142855,2.1739130434782608,500,,,,,,,,
,,,2.1739130434782608,500,0.43419238924980164,0.8308823529411765,0.883248730964467,114.4926,,,,
0.3915,18.596357345581055,0.00042261904761904765,2.282608695652174,525,,,,,,,,
,,,2.282608695652174,525,0.37151238322257996,0.8186274509803921,0.8644688644688645,120.5967,,,,
0.37,10.528075218200684,0.0004166666666666667,2.391304347826087,550,,,,,,,,
,,,2.391304347826087,550,0.36062681674957275,0.8529411764705882,0.8943661971830987,126.2584,,,,
0.4087,19.4752140045166,0.0004107142857142857,2.5,575,,,,,,,,
,,,2.5,575,0.37725284695625305,0.8235294117647058,0.881578947368421,132.0353,,,,
0.3841,34.12348556518555,0.0004047619047619048,2.608695652173913,600,,,,,,,,
,,,2.608695652173913,600,0.3949947655200958,0.8602941176470589,0.9015544041450777,137.7136,,,,
0.3658,23.87419319152832,0.00039880952380952383,2.717391304347826,625,,,,,,,,
,,,2.717391304347826,625,0.3620378375053406,0.8627450980392157,0.9014084507042254,143.5414,,,,
0.4302,42.0457878112793,0.0003928571428571429,2.8260869565217392,650,,,,,,,,
,,,2.8260869565217392,650,0.3392321765422821,0.8504901960784313,0.8942807625649914,149.2688,,,,
0.4119,41.19089126586914,0.0003869047619047619,2.9347826086956523,675,,,,,,,,
,,,2.9347826086956523,675,0.3749341666698456,0.821078431372549,0.8760611205432938,155.0675,,,,
0.3236,29.506778717041016,0.00038095238095238096,3.0434782608695654,700,,,,,,,,
,,,3.0434782608695654,700,0.5583596229553223,0.821078431372549,0.8797364085667215,160.5278,,,,
0.3416,79.03605651855469,0.000375,3.1521739130434785,725,,,,,,,,
,,,3.1521739130434785,725,0.46470850706100464,0.8382352941176471,0.8910891089108912,166.2903,,,,
0.3932,25.259458541870117,0.00036904761904761905,3.260869565217391,750,,,,,,,,
,,,3.260869565217391,750,0.5429320931434631,0.7990196078431373,0.8690095846645368,172.0478,,,,
0.3456,35.55597686767578,0.0003630952380952381,3.369565217391304,775,,,,,,,,
,,,3.369565217391304,775,0.44467172026634216,0.8333333333333334,0.8877887788778879,177.6672,,,,
0.3451,50.028594970703125,0.00035714285714285714,3.4782608695652173,800,,,,,,,,
,,,3.4782608695652173,800,0.5029317140579224,0.8088235294117647,0.8729641693811075,183.4034,,,,
0.4055,51.09929656982422,0.0003511904761904762,3.5869565217391304,825,,,,,,,,
,,,3.5869565217391304,825,0.343647837638855,0.8431372549019608,0.891156462585034,189.1296,,,,
0.3243,33.448753356933594,0.00034523809523809523,3.6956521739130435,850,,,,,,,,
,,,3.6956521739130435,850,0.3846830129623413,0.8357843137254902,0.8797127468581688,194.9656,,,,
0.3542,40.21602249145508,0.00033928571428571433,3.8043478260869565,875,,,,,,,,
,,,3.8043478260869565,875,0.36309853196144104,0.8480392156862745,0.8900709219858156,200.6731,,,,
0.3753,45.083953857421875,0.0003333333333333333,3.9130434782608696,900,,,,,,,,
,,,3.9130434782608696,900,0.42532235383987427,0.8627450980392157,0.9060402684563759,206.4741,,,,
0.4174,9.739982604980469,0.00032738095238095237,4.021739130434782,925,,,,,,,,
,,,4.021739130434782,925,0.3495993912220001,0.8529411764705882,0.9000000000000001,212.045,,,,
0.2719,21.794170379638672,0.00032142857142857147,4.130434782608695,950,,,,,,,,
,,,4.130434782608695,950,0.3691379427909851,0.8627450980392157,0.9044368600682594,217.8783,,,,
0.3546,26.833599090576172,0.00031547619047619046,4.239130434782608,975,,,,,,,,
,,,4.239130434782608,975,0.4694463014602661,0.821078431372549,0.88130081300813,223.4832,,,,
0.3619,15.77828311920166,0.00030952380952380956,4.3478260869565215,1000,,,,,,,,
,,,4.3478260869565215,1000,0.434517502784729,0.8406862745098039,0.8914858096828046,229.2375,,,,
0.3617,44.59298324584961,0.00030357142857142855,4.456521739130435,1025,,,,,,,,
,,,4.456521739130435,1025,0.3245045840740204,0.8480392156862745,0.8896797153024911,235.2749,,,,
0.2724,67.62299346923828,0.00029761904761904765,4.565217391304348,1050,,,,,,,,
,,,4.565217391304348,1050,0.5286027789115906,0.8357843137254902,0.8892561983471075,241.0824,,,,
0.3172,23.840805053710938,0.0002916666666666667,4.673913043478261,1075,,,,,,,,
,,,4.673913043478261,1075,0.4470807611942291,0.8406862745098039,0.8914858096828046,246.7692,,,,
0.3018,19.12274742126465,0.0002857142857142857,4.782608695652174,1100,,,,,,,,
,,,4.782608695652174,1100,0.499920129776001,0.8308823529411765,0.8859504132231406,252.5388,,,,
0.3688,15.896848678588867,0.0002797619047619048,4.891304347826087,1125,,,,,,,,
,,,4.891304347826087,1125,0.3392179012298584,0.8480392156862745,0.8927335640138409,258.2509,,,,
0.3023,0.8539984226226807,0.0002738095238095238,5.0,1150,,,,,,,,
,,,5.0,1150,0.3692723512649536,0.8480392156862745,0.8927335640138409,264.0415,,,,
0.3036,24.230876922607422,0.00026785714285714287,5.108695652173913,1175,,,,,,,,
,,,5.108695652173913,1175,0.470867395401001,0.8357843137254902,0.8885191347753744,269.6903,,,,
0.2678,20.66290283203125,0.0002619047619047619,5.217391304347826,1200,,,,,,,,
,,,5.217391304347826,1200,0.36017417907714844,0.8480392156862745,0.8927335640138409,275.4963,,,,
0.269,14.943509101867676,0.00025595238095238096,5.326086956521739,1225,,,,,,,,
,,,5.326086956521739,1225,0.34237775206565857,0.8627450980392157,0.900709219858156,281.2162,,,,
0.3216,18.360681533813477,0.00025,5.434782608695652,1250,,,,,,,,
,,,5.434782608695652,1250,0.34373968839645386,0.8529411764705882,0.8969072164948454,286.8792,,,,
0.3035,13.678091049194336,0.00024404761904761905,5.543478260869565,1275,,,,,,,,
,,,5.543478260869565,1275,0.38342809677124023,0.8553921568627451,0.8977469670710572,292.5303,,,,
0.2688,73.58325958251953,0.0002380952380952381,5.6521739130434785,1300,,,,,,,,
,,,5.6521739130434785,1300,0.39612653851509094,0.8480392156862745,0.89198606271777,298.2109,,,,
0.2604,7.9178667068481445,0.00023214285714285717,5.760869565217392,1325,,,,,,,,
,,,5.760869565217392,1325,0.38141578435897827,0.8700980392156863,0.9084628670120898,304.0321,,,,
0.2744,14.37129020690918,0.00022619047619047618,5.869565217391305,1350,,,,,,,,
,,,5.869565217391305,1350,0.3491462171077728,0.875,0.9109947643979057,309.8034,,,,
0.2595,23.801637649536133,0.00022023809523809523,5.978260869565218,1375,,,,,,,,
,,,5.978260869565218,1375,0.3484461307525635,0.8700980392156863,0.9075043630017452,315.667,,,,
0.244,39.76441955566406,0.00021428571428571427,6.086956521739131,1400,,,,,,,,
,,,6.086956521739131,1400,0.5217460989952087,0.8529411764705882,0.900990099009901,321.2718,,,,
0.2278,31.707515716552734,0.00020833333333333335,6.195652173913044,1425,,,,,,,,
,,,6.195652173913044,1425,0.4866444766521454,0.8406862745098039,0.8932676518883416,327.2071,,,,
0.2418,29.721349716186523,0.0002023809523809524,6.304347826086957,1450,,,,,,,,
,,,6.304347826086957,1450,0.3594772517681122,0.8627450980392157,0.9017543859649123,332.803,,,,
0.2956,33.99756622314453,0.00019642857142857144,6.413043478260869,1475,,,,,,,,
,,,6.413043478260869,1475,0.3606024384498596,0.8651960784313726,0.9069373942470389,338.6019,,,,
0.2476,52.72556686401367,0.00019047619047619048,6.521739130434782,1500,,,,,,,,
,,,6.521739130434782,1500,0.375223308801651,0.8676470588235294,0.9055944055944055,344.2884,,,,
0.2825,47.028221130371094,0.00018452380952380953,6.630434782608695,1525,,,,,,,,
,,,6.630434782608695,1525,0.39224883913993835,0.8553921568627451,0.9005059021922428,350.5498,,,,
0.2608,15.739629745483398,0.00017857142857142857,6.739130434782608,1550,,,,,,,,
,,,6.739130434782608,1550,0.37092551589012146,0.8676470588235294,0.9032258064516129,356.1832,,,,
0.2761,24.29549789428711,0.00017261904761904762,6.8478260869565215,1575,,,,,,,,
,,,6.8478260869565215,1575,0.35539761185646057,0.8627450980392157,0.9027777777777778,361.9569,,,,
0.2727,18.38284683227539,0.00016666666666666666,6.956521739130435,1600,,,,,,,,
,,,6.956521739130435,1600,0.3213982582092285,0.8676470588235294,0.9052631578947367,367.7277,,,,
0.185,53.181278228759766,0.00016071428571428573,7.065217391304348,1625,,,,,,,,
,,,7.065217391304348,1625,0.4374382793903351,0.8676470588235294,0.9035714285714286,373.3549,,,,
0.2661,14.829699516296387,0.00015476190476190478,7.173913043478261,1650,,,,,,,,
,,,7.173913043478261,1650,0.48003119230270386,0.8602941176470589,0.9015544041450777,379.0,,,,
0.1785,14.56828784942627,0.00014880952380952382,7.282608695652174,1675,,,,,,,,
,,,7.282608695652174,1675,0.5292068719863892,0.8504901960784313,0.8991735537190082,384.6993,,,,
0.2729,34.157894134521484,0.00014285714285714284,7.391304347826087,1700,,,,,,,,
,,,7.391304347826087,1700,0.44845712184906006,0.8627450980392157,0.9054054054054055,390.4842,,,,
0.1855,32.644134521484375,0.0001369047619047619,7.5,1725,,,,,,,,
,,,7.5,1725,0.38169875741004944,0.875,0.9087656529516995,396.3021,,,,
0.2321,13.917204856872559,0.00013095238095238096,7.608695652173913,1750,,,,,,,,
,,,7.608695652173913,1750,0.3601236641407013,0.8700980392156863,0.9084628670120898,402.0104,,,,
0.251,26.55268669128418,0.000125,7.717391304347826,1775,,,,,,,,
,,,7.717391304347826,1775,0.3753989636898041,0.8578431372549019,0.901023890784983,407.7463,,,,
0.2232,35.88982009887695,0.00011904761904761905,7.826086956521739,1800,,,,,,,,
,,,7.826086956521739,1800,0.3602205216884613,0.8700980392156863,0.9075043630017452,413.4037,,,,
0.2493,12.001876831054688,0.00011309523809523809,7.934782608695652,1825,,,,,,,,
,,,7.934782608695652,1825,0.308626264333725,0.8700980392156863,0.9078260869565218,419.3089,,,,
0.2303,15.185044288635254,0.00010714285714285714,8.043478260869565,1850,,,,,,,,
,,,8.043478260869565,1850,0.3361692726612091,0.8651960784313726,0.9053356282271946,424.9209,,,,
0.1735,18.16986656188965,0.0001011904761904762,8.152173913043478,1875,,,,,,,,
,,,8.152173913043478,1875,0.4052695333957672,0.8774509803921569,0.9131944444444444,430.617,,,,
0.1622,38.775856018066406,9.523809523809524e-05,8.26086956521739,1900,,,,,,,,
,,,8.26086956521739,1900,0.43338701128959656,0.8700980392156863,0.9061946902654867,436.4013,,,,
0.1545,23.612037658691406,8.928571428571429e-05,8.369565217391305,1925,,,,,,,,
,,,8.369565217391305,1925,0.4129682779312134,0.8700980392156863,0.9068541300527241,442.1618,,,,
0.1743,46.307411193847656,8.333333333333333e-05,8.478260869565217,1950,,,,,,,,
,,,8.478260869565217,1950,0.4544772803783417,0.875,0.9113043478260869,447.9907,,,,
0.1535,85.34494018554688,7.738095238095239e-05,8.58695652173913,1975,,,,,,,,
,,,8.58695652173913,1975,0.5078627467155457,0.8553921568627451,0.9001692047377327,453.6065,,,,
0.1887,20.102298736572266,7.142857142857142e-05,8.695652173913043,2000,,,,,,,,
,,,8.695652173913043,2000,0.4793485701084137,0.8700980392156863,0.9094017094017094,459.3343,,,,
0.1939,53.23106384277344,6.547619047619048e-05,8.804347826086957,2025,,,,,,,,
,,,8.804347826086957,2025,0.465643048286438,0.8700980392156863,0.9084628670120898,465.2106,,,,
0.2106,36.65495300292969,5.9523809523809524e-05,8.91304347826087,2050,,,,,,,,
,,,8.91304347826087,2050,0.5191107392311096,0.8578431372549019,0.901360544217687,471.0528,,,,
0.2414,24.865772247314453,5.357142857142857e-05,9.021739130434783,2075,,,,,,,,
,,,9.021739130434783,2075,0.4240376353263855,0.8774509803921569,0.9128919860627178,476.5874,,,,
0.1246,48.450035095214844,4.761904761904762e-05,9.130434782608695,2100,,,,,,,,
,,,9.130434782608695,2100,0.4625794291496277,0.8725490196078431,0.9084507042253521,482.2839,,,,
0.1636,4.74319314956665,4.1666666666666665e-05,9.23913043478261,2125,,,,,,,,
,,,9.23913043478261,2125,0.48780500888824463,0.8725490196078431,0.9094076655052264,487.9346,,,,
0.1854,45.91787338256836,3.571428571428571e-05,9.347826086956522,2150,,,,,,,,
,,,9.347826086956522,2150,0.5287769436836243,0.8651960784313726,0.9063032367972743,493.64,,,,
0.1773,4.9295654296875,2.9761904761904762e-05,9.456521739130435,2175,,,,,,,,
,,,9.456521739130435,2175,0.48658236861228943,0.8627450980392157,0.9037800687285222,499.3708,,,,
0.1378,21.77911949157715,2.380952380952381e-05,9.565217391304348,2200,,,,,,,,
,,,9.565217391304348,2200,0.4764229953289032,0.8700980392156863,0.9084628670120898,505.0898,,,,
0.185,22.6848201751709,1.7857142857142855e-05,9.673913043478262,2225,,,,,,,,
,,,9.673913043478262,2225,0.48779603838920593,0.8627450980392157,0.904109589041096,510.7933,,,,
0.2122,13.12950325012207,1.1904761904761905e-05,9.782608695652174,2250,,,,,,,,
,,,9.782608695652174,2250,0.4703808128833771,0.8676470588235294,0.906896551724138,516.479,,,,
0.2137,16.694202423095703,5.9523809523809525e-06,9.891304347826086,2275,,,,,,,,
,,,9.891304347826086,2275,0.4602714478969574,0.8700980392156863,0.9078260869565218,522.266,,,,
0.1574,7.311308860778809,0.0,10.0,2300,,,,,,,,
,,,10.0,2300,0.4572710394859314,0.875,0.9109947643979057,527.9354,,,,
,,,10.0,2300,,,,527.5878,69.524,4.359,1451673350395296.0,0.3244839117060537
