loss,grad_norm,learning_rate,epoch,step,eval_loss,eval_accuracy,eval_f1,train_runtime,train_samples_per_second,train_steps_per_second,total_flos,train_loss
2.3862,4.286147594451904,4.000000000000001e-06,0.0625,1,,,,,,,,
2.3214,3.9415011405944824,4e-05,0.625,10,,,,,,,,
,,,0.625,10,2.2941017150878906,0.4107142857142857,0.1940928270042194,4.5571,,,,
2.2243,3.984983444213867,8e-05,1.25,20,,,,,,,,
,,,1.25,20,2.1915535926818848,0.4107142857142857,0.1940928270042194,8.9152,,,,
2.1113,2.249805450439453,0.00012,1.875,30,,,,,,,,
,,,1.875,30,2.070241689682007,0.4107142857142857,0.1940928270042194,13.0949,,,,
2.0306,1.9321064949035645,0.00016,2.5,40,,,,,,,,
,,,2.5,40,1.955522894859314,0.5714285714285714,0.34571175950486294,17.3519,,,,
1.8542,1.9742380380630493,0.0002,3.125,50,,,,,,,,
,,,3.125,50,1.832924485206604,0.5,0.24617886178861784,21.5775,,,,
1.7896,1.3453428745269775,0.0001925925925925926,3.75,60,,,,,,,,
,,,3.75,60,1.6892368793487549,0.7321428571428571,0.5122356854359705,25.83,,,,
1.6379,2.7085187435150146,0.0001851851851851852,4.375,70,,,,,,,,
,,,4.375,70,1.5129541158676147,0.6071428571428571,0.41773049645390065,29.9602,,,,
1.3447,2.1755828857421875,0.00017777777777777779,5.0,80,,,,,,,,
,,,5.0,80,1.3275517225265503,0.625,0.4288429555713946,34.1468,,,,
1.1963,1.283619999885559,0.00017037037037037037,5.625,90,,,,,,,,
,,,5.625,90,1.133823037147522,0.7142857142857143,0.49137709137709135,38.6414,,,,
1.0334,1.240782380104065,0.00016296296296296295,6.25,100,,,,,,,,
,,,6.25,100,0.9586206674575806,0.6785714285714286,0.4595238095238095,42.8311,,,,
0.8468,3.304041624069214,0.00015555555555555556,6.875,110,,,,,,,,
,,,6.875,110,0.8875101208686829,0.6964285714285714,0.48424908424908425,47.0346,,,,
0.8885,1.6407307386398315,0.00014814814814814815,7.5,120,,,,,,,,
,,,7.5,120,0.8803638815879822,0.6785714285714286,0.4733286745865362,50.8377,,,,
0.8167,2.572376012802124,0.00014074074074074076,8.125,130,,,,,,,,
,,,8.125,130,0.8596172332763672,0.7142857142857143,0.49988271170537174,55.2051,,,,
0.8079,0.7806990146636963,0.00013333333333333334,8.75,140,,,,,,,,
,,,8.75,140,0.839484691619873,0.7142857142857143,0.49421820010055306,59.8565,,,,
0.7662,2.514028310775757,0.00012592592592592592,9.375,150,,,,,,,,
,,,9.375,150,0.8270222544670105,0.7142857142857143,0.4991636798088411,64.0071,,,,
0.8106,3.086491107940674,0.00011851851851851852,10.0,160,,,,,,,,
,,,10.0,160,0.8181653618812561,0.7142857142857143,0.49976359338061477,68.1717,,,,
0.7005,0.7376406788825989,0.00011111111111111112,10.625,170,,,,,,,,
,,,10.625,170,0.8121967315673828,0.7142857142857143,0.49976359338061477,72.7955,,,,
0.8543,1.598089575767517,0.0001037037037037037,11.25,180,,,,,,,,
,,,11.25,180,0.8021426200866699,0.7142857142857143,0.4991636798088411,76.951,,,,
0.7245,0.7181311845779419,9.62962962962963e-05,11.875,190,,,,,,,,
,,,11.875,190,0.7965629696846008,0.7142857142857143,0.4991636798088411,81.448,,,,
0.6958,3.2332699298858643,8.888888888888889e-05,12.5,200,,,,,,,,
,,,12.5,200,0.7940581440925598,0.6964285714285714,0.4872881355932203,85.572,,,,
0.7573,1.450542688369751,8.148148148148148e-05,13.125,210,,,,,,,,
,,,13.125,210,0.7916256189346313,0.6964285714285714,0.4872514619883041,89.7424,,,,
0.7235,2.525054454803467,7.407407407407407e-05,13.75,220,,,,,,,,
,,,13.75,220,0.7937069535255432,0.6964285714285714,0.4872514619883041,94.3006,,,,
0.7318,1.41536283493042,6.666666666666667e-05,14.375,230,,,,,,,,
,,,14.375,230,0.7808924913406372,0.7142857142857143,0.49976359338061477,98.8677,,,,
0.7449,2.4025776386260986,5.925925925925926e-05,15.0,240,,,,,,,,
,,,15.0,240,0.7768888473510742,0.7142857142857143,0.49976359338061477,103.0841,,,,
0.6811,1.2909983396530151,5.185185185185185e-05,15.625,250,,,,,,,,
,,,15.625,250,0.775612473487854,0.7142857142857143,0.49976359338061477,107.249,,,,
0.7162,1.1657650470733643,4.4444444444444447e-05,16.25,260,,,,,,,,
,,,16.25,260,0.7744399905204773,0.7142857142857143,0.49976359338061477,111.6504,,,,
0.7059,2.969496011734009,3.7037037037037037e-05,16.875,270,,,,,,,,
,,,16.875,270,0.7734565138816833,0.7142857142857143,0.49976359338061477,115.9903,,,,
0.7674,1.143865942955017,2.962962962962963e-05,17.5,280,,,,,,,,
,,,17.5,280,0.7713770270347595,0.7142857142857143,0.49976359338061477,120.5032,,,,
0.665,1.0558618307113647,2.2222222222222223e-05,18.125,290,,,,,,,,
,,,18.125,290,0.7702551484107971,0.7142857142857143,0.49976359338061477,124.6131,,,,
0.6854,2.1650707721710205,1.4814814814814815e-05,18.75,300,,,,,,,,
,,,18.75,300,0.7696300745010376,0.7142857142857143,0.49976359338061477,129.2934,,,,
0.7672,2.7577710151672363,7.4074074074074075e-06,19.375,310,,,,,,,,
,,,19.375,310,0.7686495184898376,0.7142857142857143,0.49976359338061477,133.207,,,,
0.6828,5.053830623626709,0.0,20.0,320,,,,,,,,
,,,20.0,320,0.7683430314064026,0.7142857142857143,0.49976359338061477,137.558,,,,
,,,20.0,320,,,,137.1723,36.45,2.333,452243323863360.0,1.065317441523075
