loss,grad_norm,learning_rate,epoch,step,eval_loss,eval_accuracy,eval_f1,train_runtime,train_samples_per_second,train_steps_per_second,total_flos,train_loss
2.3243,3.7305033206939697,0.001,0.0625,1,,,,,,,,
1.774,1.0250908136367798,0.010000000000000002,0.625,10,,,,,,,,
,,,0.625,10,2.360351324081421,0.4107142857142857,0.1940928270042194,4.7566,,,,
1.4469,7.824385643005371,0.020000000000000004,1.25,20,,,,,,,,
,,,1.25,20,1.1210911273956299,0.6785714285714286,0.47391812865497074,9.3876,,,,
1.9403,8.98974323272705,0.03,1.875,30,,,,,,,,
,,,1.875,30,2.239452838897705,0.6964285714285714,0.47574334898278564,13.7596,,,,
3.9485,9.257073402404785,0.04000000000000001,2.5,40,,,,,,,,
,,,2.5,40,3.5435872077941895,0.6964285714285714,0.47574334898278564,18.1296,,,,
6.5665,23.63079071044922,0.05,3.125,50,,,,,,,,
,,,3.125,50,14.050976753234863,0.4107142857142857,0.1940928270042194,22.6232,,,,
25.6493,19.726224899291992,0.04814814814814815,3.75,60,,,,,,,,
,,,3.75,60,26.70870018005371,0.5,0.2222222222222222,27.0814,,,,
22.0471,14.22109603881836,0.0462962962962963,4.375,70,,,,,,,,
,,,4.375,70,14.750000953674316,0.08928571428571429,0.054644808743169404,31.3484,,,,
12.6694,15.899657249450684,0.044444444444444446,5.0,80,,,,,,,,
,,,5.0,80,16.741872787475586,0.4107142857142857,0.1940928270042194,35.7417,,,,
8.9219,20.101354598999023,0.0425925925925926,5.625,90,,,,,,,,
,,,5.625,90,9.778642654418945,0.5,0.2222222222222222,40.4784,,,,
6.774,14.91841983795166,0.040740740740740744,6.25,100,,,,,,,,
,,,6.25,100,2.1763522624969482,0.4107142857142857,0.1940928270042194,44.8407,,,,
6.1496,24.470529556274414,0.03888888888888889,6.875,110,,,,,,,,
,,,6.875,110,5.531302452087402,0.4107142857142857,0.1940928270042194,49.1882,,,,
5.3108,27.93191909790039,0.037037037037037035,7.5,120,,,,,,,,
,,,7.5,120,3.8364179134368896,0.5,0.2222222222222222,53.1572,,,,
5.0356,14.145444869995117,0.03518518518518519,8.125,130,,,,,,,,
,,,8.125,130,4.238836288452148,0.08928571428571429,0.054644808743169404,57.7944,,,,
4.1433,10.905092239379883,0.03333333333333333,8.75,140,,,,,,,,
,,,8.75,140,4.467918395996094,0.5,0.2222222222222222,62.6732,,,,
3.1879,5.107518196105957,0.031481481481481485,9.375,150,,,,,,,,
,,,9.375,150,3.9615797996520996,0.4107142857142857,0.1940928270042194,67.0505,,,,
2.5625,6.650136947631836,0.02962962962962963,10.0,160,,,,,,,,
,,,10.0,160,3.6797690391540527,0.4107142857142857,0.1940928270042194,71.4988,,,,
2.7803,11.678759574890137,0.02777777777777778,10.625,170,,,,,,,,
,,,10.625,170,1.7682603597640991,0.5,0.2222222222222222,76.2071,,,,
2.9175,17.246511459350586,0.025925925925925925,11.25,180,,,,,,,,
,,,11.25,180,2.3113186359405518,0.5,0.2222222222222222,80.5381,,,,
2.9031,16.271398544311523,0.024074074074074074,11.875,190,,,,,,,,
,,,11.875,190,1.8906984329223633,0.4107142857142857,0.1940928270042194,85.3342,,,,
3.2289,8.69563102722168,0.022222222222222223,12.5,200,,,,,,,,
,,,12.5,200,1.7314808368682861,0.5,0.2222222222222222,89.627,,,,
1.9199,8.943263053894043,0.020370370370370372,13.125,210,,,,,,,,
,,,13.125,210,1.6679189205169678,0.5,0.2222222222222222,94.0042,,,,
1.7752,13.675638198852539,0.018518518518518517,13.75,220,,,,,,,,
,,,13.75,220,1.5498744249343872,0.4107142857142857,0.1940928270042194,98.8858,,,,
1.845,13.841317176818848,0.016666666666666666,14.375,230,,,,,,,,
,,,14.375,230,2.083017587661743,0.4107142857142857,0.1940928270042194,103.5662,,,,
1.7836,17.476890563964844,0.014814814814814815,15.0,240,,,,,,,,
,,,15.0,240,1.4932596683502197,0.5,0.2222222222222222,107.8317,,,,
1.8822,14.392353057861328,0.012962962962962963,15.625,250,,,,,,,,
,,,15.625,250,1.1981112957000732,0.5,0.2222222222222222,112.2944,,,,
2.2292,18.86181640625,0.011111111111111112,16.25,260,,,,,,,,
,,,16.25,260,2.107412815093994,0.5,0.2222222222222222,116.9325,,,,
2.1061,16.048480987548828,0.009259259259259259,16.875,270,,,,,,,,
,,,16.875,270,2.4955272674560547,0.4107142857142857,0.1940928270042194,121.4347,,,,
2.3234,11.70824146270752,0.007407407407407408,17.5,280,,,,,,,,
,,,17.5,280,1.377526879310608,0.5,0.2222222222222222,126.206,,,,
1.6867,10.587554931640625,0.005555555555555556,18.125,290,,,,,,,,
,,,18.125,290,1.111068606376648,0.5,0.2222222222222222,130.5246,,,,
1.6174,8.542182922363281,0.003703703703703704,18.75,300,,,,,,,,
,,,18.75,300,1.1284739971160889,0.4107142857142857,0.1940928270042194,135.3194,,,,
1.3703,4.0581955909729,0.001851851851851852,19.375,310,,,,,,,,
,,,19.375,310,1.0665761232376099,0.4107142857142857,0.1940928270042194,139.4007,,,,
1.3442,22.449052810668945,0.0,20.0,320,,,,,,,,
,,,20.0,320,1.0207642316818237,0.4107142857142857,0.1940928270042194,144.0108,,,,
,,,20.0,320,,,,143.6338,34.811,2.228,452243323863360.0,4.746739845722914
