loss,grad_norm,learning_rate,epoch,step,eval_loss,eval_accuracy,eval_f1,train_runtime,train_samples_per_second,train_steps_per_second,total_flos,train_loss
1.8911,0.9715083837509155,1e-05,0.004347826086956522,1,,,,,,,,
1.8277,1.5724612474441528,0.00025,0.10869565217391304,25,,,,,,,,
,,,0.10869565217391304,25,1.6956275701522827,0.6838235294117647,0.8122270742358079,6.3783,,,,
1.5135,0.7999497652053833,0.0005,0.21739130434782608,50,,,,,,,,
,,,0.21739130434782608,50,1.088676929473877,0.6838235294117647,0.8122270742358079,12.2697,,,,
0.8176,2.7825005054473877,0.00075,0.32608695652173914,75,,,,,,,,
,,,0.32608695652173914,75,0.6774289608001709,0.6838235294117647,0.8122270742358079,18.3443,,,,
0.6711,1.7017595767974854,0.001,0.43478260869565216,100,,,,,,,,
,,,0.43478260869565216,100,0.6294522285461426,0.6838235294117647,0.8122270742358079,24.2912,,,,
0.6261,1.5120540857315063,0.00125,0.5434782608695652,125,,,,,,,,
,,,0.5434782608695652,125,0.616925060749054,0.6838235294117647,0.8122270742358079,30.2802,,,,
0.6372,1.3130453824996948,0.0015,0.6521739130434783,150,,,,,,,,
,,,0.6521739130434783,150,0.6115049123764038,0.6838235294117647,0.8122270742358079,36.2771,,,,
0.659,2.106703519821167,0.00175,0.7608695652173914,175,,,,,,,,
,,,0.7608695652173914,175,0.6191433072090149,0.6838235294117647,0.8122270742358079,42.415,,,,
0.6682,4.7319560050964355,0.002,0.8695652173913043,200,,,,,,,,
,,,0.8695652173913043,200,0.7005051970481873,0.5686274509803921,0.5963302752293578,48.5173,,,,
0.7014,0.8682329058647156,0.0019761904761904764,0.9782608695652174,225,,,,,,,,
,,,0.9782608695652174,225,0.6406546235084534,0.7132352941176471,0.8191653786707882,54.499,,,,
0.6466,1.2403252124786377,0.0019523809523809524,1.0869565217391304,250,,,,,,,,
,,,1.0869565217391304,250,0.6027599573135376,0.6936274509803921,0.816446402349486,60.3566,,,,
0.6408,0.9501542448997498,0.0019285714285714286,1.1956521739130435,275,,,,,,,,
,,,1.1956521739130435,275,0.5914533138275146,0.7058823529411765,0.8214285714285715,66.3303,,,,
0.6195,1.405415654182434,0.0019047619047619048,1.3043478260869565,300,,,,,,,,
,,,1.3043478260869565,300,0.5750488042831421,0.7107843137254902,0.8217522658610272,72.3961,,,,
0.6356,1.6275838613510132,0.001880952380952381,1.4130434782608696,325,,,,,,,,
,,,1.4130434782608696,325,0.5694048404693604,0.7156862745098039,0.8231707317073171,78.3405,,,,
0.6207,1.1543477773666382,0.0018571428571428573,1.5217391304347827,350,,,,,,,,
,,,1.5217391304347827,350,0.5765380859375,0.7524509803921569,0.8237347294938918,84.3431,,,,
0.6622,0.8733640909194946,0.0018333333333333333,1.6304347826086958,375,,,,,,,,
,,,1.6304347826086958,375,0.5448629260063171,0.7205882352941176,0.8256880733944955,90.2217,,,,
0.5829,0.7428651452064514,0.0018095238095238095,1.7391304347826086,400,,,,,,,,
,,,1.7391304347826086,400,0.575713038444519,0.7009803921568627,0.8189910979228486,96.1965,,,,
0.6234,3.7027454376220703,0.0017857142857142859,1.8478260869565217,425,,,,,,,,
,,,1.8478260869565217,425,0.5313031077384949,0.7475490196078431,0.838810641627543,102.2378,,,,
0.6002,2.614574909210205,0.0017619047619047618,1.9565217391304348,450,,,,,,,,
,,,1.9565217391304348,450,0.5252575278282166,0.7377450980392157,0.835130970724191,108.2952,,,,
0.5889,0.8320885300636292,0.0017380952380952382,2.0652173913043477,475,,,,,,,,
,,,2.0652173913043477,475,0.521205723285675,0.7303921568627451,0.8312883435582822,114.1363,,,,
0.6015,3.9911022186279297,0.0017142857142857142,2.1739130434782608,500,,,,,,,,
,,,2.1739130434782608,500,0.49689918756484985,0.7892156862745098,0.8527397260273972,120.125,,,,
0.5579,1.226099967956543,0.0016904761904761906,2.282608695652174,525,,,,,,,,
,,,2.282608695652174,525,0.5263725519180298,0.7254901960784313,0.8287461773700305,126.3799,,,,
0.6328,2.0794293880462646,0.0016666666666666668,2.391304347826087,550,,,,,,,,
,,,2.391304347826087,550,0.4822516441345215,0.7818627450980392,0.8452173913043478,132.3065,,,,
0.5733,1.2729414701461792,0.0016428571428571427,2.5,575,,,,,,,,
,,,2.5,575,0.6503944396972656,0.7279411764705882,0.8340807174887892,138.3553,,,,
0.5041,0.9695839881896973,0.0016190476190476191,2.608695652173913,600,,,,,,,,
,,,2.608695652173913,600,0.49084702134132385,0.7990196078431373,0.8673139158576052,144.3031,,,,
0.5315,2.070821523666382,0.0015952380952380953,2.717391304347826,625,,,,,,,,
,,,2.717391304347826,625,0.5384957790374756,0.7696078431372549,0.8535825545171339,150.4398,,,,
0.5525,1.7139021158218384,0.0015714285714285715,2.8260869565217392,650,,,,,,,,
,,,2.8260869565217392,650,0.44442018866539,0.8112745098039216,0.8597449908925319,156.4679,,,,
0.5286,0.9534712433815002,0.0015476190476190477,2.9347826086956523,675,,,,,,,,
,,,2.9347826086956523,675,0.42479056119918823,0.8112745098039216,0.8692699490662139,162.5602,,,,
0.4556,1.8053841590881348,0.0015238095238095239,3.0434782608695654,700,,,,,,,,
,,,3.0434782608695654,700,0.4289309084415436,0.7965686274509803,0.8556521739130434,168.3193,,,,
0.4521,0.9376614093780518,0.0015,3.1521739130434785,725,,,,,,,,
,,,3.1521739130434785,725,0.41136056184768677,0.8063725490196079,0.8644939965694681,174.287,,,,
0.4476,2.506394386291504,0.0014761904761904762,3.260869565217391,750,,,,,,,,
,,,3.260869565217391,750,0.4091792702674866,0.8235294117647058,0.8745644599303136,180.368,,,,
0.4098,2.3961679935455322,0.0014523809523809524,3.369565217391304,775,,,,,,,,
,,,3.369565217391304,775,0.481476753950119,0.7916666666666666,0.8604269293924466,186.2001,,,,
0.4704,2.8099334239959717,0.0014285714285714286,3.4782608695652173,800,,,,,,,,
,,,3.4782608695652173,800,0.41355305910110474,0.8235294117647058,0.8783783783783784,192.2743,,,,
0.4959,2.961791753768921,0.0014047619047619047,3.5869565217391304,825,,,,,,,,
,,,3.5869565217391304,825,0.39972448348999023,0.821078431372549,0.8707964601769912,198.2625,,,,
0.4625,2.425604820251465,0.001380952380952381,3.6956521739130435,850,,,,,,,,
,,,3.6956521739130435,850,0.40216147899627686,0.8161764705882353,0.864376130198915,204.3962,,,,
0.4376,1.8889435529708862,0.0013571428571428573,3.8043478260869565,875,,,,,,,,
,,,3.8043478260869565,875,0.410819411277771,0.8235294117647058,0.8718861209964414,210.3515,,,,
0.449,1.4188536405563354,0.0013333333333333333,3.9130434782608696,900,,,,,,,,
,,,3.9130434782608696,900,0.3954930901527405,0.8382352941176471,0.888135593220339,216.4377,,,,
0.4516,1.4741225242614746,0.0013095238095238095,4.021739130434782,925,,,,,,,,
,,,4.021739130434782,925,0.3710600435733795,0.8357843137254902,0.8850771869639793,222.2864,,,,
0.399,1.7894604206085205,0.0012857142857142859,4.130434782608695,950,,,,,,,,
,,,4.130434782608695,950,0.46035152673721313,0.8284313725490197,0.8852459016393442,228.3981,,,,
0.44,3.1248867511749268,0.0012619047619047618,4.239130434782608,975,,,,,,,,
,,,4.239130434782608,975,0.4706801474094391,0.8186274509803921,0.8798701298701299,234.2457,,,,
0.4561,1.9577443599700928,0.0012380952380952382,4.3478260869565215,1000,,,,,,,,
,,,4.3478260869565215,1000,0.3979441821575165,0.8333333333333334,0.8851351351351352,240.2287,,,,
0.4533,2.991271734237671,0.0012142857142857142,4.456521739130435,1025,,,,,,,,
,,,4.456521739130435,1025,0.4142243564128876,0.8186274509803921,0.8614232209737828,246.4704,,,,
0.4001,1.738944172859192,0.0011904761904761906,4.565217391304348,1050,,,,,,,,
,,,4.565217391304348,1050,0.45985931158065796,0.8235294117647058,0.8823529411764706,252.4869,,,,
0.3793,1.6345124244689941,0.0011666666666666668,4.673913043478261,1075,,,,,,,,
,,,4.673913043478261,1075,0.4535170793533325,0.8284313725490197,0.8848684210526315,258.4916,,,,
0.4245,1.7401736974716187,0.0011428571428571427,4.782608695652174,1100,,,,,,,,
,,,4.782608695652174,1100,0.38021335005760193,0.8308823529411765,0.8836424957841484,264.4777,,,,
0.44,3.6596100330352783,0.0011190476190476191,4.891304347826087,1125,,,,,,,,
,,,4.891304347826087,1125,0.3606847822666168,0.8333333333333334,0.8776978417266188,270.5094,,,,
0.399,0.6902362108230591,0.0010952380952380953,5.0,1150,,,,,,,,
,,,5.0,1150,0.37042108178138733,0.8284313725490197,0.8713235294117646,276.5043,,,,
0.3546,0.8893529772758484,0.0010714285714285715,5.108695652173913,1175,,,,,,,,
,,,5.108695652173913,1175,0.36458393931388855,0.8431372549019608,0.8873239436619718,282.4464,,,,
0.4154,2.7387590408325195,0.0010476190476190477,5.217391304347826,1200,,,,,,,,
,,,5.217391304347826,1200,0.37932175397872925,0.8259803921568627,0.8769497400346621,288.4412,,,,
0.4114,2.385272741317749,0.0010238095238095238,5.326086956521739,1225,,,,,,,,
,,,5.326086956521739,1225,0.3549882471561432,0.8259803921568627,0.8725314183123878,294.5284,,,,
0.3864,1.6255476474761963,0.001,5.434782608695652,1250,,,,,,,,
,,,5.434782608695652,1250,0.404412180185318,0.8284313725490197,0.8813559322033899,300.4312,,,,
0.3235,2.513765573501587,0.0009761904761904762,5.543478260869565,1275,,,,,,,,
,,,5.543478260869565,1275,0.35990968346595764,0.8431372549019608,0.8857142857142857,306.4386,,,,
0.3437,1.5954945087432861,0.0009523809523809524,5.6521739130434785,1300,,,,,,,,
,,,5.6521739130434785,1300,0.3714156448841095,0.8480392156862745,0.8916083916083916,312.4191,,,,
0.3825,1.367485523223877,0.0009285714285714287,5.760869565217392,1325,,,,,,,,
,,,5.760869565217392,1325,0.35299912095069885,0.8382352941176471,0.88339222614841,318.5224,,,,
0.3943,3.5357768535614014,0.0009047619047619047,5.869565217391305,1350,,,,,,,,
,,,5.869565217391305,1350,0.35925522446632385,0.8431372549019608,0.8885017421602788,324.552,,,,
0.3898,1.5458292961120605,0.0008809523809523809,5.978260869565218,1375,,,,,,,,
,,,5.978260869565218,1375,0.3753417432308197,0.8480392156862745,0.8952702702702703,330.675,,,,
0.2774,5.10745096206665,0.0008571428571428571,6.086956521739131,1400,,,,,,,,
,,,6.086956521739131,1400,0.5249916911125183,0.8308823529411765,0.8870703764320785,336.6358,,,,
0.351,1.8736337423324585,0.0008333333333333334,6.195652173913044,1425,,,,,,,,
,,,6.195652173913044,1425,0.4815383553504944,0.8333333333333334,0.8877887788778879,342.8158,,,,
0.399,3.8108174800872803,0.0008095238095238096,6.304347826086957,1450,,,,,,,,
,,,6.304347826086957,1450,0.34021124243736267,0.8529411764705882,0.8880597014925373,348.788,,,,
0.3586,2.549710988998413,0.0007857142857142857,6.413043478260869,1475,,,,,,,,
,,,6.413043478260869,1475,0.33814549446105957,0.8602941176470589,0.9018932874354562,354.7602,,,,
0.3735,1.314289927482605,0.0007619047619047619,6.521739130434782,1500,,,,,,,,
,,,6.521739130434782,1500,0.33204105496406555,0.8578431372549019,0.8933823529411764,360.7584,,,,
0.3575,2.8403942584991455,0.0007380952380952381,6.630434782608695,1525,,,,,,,,
,,,6.630434782608695,1525,0.43739819526672363,0.8333333333333334,0.8877887788778879,367.0364,,,,
0.3663,1.295877456665039,0.0007142857142857143,6.739130434782608,1550,,,,,,,,
,,,6.739130434782608,1550,0.3587163984775543,0.8578431372549019,0.8982456140350877,373.0393,,,,
0.3322,1.6682100296020508,0.0006904761904761905,6.8478260869565215,1575,,,,,,,,
,,,6.8478260869565215,1575,0.36957889795303345,0.8406862745098039,0.8877374784110534,379.0071,,,,
0.3501,2.170474052429199,0.0006666666666666666,6.956521739130435,1600,,,,,,,,
,,,6.956521739130435,1600,0.37533316016197205,0.8602941176470589,0.9028960817717206,385.1425,,,,
0.2729,2.194369077682495,0.0006428571428571429,7.065217391304348,1625,,,,,,,,
,,,7.065217391304348,1625,0.3746015429496765,0.8578431372549019,0.8993055555555555,390.9721,,,,
0.3391,1.2499009370803833,0.0006190476190476191,7.173913043478261,1650,,,,,,,,
,,,7.173913043478261,1650,0.35616636276245117,0.8725490196078431,0.9100346020761245,396.9539,,,,
0.3032,1.5111486911773682,0.0005952380952380953,7.282608695652174,1675,,,,,,,,
,,,7.282608695652174,1675,0.3677772879600525,0.8578431372549019,0.9016949152542373,402.9131,,,,
0.3262,4.028239727020264,0.0005714285714285714,7.391304347826087,1700,,,,,,,,
,,,7.391304347826087,1700,0.3886781334877014,0.8529411764705882,0.8993288590604027,408.9503,,,,
0.2907,1.9238460063934326,0.0005476190476190477,7.5,1725,,,,,,,,
,,,7.5,1725,0.35862404108047485,0.8700980392156863,0.9075043630017452,415.055,,,,
0.364,2.947547197341919,0.0005238095238095238,7.608695652173913,1750,,,,,,,,
,,,7.608695652173913,1750,0.3464193046092987,0.8578431372549019,0.8999999999999999,421.0604,,,,
0.3479,2.229454755783081,0.0005,7.717391304347826,1775,,,,,,,,
,,,7.717391304347826,1775,0.35587650537490845,0.8455882352941176,0.8926746166950595,427.164,,,,
0.3513,2.2785823345184326,0.0004761904761904762,7.826086956521739,1800,,,,,,,,
,,,7.826086956521739,1800,0.3435296416282654,0.8578431372549019,0.8996539792387542,433.059,,,,
0.2806,2.03134822845459,0.00045238095238095237,7.934782608695652,1825,,,,,,,,
,,,7.934782608695652,1825,0.31678417325019836,0.8602941176470589,0.8976660682226212,439.3116,,,,
0.3275,2.4266953468322754,0.00042857142857142855,8.043478260869565,1850,,,,,,,,
,,,8.043478260869565,1850,0.35119789838790894,0.8480392156862745,0.8945578231292517,445.1757,,,,
0.2792,0.9319896697998047,0.0004047619047619048,8.152173913043478,1875,,,,,,,,
,,,8.152173913043478,1875,0.3517903685569763,0.8578431372549019,0.8996539792387542,451.2242,,,,
0.2722,0.9899928569793701,0.00038095238095238096,8.26086956521739,1900,,,,,,,,
,,,8.26086956521739,1900,0.3429234027862549,0.8725490196078431,0.9087719298245615,457.1687,,,,
0.2785,1.181687593460083,0.00035714285714285714,8.369565217391305,1925,,,,,,,,
,,,8.369565217391305,1925,0.3234625458717346,0.8774509803921569,0.9100719424460433,463.2505,,,,
0.306,2.77607798576355,0.0003333333333333333,8.478260869565217,1950,,,,,,,,
,,,8.478260869565217,1950,0.3688795864582062,0.8627450980392157,0.9054054054054055,469.2651,,,,
0.298,2.758352756500244,0.00030952380952380956,8.58695652173913,1975,,,,,,,,
,,,8.58695652173913,1975,0.3389485776424408,0.8700980392156863,0.909710391822828,475.1647,,,,
0.2997,1.841425895690918,0.0002857142857142857,8.695652173913043,2000,,,,,,,,
,,,8.695652173913043,2000,0.3533277213573456,0.8578431372549019,0.9016949152542373,481.1163,,,,
0.2702,2.5592591762542725,0.0002619047619047619,8.804347826086957,2025,,,,,,,,
,,,8.804347826086957,2025,0.33498114347457886,0.8823529411764706,0.9157894736842105,487.2587,,,,
0.2834,3.076143264770508,0.0002380952380952381,8.91304347826087,2050,,,,,,,,
,,,8.91304347826087,2050,0.4207521378993988,0.8602941176470589,0.9045226130653267,493.2748,,,,
0.2996,0.8796957731246948,0.00021428571428571427,9.021739130434783,2075,,,,,,,,
,,,9.021739130434783,2075,0.33469945192337036,0.8774509803921569,0.912280701754386,499.1166,,,,
0.2406,2.0534729957580566,0.00019047619047619048,9.130434782608695,2100,,,,,,,,
,,,9.130434782608695,2100,0.32787761092185974,0.875,0.9097345132743363,505.1169,,,,
0.2964,4.878050804138184,0.00016666666666666666,9.23913043478261,2125,,,,,,,,
,,,9.23913043478261,2125,0.3356499671936035,0.875,0.9106830122591945,511.0274,,,,
0.3164,2.566560745239258,0.00014285714285714284,9.347826086956522,2150,,,,,,,,
,,,9.347826086956522,2150,0.3582252860069275,0.8676470588235294,0.9075342465753423,517.1002,,,,
0.2577,2.2301549911499023,0.00011904761904761905,9.456521739130435,2175,,,,,,,,
,,,9.456521739130435,2175,0.33094263076782227,0.8700980392156863,0.9084628670120898,523.0941,,,,
0.3192,2.039865016937256,9.523809523809524e-05,9.565217391304348,2200,,,,,,,,
,,,9.565217391304348,2200,0.3353540897369385,0.8700980392156863,0.9084628670120898,529.1452,,,,
0.2618,2.152012586593628,7.142857142857142e-05,9.673913043478262,2225,,,,,,,,
,,,9.673913043478262,2225,0.3311108350753784,0.8700980392156863,0.9084628670120898,535.07,,,,
0.2865,2.2989919185638428,4.761904761904762e-05,9.782608695652174,2250,,,,,,,,
,,,9.782608695652174,2250,0.336178719997406,0.8627450980392157,0.9037800687285222,541.1102,,,,
0.3077,4.59872579574585,2.380952380952381e-05,9.891304347826086,2275,,,,,,,,
,,,9.891304347826086,2275,0.32620441913604736,0.8700980392156863,0.9084628670120898,547.1136,,,,
0.2443,4.799149513244629,0.0,10.0,2300,,,,,,,,
,,,10.0,2300,0.32158175110816956,0.8700980392156863,0.9081455805892548,553.0919,,,,
,,,10.0,2300,,,,552.7443,66.36,4.161,1454777288966400.0,0.45694355544836623
