loss,grad_norm,learning_rate,epoch,step,eval_loss,eval_accuracy,eval_f1,train_runtime,train_samples_per_second,train_steps_per_second,total_flos,train_loss
0.7557,4.206997394561768,1e-05,0.008695652173913044,1,,,,,,,,
0.6807,2.013742685317993,0.00025,0.21739130434782608,25,,,,,,,,
,,,0.21739130434782608,25,1.0597813129425049,0.6838235294117647,0.8122270742358079,12.2336,,,,
0.6412,0.3782486319541931,0.0005,0.43478260869565216,50,,,,,,,,
,,,0.43478260869565216,50,1.0510555505752563,0.6838235294117647,0.8122270742358079,24.4195,,,,
0.5969,0.7384663224220276,0.00075,0.6521739130434783,75,,,,,,,,
,,,0.6521739130434783,75,1.0353587865829468,0.7083333333333334,0.8160741885625965,36.1996,,,,
0.5963,1.423924207687378,0.001,0.8695652173913043,100,,,,,,,,
,,,0.8695652173913043,100,0.9235737323760986,0.7598039215686274,0.8473520249221185,48.5401,,,,
0.5024,1.3906550407409668,0.00125,1.0869565217391304,125,,,,,,,,
,,,1.0869565217391304,125,0.8499397039413452,0.8259803921568627,0.8765217391304347,60.3009,,,,
0.523,2.5865068435668945,0.0015,1.3043478260869565,150,,,,,,,,
,,,1.3043478260869565,150,0.887009859085083,0.8357843137254902,0.8704061895551256,72.2801,,,,
0.4507,1.041749358177185,0.00175,1.5217391304347827,175,,,,,,,,
,,,1.5217391304347827,175,0.9553689360618591,0.8504901960784313,0.8900900900900901,84.4215,,,,
0.4138,1.1071058511734009,0.002,1.7391304347826086,200,,,,,,,,
,,,1.7391304347826086,200,1.017033338546753,0.8725490196078431,0.9078014184397164,96.5353,,,,
0.4562,1.7849276065826416,0.0019473684210526317,1.9565217391304348,225,,,,,,,,
,,,1.9565217391304348,225,1.1756397485733032,0.8848039215686274,0.9171075837742505,108.4799,,,,
0.3468,1.0999449491500854,0.001894736842105263,2.1739130434782608,250,,,,,,,,
,,,2.1739130434782608,250,1.3011282682418823,0.8553921568627451,0.8893058161350844,120.4844,,,,
0.2931,0.8445313572883606,0.0018421052631578947,2.391304347826087,275,,,,,,,,
,,,2.391304347826087,275,1.4401490688323975,0.8627450980392157,0.900709219858156,132.2498,,,,
0.3302,4.212167739868164,0.0017894736842105263,2.608695652173913,300,,,,,,,,
,,,2.608695652173913,300,1.506880760192871,0.8700980392156863,0.9051878354203935,144.3555,,,,
0.3411,3.2425026893615723,0.001736842105263158,2.8260869565217392,325,,,,,,,,
,,,2.8260869565217392,325,1.5845779180526733,0.8578431372549019,0.901023890784983,156.4708,,,,
0.3002,2.60241436958313,0.0016842105263157893,3.0434782608695654,350,,,,,,,,
,,,3.0434782608695654,350,1.7080026865005493,0.8308823529411765,0.8870703764320785,168.568,,,,
0.2628,1.0254734754562378,0.001631578947368421,3.260869565217391,375,,,,,,,,
,,,3.260869565217391,375,1.7256759405136108,0.8529411764705882,0.8993288590604027,180.5155,,,,
0.2739,1.733511209487915,0.0015789473684210526,3.4782608695652173,400,,,,,,,,
,,,3.4782608695652173,400,1.723629117012024,0.8700980392156863,0.9078260869565218,192.6111,,,,
0.269,5.708141803741455,0.0015263157894736842,3.6956521739130435,425,,,,,,,,
,,,3.6956521739130435,425,1.829587459564209,0.8725490196078431,0.9054545454545455,204.6197,,,,
0.2465,1.5183814764022827,0.0014736842105263158,3.9130434782608696,450,,,,,,,,
,,,3.9130434782608696,450,1.8726394176483154,0.8848039215686274,0.9173989455184535,216.8952,,,,
0.1925,1.918698787689209,0.0014210526315789475,4.130434782608695,475,,,,,,,,
,,,4.130434782608695,475,2.1394877433776855,0.8602941176470589,0.9001751313485115,228.7048,,,,
0.2002,0.9870302677154541,0.001368421052631579,4.3478260869565215,500,,,,,,,,
,,,4.3478260869565215,500,2.0446953773498535,0.8700980392156863,0.9090909090909091,240.7427,,,,
0.1847,1.5890945196151733,0.0013157894736842107,4.565217391304348,525,,,,,,,,
,,,4.565217391304348,525,2.0961289405822754,0.8799019607843137,0.9120287253141832,253.0369,,,,
0.1839,3.1096601486206055,0.0012631578947368421,4.782608695652174,550,,,,,,,,
,,,4.782608695652174,550,2.1233980655670166,0.8823529411764706,0.9151943462897526,265.2455,,,,
0.2173,1.754956841468811,0.0012105263157894737,5.0,575,,,,,,,,
,,,5.0,575,2.1363298892974854,0.8872549019607843,0.9163636363636363,277.1394,,,,
0.124,1.069277286529541,0.0011578947368421054,5.217391304347826,600,,,,,,,,
,,,5.217391304347826,600,2.4202890396118164,0.8848039215686274,0.9168141592920355,289.2704,,,,
0.1199,2.6138076782226562,0.001105263157894737,5.434782608695652,625,,,,,,,,
,,,5.434782608695652,625,2.327507972717285,0.8725490196078431,0.9047619047619048,301.0481,,,,
0.1053,6.144110679626465,0.0010526315789473684,5.6521739130434785,650,,,,,,,,
,,,5.6521739130434785,650,2.5073726177215576,0.8455882352941176,0.893760539629005,313.3273,,,,
0.1852,1.606512188911438,0.001,5.869565217391305,675,,,,,,,,
,,,5.869565217391305,675,2.391768217086792,0.8872549019607843,0.9169675090252707,325.3389,,,,
0.1069,1.3827199935913086,0.0009473684210526315,6.086956521739131,700,,,,,,,,
,,,6.086956521739131,700,2.5108375549316406,0.8676470588235294,0.9072164948453608,337.582,,,,
0.0818,1.879917025566101,0.0008947368421052632,6.304347826086957,725,,,,,,,,
,,,6.304347826086957,725,2.5821239948272705,0.8970588235294118,0.9249999999999999,349.6422,,,,
0.091,2.9460175037384033,0.0008421052631578947,6.521739130434782,750,,,,,,,,
,,,6.521739130434782,750,2.465796709060669,0.9019607843137255,0.9283154121863799,361.7674,,,,
0.0785,5.545956611633301,0.0007894736842105263,6.739130434782608,775,,,,,,,,
,,,6.739130434782608,775,2.5765044689178467,0.8774509803921569,0.9090909090909091,373.8105,,,,
0.0613,2.600433826446533,0.0007368421052631579,6.956521739130435,800,,,,,,,,
,,,6.956521739130435,800,2.6455066204071045,0.8725490196078431,0.9084507042253521,386.022,,,,
0.0496,0.01746811904013157,0.0006842105263157895,7.173913043478261,825,,,,,,,,
,,,7.173913043478261,825,2.706866979598999,0.8651960784313726,0.9016100178890876,397.6288,,,,
0.0557,1.575592279434204,0.0006315789473684211,7.391304347826087,850,,,,,,,,
,,,7.391304347826087,850,2.717228889465332,0.8651960784313726,0.9026548672566371,409.6968,,,,
0.0558,6.862182140350342,0.0005789473684210527,7.608695652173913,875,,,,,,,,
,,,7.608695652173913,875,2.699735403060913,0.8774509803921569,0.910394265232975,421.6415,,,,
0.0657,2.109302282333374,0.0005263157894736842,7.826086956521739,900,,,,,,,,
,,,7.826086956521739,900,2.621023654937744,0.875,0.9071038251366121,433.7909,,,,
0.0541,0.9660072326660156,0.00047368421052631577,8.043478260869565,925,,,,,,,,
,,,8.043478260869565,925,2.683824062347412,0.8725490196078431,0.9040590405904059,445.9293,,,,
0.0211,0.06150312349200249,0.00042105263157894734,8.26086956521739,950,,,,,,,,
,,,8.26086956521739,950,2.736323833465576,0.8700980392156863,0.9051878354203935,458.1692,,,,
0.0187,0.31934654712677,0.00036842105263157896,8.478260869565217,975,,,,,,,,
,,,8.478260869565217,975,2.800041437149048,0.8823529411764706,0.9124087591240876,470.209,,,,
0.0412,0.8454840779304504,0.00031578947368421053,8.695652173913043,1000,,,,,,,,
,,,8.695652173913043,1000,2.775951385498047,0.8921568627450981,0.9217081850533807,482.3949,,,,
0.0267,1.060765027999878,0.0002631578947368421,8.91304347826087,1025,,,,,,,,
,,,8.91304347826087,1025,2.7981364727020264,0.8823529411764706,0.9142857142857143,494.5411,,,,
0.0568,0.22423459589481354,0.00021052631578947367,9.130434782608695,1050,,,,,,,,
,,,9.130434782608695,1050,2.79046630859375,0.8848039215686274,0.9153153153153154,506.6017,,,,
0.0461,0.008818181231617928,0.00015789473684210527,9.347826086956522,1075,,,,,,,,
,,,9.347826086956522,1075,2.7525315284729004,0.8823529411764706,0.9136690647482014,518.3923,,,,
0.0296,0.07966543734073639,0.00010526315789473683,9.565217391304348,1100,,,,,,,,
,,,9.565217391304348,1100,2.7608277797698975,0.8799019607843137,0.9117117117117116,530.5881,,,,
0.0235,0.0090088602155447,5.263157894736842e-05,9.782608695652174,1125,,,,,,,,
,,,9.782608695652174,1125,2.7643775939941406,0.8872549019607843,0.9181494661921709,542.4532,,,,
0.0181,0.05153341218829155,0.0,10.0,1150,,,,,,,,
,,,10.0,1150,2.7669758796691895,0.8872549019607843,0.9181494661921709,554.7265,,,,
,,,10.0,1150,,,,554.3348,66.169,2.075,1548205254336384.0,0.21789071917533875
