loss,grad_norm,learning_rate,epoch,step,eval_loss,eval_accuracy,eval_f1,train_runtime,train_samples_per_second,train_steps_per_second,total_flos,train_loss
1.8911,0.9714081287384033,1e-05,0.004347826086956522,1,,,,,,,,
1.8277,1.5737556219100952,0.00025,0.10869565217391304,25,,,,,,,,
,,,0.10869565217391304,25,1.6957002878189087,0.6838235294117647,0.8122270742358079,6.3257,,,,
1.5138,0.8003849983215332,0.0005,0.21739130434782608,50,,,,,,,,
,,,0.21739130434782608,50,1.0892682075500488,0.6838235294117647,0.8122270742358079,12.2994,,,,
0.8179,2.763533592224121,0.00075,0.32608695652173914,75,,,,,,,,
,,,0.32608695652173914,75,0.6763628721237183,0.6838235294117647,0.8122270742358079,18.3326,,,,
0.6713,1.7161688804626465,0.001,0.43478260869565216,100,,,,,,,,
,,,0.43478260869565216,100,0.6292956471443176,0.6838235294117647,0.8122270742358079,24.2676,,,,
0.6263,1.5170220136642456,0.00125,0.5434782608695652,125,,,,,,,,
,,,0.5434782608695652,125,0.6185978651046753,0.6838235294117647,0.8122270742358079,30.2433,,,,
0.636,1.395622730255127,0.0015,0.6521739130434783,150,,,,,,,,
,,,0.6521739130434783,150,0.6083622574806213,0.6936274509803921,0.8169838945827232,36.1494,,,,
0.6584,1.9947491884231567,0.00175,0.7608695652173914,175,,,,,,,,
,,,0.7608695652173914,175,0.6078051924705505,0.6936274509803921,0.8169838945827232,42.3133,,,,
0.6409,2.512871265411377,0.002,0.8695652173913043,200,,,,,,,,
,,,0.8695652173913043,200,0.679722785949707,0.7009803921568627,0.8189910979228486,48.3103,,,,
0.6464,0.9047486186027527,0.0019761904761904764,0.9782608695652174,225,,,,,,,,
,,,0.9782608695652174,225,0.5804912447929382,0.7205882352941176,0.8235294117647058,54.3577,,,,
0.5986,0.7598172426223755,0.0019523809523809524,1.0869565217391304,250,,,,,,,,
,,,1.0869565217391304,250,0.5547105669975281,0.7647058823529411,0.8383838383838383,60.1465,,,,
0.5969,0.5061963796615601,0.0019285714285714286,1.1956521739130435,275,,,,,,,,
,,,1.1956521739130435,275,0.5647842288017273,0.7083333333333334,0.8221225710014948,66.1817,,,,
0.5951,1.4952703714370728,0.0019047619047619048,1.3043478260869565,300,,,,,,,,
,,,1.3043478260869565,300,0.5257283449172974,0.7328431372549019,0.8330781010719754,72.1842,,,,
0.5345,1.8806700706481934,0.001880952380952381,1.4130434782608696,325,,,,,,,,
,,,1.4130434782608696,325,0.474441260099411,0.7769607843137255,0.852988691437803,78.2248,,,,
0.5572,0.939415693283081,0.0018571428571428573,1.5217391304347827,350,,,,,,,,
,,,1.5217391304347827,350,0.4638617932796478,0.7867647058823529,0.8454706927175845,84.2043,,,,
0.5304,1.4083948135375977,0.0018333333333333333,1.6304347826086958,375,,,,,,,,
,,,1.6304347826086958,375,0.44745081663131714,0.8063725490196079,0.8523364485981308,90.1452,,,,
0.5616,2.313837766647339,0.0018095238095238095,1.7391304347826086,400,,,,,,,,
,,,1.7391304347826086,400,0.5496410727500916,0.7647058823529411,0.8527607361963191,96.111,,,,
0.5648,6.394043445587158,0.0017857142857142859,1.8478260869565217,425,,,,,,,,
,,,1.8478260869565217,425,0.42287296056747437,0.7965686274509803,0.8637110016420361,102.1881,,,,
0.5214,1.0440717935562134,0.0017619047619047618,1.9565217391304348,450,,,,,,,,
,,,1.9565217391304348,450,0.4224037528038025,0.8088235294117647,0.8717105263157895,108.2567,,,,
0.434,1.4496972560882568,0.0017380952380952382,2.0652173913043477,475,,,,,,,,
,,,2.0652173913043477,475,0.401921808719635,0.8259803921568627,0.8814691151919867,114.0704,,,,
0.5575,5.236003875732422,0.0017142857142857142,2.1739130434782608,500,,,,,,,,
,,,2.1739130434782608,500,0.4112001359462738,0.8406862745098039,0.8807339449541283,120.0527,,,,
0.4593,2.674039363861084,0.0016904761904761906,2.282608695652174,525,,,,,,,,
,,,2.282608695652174,525,0.4210372567176819,0.7818627450980392,0.8571428571428572,126.1934,,,,
0.471,4.414297103881836,0.0016666666666666668,2.391304347826087,550,,,,,,,,
,,,2.391304347826087,550,0.3729301989078522,0.8578431372549019,0.8978873239436619,132.1559,,,,
0.4846,4.706262111663818,0.0016428571428571427,2.5,575,,,,,,,,
,,,2.5,575,0.5711224675178528,0.7549019607843137,0.8475609756097561,138.1302,,,,
0.4527,2.8749823570251465,0.0016190476190476191,2.608695652173913,600,,,,,,,,
,,,2.608695652173913,600,0.3563353717327118,0.8553921568627451,0.8936936936936937,144.1762,,,,
0.4104,4.910909175872803,0.0015952380952380953,2.717391304347826,625,,,,,,,,
,,,2.717391304347826,625,0.41827476024627686,0.8308823529411765,0.886326194398682,150.2417,,,,
0.4625,2.530350923538208,0.0015714285714285715,2.8260869565217392,650,,,,,,,,
,,,2.8260869565217392,650,0.4353366196155548,0.8112745098039216,0.8504854368932039,156.3423,,,,
0.4855,2.8753604888916016,0.0015476190476190477,2.9347826086956523,675,,,,,,,,
,,,2.9347826086956523,675,0.422801673412323,0.8357843137254902,0.8896210873146623,162.3853,,,,
0.4389,1.9197102785110474,0.0015238095238095239,3.0434782608695654,700,,,,,,,,
,,,3.0434782608695654,700,0.35733214020729065,0.8431372549019608,0.8869257950530036,168.3202,,,,
0.3779,1.3840141296386719,0.0015,3.1521739130434785,725,,,,,,,,
,,,3.1521739130434785,725,0.3964814841747284,0.8284313725490197,0.8856209150326797,174.2942,,,,
0.4285,1.5628396272659302,0.0014761904761904762,3.260869565217391,750,,,,,,,,
,,,3.260869565217391,750,0.3630480170249939,0.8455882352941176,0.8926746166950595,180.405,,,,
0.3297,1.9298679828643799,0.0014523809523809524,3.369565217391304,775,,,,,,,,
,,,3.369565217391304,775,0.5198725461959839,0.8014705882352942,0.8708133971291866,186.2755,,,,
0.4514,6.114102363586426,0.0014285714285714286,3.4782608695652173,800,,,,,,,,
,,,3.4782608695652173,800,0.4230104386806488,0.8014705882352942,0.8695652173913043,192.2894,,,,
0.4729,2.1212966442108154,0.0014047619047619047,3.5869565217391304,825,,,,,,,,
,,,3.5869565217391304,825,0.3525741398334503,0.8333333333333334,0.8862876254180602,198.2854,,,,
0.4483,4.565333366394043,0.001380952380952381,3.6956521739130435,850,,,,,,,,
,,,3.6956521739130435,850,0.3690728545188904,0.8529411764705882,0.8867924528301886,204.3859,,,,
0.4481,7.053055286407471,0.0013571428571428573,3.8043478260869565,875,,,,,,,,
,,,3.8043478260869565,875,0.4278968274593353,0.8259803921568627,0.8830313014827017,210.3941,,,,
0.4057,2.0070879459381104,0.0013333333333333333,3.9130434782608696,900,,,,,,,,
,,,3.9130434782608696,900,0.33302295207977295,0.8553921568627451,0.8970331588132635,216.4266,,,,
0.3587,1.4945629835128784,0.0013095238095238095,4.021739130434782,925,,,,,,,,
,,,4.021739130434782,925,0.36900097131729126,0.8480392156862745,0.8931034482758621,222.3238,,,,
0.422,1.412536382675171,0.0012857142857142859,4.130434782608695,950,,,,,,,,
,,,4.130434782608695,950,0.34515559673309326,0.8480392156862745,0.8949152542372881,228.3272,,,,
0.4095,2.465296506881714,0.0012619047619047618,4.239130434782608,975,,,,,,,,
,,,4.239130434782608,975,0.45790237188339233,0.8284313725490197,0.8867313915857604,234.2997,,,,
0.4401,2.0026965141296387,0.0012380952380952382,4.3478260869565215,1000,,,,,,,,
,,,4.3478260869565215,1000,0.3336977958679199,0.8480392156862745,0.8931034482758621,240.2075,,,,
0.39,5.476308345794678,0.0012142857142857142,4.456521739130435,1025,,,,,,,,
,,,4.456521739130435,1025,0.3598997890949249,0.8651960784313726,0.8952380952380952,246.5771,,,,
0.395,4.588759899139404,0.0011904761904761906,4.565217391304348,1050,,,,,,,,
,,,4.565217391304348,1050,0.4167041778564453,0.8431372549019608,0.8943894389438943,252.5704,,,,
0.3702,0.9727708101272583,0.0011666666666666668,4.673913043478261,1075,,,,,,,,
,,,4.673913043478261,1075,0.3166762590408325,0.8627450980392157,0.9027777777777778,258.6463,,,,
0.3433,3.605205774307251,0.0011428571428571427,4.782608695652174,1100,,,,,,,,
,,,4.782608695652174,1100,0.32872623205184937,0.8725490196078431,0.9112627986348123,264.6282,,,,
0.3736,4.831243991851807,0.0011190476190476191,4.891304347826087,1125,,,,,,,,
,,,4.891304347826087,1125,0.318190336227417,0.8676470588235294,0.9035714285714286,270.6515,,,,
0.335,0.6918594241142273,0.0010952380952380953,5.0,1150,,,,,,,,
,,,5.0,1150,0.32034003734588623,0.8651960784313726,0.9050086355785838,276.6593,,,,
0.3068,2.366344690322876,0.0010714285714285715,5.108695652173913,1175,,,,,,,,
,,,5.108695652173913,1175,0.3321429491043091,0.8848039215686274,0.9188255613126081,282.5938,,,,
0.4383,1.8130260705947876,0.0010476190476190477,5.217391304347826,1200,,,,,,,,
,,,5.217391304347826,1200,0.319479376077652,0.8921568627450981,0.9228070175438596,288.6092,,,,
0.3509,2.3966352939605713,0.0010238095238095238,5.326086956521739,1225,,,,,,,,
,,,5.326086956521739,1225,0.32372239232063293,0.8823529411764706,0.9157894736842105,294.6149,,,,
0.3966,1.1431691646575928,0.001,5.434782608695652,1250,,,,,,,,
,,,5.434782608695652,1250,0.329839825630188,0.8480392156862745,0.8949152542372881,300.5581,,,,
0.2935,1.9589825868606567,0.0009761904761904762,5.543478260869565,1275,,,,,,,,
,,,5.543478260869565,1275,0.32700783014297485,0.8627450980392157,0.902439024390244,306.5055,,,,
0.3084,1.3527867794036865,0.0009523809523809524,5.6521739130434785,1300,,,,,,,,
,,,5.6521739130434785,1300,0.31543663144111633,0.8700980392156863,0.9061946902654867,312.5496,,,,
0.3238,2.395667314529419,0.0009285714285714287,5.760869565217392,1325,,,,,,,,
,,,5.760869565217392,1325,0.3269124925136566,0.8700980392156863,0.9087779690189328,318.6056,,,,
0.4006,1.1906746625900269,0.0009047619047619047,5.869565217391305,1350,,,,,,,,
,,,5.869565217391305,1350,0.3752312660217285,0.8333333333333334,0.8896103896103896,324.7473,,,,
0.3708,4.468721866607666,0.0008809523809523809,5.978260869565218,1375,,,,,,,,
,,,5.978260869565218,1375,0.3770255148410797,0.8504901960784313,0.9001636661211129,330.8486,,,,
0.2525,11.202865600585938,0.0008571428571428571,6.086956521739131,1400,,,,,,,,
,,,6.086956521739131,1400,0.5217838883399963,0.8455882352941176,0.8978930307941654,336.8645,,,,
0.4057,1.8497203588485718,0.0008333333333333334,6.195652173913044,1425,,,,,,,,
,,,6.195652173913044,1425,0.38233834505081177,0.8480392156862745,0.8973509933774835,343.0419,,,,
0.3271,3.463825225830078,0.0008095238095238096,6.304347826086957,1450,,,,,,,,
,,,6.304347826086957,1450,0.32418426871299744,0.8774509803921569,0.9107142857142857,349.0127,,,,
0.37,1.4230635166168213,0.0007857142857142857,6.413043478260869,1475,,,,,,,,
,,,6.413043478260869,1475,0.291375070810318,0.8823529411764706,0.9151943462897526,354.9989,,,,
0.365,3.1597955226898193,0.0007619047619047619,6.521739130434782,1500,,,,,,,,
,,,6.521739130434782,1500,0.3007220923900604,0.8946078431372549,0.9228007181328547,360.973,,,,
0.3455,4.892550468444824,0.0007380952380952381,6.630434782608695,1525,,,,,,,,
,,,6.630434782608695,1525,0.3705191910266876,0.8578431372549019,0.9033333333333333,367.2638,,,,
0.2993,1.519637942314148,0.0007142857142857143,6.739130434782608,1550,,,,,,,,
,,,6.739130434782608,1550,0.31214967370033264,0.8774509803921569,0.912280701754386,373.2384,,,,
0.3201,3.239332675933838,0.0006904761904761905,6.8478260869565215,1575,,,,,,,,
,,,6.8478260869565215,1575,0.2930457592010498,0.8921568627450981,0.9217081850533807,379.1628,,,,
0.3334,1.7185091972351074,0.0006666666666666666,6.956521739130435,1600,,,,,,,,
,,,6.956521739130435,1600,0.2892472743988037,0.8848039215686274,0.917975567190227,385.1812,,,,
0.2632,3.7487828731536865,0.0006428571428571429,7.065217391304348,1625,,,,,,,,
,,,7.065217391304348,1625,0.31582820415496826,0.8823529411764706,0.9120879120879121,391.036,,,,
0.3474,1.2989879846572876,0.0006190476190476191,7.173913043478261,1650,,,,,,,,
,,,7.173913043478261,1650,0.30978667736053467,0.8848039215686274,0.9140767824497258,396.9711,,,,
0.2981,3.1378865242004395,0.0005952380952380953,7.282608695652174,1675,,,,,,,,
,,,7.282608695652174,1675,0.28513896465301514,0.8921568627450981,0.9228070175438596,402.9678,,,,
0.3256,3.7765588760375977,0.0005714285714285714,7.391304347826087,1700,,,,,,,,
,,,7.391304347826087,1700,0.3056280314922333,0.8774509803921569,0.9143835616438356,408.9762,,,,
0.3129,1.8632006645202637,0.0005476190476190477,7.5,1725,,,,,,,,
,,,7.5,1725,0.2808971703052521,0.8897058823529411,0.9206349206349206,415.1102,,,,
0.2931,2.555368661880493,0.0005238095238095238,7.608695652173913,1750,,,,,,,,
,,,7.608695652173913,1750,0.30944496393203735,0.8823529411764706,0.9180887372013652,421.0767,,,,
0.3067,1.7483152151107788,0.0005,7.717391304347826,1775,,,,,,,,
,,,7.717391304347826,1775,0.34716787934303284,0.8725490196078431,0.9130434782608697,427.1943,,,,
0.3386,1.307239294052124,0.0004761904761904762,7.826086956521739,1800,,,,,,,,
,,,7.826086956521739,1800,0.31279075145721436,0.8651960784313726,0.9072512647554806,433.1224,,,,
0.2809,2.482969045639038,0.00045238095238095237,7.934782608695652,1825,,,,,,,,
,,,7.934782608695652,1825,0.27919280529022217,0.8848039215686274,0.9171075837742505,439.356,,,,
0.3822,2.345148801803589,0.00042857142857142855,8.043478260869565,1850,,,,,,,,
,,,8.043478260869565,1850,0.31238874793052673,0.8799019607843137,0.915951972555746,445.246,,,,
0.2604,1.2408907413482666,0.0004047619047619048,8.152173913043478,1875,,,,,,,,
,,,8.152173913043478,1875,0.29812338948249817,0.8823529411764706,0.9169550173010381,451.2742,,,,
0.2805,1.5272469520568848,0.00038095238095238096,8.26086956521739,1900,,,,,,,,
,,,8.26086956521739,1900,0.32203736901283264,0.875,0.9131175468483815,457.2687,,,,
0.2563,1.510718584060669,0.00035714285714285714,8.369565217391305,1925,,,,,,,,
,,,8.369565217391305,1925,0.29604172706604004,0.8848039215686274,0.9173989455184535,463.3432,,,,
0.2498,1.5330173969268799,0.0003333333333333333,8.478260869565217,1950,,,,,,,,
,,,8.478260869565217,1950,0.33228209614753723,0.8823529411764706,0.9172413793103448,469.4249,,,,
0.2524,4.265612602233887,0.00030952380952380956,8.58695652173913,1975,,,,,,,,
,,,8.58695652173913,1975,0.33465737104415894,0.8725490196078431,0.9121621621621623,475.3128,,,,
0.2641,1.058984398841858,0.0002857142857142857,8.695652173913043,2000,,,,,,,,
,,,8.695652173913043,2000,0.3402448296546936,0.8799019607843137,0.9168081494057724,481.3152,,,,
0.2622,3.1065545082092285,0.0002619047619047619,8.804347826086957,2025,,,,,,,,
,,,8.804347826086957,2025,0.3132381737232208,0.8897058823529411,0.9200710479573712,487.4684,,,,
0.2813,2.305389642715454,0.0002380952380952381,8.91304347826087,2050,,,,,,,,
,,,8.91304347826087,2050,0.3186357617378235,0.8799019607843137,0.9147826086956522,493.5447,,,,
0.3064,1.286976933479309,0.00021428571428571427,9.021739130434783,2075,,,,,,,,
,,,9.021739130434783,2075,0.3062766194343567,0.8799019607843137,0.9153713298791019,499.3725,,,,
0.2375,3.5949580669403076,0.00019047619047619048,9.130434782608695,2100,,,,,,,,
,,,9.130434782608695,2100,0.30680859088897705,0.8872549019607843,0.9172661870503597,505.4061,,,,
0.2593,5.797954559326172,0.00016666666666666666,9.23913043478261,2125,,,,,,,,
,,,9.23913043478261,2125,0.30399760603904724,0.8897058823529411,0.9203539823008849,511.376,,,,
0.2884,0.9817425608634949,0.00014285714285714284,9.347826086956522,2150,,,,,,,,
,,,9.347826086956522,2150,0.3398348093032837,0.8897058823529411,0.923076923076923,517.4097,,,,
0.239,1.644754409790039,0.00011904761904761905,9.456521739130435,2175,,,,,,,,
,,,9.456521739130435,2175,0.2962704002857208,0.8872549019607843,0.9187279151943463,523.4441,,,,
0.283,2.0657689571380615,9.523809523809524e-05,9.565217391304348,2200,,,,,,,,
,,,9.565217391304348,2200,0.3220408856868744,0.8921568627450981,0.9238754325259515,529.4299,,,,
0.2741,3.9738869667053223,7.142857142857142e-05,9.673913043478262,2225,,,,,,,,
,,,9.673913043478262,2225,0.2935507893562317,0.8897058823529411,0.9206349206349206,535.3838,,,,
0.2465,1.4242249727249146,4.761904761904762e-05,9.782608695652174,2250,,,,,,,,
,,,9.782608695652174,2250,0.29745087027549744,0.8921568627450981,0.9233449477351917,541.3672,,,,
0.2822,4.776891708374023,2.380952380952381e-05,9.891304347826086,2275,,,,,,,,
,,,9.891304347826086,2275,0.2890261113643646,0.8848039215686274,0.9168141592920355,547.4196,,,,
0.2211,0.7941768765449524,0.0,10.0,2300,,,,,,,,
,,,10.0,2300,0.2870875298976898,0.8848039215686274,0.9168141592920355,553.3832,,,,
,,,10.0,2300,,,,553.0195,66.327,4.159,1454777288966400.0,0.4245594568874525
