loss,grad_norm,learning_rate,epoch,step,eval_loss,eval_accuracy,eval_f1,train_runtime,train_samples_per_second,train_steps_per_second,total_flos,train_loss
1.1672,3.7007546424865723,0.0001,0.0625,1,,,,,,,,
0.9586,2.1168200969696045,0.001,0.625,10,,,,,,,,
,,,0.625,10,0.9246595501899719,0.5,0.2222222222222222,4.3466,,,,
1.0353,3.2000303268432617,0.002,1.25,20,,,,,,,,
,,,1.25,20,0.9737631678581238,0.6428571428571429,0.44546094299788885,8.5145,,,,
0.8835,2.2071681022644043,0.003,1.875,30,,,,,,,,
,,,1.875,30,0.8977565169334412,0.6071428571428571,0.41433691756272406,12.4935,,,,
0.8574,2.7892816066741943,0.004,2.5,40,,,,,,,,
,,,2.5,40,0.7183871865272522,0.6964285714285714,0.4872881355932203,16.474,,,,
0.6157,1.5776395797729492,0.005,3.125,50,,,,,,,,
,,,3.125,50,0.7280463576316833,0.7678571428571429,0.5365079365079365,20.5488,,,,
0.6434,2.481421947479248,0.004814814814814814,3.75,60,,,,,,,,
,,,3.75,60,0.6987783312797546,0.7142857142857143,0.49421820010055306,24.6311,,,,
0.4207,1.2712199687957764,0.004629629629629629,4.375,70,,,,,,,,
,,,4.375,70,0.7521055936813354,0.7678571428571429,0.5406746031746033,28.5583,,,,
0.3542,0.7390823364257812,0.0044444444444444444,5.0,80,,,,,,,,
,,,5.0,80,0.6415521502494812,0.7857142857142857,0.5487179487179487,32.5983,,,,
0.1949,1.2014217376708984,0.0042592592592592595,5.625,90,,,,,,,,
,,,5.625,90,0.31942465901374817,0.875,0.7155172413793104,36.9136,,,,
0.076,0.24389970302581787,0.004074074074074074,6.25,100,,,,,,,,
,,,6.25,100,0.38714340329170227,0.9107142857142857,0.9042579994960948,40.8557,,,,
0.0196,0.00582021614536643,0.003888888888888889,6.875,110,,,,,,,,
,,,6.875,110,0.6410889029502869,0.8571428571428571,0.5993408662900189,44.8178,,,,
0.073,1.6897833347320557,0.0037037037037037034,7.5,120,,,,,,,,
,,,7.5,120,0.44931378960609436,0.9107142857142857,0.8907675791733762,48.4687,,,,
0.0377,0.00019339518621563911,0.0035185185185185185,8.125,130,,,,,,,,
,,,8.125,130,0.518358051776886,0.8928571428571429,0.8001253132832081,52.6769,,,,
0.0249,0.9072778820991516,0.003333333333333333,8.75,140,,,,,,,,
,,,8.75,140,0.4114522933959961,0.9285714285714286,0.917003367003367,57.1368,,,,
0.0033,0.17388932406902313,0.003148148148148148,9.375,150,,,,,,,,
,,,9.375,150,0.4058293402194977,0.9285714285714286,0.9225296442687747,61.1439,,,,
0.0336,0.00042138059507124126,0.002962962962962963,10.0,160,,,,,,,,
,,,10.0,160,0.41190290451049805,0.9285714285714286,0.917003367003367,65.1504,,,,
0.004,10.577988624572754,0.002777777777777778,10.625,170,,,,,,,,
,,,10.625,170,0.4516772925853729,0.9285714285714286,0.917003367003367,69.4701,,,,
0.0425,0.0022881808690726757,0.0025925925925925925,11.25,180,,,,,,,,
,,,11.25,180,0.36274877190589905,0.9464285714285714,0.9605415860735009,73.4636,,,,
0.0055,0.014010388404130936,0.002407407407407407,11.875,190,,,,,,,,
,,,11.875,190,0.36884525418281555,0.9464285714285714,0.9355699855699856,77.8093,,,,
0.0083,0.0005814054165966809,0.0022222222222222222,12.5,200,,,,,,,,
,,,12.5,200,0.3865370452404022,0.9642857142857143,0.9736024844720497,81.7292,,,,
0.0006,0.0008011519676074386,0.002037037037037037,13.125,210,,,,,,,,
,,,13.125,210,0.46626904606819153,0.9464285714285714,0.9309263496906518,85.8146,,,,
0.0041,0.531007707118988,0.0018518518518518517,13.75,220,,,,,,,,
,,,13.75,220,0.47606536746025085,0.9107142857142857,0.8650793650793651,90.2121,,,,
0.0019,0.004145692102611065,0.0016666666666666666,14.375,230,,,,,,,,
,,,14.375,230,0.48101043701171875,0.9464285714285714,0.9605415860735009,94.5233,,,,
0.0029,0.14293836057186127,0.0014814814814814814,15.0,240,,,,,,,,
,,,15.0,240,0.4542401432991028,0.9464285714285714,0.9605415860735009,98.494,,,,
0.0013,4.7874971642158926e-05,0.0012962962962962963,15.625,250,,,,,,,,
,,,15.625,250,0.4366452395915985,0.9464285714285714,0.9605415860735009,102.5505,,,,
0.0,0.0017463791882619262,0.0011111111111111111,16.25,260,,,,,,,,
,,,16.25,260,0.43041086196899414,0.9464285714285714,0.9605415860735009,106.7832,,,,
0.0001,0.002813067752867937,0.0009259259259259259,16.875,270,,,,,,,,
,,,16.875,270,0.42839282751083374,0.9642857142857143,0.9736024844720497,110.9422,,,,
0.0005,0.0008426065323874354,0.0007407407407407407,17.5,280,,,,,,,,
,,,17.5,280,0.42588499188423157,0.9642857142857143,0.9736024844720497,115.3036,,,,
0.009,0.03714572265744209,0.0005555555555555556,18.125,290,,,,,,,,
,,,18.125,290,0.4325243830680847,0.9464285714285714,0.9605415860735009,119.2647,,,,
0.0006,0.00018169323448091745,0.00037037037037037035,18.75,300,,,,,,,,
,,,18.75,300,0.4368606209754944,0.9464285714285714,0.9605415860735009,123.6245,,,,
0.002,0.019981414079666138,0.00018518518518518518,19.375,310,,,,,,,,
,,,19.375,310,0.4306245744228363,0.9464285714285714,0.9605415860735009,127.329,,,,
0.0001,0.008255726657807827,0.0,20.0,320,,,,,,,,
,,,20.0,320,0.42952266335487366,0.9464285714285714,0.9605415860735009,131.5149,,,,
,,,20.0,320,,,,131.145,38.126,2.44,450126133093440.0,0.19799731331422663
