loss,grad_norm,learning_rate,epoch,step,eval_loss,eval_accuracy,eval_f1,train_runtime,train_samples_per_second,train_steps_per_second,total_flos,train_loss
0.6801,0.5721027255058289,2.5e-06,0.0,1,,,,,,,,
0.7131,0.8189630508422852,6.25e-05,0.11,25,,,,,,,,
,,,0.11,25,0.6582819819450378,0.6838235294117647,0.8122270742358079,5.9417,,,,
0.6627,1.4650003910064697,0.000125,0.22,50,,,,,,,,
,,,0.22,50,0.6245282888412476,0.6838235294117647,0.8122270742358079,11.3344,,,,
0.6383,2.7474870681762695,0.0001875,0.33,75,,,,,,,,
,,,0.33,75,0.6218764781951904,0.6838235294117647,0.8122270742358079,16.9788,,,,
0.6404,0.6243141889572144,0.00025,0.43,100,,,,,,,,
,,,0.43,100,0.6157369613647461,0.6838235294117647,0.8122270742358079,22.4909,,,,
0.6015,1.099102258682251,0.0003125,0.54,125,,,,,,,,
,,,0.54,125,0.6076717972755432,0.6838235294117647,0.8122270742358079,28.1343,,,,
0.6159,3.8827383518218994,0.000375,0.65,150,,,,,,,,
,,,0.65,150,0.5552399158477783,0.7034313725490197,0.815267175572519,33.6791,,,,
0.6037,1.3353620767593384,0.0004375,0.76,175,,,,,,,,
,,,0.76,175,0.5315619707107544,0.7254901960784313,0.825,39.4872,,,,
0.5786,2.0521719455718994,0.0005,0.87,200,,,,,,,,
,,,0.87,200,0.5148069262504578,0.7573529411764706,0.841091492776886,45.0775,,,,
0.5755,0.6248018145561218,0.0004940476190476191,0.98,225,,,,,,,,
,,,0.98,225,0.49183356761932373,0.7598039215686274,0.839344262295082,50.6517,,,,
0.5189,1.485007643699646,0.0004880952380952381,1.09,250,,,,,,,,
,,,1.09,250,0.5149595737457275,0.7524509803921569,0.842433697347894,55.9467,,,,
0.4868,1.5952587127685547,0.00048214285714285715,1.2,275,,,,,,,,
,,,1.2,275,0.42892399430274963,0.7990196078431373,0.8664495114006515,61.4323,,,,
0.4759,1.2086079120635986,0.0004761904761904762,1.3,300,,,,,,,,
,,,1.3,300,0.44888296723365784,0.8014705882352942,0.8669950738916257,66.9409,,,,
0.4503,4.443508625030518,0.00047023809523809523,1.41,325,,,,,,,,
,,,1.41,325,0.6649686098098755,0.6225490196078431,0.6206896551724138,72.3791,,,,
0.512,2.2392632961273193,0.00046428571428571433,1.52,350,,,,,,,,
,,,1.52,350,0.37022408843040466,0.8382352941176471,0.8862068965517241,77.8979,,,,
0.4082,1.2915928363800049,0.0004583333333333333,1.63,375,,,,,,,,
,,,1.63,375,0.3399044871330261,0.8480392156862745,0.8916083916083916,83.2786,,,,
0.3498,1.0135802030563354,0.00045238095238095237,1.74,400,,,,,,,,
,,,1.74,400,0.35498344898223877,0.8480392156862745,0.8916083916083916,88.7998,,,,
0.4275,2.4012393951416016,0.00044642857142857147,1.85,425,,,,,,,,
,,,1.85,425,0.3427993953227997,0.8504901960784313,0.8939130434782607,94.3195,,,,
0.4082,0.4933909773826599,0.00044047619047619046,1.96,450,,,,,,,,
,,,1.96,450,0.3198699951171875,0.8602941176470589,0.8983957219251337,100.0341,,,,
0.3818,1.5733226537704468,0.00043452380952380956,2.07,475,,,,,,,,
,,,2.07,475,0.40649697184562683,0.8186274509803921,0.8778877887788779,105.3443,,,,
0.3811,0.6410866975784302,0.00042857142857142855,2.17,500,,,,,,,,
,,,2.17,500,0.31367793679237366,0.8651960784313726,0.9001814882032667,110.9219,,,,
0.3634,0.9877254366874695,0.00042261904761904765,2.28,525,,,,,,,,
,,,2.28,525,0.3189590275287628,0.8553921568627451,0.8929219600725953,117.1844,,,,
0.32,0.7386606335639954,0.0004166666666666667,2.39,550,,,,,,,,
,,,2.39,550,0.3439132869243622,0.8553921568627451,0.897391304347826,122.7264,,,,
0.3861,0.9733096957206726,0.0004107142857142857,2.5,575,,,,,,,,
,,,2.5,575,0.3337630331516266,0.8480392156862745,0.8952702702702703,128.2606,,,,
0.3224,1.658225417137146,0.0004047619047619048,2.61,600,,,,,,,,
,,,2.61,600,0.3116983473300934,0.8627450980392157,0.899641577060932,133.784,,,,
0.3665,0.922164261341095,0.00039880952380952383,2.72,625,,,,,,,,
,,,2.72,625,0.2929725646972656,0.8651960784313726,0.9036777583187391,139.3813,,,,
0.3776,1.9838132858276367,0.0003928571428571429,2.83,650,,,,,,,,
,,,2.83,650,0.31789425015449524,0.8553921568627451,0.899488926746167,144.9358,,,,
0.3384,1.2368673086166382,0.0003869047619047619,2.93,675,,,,,,,,
,,,2.93,675,0.30075502395629883,0.8774509803921569,0.911032028469751,150.5408,,,,
0.3072,2.174931526184082,0.00038095238095238096,3.04,700,,,,,,,,
,,,3.04,700,0.3368415832519531,0.8553921568627451,0.8970331588132635,155.8288,,,,
0.3258,1.9017492532730103,0.000375,3.15,725,,,,,,,,
,,,3.15,725,0.3977035880088806,0.8455882352941176,0.8962108731466227,161.4541,,,,
0.3366,0.7269670367240906,0.00036904761904761905,3.26,750,,,,,,,,
,,,3.26,750,0.36393821239471436,0.8651960784313726,0.9069373942470389,166.9861,,,,
0.272,1.9000593423843384,0.0003630952380952381,3.37,775,,,,,,,,
,,,3.37,775,0.335840106010437,0.8700980392156863,0.9081455805892548,172.4717,,,,
0.3005,2.599177598953247,0.00035714285714285714,3.48,800,,,,,,,,
,,,3.48,800,0.37125545740127563,0.8627450980392157,0.9057239057239057,177.9634,,,,
0.3333,1.2627733945846558,0.0003511904761904762,3.59,825,,,,,,,,
,,,3.59,825,0.2836568057537079,0.8799019607843137,0.9141856392294221,183.5576,,,,
0.3347,0.731361985206604,0.00034523809523809523,3.7,850,,,,,,,,
,,,3.7,850,0.3044229745864868,0.8676470588235294,0.9078498293515359,189.154,,,,
0.2823,2.7499616146087646,0.00033928571428571433,3.8,875,,,,,,,,
,,,3.8,875,0.3047039806842804,0.8676470588235294,0.9049295774647886,194.7104,,,,
0.2913,1.6978631019592285,0.0003333333333333333,3.91,900,,,,,,,,
,,,3.91,900,0.3374071419239044,0.8627450980392157,0.9050847457627118,200.2642,,,,
0.303,1.2398478984832764,0.00032738095238095237,4.02,925,,,,,,,,
,,,4.02,925,0.31168919801712036,0.8700980392156863,0.9075043630017452,205.6606,,,,
0.2488,0.6726400852203369,0.00032142857142857147,4.13,950,,,,,,,,
,,,4.13,950,0.3144393265247345,0.8848039215686274,0.9196581196581197,211.2196,,,,
0.3041,1.5422279834747314,0.00031547619047619046,4.24,975,,,,,,,,
,,,4.24,975,0.393812358379364,0.8529411764705882,0.9013157894736842,216.6599,,,,
0.3249,0.7146749496459961,0.00030952380952380956,4.35,1000,,,,,,,,
,,,4.35,1000,0.31020012497901917,0.8676470588235294,0.9078498293515359,222.1935,,,,
0.2729,1.6512603759765625,0.00030357142857142855,4.46,1025,,,,,,,,
,,,4.46,1025,0.29046598076820374,0.8774509803921569,0.9100719424460433,228.4413,,,,
0.2678,1.1004525423049927,0.00029761904761904765,4.57,1050,,,,,,,,
,,,4.57,1050,0.28079718351364136,0.8823529411764706,0.9142857142857143,234.0366,,,,
0.2549,0.5871198773384094,0.0002916666666666667,4.67,1075,,,,,,,,
,,,4.67,1075,0.2845425605773926,0.8823529411764706,0.9148936170212766,239.5392,,,,
0.223,1.6978336572647095,0.0002857142857142857,4.78,1100,,,,,,,,
,,,4.78,1100,0.2947089672088623,0.8823529411764706,0.9148936170212766,245.1385,,,,
0.261,1.6090669631958008,0.0002797619047619048,4.89,1125,,,,,,,,
,,,4.89,1125,0.28110021352767944,0.8848039215686274,0.9153153153153154,250.6616,,,,
0.24,0.033510223031044006,0.0002738095238095238,5.0,1150,,,,,,,,
,,,5.0,1150,0.29314377903938293,0.875,0.9094138543516875,256.2679,,,,
0.2194,0.3813231289386749,0.00026785714285714287,5.11,1175,,,,,,,,
,,,5.11,1175,0.30429160594940186,0.8872549019607843,0.9195804195804195,261.7194,,,,
0.2626,1.8813849687576294,0.0002619047619047619,5.22,1200,,,,,,,,
,,,5.22,1200,0.29569336771965027,0.8897058823529411,0.9211908931698775,267.3294,,,,
0.2163,0.6184669733047485,0.00025595238095238096,5.33,1225,,,,,,,,
,,,5.33,1225,0.30281949043273926,0.8921568627450981,0.9225352112676057,272.8586,,,,
0.2729,1.2425304651260376,0.00025,5.43,1250,,,,,,,,
,,,5.43,1250,0.3084571063518524,0.8774509803921569,0.9113475177304964,278.4196,,,,
0.2053,1.1227186918258667,0.00024404761904761905,5.54,1275,,,,,,,,
,,,5.54,1275,0.3106909692287445,0.8774509803921569,0.910394265232975,283.9076,,,,
0.2265,1.6712794303894043,0.0002380952380952381,5.65,1300,,,,,,,,
,,,5.65,1300,0.3299936056137085,0.8823529411764706,0.916083916083916,289.4368,,,,
0.2037,0.5979190468788147,0.00023214285714285717,5.76,1325,,,,,,,,
,,,5.76,1325,0.31427210569381714,0.8799019607843137,0.9144851657940662,295.083,,,,
0.2852,2.0200655460357666,0.00022619047619047618,5.87,1350,,,,,,,,
,,,5.87,1350,0.2901492118835449,0.8799019607843137,0.9126559714795008,300.6826,,,,
0.2582,0.49366286396980286,0.00022023809523809523,5.98,1375,,,,,,,,
,,,5.98,1375,0.2740781009197235,0.8848039215686274,0.9156193895870736,306.3956,,,,
0.1615,1.8937122821807861,0.00021428571428571427,6.09,1400,,,,,,,,
,,,6.09,1400,0.47349533438682556,0.8553921568627451,0.9028006589785832,311.8246,,,,
0.2311,0.4040948152542114,0.00020833333333333335,6.2,1425,,,,,,,,
,,,6.2,1425,0.33586636185646057,0.875,0.9109947643979057,317.5733,,,,
0.2229,1.1696010828018188,0.0002023809523809524,6.3,1450,,,,,,,,
,,,6.3,1450,0.3229031264781952,0.875,0.9057301293900184,322.9906,,,,
0.2251,0.737549901008606,0.00019642857142857144,6.41,1475,,,,,,,,
,,,6.41,1475,0.32891711592674255,0.8897058823529411,0.922279792746114,328.5845,,,,
0.2539,0.4064095616340637,0.00019047619047619048,6.52,1500,,,,,,,,
,,,6.52,1500,0.30285412073135376,0.8848039215686274,0.9159212880143113,334.0602,,,,
0.1753,3.095219850540161,0.00018452380952380953,6.63,1525,,,,,,,,
,,,6.63,1525,0.3274061977863312,0.8823529411764706,0.9148936170212766,340.4309,,,,
0.2563,0.5564315915107727,0.00017857142857142857,6.74,1550,,,,,,,,
,,,6.74,1550,0.31002920866012573,0.8774509803921569,0.9097472924187725,345.8911,,,,
0.1973,0.8864083290100098,0.00017261904761904762,6.85,1575,,,,,,,,
,,,6.85,1575,0.3231874704360962,0.8823529411764706,0.9148936170212766,351.4717,,,,
0.1933,0.47996947169303894,0.00016666666666666666,6.96,1600,,,,,,,,
,,,6.96,1600,0.33605873584747314,0.8823529411764706,0.915492957746479,357.0585,,,,
0.1721,1.1365015506744385,0.00016071428571428573,7.07,1625,,,,,,,,
,,,7.07,1625,0.3330318331718445,0.875,0.9097345132743363,362.484,,,,
0.187,1.322869896888733,0.00015476190476190478,7.17,1650,,,,,,,,
,,,7.17,1650,0.34202340245246887,0.8823529411764706,0.9148936170212766,367.9679,,,,
0.1817,0.5073583126068115,0.00014880952380952382,7.28,1675,,,,,,,,
,,,7.28,1675,0.34896382689476013,0.8848039215686274,0.919104991394148,373.4768,,,,
0.2138,1.6775208711624146,0.00014285714285714284,7.39,1700,,,,,,,,
,,,7.39,1700,0.35192328691482544,0.8848039215686274,0.919104991394148,379.0837,,,,
0.1829,0.5900729298591614,0.0001369047619047619,7.5,1725,,,,,,,,
,,,7.5,1725,0.3316836357116699,0.8872549019607843,0.9163636363636363,384.7084,,,,
0.2024,0.5426045656204224,0.00013095238095238096,7.61,1750,,,,,,,,
,,,7.61,1750,0.32334887981414795,0.8823529411764706,0.9157894736842105,390.3104,,,,
0.2211,2.421085834503174,0.000125,7.72,1775,,,,,,,,
,,,7.72,1775,0.37094706296920776,0.8799019607843137,0.9162393162393162,395.8871,,,,
0.2,0.6385968923568726,0.00011904761904761905,7.83,1800,,,,,,,,
,,,7.83,1800,0.33088842034339905,0.875,0.9109947643979057,401.4769,,,,
0.2147,0.8372315764427185,0.00011309523809523809,7.93,1825,,,,,,,,
,,,7.93,1825,0.3011559545993805,0.8799019607843137,0.9126559714795008,407.177,,,,
0.2383,1.2450462579727173,0.00010714285714285714,8.04,1850,,,,,,,,
,,,8.04,1850,0.31458792090415955,0.875,0.9106830122591945,412.6828,,,,
0.1563,0.5541883111000061,0.0001011904761904762,8.15,1875,,,,,,,,
,,,8.15,1875,0.3147009313106537,0.8774509803921569,0.911032028469751,418.2137,,,,
0.1381,0.0479499027132988,9.523809523809524e-05,8.26,1900,,,,,,,,
,,,8.26,1900,0.3579515218734741,0.8848039215686274,0.917975567190227,423.8206,,,,
0.1687,0.8354880213737488,8.928571428571429e-05,8.37,1925,,,,,,,,
,,,8.37,1925,0.3404681980609894,0.8799019607843137,0.9132743362831858,429.4057,,,,
0.1594,1.6270132064819336,8.333333333333333e-05,8.48,1950,,,,,,,,
,,,8.48,1950,0.3643895387649536,0.8799019607843137,0.9147826086956522,435.0994,,,,
0.1511,0.8649274110794067,7.738095238095239e-05,8.59,1975,,,,,,,,
,,,8.59,1975,0.381377249956131,0.8725490196078431,0.9103448275862069,440.5637,,,,
0.1839,1.2721785306930542,7.142857142857142e-05,8.7,2000,,,,,,,,
,,,8.7,2000,0.3750302791595459,0.8799019607843137,0.9153713298791019,446.1171,,,,
0.1784,1.0983755588531494,6.547619047619048e-05,8.8,2025,,,,,,,,
,,,8.8,2025,0.3498650789260864,0.875,0.9103690685413005,452.2678,,,,
0.2198,1.9848092794418335,5.9523809523809524e-05,8.91,2050,,,,,,,,
,,,8.91,2050,0.3427399694919586,0.8725490196078431,0.9087719298245615,457.9123,,,,
0.2094,0.7789641618728638,5.357142857142857e-05,9.02,2075,,,,,,,,
,,,9.02,2075,0.33932024240493774,0.8700980392156863,0.9071803852889667,463.3128,,,,
0.1234,0.811225950717926,4.761904761904762e-05,9.13,2100,,,,,,,,
,,,9.13,2100,0.34324780106544495,0.8774509803921569,0.9119718309859154,468.8284,,,,
0.1613,1.2603975534439087,4.1666666666666665e-05,9.24,2125,,,,,,,,
,,,9.24,2125,0.3511877655982971,0.8774509803921569,0.9119718309859154,474.3732,,,,
0.1906,0.9320788383483887,3.571428571428571e-05,9.35,2150,,,,,,,,
,,,9.35,2150,0.36159202456474304,0.875,0.9116117850953207,479.8735,,,,
0.1573,0.5738257765769958,2.9761904761904762e-05,9.46,2175,,,,,,,,
,,,9.46,2175,0.3517095446586609,0.8823529411764706,0.915492957746479,485.4922,,,,
0.1241,0.7736323475837708,2.380952380952381e-05,9.57,2200,,,,,,,,
,,,9.57,2200,0.36986061930656433,0.875,0.911917098445596,491.0124,,,,
0.1838,1.432055950164795,1.7857142857142855e-05,9.67,2225,,,,,,,,
,,,9.67,2225,0.35928329825401306,0.8774509803921569,0.912280701754386,496.5853,,,,
0.1627,0.36723631620407104,1.1904761904761905e-05,9.78,2250,,,,,,,,
,,,9.78,2250,0.35705694556236267,0.875,0.9103690685413005,502.1149,,,,
0.1537,1.172058343887329,5.9523809523809525e-06,9.89,2275,,,,,,,,
,,,9.89,2275,0.3547459542751312,0.8799019607843137,0.9135802469135803,507.7554,,,,
0.1285,0.26506543159484863,0.0,10.0,2300,,,,,,,,
,,,10.0,2300,0.35439711809158325,0.8823529411764706,0.9151943462897526,513.2166,,,,
,,,10.0,2300,,,,512.827,71.525,4.485,1490749903787424.0,0.29802488671696703
