loss,grad_norm,learning_rate,epoch,step,eval_loss,eval_accuracy,train_runtime,train_samples_per_second,train_steps_per_second,total_flos,train_loss
0.718,1.6968202590942383,3.5e-06,0.00641025641025641,1,,,,,,,
0.7041,1.0596764087677002,8.75e-05,0.16025641025641027,25,,,,,,,
,,,0.16025641025641027,25,0.7032564282417297,0.4729241877256318,10.7171,,,,
0.7265,0.9915928840637207,0.000175,0.32051282051282054,50,,,,,,,
,,,0.32051282051282054,50,0.6915094256401062,0.5270758122743683,20.9806,,,,
0.6939,0.813532292842865,0.0002625,0.4807692307692308,75,,,,,,,
,,,0.4807692307692308,75,0.7005428075790405,0.5270758122743683,32.5145,,,,
0.7043,2.675710916519165,0.00035,0.6410256410256411,100,,,,,,,
,,,0.6410256410256411,100,0.6972482204437256,0.4729241877256318,43.1082,,,,
0.7169,3.6817123889923096,0.0004375,0.8012820512820513,125,,,,,,,
,,,0.8012820512820513,125,0.7193623185157776,0.5270758122743683,54.4255,,,,
0.7026,1.8496170043945312,0.000525,0.9615384615384616,150,,,,,,,
,,,0.9615384615384616,150,0.6954297423362732,0.4729241877256318,64.997,,,,
0.6962,2.665253162384033,0.0006125,1.1217948717948718,175,,,,,,,
,,,1.1217948717948718,175,0.6934600472450256,0.49097472924187724,75.8769,,,,
0.6961,2.9687013626098633,0.0007,1.282051282051282,200,,,,,,,
,,,1.282051282051282,200,0.6811053156852722,0.5740072202166066,86.8044,,,,
0.686,1.0303192138671875,0.0006871323529411764,1.4423076923076923,225,,,,,,,
,,,1.4423076923076923,225,0.6947206854820251,0.4981949458483754,97.4433,,,,
0.7064,0.6275850534439087,0.0006742647058823529,1.6025641025641026,250,,,,,,,
,,,1.6025641025641026,250,0.6780394315719604,0.5848375451263538,108.2808,,,,
0.6898,0.8831762075424194,0.0006613970588235294,1.7628205128205128,275,,,,,,,
,,,1.7628205128205128,275,0.6685369610786438,0.5992779783393501,118.7147,,,,
0.6745,2.280503988265991,0.0006485294117647059,1.9230769230769231,300,,,,,,,
,,,1.9230769230769231,300,0.6215512752532959,0.6245487364620939,129.6899,,,,
0.6357,2.0401506423950195,0.0006356617647058823,2.0833333333333335,325,,,,,,,
,,,2.0833333333333335,325,0.6059115529060364,0.6787003610108303,140.137,,,,
0.6085,2.467076539993286,0.0006227941176470587,2.2435897435897436,350,,,,,,,
,,,2.2435897435897436,350,0.5885723829269409,0.6750902527075813,150.8283,,,,
0.6115,3.2350704669952393,0.0006099264705882353,2.4038461538461537,375,,,,,,,
,,,2.4038461538461537,375,0.6173428297042847,0.6570397111913358,161.5929,,,,
0.6512,1.719111680984497,0.0005970588235294117,2.564102564102564,400,,,,,,,
,,,2.564102564102564,400,0.6388766765594482,0.6570397111913358,172.4062,,,,
0.6048,1.4365730285644531,0.0005841911764705882,2.7243589743589745,425,,,,,,,
,,,2.7243589743589745,425,0.5679817199707031,0.6967509025270758,183.2354,,,,
0.5902,1.1291424036026,0.0005713235294117647,2.8846153846153846,450,,,,,,,
,,,2.8846153846153846,450,0.5950253009796143,0.703971119133574,194.1785,,,,
0.5348,1.376210331916809,0.0005584558823529412,3.0448717948717947,475,,,,,,,
,,,3.0448717948717947,475,0.5749340653419495,0.7075812274368231,204.8636,,,,
0.6109,2.2064707279205322,0.0005455882352941177,3.2051282051282053,500,,,,,,,
,,,3.2051282051282053,500,0.581914484500885,0.7148014440433214,215.7873,,,,
0.5699,2.2132372856140137,0.0005327205882352941,3.3653846153846154,525,,,,,,,
,,,3.3653846153846154,525,0.5533204674720764,0.703971119133574,227.0,,,,
0.5181,5.13331413269043,0.0005198529411764706,3.5256410256410255,550,,,,,,,
,,,3.5256410256410255,550,0.5972626209259033,0.7148014440433214,237.3095,,,,
0.5279,1.483705997467041,0.0005069852941176471,3.685897435897436,575,,,,,,,
,,,3.685897435897436,575,0.5489121675491333,0.7220216606498195,247.694,,,,
0.5425,3.9578351974487305,0.0004941176470588236,3.8461538461538463,600,,,,,,,
,,,3.8461538461538463,600,0.6596289277076721,0.6967509025270758,258.8085,,,,
0.4775,3.8301844596862793,0.00048125,4.006410256410256,625,,,,,,,
,,,4.006410256410256,625,0.6647430658340454,0.6931407942238267,269.7726,,,,
0.458,3.3622653484344482,0.00046838235294117644,4.166666666666667,650,,,,,,,
,,,4.166666666666667,650,0.5734739303588867,0.7220216606498195,280.7479,,,,
0.4933,2.5260796546936035,0.00045551470588235297,4.326923076923077,675,,,,,,,
,,,4.326923076923077,675,0.5862165093421936,0.7075812274368231,291.1268,,,,
0.4344,2.197446823120117,0.0004426470588235294,4.487179487179487,700,,,,,,,
,,,4.487179487179487,700,0.6132993698120117,0.7256317689530686,302.1357,,,,
0.4496,3.3362443447113037,0.0004297794117647059,4.647435897435898,725,,,,,,,
,,,4.647435897435898,725,0.6692134737968445,0.7184115523465704,312.7193,,,,
0.4693,5.540186405181885,0.00041691176470588234,4.8076923076923075,750,,,,,,,
,,,4.8076923076923075,750,0.5932451486587524,0.7328519855595668,323.5193,,,,
0.4898,10.093274116516113,0.00040404411764705876,4.967948717948718,775,,,,,,,
,,,4.967948717948718,775,0.8141417503356934,0.703971119133574,334.1528,,,,
0.4231,2.3254590034484863,0.0003911764705882353,5.128205128205128,800,,,,,,,
,,,5.128205128205128,800,0.5832446813583374,0.7292418772563177,345.0664,,,,
0.4234,2.9773640632629395,0.00037830882352941176,5.288461538461538,825,,,,,,,
,,,5.288461538461538,825,0.6182646155357361,0.7148014440433214,355.8417,,,,
0.4633,1.7106709480285645,0.00036544117647058824,5.448717948717949,850,,,,,,,
,,,5.448717948717949,850,0.5827509164810181,0.7148014440433214,367.0238,,,,
0.437,3.0383236408233643,0.0003525735294117647,5.608974358974359,875,,,,,,,
,,,5.608974358974359,875,0.5673482418060303,0.7364620938628159,378.0693,,,,
0.391,7.0923752784729,0.0003397058823529412,5.769230769230769,900,,,,,,,
,,,5.769230769230769,900,0.6379551887512207,0.7184115523465704,388.6438,,,,
0.4703,4.248816967010498,0.00032683823529411766,5.92948717948718,925,,,,,,,
,,,5.92948717948718,925,0.6141362190246582,0.7184115523465704,399.3199,,,,
0.4701,1.618570327758789,0.00031397058823529414,6.089743589743589,950,,,,,,,
,,,6.089743589743589,950,0.5635278820991516,0.7256317689530686,410.049,,,,
0.3837,1.6514753103256226,0.0003011029411764706,6.25,975,,,,,,,
,,,6.25,975,0.6372647881507874,0.7184115523465704,420.9844,,,,
0.4443,3.9873147010803223,0.00028823529411764703,6.410256410256411,1000,,,,,,,
,,,6.410256410256411,1000,0.6112965941429138,0.7292418772563177,431.5193,,,,
0.4276,3.5227599143981934,0.0002753676470588235,6.57051282051282,1025,,,,,,,
,,,6.57051282051282,1025,0.618860125541687,0.7184115523465704,442.6557,,,,
0.3767,1.669443130493164,0.0002625,6.730769230769231,1050,,,,,,,
,,,6.730769230769231,1050,0.5927091836929321,0.7472924187725631,453.5487,,,,
0.3677,3.7664945125579834,0.00024963235294117646,6.891025641025641,1075,,,,,,,
,,,6.891025641025641,1075,0.6147698760032654,0.7364620938628159,464.9564,,,,
0.3395,2.0880541801452637,0.00023676470588235296,7.051282051282051,1100,,,,,,,
,,,7.051282051282051,1100,0.6640316247940063,0.7256317689530686,475.6,,,,
0.3975,3.048572063446045,0.00022389705882352938,7.211538461538462,1125,,,,,,,
,,,7.211538461538462,1125,0.6394915580749512,0.7111913357400722,486.0917,,,,
0.3428,3.264303684234619,0.00021102941176470586,7.371794871794872,1150,,,,,,,
,,,7.371794871794872,1150,0.6490179896354675,0.7220216606498195,497.656,,,,
0.3672,3.914461374282837,0.00019816176470588236,7.532051282051282,1175,,,,,,,
,,,7.532051282051282,1175,0.7284704446792603,0.7148014440433214,508.1459,,,,
0.3379,3.7688794136047363,0.00018529411764705883,7.6923076923076925,1200,,,,,,,
,,,7.6923076923076925,1200,0.6719031929969788,0.7436823104693141,518.8017,,,,
0.4129,4.313413143157959,0.0001724264705882353,7.852564102564102,1225,,,,,,,
,,,7.852564102564102,1225,0.6386373043060303,0.7328519855595668,529.7817,,,,
0.4002,6.646720886230469,0.00015955882352941176,8.012820512820513,1250,,,,,,,
,,,8.012820512820513,1250,0.6648699641227722,0.7075812274368231,540.4897,,,,
0.3688,3.1563503742218018,0.00014669117647058823,8.173076923076923,1275,,,,,,,
,,,8.173076923076923,1275,0.657898485660553,0.7003610108303249,551.3762,,,,
0.359,3.4632954597473145,0.0001338235294117647,8.333333333333334,1300,,,,,,,
,,,8.333333333333334,1300,0.6510784029960632,0.7220216606498195,561.9205,,,,
0.2993,5.099801063537598,0.00012095588235294117,8.493589743589745,1325,,,,,,,
,,,8.493589743589745,1325,0.7749033570289612,0.7075812274368231,573.1142,,,,
0.3875,5.359694004058838,0.00010808823529411764,8.653846153846153,1350,,,,,,,
,,,8.653846153846153,1350,0.6956191062927246,0.7292418772563177,583.4526,,,,
0.3158,13.995047569274902,9.52205882352941e-05,8.814102564102564,1375,,,,,,,
,,,8.814102564102564,1375,0.7620729207992554,0.7075812274368231,594.2094,,,,
0.3447,1.7868112325668335,8.235294117647058e-05,8.974358974358974,1400,,,,,,,
,,,8.974358974358974,1400,0.6787383556365967,0.7184115523465704,604.7525,,,,
0.3114,2.918529987335205,6.948529411764706e-05,9.134615384615385,1425,,,,,,,
,,,9.134615384615385,1425,0.7084804177284241,0.7148014440433214,615.2861,,,,
0.3596,5.111716270446777,5.661764705882353e-05,9.294871794871796,1450,,,,,,,
,,,9.294871794871796,1450,0.711466372013092,0.7111913357400722,626.1215,,,,
0.2675,1.9352693557739258,4.375e-05,9.455128205128204,1475,,,,,,,
,,,9.455128205128204,1475,0.7510342001914978,0.7111913357400722,636.6184,,,,
0.3235,6.592349052429199,3.0882352941176475e-05,9.615384615384615,1500,,,,,,,
,,,9.615384615384615,1500,0.7214581370353699,0.7075812274368231,647.9066,,,,
0.3638,6.121907711029053,1.801470588235294e-05,9.775641025641026,1525,,,,,,,
,,,9.775641025641026,1525,0.7062428593635559,0.7220216606498195,659.0821,,,,
0.4134,4.1300740242004395,5.147058823529411e-06,9.935897435897436,1550,,,,,,,
,,,9.935897435897436,1550,0.6970599293708801,0.7184115523465704,669.729,,,,
,,,10.0,1560,,,672.5344,37.024,2.32,2108678347316160.0,0.49030999029294037
