loss,grad_norm,learning_rate,epoch,step,eval_loss,eval_accuracy,train_runtime,train_samples_per_second,train_steps_per_second,total_flos,train_loss
0.718,1.7095640897750854,1.0000000000000002e-06,0.00641025641025641,1,,,,,,,
0.7097,0.7089239358901978,5e-05,0.32051282051282054,50,,,,,,,
,,,0.32051282051282054,50,0.6917124390602112,0.5270758122743683,18.6499,,,,
0.6934,2.0752289295196533,0.0001,0.6410256410256411,100,,,,,,,
,,,0.6410256410256411,100,0.690670371055603,0.5270758122743683,38.2275,,,,
0.6979,1.5031927824020386,0.00015000000000000001,0.9615384615384616,150,,,,,,,
,,,0.9615384615384616,150,0.7099907398223877,0.4729241877256318,57.6436,,,,
0.6958,3.1876957416534424,0.0002,1.282051282051282,200,,,,,,,
,,,1.282051282051282,200,0.6802014708518982,0.5270758122743683,77.1257,,,,
0.6799,1.7854195833206177,0.00019264705882352944,1.6025641025641026,250,,,,,,,
,,,1.6025641025641026,250,0.6455865502357483,0.6425992779783394,96.1693,,,,
0.6578,5.77048921585083,0.00018529411764705883,1.9230769230769231,300,,,,,,,
,,,1.9230769230769231,300,0.5894750952720642,0.6931407942238267,115.2053,,,,
0.5633,2.4285857677459717,0.00017794117647058823,2.2435897435897436,350,,,,,,,
,,,2.2435897435897436,350,0.5398315191268921,0.7148014440433214,133.8785,,,,
0.572,2.8876941204071045,0.00017058823529411766,2.564102564102564,400,,,,,,,
,,,2.564102564102564,400,0.5807520151138306,0.703971119133574,152.9247,,,,
0.5544,6.264318943023682,0.00016323529411764706,2.8846153846153846,450,,,,,,,
,,,2.8846153846153846,450,0.5533309578895569,0.7328519855595668,172.2839,,,,
0.5349,3.6679582595825195,0.00015588235294117648,3.2051282051282053,500,,,,,,,
,,,3.2051282051282053,500,0.5814003944396973,0.7292418772563177,191.3636,,,,
0.4595,3.613300085067749,0.00014852941176470588,3.5256410256410255,550,,,,,,,
,,,3.5256410256410255,550,0.5737867951393127,0.7436823104693141,210.4903,,,,
0.4536,6.550346374511719,0.0001411764705882353,3.8461538461538463,600,,,,,,,
,,,3.8461538461538463,600,0.6547291874885559,0.7328519855595668,229.5374,,,,
0.3837,4.3608174324035645,0.0001338235294117647,4.166666666666667,650,,,,,,,
,,,4.166666666666667,650,0.5345488786697388,0.7653429602888087,249.1401,,,,
0.3411,2.6691882610321045,0.0001264705882352941,4.487179487179487,700,,,,,,,
,,,4.487179487179487,700,0.6490813493728638,0.7906137184115524,268.0995,,,,
0.3506,15.275042533874512,0.00011911764705882353,4.8076923076923075,750,,,,,,,
,,,4.8076923076923075,750,0.7430452108383179,0.7689530685920578,286.9923,,,,
0.2861,1.8683055639266968,0.00011176470588235294,5.128205128205128,800,,,,,,,
,,,5.128205128205128,800,0.6677212119102478,0.8086642599277978,306.0164,,,,
0.2948,3.465381145477295,0.00010441176470588237,5.448717948717949,850,,,,,,,
,,,5.448717948717949,850,0.6554908156394958,0.7906137184115524,325.5966,,,,
0.2734,16.68606948852539,9.705882352941177e-05,5.769230769230769,900,,,,,,,
,,,5.769230769230769,900,0.7021217346191406,0.7942238267148014,344.667,,,,
0.2638,1.4172443151474,8.970588235294118e-05,6.089743589743589,950,,,,,,,
,,,6.089743589743589,950,0.7707645297050476,0.7689530685920578,363.6298,,,,
0.2391,8.249650955200195,8.23529411764706e-05,6.410256410256411,1000,,,,,,,
,,,6.410256410256411,1000,0.7743989825248718,0.779783393501805,382.6918,,,,
0.1995,1.2603566646575928,7.500000000000001e-05,6.730769230769231,1050,,,,,,,
,,,6.730769230769231,1050,0.750541627407074,0.7978339350180506,402.2532,,,,
0.198,3.7987418174743652,6.764705882352942e-05,7.051282051282051,1100,,,,,,,
,,,7.051282051282051,1100,0.9496694803237915,0.7942238267148014,421.8688,,,,
0.1414,4.783609867095947,6.0294117647058825e-05,7.371794871794872,1150,,,,,,,
,,,7.371794871794872,1150,1.10504150390625,0.7725631768953068,441.4983,,,,
0.1796,12.257396697998047,5.294117647058824e-05,7.6923076923076925,1200,,,,,,,
,,,7.6923076923076925,1200,1.1617283821105957,0.776173285198556,460.166,,,,
0.2511,9.400775909423828,4.558823529411765e-05,8.012820512820513,1250,,,,,,,
,,,8.012820512820513,1250,1.0502310991287231,0.779783393501805,479.4021,,,,
0.1435,4.443767547607422,3.8235294117647055e-05,8.333333333333334,1300,,,,,,,
,,,8.333333333333334,1300,1.1350816488265991,0.7653429602888087,498.3089,,,,
0.1726,5.754103660583496,3.0882352941176475e-05,8.653846153846153,1350,,,,,,,
,,,8.653846153846153,1350,1.0676953792572021,0.776173285198556,517.2501,,,,
0.1335,6.570416450500488,2.3529411764705884e-05,8.974358974358974,1400,,,,,,,
,,,8.974358974358974,1400,1.0370640754699707,0.779783393501805,536.0755,,,,
0.1094,5.7742719650268555,1.6176470588235296e-05,9.294871794871796,1450,,,,,,,
,,,9.294871794871796,1450,1.1112459897994995,0.7689530685920578,554.9344,,,,
0.103,7.867877960205078,8.823529411764707e-06,9.615384615384615,1500,,,,,,,
,,,9.615384615384615,1500,1.164351224899292,0.7942238267148014,574.1698,,,,
0.1573,10.796278953552246,1.4705882352941177e-06,9.935897435897436,1550,,,,,,,
,,,9.935897435897436,1550,1.1509783267974854,0.779783393501805,593.6042,,,,
,,,10.0,1560,,,596.3722,41.752,2.616,2164515504937920.0,0.3696601308309115
