loss,grad_norm,learning_rate,epoch,step,eval_loss,eval_accuracy,eval_f1,train_runtime,train_samples_per_second,train_steps_per_second,total_flos,train_loss
1.1838,4.287865161895752,1e-05,0.0625,1,,,,,,,,
1.0991,3.487147808074951,0.0001,0.625,10,,,,,,,,
,,,0.625,10,1.050131916999817,0.4107142857142857,0.1940928270042194,4.8509,,,,
0.956,3.2913742065429688,0.0002,1.25,20,,,,,,,,
,,,1.25,20,0.9226942658424377,0.4107142857142857,0.1940928270042194,9.3635,,,,
0.8818,2.805751085281372,0.0003,1.875,30,,,,,,,,
,,,1.875,30,0.8833857178688049,0.6785714285714286,0.4595238095238095,13.7421,,,,
0.9047,1.204617977142334,0.0004,2.5,40,,,,,,,,
,,,2.5,40,0.7798686623573303,0.7142857142857143,0.49976359338061477,18.0877,,,,
0.7002,2.564363479614258,0.0005,3.125,50,,,,,,,,
,,,3.125,50,0.6890841126441956,0.7142857142857143,0.49976359338061477,22.4611,,,,
0.6179,3.1754682064056396,0.00048148148148148144,3.75,60,,,,,,,,
,,,3.75,60,0.6501995325088501,0.7321428571428571,0.5122356854359705,26.9529,,,,
0.3878,4.832406997680664,0.000462962962962963,4.375,70,,,,,,,,
,,,4.375,70,0.5180181860923767,0.8214285714285714,0.5741525423728813,31.189,,,,
0.2232,4.854851245880127,0.0004444444444444444,5.0,80,,,,,,,,
,,,5.0,80,0.4665115773677826,0.8214285714285714,0.5741525423728813,35.539,,,,
0.1119,0.7763796448707581,0.00042592592592592595,5.625,90,,,,,,,,
,,,5.625,90,0.4115704596042633,0.8571428571428571,0.774116573674422,40.2983,,,,
0.0995,4.36892032623291,0.0004074074074074074,6.25,100,,,,,,,,
,,,6.25,100,0.5013869404792786,0.8392857142857143,0.5866188769414576,44.5706,,,,
0.0479,0.25174689292907715,0.0003888888888888889,6.875,110,,,,,,,,
,,,6.875,110,0.5487136840820312,0.8214285714285714,0.5740080779282489,48.8852,,,,
0.0339,0.27242305874824524,0.00037037037037037035,7.5,120,,,,,,,,
,,,7.5,120,0.4931752383708954,0.8928571428571429,0.8676923076923079,52.8957,,,,
0.0135,0.01994037814438343,0.0003518518518518519,8.125,130,,,,,,,,
,,,8.125,130,0.37139981985092163,0.9107142857142857,0.9088504088504089,57.4661,,,,
0.0065,0.05325675755739212,0.0003333333333333333,8.75,140,,,,,,,,
,,,8.75,140,0.524397075176239,0.9107142857142857,0.9042579994960948,62.3098,,,,
0.0329,0.7060768008232117,0.0003148148148148148,9.375,150,,,,,,,,
,,,9.375,150,0.405883252620697,0.9285714285714286,0.9467084639498432,66.7119,,,,
0.0081,0.0016567587153986096,0.0002962962962962963,10.0,160,,,,,,,,
,,,10.0,160,0.5172585844993591,0.875,0.8387056471764117,71.0757,,,,
0.0079,1.0086034536361694,0.0002777777777777778,10.625,170,,,,,,,,
,,,10.625,170,0.6552538871765137,0.8928571428571429,0.8513810420590082,75.8092,,,,
0.0057,0.6330874562263489,0.00025925925925925926,11.25,180,,,,,,,,
,,,11.25,180,0.42920413613319397,0.8928571428571429,0.8678731870106534,80.1645,,,,
0.0009,0.0015424248995259404,0.00024074074074074072,11.875,190,,,,,,,,
,,,11.875,190,0.4091295301914215,0.8928571428571429,0.8678731870106534,84.892,,,,
0.0053,0.007424602285027504,0.0002222222222222222,12.5,200,,,,,,,,
,,,12.5,200,0.3956508934497833,0.875,0.8776032871777554,89.1505,,,,
0.0002,0.0006860698922537267,0.0002037037037037037,13.125,210,,,,,,,,
,,,13.125,210,0.437568336725235,0.8571428571428571,0.8260856040811247,93.4554,,,,
0.0007,0.08023391664028168,0.00018518518518518518,13.75,220,,,,,,,,
,,,13.75,220,0.4568694531917572,0.875,0.8387056471764117,98.282,,,,
0.0006,0.0034096846356987953,0.00016666666666666666,14.375,230,,,,,,,,
,,,14.375,230,0.447977215051651,0.8571428571428571,0.8260856040811247,102.9822,,,,
0.0006,0.015150475315749645,0.00014814814814814815,15.0,240,,,,,,,,
,,,15.0,240,0.4347063899040222,0.8571428571428571,0.8260856040811247,107.2147,,,,
0.0002,0.0013560536317527294,0.00012962962962962963,15.625,250,,,,,,,,
,,,15.625,250,0.4303339421749115,0.8571428571428571,0.8260856040811247,111.6476,,,,
0.0002,0.010187028907239437,0.0001111111111111111,16.25,260,,,,,,,,
,,,16.25,260,0.4317069947719574,0.875,0.8776032871777554,116.2522,,,,
0.0003,0.021135728806257248,9.259259259259259e-05,16.875,270,,,,,,,,
,,,16.875,270,0.43537282943725586,0.875,0.8776032871777554,120.7333,,,,
0.0012,0.0006179771153256297,7.407407407407407e-05,17.5,280,,,,,,,,
,,,17.5,280,0.4258599877357483,0.8571428571428571,0.8260856040811247,125.4384,,,,
0.0001,0.003021437907591462,5.555555555555555e-05,18.125,290,,,,,,,,
,,,18.125,290,0.4253818690776825,0.875,0.8387056471764117,129.7565,,,,
0.0003,0.01004081778228283,3.7037037037037037e-05,18.75,300,,,,,,,,
,,,18.75,300,0.42618459463119507,0.875,0.8387056471764117,134.507,,,,
0.0007,0.01893252320587635,1.8518518518518518e-05,19.375,310,,,,,,,,
,,,19.375,310,0.4239451587200165,0.875,0.8387056471764117,138.5642,,,,
0.0003,0.0014310346450656652,0.0,20.0,320,,,,,,,,
,,,20.0,320,0.4238280653953552,0.875,0.8387056471764117,143.1492,,,,
,,,20.0,320,,,,142.6846,35.042,2.243,456088174355520.0,0.19244814148296427
