loss,grad_norm,learning_rate,epoch,step,eval_loss,eval_accuracy,eval_f1,train_runtime,train_samples_per_second,train_steps_per_second,total_flos,train_loss
1.1672,4.064709186553955,1.0000000000000001e-07,0.0625,1,,,,,,,,
1.1424,5.5066914558410645,1.0000000000000002e-06,0.625,10,,,,,,,,
,,,0.625,10,1.1282395124435425,0.4107142857142857,0.1940928270042194,6.0911,,,,
1.1153,4.31105375289917,2.0000000000000003e-06,1.25,20,,,,,,,,
,,,1.25,20,1.1165435314178467,0.4107142857142857,0.1940928270042194,11.7748,,,,
1.1055,4.095927715301514,3e-06,1.875,30,,,,,,,,
,,,1.875,30,1.0972059965133667,0.4107142857142857,0.1940928270042194,17.3463,,,,
1.0644,3.805372714996338,4.000000000000001e-06,2.5,40,,,,,,,,
,,,2.5,40,1.0687267780303955,0.4107142857142857,0.1940928270042194,22.7985,,,,
1.0428,4.457419395446777,5e-06,3.125,50,,,,,,,,
,,,3.125,50,1.0270012617111206,0.4107142857142857,0.1940928270042194,28.3743,,,,
0.9815,3.8417303562164307,4.814814814814815e-06,3.75,60,,,,,,,,
,,,3.75,60,0.9629141092300415,0.4107142857142857,0.1940928270042194,34.0563,,,,
0.8891,18.129188537597656,4.62962962962963e-06,4.375,70,,,,,,,,
,,,4.375,70,0.8619754910469055,0.6607142857142857,0.461484593837535,39.3973,,,,
0.7633,5.7321295738220215,4.444444444444444e-06,5.0,80,,,,,,,,
,,,5.0,80,0.815447986125946,0.6964285714285714,0.486277269528501,44.9628,,,,
0.7257,10.232475280761719,4.2592592592592596e-06,5.625,90,,,,,,,,
,,,5.625,90,0.8070734143257141,0.6785714285714286,0.47391812865497074,50.952,,,,
0.7482,5.130910873413086,4.074074074074074e-06,6.25,100,,,,,,,,
,,,6.25,100,0.7941040396690369,0.6785714285714286,0.47391812865497074,56.3524,,,,
0.6077,4.041394233703613,3.88888888888889e-06,6.875,110,,,,,,,,
,,,6.875,110,0.7929632067680359,0.6785714285714286,0.47391812865497074,61.8095,,,,
0.7246,7.179593086242676,3.7037037037037037e-06,7.5,120,,,,,,,,
,,,7.5,120,0.7801121473312378,0.6785714285714286,0.47391812865497074,66.8976,,,,
0.588,10.769465446472168,3.5185185185185187e-06,8.125,130,,,,,,,,
,,,8.125,130,0.7704743146896362,0.6785714285714286,0.47391812865497074,72.6754,,,,
0.5318,4.975070953369141,3.3333333333333333e-06,8.75,140,,,,,,,,
,,,8.75,140,0.7396922707557678,0.6964285714285714,0.486277269528501,78.7687,,,,
0.5157,17.09519386291504,3.1481481481481483e-06,9.375,150,,,,,,,,
,,,9.375,150,0.7124379873275757,0.6964285714285714,0.486277269528501,84.341,,,,
0.4959,7.038200855255127,2.962962962962963e-06,10.0,160,,,,,,,,
,,,10.0,160,0.6759587526321411,0.6964285714285714,0.486277269528501,89.8667,,,,
0.3971,10.650558471679688,2.7777777777777783e-06,10.625,170,,,,,,,,
,,,10.625,170,0.6314696669578552,0.7321428571428571,0.511376964578935,95.8909,,,,
0.4705,6.242819309234619,2.5925925925925925e-06,11.25,180,,,,,,,,
,,,11.25,180,0.5943228006362915,0.75,0.5237758945386064,101.333,,,,
0.343,6.893913745880127,2.4074074074074075e-06,11.875,190,,,,,,,,
,,,11.875,190,0.5601460337638855,0.7678571428571429,0.5356725146198831,107.3369,,,,
0.273,8.01707649230957,2.222222222222222e-06,12.5,200,,,,,,,,
,,,12.5,200,0.5566279292106628,0.7678571428571429,0.5356725146198831,112.7202,,,,
0.3092,5.010756492614746,2.037037037037037e-06,13.125,210,,,,,,,,
,,,13.125,210,0.5420072078704834,0.7857142857142857,0.5479709125029323,118.1579,,,,
0.2773,5.399772644042969,1.8518518518518519e-06,13.75,220,,,,,,,,
,,,13.75,220,0.5128272771835327,0.7857142857142857,0.5479709125029323,124.2592,,,,
0.2278,4.549881458282471,1.6666666666666667e-06,14.375,230,,,,,,,,
,,,14.375,230,0.4958694577217102,0.8035714285714286,0.5607017543859648,130.1537,,,,
0.2891,12.502363204956055,1.4814814814814815e-06,15.0,240,,,,,,,,
,,,15.0,240,0.48262739181518555,0.8035714285714286,0.5607017543859648,135.5431,,,,
0.2146,2.3843026161193848,1.2962962962962962e-06,15.625,250,,,,,,,,
,,,15.625,250,0.46569162607192993,0.8035714285714286,0.561576354679803,141.1484,,,,
0.2133,14.16395092010498,1.111111111111111e-06,16.25,260,,,,,,,,
,,,16.25,260,0.46623167395591736,0.8035714285714286,0.561576354679803,146.9397,,,,
0.1858,7.134757995605469,9.259259259259259e-07,16.875,270,,,,,,,,
,,,16.875,270,0.4696113169193268,0.8035714285714286,0.561576354679803,152.6277,,,,
0.2585,9.894315719604492,7.407407407407407e-07,17.5,280,,,,,,,,
,,,17.5,280,0.4583517611026764,0.8035714285714286,0.561576354679803,158.5569,,,,
0.1544,3.9347927570343018,5.555555555555555e-07,18.125,290,,,,,,,,
,,,18.125,290,0.4585880637168884,0.8035714285714286,0.561576354679803,164.063,,,,
0.1912,8.91755485534668,3.7037037037037036e-07,18.75,300,,,,,,,,
,,,18.75,300,0.4606008529663086,0.8035714285714286,0.561576354679803,170.0287,,,,
0.1922,3.954261541366577,1.8518518518518518e-07,19.375,310,,,,,,,,
,,,19.375,310,0.45768484473228455,0.8035714285714286,0.561576354679803,175.1772,,,,
0.1962,17.937152862548828,0.0,20.0,320,,,,,,,,
,,,20.0,320,0.45578810572624207,0.8035714285714286,0.561576354679803,180.9252,,,,
,,,20.0,320,,,,180.2978,27.732,1.775,446840583950880.0,0.5386812590062618
