loss,grad_norm,learning_rate,epoch,step,eval_loss,eval_accuracy,eval_f1,train_runtime,train_samples_per_second,train_steps_per_second,total_flos,train_loss
1.1672,4.064709186553955,1.0000000000000002e-06,0.0625,1,,,,,,,,
1.126,5.1072540283203125,1e-05,0.625,10,,,,,,,,
,,,0.625,10,1.0952321290969849,0.4107142857142857,0.1940928270042194,6.1147,,,,
1.0311,4.217813014984131,2e-05,1.25,20,,,,,,,,
,,,1.25,20,0.967224657535553,0.4107142857142857,0.1940928270042194,11.9658,,,,
0.8642,4.294559478759766,3e-05,1.875,30,,,,,,,,
,,,1.875,30,0.828233540058136,0.6785714285714286,0.47391812865497074,17.6334,,,,
0.6885,5.3961052894592285,4e-05,2.5,40,,,,,,,,
,,,2.5,40,0.6961326599121094,0.7142857142857143,0.49976359338061477,23.2606,,,,
0.534,5.40399694442749,5e-05,3.125,50,,,,,,,,
,,,3.125,50,0.6075948476791382,0.7857142857142857,0.5478595478595479,28.9422,,,,
0.327,29.601604461669922,4.814814814814815e-05,3.75,60,,,,,,,,
,,,3.75,60,0.633990466594696,0.8392857142857143,0.6884920634920636,34.7558,,,,
0.2764,33.57914352416992,4.62962962962963e-05,4.375,70,,,,,,,,
,,,4.375,70,0.9839152693748474,0.7678571428571429,0.5336892957030256,40.211,,,,
0.2176,56.76775360107422,4.4444444444444447e-05,5.0,80,,,,,,,,
,,,5.0,80,0.5218603014945984,0.875,0.7872347778008155,45.8988,,,,
0.1001,4.4846906661987305,4.259259259259259e-05,5.625,90,,,,,,,,
,,,5.625,90,0.6233566403388977,0.8571428571428571,0.8030184751496225,52.0633,,,,
0.035,0.10430452227592468,4.074074074074074e-05,6.25,100,,,,,,,,
,,,6.25,100,0.6944498419761658,0.8571428571428571,0.7973208961581055,57.5645,,,,
0.0073,4.432034015655518,3.888888888888889e-05,6.875,110,,,,,,,,
,,,6.875,110,0.5316490530967712,0.875,0.8366157651871937,63.1933,,,,
0.0188,0.02855159156024456,3.7037037037037037e-05,7.5,120,,,,,,,,
,,,7.5,120,0.49695438146591187,0.9107142857142857,0.8630417201845773,68.4279,,,,
0.0012,0.019336851313710213,3.518518518518519e-05,8.125,130,,,,,,,,
,,,8.125,130,0.7726825475692749,0.8571428571428571,0.7973208961581055,74.3501,,,,
0.0017,0.021203670650720596,3.3333333333333335e-05,8.75,140,,,,,,,,
,,,8.75,140,0.5584055185317993,0.9107142857142857,0.8805383022774328,80.6152,,,,
0.0008,0.0178370364010334,3.148148148148148e-05,9.375,150,,,,,,,,
,,,9.375,150,0.45731595158576965,0.8928571428571429,0.8296183721715636,86.3462,,,,
0.0007,0.00941287912428379,2.962962962962963e-05,10.0,160,,,,,,,,
,,,10.0,160,0.463453471660614,0.9107142857142857,0.8429292929292928,92.0448,,,,
0.0005,0.010358845815062523,2.777777777777778e-05,10.625,170,,,,,,,,
,,,10.625,170,0.47161728143692017,0.9285714285714286,0.8938749194068344,98.2141,,,,
0.0006,0.0069147939793765545,2.5925925925925925e-05,11.25,180,,,,,,,,
,,,11.25,180,0.48995980620384216,0.9107142857142857,0.8631229553215368,103.8448,,,,
0.0005,0.007553900126367807,2.4074074074074074e-05,11.875,190,,,,,,,,
,,,11.875,190,0.49328580498695374,0.9107142857142857,0.8631229553215368,109.9843,,,,
0.0005,0.0062193735502660275,2.2222222222222223e-05,12.5,200,,,,,,,,
,,,12.5,200,0.4981975257396698,0.9107142857142857,0.8631229553215368,115.5344,,,,
0.0005,0.005997681058943272,2.037037037037037e-05,13.125,210,,,,,,,,
,,,13.125,210,0.5110281705856323,0.9107142857142857,0.8631229553215368,121.1164,,,,
0.0004,0.006872988305985928,1.8518518518518518e-05,13.75,220,,,,,,,,
,,,13.75,220,0.5193308591842651,0.9107142857142857,0.8631229553215368,127.3709,,,,
0.0004,0.011060087010264397,1.6666666666666667e-05,14.375,230,,,,,,,,
,,,14.375,230,0.5273982286453247,0.8928571428571429,0.849802371541502,133.4438,,,,
0.0004,0.009344941936433315,1.4814814814814815e-05,15.0,240,,,,,,,,
,,,15.0,240,0.5345775485038757,0.8928571428571429,0.849802371541502,138.9524,,,,
0.0004,0.005355185829102993,1.2962962962962962e-05,15.625,250,,,,,,,,
,,,15.625,250,0.5366214513778687,0.8928571428571429,0.849802371541502,144.7512,,,,
0.0004,0.034121688455343246,1.1111111111111112e-05,16.25,260,,,,,,,,
,,,16.25,260,0.5402016043663025,0.8928571428571429,0.849802371541502,150.6602,,,,
0.0004,0.010409652255475521,9.259259259259259e-06,16.875,270,,,,,,,,
,,,16.875,270,0.5487043857574463,0.8928571428571429,0.849802371541502,156.5498,,,,
0.0004,0.005018047522753477,7.4074074074074075e-06,17.5,280,,,,,,,,
,,,17.5,280,0.55350261926651,0.8928571428571429,0.849802371541502,162.5916,,,,
0.0004,0.004947046283632517,5.555555555555556e-06,18.125,290,,,,,,,,
,,,18.125,290,0.55585777759552,0.8928571428571429,0.849802371541502,168.2541,,,,
0.0004,0.005291941575706005,3.7037037037037037e-06,18.75,300,,,,,,,,
,,,18.75,300,0.5571865439414978,0.8928571428571429,0.849802371541502,174.3929,,,,
0.0004,0.007498870603740215,1.8518518518518519e-06,19.375,310,,,,,,,,
,,,19.375,310,0.5579113364219666,0.8928571428571429,0.849802371541502,179.6689,,,,
0.0004,0.006075277458876371,0.0,20.0,320,,,,,,,,
,,,20.0,320,0.5582296252250671,0.8928571428571429,0.849802371541502,185.5903,,,,
,,,20.0,320,,,,185.0731,27.016,1.729,446840583950880.0,0.1637926187875564
