loss,grad_norm,learning_rate,epoch,step,eval_loss,eval_accuracy,eval_f1,train_runtime,train_samples_per_second,train_steps_per_second,total_flos,train_loss
0.693,1.1478508710861206,2.5e-06,0.0,1,,,,,,,,
0.6654,0.8023000359535217,6.25e-05,0.11,25,,,,,,,,
,,,0.11,25,0.6353117823600769,0.6838235294117647,0.8122270742358079,6.2476,,,,
0.6628,1.5016058683395386,0.000125,0.22,50,,,,,,,,
,,,0.22,50,0.619365930557251,0.6838235294117647,0.8122270742358079,11.9599,,,,
0.6357,1.2126139402389526,0.0001875,0.33,75,,,,,,,,
,,,0.33,75,0.6756724715232849,0.6838235294117647,0.8122270742358079,17.9717,,,,
0.6323,1.7221012115478516,0.00025,0.43,100,,,,,,,,
,,,0.43,100,0.564123272895813,0.7034313725490197,0.8207407407407408,23.908,,,,
0.54,2.081700563430786,0.0003125,0.54,125,,,,,,,,
,,,0.54,125,0.547907292842865,0.7083333333333334,0.8215892053973014,30.0309,,,,
0.542,5.194209575653076,0.000375,0.65,150,,,,,,,,
,,,0.65,150,0.42733585834503174,0.7818627450980392,0.8446771378708552,35.9604,,,,
0.5498,2.048496961593628,0.0004375,0.76,175,,,,,,,,
,,,0.76,175,0.4471554756164551,0.7965686274509803,0.8628099173553719,42.0784,,,,
0.4787,2.3957467079162598,0.0005,0.87,200,,,,,,,,
,,,0.87,200,0.5092762112617493,0.7769607843137255,0.8557844690966719,47.9611,,,,
0.5767,2.806943655014038,0.0004940476190476191,0.98,225,,,,,,,,
,,,0.98,225,0.5136156678199768,0.7696078431372549,0.8142292490118577,53.787,,,,
0.4981,3.9897191524505615,0.0004880952380952381,1.09,250,,,,,,,,
,,,1.09,250,0.4386693835258484,0.8431372549019608,0.8922558922558923,59.2941,,,,
0.4533,1.8592411279678345,0.00048214285714285715,1.2,275,,,,,,,,
,,,1.2,275,0.372384637594223,0.803921568627451,0.8688524590163934,65.0122,,,,
0.435,4.582131862640381,0.0004761904761904762,1.3,300,,,,,,,,
,,,1.3,300,0.32639017701148987,0.8676470588235294,0.9032258064516129,70.7269,,,,
0.3829,10.354764938354492,0.00047023809523809523,1.41,325,,,,,,,,
,,,1.41,325,0.4389476478099823,0.7769607843137255,0.8139059304703475,76.3981,,,,
0.4652,12.897395133972168,0.00046428571428571433,1.52,350,,,,,,,,
,,,1.52,350,0.4190950095653534,0.8284313725490197,0.8817567567567567,82.1706,,,,
0.4111,3.5850281715393066,0.0004583333333333333,1.63,375,,,,,,,,
,,,1.63,375,0.32371023297309875,0.8774509803921569,0.9090909090909091,87.8036,,,,
0.3109,3.083361864089966,0.00045238095238095237,1.74,400,,,,,,,,
,,,1.74,400,0.36694028973579407,0.8651960784313726,0.9023090586145649,93.617,,,,
0.393,3.8839876651763916,0.00044642857142857147,1.85,425,,,,,,,,
,,,1.85,425,0.34278637170791626,0.8455882352941176,0.893760539629005,99.4372,,,,
0.4307,7.451578140258789,0.00044047619047619046,1.96,450,,,,,,,,
,,,1.96,450,0.3515497148036957,0.8627450980392157,0.895910780669145,105.4644,,,,
0.2874,7.092610836029053,0.00043452380952380956,2.07,475,,,,,,,,
,,,2.07,475,0.42982348799705505,0.8627450980392157,0.9017543859649123,111.0687,,,,
0.4259,12.775347709655762,0.00042857142857142855,2.17,500,,,,,,,,
,,,2.17,500,0.35583508014678955,0.875,0.9081081081081082,117.0179,,,,
0.3171,7.426211357116699,0.00042261904761904765,2.28,525,,,,,,,,
,,,2.28,525,0.3242557644844055,0.8700980392156863,0.9031078610603291,123.0337,,,,
0.2854,2.4011149406433105,0.0004166666666666667,2.39,550,,,,,,,,
,,,2.39,550,0.3486669957637787,0.875,0.9116117850953207,128.9023,,,,
0.3231,9.381243705749512,0.0004107142857142857,2.5,575,,,,,,,,
,,,2.5,575,0.3412603437900543,0.8455882352941176,0.8944723618090453,134.7224,,,,
0.3221,9.147295951843262,0.0004047619047619048,2.61,600,,,,,,,,
,,,2.61,600,0.35010766983032227,0.8725490196078431,0.9094076655052264,140.5845,,,,
0.2753,8.032035827636719,0.00039880952380952383,2.72,625,,,,,,,,
,,,2.72,625,0.3923889994621277,0.8480392156862745,0.8973509933774835,146.4303,,,,
0.3744,7.9112348556518555,0.0003928571428571429,2.83,650,,,,,,,,
,,,2.83,650,0.33219650387763977,0.8553921568627451,0.9001692047377327,152.2975,,,,
0.294,6.481683731079102,0.0003869047619047619,2.93,675,,,,,,,,
,,,2.93,675,0.3345753848552704,0.8700980392156863,0.9071803852889667,158.1235,,,,
0.2634,4.4123148918151855,0.00038095238095238096,3.04,700,,,,,,,,
,,,3.04,700,0.43179938197135925,0.8651960784313726,0.9050086355785838,163.7114,,,,
0.2824,7.368354320526123,0.000375,3.15,725,,,,,,,,
,,,3.15,725,0.387357234954834,0.875,0.9116117850953207,169.4922,,,,
0.2471,4.572050094604492,0.00036904761904761905,3.26,750,,,,,,,,
,,,3.26,750,0.49931448698043823,0.8480392156862745,0.8963210702341137,175.3262,,,,
0.2226,17.097763061523438,0.0003630952380952381,3.37,775,,,,,,,,
,,,3.37,775,0.39316341280937195,0.8676470588235294,0.9032258064516129,181.0186,,,,
0.2475,19.742183685302734,0.00035714285714285714,3.48,800,,,,,,,,
,,,3.48,800,0.5213369727134705,0.8529411764705882,0.8993288590604027,186.8003,,,,
0.3076,4.994872570037842,0.0003511904761904762,3.59,825,,,,,,,,
,,,3.59,825,0.3423096239566803,0.8774509803921569,0.9152542372881356,192.6704,,,,
0.259,11.552229881286621,0.00034523809523809523,3.7,850,,,,,,,,
,,,3.7,850,0.4200170636177063,0.875,0.9106830122591945,198.5737,,,,
0.2683,24.073944091796875,0.00033928571428571433,3.8,875,,,,,,,,
,,,3.8,875,0.43594890832901,0.8774509803921569,0.9131944444444444,204.4633,,,,
0.283,13.964235305786133,0.0003333333333333333,3.91,900,,,,,,,,
,,,3.91,900,0.38934239745140076,0.8578431372549019,0.9026845637583893,210.3215,,,,
0.2497,9.3021240234375,0.00032738095238095237,4.02,925,,,,,,,,
,,,4.02,925,0.3845077157020569,0.8774509803921569,0.9143835616438356,216.0603,,,,
0.1583,0.6396611332893372,0.00032142857142857147,4.13,950,,,,,,,,
,,,4.13,950,0.4723949730396271,0.875,0.9125214408233276,221.8922,,,,
0.1841,16.967777252197266,0.00031547619047619046,4.24,975,,,,,,,,
,,,4.24,975,0.5788052678108215,0.8627450980392157,0.9054054054054055,227.6704,,,,
0.2865,2.809968948364258,0.00030952380952380956,4.35,1000,,,,,,,,
,,,4.35,1000,0.36666354537010193,0.8725490196078431,0.9112627986348123,233.4015,,,,
0.2354,2.704789638519287,0.00030357142857142855,4.46,1025,,,,,,,,
,,,4.46,1025,0.3129284083843231,0.8676470588235294,0.9045936395759717,239.78,,,,
0.1407,0.3378235995769501,0.00029761904761904765,4.57,1050,,,,,,,,
,,,4.57,1050,0.43253374099731445,0.8676470588235294,0.9039145907473309,245.6274,,,,
0.1729,22.218875885009766,0.0002916666666666667,4.67,1075,,,,,,,,
,,,4.67,1075,0.541571319103241,0.8848039215686274,0.9182608695652175,251.475,,,,
0.1431,2.23470139503479,0.0002857142857142857,4.78,1100,,,,,,,,
,,,4.78,1100,0.4600907266139984,0.8774509803921569,0.9100719424460433,257.2696,,,,
0.199,0.30759677290916443,0.0002797619047619048,4.89,1125,,,,,,,,
,,,4.89,1125,0.42093557119369507,0.8848039215686274,0.9168141592920355,263.1431,,,,
0.2071,0.041331179440021515,0.0002738095238095238,5.0,1150,,,,,,,,
,,,5.0,1150,0.44554707407951355,0.875,0.9116117850953207,268.9544,,,,
0.0992,0.1209215447306633,0.00026785714285714287,5.11,1175,,,,,,,,
,,,5.11,1175,0.49942928552627563,0.8700980392156863,0.905861456483126,274.7687,,,,
0.1823,3.868995189666748,0.0002619047619047619,5.22,1200,,,,,,,,
,,,5.22,1200,0.5191910862922668,0.8700980392156863,0.9065255731922399,280.6265,,,,
0.1414,15.009247779846191,0.00025595238095238096,5.33,1225,,,,,,,,
,,,5.33,1225,0.47371479868888855,0.9019607843137255,0.9285714285714286,286.5148,,,,
0.1929,1.7629432678222656,0.00025,5.43,1250,,,,,,,,
,,,5.43,1250,0.4221172034740448,0.8700980392156863,0.9078260869565218,292.2723,,,,
0.111,35.95839309692383,0.00024404761904761905,5.54,1275,,,,,,,,
,,,5.54,1275,0.45800384879112244,0.8946078431372549,0.9230769230769231,298.111,,,,
0.1554,13.430965423583984,0.0002380952380952381,5.65,1300,,,,,,,,
,,,5.65,1300,0.48913446068763733,0.8897058823529411,0.9217391304347826,303.9139,,,,
0.1887,0.33889150619506836,0.00023214285714285717,5.76,1325,,,,,,,,
,,,5.76,1325,0.39464280009269714,0.8774509803921569,0.9131944444444444,309.839,,,,
0.1769,8.184534072875977,0.00022619047619047618,5.87,1350,,,,,,,,
,,,5.87,1350,0.42859748005867004,0.8823529411764706,0.9114391143911439,315.7563,,,,
0.121,0.7952058911323547,0.00022023809523809523,5.98,1375,,,,,,,,
,,,5.98,1375,0.5069863796234131,0.8529411764705882,0.8976109215017065,321.733,,,,
0.0704,5.565056324005127,0.00021428571428571427,6.09,1400,,,,,,,,
,,,6.09,1400,0.7767802476882935,0.8578431372549019,0.9016949152542373,327.5217,,,,
0.101,11.79782485961914,0.00020833333333333335,6.2,1425,,,,,,,,
,,,6.2,1425,0.6175925135612488,0.8848039215686274,0.917975567190227,333.5282,,,,
0.1478,2.9661121368408203,0.0002023809523809524,6.3,1450,,,,,,,,
,,,6.3,1450,0.5163546800613403,0.8897058823529411,0.9194991055456172,339.2894,,,,
0.1185,8.080222129821777,0.00019642857142857144,6.41,1475,,,,,,,,
,,,6.41,1475,0.6241920590400696,0.8700980392156863,0.9100169779286927,345.1208,,,,
0.1283,0.8122222423553467,0.00019047619047619048,6.52,1500,,,,,,,,
,,,6.52,1500,0.5056064128875732,0.8823529411764706,0.9130434782608696,350.9874,,,,
0.1176,2.2199807167053223,0.00018452380952380953,6.63,1525,,,,,,,,
,,,6.63,1525,0.5381741523742676,0.8676470588235294,0.9065743944636677,357.2757,,,,
0.1509,1.4024642705917358,0.00017857142857142857,6.74,1550,,,,,,,,
,,,6.74,1550,0.479320764541626,0.8774509803921569,0.9116607773851589,363.1213,,,,
0.1297,3.7616915702819824,0.00017261904761904762,6.85,1575,,,,,,,,
,,,6.85,1575,0.49024951457977295,0.875,0.9116117850953207,368.933,,,,
0.0897,12.335441589355469,0.00016666666666666666,6.96,1600,,,,,,,,
,,,6.96,1600,0.6160165071487427,0.8725490196078431,0.9090909090909091,374.903,,,,
0.0368,0.30495908856391907,0.00016071428571428573,7.07,1625,,,,,,,,
,,,7.07,1625,0.673897922039032,0.8700980392156863,0.9041591320072333,380.595,,,,
0.1323,22.839271545410156,0.00015476190476190478,7.17,1650,,,,,,,,
,,,7.17,1650,0.783894419670105,0.8602941176470589,0.9012131715771231,386.4825,,,,
0.094,9.59284496307373,0.00014880952380952382,7.28,1675,,,,,,,,
,,,7.28,1675,0.7536016702651978,0.8578431372549019,0.9016949152542373,392.2705,,,,
0.1108,14.36618709564209,0.00014285714285714284,7.39,1700,,,,,,,,
,,,7.39,1700,0.5665238499641418,0.8774509803921569,0.9116607773851589,398.246,,,,
0.0603,1.3234410285949707,0.0001369047619047619,7.5,1725,,,,,,,,
,,,7.5,1725,0.6646544337272644,0.8774509803921569,0.9119718309859154,404.1428,,,,
0.0763,0.1497899889945984,0.00013095238095238096,7.61,1750,,,,,,,,
,,,7.61,1750,0.7164538502693176,0.875,0.9113043478260869,410.0723,,,,
0.0708,2.491258382797241,0.000125,7.72,1775,,,,,,,,
,,,7.72,1775,0.7421991229057312,0.8725490196078431,0.9100346020761245,415.958,,,,
0.1059,0.06498449295759201,0.00011904761904761905,7.83,1800,,,,,,,,
,,,7.83,1800,0.6788454055786133,0.8848039215686274,0.9156193895870736,421.8203,,,,
0.1304,0.11152058094739914,0.00011309523809523809,7.93,1825,,,,,,,,
,,,7.93,1825,0.6258864402770996,0.8897058823529411,0.9200710479573712,427.8427,,,,
0.0928,1.858325719833374,0.00010714285714285714,8.04,1850,,,,,,,,
,,,8.04,1850,0.7354873418807983,0.8676470588235294,0.9075342465753423,433.6263,,,,
0.0405,0.1778956949710846,0.0001011904761904762,8.15,1875,,,,,,,,
,,,8.15,1875,0.6691205501556396,0.8823529411764706,0.9151943462897526,439.4745,,,,
0.0734,0.003502784064039588,9.523809523809524e-05,8.26,1900,,,,,,,,
,,,8.26,1900,0.6795002222061157,0.875,0.9106830122591945,445.3756,,,,
0.0432,0.06809546053409576,8.928571428571429e-05,8.37,1925,,,,,,,,
,,,8.37,1925,0.6578360795974731,0.8799019607843137,0.9129662522202486,451.2897,,,,
0.0741,0.1843411773443222,8.333333333333333e-05,8.48,1950,,,,,,,,
,,,8.48,1950,0.6926604509353638,0.8700980392156863,0.9084628670120898,457.2561,,,,
0.0139,0.12114904820919037,7.738095238095239e-05,8.59,1975,,,,,,,,
,,,8.59,1975,0.7101194858551025,0.8799019607843137,0.9150779896013865,463.0262,,,,
0.0497,0.01846848800778389,7.142857142857142e-05,8.7,2000,,,,,,,,
,,,8.7,2000,0.8176061511039734,0.8700980392156863,0.9100169779286927,468.866,,,,
0.1063,8.791743278503418,6.547619047619048e-05,8.8,2025,,,,,,,,
,,,8.8,2025,0.7022906541824341,0.8872549019607843,0.9187279151943463,475.0288,,,,
0.0775,4.562038421630859,5.9523809523809524e-05,8.91,2050,,,,,,,,
,,,8.91,2050,0.775090217590332,0.8676470588235294,0.9075342465753423,480.9207,,,,
0.0793,0.5114449858665466,5.357142857142857e-05,9.02,2075,,,,,,,,
,,,9.02,2075,0.6786026358604431,0.8774509803921569,0.9128919860627178,486.655,,,,
0.0649,0.014114613644778728,4.761904761904762e-05,9.13,2100,,,,,,,,
,,,9.13,2100,0.6653557419776917,0.8823529411764706,0.9166666666666667,492.4662,,,,
0.0316,0.018013542518019676,4.1666666666666665e-05,9.24,2125,,,,,,,,
,,,9.24,2125,0.7065694332122803,0.8848039215686274,0.9188255613126081,498.3067,,,,
0.0381,0.010249072685837746,3.571428571428571e-05,9.35,2150,,,,,,,,
,,,9.35,2150,0.6839584708213806,0.8848039215686274,0.917975567190227,504.1288,,,,
0.0798,0.5546128153800964,2.9761904761904762e-05,9.46,2175,,,,,,,,
,,,9.46,2175,0.6824818253517151,0.8897058823529411,0.9211908931698775,510.0764,,,,
0.0377,2.8848252296447754,2.380952380952381e-05,9.57,2200,,,,,,,,
,,,9.57,2200,0.6898990869522095,0.8897058823529411,0.9211908931698775,515.9196,,,,
0.0287,0.09384632855653763,1.7857142857142855e-05,9.67,2225,,,,,,,,
,,,9.67,2225,0.713908314704895,0.875,0.911917098445596,521.8202,,,,
0.0675,0.7268145084381104,1.1904761904761905e-05,9.78,2250,,,,,,,,
,,,9.78,2250,0.7011081576347351,0.8848039215686274,0.917975567190227,527.6572,,,,
0.0204,0.9099665284156799,5.9523809523809525e-06,9.89,2275,,,,,,,,
,,,9.89,2275,0.686648428440094,0.8921568627450981,0.9228070175438596,533.6342,,,,
0.0398,0.005160327069461346,0.0,10.0,2300,,,,,,,,
,,,10.0,2300,0.687302827835083,0.8921568627450981,0.9228070175438596,539.4417,,,,
,,,10.0,2300,,,,539.0583,68.045,4.267,1460977291679136.0,0.22420189323632614
