loss,grad_norm,learning_rate,epoch,step,eval_loss,eval_accuracy,eval_f1,train_runtime,train_samples_per_second,train_steps_per_second,total_flos,train_loss
1.0935,3.448720693588257,2.0000000000000002e-07,0.0625,1,,,,,,,,
1.1175,4.911122798919678,2.0000000000000003e-06,0.625,10,,,,,,,,
,,,0.625,10,1.1092092990875244,0.44642857142857145,0.2136752136752137,6.0024,,,,
1.1096,3.6924667358398438,4.000000000000001e-06,1.25,20,,,,,,,,
,,,1.25,20,1.08899986743927,0.5,0.2222222222222222,11.6908,,,,
1.073,3.9156665802001953,6e-06,1.875,30,,,,,,,,
,,,1.875,30,1.0563091039657593,0.5,0.2222222222222222,17.231,,,,
1.0324,3.2340123653411865,8.000000000000001e-06,2.5,40,,,,,,,,
,,,2.5,40,1.0031110048294067,0.5,0.2222222222222222,22.6984,,,,
0.9382,4.649331092834473,1e-05,3.125,50,,,,,,,,
,,,3.125,50,0.9008540511131287,0.6785714285714286,0.47359617682198324,28.2674,,,,
0.8052,4.042994976043701,1.2e-05,3.75,60,,,,,,,,
,,,3.75,60,0.7947959899902344,0.6964285714285714,0.4872881355932203,33.9431,,,,
0.6327,8.35852336883545,1.4e-05,4.375,70,,,,,,,,
,,,4.375,70,0.8198549151420593,0.6785714285714286,0.47391812865497074,39.2701,,,,
0.6159,8.098658561706543,1.6000000000000003e-05,5.0,80,,,,,,,,
,,,5.0,80,0.6829595565795898,0.7142857142857143,0.4991636798088411,44.786,,,,
0.4585,7.119269371032715,1.8e-05,5.625,90,,,,,,,,
,,,5.625,90,0.5961269736289978,0.7678571428571429,0.5364145658263305,50.7798,,,,
0.3312,3.642071008682251,2e-05,6.25,100,,,,,,,,
,,,6.25,100,0.47562727332115173,0.7857142857142857,0.5489642184557438,56.145,,,,
0.177,7.479317665100098,1.9090909090909094e-05,6.875,110,,,,,,,,
,,,6.875,110,0.515251636505127,0.7857142857142857,0.5478595478595479,61.6234,,,,
0.2132,28.00636863708496,1.8181818181818182e-05,7.5,120,,,,,,,,
,,,7.5,120,0.3774013817310333,0.875,0.6117757447806709,66.6986,,,,
0.0942,4.135138988494873,1.7272727272727274e-05,8.125,130,,,,,,,,
,,,8.125,130,0.401946485042572,0.875,0.817747611865259,72.4695,,,,
0.0578,3.661914825439453,1.6363636363636366e-05,8.75,140,,,,,,,,
,,,8.75,140,0.41222089529037476,0.8571428571428571,0.8239960581423995,78.5554,,,,
0.0886,0.6907106041908264,1.5454545454545454e-05,9.375,150,,,,,,,,
,,,9.375,150,0.46544143557548523,0.8928571428571429,0.8502212073640645,84.1177,,,,
0.0384,0.17811375856399536,1.4545454545454546e-05,10.0,160,,,,,,,,
,,,10.0,160,0.35104331374168396,0.8928571428571429,0.8361657522637048,89.6279,,,,
0.0055,0.1671968251466751,1.3636363636363637e-05,10.625,170,,,,,,,,
,,,10.625,170,0.3528619706630707,0.9107142857142857,0.881478629187524,95.602,,,,
0.0073,0.06942331790924072,1.2727272727272728e-05,11.25,180,,,,,,,,
,,,11.25,180,0.29840487241744995,0.8928571428571429,0.8511544011544011,101.0565,,,,
0.0029,0.06709719449281693,1.181818181818182e-05,11.875,190,,,,,,,,
,,,11.875,190,0.30813589692115784,0.9107142857142857,0.8919191919191919,106.9963,,,,
0.0024,0.03279649838805199,1.0909090909090909e-05,12.5,200,,,,,,,,
,,,12.5,200,0.3211846947669983,0.9285714285714286,0.8897162449254328,112.3764,,,,
0.0021,0.032440219074487686,1e-05,13.125,210,,,,,,,,
,,,13.125,210,0.31511375308036804,0.9464285714285714,0.9184843213345824,117.7776,,,,
0.0019,0.04273185878992081,9.090909090909091e-06,13.75,220,,,,,,,,
,,,13.75,220,0.3042152225971222,0.9464285714285714,0.9184843213345824,123.8515,,,,
0.0017,0.033523861318826675,8.181818181818183e-06,14.375,230,,,,,,,,
,,,14.375,230,0.2996888756752014,0.9464285714285714,0.9184843213345824,129.71,,,,
0.0017,0.03660900890827179,7.272727272727273e-06,15.0,240,,,,,,,,
,,,15.0,240,0.29994264245033264,0.9464285714285714,0.9184843213345824,135.0687,,,,
0.0015,0.019669976085424423,6.363636363636364e-06,15.625,250,,,,,,,,
,,,15.625,250,0.293134480714798,0.9464285714285714,0.9184843213345824,140.6402,,,,
0.0015,0.04013144224882126,5.4545454545454545e-06,16.25,260,,,,,,,,
,,,16.25,260,0.2914065718650818,0.9285714285714286,0.9052603327965647,146.4022,,,,
0.0014,0.03566544130444527,4.5454545454545455e-06,16.875,270,,,,,,,,
,,,16.875,270,0.2908627986907959,0.9285714285714286,0.9052603327965647,152.0709,,,,
0.0015,0.02235448732972145,3.6363636363636366e-06,17.5,280,,,,,,,,
,,,17.5,280,0.29071587324142456,0.9285714285714286,0.9052603327965647,157.9578,,,,
0.0013,0.01797274686396122,2.7272727272727272e-06,18.125,290,,,,,,,,
,,,18.125,290,0.2893884479999542,0.9285714285714286,0.9052603327965647,163.4329,,,,
0.0013,0.01928292028605938,1.8181818181818183e-06,18.75,300,,,,,,,,
,,,18.75,300,0.2876680791378021,0.9285714285714286,0.9052603327965647,169.3938,,,,
0.0013,0.03614644333720207,9.090909090909091e-07,19.375,310,,,,,,,,
,,,19.375,310,0.28795498609542847,0.9285714285714286,0.9052603327965647,174.5034,,,,
0.0014,0.028739456087350845,0.0,20.0,320,,,,,,,,
,,,20.0,320,0.28816109895706177,0.9285714285714286,0.9052603327965647,180.2586,,,,
,,,20.0,320,,,,179.704,27.824,1.781,446840583950880.0,0.27554548063199036
