loss,grad_norm,learning_rate,epoch,step,eval_loss,eval_accuracy,eval_f1,train_runtime,train_samples_per_second,train_steps_per_second,total_flos,train_loss
0.6801,0.5767515301704407,2.5e-06,0.0,1,,,,,,,,
0.7115,8.076872825622559,6.25e-05,0.11,25,,,,,,,,
,,,0.11,25,0.6557962894439697,0.6838235294117647,0.8122270742358079,7.6251,,,,
0.6617,1.7581720352172852,0.000125,0.22,50,,,,,,,,
,,,0.22,50,0.6225168704986572,0.6838235294117647,0.8122270742358079,12.8468,,,,
0.6355,2.365051746368408,0.0001875,0.33,75,,,,,,,,
,,,0.33,75,0.6128093004226685,0.6838235294117647,0.8122270742358079,18.371,,,,
0.6338,1.5053621530532837,0.00025,0.43,100,,,,,,,,
,,,0.43,100,0.5920829176902771,0.7058823529411765,0.8187311178247733,23.7569,,,,
0.5964,2.8150551319122314,0.0003125,0.54,125,,,,,,,,
,,,0.54,125,0.5669233202934265,0.7034313725490197,0.8185907046476761,29.2693,,,,
0.5798,12.84802532196045,0.000375,0.65,150,,,,,,,,
,,,0.65,150,0.47148412466049194,0.7843137254901961,0.8576051779935275,34.7897,,,,
0.5822,5.846521854400635,0.0004375,0.76,175,,,,,,,,
,,,0.76,175,0.44819191098213196,0.7867647058823529,0.8517887563884157,40.5991,,,,
0.502,3.3534579277038574,0.0005,0.87,200,,,,,,,,
,,,0.87,200,0.6086878180503845,0.7549019607843137,0.8452012383900929,46.4198,,,,
0.5058,10.470959663391113,0.0004940476190476191,0.98,225,,,,,,,,
,,,0.98,225,0.5009078979492188,0.7696078431372549,0.803347280334728,52.3362,,,,
0.4904,10.269058227539062,0.0004880952380952381,1.09,250,,,,,,,,
,,,1.09,250,0.3883415758609772,0.8529411764705882,0.8913043478260869,58.1594,,,,
0.4454,2.285033702850342,0.00048214285714285715,1.2,275,,,,,,,,
,,,1.2,275,0.3817923963069916,0.8186274509803921,0.8724137931034482,64.2194,,,,
0.4316,4.935154438018799,0.0004761904761904762,1.3,300,,,,,,,,
,,,1.3,300,0.35931289196014404,0.8480392156862745,0.89198606271777,70.3666,,,,
0.4012,6.740840435028076,0.00047023809523809523,1.41,325,,,,,,,,
,,,1.41,325,0.41144508123397827,0.8112745098039216,0.8475247524752475,76.3273,,,,
0.4639,7.472448825836182,0.00046428571428571433,1.52,350,,,,,,,,
,,,1.52,350,0.33561208844184875,0.8725490196078431,0.9087719298245615,82.2373,,,,
0.3968,2.952566146850586,0.0004583333333333333,1.63,375,,,,,,,,
,,,1.63,375,0.29671403765678406,0.875,0.9087656529516995,87.9587,,,,
0.3092,7.1443376541137695,0.00045238095238095237,1.74,400,,,,,,,,
,,,1.74,400,0.36621904373168945,0.8799019607843137,0.9126559714795008,93.7332,,,,
0.463,4.133780479431152,0.00044642857142857147,1.85,425,,,,,,,,
,,,1.85,425,0.33426356315612793,0.8553921568627451,0.8977469670710572,99.5165,,,,
0.4278,5.796568393707275,0.00044047619047619046,1.96,450,,,,,,,,
,,,1.96,450,0.3173961937427521,0.8799019607843137,0.908411214953271,105.3643,,,,
0.2952,4.008442401885986,0.00043452380952380956,2.07,475,,,,,,,,
,,,2.07,475,0.33947741985321045,0.8725490196078431,0.9097222222222222,110.8721,,,,
0.386,7.287562370300293,0.00042857142857142855,2.17,500,,,,,,,,
,,,2.17,500,0.29320499300956726,0.875,0.906764168190128,116.7175,,,,
0.3232,6.194603443145752,0.00042261904761904765,2.28,525,,,,,,,,
,,,2.28,525,0.28146615624427795,0.8676470588235294,0.9032258064516129,122.7078,,,,
0.3256,5.409922122955322,0.0004166666666666667,2.39,550,,,,,,,,
,,,2.39,550,0.287670761346817,0.8970588235294118,0.926829268292683,128.5186,,,,
0.3442,3.0239903926849365,0.0004107142857142857,2.5,575,,,,,,,,
,,,2.5,575,0.3096410036087036,0.8700980392156863,0.9090909090909091,134.353,,,,
0.3147,9.42640495300293,0.0004047619047619048,2.61,600,,,,,,,,
,,,2.61,600,0.3720400333404541,0.8651960784313726,0.9066213921901529,140.2633,,,,
0.2714,8.797222137451172,0.00039880952380952383,2.72,625,,,,,,,,
,,,2.72,625,0.4334959387779236,0.8455882352941176,0.8962108731466227,146.2119,,,,
0.3681,12.13261604309082,0.0003928571428571429,2.83,650,,,,,,,,
,,,2.83,650,0.3262895345687866,0.875,0.9128205128205128,152.2035,,,,
0.2661,13.163373947143555,0.0003869047619047619,2.93,675,,,,,,,,
,,,2.93,675,0.37724319100379944,0.875,0.9109947643979057,158.1604,,,,
0.2775,6.558050155639648,0.00038095238095238096,3.04,700,,,,,,,,
,,,3.04,700,0.4308530390262604,0.8529411764705882,0.8979591836734693,163.8709,,,,
0.2971,10.405373573303223,0.000375,3.15,725,,,,,,,,
,,,3.15,725,0.35934731364250183,0.8676470588235294,0.9072164948453608,169.7139,,,,
0.2797,3.213517665863037,0.00036904761904761905,3.26,750,,,,,,,,
,,,3.26,750,0.3892081677913666,0.8651960784313726,0.9081803005008348,175.6473,,,,
0.243,3.651975154876709,0.0003630952380952381,3.37,775,,,,,,,,
,,,3.37,775,0.3612786531448364,0.8725490196078431,0.9106529209621993,181.3436,,,,
0.2475,9.584946632385254,0.00035714285714285714,3.48,800,,,,,,,,
,,,3.48,800,0.44463157653808594,0.8529411764705882,0.8996655518394648,187.1942,,,,
0.3274,4.641819477081299,0.0003511904761904762,3.59,825,,,,,,,,
,,,3.59,825,0.2977546453475952,0.8799019607843137,0.9144851657940662,193.0006,,,,
0.2737,6.994905471801758,0.00034523809523809523,3.7,850,,,,,,,,
,,,3.7,850,0.32101157307624817,0.8602941176470589,0.900523560209424,198.9547,,,,
0.2538,22.51104164123535,0.00033928571428571433,3.8,875,,,,,,,,
,,,3.8,875,0.3499167859554291,0.8700980392156863,0.9078260869565218,204.7701,,,,
0.3068,6.54546594619751,0.0003333333333333333,3.91,900,,,,,,,,
,,,3.91,900,0.29480093717575073,0.8848039215686274,0.917975567190227,210.7329,,,,
0.2761,18.21997833251953,0.00032738095238095237,4.02,925,,,,,,,,
,,,4.02,925,0.35295090079307556,0.8799019607843137,0.9156626506024096,216.3817,,,,
0.1598,1.6290849447250366,0.00032142857142857147,4.13,950,,,,,,,,
,,,4.13,950,0.40571004152297974,0.8799019607843137,0.9162393162393162,222.2946,,,,
0.2656,17.651447296142578,0.00031547619047619046,4.24,975,,,,,,,,
,,,4.24,975,0.47845616936683655,0.8651960784313726,0.9078726968174204,227.9909,,,,
0.2696,4.135553359985352,0.00030952380952380956,4.35,1000,,,,,,,,
,,,4.35,1000,0.4054964780807495,0.8725490196078431,0.9121621621621623,233.791,,,,
0.2568,3.747225761413574,0.00030357142857142855,4.46,1025,,,,,,,,
,,,4.46,1025,0.31802570819854736,0.8799019607843137,0.9153713298791019,240.1255,,,,
0.1623,9.217117309570312,0.00029761904761904765,4.57,1050,,,,,,,,
,,,4.57,1050,0.42071250081062317,0.8725490196078431,0.9109589041095889,246.0439,,,,
0.2271,5.480598449707031,0.0002916666666666667,4.67,1075,,,,,,,,
,,,4.67,1075,0.36480653285980225,0.8848039215686274,0.9182608695652175,251.8183,,,,
0.1924,7.2095136642456055,0.0002857142857142857,4.78,1100,,,,,,,,
,,,4.78,1100,0.3672412037849426,0.8921568627450981,0.923076923076923,257.7392,,,,
0.1821,9.00975227355957,0.0002797619047619048,4.89,1125,,,,,,,,
,,,4.89,1125,0.35423025488853455,0.9019607843137255,0.9295774647887324,263.6053,,,,
0.2216,4.434948921203613,0.0002738095238095238,5.0,1150,,,,,,,,
,,,5.0,1150,0.30868422985076904,0.8921568627450981,0.921146953405018,269.5385,,,,
0.1595,0.22565369307994843,0.00026785714285714287,5.11,1175,,,,,,,,
,,,5.11,1175,0.4169780910015106,0.9019607843137255,0.9298245614035087,275.3105,,,,
0.2097,9.158060073852539,0.0002619047619047619,5.22,1200,,,,,,,,
,,,5.22,1200,0.44186681509017944,0.8872549019607843,0.9209621993127148,281.2726,,,,
0.1298,6.550592422485352,0.00025595238095238096,5.33,1225,,,,,,,,
,,,5.33,1225,0.39916759729385376,0.8946078431372549,0.9238938053097344,287.1451,,,,
0.1918,13.62635612487793,0.00025,5.43,1250,,,,,,,,
,,,5.43,1250,0.4240367114543915,0.8970588235294118,0.926056338028169,292.9766,,,,
0.1837,6.223402976989746,0.00024404761904761905,5.54,1275,,,,,,,,
,,,5.54,1275,0.45740562677383423,0.9019607843137255,0.9295774647887324,298.7672,,,,
0.2186,20.46505355834961,0.0002380952380952381,5.65,1300,,,,,,,,
,,,5.65,1300,0.4123426675796509,0.8995098039215687,0.9271758436944938,304.6131,,,,
0.1755,3.448052406311035,0.00023214285714285717,5.76,1325,,,,,,,,
,,,5.76,1325,0.3369963765144348,0.8946078431372549,0.9219600725952813,310.5064,,,,
0.213,12.811638832092285,0.00022619047619047618,5.87,1350,,,,,,,,
,,,5.87,1350,0.33152449131011963,0.9019607843137255,0.9280575539568345,316.4159,,,,
0.1779,2.806903600692749,0.00022023809523809523,5.98,1375,,,,,,,,
,,,5.98,1375,0.3321895897388458,0.9019607843137255,0.9303135888501741,322.3611,,,,
0.0983,24.036643981933594,0.00021428571428571427,6.09,1400,,,,,,,,
,,,6.09,1400,0.6551491022109985,0.8627450980392157,0.9063545150501673,328.0952,,,,
0.1799,0.6777763962745667,0.00020833333333333335,6.2,1425,,,,,,,,
,,,6.2,1425,0.4258303642272949,0.9019607843137255,0.930795847750865,334.1088,,,,
0.1421,5.449062824249268,0.0002023809523809524,6.3,1450,,,,,,,,
,,,6.3,1450,0.4394836127758026,0.9019607843137255,0.9283154121863799,339.8244,,,,
0.156,1.0229780673980713,0.00019642857142857144,6.41,1475,,,,,,,,
,,,6.41,1475,0.46076497435569763,0.8970588235294118,0.9270833333333334,345.6277,,,,
0.1633,6.488442897796631,0.00019047619047619048,6.52,1500,,,,,,,,
,,,6.52,1500,0.4760703146457672,0.8970588235294118,0.9275862068965517,351.3876,,,,
0.1191,35.05554962158203,0.00018452380952380953,6.63,1525,,,,,,,,
,,,6.63,1525,0.5147939324378967,0.8970588235294118,0.9275862068965517,357.5702,,,,
0.1772,3.065636157989502,0.00017857142857142857,6.74,1550,,,,,,,,
,,,6.74,1550,0.4492223858833313,0.9044117647058824,0.9324090121317158,363.3476,,,,
0.1636,11.770877838134766,0.00017261904761904762,6.85,1575,,,,,,,,
,,,6.85,1575,0.42945802211761475,0.8970588235294118,0.926829268292683,369.1949,,,,
0.1358,5.601370811462402,0.00016666666666666666,6.96,1600,,,,,,,,
,,,6.96,1600,0.4308517277240753,0.8970588235294118,0.9263157894736843,375.1143,,,,
0.1007,14.366544723510742,0.00016071428571428573,7.07,1625,,,,,,,,
,,,7.07,1625,0.4841899871826172,0.8921568627450981,0.923076923076923,380.8457,,,,
0.1527,17.185829162597656,0.00015476190476190478,7.17,1650,,,,,,,,
,,,7.17,1650,0.4858707785606384,0.9019607843137255,0.9298245614035087,386.6548,,,,
0.0947,3.6871628761291504,0.00014880952380952382,7.28,1675,,,,,,,,
,,,7.28,1675,0.525861918926239,0.8995098039215687,0.9289428076256498,392.5083,,,,
0.1334,12.66537094116211,0.00014285714285714284,7.39,1700,,,,,,,,
,,,7.39,1700,0.572277843952179,0.8995098039215687,0.9296740994854202,398.454,,,,
0.1739,12.245109558105469,0.0001369047619047619,7.5,1725,,,,,,,,
,,,7.5,1725,0.48030635714530945,0.8921568627450981,0.9205776173285197,404.3984,,,,
0.1115,0.9688387513160706,0.00013095238095238096,7.61,1750,,,,,,,,
,,,7.61,1750,0.44759300351142883,0.9068627450980392,0.9330985915492959,410.2871,,,,
0.0916,14.155616760253906,0.000125,7.72,1775,,,,,,,,
,,,7.72,1775,0.609153687953949,0.8946078431372549,0.9259896729776248,416.2114,,,,
0.1135,24.86594009399414,0.00011904761904761905,7.83,1800,,,,,,,,
,,,7.83,1800,0.6201122403144836,0.8995098039215687,0.9289428076256498,421.9868,,,,
0.1367,14.258767127990723,0.00011309523809523809,7.93,1825,,,,,,,,
,,,7.93,1825,0.5478715300559998,0.9019607843137255,0.9303135888501741,428.0466,,,,
0.1304,3.463853597640991,0.00010714285714285714,8.04,1850,,,,,,,,
,,,8.04,1850,0.6402367949485779,0.8995098039215687,0.9294320137693632,433.7738,,,,
0.0645,19.181400299072266,0.0001011904761904762,8.15,1875,,,,,,,,
,,,8.15,1875,0.5828475952148438,0.8995098039215687,0.9274336283185841,439.6612,,,,
0.1074,1.8120629787445068,9.523809523809524e-05,8.26,1900,,,,,,,,
,,,8.26,1900,0.656064510345459,0.8995098039215687,0.9289428076256498,445.5262,,,,
0.0764,0.14345963299274445,8.928571428571429e-05,8.37,1925,,,,,,,,
,,,8.37,1925,0.6663695573806763,0.9044117647058824,0.9319371727748691,451.4837,,,,
0.0799,0.8910288214683533,8.333333333333333e-05,8.48,1950,,,,,,,,
,,,8.48,1950,0.6663632988929749,0.9068627450980392,0.9335664335664335,457.3755,,,,
0.0694,21.24228286743164,7.738095238095239e-05,8.59,1975,,,,,,,,
,,,8.59,1975,0.7014339566230774,0.9019607843137255,0.9305555555555555,463.1627,,,,
0.1826,30.023605346679688,7.142857142857142e-05,8.7,2000,,,,,,,,
,,,8.7,2000,0.6069204807281494,0.9044117647058824,0.9319371727748691,468.9671,,,,
0.1088,0.056904904544353485,6.547619047619048e-05,8.8,2025,,,,,,,,
,,,8.8,2025,0.5746064186096191,0.9093137254901961,0.9349736379613356,475.0588,,,,
0.1561,20.985868453979492,5.9523809523809524e-05,8.91,2050,,,,,,,,
,,,8.91,2050,0.5719113349914551,0.9117647058823529,0.9372822299651568,480.9254,,,,
0.113,4.396571159362793,5.357142857142857e-05,9.02,2075,,,,,,,,
,,,9.02,2075,0.5550044775009155,0.9117647058823529,0.9372822299651568,486.6835,,,,
0.0728,0.3198895752429962,4.761904761904762e-05,9.13,2100,,,,,,,,
,,,9.13,2100,0.5457635521888733,0.9142156862745098,0.9387040280210158,492.4854,,,,
0.0815,16.353458404541016,4.1666666666666665e-05,9.24,2125,,,,,,,,
,,,9.24,2125,0.5431583523750305,0.9044117647058824,0.9312169312169313,498.3554,,,,
0.11,5.331023216247559,3.571428571428571e-05,9.35,2150,,,,,,,,
,,,9.35,2150,0.6164042353630066,0.9019607843137255,0.9305555555555555,504.1491,,,,
0.1091,0.29308801889419556,2.9761904761904762e-05,9.46,2175,,,,,,,,
,,,9.46,2175,0.5576571822166443,0.9068627450980392,0.9333333333333333,510.0629,,,,
0.0475,25.325090408325195,2.380952380952381e-05,9.57,2200,,,,,,,,
,,,9.57,2200,0.5885174870491028,0.9068627450980392,0.9335664335664335,515.8738,,,,
0.0801,0.28834831714630127,1.7857142857142855e-05,9.67,2225,,,,,,,,
,,,9.67,2225,0.5852128863334656,0.9068627450980392,0.9337979094076654,521.7243,,,,
0.0881,0.036681003868579865,1.1904761904761905e-05,9.78,2250,,,,,,,,
,,,9.78,2250,0.5887740850448608,0.9044117647058824,0.9321739130434782,527.554,,,,
0.0866,0.16712719202041626,5.9523809523809525e-06,9.89,2275,,,,,,,,
,,,9.89,2275,0.5813099145889282,0.9068627450980392,0.9337979094076654,533.523,,,,
0.0487,0.017296837642788887,0.0,10.0,2300,,,,,,,,
,,,10.0,2300,0.5790767073631287,0.9068627450980392,0.9337979094076654,539.3173,,,,
,,,10.0,2300,,,,539.023,68.049,4.267,1456015189661088.0,0.24747181127900664
