loss,grad_norm,learning_rate,epoch,step,eval_loss,eval_accuracy,eval_f1,train_runtime,train_samples_per_second,train_steps_per_second,total_flos,train_loss
1.0935,3.0997116565704346,0.0001,0.0625,1,,,,,,,,
0.9514,2.6629226207733154,0.001,0.625,10,,,,,,,,
,,,0.625,10,0.9252942800521851,0.7142857142857143,0.49642769154964284,4.1639,,,,
1.0265,3.084434986114502,0.002,1.25,20,,,,,,,,
,,,1.25,20,0.9718798995018005,0.6607142857142857,0.45692090395480234,8.2049,,,,
0.9056,2.6462349891662598,0.003,1.875,30,,,,,,,,
,,,1.875,30,0.9772292375564575,0.4107142857142857,0.1940928270042194,12.0307,,,,
0.9686,3.692193031311035,0.004,2.5,40,,,,,,,,
,,,2.5,40,0.7334406971931458,0.7321428571428571,0.5115440115440115,15.8438,,,,
0.7759,1.5703389644622803,0.005,3.125,50,,,,,,,,
,,,3.125,50,0.7975108027458191,0.7142857142857143,0.49806201550387597,19.7439,,,,
0.8113,5.30905294418335,0.004814814814814814,3.75,60,,,,,,,,
,,,3.75,60,0.7714666128158569,0.7142857142857143,0.49421820010055306,23.6769,,,,
0.5948,1.317834734916687,0.004629629629629629,4.375,70,,,,,,,,
,,,4.375,70,0.804719090461731,0.75,0.5227888642522789,27.4256,,,,
0.6182,1.132303237915039,0.0044444444444444444,5.0,80,,,,,,,,
,,,5.0,80,0.8565718531608582,0.7321428571428571,0.5105986489634289,31.2727,,,,
0.4411,2.1818480491638184,0.0042592592592592595,5.625,90,,,,,,,,
,,,5.625,90,0.6118847727775574,0.7678571428571429,0.5373099415204677,35.4381,,,,
0.4168,2.299992799758911,0.004074074074074074,6.25,100,,,,,,,,
,,,6.25,100,0.5825275182723999,0.7678571428571429,0.5373099415204677,39.2213,,,,
0.2449,1.0395700931549072,0.003888888888888889,6.875,110,,,,,,,,
,,,6.875,110,0.8392592668533325,0.6964285714285714,0.48424908424908425,43.0239,,,,
0.4437,2.157102346420288,0.0037037037037037034,7.5,120,,,,,,,,
,,,7.5,120,0.6512153744697571,0.7857142857142857,0.7928666574801341,46.5469,,,,
0.3093,2.4357428550720215,0.0035185185185185185,8.125,130,,,,,,,,
,,,8.125,130,0.7914237976074219,0.7857142857142857,0.5490058479532164,50.5895,,,,
0.2969,1.07563316822052,0.003333333333333333,8.75,140,,,,,,,,
,,,8.75,140,0.6728051900863647,0.7321428571428571,0.642495126705653,54.8517,,,,
0.248,2.0511436462402344,0.003148148148148148,9.375,150,,,,,,,,
,,,9.375,150,0.7307645082473755,0.8214285714285714,0.7496628280942006,58.7376,,,,
0.2298,5.257211208343506,0.002962962962962963,10.0,160,,,,,,,,
,,,10.0,160,0.6902069449424744,0.75,0.6770237641377558,62.5954,,,,
0.2118,2.7152531147003174,0.002777777777777778,10.625,170,,,,,,,,
,,,10.625,170,0.7503795027732849,0.8035714285714286,0.664767331433998,66.7625,,,,
0.1179,1.3028382062911987,0.0025925925925925925,11.25,180,,,,,,,,
,,,11.25,180,0.6280115842819214,0.7678571428571429,0.689452124935996,70.6068,,,,
0.1309,1.732131004333496,0.002407407407407407,11.875,190,,,,,,,,
,,,11.875,190,0.7730101943016052,0.8214285714285714,0.7496628280942006,74.7665,,,,
0.0932,0.24354884028434753,0.0022222222222222222,12.5,200,,,,,,,,
,,,12.5,200,0.7221575975418091,0.8571428571428571,0.8701162569087098,78.5482,,,,
0.0763,2.4070191383361816,0.002037037037037037,13.125,210,,,,,,,,
,,,13.125,210,0.8610211610794067,0.8214285714285714,0.75,82.4204,,,,
0.1012,2.013601779937744,0.0018518518518518517,13.75,220,,,,,,,,
,,,13.75,220,0.6395589113235474,0.8571428571428571,0.8659611992945327,86.6728,,,,
0.0569,0.9450193643569946,0.0016666666666666666,14.375,230,,,,,,,,
,,,14.375,230,0.6229492425918579,0.8392857142857143,0.8143896976483762,90.8078,,,,
0.1199,3.9053635597229004,0.0014814814814814814,15.0,240,,,,,,,,
,,,15.0,240,0.7200759053230286,0.8571428571428571,0.8659292776939836,94.5719,,,,
0.1106,0.706092357635498,0.0012962962962962963,15.625,250,,,,,,,,
,,,15.625,250,0.6385959386825562,0.8214285714285714,0.8388250319284802,98.5047,,,,
0.0883,1.548505425453186,0.0011111111111111111,16.25,260,,,,,,,,
,,,16.25,260,0.6501908898353577,0.8571428571428571,0.8707958707958708,102.6032,,,,
0.0428,2.1369094848632812,0.0009259259259259259,16.875,270,,,,,,,,
,,,16.875,270,0.6900014877319336,0.7857142857142857,0.7238095238095239,106.5752,,,,
0.0797,0.05628146976232529,0.0007407407407407407,17.5,280,,,,,,,,
,,,17.5,280,0.6835190653800964,0.875,0.8839453357100416,110.7793,,,,
0.0462,3.1807355880737305,0.0005555555555555556,18.125,290,,,,,,,,
,,,18.125,290,0.7098537683486938,0.8571428571428571,0.8706120023767082,114.5853,,,,
0.0289,0.12705303728580475,0.00037037037037037035,18.75,300,,,,,,,,
,,,18.75,300,0.6364998817443848,0.8928571428571429,0.9212962962962963,118.754,,,,
0.0221,0.8037801384925842,0.00018518518518518518,19.375,310,,,,,,,,
,,,19.375,310,0.6358548402786255,0.8928571428571429,0.9212962962962963,122.3451,,,,
0.0155,0.12846015393733978,0.0,20.0,320,,,,,,,,
,,,20.0,320,0.6412054300308228,0.8928571428571429,0.9212962962962963,126.3935,,,,
,,,20.0,320,,,,126.0506,39.667,2.539,449981890159680.0,0.3324750395026058
