loss,grad_norm,learning_rate,epoch,step,eval_loss,eval_accuracy,eval_f1,train_runtime,train_samples_per_second,train_steps_per_second,total_flos,train_loss
1.1672,4.064709186553955,0.0004984375,0.0625,1,,,,,,,,
0.9193,3.0321714878082275,0.000484375,0.625,10,,,,,,,,
,,,0.625,10,1.07542884349823,0.4107142857142857,0.1940928270042194,6.2369,,,,
0.9816,2.443908929824829,0.00046875,1.25,20,,,,,,,,
,,,1.25,20,0.9579086899757385,0.5,0.2222222222222222,12.1871,,,,
0.9478,1.6964973211288452,0.000453125,1.875,30,,,,,,,,
,,,1.875,30,0.9713016748428345,0.4107142857142857,0.1940928270042194,17.9507,,,,
0.958,2.4453225135803223,0.0004375,2.5,40,,,,,,,,
,,,2.5,40,0.9729613065719604,0.5,0.2222222222222222,23.6466,,,,
0.8845,3.1234076023101807,0.000421875,3.125,50,,,,,,,,
,,,3.125,50,0.9337606430053711,0.4107142857142857,0.1940928270042194,29.4197,,,,
0.9262,0.9366263747215271,0.00040625000000000004,3.75,60,,,,,,,,
,,,3.75,60,0.9401671290397644,0.5,0.2222222222222222,35.3437,,,,
0.9709,2.0472412109375,0.000390625,4.375,70,,,,,,,,
,,,4.375,70,0.9638229608535767,0.4107142857142857,0.1940928270042194,40.8858,,,,
0.8797,3.4881250858306885,0.000375,5.0,80,,,,,,,,
,,,5.0,80,0.9307803511619568,0.5,0.2222222222222222,46.6786,,,,
0.8746,1.2295395135879517,0.000359375,5.625,90,,,,,,,,
,,,5.625,90,0.9827142357826233,0.4107142857142857,0.1940928270042194,52.9281,,,,
0.9698,2.0098109245300293,0.00034375,6.25,100,,,,,,,,
,,,6.25,100,0.9620745778083801,0.5,0.2222222222222222,58.5694,,,,
0.8878,1.2037137746810913,0.000328125,6.875,110,,,,,,,,
,,,6.875,110,0.973053514957428,0.4107142857142857,0.1940928270042194,64.2607,,,,
0.9645,3.398851156234741,0.0003125,7.5,120,,,,,,,,
,,,7.5,120,0.9492988586425781,0.5,0.2222222222222222,69.5654,,,,
0.8981,0.8324922323226929,0.000296875,8.125,130,,,,,,,,
,,,8.125,130,0.9434918165206909,0.5,0.2222222222222222,75.6112,,,,
0.9019,3.8539040088653564,0.00028125000000000003,8.75,140,,,,,,,,
,,,8.75,140,0.9997785687446594,0.4107142857142857,0.1940928270042194,81.9902,,,,
0.9553,2.725607395172119,0.000265625,9.375,150,,,,,,,,
,,,9.375,150,0.9488741755485535,0.5,0.2222222222222222,87.8181,,,,
0.8846,2.5086472034454346,0.00025,10.0,160,,,,,,,,
,,,10.0,160,0.9320923089981079,0.5,0.2222222222222222,93.5874,,,,
0.8347,0.9677903056144714,0.000234375,10.625,170,,,,,,,,
,,,10.625,170,0.9596992135047913,0.4107142857142857,0.1940928270042194,99.8748,,,,
0.9975,1.928215503692627,0.00021875,11.25,180,,,,,,,,
,,,11.25,180,0.9306195378303528,0.5,0.2222222222222222,105.5828,,,,
0.8729,0.970014750957489,0.00020312500000000002,11.875,190,,,,,,,,
,,,11.875,190,0.9425939917564392,0.4107142857142857,0.1940928270042194,111.8538,,,,
0.8985,4.716952323913574,0.0001875,12.5,200,,,,,,,,
,,,12.5,200,0.9521282911300659,0.4107142857142857,0.1940928270042194,117.4958,,,,
0.87,1.2976834774017334,0.000171875,13.125,210,,,,,,,,
,,,13.125,210,0.952337384223938,0.4107142857142857,0.1940928270042194,123.1831,,,,
0.9159,2.7169458866119385,0.00015625,13.75,220,,,,,,,,
,,,13.75,220,0.9613783955574036,0.4107142857142857,0.1940928270042194,129.5604,,,,
0.8914,1.7195535898208618,0.00014062500000000002,14.375,230,,,,,,,,
,,,14.375,230,0.936792254447937,0.5,0.2222222222222222,135.7165,,,,
0.9587,1.8015941381454468,0.000125,15.0,240,,,,,,,,
,,,15.0,240,0.9420061111450195,0.4107142857142857,0.1940928270042194,141.3218,,,,
0.8832,1.828363299369812,0.000109375,15.625,250,,,,,,,,
,,,15.625,250,0.9517443776130676,0.4107142857142857,0.1940928270042194,147.1836,,,,
0.8999,1.0394760370254517,9.375e-05,16.25,260,,,,,,,,
,,,16.25,260,0.9348116517066956,0.5,0.2222222222222222,153.1975,,,,
0.8636,3.1712982654571533,7.8125e-05,16.875,270,,,,,,,,
,,,16.875,270,0.9370177388191223,0.5,0.2222222222222222,159.1726,,,,
0.944,1.6065776348114014,6.25e-05,17.5,280,,,,,,,,
,,,17.5,280,0.9375487565994263,0.4107142857142857,0.1940928270042194,165.3344,,,,
0.8705,1.7889289855957031,4.6875e-05,18.125,290,,,,,,,,
,,,18.125,290,0.9361369013786316,0.4107142857142857,0.1940928270042194,171.0827,,,,
0.8987,0.9844092130661011,3.125e-05,18.75,300,,,,,,,,
,,,18.75,300,0.9378179311752319,0.4107142857142857,0.1940928270042194,177.3408,,,,
0.9092,1.5073949098587036,1.5625e-05,19.375,310,,,,,,,,
,,,19.375,310,0.9338979721069336,0.5,0.2222222222222222,182.6974,,,,
0.8817,4.710594654083252,0.0,20.0,320,,,,,,,,
,,,20.0,320,0.9340484738349915,0.5,0.2222222222222222,188.7257,,,,
,,,20.0,320,,,,188.2066,26.567,1.7,446840583950880.0,0.9131261941045523
