loss,grad_norm,learning_rate,epoch,step,eval_loss,eval_accuracy,eval_f1,train_runtime,train_samples_per_second,train_steps_per_second,total_flos,train_loss
1.0935,3.0998284816741943,2.5e-06,0.0625,1,,,,,,,,
1.1113,4.210291385650635,2.5e-05,0.625,10,,,,,,,,
,,,0.625,10,1.0963945388793945,0.5,0.2222222222222222,4.3593,,,,
1.0792,3.0912349224090576,5e-05,1.25,20,,,,,,,,
,,,1.25,20,1.0444034337997437,0.5,0.2222222222222222,8.3855,,,,
1.0145,2.5197207927703857,7.5e-05,1.875,30,,,,,,,,
,,,1.875,30,0.9838356971740723,0.5,0.2222222222222222,12.3381,,,,
0.953,1.7154920101165771,0.0001,2.5,40,,,,,,,,
,,,2.5,40,0.940461277961731,0.75,0.5211161387631976,16.1928,,,,
0.8969,2.5292224884033203,0.000125,3.125,50,,,,,,,,
,,,3.125,50,0.9214478135108948,0.42857142857142855,0.22135642135642133,20.1045,,,,
0.8879,1.36983323097229,0.00015,3.75,60,,,,,,,,
,,,3.75,60,0.9072195887565613,0.6785714285714286,0.4745564892623717,24.1126,,,,
0.8768,1.134134292602539,0.000175,4.375,70,,,,,,,,
,,,4.375,70,0.8916428685188293,0.7321428571428571,0.5064836003051106,27.9606,,,,
0.8171,3.3172450065612793,0.0002,5.0,80,,,,,,,,
,,,5.0,80,0.8793635368347168,0.5892857142857143,0.3670995670995671,31.9082,,,,
0.7811,0.9755734801292419,0.00022500000000000002,5.625,90,,,,,,,,
,,,5.625,90,0.8749098777770996,0.7321428571428571,0.5122807017543859,36.178,,,,
0.8542,1.3348346948623657,0.00025,6.25,100,,,,,,,,
,,,6.25,100,0.8470879197120667,0.6785714285714286,0.472141472868217,40.0467,,,,
0.7772,1.7209287881851196,0.000275,6.875,110,,,,,,,,
,,,6.875,110,0.825301468372345,0.7142857142857143,0.49642769154964284,44.0155,,,,
0.8391,2.110004186630249,0.0003,7.5,120,,,,,,,,
,,,7.5,120,0.815561830997467,0.7142857142857143,0.49988271170537174,47.6312,,,,
0.7193,1.41719651222229,0.00032500000000000004,8.125,130,,,,,,,,
,,,8.125,130,0.7917011976242065,0.7142857142857143,0.49642769154964284,51.7992,,,,
0.7199,2.543917655944824,0.00035,8.75,140,,,,,,,,
,,,8.75,140,0.7790249586105347,0.6964285714285714,0.4872514619883041,56.2971,,,,
0.7442,2.793430805206299,0.000375,9.375,150,,,,,,,,
,,,9.375,150,0.7397260665893555,0.6964285714285714,0.4868139700641481,60.3463,,,,
0.699,4.589587211608887,0.0004,10.0,160,,,,,,,,
,,,10.0,160,0.7223126292228699,0.6964285714285714,0.4868139700641481,64.3716,,,,
0.6222,2.2884621620178223,0.000425,10.625,170,,,,,,,,
,,,10.625,170,0.7105851173400879,0.6964285714285714,0.4868139700641481,68.8009,,,,
0.7337,1.4828377962112427,0.00045000000000000004,11.25,180,,,,,,,,
,,,11.25,180,0.6934815049171448,0.6785714285714286,0.47478301665493783,72.8773,,,,
0.6223,1.74216628074646,0.000475,11.875,190,,,,,,,,
,,,11.875,190,0.7018183469772339,0.6964285714285714,0.4872514619883041,77.2786,,,,
0.5417,2.8351075649261475,0.0005,12.5,200,,,,,,,,
,,,12.5,200,0.6960447430610657,0.7142857142857143,0.4991636798088411,81.237,,,,
0.6778,2.1452107429504395,0.0004583333333333333,13.125,210,,,,,,,,
,,,13.125,210,0.7107677459716797,0.6964285714285714,0.4872514619883041,85.3188,,,,
0.5821,3.803730010986328,0.0004166666666666667,13.75,220,,,,,,,,
,,,13.75,220,0.666225016117096,0.6785714285714286,0.47478301665493783,89.8564,,,,
0.5427,4.247870445251465,0.000375,14.375,230,,,,,,,,
,,,14.375,230,0.7511089444160461,0.7142857142857143,0.49421820010055306,94.218,,,,
0.6381,2.4038519859313965,0.0003333333333333333,15.0,240,,,,,,,,
,,,15.0,240,0.6509726643562317,0.6964285714285714,0.4872881355932203,98.1922,,,,
0.5474,1.4412767887115479,0.0002916666666666667,15.625,250,,,,,,,,
,,,15.625,250,0.6439835429191589,0.6785714285714286,0.47478301665493783,102.3801,,,,
0.4794,1.6083128452301025,0.00025,16.25,260,,,,,,,,
,,,16.25,260,0.6388925313949585,0.7142857142857143,0.49976359338061477,106.6514,,,,
0.4868,3.3434953689575195,0.00020833333333333335,16.875,270,,,,,,,,
,,,16.875,270,0.6416960954666138,0.7142857142857143,0.49976359338061477,110.8545,,,,
0.5694,1.3258962631225586,0.00016666666666666666,17.5,280,,,,,,,,
,,,17.5,280,0.6278905868530273,0.7142857142857143,0.49988271170537174,115.2897,,,,
0.4606,1.1721891164779663,0.000125,18.125,290,,,,,,,,
,,,18.125,290,0.6235595941543579,0.7142857142857143,0.49976359338061477,119.3525,,,,
0.4969,2.9898858070373535,8.333333333333333e-05,18.75,300,,,,,,,,
,,,18.75,300,0.6213418245315552,0.7321428571428571,0.5122356854359705,123.7979,,,,
0.5164,2.2236578464508057,4.1666666666666665e-05,19.375,310,,,,,,,,
,,,19.375,310,0.6136958003044128,0.7142857142857143,0.49976359338061477,127.587,,,,
0.433,4.85833740234375,0.0,20.0,320,,,,,,,,
,,,20.0,320,0.6122435331344604,0.7321428571428571,0.5124764595103578,131.9359,,,,
,,,20.0,320,,,,131.4413,38.04,2.435,450078052115520.0,0.7099804248660803
