loss,grad_norm,learning_rate,epoch,step,eval_loss,eval_accuracy,train_runtime,train_samples_per_second,train_steps_per_second,total_flos,train_loss
0.6755,1.0144771337509155,3.5e-06,0.00641025641025641,1,,,,,,,
0.6997,1.2269375324249268,0.000175,0.32051282051282054,50,,,,,,,
,,,0.32051282051282054,50,0.6934230327606201,0.5270758122743683,20.3617,,,,
0.7017,0.674780547618866,0.00035,0.6410256410256411,100,,,,,,,
,,,0.6410256410256411,100,0.692029595375061,0.5270758122743683,41.8559,,,,
0.7026,2.7359488010406494,0.000525,0.9615384615384616,150,,,,,,,
,,,0.9615384615384616,150,0.709113597869873,0.5270758122743683,63.1194,,,,
0.7011,3.2804150581359863,0.0007,1.282051282051282,200,,,,,,,
,,,1.282051282051282,200,0.6974024176597595,0.516245487364621,84.3693,,,,
0.7,1.714148759841919,0.0006742647058823529,1.6025641025641026,250,,,,,,,
,,,1.6025641025641026,250,0.677405834197998,0.555956678700361,105.2762,,,,
0.696,1.5612818002700806,0.0006485294117647059,1.9230769230769231,300,,,,,,,
,,,1.9230769230769231,300,0.6260378360748291,0.703971119133574,126.1938,,,,
0.6435,1.7688021659851074,0.0006227941176470587,2.2435897435897436,350,,,,,,,
,,,2.2435897435897436,350,0.5986247658729553,0.6642599277978339,146.7407,,,,
0.594,1.9658836126327515,0.0005970588235294117,2.564102564102564,400,,,,,,,
,,,2.564102564102564,400,0.5579187870025635,0.7075812274368231,167.7065,,,,
0.6019,3.1518335342407227,0.0005713235294117647,2.8846153846153846,450,,,,,,,
,,,2.8846153846153846,450,0.6361355185508728,0.6931407942238267,188.8814,,,,
0.5319,6.344322204589844,0.0005455882352941177,3.2051282051282053,500,,,,,,,
,,,3.2051282051282053,500,0.5157402753829956,0.7617328519855595,209.8886,,,,
0.4735,2.5459437370300293,0.0005198529411764706,3.5256410256410255,550,,,,,,,
,,,3.5256410256410255,550,0.5374281406402588,0.776173285198556,230.691,,,,
0.4759,3.2300572395324707,0.0004941176470588236,3.8461538461538463,600,,,,,,,
,,,3.8461538461538463,600,0.5887303948402405,0.7256317689530686,251.4327,,,,
0.4173,1.7540067434310913,0.00046838235294117644,4.166666666666667,650,,,,,,,
,,,4.166666666666667,650,0.4984411895275116,0.740072202166065,272.7072,,,,
0.37,4.847703456878662,0.0004426470588235294,4.487179487179487,700,,,,,,,
,,,4.487179487179487,700,0.6992030739784241,0.7725631768953068,293.4675,,,,
0.3588,11.80427074432373,0.00041691176470588234,4.8076923076923075,750,,,,,,,
,,,4.8076923076923075,750,0.9898133277893066,0.7364620938628159,314.0756,,,,
0.3032,11.562651634216309,0.0003911764705882353,5.128205128205128,800,,,,,,,
,,,5.128205128205128,800,0.8226228356361389,0.7870036101083032,335.016,,,,
0.2556,12.424349784851074,0.00036544117647058824,5.448717948717949,850,,,,,,,
,,,5.448717948717949,850,0.6558911204338074,0.7833935018050542,356.433,,,,
0.2085,6.581157207489014,0.0003397058823529412,5.769230769230769,900,,,,,,,
,,,5.769230769230769,900,0.8656830191612244,0.7725631768953068,377.3579,,,,
0.1957,2.7374813556671143,0.00031397058823529414,6.089743589743589,950,,,,,,,
,,,6.089743589743589,950,0.7951995730400085,0.7906137184115524,398.086,,,,
0.1581,0.8444602489471436,0.00028823529411764703,6.410256410256411,1000,,,,,,,
,,,6.410256410256411,1000,1.0107929706573486,0.7725631768953068,418.9704,,,,
0.1763,2.7489945888519287,0.0002625,6.730769230769231,1050,,,,,,,
,,,6.730769230769231,1050,0.8823634386062622,0.7509025270758123,440.3038,,,,
0.1178,0.4047493636608124,0.00023676470588235296,7.051282051282051,1100,,,,,,,
,,,7.051282051282051,1100,1.1728284358978271,0.776173285198556,461.6982,,,,
0.1251,11.310066223144531,0.00021102941176470586,7.371794871794872,1150,,,,,,,
,,,7.371794871794872,1150,1.3005350828170776,0.7581227436823105,483.1772,,,,
0.0935,2.2351784706115723,0.00018529411764705883,7.6923076923076925,1200,,,,,,,
,,,7.6923076923076925,1200,1.1074236631393433,0.7870036101083032,503.6363,,,,
0.1098,8.69266128540039,0.00015955882352941176,8.012820512820513,1250,,,,,,,
,,,8.012820512820513,1250,1.2535812854766846,0.7689530685920578,524.8182,,,,
0.0706,0.6283182501792908,0.0001338235294117647,8.333333333333334,1300,,,,,,,
,,,8.333333333333334,1300,1.2358475923538208,0.7942238267148014,545.5992,,,,
0.0858,13.058453559875488,0.00010808823529411764,8.653846153846153,1350,,,,,,,
,,,8.653846153846153,1350,1.3323793411254883,0.7725631768953068,566.4124,,,,
0.0662,0.16070064902305603,8.235294117647058e-05,8.974358974358974,1400,,,,,,,
,,,8.974358974358974,1400,1.2556219100952148,0.7870036101083032,587.1143,,,,
0.0404,0.22298812866210938,5.661764705882353e-05,9.294871794871796,1450,,,,,,,
,,,9.294871794871796,1450,1.4380217790603638,0.7581227436823105,607.8539,,,,
0.0338,32.90399932861328,3.0882352941176475e-05,9.615384615384615,1500,,,,,,,
,,,9.615384615384615,1500,1.3786628246307373,0.779783393501805,629.0385,,,,
0.0249,5.960700511932373,5.147058823529411e-06,9.935897435897436,1550,,,,,,,
,,,9.935897435897436,1550,1.372218132019043,0.7870036101083032,650.2727,,,,
,,,10.0,1560,,,653.2898,38.115,2.388,2139298724076480.0,0.34412288527267104
