loss,grad_norm,learning_rate,epoch,step,eval_loss,eval_accuracy,eval_f1,train_runtime,train_samples_per_second,train_steps_per_second,total_flos,train_loss
1.0935,3.0998284816741943,1e-05,0.0625,1,,,,,,,,
1.0854,3.5085840225219727,0.0001,0.625,10,,,,,,,,
,,,0.625,10,1.0454113483428955,0.5,0.2222222222222222,4.5629,,,,
0.9977,2.4946372509002686,0.0002,1.25,20,,,,,,,,
,,,1.25,20,0.9406617879867554,0.7142857142857143,0.49642769154964284,8.829,,,,
0.9411,1.7289177179336548,0.0003,1.875,30,,,,,,,,
,,,1.875,30,0.9048762321472168,0.6607142857142857,0.44265377383830246,12.9784,,,,
0.8844,1.1874579191207886,0.0004,2.5,40,,,,,,,,
,,,2.5,40,0.9063423871994019,0.5714285714285714,0.3842054263565892,17.0178,,,,
0.827,2.70322322845459,0.0005,3.125,50,,,,,,,,
,,,3.125,50,0.8858852386474609,0.6428571428571429,0.4430260047281324,21.1188,,,,
0.8837,1.0910907983779907,0.0006,3.75,60,,,,,,,,
,,,3.75,60,0.8386119604110718,0.7321428571428571,0.5064836003051106,25.3863,,,,
0.794,1.7806670665740967,0.0007,4.375,70,,,,,,,,
,,,4.375,70,0.8062732815742493,0.6964285714285714,0.4872514619883041,29.3483,,,,
0.7259,2.6794986724853516,0.0008,5.0,80,,,,,,,,
,,,5.0,80,0.740862250328064,0.6964285714285714,0.48581048581048575,33.4359,,,,
0.6665,0.7243283987045288,0.0009000000000000001,5.625,90,,,,,,,,
,,,5.625,90,0.7232311964035034,0.6964285714285714,0.4868139700641481,37.9083,,,,
0.671,3.2506015300750732,0.001,6.25,100,,,,,,,,
,,,6.25,100,0.6991230249404907,0.6964285714285714,0.48581048581048575,41.9371,,,,
0.5878,1.758784532546997,0.0011,6.875,110,,,,,,,,
,,,6.875,110,0.6916346549987793,0.6785714285714286,0.47478301665493783,45.9839,,,,
0.692,2.4733784198760986,0.0012,7.5,120,,,,,,,,
,,,7.5,120,0.6811074018478394,0.7142857142857143,0.49806201550387597,49.7241,,,,
0.524,1.3773399591445923,0.0013000000000000002,8.125,130,,,,,,,,
,,,8.125,130,0.6398051381111145,0.7321428571428571,0.5115440115440115,54.0582,,,,
0.4402,1.1873434782028198,0.0014,8.75,140,,,,,,,,
,,,8.75,140,0.5743318796157837,0.7678571428571429,0.5376647834274952,58.6212,,,,
0.438,1.1613608598709106,0.0015,9.375,150,,,,,,,,
,,,9.375,150,0.5938016772270203,0.7857142857142857,0.5487179487179487,62.7378,,,,
0.55,2.510010242462158,0.0016,10.0,160,,,,,,,,
,,,10.0,160,0.5918727517127991,0.75,0.5227888642522789,66.8625,,,,
0.3591,2.2893083095550537,0.0017,10.625,170,,,,,,,,
,,,10.625,170,0.6013147234916687,0.7857142857142857,0.5487179487179487,71.3567,,,,
0.377,2.33475923538208,0.0018000000000000002,11.25,180,,,,,,,,
,,,11.25,180,0.4826655089855194,0.7857142857142857,0.6735392667596057,75.399,,,,
0.291,2.2859585285186768,0.0019,11.875,190,,,,,,,,
,,,11.875,190,0.5304446816444397,0.8214285714285714,0.5740350877192982,79.8448,,,,
0.1595,0.4624197483062744,0.002,12.5,200,,,,,,,,
,,,12.5,200,0.43581417202949524,0.8571428571428571,0.7757048527408029,83.8787,,,,
0.1643,3.4950625896453857,0.0018333333333333333,13.125,210,,,,,,,,
,,,13.125,210,0.6046472787857056,0.875,0.8789378057302586,87.9285,,,,
0.1896,2.271083116531372,0.0016666666666666668,13.75,220,,,,,,,,
,,,13.75,220,0.4879431128501892,0.8392857142857143,0.758240946045824,92.4624,,,,
0.0371,0.21830490231513977,0.0015,14.375,230,,,,,,,,
,,,14.375,230,0.41545405983924866,0.8928571428571429,0.8523500309214596,96.895,,,,
0.0482,0.8656845688819885,0.0013333333333333333,15.0,240,,,,,,,,
,,,15.0,240,0.3849276900291443,0.8928571428571429,0.8523500309214596,100.8955,,,,
0.0737,0.7664132714271545,0.0011666666666666668,15.625,250,,,,,,,,
,,,15.625,250,0.3555872142314911,0.9464285714285714,0.9605415860735009,105.0695,,,,
0.0252,0.5748044848442078,0.001,16.25,260,,,,,,,,
,,,16.25,260,0.3607144355773926,0.9464285714285714,0.9605415860735009,109.3718,,,,
0.0166,0.7026004195213318,0.0008333333333333334,16.875,270,,,,,,,,
,,,16.875,270,0.39215365052223206,0.9107142857142857,0.9047376896347149,113.6366,,,,
0.0263,0.7555931210517883,0.0006666666666666666,17.5,280,,,,,,,,
,,,17.5,280,0.4003659188747406,0.9285714285714286,0.9475308641975309,118.0497,,,,
0.0127,0.4130813777446747,0.0005,18.125,290,,,,,,,,
,,,18.125,290,0.41080182790756226,0.9285714285714286,0.9475308641975309,122.1258,,,,
0.0158,0.11313917487859726,0.0003333333333333333,18.75,300,,,,,,,,
,,,18.75,300,0.4170718193054199,0.9285714285714286,0.9475308641975309,126.6377,,,,
0.0152,0.681717038154602,0.00016666666666666666,19.375,310,,,,,,,,
,,,19.375,310,0.42153018712997437,0.9285714285714286,0.9475308641975309,130.4467,,,,
0.0153,0.060255732387304306,0.0,20.0,320,,,,,,,,
,,,20.0,320,0.424356073141098,0.9285714285714286,0.9475308641975309,134.7581,,,,
,,,20.0,320,,,,134.2648,37.24,2.383,450078052115520.0,0.4229989010374993
