loss,grad_norm,learning_rate,epoch,step,eval_loss,eval_accuracy,train_runtime,train_samples_per_second,train_steps_per_second,total_flos,train_loss
0.6864,0.6243380308151245,3.5e-06,0.00641025641025641,1,,,,,,,
0.6969,0.8994583487510681,0.000175,0.32051282051282054,50,,,,,,,
,,,0.32051282051282054,50,0.6933146715164185,0.5270758122743683,21.794,,,,
0.7097,1.3461940288543701,0.00035,0.6410256410256411,100,,,,,,,
,,,0.6410256410256411,100,0.6899325847625732,0.5306859205776173,44.9061,,,,
0.698,3.5160579681396484,0.000525,0.9615384615384616,150,,,,,,,
,,,0.9615384615384616,150,0.7044209241867065,0.5884476534296029,67.7003,,,,
0.7135,3.800499200820923,0.0007,1.282051282051282,200,,,,,,,
,,,1.282051282051282,200,0.6922074556350708,0.5270758122743683,90.4206,,,,
0.7019,0.7450885772705078,0.0006742647058823529,1.6025641025641026,250,,,,,,,
,,,1.6025641025641026,250,0.6976840496063232,0.4729241877256318,112.6485,,,,
0.6946,1.112614631652832,0.0006485294117647059,1.9230769230769231,300,,,,,,,
,,,1.9230769230769231,300,0.7099461555480957,0.4729241877256318,135.0086,,,,
0.706,0.6022804975509644,0.0006227941176470587,2.2435897435897436,350,,,,,,,
,,,2.2435897435897436,350,0.7026047110557556,0.4729241877256318,156.8068,,,,
0.7218,0.526486873626709,0.0005970588235294117,2.564102564102564,400,,,,,,,
,,,2.564102564102564,400,0.6936488151550293,0.4729241877256318,179.1126,,,,
0.6882,0.5164496898651123,0.0005713235294117647,2.8846153846153846,450,,,,,,,
,,,2.8846153846153846,450,0.7017202377319336,0.5270758122743683,201.734,,,,
0.6998,0.38903266191482544,0.0005455882352941177,3.2051282051282053,500,,,,,,,
,,,3.2051282051282053,500,0.6917120814323425,0.5270758122743683,224.1607,,,,
0.7005,0.3201970160007477,0.0005198529411764706,3.5256410256410255,550,,,,,,,
,,,3.5256410256410255,550,0.6919798254966736,0.5270758122743683,246.3507,,,,
0.6965,0.9209315776824951,0.0004941176470588236,3.8461538461538463,600,,,,,,,
,,,3.8461538461538463,600,0.697338879108429,0.4729241877256318,268.6479,,,,
0.6954,1.2539244890213013,0.00046838235294117644,4.166666666666667,650,,,,,,,
,,,4.166666666666667,650,0.6925685405731201,0.5270758122743683,291.469,,,,
0.6955,1.7492520809173584,0.0004426470588235294,4.487179487179487,700,,,,,,,
,,,4.487179487179487,700,0.6968740820884705,0.4729241877256318,313.7441,,,,
0.6948,0.8869717717170715,0.00041691176470588234,4.8076923076923075,750,,,,,,,
,,,4.8076923076923075,750,0.6961032152175903,0.4729241877256318,335.8779,,,,
0.696,0.2832685112953186,0.0003911764705882353,5.128205128205128,800,,,,,,,
,,,5.128205128205128,800,0.6916855573654175,0.5270758122743683,358.1668,,,,
0.7023,0.7979333996772766,0.00036544117647058824,5.448717948717949,850,,,,,,,
,,,5.448717948717949,850,0.6961584687232971,0.4729241877256318,381.1684,,,,
0.7015,1.0809303522109985,0.0003397058823529412,5.769230769230769,900,,,,,,,
,,,5.769230769230769,900,0.69572913646698,0.4729241877256318,403.6209,,,,
0.695,0.458609402179718,0.00031397058823529414,6.089743589743589,950,,,,,,,
,,,6.089743589743589,950,0.694414496421814,0.4729241877256318,425.753,,,,
0.6952,1.6993424892425537,0.00028823529411764703,6.410256410256411,1000,,,,,,,
,,,6.410256410256411,1000,0.6959476470947266,0.4729241877256318,448.0568,,,,
0.6948,0.34326252341270447,0.0002625,6.730769230769231,1050,,,,,,,
,,,6.730769230769231,1050,0.6942752599716187,0.4729241877256318,470.8747,,,,
0.6954,0.84012371301651,0.00023676470588235296,7.051282051282051,1100,,,,,,,
,,,7.051282051282051,1100,0.6939309239387512,0.4729241877256318,493.8085,,,,
0.6963,0.917959451675415,0.00021102941176470586,7.371794871794872,1150,,,,,,,
,,,7.371794871794872,1150,0.6942916512489319,0.4729241877256318,516.918,,,,
0.6953,0.798961877822876,0.00018529411764705883,7.6923076923076925,1200,,,,,,,
,,,7.6923076923076925,1200,0.6930104494094849,0.5270758122743683,538.7084,,,,
0.6962,0.9219740629196167,0.00015955882352941176,8.012820512820513,1250,,,,,,,
,,,8.012820512820513,1250,0.6935275793075562,0.4729241877256318,561.1018,,,,
0.6939,0.6518499255180359,0.0001338235294117647,8.333333333333334,1300,,,,,,,
,,,8.333333333333334,1300,0.6917634010314941,0.5270758122743683,583.2469,,,,
0.6952,0.21649476885795593,0.00010808823529411764,8.653846153846153,1350,,,,,,,
,,,8.653846153846153,1350,0.6926251649856567,0.5270758122743683,605.354,,,,
0.6929,0.3533797860145569,8.235294117647058e-05,8.974358974358974,1400,,,,,,,
,,,8.974358974358974,1400,0.6936810612678528,0.4729241877256318,627.3528,,,,
0.6944,0.4036570191383362,5.661764705882353e-05,9.294871794871796,1450,,,,,,,
,,,9.294871794871796,1450,0.6931039094924927,0.5270758122743683,649.435,,,,
0.6942,0.7596219182014465,3.0882352941176475e-05,9.615384615384615,1500,,,,,,,
,,,9.615384615384615,1500,0.6930271983146667,0.5270758122743683,671.9845,,,,
0.6934,0.33034273982048035,5.147058823529411e-06,9.935897435897436,1550,,,,,,,
,,,9.935897435897436,1550,0.6931619644165039,0.4729241877256318,694.7448,,,,
,,,10.0,1560,,,698.055,35.671,2.235,2157310710406080.0,0.6981985653440158
