loss,grad_norm,learning_rate,epoch,step,eval_loss,eval_accuracy,eval_f1,train_runtime,train_samples_per_second,train_steps_per_second,total_flos,train_loss
0.7008,1.4407575130462646,2.5e-06,0.0,1,,,,,,,,
0.6565,0.8154743313789368,6.25e-05,0.11,25,,,,,,,,
,,,0.11,25,0.6356057524681091,0.6838235294117647,0.8122270742358079,6.3145,,,,
0.6607,1.268305778503418,0.000125,0.22,50,,,,,,,,
,,,0.22,50,0.6252149343490601,0.6838235294117647,0.8122270742358079,12.0445,,,,
0.6394,2.41229510307312,0.0001875,0.33,75,,,,,,,,
,,,0.33,75,0.620234489440918,0.6838235294117647,0.8122270742358079,18.0367,,,,
0.6394,0.603666365146637,0.00025,0.43,100,,,,,,,,
,,,0.43,100,0.612230658531189,0.6838235294117647,0.8122270742358079,23.935,,,,
0.5877,0.9676814079284668,0.0003125,0.54,125,,,,,,,,
,,,0.54,125,0.5660655498504639,0.6985294117647058,0.8183161004431315,29.9681,,,,
0.54,7.318564414978027,0.000375,0.65,150,,,,,,,,
,,,0.65,150,0.47167232632637024,0.7818627450980392,0.8494077834179357,35.7719,,,,
0.5895,4.296160697937012,0.0004375,0.76,175,,,,,,,,
,,,0.76,175,0.5108231902122498,0.8063725490196079,0.8576576576576576,41.8245,,,,
0.4946,1.4960784912109375,0.0005,0.87,200,,,,,,,,
,,,0.87,200,0.43190208077430725,0.8063725490196079,0.869851729818781,47.5791,,,,
0.5246,1.8917306661605835,0.0004940476190476191,0.98,225,,,,,,,,
,,,0.98,225,0.44775742292404175,0.7843137254901961,0.8339622641509433,53.309,,,,
0.4825,1.8772257566452026,0.0004880952380952381,1.09,250,,,,,,,,
,,,1.09,250,0.4586452543735504,0.8088235294117647,0.8733766233766234,58.7657,,,,
0.4727,1.2507091760635376,0.00048214285714285715,1.2,275,,,,,,,,
,,,1.2,275,0.39607882499694824,0.8063725490196079,0.8707037643207856,64.4089,,,,
0.4368,2.229883909225464,0.0004761904761904762,1.3,300,,,,,,,,
,,,1.3,300,0.4218275547027588,0.8088235294117647,0.8704318936877077,70.147,,,,
0.3859,2.770181655883789,0.00047023809523809523,1.41,325,,,,,,,,
,,,1.41,325,0.40390363335609436,0.7990196078431373,0.836,75.7586,,,,
0.4572,5.529189586639404,0.00046428571428571433,1.52,350,,,,,,,,
,,,1.52,350,0.3965645730495453,0.8235294117647058,0.8775510204081631,81.5599,,,,
0.4,1.8425339460372925,0.0004583333333333333,1.63,375,,,,,,,,
,,,1.63,375,0.34115833044052124,0.8578431372549019,0.8937728937728937,87.1391,,,,
0.3224,4.4248480796813965,0.00045238095238095237,1.74,400,,,,,,,,
,,,1.74,400,0.36496075987815857,0.875,0.9094138543516875,92.9156,,,,
0.4191,3.066964864730835,0.00044642857142857147,1.85,425,,,,,,,,
,,,1.85,425,0.342843234539032,0.8480392156862745,0.8945578231292517,98.7125,,,,
0.3702,2.2124276161193848,0.00044047619047619046,1.96,450,,,,,,,,
,,,1.96,450,0.3524145483970642,0.8578431372549019,0.8999999999999999,104.6509,,,,
0.3313,2.486937999725342,0.00043452380952380956,2.07,475,,,,,,,,
,,,2.07,475,0.3799249231815338,0.8627450980392157,0.9047619047619047,110.2376,,,,
0.3758,1.5079230070114136,0.00042857142857142855,2.17,500,,,,,,,,
,,,2.17,500,0.31922218203544617,0.8578431372549019,0.8905660377358491,116.0513,,,,
0.383,2.6281721591949463,0.00042261904761904765,2.28,525,,,,,,,,
,,,2.28,525,0.3115496039390564,0.8553921568627451,0.8905380333951763,122.4427,,,,
0.2994,2.172149419784546,0.0004166666666666667,2.39,550,,,,,,,,
,,,2.39,550,0.3531816601753235,0.8627450980392157,0.9,128.1543,,,,
0.358,2.8633649349212646,0.0004107142857142857,2.5,575,,,,,,,,
,,,2.5,575,0.35115912556648254,0.8455882352941176,0.8948247078464107,134.0535,,,,
0.3113,3.028903007507324,0.0004047619047619048,2.61,600,,,,,,,,
,,,2.61,600,0.3365117311477661,0.8627450980392157,0.9027777777777778,139.7745,,,,
0.3091,3.9903249740600586,0.00039880952380952383,2.72,625,,,,,,,,
,,,2.72,625,0.3972937762737274,0.8382352941176471,0.8903654485049834,145.6665,,,,
0.4243,8.886147499084473,0.0003928571428571429,2.83,650,,,,,,,,
,,,2.83,650,0.3979739844799042,0.8284313725490197,0.8852459016393442,151.4169,,,,
0.3274,5.72165584564209,0.0003869047619047619,2.93,675,,,,,,,,
,,,2.93,675,0.3341276943683624,0.8725490196078431,0.9109589041095889,157.2686,,,,
0.2846,2.6725850105285645,0.00038095238095238096,3.04,700,,,,,,,,
,,,3.04,700,0.3576389253139496,0.8676470588235294,0.9052631578947367,162.7699,,,,
0.323,5.2239089012146,0.000375,3.15,725,,,,,,,,
,,,3.15,725,0.3844158947467804,0.8529411764705882,0.8989898989898989,168.5196,,,,
0.3203,3.0174968242645264,0.00036904761904761905,3.26,750,,,,,,,,
,,,3.26,750,0.395900696516037,0.8480392156862745,0.8973509933774835,174.3541,,,,
0.2499,4.222786903381348,0.0003630952380952381,3.37,775,,,,,,,,
,,,3.37,775,0.32431039214134216,0.8627450980392157,0.9,179.9813,,,,
0.2893,3.5700571537017822,0.00035714285714285714,3.48,800,,,,,,,,
,,,3.48,800,0.330849289894104,0.8725490196078431,0.9097222222222222,185.8034,,,,
0.3251,3.176621675491333,0.0003511904761904762,3.59,825,,,,,,,,
,,,3.59,825,0.2804504334926605,0.8848039215686274,0.91651865008881,191.5546,,,,
0.3075,3.2133169174194336,0.00034523809523809523,3.7,850,,,,,,,,
,,,3.7,850,0.3066640794277191,0.8700980392156863,0.9048473967684021,197.4831,,,,
0.2741,11.618945121765137,0.00033928571428571433,3.8,875,,,,,,,,
,,,3.8,875,0.32489466667175293,0.8676470588235294,0.9032258064516129,203.2089,,,,
0.3086,6.928315162658691,0.0003333333333333333,3.91,900,,,,,,,,
,,,3.91,900,0.3380264639854431,0.8627450980392157,0.9050847457627118,209.043,,,,
0.3398,6.214171886444092,0.00032738095238095237,4.02,925,,,,,,,,
,,,4.02,925,0.3314591348171234,0.8627450980392157,0.9050847457627118,214.6726,,,,
0.217,0.6301052570343018,0.00032142857142857147,4.13,950,,,,,,,,
,,,4.13,950,0.3647347390651703,0.8651960784313726,0.9050086355785838,220.446,,,,
0.2681,8.008892059326172,0.00031547619047619046,4.24,975,,,,,,,,
,,,4.24,975,0.3935375511646271,0.8504901960784313,0.8957264957264958,226.1496,,,,
0.3076,1.607176423072815,0.00030952380952380956,4.35,1000,,,,,,,,
,,,4.35,1000,0.32108405232429504,0.8578431372549019,0.8996539792387542,231.8139,,,,
0.2829,3.8499395847320557,0.00030357142857142855,4.46,1025,,,,,,,,
,,,4.46,1025,0.31139105558395386,0.8700980392156863,0.9038112522686026,238.3691,,,,
0.2288,3.4598605632781982,0.00029761904761904765,4.57,1050,,,,,,,,
,,,4.57,1050,0.31725117564201355,0.8799019607843137,0.9113924050632911,244.1556,,,,
0.2134,3.0376076698303223,0.0002916666666666667,4.67,1075,,,,,,,,
,,,4.67,1075,0.3361501395702362,0.8774509803921569,0.9116607773851589,249.9429,,,,
0.2179,3.3460206985473633,0.0002857142857142857,4.78,1100,,,,,,,,
,,,4.78,1100,0.3502863645553589,0.8700980392156863,0.9068541300527241,255.6687,,,,
0.2601,2.6389849185943604,0.0002797619047619048,4.89,1125,,,,,,,,
,,,4.89,1125,0.30920204520225525,0.8676470588235294,0.9052631578947367,261.4536,,,,
0.2451,0.12680429220199585,0.0002738095238095238,5.0,1150,,,,,,,,
,,,5.0,1150,0.3186051547527313,0.8676470588235294,0.9035714285714286,267.2842,,,,
0.1845,0.9883220195770264,0.00026785714285714287,5.11,1175,,,,,,,,
,,,5.11,1175,0.3348764479160309,0.8823529411764706,0.9157894736842105,272.9636,,,,
0.2343,7.437035083770752,0.0002619047619047619,5.22,1200,,,,,,,,
,,,5.22,1200,0.40599972009658813,0.8553921568627451,0.9001692047377327,278.8794,,,,
0.2233,4.723052501678467,0.00025595238095238096,5.33,1225,,,,,,,,
,,,5.33,1225,0.3331700265407562,0.8848039215686274,0.9171075837742505,284.6515,,,,
0.2392,3.752840280532837,0.00025,5.43,1250,,,,,,,,
,,,5.43,1250,0.3988552391529083,0.8725490196078431,0.9084507042253521,290.4344,,,,
0.1932,5.704843521118164,0.00024404761904761905,5.54,1275,,,,,,,,
,,,5.54,1275,0.36697229743003845,0.8799019607843137,0.9104204753199269,296.1389,,,,
0.2173,5.324276447296143,0.0002380952380952381,5.65,1300,,,,,,,,
,,,5.65,1300,0.377623587846756,0.8848039215686274,0.9173989455184535,301.9274,,,,
0.1973,1.712257981300354,0.00023214285714285717,5.76,1325,,,,,,,,
,,,5.76,1325,0.37017950415611267,0.875,0.9094138543516875,307.7545,,,,
0.2287,2.265509605407715,0.00022619047619047618,5.87,1350,,,,,,,,
,,,5.87,1350,0.3571642339229584,0.8774509803921569,0.910394265232975,313.5798,,,,
0.2439,2.4703845977783203,0.00022023809523809523,5.98,1375,,,,,,,,
,,,5.98,1375,0.3298451900482178,0.8799019607843137,0.9129662522202486,319.4996,,,,
0.1707,8.95151138305664,0.00021428571428571427,6.09,1400,,,,,,,,
,,,6.09,1400,0.49669158458709717,0.8578431372549019,0.902027027027027,325.1434,,,,
0.2093,1.985488772392273,0.00020833333333333335,6.2,1425,,,,,,,,
,,,6.2,1425,0.3852427005767822,0.8774509803921569,0.911032028469751,331.1851,,,,
0.189,2.859379291534424,0.0002023809523809524,6.3,1450,,,,,,,,
,,,6.3,1450,0.4529067873954773,0.8627450980392157,0.8943396226415095,336.8031,,,,
0.2359,1.340682864189148,0.00019642857142857144,6.41,1475,,,,,,,,
,,,6.41,1475,0.39652371406555176,0.8799019607843137,0.9141856392294221,342.6856,,,,
0.252,1.113896369934082,0.00019047619047619048,6.52,1500,,,,,,,,
,,,6.52,1500,0.4101373553276062,0.8700980392156863,0.9055258467023173,348.4109,,,,
0.1362,10.773270606994629,0.00018452380952380953,6.63,1525,,,,,,,,
,,,6.63,1525,0.44454795122146606,0.875,0.9087656529516995,354.9261,,,,
0.2032,1.6961753368377686,0.00017857142857142857,6.74,1550,,,,,,,,
,,,6.74,1550,0.45748862624168396,0.875,0.9064220183486239,360.5832,,,,
0.1709,1.5271052122116089,0.00017261904761904762,6.85,1575,,,,,,,,
,,,6.85,1575,0.482870876789093,0.8725490196078431,0.9084507042253521,366.3495,,,,
0.1915,1.7252610921859741,0.00016666666666666666,6.96,1600,,,,,,,,
,,,6.96,1600,0.47408637404441833,0.8676470588235294,0.9045936395759717,372.2057,,,,
0.169,4.757195949554443,0.00016071428571428573,7.07,1625,,,,,,,,
,,,7.07,1625,0.4567813575267792,0.8872549019607843,0.9163636363636363,377.8204,,,,
0.1561,2.829721212387085,0.00015476190476190478,7.17,1650,,,,,,,,
,,,7.17,1650,0.4448357820510864,0.8676470588235294,0.9,383.6562,,,,
0.1678,3.061673164367676,0.00014880952380952382,7.28,1675,,,,,,,,
,,,7.28,1675,0.45628514885902405,0.8774509803921569,0.9140893470790378,389.3452,,,,
0.1741,6.230897426605225,0.00014285714285714284,7.39,1700,,,,,,,,
,,,7.39,1700,0.42812299728393555,0.875,0.9113043478260869,395.2839,,,,
0.1515,1.623995304107666,0.0001369047619047619,7.5,1725,,,,,,,,
,,,7.5,1725,0.48266685009002686,0.8774509803921569,0.9070631970260223,401.1167,,,,
0.1842,5.259857177734375,0.00013095238095238096,7.61,1750,,,,,,,,
,,,7.61,1750,0.414406955242157,0.8725490196078431,0.9057971014492753,406.995,,,,
0.1972,5.936615467071533,0.000125,7.72,1775,,,,,,,,
,,,7.72,1775,0.4455881416797638,0.8651960784313726,0.9040139616055847,412.8074,,,,
0.1403,2.199849843978882,0.00011904761904761905,7.83,1800,,,,,,,,
,,,7.83,1800,0.440268337726593,0.8651960784313726,0.9016100178890876,418.5379,,,,
0.1867,0.97150719165802,0.00011309523809523809,7.93,1825,,,,,,,,
,,,7.93,1825,0.4259864091873169,0.8676470588235294,0.9021739130434783,424.5223,,,,
0.2225,6.394728660583496,0.00010714285714285714,8.04,1850,,,,,,,,
,,,8.04,1850,0.44107556343078613,0.8627450980392157,0.9017543859649123,430.1596,,,,
0.1399,1.1103121042251587,0.0001011904761904762,8.15,1875,,,,,,,,
,,,8.15,1875,0.44383594393730164,0.8651960784313726,0.9016100178890876,436.0374,,,,
0.1174,0.2437397837638855,9.523809523809524e-05,8.26,1900,,,,,,,,
,,,8.26,1900,0.47018876671791077,0.8725490196078431,0.9064748201438848,441.7977,,,,
0.1471,0.8692343235015869,8.928571428571429e-05,8.37,1925,,,,,,,,
,,,8.37,1925,0.47065606713294983,0.8676470588235294,0.9049295774647886,447.705,,,,
0.1581,5.284039497375488,8.333333333333333e-05,8.48,1950,,,,,,,,
,,,8.48,1950,0.4800127446651459,0.875,0.9097345132743363,453.5552,,,,
0.1278,3.376981258392334,7.738095238095239e-05,8.59,1975,,,,,,,,
,,,8.59,1975,0.5044207572937012,0.8676470588235294,0.9065743944636677,459.2831,,,,
0.176,2.8832054138183594,7.142857142857142e-05,8.7,2000,,,,,,,,
,,,8.7,2000,0.4716133177280426,0.8700980392156863,0.9071803852889667,465.0372,,,,
0.1365,5.1695966720581055,6.547619047619048e-05,8.8,2025,,,,,,,,
,,,8.8,2025,0.48133063316345215,0.8725490196078431,0.9054545454545455,471.3612,,,,
0.2065,10.063602447509766,5.9523809523809524e-05,8.91,2050,,,,,,,,
,,,8.91,2050,0.4691450893878937,0.8700980392156863,0.9068541300527241,477.1922,,,,
0.2171,0.8363320827484131,5.357142857142857e-05,9.02,2075,,,,,,,,
,,,9.02,2075,0.453528493642807,0.875,0.9109947643979057,482.8345,,,,
0.1154,4.250205993652344,4.761904761904762e-05,9.13,2100,,,,,,,,
,,,9.13,2100,0.44797205924987793,0.8651960784313726,0.9012567324955117,488.7213,,,,
0.1342,0.4431435465812683,4.1666666666666665e-05,9.24,2125,,,,,,,,
,,,9.24,2125,0.46729645133018494,0.8700980392156863,0.905861456483126,494.4473,,,,
0.204,2.383355140686035,3.571428571428571e-05,9.35,2150,,,,,,,,
,,,9.35,2150,0.4787721037864685,0.875,0.9109947643979057,500.2921,,,,
0.1307,1.2677761316299438,2.9761904761904762e-05,9.46,2175,,,,,,,,
,,,9.46,2175,0.4697295129299164,0.875,0.9106830122591945,506.0852,,,,
0.1158,1.0958442687988281,2.380952380952381e-05,9.57,2200,,,,,,,,
,,,9.57,2200,0.4941975474357605,0.8676470588235294,0.90625,511.904,,,,
0.1756,3.3964316844940186,1.7857142857142855e-05,9.67,2225,,,,,,,,
,,,9.67,2225,0.4740436375141144,0.8774509803921569,0.9125874125874125,517.6846,,,,
0.1317,0.7792057394981384,1.1904761904761905e-05,9.78,2250,,,,,,,,
,,,9.78,2250,0.469588965177536,0.8700980392156863,0.9068541300527241,523.5296,,,,
0.1268,13.589335441589355,5.9523809523809525e-06,9.89,2275,,,,,,,,
,,,9.89,2275,0.4731045961380005,0.8700980392156863,0.9068541300527241,529.4685,,,,
0.1208,0.19838184118270874,0.0,10.0,2300,,,,,,,,
,,,10.0,2300,0.4725103974342346,0.8700980392156863,0.9068541300527241,535.1988,,,,
,,,10.0,2300,,,,534.6647,68.604,4.302,1456015189661088.0,0.27842603616092515
