loss,grad_norm,learning_rate,epoch,step,eval_loss,eval_accuracy,eval_f1,train_runtime,train_samples_per_second,train_steps_per_second,total_flos,train_loss
1.0935,3.0998284816741943,0.00025,0.0625,1,,,,,,,,
0.8984,3.2270545959472656,0.0025000000000000005,0.625,10,,,,,,,,
,,,0.625,10,1.0275182723999023,0.6964285714285714,0.47574334898278564,4.7211,,,,
1.1004,1.925851583480835,0.005000000000000001,1.25,20,,,,,,,,
,,,1.25,20,0.7735065817832947,0.7142857142857143,0.49806201550387597,8.9571,,,,
0.8695,1.850980281829834,0.0075,1.875,30,,,,,,,,
,,,1.875,30,0.8184436559677124,0.6964285714285714,0.48646125116713357,13.0614,,,,
0.7324,5.227345943450928,0.010000000000000002,2.5,40,,,,,,,,
,,,2.5,40,0.6307104825973511,0.7857142857142857,0.548101560680177,17.1493,,,,
0.7045,2.0818073749542236,0.0125,3.125,50,,,,,,,,
,,,3.125,50,0.9357816576957703,0.6607142857142857,0.5289617486338799,21.2895,,,,
0.4164,2.382763385772705,0.015,3.75,60,,,,,,,,
,,,3.75,60,0.6529092788696289,0.7857142857142857,0.5494949494949495,25.5187,,,,
0.2128,1.0900181531906128,0.017499999999999998,4.375,70,,,,,,,,
,,,4.375,70,0.903447687625885,0.8035714285714286,0.7518366519734508,29.5158,,,,
0.6468,8.853113174438477,0.020000000000000004,5.0,80,,,,,,,,
,,,5.0,80,0.9087520241737366,0.8571428571428571,0.5971055088702147,33.6465,,,,
0.251,2.1559672355651855,0.022500000000000003,5.625,90,,,,,,,,
,,,5.625,90,1.4212124347686768,0.8035714285714286,0.733611974422177,38.1385,,,,
0.4372,1.711608648300171,0.025,6.25,100,,,,,,,,
,,,6.25,100,0.7964215278625488,0.9107142857142857,0.904849755415793,42.1442,,,,
0.8846,0.3471410274505615,0.027500000000000004,6.875,110,,,,,,,,
,,,6.875,110,2.4591031074523926,0.8214285714285714,0.5718040621266428,46.2543,,,,
1.3243,7.151911735534668,0.03,7.5,120,,,,,,,,
,,,7.5,120,1.083750605583191,0.9107142857142857,0.9104084321475625,50.0171,,,,
0.7929,2.9470810890197754,0.0325,8.125,130,,,,,,,,
,,,8.125,130,1.0793031454086304,0.875,0.8317685047193243,54.3131,,,,
0.5779,15.838391304016113,0.034999999999999996,8.75,140,,,,,,,,
,,,8.75,140,1.9968355894088745,0.8928571428571429,0.8685185185185186,58.9164,,,,
1.2281,13.570501327514648,0.037500000000000006,9.375,150,,,,,,,,
,,,9.375,150,5.255236625671387,0.75,0.691285403050109,63.0532,,,,
0.9521,37.520362854003906,0.04000000000000001,10.0,160,,,,,,,,
,,,10.0,160,3.4660072326660156,0.8571428571428571,0.8134920634920634,67.1367,,,,
1.6425,16.55034828186035,0.0425,10.625,170,,,,,,,,
,,,10.625,170,2.177680492401123,0.8571428571428571,0.7043478260869565,71.6249,,,,
1.992,0.006528877653181553,0.045000000000000005,11.25,180,,,,,,,,
,,,11.25,180,2.6848371028900146,0.8928571428571429,0.7281298484306004,75.7103,,,,
1.1676,11.158621788024902,0.0475,11.875,190,,,,,,,,
,,,11.875,190,2.832108736038208,0.8928571428571429,0.862644874950043,80.1792,,,,
1.1576,2.0574514564941637e-05,0.05,12.5,200,,,,,,,,
,,,12.5,200,2.979391574859619,0.8214285714285714,0.7495837495837496,84.1871,,,,
1.785,20.354633331298828,0.04583333333333334,13.125,210,,,,,,,,
,,,13.125,210,2.0381197929382324,0.8214285714285714,0.7605757696921231,88.2694,,,,
0.9495,18.37012481689453,0.04166666666666667,13.75,220,,,,,,,,
,,,13.75,220,1.6049385070800781,0.8035714285714286,0.7835327267951381,92.8099,,,,
1.4908,5.959784984588623,0.037500000000000006,14.375,230,,,,,,,,
,,,14.375,230,2.234401226043701,0.8035714285714286,0.7695906432748537,97.1906,,,,
2.6305,17.93174934387207,0.03333333333333333,15.0,240,,,,,,,,
,,,15.0,240,4.172776222229004,0.75,0.5166297117516631,101.2029,,,,
2.42,3.938497304916382,0.02916666666666667,15.625,250,,,,,,,,
,,,15.625,250,4.337017059326172,0.7857142857142857,0.7426492609622466,105.386,,,,
1.1079,9.287753105163574,0.025,16.25,260,,,,,,,,
,,,16.25,260,3.444483995437622,0.875,0.8400816070307596,109.6988,,,,
0.778,17.93191146850586,0.020833333333333336,16.875,270,,,,,,,,
,,,16.875,270,5.082921504974365,0.7142857142857143,0.6612849215461156,113.9218,,,,
0.9007,14.974197387695312,0.016666666666666666,17.5,280,,,,,,,,
,,,17.5,280,2.2335762977600098,0.8214285714285714,0.7705703819989536,118.3934,,,,
0.2949,9.540199279785156,0.0125,18.125,290,,,,,,,,
,,,18.125,290,3.9438138008117676,0.8035714285714286,0.7759264946764945,122.4706,,,,
0.0479,0.9256725907325745,0.008333333333333333,18.75,300,,,,,,,,
,,,18.75,300,2.4438765048980713,0.9107142857142857,0.9036924462456377,126.9276,,,,
0.5465,0.009462435729801655,0.004166666666666667,19.375,310,,,,,,,,
,,,19.375,310,2.3277602195739746,0.8571428571428571,0.8227006911217437,130.7359,,,,
0.02,1.432715919236216e-07,0.0,20.0,320,,,,,,,,
,,,20.0,320,2.7765660285949707,0.8392857142857143,0.771504731440757,135.0769,,,,
,,,20.0,320,,,,134.4722,37.182,2.38,450078052115520.0,0.9681335262022912
