loss,grad_norm,learning_rate,epoch,step,eval_loss,eval_accuracy,eval_f1,train_runtime,train_samples_per_second,train_steps_per_second,total_flos,train_loss
0.7241,1.3225302696228027,2.5e-06,0.004347826086956522,1,,,,,,,,
0.6584,2.472179412841797,6.25e-05,0.10869565217391304,25,,,,,,,,
,,,0.10869565217391304,25,0.6344951391220093,0.6838235294117647,0.8122270742358079,7.3892,,,,
0.6724,0.7536125779151917,0.000125,0.21739130434782608,50,,,,,,,,
,,,0.21739130434782608,50,0.631524920463562,0.6838235294117647,0.8122270742358079,14.3543,,,,
0.6327,0.9871959686279297,0.0001875,0.32608695652173914,75,,,,,,,,
,,,0.32608695652173914,75,0.621878445148468,0.6838235294117647,0.8122270742358079,21.3643,,,,
0.6282,1.8748459815979004,0.00025,0.43478260869565216,100,,,,,,,,
,,,0.43478260869565216,100,0.5780839920043945,0.6838235294117647,0.8122270742358079,28.3671,,,,
0.5338,2.645456314086914,0.0003125,0.5434782608695652,125,,,,,,,,
,,,0.5434782608695652,125,0.46784764528274536,0.7941176470588235,0.8571428571428571,35.3353,,,,
0.5402,2.3125908374786377,0.000375,0.6521739130434783,150,,,,,,,,
,,,0.6521739130434783,150,0.40780121088027954,0.8088235294117647,0.8682432432432433,42.3067,,,,
0.5955,1.8182132244110107,0.0004375,0.7608695652173914,175,,,,,,,,
,,,0.7608695652173914,175,0.47906211018562317,0.8259803921568627,0.8738898756660745,49.5048,,,,
0.467,3.86891508102417,0.0005,0.8695652173913043,200,,,,,,,,
,,,0.8695652173913043,200,0.45820334553718567,0.8406862745098039,0.8873483535528597,56.5174,,,,
0.5379,2.3530654907226562,0.0004940476190476191,0.9782608695652174,225,,,,,,,,
,,,0.9782608695652174,225,0.5062514543533325,0.7328431372549019,0.7625272331154683,63.6085,,,,
0.4665,3.6624903678894043,0.0004880952380952381,1.0869565217391304,250,,,,,,,,
,,,1.0869565217391304,250,0.3833768367767334,0.8357843137254902,0.8761552680221812,70.3291,,,,
0.5142,1.5703890323638916,0.00048214285714285715,1.1956521739130435,275,,,,,,,,
,,,1.1956521739130435,275,0.33818602561950684,0.8431372549019608,0.889655172413793,77.3972,,,,
0.3828,1.7433961629867554,0.0004761904761904762,1.3043478260869565,300,,,,,,,,
,,,1.3043478260869565,300,0.36442744731903076,0.8602941176470589,0.9028960817717206,84.3999,,,,
0.4351,4.421448707580566,0.00047023809523809523,1.4130434782608696,325,,,,,,,,
,,,1.4130434782608696,325,0.4457942247390747,0.7769607843137255,0.8100208768267224,91.3844,,,,
0.4638,3.330089569091797,0.00046428571428571433,1.5217391304347827,350,,,,,,,,
,,,1.5217391304347827,350,0.3575974404811859,0.8431372549019608,0.8933333333333334,98.4332,,,,
0.3693,2.331080675125122,0.0004583333333333333,1.6304347826086958,375,,,,,,,,
,,,1.6304347826086958,375,0.3290576934814453,0.8676470588235294,0.901098901098901,105.2578,,,,
0.3115,9.084172248840332,0.00045238095238095237,1.7391304347826086,400,,,,,,,,
,,,1.7391304347826086,400,0.4153682589530945,0.8578431372549019,0.901023890784983,112.3301,,,,
0.369,2.553982734680176,0.00044642857142857147,1.8478260869565217,425,,,,,,,,
,,,1.8478260869565217,425,0.31377896666526794,0.8725490196078431,0.9087719298245615,119.3392,,,,
0.3751,3.8540799617767334,0.00044047619047619046,1.9565217391304348,450,,,,,,,,
,,,1.9565217391304348,450,0.3052954077720642,0.8823529411764706,0.9163763066202091,126.5157,,,,
0.2774,1.2923579216003418,0.00043452380952380956,2.0652173913043477,475,,,,,,,,
,,,2.0652173913043477,475,0.40471193194389343,0.8602941176470589,0.9038785834738617,133.245,,,,
0.3608,2.4584479331970215,0.00042857142857142855,2.1739130434782608,500,,,,,,,,
,,,2.1739130434782608,500,0.29069840908050537,0.875,0.9100529100529101,140.2816,,,,
0.2737,2.814889430999756,0.00042261904761904765,2.282608695652174,525,,,,,,,,
,,,2.282608695652174,525,0.32426947355270386,0.8848039215686274,0.9182608695652175,147.6534,,,,
0.2994,1.339548110961914,0.0004166666666666667,2.391304347826087,550,,,,,,,,
,,,2.391304347826087,550,0.28649649024009705,0.8848039215686274,0.9162210338680927,154.5521,,,,
0.252,1.7146871089935303,0.0004107142857142857,2.5,575,,,,,,,,
,,,2.5,575,0.2960008680820465,0.8848039215686274,0.9140767824497258,161.5851,,,,
0.3043,4.675023555755615,0.0004047619047619048,2.608695652173913,600,,,,,,,,
,,,2.608695652173913,600,0.38363194465637207,0.8848039215686274,0.9193825042881646,168.4845,,,,
0.2495,7.38686990737915,0.00039880952380952383,2.717391304347826,625,,,,,,,,
,,,2.717391304347826,625,0.37663498520851135,0.8848039215686274,0.9196581196581197,175.7068,,,,
0.3157,4.660730838775635,0.0003928571428571429,2.8260869565217392,650,,,,,,,,
,,,2.8260869565217392,650,0.3075832426548004,0.8823529411764706,0.9157894736842105,182.693,,,,
0.2624,2.8780157566070557,0.0003869047619047619,2.9347826086956523,675,,,,,,,,
,,,2.9347826086956523,675,0.3845106363296509,0.8823529411764706,0.9163763066202091,189.7566,,,,
0.2434,1.4809200763702393,0.00038095238095238096,3.0434782608695654,700,,,,,,,,
,,,3.0434782608695654,700,0.3577137291431427,0.8700980392156863,0.9075043630017452,196.4868,,,,
0.2144,2.8228514194488525,0.000375,3.1521739130434785,725,,,,,,,,
,,,3.1521739130434785,725,0.3529161214828491,0.8897058823529411,0.9206349206349206,203.4265,,,,
0.1214,0.6560469269752502,0.00036904761904761905,3.260869565217391,750,,,,,,,,
,,,3.260869565217391,750,0.4816245138645172,0.8872549019607843,0.9201388888888888,210.5153,,,,
0.2406,3.7239906787872314,0.0003630952380952381,3.369565217391304,775,,,,,,,,
,,,3.369565217391304,775,0.32839706540107727,0.8970588235294118,0.9263157894736843,217.3382,,,,
0.1696,3.686012029647827,0.00035714285714285714,3.4782608695652173,800,,,,,,,,
,,,3.4782608695652173,800,0.43973228335380554,0.8725490196078431,0.9112627986348123,224.369,,,,
0.2012,1.9325807094573975,0.0003511904761904762,3.5869565217391304,825,,,,,,,,
,,,3.5869565217391304,825,0.3551340401172638,0.8823529411764706,0.9148936170212766,231.3563,,,,
0.2337,4.392341136932373,0.00034523809523809523,3.6956521739130435,850,,,,,,,,
,,,3.6956521739130435,850,0.3451351523399353,0.8897058823529411,0.9211908931698775,238.4434,,,,
0.1647,4.097294330596924,0.00033928571428571433,3.8043478260869565,875,,,,,,,,
,,,3.8043478260869565,875,0.3841482400894165,0.8872549019607843,0.9157509157509158,245.5168,,,,
0.1905,12.15251636505127,0.0003333333333333333,3.9130434782608696,900,,,,,,,,
,,,3.9130434782608696,900,0.35552865266799927,0.875,0.9106830122591945,252.5496,,,,
0.1766,4.148483753204346,0.00032738095238095237,4.021739130434782,925,,,,,,,,
,,,4.021739130434782,925,0.4209423363208771,0.875,0.9097345132743363,259.4857,,,,
0.0636,0.10021170973777771,0.00032142857142857147,4.130434782608695,950,,,,,,,,
,,,4.130434782608695,950,0.6279510855674744,0.8725490196078431,0.9112627986348123,266.4768,,,,
0.1329,0.586100161075592,0.00031547619047619046,4.239130434782608,975,,,,,,,,
,,,4.239130434782608,975,0.4484485685825348,0.8774509803921569,0.9149659863945577,273.3855,,,,
0.1404,6.9827470779418945,0.00030952380952380956,4.3478260869565215,1000,,,,,,,,
,,,4.3478260869565215,1000,0.519611120223999,0.8651960784313726,0.9069373942470389,280.2503,,,,
0.1876,1.5193696022033691,0.00030357142857142855,4.456521739130435,1025,,,,,,,,
,,,4.456521739130435,1025,0.32891568541526794,0.875,0.9090909090909091,287.6237,,,,
0.084,0.05135517567396164,0.00029761904761904765,4.565217391304348,1050,,,,,,,,
,,,4.565217391304348,1050,0.5319523811340332,0.8897058823529411,0.9228130360205832,294.6912,,,,
0.1001,0.13579879701137543,0.0002916666666666667,4.673913043478261,1075,,,,,,,,
,,,4.673913043478261,1075,0.5111308097839355,0.8823529411764706,0.9124087591240876,301.601,,,,
0.0719,2.911653518676758,0.0002857142857142857,4.782608695652174,1100,,,,,,,,
,,,4.782608695652174,1100,0.5809313654899597,0.8921568627450981,0.9219858156028369,308.6794,,,,
0.1174,9.074066162109375,0.0002797619047619048,4.891304347826087,1125,,,,,,,,
,,,4.891304347826087,1125,0.49485355615615845,0.8921568627450981,0.921146953405018,315.6356,,,,
0.1342,0.043291445821523666,0.0002738095238095238,5.0,1150,,,,,,,,
,,,5.0,1150,0.4524554908275604,0.875,0.9077757685352622,322.6281,,,,
0.1012,0.6541311740875244,0.00026785714285714287,5.108695652173913,1175,,,,,,,,
,,,5.108695652173913,1175,0.4774947166442871,0.8848039215686274,0.917975567190227,329.5679,,,,
0.0852,4.519787788391113,0.0002619047619047619,5.217391304347826,1200,,,,,,,,
,,,5.217391304347826,1200,0.5764203667640686,0.8897058823529411,0.923076923076923,336.5854,,,,
0.052,4.435427188873291,0.00025595238095238096,5.326086956521739,1225,,,,,,,,
,,,5.326086956521739,1225,0.59955233335495,0.8823529411764706,0.9124087591240876,343.682,,,,
0.0644,1.4563171863555908,0.00025,5.434782608695652,1250,,,,,,,,
,,,5.434782608695652,1250,0.517876923084259,0.8848039215686274,0.9168141592920355,350.5876,,,,
0.0511,0.022235916927456856,0.00024404761904761905,5.543478260869565,1275,,,,,,,,
,,,5.543478260869565,1275,0.6110055446624756,0.8897058823529411,0.9197860962566845,357.6153,,,,
0.0751,0.7297613620758057,0.0002380952380952381,5.6521739130434785,1300,,,,,,,,
,,,5.6521739130434785,1300,0.5477227568626404,0.8872549019607843,0.9195804195804195,364.5491,,,,
0.0816,7.995343208312988,0.00023214285714285717,5.760869565217392,1325,,,,,,,,
,,,5.760869565217392,1325,0.5112178921699524,0.9019607843137255,0.9293286219081272,371.6476,,,,
0.0876,1.5640013217926025,0.00022619047619047618,5.869565217391305,1350,,,,,,,,
,,,5.869565217391305,1350,0.5499100089073181,0.8848039215686274,0.9156193895870736,378.767,,,,
0.0873,0.064429871737957,0.00022023809523809523,5.978260869565218,1375,,,,,,,,
,,,5.978260869565218,1375,0.6047307848930359,0.8700980392156863,0.9045045045045046,385.9369,,,,
0.0625,0.5999730825424194,0.00021428571428571427,6.086956521739131,1400,,,,,,,,
,,,6.086956521739131,1400,0.6027016043663025,0.8848039215686274,0.9171075837742505,392.9079,,,,
0.076,9.229178428649902,0.00020833333333333335,6.195652173913044,1425,,,,,,,,
,,,6.195652173913044,1425,0.7101369500160217,0.8872549019607843,0.9190140845070423,400.0991,,,,
0.0671,0.5749771595001221,0.0002023809523809524,6.304347826086957,1450,,,,,,,,
,,,6.304347826086957,1450,0.6568958759307861,0.8823529411764706,0.9145907473309609,406.9886,,,,
0.057,7.267950534820557,0.00019642857142857144,6.413043478260869,1475,,,,,,,,
,,,6.413043478260869,1475,0.6555439829826355,0.8848039215686274,0.9185441941074524,413.9645,,,,
0.0443,0.025161849334836006,0.00019047619047619048,6.521739130434782,1500,,,,,,,,
,,,6.521739130434782,1500,0.639664351940155,0.8823529411764706,0.915492957746479,420.8797,,,,
0.0287,4.538207530975342,0.00018452380952380953,6.630434782608695,1525,,,,,,,,
,,,6.630434782608695,1525,0.6642156839370728,0.8872549019607843,0.9206896551724139,428.4033,,,,
0.0415,0.39178648591041565,0.00017857142857142857,6.739130434782608,1550,,,,,,,,
,,,6.739130434782608,1550,0.637901782989502,0.8921568627450981,0.9225352112676057,435.3092,,,,
0.0347,0.2768356204032898,0.00017261904761904762,6.8478260869565215,1575,,,,,,,,
,,,6.8478260869565215,1575,0.6492776274681091,0.8774509803921569,0.9097472924187725,442.3751,,,,
0.038,0.03566474840044975,0.00016666666666666666,6.956521739130435,1600,,,,,,,,
,,,6.956521739130435,1600,0.6738577485084534,0.8995098039215687,0.927689594356261,449.4604,,,,
0.0389,11.923791885375977,0.00016071428571428573,7.065217391304348,1625,,,,,,,,
,,,7.065217391304348,1625,0.6983647346496582,0.8897058823529411,0.9197860962566845,456.3004,,,,
0.0075,0.0018096267012879252,0.00015476190476190478,7.173913043478261,1650,,,,,,,,
,,,7.173913043478261,1650,0.7294968962669373,0.8897058823529411,0.9197860962566845,463.3196,,,,
0.0207,1.0798094272613525,0.00014880952380952382,7.282608695652174,1675,,,,,,,,
,,,7.282608695652174,1675,0.7037274241447449,0.8897058823529411,0.9211908931698775,470.2431,,,,
0.0604,8.760709762573242,0.00014285714285714284,7.391304347826087,1700,,,,,,,,
,,,7.391304347826087,1700,0.6655997633934021,0.8897058823529411,0.9214659685863874,477.4495,,,,
0.052,0.009999439120292664,0.0001369047619047619,7.5,1725,,,,,,,,
,,,7.5,1725,0.6078120470046997,0.8995098039215687,0.9269162210338681,484.5156,,,,
0.0362,0.010442707687616348,0.00013095238095238096,7.608695652173913,1750,,,,,,,,
,,,7.608695652173913,1750,0.6150602698326111,0.8946078431372549,0.9233511586452763,491.64,,,,
0.016,4.582547664642334,0.000125,7.717391304347826,1775,,,,,,,,
,,,7.717391304347826,1775,0.6936014294624329,0.8897058823529411,0.9214659685863874,498.7262,,,,
0.0287,5.901884078979492,0.00011904761904761905,7.826086956521739,1800,,,,,,,,
,,,7.826086956521739,1800,0.6938201785087585,0.8946078431372549,0.9238938053097344,505.6728,,,,
0.0091,4.622501373291016,0.00011309523809523809,7.934782608695652,1825,,,,,,,,
,,,7.934782608695652,1825,0.7474122643470764,0.8897058823529411,0.9197860962566845,512.9704,,,,
0.0495,0.01473396085202694,0.00010714285714285714,8.043478260869565,1850,,,,,,,,
,,,8.043478260869565,1850,0.7869401574134827,0.8799019607843137,0.9153713298791019,519.7983,,,,
0.012,0.0013547127600759268,0.0001011904761904762,8.152173913043478,1875,,,,,,,,
,,,8.152173913043478,1875,0.7856080532073975,0.8970588235294118,0.9257950530035336,526.8691,,,,
0.0172,0.000833564146887511,9.523809523809524e-05,8.26086956521739,1900,,,,,,,,
,,,8.26086956521739,1900,0.8210663795471191,0.8921568627450981,0.9228070175438596,533.8369,,,,
0.0061,0.0037750941701233387,8.928571428571429e-05,8.369565217391305,1925,,,,,,,,
,,,8.369565217391305,1925,0.8160359859466553,0.8946078431372549,0.9241622574955909,540.9725,,,,
0.0235,0.0009562085615471005,8.333333333333333e-05,8.478260869565217,1950,,,,,,,,
,,,8.478260869565217,1950,0.8340070843696594,0.8970588235294118,0.9265734265734265,548.0846,,,,
0.02,1.833476185798645,7.738095238095239e-05,8.58695652173913,1975,,,,,,,,
,,,8.58695652173913,1975,0.861367404460907,0.8921568627450981,0.9236111111111112,554.9434,,,,
0.0645,0.0008119075209833682,7.142857142857142e-05,8.695652173913043,2000,,,,,,,,
,,,8.695652173913043,2000,0.8030911684036255,0.8946078431372549,0.9241622574955909,561.9832,,,,
0.0014,0.019838636741042137,6.547619047619048e-05,8.804347826086957,2025,,,,,,,,
,,,8.804347826086957,2025,0.8174030184745789,0.8946078431372549,0.9241622574955909,569.2936,,,,
0.0009,0.0006872708909213543,5.9523809523809524e-05,8.91304347826087,2050,,,,,,,,
,,,8.91304347826087,2050,0.8441498875617981,0.8970588235294118,0.9263157894736843,576.4236,,,,
0.0053,0.0007602169644087553,5.357142857142857e-05,9.021739130434783,2075,,,,,,,,
,,,9.021739130434783,2075,0.8462247848510742,0.8995098039215687,0.9279437609841829,583.2109,,,,
0.0469,7.9404401779174805,4.761904761904762e-05,9.130434782608695,2100,,,,,,,,
,,,9.130434782608695,2100,0.8466284275054932,0.8970588235294118,0.9263157894736843,590.1886,,,,
0.0271,0.0008246165816672146,4.1666666666666665e-05,9.23913043478261,2125,,,,,,,,
,,,9.23913043478261,2125,0.8241603970527649,0.8921568627450981,0.9233449477351917,597.1801,,,,
0.0008,0.011474477127194405,3.571428571428571e-05,9.347826086956522,2150,,,,,,,,
,,,9.347826086956522,2150,0.8238716721534729,0.8970588235294118,0.9263157894736843,604.1072,,,,
0.0367,0.033596470952034,2.9761904761904762e-05,9.456521739130435,2175,,,,,,,,
,,,9.456521739130435,2175,0.8086877465248108,0.8995098039215687,0.927689594356261,611.1994,,,,
0.0004,0.020336613059043884,2.380952380952381e-05,9.565217391304348,2200,,,,,,,,
,,,9.565217391304348,2200,0.8115400671958923,0.8995098039215687,0.927689594356261,618.1404,,,,
0.002,0.003316385904327035,1.7857142857142855e-05,9.673913043478262,2225,,,,,,,,
,,,9.673913043478262,2225,0.8236251473426819,0.8995098039215687,0.927689594356261,625.1831,,,,
0.0166,0.0017988326726481318,1.1904761904761905e-05,9.782608695652174,2250,,,,,,,,
,,,9.782608695652174,2250,0.8318204879760742,0.8970588235294118,0.9263157894736843,632.1604,,,,
0.013,0.0009972042171284556,5.9523809523809525e-06,9.891304347826086,2275,,,,,,,,
,,,9.891304347826086,2275,0.8299660682678223,0.8946078431372549,0.9244288224956063,639.1636,,,,
0.0002,0.00027017167303711176,0.0,10.0,2300,,,,,,,,
,,,10.0,2300,0.8311459422111511,0.8946078431372549,0.9244288224956063,646.1456,,,,
,,,10.0,2300,,,,645.6909,56.807,3.562,1495712005805472.0,0.1770484466828487
