loss,grad_norm,learning_rate,epoch,step,eval_loss,eval_accuracy,eval_f1,train_runtime,train_samples_per_second,train_steps_per_second,total_flos,train_loss
0.6859,0.7387773394584656,2.5e-05,0.004347826086956522,1,,,,,,,,
0.6811,1.485674500465393,0.000625,0.10869565217391304,25,,,,,,,,
,,,0.10869565217391304,25,0.6577592492103577,0.6838235294117647,0.8122270742358079,5.9076,,,,
0.7434,1.8220696449279785,0.00125,0.21739130434782608,50,,,,,,,,
,,,0.21739130434782608,50,0.6164741516113281,0.6838235294117647,0.8122270742358079,11.1684,,,,
0.6872,1.0836666822433472,0.001875,0.32608695652173914,75,,,,,,,,
,,,0.32608695652173914,75,0.6098460555076599,0.6838235294117647,0.8122270742358079,16.6362,,,,
0.6051,1.1860146522521973,0.0025,0.43478260869565216,100,,,,,,,,
,,,0.43478260869565216,100,0.5624392032623291,0.7107843137254902,0.8217522658610272,21.9184,,,,
0.5774,2.207071542739868,0.003125,0.5434782608695652,125,,,,,,,,
,,,0.5434782608695652,125,0.7409157752990723,0.6985294117647058,0.8193832599118943,27.3336,,,,
0.6146,1.849764108657837,0.00375,0.6521739130434783,150,,,,,,,,
,,,0.6521739130434783,150,0.600866973400116,0.7009803921568627,0.8200589970501474,32.6566,,,,
0.5781,1.439146876335144,0.004375,0.7608695652173914,175,,,,,,,,
,,,0.7608695652173914,175,0.6210569739341736,0.7009803921568627,0.8195266272189349,38.3321,,,,
0.5614,1.6728384494781494,0.005,0.8695652173913043,200,,,,,,,,
,,,0.8695652173913043,200,0.6476405262947083,0.75,0.8430769230769232,43.976,,,,
0.5537,3.2297279834747314,0.0049404761904761904,0.9782608695652174,225,,,,,,,,
,,,0.9782608695652174,225,0.3949868679046631,0.8259803921568627,0.8756567425569177,49.5663,,,,
0.4499,1.6736578941345215,0.004880952380952381,1.0869565217391304,250,,,,,,,,
,,,1.0869565217391304,250,0.46381938457489014,0.7916666666666666,0.8330058939096266,55.0884,,,,
0.5497,2.66837477684021,0.004821428571428572,1.1956521739130435,275,,,,,,,,
,,,1.1956521739130435,275,0.40658241510391235,0.821078431372549,0.8665447897623401,60.8462,,,,
0.4742,2.7193527221679688,0.0047619047619047615,1.3043478260869565,300,,,,,,,,
,,,1.3043478260869565,300,0.4175269305706024,0.8137254901960784,0.8733333333333333,66.6232,,,,
0.4534,2.435666561126709,0.004702380952380953,1.4130434782608696,325,,,,,,,,
,,,1.4130434782608696,325,0.41105949878692627,0.8161764705882353,0.8520710059171597,72.2392,,,,
0.4671,1.912644386291504,0.004642857142857143,1.5217391304347827,350,,,,,,,,
,,,1.5217391304347827,350,0.4112948179244995,0.8186274509803921,0.8587786259541984,77.9211,,,,
0.4188,1.2565664052963257,0.004583333333333333,1.6304347826086958,375,,,,,,,,
,,,1.6304347826086958,375,0.3406062424182892,0.8357843137254902,0.8809946714031971,83.4478,,,,
0.3899,1.3799058198928833,0.004523809523809524,1.7391304347826086,400,,,,,,,,
,,,1.7391304347826086,400,0.3057933747768402,0.8651960784313726,0.9009009009009009,88.9347,,,,
0.4387,1.8731615543365479,0.004464285714285715,1.8478260869565217,425,,,,,,,,
,,,1.8478260869565217,425,0.4675483703613281,0.803921568627451,0.8746081504702194,94.5812,,,,
0.4823,2.6289048194885254,0.004404761904761904,1.9565217391304348,450,,,,,,,,
,,,1.9565217391304348,450,0.4269777834415436,0.8308823529411765,0.888888888888889,100.1965,,,,
0.3496,1.3861725330352783,0.004345238095238096,2.0652173913043477,475,,,,,,,,
,,,2.0652173913043477,475,0.39743947982788086,0.8529411764705882,0.8983050847457628,105.5126,,,,
0.4235,1.4976750612258911,0.004285714285714286,2.1739130434782608,500,,,,,,,,
,,,2.1739130434782608,500,0.32116928696632385,0.8553921568627451,0.8952042628774423,111.0901,,,,
0.3735,1.7703262567520142,0.004226190476190476,2.282608695652174,525,,,,,,,,
,,,2.282608695652174,525,0.3353348672389984,0.8504901960784313,0.8880733944954129,116.7952,,,,
0.3918,2.2646842002868652,0.004166666666666667,2.391304347826087,550,,,,,,,,
,,,2.391304347826087,550,0.3610519766807556,0.8308823529411765,0.8685714285714285,122.4155,,,,
0.3638,4.3195672035217285,0.004107142857142857,2.5,575,,,,,,,,
,,,2.5,575,0.5252550840377808,0.803921568627451,0.8746081504702194,127.9678,,,,
0.3314,2.7919349670410156,0.004047619047619048,2.608695652173913,600,,,,,,,,
,,,2.608695652173913,600,0.36641034483909607,0.8504901960784313,0.8872458410351203,133.6006,,,,
0.3822,2.041675090789795,0.0039880952380952385,2.717391304347826,625,,,,,,,,
,,,2.717391304347826,625,0.38402849435806274,0.8627450980392157,0.899641577060932,139.2765,,,,
0.4002,2.1287074089050293,0.003928571428571429,2.8260869565217392,650,,,,,,,,
,,,2.8260869565217392,650,0.34679973125457764,0.8480392156862745,0.8916083916083916,144.9229,,,,
0.3526,4.365838050842285,0.003869047619047619,2.9347826086956523,675,,,,,,,,
,,,2.9347826086956523,675,0.6992369890213013,0.7990196078431373,0.8706624605678234,150.6257,,,,
0.4067,1.5549170970916748,0.0038095238095238095,3.0434782608695654,700,,,,,,,,
,,,3.0434782608695654,700,0.3613484799861908,0.8529411764705882,0.8924731182795699,155.9769,,,,
0.313,1.2509799003601074,0.00375,3.1521739130434785,725,,,,,,,,
,,,3.1521739130434785,725,0.36248791217803955,0.8553921568627451,0.897391304347826,161.6164,,,,
0.3122,3.9722073078155518,0.0036904761904761906,3.260869565217391,750,,,,,,,,
,,,3.260869565217391,750,0.35704749822616577,0.8406862745098039,0.8785046728971962,167.2028,,,,
0.2315,3.2972309589385986,0.003630952380952381,3.369565217391304,775,,,,,,,,
,,,3.369565217391304,775,0.6900247931480408,0.8602941176470589,0.9038785834738617,172.7121,,,,
0.4609,2.7716450691223145,0.0035714285714285718,3.4782608695652173,800,,,,,,,,
,,,3.4782608695652173,800,0.37409859895706177,0.8553921568627451,0.9015025041736227,178.2546,,,,
0.3691,3.2087454795837402,0.0035119047619047617,3.5869565217391304,825,,,,,,,,
,,,3.5869565217391304,825,0.43215811252593994,0.8651960784313726,0.9066213921901529,183.839,,,,
0.3457,3.4185121059417725,0.0034523809523809524,3.6956521739130435,850,,,,,,,,
,,,3.6956521739130435,850,0.3604413866996765,0.8504901960784313,0.8880733944954129,189.5541,,,,
0.3583,3.9804975986480713,0.003392857142857143,3.8043478260869565,875,,,,,,,,
,,,3.8043478260869565,875,0.46302250027656555,0.8455882352941176,0.8930390492359932,195.1004,,,,
0.3127,2.683633804321289,0.003333333333333333,3.9130434782608696,900,,,,,,,,
,,,3.9130434782608696,900,0.3753754198551178,0.8553921568627451,0.8952042628774423,200.7759,,,,
0.342,1.3249155282974243,0.003273809523809524,4.021739130434782,925,,,,,,,,
,,,4.021739130434782,925,0.3414801061153412,0.8504901960784313,0.8908765652951698,206.196,,,,
0.3048,0.6342774629592896,0.0032142857142857147,4.130434782608695,950,,,,,,,,
,,,4.130434782608695,950,0.3636876344680786,0.8480392156862745,0.8934707903780068,211.8144,,,,
0.275,2.705150842666626,0.0031547619047619046,4.239130434782608,975,,,,,,,,
,,,4.239130434782608,975,0.5073183178901672,0.8406862745098039,0.8914858096828046,217.3251,,,,
0.2886,2.53598690032959,0.0030952380952380953,4.3478260869565215,1000,,,,,,,,
,,,4.3478260869565215,1000,0.3679006099700928,0.8259803921568627,0.875219683655536,222.8392,,,,
0.3132,5.343227863311768,0.0030357142857142857,4.456521739130435,1025,,,,,,,,
,,,4.456521739130435,1025,0.44560450315475464,0.8504901960784313,0.8900900900900901,228.8111,,,,
0.2363,3.6996257305145264,0.002976190476190476,4.565217391304348,1050,,,,,,,,
,,,4.565217391304348,1050,0.5637681484222412,0.8333333333333334,0.8877887788778879,234.4258,,,,
0.2547,1.0516024827957153,0.002916666666666667,4.673913043478261,1075,,,,,,,,
,,,4.673913043478261,1075,0.34051284193992615,0.8602941176470589,0.8994708994708994,240.0095,,,,
0.2162,0.8147315979003906,0.002857142857142857,4.782608695652174,1100,,,,,,,,
,,,4.782608695652174,1100,0.4825696051120758,0.8529411764705882,0.8989898989898989,245.5976,,,,
0.29,2.377235174179077,0.002797619047619048,4.891304347826087,1125,,,,,,,,
,,,4.891304347826087,1125,0.3661767244338989,0.8627450980392157,0.8985507246376813,251.1944,,,,
0.2126,0.02945452183485031,0.0027380952380952383,5.0,1150,,,,,,,,
,,,5.0,1150,0.4189274311065674,0.8504901960784313,0.8939130434782607,256.8602,,,,
0.1824,0.27266982197761536,0.0026785714285714286,5.108695652173913,1175,,,,,,,,
,,,5.108695652173913,1175,0.4346688985824585,0.8553921568627451,0.8959435626102292,262.3559,,,,
0.2182,4.016506671905518,0.0026190476190476194,5.217391304347826,1200,,,,,,,,
,,,5.217391304347826,1200,0.42290011048316956,0.8553921568627451,0.8984509466437176,268.06,,,,
0.2455,2.1321401596069336,0.0025595238095238093,5.326086956521739,1225,,,,,,,,
,,,5.326086956521739,1225,0.3901995122432709,0.8553921568627451,0.8944543828264758,273.654,,,,
0.2474,1.0406200885772705,0.0025,5.434782608695652,1250,,,,,,,,
,,,5.434782608695652,1250,0.45940130949020386,0.8578431372549019,0.9003436426116839,279.2029,,,,
0.1911,2.118635654449463,0.0024404761904761904,5.543478260869565,1275,,,,,,,,
,,,5.543478260869565,1275,0.5143830180168152,0.8700980392156863,0.9078260869565218,284.7577,,,,
0.2488,1.1757934093475342,0.0023809523809523807,5.6521739130434785,1300,,,,,,,,
,,,5.6521739130434785,1300,0.3885400891304016,0.8651960784313726,0.9023090586145649,290.2937,,,,
0.2033,0.37243351340293884,0.0023214285714285715,5.760869565217392,1325,,,,,,,,
,,,5.760869565217392,1325,0.45585623383522034,0.8529411764705882,0.8905109489051095,296.0504,,,,
0.2454,2.386648654937744,0.002261904761904762,5.869565217391305,1350,,,,,,,,
,,,5.869565217391305,1350,0.41813719272613525,0.8627450980392157,0.901060070671378,301.6774,,,,
0.2462,1.2600458860397339,0.002202380952380952,5.978260869565218,1375,,,,,,,,
,,,5.978260869565218,1375,0.424081951379776,0.8627450980392157,0.9027777777777778,307.5225,,,,
0.1308,4.186160564422607,0.002142857142857143,6.086956521739131,1400,,,,,,,,
,,,6.086956521739131,1400,0.8701596856117249,0.8308823529411765,0.8870703764320785,313.1601,,,,
0.2721,1.6672433614730835,0.0020833333333333333,6.195652173913044,1425,,,,,,,,
,,,6.195652173913044,1425,0.4975827634334564,0.8406862745098039,0.8914858096828046,318.9102,,,,
0.1881,2.4406282901763916,0.002023809523809524,6.304347826086957,1450,,,,,,,,
,,,6.304347826086957,1450,0.4351150691509247,0.8627450980392157,0.9017543859649123,324.4756,,,,
0.1794,0.12677308917045593,0.0019642857142857144,6.413043478260869,1475,,,,,,,,
,,,6.413043478260869,1475,0.4839555323123932,0.8627450980392157,0.9,330.0364,,,,
0.2557,0.5550348162651062,0.0019047619047619048,6.521739130434782,1500,,,,,,,,
,,,6.521739130434782,1500,0.43374064564704895,0.8602941176470589,0.9008695652173914,335.6016,,,,
0.2054,1.9143922328948975,0.0018452380952380953,6.630434782608695,1525,,,,,,,,
,,,6.630434782608695,1525,0.4931512773036957,0.8480392156862745,0.8956228956228957,341.5773,,,,
0.2288,0.4028077721595764,0.0017857142857142859,6.739130434782608,1550,,,,,,,,
,,,6.739130434782608,1550,0.4057137966156006,0.8627450980392157,0.899641577060932,347.0792,,,,
0.148,1.1881701946258545,0.0017261904761904762,6.8478260869565215,1575,,,,,,,,
,,,6.8478260869565215,1575,0.5318925976753235,0.8676470588235294,0.9052631578947367,352.7092,,,,
0.224,1.558752417564392,0.0016666666666666666,6.956521739130435,1600,,,,,,,,
,,,6.956521739130435,1600,0.4466892182826996,0.8553921568627451,0.8981001727115717,358.3454,,,,
0.1276,0.5406014919281006,0.0016071428571428573,7.065217391304348,1625,,,,,,,,
,,,7.065217391304348,1625,0.5028352737426758,0.8578431372549019,0.8982456140350877,363.8763,,,,
0.1566,2.2766101360321045,0.0015476190476190477,7.173913043478261,1650,,,,,,,,
,,,7.173913043478261,1650,0.5442178845405579,0.8553921568627451,0.8970331588132635,369.4412,,,,
0.1858,2.2980716228485107,0.001488095238095238,7.282608695652174,1675,,,,,,,,
,,,7.282608695652174,1675,0.493242084980011,0.8627450980392157,0.902439024390244,375.0431,,,,
0.1866,1.808654546737671,0.0014285714285714286,7.391304347826087,1700,,,,,,,,
,,,7.391304347826087,1700,0.5091124176979065,0.8480392156862745,0.8952702702702703,380.7309,,,,
0.169,2.0130198001861572,0.0013690476190476191,7.5,1725,,,,,,,,
,,,7.5,1725,0.4412977993488312,0.8553921568627451,0.8963093145869947,386.3938,,,,
0.16,0.7970089316368103,0.0013095238095238097,7.608695652173913,1750,,,,,,,,
,,,7.608695652173913,1750,0.46283337473869324,0.8480392156862745,0.8927335640138409,392.0545,,,,
0.1641,8.435826301574707,0.00125,7.717391304347826,1775,,,,,,,,
,,,7.717391304347826,1775,0.5881156325340271,0.8480392156862745,0.8952702702702703,397.6642,,,,
0.1167,0.41878026723861694,0.0011904761904761904,7.826086956521739,1800,,,,,,,,
,,,7.826086956521739,1800,0.5503707528114319,0.8504901960784313,0.8942807625649914,403.2804,,,,
0.1734,2.5925912857055664,0.001130952380952381,7.934782608695652,1825,,,,,,,,
,,,7.934782608695652,1825,0.49278581142425537,0.8529411764705882,0.8920863309352518,409.0419,,,,
0.1727,2.228917360305786,0.0010714285714285715,8.043478260869565,1850,,,,,,,,
,,,8.043478260869565,1850,0.48475152254104614,0.8529411764705882,0.8951048951048952,414.5459,,,,
0.1255,2.8196606636047363,0.001011904761904762,8.152173913043478,1875,,,,,,,,
,,,8.152173913043478,1875,0.5411555767059326,0.8553921568627451,0.8981001727115717,420.1955,,,,
0.1087,0.0330086350440979,0.0009523809523809524,8.26086956521739,1900,,,,,,,,
,,,8.26086956521739,1900,0.5392142534255981,0.8578431372549019,0.8986013986013986,425.9042,,,,
0.1132,0.5893170833587646,0.0008928571428571429,8.369565217391305,1925,,,,,,,,
,,,8.369565217391305,1925,0.5596588850021362,0.8553921568627451,0.8959435626102292,431.6627,,,,
0.1479,1.7635763883590698,0.0008333333333333333,8.478260869565217,1950,,,,,,,,
,,,8.478260869565217,1950,0.5515756607055664,0.8504901960784313,0.8920353982300885,437.2885,,,,
0.1559,2.585913896560669,0.0007738095238095238,8.58695652173913,1975,,,,,,,,
,,,8.58695652173913,1975,0.5587466955184937,0.8504901960784313,0.8946459412780656,442.828,,,,
0.1511,1.4917645454406738,0.0007142857142857143,8.695652173913043,2000,,,,,,,,
,,,8.695652173913043,2000,0.5024819374084473,0.8553921568627451,0.897391304347826,448.3723,,,,
0.118,1.9804526567459106,0.0006547619047619048,8.804347826086957,2025,,,,,,,,
,,,8.804347826086957,2025,0.530912458896637,0.8480392156862745,0.8908450704225351,454.1488,,,,
0.1517,2.498769760131836,0.0005952380952380952,8.91304347826087,2050,,,,,,,,
,,,8.91304347826087,2050,0.5542893409729004,0.8480392156862745,0.89198606271777,459.8165,,,,
0.1461,1.4998679161071777,0.0005357142857142857,9.021739130434783,2075,,,,,,,,
,,,9.021739130434783,2075,0.5100534558296204,0.8529411764705882,0.8954703832752613,465.2197,,,,
0.0734,0.5997452139854431,0.0004761904761904762,9.130434782608695,2100,,,,,,,,
,,,9.130434782608695,2100,0.5421221256256104,0.8529411764705882,0.8958333333333334,470.8326,,,,
0.0974,1.0403193235397339,0.00041666666666666664,9.23913043478261,2125,,,,,,,,
,,,9.23913043478261,2125,0.585268497467041,0.8480392156862745,0.8934707903780068,476.3625,,,,
0.1455,1.7984943389892578,0.00035714285714285714,9.347826086956522,2150,,,,,,,,
,,,9.347826086956522,2150,0.5981531143188477,0.8553921568627451,0.8987993138936535,481.9526,,,,
0.1539,0.23796366155147552,0.0002976190476190476,9.456521739130435,2175,,,,,,,,
,,,9.456521739130435,2175,0.5395190715789795,0.8480392156862745,0.8912280701754387,487.5712,,,,
0.109,2.2763240337371826,0.0002380952380952381,9.565217391304348,2200,,,,,,,,
,,,9.565217391304348,2200,0.5807532668113708,0.8529411764705882,0.896551724137931,493.1356,,,,
0.1523,1.3963847160339355,0.00017857142857142857,9.673913043478262,2225,,,,,,,,
,,,9.673913043478262,2225,0.5669512152671814,0.8480392156862745,0.8927335640138409,498.7626,,,,
0.126,1.1657471656799316,0.00011904761904761905,9.782608695652174,2250,,,,,,,,
,,,9.782608695652174,2250,0.5529465079307556,0.8504901960784313,0.8942807625649914,504.35,,,,
0.1083,0.7615629434585571,5.9523809523809524e-05,9.891304347826086,2275,,,,,,,,
,,,9.891304347826086,2275,0.553925096988678,0.8480392156862745,0.8923611111111109,510.0934,,,,
0.1089,0.8961563110351562,0.0,10.0,2300,,,,,,,,
,,,10.0,2300,0.5544071793556213,0.8504901960784313,0.8939130434782607,515.6088,,,,
,,,10.0,2300,,,,515.0623,71.215,4.465,1451518284707232.0,0.29026250230229417
