loss,grad_norm,learning_rate,epoch,step,eval_loss,eval_accuracy,eval_f1,train_runtime,train_samples_per_second,train_steps_per_second,total_flos,train_loss
1.1672,4.064709186553955,1.0000000000000001e-07,0.0625,1,,,,,,,,
1.1424,5.5066914558410645,1.0000000000000002e-06,0.625,10,,,,,,,,
,,,0.625,10,1.1282395124435425,0.4107142857142857,0.1940928270042194,6.0122,,,,
1.1153,4.31105375289917,2.0000000000000003e-06,1.25,20,,,,,,,,
,,,1.25,20,1.1165435314178467,0.4107142857142857,0.1940928270042194,11.7164,,,,
1.1055,4.095927715301514,3e-06,1.875,30,,,,,,,,
,,,1.875,30,1.0972059965133667,0.4107142857142857,0.1940928270042194,17.2418,,,,
1.0644,3.805372714996338,4.000000000000001e-06,2.5,40,,,,,,,,
,,,2.5,40,1.0687267780303955,0.4107142857142857,0.1940928270042194,22.7184,,,,
1.0428,4.457419395446777,5e-06,3.125,50,,,,,,,,
,,,3.125,50,1.0270012617111206,0.4107142857142857,0.1940928270042194,28.3427,,,,
0.9795,3.9420454502105713,6e-06,3.75,60,,,,,,,,
,,,3.75,60,0.9557720422744751,0.4107142857142857,0.1940928270042194,34.0032,,,,
0.8711,5.624438285827637,7e-06,4.375,70,,,,,,,,
,,,4.375,70,0.830422043800354,0.6785714285714286,0.47391812865497074,39.3336,,,,
0.7297,6.51909875869751,8.000000000000001e-06,5.0,80,,,,,,,,
,,,5.0,80,0.801035463809967,0.6785714285714286,0.47391812865497074,44.867,,,,
0.6625,6.617021083831787,9e-06,5.625,90,,,,,,,,
,,,5.625,90,0.8150599598884583,0.6785714285714286,0.47391812865497074,50.852,,,,
0.6942,6.543962478637695,1e-05,6.25,100,,,,,,,,
,,,6.25,100,0.7824816107749939,0.6964285714285714,0.486277269528501,56.1988,,,,
0.529,6.164623260498047,1.1000000000000001e-05,6.875,110,,,,,,,,
,,,6.875,110,0.7191152572631836,0.6964285714285714,0.486277269528501,61.6618,,,,
0.5277,12.308295249938965,1.2e-05,7.5,120,,,,,,,,
,,,7.5,120,0.5739234685897827,0.7857142857142857,0.5489642184557438,66.7283,,,,
0.284,9.302759170532227,1.3000000000000001e-05,8.125,130,,,,,,,,
,,,8.125,130,0.5506302714347839,0.7678571428571429,0.5361702127659574,72.4789,,,,
0.204,7.16077995300293,1.4e-05,8.75,140,,,,,,,,
,,,8.75,140,0.4613039791584015,0.8214285714285714,0.5740080779282489,78.5836,,,,
0.2138,12.16114330291748,1.5000000000000002e-05,9.375,150,,,,,,,,
,,,9.375,150,0.31258624792099,0.9107142857142857,0.8650793650793651,84.1222,,,,
0.0899,1.2579560279846191,1.6000000000000003e-05,10.0,160,,,,,,,,
,,,10.0,160,0.32406291365623474,0.875,0.7885884607196082,89.6564,,,,
0.0573,4.331775665283203,1.7e-05,10.625,170,,,,,,,,
,,,10.625,170,0.5766531825065613,0.8571428571428571,0.7746561614486144,95.6317,,,,
0.1948,2.3781068325042725,1.8e-05,11.25,180,,,,,,,,
,,,11.25,180,0.5330094695091248,0.875,0.8759259259259259,101.0933,,,,
0.0641,10.015780448913574,1.9e-05,11.875,190,,,,,,,,
,,,11.875,190,0.11157792806625366,0.9642857142857143,0.9430134680134681,107.0475,,,,
0.0184,0.17567948997020721,2e-05,12.5,200,,,,,,,,
,,,12.5,200,0.13833975791931152,0.9464285714285714,0.960233918128655,112.4349,,,,
0.0077,0.10270398110151291,1.8333333333333333e-05,13.125,210,,,,,,,,
,,,13.125,210,0.46164780855178833,0.9107142857142857,0.8913565426170468,117.8775,,,,
0.0038,0.09864941984415054,1.6666666666666667e-05,13.75,220,,,,,,,,
,,,13.75,220,0.3321278393268585,0.9285714285714286,0.9236477807906379,123.9466,,,,
0.0021,0.051218431442976,1.5000000000000002e-05,14.375,230,,,,,,,,
,,,14.375,230,0.25253286957740784,0.9285714285714286,0.9475308641975309,129.8756,,,,
0.0021,0.27839386463165283,1.3333333333333333e-05,15.0,240,,,,,,,,
,,,15.0,240,0.26175156235694885,0.9107142857142857,0.9337231968810916,135.2273,,,,
0.0017,0.024490604177117348,1.1666666666666668e-05,15.625,250,,,,,,,,
,,,15.625,250,0.258796364068985,0.9285714285714286,0.9475308641975309,140.8267,,,,
0.0015,0.024586282670497894,1e-05,16.25,260,,,,,,,,
,,,16.25,260,0.26748740673065186,0.9285714285714286,0.9475308641975309,146.5854,,,,
0.0014,0.030722955241799355,8.333333333333334e-06,16.875,270,,,,,,,,
,,,16.875,270,0.2670646011829376,0.9285714285714286,0.9475308641975309,152.2718,,,,
0.0014,0.030856715515255928,6.666666666666667e-06,17.5,280,,,,,,,,
,,,17.5,280,0.26466840505599976,0.9285714285714286,0.9475308641975309,158.1918,,,,
0.0012,0.01997990347445011,5e-06,18.125,290,,,,,,,,
,,,18.125,290,0.2638206481933594,0.9285714285714286,0.9475308641975309,163.6763,,,,
0.0012,0.020008569583296776,3.3333333333333333e-06,18.75,300,,,,,,,,
,,,18.75,300,0.2636268734931946,0.9285714285714286,0.9475308641975309,169.6658,,,,
0.0012,0.025392688810825348,1.6666666666666667e-06,19.375,310,,,,,,,,
,,,19.375,310,0.26373520493507385,0.9285714285714286,0.9475308641975309,174.7779,,,,
0.0012,0.025195280089974403,0.0,20.0,320,,,,,,,,
,,,20.0,320,0.2637740671634674,0.9285714285714286,0.9475308641975309,180.5412,,,,
,,,20.0,320,,,,180.001,27.778,1.778,446840583950880.0,0.36310296434676276
