loss,grad_norm,learning_rate,epoch,step,eval_loss,eval_accuracy,eval_f1,train_runtime,train_samples_per_second,train_steps_per_second,total_flos,train_loss
0.7008,1.6620784997940063,2.5e-06,0.004347826086956522,1,,,,,,,,
0.6554,1.8136250972747803,6.25e-05,0.10869565217391304,25,,,,,,,,
,,,0.10869565217391304,25,0.6295074224472046,0.6838235294117647,0.8122270742358079,5.9792,,,,
0.6632,2.877338171005249,0.000125,0.21739130434782608,50,,,,,,,,
,,,0.21739130434782608,50,0.6183757781982422,0.6838235294117647,0.8122270742358079,11.4869,,,,
0.6299,7.136215686798096,0.0001875,0.32608695652173914,75,,,,,,,,
,,,0.32608695652173914,75,0.6141032576560974,0.6838235294117647,0.8122270742358079,17.1543,,,,
0.6256,17.277477264404297,0.00025,0.43478260869565216,100,,,,,,,,
,,,0.43478260869565216,100,0.5830937027931213,0.6887254901960784,0.8145985401459854,22.6799,,,,
0.5928,32.6597900390625,0.0003125,0.5434782608695652,125,,,,,,,,
,,,0.5434782608695652,125,0.6869304776191711,0.6838235294117647,0.8122270742358079,28.2539,,,,
0.6558,28.95798110961914,0.000375,0.6521739130434783,150,,,,,,,,
,,,0.6521739130434783,150,0.6265575885772705,0.6838235294117647,0.8122270742358079,33.8298,,,,
0.6633,8.944817543029785,0.0004375,0.7608695652173914,175,,,,,,,,
,,,0.7608695652173914,175,0.6825231909751892,0.6838235294117647,0.8122270742358079,39.5147,,,,
0.6727,6.316710948944092,0.0005,0.8695652173913043,200,,,,,,,,
,,,0.8695652173913043,200,0.6260177493095398,0.6838235294117647,0.8122270742358079,45.1822,,,,
0.6677,10.844911575317383,0.0004940476190476191,0.9782608695652174,225,,,,,,,,
,,,0.9782608695652174,225,0.6412919163703918,0.6838235294117647,0.8122270742358079,50.727,,,,
0.6463,4.355215549468994,0.0004880952380952381,1.0869565217391304,250,,,,,,,,
,,,1.0869565217391304,250,0.6309407353401184,0.6838235294117647,0.8122270742358079,56.1684,,,,
0.6513,2.5416204929351807,0.00048214285714285715,1.1956521739130435,275,,,,,,,,
,,,1.1956521739130435,275,0.6683954000473022,0.6838235294117647,0.8122270742358079,61.6923,,,,
0.6397,0.7729216814041138,0.0004761904761904762,1.3043478260869565,300,,,,,,,,
,,,1.3043478260869565,300,0.6338359117507935,0.6838235294117647,0.8122270742358079,67.2753,,,,
0.6532,2.6728765964508057,0.00047023809523809523,1.4130434782608696,325,,,,,,,,
,,,1.4130434782608696,325,0.6293997764587402,0.6838235294117647,0.8122270742358079,72.8343,,,,
0.6643,2.809051275253296,0.00046428571428571433,1.5217391304347827,350,,,,,,,,
,,,1.5217391304347827,350,0.6240938305854797,0.6838235294117647,0.8122270742358079,78.3836,,,,
0.6218,0.9507111310958862,0.0004583333333333333,1.6304347826086958,375,,,,,,,,
,,,1.6304347826086958,375,0.6260571479797363,0.6838235294117647,0.8122270742358079,83.9235,,,,
0.6315,6.0248589515686035,0.00045238095238095237,1.7391304347826086,400,,,,,,,,
,,,1.7391304347826086,400,0.64719158411026,0.6838235294117647,0.8122270742358079,89.4315,,,,
0.6475,2.289108991622925,0.00044642857142857147,1.8478260869565217,425,,,,,,,,
,,,1.8478260869565217,425,0.6455841660499573,0.6838235294117647,0.8122270742358079,95.0877,,,,
0.6463,1.4281004667282104,0.00044047619047619046,1.9565217391304348,450,,,,,,,,
,,,1.9565217391304348,450,0.6264604330062866,0.6838235294117647,0.8122270742358079,100.7199,,,,
0.6422,0.7668154835700989,0.00043452380952380956,2.0652173913043477,475,,,,,,,,
,,,2.0652173913043477,475,0.6329460740089417,0.6838235294117647,0.8122270742358079,106.1069,,,,
0.6498,0.7022244930267334,0.00042857142857142855,2.1739130434782608,500,,,,,,,,
,,,2.1739130434782608,500,0.6256006956100464,0.6838235294117647,0.8122270742358079,111.6842,,,,
0.6229,1.7386798858642578,0.00042261904761904765,2.282608695652174,525,,,,,,,,
,,,2.282608695652174,525,0.6366567611694336,0.6838235294117647,0.8122270742358079,117.4839,,,,
0.6504,2.866122007369995,0.0004166666666666667,2.391304347826087,550,,,,,,,,
,,,2.391304347826087,550,0.6254884004592896,0.6838235294117647,0.8122270742358079,123.1035,,,,
0.654,2.863581895828247,0.0004107142857142857,2.5,575,,,,,,,,
,,,2.5,575,0.6763834953308105,0.6838235294117647,0.8122270742358079,128.651,,,,
0.6546,2.855860710144043,0.0004047619047619048,2.608695652173913,600,,,,,,,,
,,,2.608695652173913,600,0.6285440325737,0.6838235294117647,0.8122270742358079,134.2868,,,,
0.6558,1.343017578125,0.00039880952380952383,2.717391304347826,625,,,,,,,,
,,,2.717391304347826,625,0.6249480843544006,0.6838235294117647,0.8122270742358079,139.9009,,,,
0.6572,4.710443019866943,0.0003928571428571429,2.8260869565217392,650,,,,,,,,
,,,2.8260869565217392,650,0.6272041201591492,0.6838235294117647,0.8122270742358079,145.554,,,,
0.6335,11.408482551574707,0.0003869047619047619,2.9347826086956523,675,,,,,,,,
,,,2.9347826086956523,675,0.6266592741012573,0.6838235294117647,0.8122270742358079,151.1681,,,,
0.6456,3.007596015930176,0.00038095238095238096,3.0434782608695654,700,,,,,,,,
,,,3.0434782608695654,700,0.6279569864273071,0.6838235294117647,0.8122270742358079,156.506,,,,
0.6252,1.621405839920044,0.000375,3.1521739130434785,725,,,,,,,,
,,,3.1521739130434785,725,0.6256950497627258,0.6838235294117647,0.8122270742358079,162.1354,,,,
0.6338,2.3247108459472656,0.00036904761904761905,3.260869565217391,750,,,,,,,,
,,,3.260869565217391,750,0.6348315477371216,0.6838235294117647,0.8122270742358079,167.7228,,,,
0.656,1.4981664419174194,0.0003630952380952381,3.369565217391304,775,,,,,,,,
,,,3.369565217391304,775,0.6279828548431396,0.6838235294117647,0.8122270742358079,173.2925,,,,
0.6482,1.1382352113723755,0.00035714285714285714,3.4782608695652173,800,,,,,,,,
,,,3.4782608695652173,800,0.6267341375350952,0.6838235294117647,0.8122270742358079,178.8328,,,,
0.638,1.4793018102645874,0.0003511904761904762,3.5869565217391304,825,,,,,,,,
,,,3.5869565217391304,825,0.6243261694908142,0.6838235294117647,0.8122270742358079,184.511,,,,
0.6418,2.429853677749634,0.00034523809523809523,3.6956521739130435,850,,,,,,,,
,,,3.6956521739130435,850,0.6327405571937561,0.6838235294117647,0.8122270742358079,190.1545,,,,
0.6438,2.4353232383728027,0.00033928571428571433,3.8043478260869565,875,,,,,,,,
,,,3.8043478260869565,875,0.624776303768158,0.6838235294117647,0.8122270742358079,195.7479,,,,
0.6648,2.577220916748047,0.0003333333333333333,3.9130434782608696,900,,,,,,,,
,,,3.9130434782608696,900,0.646411657333374,0.6838235294117647,0.8122270742358079,201.3698,,,,
0.6889,0.6470515131950378,0.00032738095238095237,4.021739130434782,925,,,,,,,,
,,,4.021739130434782,925,0.6390804052352905,0.6838235294117647,0.8122270742358079,206.7967,,,,
0.6186,0.4346102476119995,0.00032142857142857147,4.130434782608695,950,,,,,,,,
,,,4.130434782608695,950,0.6283639669418335,0.6838235294117647,0.8122270742358079,212.4701,,,,
0.6408,2.6056618690490723,0.00031547619047619046,4.239130434782608,975,,,,,,,,
,,,4.239130434782608,975,0.62533038854599,0.6838235294117647,0.8122270742358079,217.9207,,,,
0.6437,0.7668204307556152,0.00030952380952380956,4.3478260869565215,1000,,,,,,,,
,,,4.3478260869565215,1000,0.6256930232048035,0.6838235294117647,0.8122270742358079,223.518,,,,
0.6262,1.0718189477920532,0.00030357142857142855,4.456521739130435,1025,,,,,,,,
,,,4.456521739130435,1025,0.6312969326972961,0.6838235294117647,0.8122270742358079,229.3937,,,,
0.646,0.41524437069892883,0.00029761904761904765,4.565217391304348,1050,,,,,,,,
,,,4.565217391304348,1050,0.6241801381111145,0.6838235294117647,0.8122270742358079,235.0485,,,,
0.6541,0.7820479869842529,0.0002916666666666667,4.673913043478261,1075,,,,,,,,
,,,4.673913043478261,1075,0.6255536079406738,0.6838235294117647,0.8122270742358079,240.5719,,,,
0.6333,1.8675192594528198,0.0002857142857142857,4.782608695652174,1100,,,,,,,,
,,,4.782608695652174,1100,0.6248160600662231,0.6838235294117647,0.8122270742358079,246.141,,,,
0.6562,2.0619685649871826,0.0002797619047619048,4.891304347826087,1125,,,,,,,,
,,,4.891304347826087,1125,0.6304836869239807,0.6838235294117647,0.8122270742358079,251.7451,,,,
0.6287,2.436398983001709,0.0002738095238095238,5.0,1150,,,,,,,,
,,,5.0,1150,0.6246461272239685,0.6838235294117647,0.8122270742358079,257.3054,,,,
0.6561,1.5023821592330933,0.00026785714285714287,5.108695652173913,1175,,,,,,,,
,,,5.108695652173913,1175,0.6244606375694275,0.6838235294117647,0.8122270742358079,262.9074,,,,
0.6329,2.289689064025879,0.0002619047619047619,5.217391304347826,1200,,,,,,,,
,,,5.217391304347826,1200,0.6247954368591309,0.6838235294117647,0.8122270742358079,268.5621,,,,
0.656,0.40495240688323975,0.00025595238095238096,5.326086956521739,1225,,,,,,,,
,,,5.326086956521739,1225,0.6263337731361389,0.6838235294117647,0.8122270742358079,274.2635,,,,
0.6584,0.5847268104553223,0.00025,5.434782608695652,1250,,,,,,,,
,,,5.434782608695652,1250,0.631988525390625,0.6838235294117647,0.8122270742358079,279.8289,,,,
0.6337,0.7176123857498169,0.00024404761904761905,5.543478260869565,1275,,,,,,,,
,,,5.543478260869565,1275,0.62625652551651,0.6838235294117647,0.8122270742358079,285.4545,,,,
0.6095,0.6296017169952393,0.0002380952380952381,5.6521739130434785,1300,,,,,,,,
,,,5.6521739130434785,1300,0.6240001916885376,0.6838235294117647,0.8122270742358079,291.1227,,,,
0.6288,1.1520930528640747,0.00023214285714285717,5.760869565217392,1325,,,,,,,,
,,,5.760869565217392,1325,0.623986542224884,0.6838235294117647,0.8122270742358079,296.8453,,,,
0.6131,0.8083520531654358,0.00022619047619047618,5.869565217391305,1350,,,,,,,,
,,,5.869565217391305,1350,0.6242977380752563,0.6838235294117647,0.8122270742358079,302.6016,,,,
0.6167,0.42125409841537476,0.00022023809523809523,5.978260869565218,1375,,,,,,,,
,,,5.978260869565218,1375,0.6241105794906616,0.6838235294117647,0.8122270742358079,308.3374,,,,
0.5932,1.8306798934936523,0.00021428571428571427,6.086956521739131,1400,,,,,,,,
,,,6.086956521739131,1400,0.6312954425811768,0.6838235294117647,0.8122270742358079,313.9517,,,,
0.641,0.7478485107421875,0.00020833333333333335,6.195652173913044,1425,,,,,,,,
,,,6.195652173913044,1425,0.6242550015449524,0.6838235294117647,0.8122270742358079,319.7582,,,,
0.6473,0.4295273721218109,0.0002023809523809524,6.304347826086957,1450,,,,,,,,
,,,6.304347826086957,1450,0.6245518326759338,0.6838235294117647,0.8122270742358079,325.3265,,,,
0.6359,0.6408551335334778,0.00019642857142857144,6.413043478260869,1475,,,,,,,,
,,,6.413043478260869,1475,0.6249873638153076,0.6838235294117647,0.8122270742358079,331.0777,,,,
0.6649,2.4778153896331787,0.00019047619047619048,6.521739130434782,1500,,,,,,,,
,,,6.521739130434782,1500,0.6245091557502747,0.6838235294117647,0.8122270742358079,336.6577,,,,
0.6147,2.5425400733947754,0.00018452380952380953,6.630434782608695,1525,,,,,,,,
,,,6.630434782608695,1525,0.623993456363678,0.6838235294117647,0.8122270742358079,342.6334,,,,
0.6316,0.6667423248291016,0.00017857142857142857,6.739130434782608,1550,,,,,,,,
,,,6.739130434782608,1550,0.6239708662033081,0.6838235294117647,0.8122270742358079,348.206,,,,
0.6451,1.163398027420044,0.00017261904761904762,6.8478260869565215,1575,,,,,,,,
,,,6.8478260869565215,1575,0.6257207989692688,0.6838235294117647,0.8122270742358079,353.8665,,,,
0.6245,0.8124114871025085,0.00016666666666666666,6.956521739130435,1600,,,,,,,,
,,,6.956521739130435,1600,0.6241232752799988,0.6838235294117647,0.8122270742358079,359.5499,,,,
0.6586,1.587022066116333,0.00016071428571428573,7.065217391304348,1625,,,,,,,,
,,,7.065217391304348,1625,0.624750554561615,0.6838235294117647,0.8122270742358079,365.0489,,,,
0.6098,0.7734708189964294,0.00015476190476190478,7.173913043478261,1650,,,,,,,,
,,,7.173913043478261,1650,0.6242040991783142,0.6838235294117647,0.8122270742358079,370.7128,,,,
0.6169,0.7023000717163086,0.00014880952380952382,7.282608695652174,1675,,,,,,,,
,,,7.282608695652174,1675,0.6244502067565918,0.6838235294117647,0.8122270742358079,376.3081,,,,
0.633,0.5402514338493347,0.00014285714285714284,7.391304347826087,1700,,,,,,,,
,,,7.391304347826087,1700,0.623979926109314,0.6838235294117647,0.8122270742358079,382.0734,,,,
0.6599,1.6435743570327759,0.0001369047619047619,7.5,1725,,,,,,,,
,,,7.5,1725,0.6263837218284607,0.6838235294117647,0.8122270742358079,387.7833,,,,
0.6463,0.5522549152374268,0.00013095238095238096,7.608695652173913,1750,,,,,,,,
,,,7.608695652173913,1750,0.6260815262794495,0.6838235294117647,0.8122270742358079,393.4744,,,,
0.6363,0.7549925446510315,0.000125,7.717391304347826,1775,,,,,,,,
,,,7.717391304347826,1775,0.6247057318687439,0.6838235294117647,0.8122270742358079,399.149,,,,
0.6425,0.7076593041419983,0.00011904761904761905,7.826086956521739,1800,,,,,,,,
,,,7.826086956521739,1800,0.6247091293334961,0.6838235294117647,0.8122270742358079,404.7253,,,,
0.6243,0.4581576883792877,0.00011309523809523809,7.934782608695652,1825,,,,,,,,
,,,7.934782608695652,1825,0.624222457408905,0.6838235294117647,0.8122270742358079,410.5683,,,,
0.6119,1.3532222509384155,0.00010714285714285714,8.043478260869565,1850,,,,,,,,
,,,8.043478260869565,1850,0.6241607069969177,0.6838235294117647,0.8122270742358079,416.0867,,,,
0.6608,0.4031670391559601,0.0001011904761904762,8.152173913043478,1875,,,,,,,,
,,,8.152173913043478,1875,0.6249368190765381,0.6838235294117647,0.8122270742358079,421.8084,,,,
0.6067,1.363905906677246,9.523809523809524e-05,8.26086956521739,1900,,,,,,,,
,,,8.26086956521739,1900,0.6239547729492188,0.6838235294117647,0.8122270742358079,427.4177,,,,
0.637,2.887087821960449,8.928571428571429e-05,8.369565217391305,1925,,,,,,,,
,,,8.369565217391305,1925,0.6239539384841919,0.6838235294117647,0.8122270742358079,433.1267,,,,
0.648,1.3778865337371826,8.333333333333333e-05,8.478260869565217,1950,,,,,,,,
,,,8.478260869565217,1950,0.6248231530189514,0.6838235294117647,0.8122270742358079,438.8007,,,,
0.619,0.7406272292137146,7.738095238095239e-05,8.58695652173913,1975,,,,,,,,
,,,8.58695652173913,1975,0.6239674687385559,0.6838235294117647,0.8122270742358079,444.3423,,,,
0.6429,0.8962670564651489,7.142857142857142e-05,8.695652173913043,2000,,,,,,,,
,,,8.695652173913043,2000,0.6239712834358215,0.6838235294117647,0.8122270742358079,449.9359,,,,
0.647,0.5200472474098206,6.547619047619048e-05,8.804347826086957,2025,,,,,,,,
,,,8.804347826086957,2025,0.6243178248405457,0.6838235294117647,0.8122270742358079,455.762,,,,
0.6096,1.5030437707901,5.9523809523809524e-05,8.91304347826087,2050,,,,,,,,
,,,8.91304347826087,2050,0.6240190267562866,0.6838235294117647,0.8122270742358079,461.4715,,,,
0.6223,0.36253437399864197,5.357142857142857e-05,9.021739130434783,2075,,,,,,,,
,,,9.021739130434783,2075,0.6239563226699829,0.6838235294117647,0.8122270742358079,466.9474,,,,
0.621,1.3970822095870972,4.761904761904762e-05,9.130434782608695,2100,,,,,,,,
,,,9.130434782608695,2100,0.6239558458328247,0.6838235294117647,0.8122270742358079,472.5759,,,,
0.6333,1.061700463294983,4.1666666666666665e-05,9.23913043478261,2125,,,,,,,,
,,,9.23913043478261,2125,0.6241483688354492,0.6838235294117647,0.8122270742358079,478.1621,,,,
0.6101,1.0236424207687378,3.571428571428571e-05,9.347826086956522,2150,,,,,,,,
,,,9.347826086956522,2150,0.6239564418792725,0.6838235294117647,0.8122270742358079,483.7474,,,,
0.632,0.6747817397117615,2.9761904761904762e-05,9.456521739130435,2175,,,,,,,,
,,,9.456521739130435,2175,0.6239985227584839,0.6838235294117647,0.8122270742358079,489.4096,,,,
0.6273,0.6308721899986267,2.380952380952381e-05,9.565217391304348,2200,,,,,,,,
,,,9.565217391304348,2200,0.6239765882492065,0.6838235294117647,0.8122270742358079,495.02,,,,
0.6349,0.5116572380065918,1.7857142857142855e-05,9.673913043478262,2225,,,,,,,,
,,,9.673913043478262,2225,0.6239574551582336,0.6838235294117647,0.8122270742358079,500.7072,,,,
0.6372,0.5460944771766663,1.1904761904761905e-05,9.782608695652174,2250,,,,,,,,
,,,9.782608695652174,2250,0.6239708065986633,0.6838235294117647,0.8122270742358079,506.2924,,,,
0.6428,0.6907992959022522,5.9523809523809525e-06,9.891304347826086,2275,,,,,,,,
,,,9.891304347826086,2275,0.6240270733833313,0.6838235294117647,0.8122270742358079,512.0105,,,,
0.6545,1.7263479232788086,0.0,10.0,2300,,,,,,,,
,,,10.0,2300,0.6240293979644775,0.6838235294117647,0.8122270742358079,517.5572,,,,
,,,10.0,2300,,,,517.2223,70.917,4.447,1451673350395296.0,0.6392805527085843
