loss,grad_norm,learning_rate,epoch,step,eval_loss,eval_accuracy,eval_f1,train_runtime,train_samples_per_second,train_steps_per_second,total_flos,train_loss
0.7008,1.4403643608093262,2.5e-06,0.0,1,,,,,,,,
0.6567,0.8012509942054749,6.25e-05,0.11,25,,,,,,,,
,,,0.11,25,0.6360126733779907,0.6838235294117647,0.8122270742358079,6.0965,,,,
0.6603,1.261462926864624,0.000125,0.22,50,,,,,,,,
,,,0.22,50,0.6254419088363647,0.6838235294117647,0.8122270742358079,11.8116,,,,
0.6397,2.4600143432617188,0.0001875,0.33,75,,,,,,,,
,,,0.33,75,0.6213716864585876,0.6838235294117647,0.8122270742358079,17.599,,,,
0.6411,0.6743067502975464,0.00025,0.43,100,,,,,,,,
,,,0.43,100,0.6173487901687622,0.6838235294117647,0.8122270742358079,23.3116,,,,
0.6036,1.180699348449707,0.0003125,0.54,125,,,,,,,,
,,,0.54,125,0.6116584539413452,0.6838235294117647,0.8122270742358079,29.0577,,,,
0.6299,3.5870039463043213,0.000375,0.65,150,,,,,,,,
,,,0.65,150,0.5993427038192749,0.7009803921568627,0.8189910979228486,34.7655,,,,
0.5958,1.5161148309707642,0.0004375,0.76,175,,,,,,,,
,,,0.76,175,0.5279136300086975,0.7279411764705882,0.8246445497630333,40.7071,,,,
0.5835,2.4341657161712646,0.0005,0.87,200,,,,,,,,
,,,0.87,200,0.5176764130592346,0.7647058823529411,0.8410596026490067,46.5027,,,,
0.5777,1.502591848373413,0.0004940476190476191,0.98,225,,,,,,,,
,,,0.98,225,0.5151124000549316,0.7794117647058824,0.8474576271186441,52.3077,,,,
0.5451,1.230370044708252,0.0004880952380952381,1.09,250,,,,,,,,
,,,1.09,250,0.5269325971603394,0.7279411764705882,0.832072617246596,57.8539,,,,
0.5052,0.9428432583808899,0.00048214285714285715,1.2,275,,,,,,,,
,,,1.2,275,0.44919267296791077,0.7818627450980392,0.8533772652388798,63.6475,,,,
0.4832,1.1616336107254028,0.0004761904761904762,1.3,300,,,,,,,,
,,,1.3,300,0.4615073502063751,0.7818627450980392,0.8533772652388798,69.4019,,,,
0.4633,3.7884440422058105,0.00047023809523809523,1.41,325,,,,,,,,
,,,1.41,325,0.6421802043914795,0.6397058823529411,0.649164677804296,75.1812,,,,
0.5105,2.8574233055114746,0.00046428571428571433,1.52,350,,,,,,,,
,,,1.52,350,0.4038759469985962,0.7965686274509803,0.8595600676818951,80.915,,,,
0.4187,1.2023160457611084,0.0004583333333333333,1.63,375,,,,,,,,
,,,1.63,375,0.36219778656959534,0.8382352941176471,0.8795620437956205,86.6356,,,,
0.3496,1.2085479497909546,0.00045238095238095237,1.74,400,,,,,,,,
,,,1.74,400,0.38220739364624023,0.8357843137254902,0.8818342151675486,92.3413,,,,
0.4628,2.6318044662475586,0.00044642857142857147,1.85,425,,,,,,,,
,,,1.85,425,0.3565831184387207,0.8382352941176471,0.8862068965517241,98.2057,,,,
0.4175,1.1418958902359009,0.00044047619047619046,1.96,450,,,,,,,,
,,,1.96,450,0.34888434410095215,0.8504901960784313,0.8946459412780656,104.0446,,,,
0.4456,0.9691485166549683,0.00043452380952380956,2.07,475,,,,,,,,
,,,2.07,475,0.48566630482673645,0.7794117647058824,0.8593750000000001,109.6475,,,,
0.4195,1.3548343181610107,0.00042857142857142855,2.17,500,,,,,,,,
,,,2.17,500,0.3481714129447937,0.8382352941176471,0.8873720136518771,115.4036,,,,
0.3963,1.4832841157913208,0.00042261904761904765,2.28,525,,,,,,,,
,,,2.28,525,0.33283331990242004,0.8431372549019608,0.8844765342960288,121.4091,,,,
0.3467,0.8165407776832581,0.0004166666666666667,2.39,550,,,,,,,,
,,,2.39,550,0.34087470173835754,0.8406862745098039,0.8833034111310593,127.0938,,,,
0.4187,0.679302453994751,0.0004107142857142857,2.5,575,,,,,,,,
,,,2.5,575,0.34662193059921265,0.8406862745098039,0.8869565217391304,132.8635,,,,
0.36,1.05671226978302,0.0004047619047619048,2.61,600,,,,,,,,
,,,2.61,600,0.3365728259086609,0.8602941176470589,0.8991150442477877,138.593,,,,
0.3972,0.8962362408638,0.00039880952380952383,2.72,625,,,,,,,,
,,,2.72,625,0.3167557120323181,0.8676470588235294,0.9052631578947367,144.4555,,,,
0.4047,1.6730409860610962,0.0003928571428571429,2.83,650,,,,,,,,
,,,2.83,650,0.31419020891189575,0.8676470588235294,0.9039145907473309,150.2335,,,,
0.3345,1.6688752174377441,0.0003869047619047619,2.93,675,,,,,,,,
,,,2.93,675,0.3515263795852661,0.8553921568627451,0.8929219600725953,156.0615,,,,
0.3404,3.331354856491089,0.00038095238095238096,3.04,700,,,,,,,,
,,,3.04,700,0.39969807863235474,0.8357843137254902,0.8862478777589134,161.6118,,,,
0.3913,2.4035370349884033,0.000375,3.15,725,,,,,,,,
,,,3.15,725,0.4657198488712311,0.8259803921568627,0.8852988691437803,167.368,,,,
0.3873,1.0616451501846313,0.00036904761904761905,3.26,750,,,,,,,,
,,,3.26,750,0.4306992292404175,0.8235294117647058,0.8823529411764706,173.2168,,,,
0.2946,2.47961163520813,0.0003630952380952381,3.37,775,,,,,,,,
,,,3.37,775,0.37433767318725586,0.8529411764705882,0.8972602739726027,178.8585,,,,
0.35,2.4878792762756348,0.00035714285714285714,3.48,800,,,,,,,,
,,,3.48,800,0.34880760312080383,0.8553921568627451,0.897391304347826,184.6712,,,,
0.3744,1.8527384996414185,0.0003511904761904762,3.59,825,,,,,,,,
,,,3.59,825,0.30990728735923767,0.8676470588235294,0.9042553191489361,190.4598,,,,
0.3636,0.8473804593086243,0.00034523809523809523,3.7,850,,,,,,,,
,,,3.7,850,0.3097611665725708,0.8578431372549019,0.8975265017667844,196.3767,,,,
0.3305,1.1474711894989014,0.00033928571428571433,3.8,875,,,,,,,,
,,,3.8,875,0.3117073178291321,0.8504901960784313,0.891651865008881,202.1286,,,,
0.3429,1.8509315252304077,0.0003333333333333333,3.91,900,,,,,,,,
,,,3.91,900,0.3319621682167053,0.875,0.9128205128205128,207.9845,,,,
0.3591,1.5795882940292358,0.00032738095238095237,4.02,925,,,,,,,,
,,,4.02,925,0.3263520896434784,0.8700980392156863,0.9090909090909091,213.6131,,,,
0.3085,0.9756925106048584,0.00032142857142857147,4.13,950,,,,,,,,
,,,4.13,950,0.3099905848503113,0.8676470588235294,0.9059233449477352,219.5007,,,,
0.3475,1.4239176511764526,0.00031547619047619046,4.24,975,,,,,,,,
,,,4.24,975,0.33296144008636475,0.8725490196078431,0.91156462585034,225.1409,,,,
0.3636,0.9908851385116577,0.00030952380952380956,4.35,1000,,,,,,,,
,,,4.35,1000,0.3213653862476349,0.8774509803921569,0.9134948096885814,230.9082,,,,
0.3293,2.7027440071105957,0.00030357142857142855,4.46,1025,,,,,,,,
,,,4.46,1025,0.322750985622406,0.8529411764705882,0.8905109489051095,237.0168,,,,
0.2799,3.002037525177002,0.00029761904761904765,4.57,1050,,,,,,,,
,,,4.57,1050,0.35828879475593567,0.8553921568627451,0.8966725043782837,242.865,,,,
0.2637,0.5793485045433044,0.0002916666666666667,4.67,1075,,,,,,,,
,,,4.67,1075,0.345656156539917,0.8578431372549019,0.8960573476702509,248.5867,,,,
0.2656,1.502510905265808,0.0002857142857142857,4.78,1100,,,,,,,,
,,,4.78,1100,0.37584760785102844,0.8627450980392157,0.903448275862069,254.4199,,,,
0.3242,1.3637820482254028,0.0002797619047619048,4.89,1125,,,,,,,,
,,,4.89,1125,0.3194837272167206,0.8700980392156863,0.9068541300527241,260.1817,,,,
0.2963,0.09588243067264557,0.0002738095238095238,5.0,1150,,,,,,,,
,,,5.0,1150,0.3218960464000702,0.8651960784313726,0.9036777583187391,265.9952,,,,
0.2678,0.4685295820236206,0.00026785714285714287,5.11,1175,,,,,,,,
,,,5.11,1175,0.35656872391700745,0.8774509803921569,0.9146757679180888,271.6995,,,,
0.3059,2.574502468109131,0.0002619047619047619,5.22,1200,,,,,,,,
,,,5.22,1200,0.31772440671920776,0.8651960784313726,0.9046793760831888,277.5391,,,,
0.2997,0.931293249130249,0.00025595238095238096,5.33,1225,,,,,,,,
,,,5.33,1225,0.31110522150993347,0.8774509803921569,0.9116607773851589,283.3405,,,,
0.3444,1.5762896537780762,0.00025,5.43,1250,,,,,,,,
,,,5.43,1250,0.3191016614437103,0.8799019607843137,0.9120287253141832,289.0319,,,,
0.2561,2.8740880489349365,0.00024404761904761905,5.54,1275,,,,,,,,
,,,5.54,1275,0.3386058807373047,0.8725490196078431,0.9061371841155236,294.7838,,,,
0.2773,1.5320075750350952,0.0002380952380952381,5.65,1300,,,,,,,,
,,,5.65,1300,0.33233746886253357,0.8774509803921569,0.912280701754386,300.5513,,,,
0.2579,1.7653758525848389,0.00023214285714285717,5.76,1325,,,,,,,,
,,,5.76,1325,0.33679527044296265,0.8774509803921569,0.9125874125874125,306.5299,,,,
0.3194,2.7709853649139404,0.00022619047619047618,5.87,1350,,,,,,,,
,,,5.87,1350,0.30664703249931335,0.8602941176470589,0.8972972972972973,312.4319,,,,
0.309,0.724888026714325,0.00022023809523809523,5.98,1375,,,,,,,,
,,,5.98,1375,0.29446280002593994,0.8602941176470589,0.8976660682226212,318.488,,,,
0.2035,2.2155661582946777,0.00021428571428571427,6.09,1400,,,,,,,,
,,,6.09,1400,0.4573249816894531,0.8529411764705882,0.9003322259136212,324.2003,,,,
0.2953,1.0521235466003418,0.00020833333333333335,6.2,1425,,,,,,,,
,,,6.2,1425,0.3219839632511139,0.8602941176470589,0.8961748633879781,330.2894,,,,
0.2858,1.8985894918441772,0.0002023809523809524,6.3,1450,,,,,,,,
,,,6.3,1450,0.33727821707725525,0.8578431372549019,0.8921933085501859,335.9657,,,,
0.2897,0.6951568722724915,0.00019642857142857144,6.41,1475,,,,,,,,
,,,6.41,1475,0.33130601048469543,0.875,0.911917098445596,341.8345,,,,
0.2946,0.8371341824531555,0.00019047619047619048,6.52,1500,,,,,,,,
,,,6.52,1500,0.30867820978164673,0.8676470588235294,0.9025270758122744,347.6067,,,,
0.2306,2.922018051147461,0.00018452380952380953,6.63,1525,,,,,,,,
,,,6.63,1525,0.3366914689540863,0.8725490196078431,0.9097222222222222,353.8687,,,,
0.3053,0.593379557132721,0.00017857142857142857,6.74,1550,,,,,,,,
,,,6.74,1550,0.3092076778411865,0.8676470588235294,0.9042553191489361,359.614,,,,
0.2595,2.359002113342285,0.00017261904761904762,6.85,1575,,,,,,,,
,,,6.85,1575,0.31715330481529236,0.8627450980392157,0.899641577060932,365.4877,,,,
0.2984,1.5775614976882935,0.00016666666666666666,6.96,1600,,,,,,,,
,,,6.96,1600,0.30535978078842163,0.8700980392156863,0.9065255731922399,371.3432,,,,
0.2029,1.7444705963134766,0.00016071428571428573,7.07,1625,,,,,,,,
,,,7.07,1625,0.3284217119216919,0.8774509803921569,0.9128919860627178,377.0983,,,,
0.2482,1.434178352355957,0.00015476190476190478,7.17,1650,,,,,,,,
,,,7.17,1650,0.31844639778137207,0.8848039215686274,0.9173989455184535,382.8833,,,,
0.2349,0.6638399362564087,0.00014880952380952382,7.28,1675,,,,,,,,
,,,7.28,1675,0.3320159912109375,0.8799019607843137,0.915951972555746,388.7128,,,,
0.2586,1.707855463027954,0.00014285714285714284,7.39,1700,,,,,,,,
,,,7.39,1700,0.30793479084968567,0.8897058823529411,0.9214659685863874,394.5987,,,,
0.2667,0.8825657367706299,0.0001369047619047619,7.5,1725,,,,,,,,
,,,7.5,1725,0.3055746257305145,0.875,0.9094138543516875,400.534,,,,
0.2804,0.8245745301246643,0.00013095238095238096,7.61,1750,,,,,,,,
,,,7.61,1750,0.3011036813259125,0.8872549019607843,0.9195804195804195,406.3353,,,,
0.277,2.1837289333343506,0.000125,7.72,1775,,,,,,,,
,,,7.72,1775,0.3285579979419708,0.8823529411764706,0.9172413793103448,412.2058,,,,
0.2551,1.5470513105392456,0.00011904761904761905,7.83,1800,,,,,,,,
,,,7.83,1800,0.3107970654964447,0.8774509803921569,0.9119718309859154,418.0268,,,,
0.238,0.8937532901763916,0.00011309523809523809,7.93,1825,,,,,,,,
,,,7.93,1825,0.30058753490448,0.8725490196078431,0.9071428571428571,424.0444,,,,
0.3028,0.8610441088676453,0.00010714285714285714,8.04,1850,,,,,,,,
,,,8.04,1850,0.32380130887031555,0.8848039215686274,0.9182608695652175,429.8095,,,,
0.2695,1.9358621835708618,0.0001011904761904762,8.15,1875,,,,,,,,
,,,8.15,1875,0.30867302417755127,0.8823529411764706,0.915492957746479,435.6503,,,,
0.2328,0.18971939384937286,9.523809523809524e-05,8.26,1900,,,,,,,,
,,,8.26,1900,0.3179686665534973,0.8774509803921569,0.9128919860627178,441.5492,,,,
0.2317,1.2509455680847168,8.928571428571429e-05,8.37,1925,,,,,,,,
,,,8.37,1925,0.3057469427585602,0.8823529411764706,0.9157894736842105,447.4477,,,,
0.2435,1.6100473403930664,8.333333333333333e-05,8.48,1950,,,,,,,,
,,,8.48,1950,0.3201541006565094,0.8774509803921569,0.9131944444444444,453.3992,,,,
0.2161,1.897309422492981,7.738095238095239e-05,8.59,1975,,,,,,,,
,,,8.59,1975,0.33917197585105896,0.8848039215686274,0.9193825042881646,459.1173,,,,
0.2435,1.2072160243988037,7.142857142857142e-05,8.7,2000,,,,,,,,
,,,8.7,2000,0.319682240486145,0.8823529411764706,0.9166666666666667,464.9747,,,,
0.2317,1.8516861200332642,6.547619047619048e-05,8.8,2025,,,,,,,,
,,,8.8,2025,0.323660284280777,0.8823529411764706,0.9163763066202091,470.9964,,,,
0.2612,2.7693674564361572,5.9523809523809524e-05,8.91,2050,,,,,,,,
,,,8.91,2050,0.32077860832214355,0.8799019607843137,0.9144851657940662,476.9143,,,,
0.2898,6.800899028778076,5.357142857142857e-05,9.02,2075,,,,,,,,
,,,9.02,2075,0.3167244493961334,0.8872549019607843,0.9201388888888888,482.5738,,,,
0.2145,1.152361512184143,4.761904761904762e-05,9.13,2100,,,,,,,,
,,,9.13,2100,0.3101811707019806,0.8799019607843137,0.9132743362831858,488.4068,,,,
0.2236,0.8292075395584106,4.1666666666666665e-05,9.24,2125,,,,,,,,
,,,9.24,2125,0.3129470944404602,0.8823529411764706,0.9151943462897526,494.1877,,,,
0.2495,1.1391379833221436,3.571428571428571e-05,9.35,2150,,,,,,,,
,,,9.35,2150,0.3212355077266693,0.8872549019607843,0.9201388888888888,500.084,,,,
0.2292,0.8380858898162842,2.9761904761904762e-05,9.46,2175,,,,,,,,
,,,9.46,2175,0.31847772002220154,0.8799019607843137,0.9144851657940662,505.9374,,,,
0.2507,1.3437352180480957,2.380952380952381e-05,9.57,2200,,,,,,,,
,,,9.57,2200,0.3391974866390228,0.8848039215686274,0.919104991394148,511.8495,,,,
0.2571,1.745751142501831,1.7857142857142855e-05,9.67,2225,,,,,,,,
,,,9.67,2225,0.3268119990825653,0.8872549019607843,0.9201388888888888,517.635,,,,
0.2628,1.00283944606781,1.1904761904761905e-05,9.78,2250,,,,,,,,
,,,9.78,2250,0.32112210988998413,0.8848039215686274,0.9182608695652175,523.5237,,,,
0.2335,2.3274929523468018,5.9523809523809525e-06,9.89,2275,,,,,,,,
,,,9.89,2275,0.32057181000709534,0.8848039215686274,0.9182608695652175,529.3841,,,,
0.2026,0.8155145049095154,0.0,10.0,2300,,,,,,,,
,,,10.0,2300,0.31918656826019287,0.8799019607843137,0.9144851657940662,535.2148,,,,
,,,10.0,2300,,,,534.8594,68.579,4.3,1460977291679136.0,0.3433726448079814
