loss,grad_norm,learning_rate,epoch,step,eval_loss,eval_accuracy,eval_f1,train_runtime,train_samples_per_second,train_steps_per_second,total_flos,train_loss
0.6801,0.5921374559402466,2.5e-06,0.004347826086956522,1,,,,,,,,
0.7002,0.957994282245636,6.25e-05,0.10869565217391304,25,,,,,,,,
,,,0.10869565217391304,25,0.6304845809936523,0.6838235294117647,0.8122270742358079,6.4209,,,,
0.6649,1.8439913988113403,0.000125,0.21739130434782608,50,,,,,,,,
,,,0.21739130434782608,50,0.6134815812110901,0.6838235294117647,0.8122270742358079,12.429,,,,
0.6396,2.128032922744751,0.0001875,0.32608695652173914,75,,,,,,,,
,,,0.32608695652173914,75,0.5959194302558899,0.6887254901960784,0.8145985401459854,18.5932,,,,
0.5894,1.9787216186523438,0.00025,0.43478260869565216,100,,,,,,,,
,,,0.43478260869565216,100,0.4978012442588806,0.7450980392156863,0.8088235294117646,24.5998,,,,
0.5166,7.003568172454834,0.0003125,0.5434782608695652,125,,,,,,,,
,,,0.5434782608695652,125,0.5436137914657593,0.7696078431372549,0.8219696969696969,30.6948,,,,
0.599,6.010213851928711,0.000375,0.6521739130434783,150,,,,,,,,
,,,0.6521739130434783,150,0.6810892820358276,0.7328431372549019,0.8350983358547656,36.6587,,,,
0.6903,5.916229724884033,0.0004375,0.7608695652173914,175,,,,,,,,
,,,0.7608695652173914,175,0.6213899254798889,0.7279411764705882,0.7701863354037267,42.9391,,,,
0.5809,2.0278778076171875,0.0005,0.8695652173913043,200,,,,,,,,
,,,0.8695652173913043,200,0.6242119073867798,0.6838235294117647,0.8122270742358079,49.027,,,,
0.6516,0.7097119688987732,0.0004940476190476191,0.9782608695652174,225,,,,,,,,
,,,0.9782608695652174,225,0.6108378767967224,0.6838235294117647,0.8122270742358079,55.142,,,,
0.5551,4.2730183601379395,0.0004880952380952381,1.0869565217391304,250,,,,,,,,
,,,1.0869565217391304,250,0.7671130299568176,0.3161764705882353,0.0,60.9556,,,,
0.6283,9.847393035888672,0.00048214285714285715,1.1956521739130435,275,,,,,,,,
,,,1.1956521739130435,275,0.622052013874054,0.6838235294117647,0.8122270742358079,67.0872,,,,
0.6472,1.3767777681350708,0.0004761904761904762,1.3043478260869565,300,,,,,,,,
,,,1.3043478260869565,300,0.646432638168335,0.6838235294117647,0.8122270742358079,73.1039,,,,
0.6566,2.350508451461792,0.00047023809523809523,1.4130434782608696,325,,,,,,,,
,,,1.4130434782608696,325,0.6337358355522156,0.6838235294117647,0.8122270742358079,79.1719,,,,
0.6618,2.16123366355896,0.00046428571428571433,1.5217391304347827,350,,,,,,,,
,,,1.5217391304347827,350,0.6274137496948242,0.6838235294117647,0.8122270742358079,85.1352,,,,
0.6205,0.636695384979248,0.0004583333333333333,1.6304347826086958,375,,,,,,,,
,,,1.6304347826086958,375,0.6267437934875488,0.6838235294117647,0.8122270742358079,91.0706,,,,
0.6268,0.6082225441932678,0.00045238095238095237,1.7391304347826086,400,,,,,,,,
,,,1.7391304347826086,400,0.6490048170089722,0.6838235294117647,0.8122270742358079,97.0388,,,,
0.6438,1.148764967918396,0.00044642857142857147,1.8478260869565217,425,,,,,,,,
,,,1.8478260869565217,425,0.6416406035423279,0.6838235294117647,0.8122270742358079,103.1115,,,,
0.652,1.585852026939392,0.00044047619047619046,1.9565217391304348,450,,,,,,,,
,,,1.9565217391304348,450,0.6273503303527832,0.6838235294117647,0.8122270742358079,109.2096,,,,
0.6367,0.6748855710029602,0.00043452380952380956,2.0652173913043477,475,,,,,,,,
,,,2.0652173913043477,475,0.6343957781791687,0.6838235294117647,0.8122270742358079,114.9902,,,,
0.6445,1.183404803276062,0.00042857142857142855,2.1739130434782608,500,,,,,,,,
,,,2.1739130434782608,500,0.6471543908119202,0.6838235294117647,0.8122270742358079,121.0273,,,,
0.6265,0.5836374759674072,0.00042261904761904765,2.282608695652174,525,,,,,,,,
,,,2.282608695652174,525,0.6244421005249023,0.6838235294117647,0.8122270742358079,127.3336,,,,
0.6421,1.911353349685669,0.0004166666666666667,2.391304347826087,550,,,,,,,,
,,,2.391304347826087,550,0.6265799403190613,0.6838235294117647,0.8122270742358079,133.3166,,,,
0.6332,0.7433841824531555,0.0004107142857142857,2.5,575,,,,,,,,
,,,2.5,575,0.6317178606987,0.6838235294117647,0.8122270742358079,139.3067,,,,
0.6621,1.5774962902069092,0.0004047619047619048,2.608695652173913,600,,,,,,,,
,,,2.608695652173913,600,0.648689866065979,0.6838235294117647,0.8122270742358079,145.3501,,,,
0.6317,0.6621720194816589,0.00039880952380952383,2.717391304347826,625,,,,,,,,
,,,2.717391304347826,625,0.625363826751709,0.6838235294117647,0.8122270742358079,151.3993,,,,
0.6494,1.2263412475585938,0.0003928571428571429,2.8260869565217392,650,,,,,,,,
,,,2.8260869565217392,650,0.6242808699607849,0.6838235294117647,0.8122270742358079,157.5165,,,,
0.6157,0.8537403345108032,0.0003869047619047619,2.9347826086956523,675,,,,,,,,
,,,2.9347826086956523,675,0.623974621295929,0.6838235294117647,0.8122270742358079,163.5717,,,,
0.6466,0.5670849084854126,0.00038095238095238096,3.0434782608695654,700,,,,,,,,
,,,3.0434782608695654,700,0.6239765882492065,0.6838235294117647,0.8122270742358079,169.427,,,,
0.6212,0.46503207087516785,0.000375,3.1521739130434785,725,,,,,,,,
,,,3.1521739130434785,725,0.627394437789917,0.6838235294117647,0.8122270742358079,175.4185,,,,
0.6207,1.138586401939392,0.00036904761904761905,3.260869565217391,750,,,,,,,,
,,,3.260869565217391,750,0.6289447546005249,0.6838235294117647,0.8122270742358079,181.6504,,,,
0.6556,0.844029426574707,0.0003630952380952381,3.369565217391304,775,,,,,,,,
,,,3.369565217391304,775,0.6249914765357971,0.6838235294117647,0.8122270742358079,187.5688,,,,
0.6409,0.7988015413284302,0.00035714285714285714,3.4782608695652173,800,,,,,,,,
,,,3.4782608695652173,800,0.628669261932373,0.6838235294117647,0.8122270742358079,193.5564,,,,
0.6311,0.5471333861351013,0.0003511904761904762,3.5869565217391304,825,,,,,,,,
,,,3.5869565217391304,825,0.6243871450424194,0.6838235294117647,0.8122270742358079,199.6318,,,,
0.6379,1.1156779527664185,0.00034523809523809523,3.6956521739130435,850,,,,,,,,
,,,3.6956521739130435,850,0.6265978217124939,0.6838235294117647,0.8122270742358079,205.6857,,,,
0.6319,1.284501314163208,0.00033928571428571433,3.8043478260869565,875,,,,,,,,
,,,3.8043478260869565,875,0.6264640092849731,0.6838235294117647,0.8122270742358079,211.7571,,,,
0.6521,0.49271440505981445,0.0003333333333333333,3.9130434782608696,900,,,,,,,,
,,,3.9130434782608696,900,0.6242305636405945,0.6838235294117647,0.8122270742358079,217.7522,,,,
0.6632,0.5886921286582947,0.00032738095238095237,4.021739130434782,925,,,,,,,,
,,,4.021739130434782,925,0.6260613203048706,0.6838235294117647,0.8122270742358079,223.6596,,,,
0.6131,0.3964521586894989,0.00032142857142857147,4.130434782608695,950,,,,,,,,
,,,4.130434782608695,950,0.6245445013046265,0.6838235294117647,0.8122270742358079,229.6618,,,,
0.628,0.9539343118667603,0.00031547619047619046,4.239130434782608,975,,,,,,,,
,,,4.239130434782608,975,0.6240386366844177,0.6838235294117647,0.8122270742358079,235.5852,,,,
0.6308,0.557032585144043,0.00030952380952380956,4.3478260869565215,1000,,,,,,,,
,,,4.3478260869565215,1000,0.6241278052330017,0.6838235294117647,0.8122270742358079,241.4794,,,,
0.6238,0.4924037754535675,0.00030357142857142855,4.456521739130435,1025,,,,,,,,
,,,4.456521739130435,1025,0.6251914501190186,0.6838235294117647,0.8122270742358079,248.0023,,,,
0.6435,0.31018131971359253,0.00029761904761904765,4.565217391304348,1050,,,,,,,,
,,,4.565217391304348,1050,0.6249317526817322,0.6838235294117647,0.8122270742358079,253.9801,,,,
0.6564,0.4953403174877167,0.0002916666666666667,4.673913043478261,1075,,,,,,,,
,,,4.673913043478261,1075,0.6241683959960938,0.6838235294117647,0.8122270742358079,259.9918,,,,
0.6331,1.6958750486373901,0.0002857142857142857,4.782608695652174,1100,,,,,,,,
,,,4.782608695652174,1100,0.6248391270637512,0.6838235294117647,0.8122270742358079,265.9235,,,,
0.6549,1.31461501121521,0.0002797619047619048,4.891304347826087,1125,,,,,,,,
,,,4.891304347826087,1125,0.62513667345047,0.6838235294117647,0.8122270742358079,271.9084,,,,
0.6258,1.9808168411254883,0.0002738095238095238,5.0,1150,,,,,,,,
,,,5.0,1150,0.6240322589874268,0.6838235294117647,0.8122270742358079,277.9266,,,,
0.6561,1.1662235260009766,0.00026785714285714287,5.108695652173913,1175,,,,,,,,
,,,5.108695652173913,1175,0.6247854828834534,0.6838235294117647,0.8122270742358079,283.7998,,,,
0.6276,2.126781463623047,0.0002619047619047619,5.217391304347826,1200,,,,,,,,
,,,5.217391304347826,1200,0.6244205236434937,0.6838235294117647,0.8122270742358079,289.8764,,,,
0.6515,0.39602065086364746,0.00025595238095238096,5.326086956521739,1225,,,,,,,,
,,,5.326086956521739,1225,0.6243506073951721,0.6838235294117647,0.8122270742358079,295.8673,,,,
0.655,0.37657710909843445,0.00025,5.434782608695652,1250,,,,,,,,
,,,5.434782608695652,1250,0.6314161419868469,0.6838235294117647,0.8122270742358079,301.8376,,,,
0.6314,0.5880883932113647,0.00024404761904761905,5.543478260869565,1275,,,,,,,,
,,,5.543478260869565,1275,0.6253203749656677,0.6838235294117647,0.8122270742358079,307.7611,,,,
0.6131,0.37708473205566406,0.0002380952380952381,5.6521739130434785,1300,,,,,,,,
,,,5.6521739130434785,1300,0.6242519617080688,0.6838235294117647,0.8122270742358079,313.8355,,,,
0.6225,0.7889137864112854,0.00023214285714285717,5.760869565217392,1325,,,,,,,,
,,,5.760869565217392,1325,0.6239538192749023,0.6838235294117647,0.8122270742358079,319.9012,,,,
0.6098,0.3939489424228668,0.00022619047619047618,5.869565217391305,1350,,,,,,,,
,,,5.869565217391305,1350,0.6246476173400879,0.6838235294117647,0.8122270742358079,326.0489,,,,
0.6239,0.3235521912574768,0.00022023809523809523,5.978260869565218,1375,,,,,,,,
,,,5.978260869565218,1375,0.6241614818572998,0.6838235294117647,0.8122270742358079,332.14,,,,
0.5934,1.354452133178711,0.00021428571428571427,6.086956521739131,1400,,,,,,,,
,,,6.086956521739131,1400,0.6275420188903809,0.6838235294117647,0.8122270742358079,338.1237,,,,
0.6312,0.6161478161811829,0.00020833333333333335,6.195652173913044,1425,,,,,,,,
,,,6.195652173913044,1425,0.624208927154541,0.6838235294117647,0.8122270742358079,344.2816,,,,
0.6436,0.2984030842781067,0.0002023809523809524,6.304347826086957,1450,,,,,,,,
,,,6.304347826086957,1450,0.6239717602729797,0.6838235294117647,0.8122270742358079,350.1933,,,,
0.6339,0.3935908079147339,0.00019642857142857144,6.413043478260869,1475,,,,,,,,
,,,6.413043478260869,1475,0.6252714395523071,0.6838235294117647,0.8122270742358079,356.1759,,,,
0.6657,2.2504537105560303,0.00019047619047619048,6.521739130434782,1500,,,,,,,,
,,,6.521739130434782,1500,0.6245648860931396,0.6838235294117647,0.8122270742358079,362.1033,,,,
0.6164,1.6100883483886719,0.00018452380952380953,6.630434782608695,1525,,,,,,,,
,,,6.630434782608695,1525,0.6239568591117859,0.6838235294117647,0.8122270742358079,368.6634,,,,
0.6305,0.5921170711517334,0.00017857142857142857,6.739130434782608,1550,,,,,,,,
,,,6.739130434782608,1550,0.623958170413971,0.6838235294117647,0.8122270742358079,374.5727,,,,
0.6454,0.677715539932251,0.00017261904761904762,6.8478260869565215,1575,,,,,,,,
,,,6.8478260869565215,1575,0.6254187822341919,0.6838235294117647,0.8122270742358079,380.6159,,,,
0.6254,0.6976816654205322,0.00016666666666666666,6.956521739130435,1600,,,,,,,,
,,,6.956521739130435,1600,0.6246341466903687,0.6838235294117647,0.8122270742358079,386.6531,,,,
0.6609,1.4805724620819092,0.00016071428571428573,7.065217391304348,1625,,,,,,,,
,,,7.065217391304348,1625,0.625235915184021,0.6838235294117647,0.8122270742358079,392.5773,,,,
0.612,0.4018116295337677,0.00015476190476190478,7.173913043478261,1650,,,,,,,,
,,,7.173913043478261,1650,0.6242744326591492,0.6838235294117647,0.8122270742358079,398.52,,,,
0.6165,0.4106074869632721,0.00014880952380952382,7.282608695652174,1675,,,,,,,,
,,,7.282608695652174,1675,0.6248746514320374,0.6838235294117647,0.8122270742358079,404.5684,,,,
0.6266,0.38471394777297974,0.00014285714285714284,7.391304347826087,1700,,,,,,,,
,,,7.391304347826087,1700,0.6242202520370483,0.6838235294117647,0.8122270742358079,410.6154,,,,
0.6619,0.8547032475471497,0.0001369047619047619,7.5,1725,,,,,,,,
,,,7.5,1725,0.6256783604621887,0.6838235294117647,0.8122270742358079,416.7714,,,,
0.6406,0.416802316904068,0.00013095238095238096,7.608695652173913,1750,,,,,,,,
,,,7.608695652173913,1750,0.6258260607719421,0.6838235294117647,0.8122270742358079,422.7856,,,,
0.6367,0.6211714148521423,0.000125,7.717391304347826,1775,,,,,,,,
,,,7.717391304347826,1775,0.6246530413627625,0.6838235294117647,0.8122270742358079,428.9301,,,,
0.6449,0.6790711879730225,0.00011904761904761905,7.826086956521739,1800,,,,,,,,
,,,7.826086956521739,1800,0.6241912245750427,0.6838235294117647,0.8122270742358079,434.8952,,,,
0.6217,0.30791136622428894,0.00011309523809523809,7.934782608695652,1825,,,,,,,,
,,,7.934782608695652,1825,0.6239555478096008,0.6838235294117647,0.8122270742358079,441.1167,,,,
0.6111,0.5022087097167969,0.00010714285714285714,8.043478260869565,1850,,,,,,,,
,,,8.043478260869565,1850,0.6242673397064209,0.6838235294117647,0.8122270742358079,446.9841,,,,
0.6615,0.4097135365009308,0.0001011904761904762,8.152173913043478,1875,,,,,,,,
,,,8.152173913043478,1875,0.6247512102127075,0.6838235294117647,0.8122270742358079,452.9795,,,,
0.6059,0.659943699836731,9.523809523809524e-05,8.26086956521739,1900,,,,,,,,
,,,8.26086956521739,1900,0.623980700969696,0.6838235294117647,0.8122270742358079,459.0202,,,,
0.6336,1.1337809562683105,8.928571428571429e-05,8.369565217391305,1925,,,,,,,,
,,,8.369565217391305,1925,0.623962938785553,0.6838235294117647,0.8122270742358079,465.044,,,,
0.6474,0.9930527806282043,8.333333333333333e-05,8.478260869565217,1950,,,,,,,,
,,,8.478260869565217,1950,0.625065803527832,0.6838235294117647,0.8122270742358079,471.1813,,,,
0.619,0.41353875398635864,7.738095238095239e-05,8.58695652173913,1975,,,,,,,,
,,,8.58695652173913,1975,0.6239966750144958,0.6838235294117647,0.8122270742358079,477.1179,,,,
0.6411,0.791537344455719,7.142857142857142e-05,8.695652173913043,2000,,,,,,,,
,,,8.695652173913043,2000,0.624143123626709,0.6838235294117647,0.8122270742358079,483.2363,,,,
0.645,0.369439959526062,6.547619047619048e-05,8.804347826086957,2025,,,,,,,,
,,,8.804347826086957,2025,0.6243579983711243,0.6838235294117647,0.8122270742358079,489.6312,,,,
0.6096,1.1531633138656616,5.9523809523809524e-05,8.91304347826087,2050,,,,,,,,
,,,8.91304347826087,2050,0.6239675879478455,0.6838235294117647,0.8122270742358079,495.785,,,,
0.6243,0.23768381774425507,5.357142857142857e-05,9.021739130434783,2075,,,,,,,,
,,,9.021739130434783,2075,0.623963475227356,0.6838235294117647,0.8122270742358079,501.6797,,,,
0.6269,1.2247624397277832,4.761904761904762e-05,9.130434782608695,2100,,,,,,,,
,,,9.130434782608695,2100,0.6239542365074158,0.6838235294117647,0.8122270742358079,507.7579,,,,
0.6342,0.8626936078071594,4.1666666666666665e-05,9.23913043478261,2125,,,,,,,,
,,,9.23913043478261,2125,0.6240491271018982,0.6838235294117647,0.8122270742358079,513.7597,,,,
0.6143,0.866743266582489,3.571428571428571e-05,9.347826086956522,2150,,,,,,,,
,,,9.347826086956522,2150,0.6239614486694336,0.6838235294117647,0.8122270742358079,519.8554,,,,
0.6389,0.6055079698562622,2.9761904761904762e-05,9.456521739130435,2175,,,,,,,,
,,,9.456521739130435,2175,0.6239550113677979,0.6838235294117647,0.8122270742358079,525.8934,,,,
0.6276,0.3868767023086548,2.380952380952381e-05,9.565217391304348,2200,,,,,,,,
,,,9.565217391304348,2200,0.6239573955535889,0.6838235294117647,0.8122270742358079,531.9658,,,,
0.6319,0.303339421749115,1.7857142857142855e-05,9.673913043478262,2225,,,,,,,,
,,,9.673913043478262,2225,0.623954713344574,0.6838235294117647,0.8122270742358079,537.9229,,,,
0.6353,0.39491942524909973,1.1904761904761905e-05,9.782608695652174,2250,,,,,,,,
,,,9.782608695652174,2250,0.6239579916000366,0.6838235294117647,0.8122270742358079,543.992,,,,
0.6405,0.6336265206336975,5.9523809523809525e-06,9.891304347826086,2275,,,,,,,,
,,,9.891304347826086,2275,0.6239868998527527,0.6838235294117647,0.8122270742358079,550.0742,,,,
0.6537,1.1851361989974976,0.0,10.0,2300,,,,,,,,
,,,10.0,2300,0.6239855289459229,0.6838235294117647,0.8122270742358079,556.1314,,,,
,,,10.0,2300,,,,555.763,65.999,4.138,1530446719931808.0,0.6334351098278295
