loss,grad_norm,learning_rate,epoch,step,eval_loss,eval_accuracy,eval_f1,train_runtime,train_samples_per_second,train_steps_per_second,total_flos,train_loss
1.0935,3.448720693588257,4e-08,0.0625,1,,,,,,,,
1.1202,5.0098042488098145,4.0000000000000003e-07,0.625,10,,,,,,,,
,,,0.625,10,1.1146193742752075,0.21428571428571427,0.16326530612244897,5.9611,,,,
1.1247,3.9085068702697754,8.000000000000001e-07,1.25,20,,,,,,,,
,,,1.25,20,1.1102845668792725,0.42857142857142855,0.2162162162162162,11.6597,,,,
1.113,4.297828674316406,1.2000000000000002e-06,1.875,30,,,,,,,,
,,,1.875,30,1.1031590700149536,0.5,0.2222222222222222,17.2021,,,,
1.1062,3.856552839279175,1.6000000000000001e-06,2.5,40,,,,,,,,
,,,2.5,40,1.0935665369033813,0.5,0.2222222222222222,22.6524,,,,
1.0896,3.6700000762939453,2.0000000000000003e-06,3.125,50,,,,,,,,
,,,3.125,50,1.0817369222640991,0.5,0.2222222222222222,28.2179,,,,
1.071,3.63724946975708,2.4000000000000003e-06,3.75,60,,,,,,,,
,,,3.75,60,1.067216396331787,0.5,0.2222222222222222,33.8827,,,,
1.0503,2.6544594764709473,2.8000000000000003e-06,4.375,70,,,,,,,,
,,,4.375,70,1.0459195375442505,0.5,0.2222222222222222,39.2066,,,,
1.0158,4.6215057373046875,3.2000000000000003e-06,5.0,80,,,,,,,,
,,,5.0,80,1.0160819292068481,0.5,0.2222222222222222,44.736,,,,
0.9578,4.019026756286621,3.6000000000000003e-06,5.625,90,,,,,,,,
,,,5.625,90,0.9682597517967224,0.5178571428571429,0.2735042735042735,50.7508,,,,
0.9031,4.73881721496582,4.000000000000001e-06,6.25,100,,,,,,,,
,,,6.25,100,0.8938485980033875,0.6964285714285714,0.48424908424908425,56.1174,,,,
0.784,3.922856092453003,4.4e-06,6.875,110,,,,,,,,
,,,6.875,110,0.816557765007019,0.6607142857142857,0.461392254692326,61.5714,,,,
0.7937,5.7693939208984375,4.800000000000001e-06,7.5,120,,,,,,,,
,,,7.5,120,0.7838200330734253,0.6785714285714286,0.47391812865497074,66.6812,,,,
0.6435,10.699655532836914,5.2e-06,8.125,130,,,,,,,,
,,,8.125,130,0.7739638090133667,0.6964285714285714,0.4872881355932203,72.4627,,,,
0.6296,5.375184535980225,5.600000000000001e-06,8.75,140,,,,,,,,
,,,8.75,140,0.7547159194946289,0.6964285714285714,0.4872881355932203,78.569,,,,
0.5681,8.809863090515137,6e-06,9.375,150,,,,,,,,
,,,9.375,150,0.7387681007385254,0.6964285714285714,0.486277269528501,84.1298,,,,
0.5582,9.418500900268555,6.4000000000000006e-06,10.0,160,,,,,,,,
,,,10.0,160,0.6596726179122925,0.6964285714285714,0.4868139700641481,89.6605,,,,
0.4051,6.308320999145508,6.800000000000001e-06,10.625,170,,,,,,,,
,,,10.625,170,0.5455822348594666,0.8035714285714286,0.5607017543859648,95.6688,,,,
0.405,7.483548641204834,7.2000000000000005e-06,11.25,180,,,,,,,,
,,,11.25,180,0.487731397151947,0.75,0.5231646471846044,101.1361,,,,
0.2345,5.172019958496094,7.600000000000001e-06,11.875,190,,,,,,,,
,,,11.875,190,0.4284626841545105,0.7857142857142857,0.5485863625564268,107.1115,,,,
0.1764,7.695501327514648,8.000000000000001e-06,12.5,200,,,,,,,,
,,,12.5,200,0.4282303750514984,0.8214285714285714,0.5732959850606909,112.5183,,,,
0.1501,1.8458454608917236,8.400000000000001e-06,13.125,210,,,,,,,,
,,,13.125,210,0.37027707695961,0.8035714285714286,0.5610513739545998,117.9973,,,,
0.1461,7.133523941040039,8.8e-06,13.75,220,,,,,,,,
,,,13.75,220,0.289316326379776,0.8571428571428571,0.5993408662900189,124.0706,,,,
0.0901,2.5189690589904785,9.200000000000002e-06,14.375,230,,,,,,,,
,,,14.375,230,0.28823357820510864,0.9107142857142857,0.8129251700680272,129.9989,,,,
0.0883,4.7643046379089355,9.600000000000001e-06,15.0,240,,,,,,,,
,,,15.0,240,0.3363925814628601,0.875,0.8189677091278922,135.347,,,,
0.0442,1.4061412811279297,1e-05,15.625,250,,,,,,,,
,,,15.625,250,0.5198456645011902,0.8928571428571429,0.891821685939333,140.9708,,,,
0.0269,18.652042388916016,1.04e-05,16.25,260,,,,,,,,
,,,16.25,260,0.46117350459098816,0.875,0.8770925492236968,146.7387,,,,
0.0152,11.921852111816406,1.0800000000000002e-05,16.875,270,,,,,,,,
,,,16.875,270,0.5413909554481506,0.8928571428571429,0.8679738562091504,152.4496,,,,
0.0145,0.15980234742164612,1.1200000000000001e-05,17.5,280,,,,,,,,
,,,17.5,280,0.2864651381969452,0.8928571428571429,0.8510931416591793,158.3771,,,,
0.007,0.056833166629076004,1.16e-05,18.125,290,,,,,,,,
,,,18.125,290,0.19005799293518066,0.9285714285714286,0.9049145299145298,163.8918,,,,
0.0035,0.04632340744137764,1.2e-05,18.75,300,,,,,,,,
,,,18.75,300,0.34930849075317383,0.9107142857142857,0.8913565426170468,169.8689,,,,
0.003,0.07253184169530869,1.2400000000000002e-05,19.375,310,,,,,,,,
,,,19.375,310,0.3641428053379059,0.8928571428571429,0.8508055704551324,174.9964,,,,
0.0026,0.05271872133016586,1.2800000000000001e-05,20.0,320,,,,,,,,
,,,20.0,320,0.2989446520805359,0.9107142857142857,0.8761593016912165,180.7924,,,,
,,,20.0,320,,,,180.3102,27.73,1.775,446840583950880.0,0.5105814719165209
