loss,grad_norm,learning_rate,epoch,step,eval_loss,eval_accuracy,eval_f1,train_runtime,train_samples_per_second,train_steps_per_second,total_flos,train_loss
0.6801,0.5819058418273926,2.5e-06,0.0,1,,,,,,,,
0.7095,0.771722137928009,6.25e-05,0.11,25,,,,,,,,
,,,0.11,25,0.6502324342727661,0.6838235294117647,0.8122270742358079,6.2339,,,,
0.6628,1.690466046333313,0.000125,0.22,50,,,,,,,,
,,,0.22,50,0.6214790344238281,0.6838235294117647,0.8122270742358079,12.0548,,,,
0.6387,2.42671537399292,0.0001875,0.33,75,,,,,,,,
,,,0.33,75,0.6175402998924255,0.6838235294117647,0.8122270742358079,18.1388,,,,
0.637,1.1284605264663696,0.00025,0.43,100,,,,,,,,
,,,0.43,100,0.580266535282135,0.7083333333333334,0.8205128205128206,24.1845,,,,
0.5387,3.883171558380127,0.0003125,0.54,125,,,,,,,,
,,,0.54,125,0.6182655096054077,0.7549019607843137,0.8432601880877743,30.2592,,,,
0.6135,5.942138671875,0.000375,0.65,150,,,,,,,,
,,,0.65,150,0.44260621070861816,0.8088235294117647,0.8691275167785235,36.1855,,,,
0.5782,4.339894771575928,0.0004375,0.76,175,,,,,,,,
,,,0.76,175,0.42755255103111267,0.8284313725490197,0.8722627737226278,42.1708,,,,
0.4991,2.2151381969451904,0.0005,0.87,200,,,,,,,,
,,,0.87,200,0.5665233731269836,0.7990196078431373,0.8690095846645368,48.0355,,,,
0.5904,5.1543450355529785,0.0004940476190476191,0.98,225,,,,,,,,
,,,0.98,225,0.5611094236373901,0.7671568627450981,0.7965738758029978,53.7653,,,,
0.5115,5.773384094238281,0.0004880952380952381,1.09,250,,,,,,,,
,,,1.09,250,0.5268654823303223,0.7892156862745098,0.8647798742138365,59.3678,,,,
0.4607,2.1570096015930176,0.00048214285714285715,1.2,275,,,,,,,,
,,,1.2,275,0.38679239153862,0.8186274509803921,0.8774834437086093,65.04,,,,
0.4429,4.589925765991211,0.0004761904761904762,1.3,300,,,,,,,,
,,,1.3,300,0.32056868076324463,0.8676470588235294,0.9065743944636677,70.827,,,,
0.3854,4.944126605987549,0.00047023809523809523,1.41,325,,,,,,,,
,,,1.41,325,0.34899216890335083,0.8431372549019608,0.8773946360153257,76.4793,,,,
0.452,9.901287078857422,0.00046428571428571433,1.52,350,,,,,,,,
,,,1.52,350,0.32631152868270874,0.8799019607843137,0.9117117117117116,82.3279,,,,
0.3958,4.70767879486084,0.0004583333333333333,1.63,375,,,,,,,,
,,,1.63,375,0.29605644941329956,0.8774509803921569,0.9100719424460433,87.9766,,,,
0.2971,12.4143705368042,0.00045238095238095237,1.74,400,,,,,,,,
,,,1.74,400,0.4224819242954254,0.8578431372549019,0.902027027027027,93.7843,,,,
0.4147,4.172515869140625,0.00044642857142857147,1.85,425,,,,,,,,
,,,1.85,425,0.3613969385623932,0.8431372549019608,0.8922558922558923,99.6366,,,,
0.3948,4.401426315307617,0.00044047619047619046,1.96,450,,,,,,,,
,,,1.96,450,0.32236388325691223,0.8897058823529411,0.9197860962566845,105.6322,,,,
0.2904,3.030587911605835,0.00043452380952380956,2.07,475,,,,,,,,
,,,2.07,475,0.4235214591026306,0.8872549019607843,0.9206896551724139,111.2479,,,,
0.3789,10.401394844055176,0.00042857142857142855,2.17,500,,,,,,,,
,,,2.17,500,0.2852032780647278,0.8897058823529411,0.9174311926605504,117.1395,,,,
0.3112,3.3146708011627197,0.00042261904761904765,2.28,525,,,,,,,,
,,,2.28,525,0.2989601790904999,0.8700980392156863,0.9065255731922399,123.1602,,,,
0.2977,4.045866012573242,0.0004166666666666667,2.39,550,,,,,,,,
,,,2.39,550,0.30652540922164917,0.8774509803921569,0.9131944444444444,128.9698,,,,
0.3304,6.227768898010254,0.0004107142857142857,2.5,575,,,,,,,,
,,,2.5,575,0.3403826355934143,0.8431372549019608,0.8947368421052632,134.8314,,,,
0.3095,11.096243858337402,0.0004047619047619048,2.61,600,,,,,,,,
,,,2.61,600,0.36584600806236267,0.8823529411764706,0.9169550173010381,140.6394,,,,
0.3115,3.7740583419799805,0.00039880952380952383,2.72,625,,,,,,,,
,,,2.72,625,0.3207208514213562,0.8529411764705882,0.9000000000000001,146.5796,,,,
0.3517,10.272770881652832,0.0003928571428571429,2.83,650,,,,,,,,
,,,2.83,650,0.31271684169769287,0.8848039215686274,0.9182608695652175,152.4135,,,,
0.2932,3.8783116340637207,0.0003869047619047619,2.93,675,,,,,,,,
,,,2.93,675,0.2746429145336151,0.8921568627450981,0.9228070175438596,158.3107,,,,
0.2595,12.441205978393555,0.00038095238095238096,3.04,700,,,,,,,,
,,,3.04,700,0.376188725233078,0.875,0.9103690685413005,163.8585,,,,
0.2063,6.0326714515686035,0.000375,3.15,725,,,,,,,,
,,,3.15,725,0.4102749824523926,0.8799019607843137,0.9162393162393162,169.731,,,,
0.2466,7.158966541290283,0.00036904761904761905,3.26,750,,,,,,,,
,,,3.26,750,0.40278708934783936,0.8823529411764706,0.9175257731958764,175.5356,,,,
0.2342,8.306082725524902,0.0003630952380952381,3.37,775,,,,,,,,
,,,3.37,775,0.36273956298828125,0.8774509803921569,0.9137931034482758,181.3073,,,,
0.2288,22.812002182006836,0.00035714285714285714,3.48,800,,,,,,,,
,,,3.48,800,0.4875369966030121,0.8578431372549019,0.9023569023569024,187.0836,,,,
0.2741,2.8885600566864014,0.0003511904761904762,3.59,825,,,,,,,,
,,,3.59,825,0.3194420635700226,0.8602941176470589,0.9012131715771231,192.9846,,,,
0.2635,9.65269660949707,0.00034523809523809523,3.7,850,,,,,,,,
,,,3.7,850,0.4039587378501892,0.8676470588235294,0.9059233449477352,198.8792,,,,
0.2321,20.849010467529297,0.00033928571428571433,3.8,875,,,,,,,,
,,,3.8,875,0.3789011240005493,0.9068627450980392,0.931899641577061,204.7723,,,,
0.2866,32.92765426635742,0.0003333333333333333,3.91,900,,,,,,,,
,,,3.91,900,0.46492648124694824,0.8455882352941176,0.8955223880597015,210.6242,,,,
0.2726,9.110297203063965,0.00032738095238095237,4.02,925,,,,,,,,
,,,4.02,925,0.3644251227378845,0.8848039215686274,0.9188255613126081,216.3701,,,,
0.1307,2.0946006774902344,0.00032142857142857147,4.13,950,,,,,,,,
,,,4.13,950,0.3880031108856201,0.8774509803921569,0.9158249158249159,222.2116,,,,
0.2343,20.47394561767578,0.00031547619047619046,4.24,975,,,,,,,,
,,,4.24,975,0.4818972647190094,0.8578431372549019,0.903010033444816,227.9632,,,,
0.2237,5.424662113189697,0.00030952380952380956,4.35,1000,,,,,,,,
,,,4.35,1000,0.3175070583820343,0.8872549019607843,0.9204152249134948,233.7002,,,,
0.2061,10.933444023132324,0.00030357142857142855,4.46,1025,,,,,,,,
,,,4.46,1025,0.34299296140670776,0.8995098039215687,0.9261261261261262,239.9132,,,,
0.1556,7.192451477050781,0.00029761904761904765,4.57,1050,,,,,,,,
,,,4.57,1050,0.43933746218681335,0.875,0.9139966273187184,245.7451,,,,
0.1422,15.715010643005371,0.0002916666666666667,4.67,1075,,,,,,,,
,,,4.67,1075,0.48192885518074036,0.8602941176470589,0.902229845626072,251.539,,,,
0.1299,2.4279122352600098,0.0002857142857142857,4.78,1100,,,,,,,,
,,,4.78,1100,0.42366600036621094,0.8995098039215687,0.926391382405745,257.3537,,,,
0.194,6.275796413421631,0.0002797619047619048,4.89,1125,,,,,,,,
,,,4.89,1125,0.41089993715286255,0.8897058823529411,0.9220103986135182,263.1908,,,,
0.1801,0.06374141573905945,0.0002738095238095238,5.0,1150,,,,,,,,
,,,5.0,1150,0.3360336124897003,0.9117647058823529,0.9357142857142856,269.0531,,,,
0.1135,0.04401179403066635,0.00026785714285714287,5.11,1175,,,,,,,,
,,,5.11,1175,0.42275840044021606,0.8921568627450981,0.921146953405018,274.791,,,,
0.1111,6.51420259475708,0.0002619047619047619,5.22,1200,,,,,,,,
,,,5.22,1200,0.5949934124946594,0.8799019607843137,0.915951972555746,280.7437,,,,
0.1418,5.103621006011963,0.00025595238095238096,5.33,1225,,,,,,,,
,,,5.33,1225,0.44623488187789917,0.8872549019607843,0.9192982456140351,286.5717,,,,
0.1429,15.579057693481445,0.00025,5.43,1250,,,,,,,,
,,,5.43,1250,0.47257936000823975,0.8897058823529411,0.9211908931698775,292.3856,,,,
0.1263,3.959573745727539,0.00024404761904761905,5.54,1275,,,,,,,,
,,,5.54,1275,0.5083044171333313,0.8823529411764706,0.9186440677966101,298.1512,,,,
0.1556,9.60299015045166,0.0002380952380952381,5.65,1300,,,,,,,,
,,,5.65,1300,0.47138187289237976,0.8799019607843137,0.9153713298791019,304.0632,,,,
0.1067,0.748175323009491,0.00023214285714285717,5.76,1325,,,,,,,,
,,,5.76,1325,0.43414613604545593,0.8823529411764706,0.9157894736842105,309.9302,,,,
0.1654,12.912980079650879,0.00022619047619047618,5.87,1350,,,,,,,,
,,,5.87,1350,0.44668006896972656,0.9044117647058824,0.9297297297297297,315.8827,,,,
0.0854,8.60767650604248,0.00022023809523809523,5.98,1375,,,,,,,,
,,,5.98,1375,0.6788744330406189,0.8799019607843137,0.915951972555746,321.825,,,,
0.0746,15.069173812866211,0.00021428571428571427,6.09,1400,,,,,,,,
,,,6.09,1400,0.6956944465637207,0.8872549019607843,0.9212328767123288,327.6334,,,,
0.1215,13.441762924194336,0.00020833333333333335,6.2,1425,,,,,,,,
,,,6.2,1425,0.5477720499038696,0.9068627450980392,0.9330985915492959,333.6115,,,,
0.0898,0.29023298621177673,0.0002023809523809524,6.3,1450,,,,,,,,
,,,6.3,1450,0.47748181223869324,0.9117647058823529,0.9347826086956522,339.395,,,,
0.1364,7.264111042022705,0.00019642857142857144,6.41,1475,,,,,,,,
,,,6.41,1475,0.48554110527038574,0.8995098039215687,0.9266547406082289,345.204,,,,
0.0759,0.15042045712471008,0.00019047619047619048,6.52,1500,,,,,,,,
,,,6.52,1500,0.6585747003555298,0.8897058823529411,0.9225473321858865,351.0265,,,,
0.1384,18.921361923217773,0.00018452380952380953,6.63,1525,,,,,,,,
,,,6.63,1525,0.6316625475883484,0.8970588235294118,0.9270833333333334,357.2019,,,,
0.1512,6.3688836097717285,0.00017857142857142857,6.74,1550,,,,,,,,
,,,6.74,1550,0.6364989876747131,0.8872549019607843,0.9206896551724139,363.0131,,,,
0.1075,4.434945106506348,0.00017261904761904762,6.85,1575,,,,,,,,
,,,6.85,1575,0.634778618812561,0.8921568627450981,0.9238754325259515,368.8264,,,,
0.114,15.2158203125,0.00016666666666666666,6.96,1600,,,,,,,,
,,,6.96,1600,0.7349060773849487,0.8774509803921569,0.9149659863945577,374.7316,,,,
0.1209,23.697895050048828,0.00016071428571428573,7.07,1625,,,,,,,,
,,,7.07,1625,0.5430407524108887,0.8995098039215687,0.9279437609841829,380.4293,,,,
0.085,4.508604049682617,0.00015476190476190478,7.17,1650,,,,,,,,
,,,7.17,1650,0.5762897729873657,0.8946078431372549,0.9244288224956063,386.2497,,,,
0.0517,0.124528668820858,0.00014880952380952382,7.28,1675,,,,,,,,
,,,7.28,1675,0.7057445645332336,0.8970588235294118,0.9280821917808219,392.0551,,,,
0.1059,0.9097091555595398,0.00014285714285714284,7.39,1700,,,,,,,,
,,,7.39,1700,0.645073413848877,0.8946078431372549,0.9244288224956063,397.9748,,,,
0.087,0.00826459750533104,0.0001369047619047619,7.5,1725,,,,,,,,
,,,7.5,1725,0.6796326637268066,0.8848039215686274,0.9168141592920355,403.9179,,,,
0.0652,6.6296162605285645,0.00013095238095238096,7.61,1750,,,,,,,,
,,,7.61,1750,0.7269600033760071,0.8872549019607843,0.9198606271777002,409.7533,,,,
0.1057,23.31758689880371,0.000125,7.72,1775,,,,,,,,
,,,7.72,1775,0.7586540579795837,0.8799019607843137,0.9150779896013865,415.6716,,,,
0.0476,1.7835328578948975,0.00011904761904761905,7.83,1800,,,,,,,,
,,,7.83,1800,0.7566984295845032,0.8872549019607843,0.9204152249134948,421.4405,,,,
0.0504,0.03817006200551987,0.00011309523809523809,7.93,1825,,,,,,,,
,,,7.93,1825,0.7777060866355896,0.8848039215686274,0.9176882661996497,427.5273,,,,
0.0534,13.990616798400879,0.00010714285714285714,8.04,1850,,,,,,,,
,,,8.04,1850,0.8730149865150452,0.8799019607843137,0.9156626506024096,433.235,,,,
0.0714,2.0554301738739014,0.0001011904761904762,8.15,1875,,,,,,,,
,,,8.15,1875,0.7528126835823059,0.8848039215686274,0.9168141592920355,439.1906,,,,
0.0281,0.0024107987992465496,9.523809523809524e-05,8.26,1900,,,,,,,,
,,,8.26,1900,0.7980161905288696,0.8897058823529411,0.9217391304347826,445.0409,,,,
0.0348,0.005294854287058115,8.928571428571429e-05,8.37,1925,,,,,,,,
,,,8.37,1925,0.7893521785736084,0.8921568627450981,0.923076923076923,451.0009,,,,
0.0572,0.009374630637466908,8.333333333333333e-05,8.48,1950,,,,,,,,
,,,8.48,1950,0.7208350896835327,0.8970588235294118,0.926056338028169,456.9024,,,,
0.0457,0.09874539822340012,7.738095238095239e-05,8.59,1975,,,,,,,,
,,,8.59,1975,0.8182786107063293,0.8872549019607843,0.9201388888888888,462.7203,,,,
0.0673,32.723453521728516,7.142857142857142e-05,8.7,2000,,,,,,,,
,,,8.7,2000,0.8451318740844727,0.8823529411764706,0.9169550173010381,468.5094,,,,
0.0302,0.020146554335951805,6.547619047619048e-05,8.8,2025,,,,,,,,
,,,8.8,2025,0.8506518602371216,0.8897058823529411,0.9217391304347826,474.6433,,,,
0.1091,0.0021591768600046635,5.9523809523809524e-05,8.91,2050,,,,,,,,
,,,8.91,2050,0.8376016020774841,0.8897058823529411,0.9217391304347826,480.5153,,,,
0.0944,0.045727234333753586,5.357142857142857e-05,9.02,2075,,,,,,,,
,,,9.02,2075,0.7861514091491699,0.8848039215686274,0.917975567190227,486.2862,,,,
0.0555,0.001412668963894248,4.761904761904762e-05,9.13,2100,,,,,,,,
,,,9.13,2100,0.781660795211792,0.8897058823529411,0.9220103986135182,492.0696,,,,
0.0383,0.01325173769146204,4.1666666666666665e-05,9.24,2125,,,,,,,,
,,,9.24,2125,0.7157865166664124,0.8921568627450981,0.9228070175438596,497.903,,,,
0.0344,0.003486173925921321,3.571428571428571e-05,9.35,2150,,,,,,,,
,,,9.35,2150,0.7124143838882446,0.8946078431372549,0.9244288224956063,503.7114,,,,
0.0443,0.015212235040962696,2.9761904761904762e-05,9.46,2175,,,,,,,,
,,,9.46,2175,0.7801064848899841,0.8946078431372549,0.9252173913043479,509.5984,,,,
0.031,0.014439829625189304,2.380952380952381e-05,9.57,2200,,,,,,,,
,,,9.57,2200,0.7739386558532715,0.8921568627450981,0.9236111111111112,515.4155,,,,
0.0462,0.050410959869623184,1.7857142857142855e-05,9.67,2225,,,,,,,,
,,,9.67,2225,0.7748927474021912,0.8897058823529411,0.9220103986135182,521.2319,,,,
0.0342,0.015302748419344425,1.1904761904761905e-05,9.78,2250,,,,,,,,
,,,9.78,2250,0.7868284583091736,0.8897058823529411,0.9220103986135182,527.097,,,,
0.0434,0.004053566604852676,5.9523809523809525e-06,9.89,2275,,,,,,,,
,,,9.89,2275,0.7819663286209106,0.8897058823529411,0.9220103986135182,532.993,,,,
0.0036,0.00844581425189972,0.0,10.0,2300,,,,,,,,
,,,10.0,2300,0.780559778213501,0.8897058823529411,0.9220103986135182,538.8454,,,,
,,,10.0,2300,,,,538.4418,68.122,4.272,1460977291679136.0,0.21735691764108514
