loss,grad_norm,learning_rate,epoch,step,eval_loss,eval_accuracy,train_runtime,train_samples_per_second,train_steps_per_second,total_flos,train_loss
0.718,1.6981407403945923,3.5e-06,0.00641025641025641,1,,,,,,,
0.7041,1.1032366752624512,8.75e-05,0.16025641025641027,25,,,,,,,
,,,0.16025641025641027,25,0.7038412094116211,0.4729241877256318,11.4075,,,,
0.7247,0.9259156584739685,0.000175,0.32051282051282054,50,,,,,,,
,,,0.32051282051282054,50,0.691938042640686,0.5270758122743683,22.4281,,,,
0.6954,0.5463736653327942,0.0002625,0.4807692307692308,75,,,,,,,
,,,0.4807692307692308,75,0.6948341131210327,0.5270758122743683,35.1492,,,,
0.7028,2.2357141971588135,0.00035,0.6410256410256411,100,,,,,,,
,,,0.6410256410256411,100,0.689019501209259,0.5703971119133574,46.6964,,,,
0.6827,1.3070571422576904,0.0004375,0.8012820512820513,125,,,,,,,
,,,0.8012820512820513,125,0.728047251701355,0.4729241877256318,58.8211,,,,
0.702,2.3557796478271484,0.000525,0.9615384615384616,150,,,,,,,
,,,0.9615384615384616,150,0.669161319732666,0.6245487364620939,69.8708,,,,
0.6761,4.765154838562012,0.0006125,1.1217948717948718,175,,,,,,,
,,,1.1217948717948718,175,0.7318838238716125,0.48375451263537905,81.2016,,,,
0.6748,4.056969165802002,0.0007,1.282051282051282,200,,,,,,,
,,,1.282051282051282,200,0.6768427491188049,0.6462093862815884,92.5912,,,,
0.6394,1.761092185974121,0.0006871323529411764,1.4423076923076923,225,,,,,,,
,,,1.4423076923076923,225,0.6304128766059875,0.6570397111913358,103.7891,,,,
0.6258,1.8676677942276,0.0006742647058823529,1.6025641025641026,250,,,,,,,
,,,1.6025641025641026,250,0.6240315437316895,0.6678700361010831,115.3072,,,,
0.7087,1.4568274021148682,0.0006613970588235294,1.7628205128205128,275,,,,,,,
,,,1.7628205128205128,275,0.6528624892234802,0.6498194945848376,126.4332,,,,
0.6731,2.3901729583740234,0.0006485294117647059,1.9230769230769231,300,,,,,,,
,,,1.9230769230769231,300,0.5923316478729248,0.6859205776173285,138.1718,,,,
0.6198,3.015839099884033,0.0006356617647058823,2.0833333333333335,325,,,,,,,
,,,2.0833333333333335,325,0.573717474937439,0.7111913357400722,149.2861,,,,
0.5693,1.8766679763793945,0.0006227941176470587,2.2435897435897436,350,,,,,,,
,,,2.2435897435897436,350,0.5475727915763855,0.7003610108303249,160.4844,,,,
0.5493,4.381352424621582,0.0006099264705882353,2.4038461538461537,375,,,,,,,
,,,2.4038461538461537,375,0.6410614848136902,0.6931407942238267,171.8938,,,,
0.564,5.490115642547607,0.0005970588235294117,2.564102564102564,400,,,,,,,
,,,2.564102564102564,400,0.5539326071739197,0.7184115523465704,183.2529,,,,
0.5621,3.2215049266815186,0.0005841911764705882,2.7243589743589745,425,,,,,,,
,,,2.7243589743589745,425,0.5816084146499634,0.7220216606498195,194.7273,,,,
0.5692,2.6621999740600586,0.0005713235294117647,2.8846153846153846,450,,,,,,,
,,,2.8846153846153846,450,0.5853811502456665,0.7003610108303249,206.2404,,,,
0.5117,3.7313830852508545,0.0005584558823529412,3.0448717948717947,475,,,,,,,
,,,3.0448717948717947,475,0.6295636892318726,0.7003610108303249,217.4972,,,,
0.5728,3.872382640838623,0.0005455882352941177,3.2051282051282053,500,,,,,,,
,,,3.2051282051282053,500,0.582878589630127,0.7292418772563177,229.0233,,,,
0.4897,2.828848123550415,0.0005327205882352941,3.3653846153846154,525,,,,,,,
,,,3.3653846153846154,525,0.5359494686126709,0.7003610108303249,240.7779,,,,
0.4864,10.364115715026855,0.0005198529411764706,3.5256410256410255,550,,,,,,,
,,,3.5256410256410255,550,0.6283954977989197,0.7003610108303249,251.6618,,,,
0.4815,3.0817060470581055,0.0005069852941176471,3.685897435897436,575,,,,,,,
,,,3.685897435897436,575,0.579433023929596,0.7075812274368231,262.6372,,,,
0.5367,6.554742813110352,0.0004941176470588236,3.8461538461538463,600,,,,,,,
,,,3.8461538461538463,600,0.658492386341095,0.6859205776173285,274.3822,,,,
0.431,10.460125923156738,0.00048125,4.006410256410256,625,,,,,,,
,,,4.006410256410256,625,0.7456089854240417,0.7148014440433214,285.9622,,,,
0.3964,2.9116783142089844,0.00046838235294117644,4.166666666666667,650,,,,,,,
,,,4.166666666666667,650,0.5759131908416748,0.7184115523465704,297.5214,,,,
0.4126,5.6430816650390625,0.00045551470588235297,4.326923076923077,675,,,,,,,
,,,4.326923076923077,675,0.6672752499580383,0.7292418772563177,308.5222,,,,
0.361,4.120979309082031,0.0004426470588235294,4.487179487179487,700,,,,,,,
,,,4.487179487179487,700,0.6432811617851257,0.7328519855595668,320.2072,,,,
0.3623,5.623363018035889,0.0004297794117647059,4.647435897435898,725,,,,,,,
,,,4.647435897435898,725,0.7745559811592102,0.7111913357400722,331.3618,,,,
0.3725,4.320282936096191,0.00041691176470588234,4.8076923076923075,750,,,,,,,
,,,4.8076923076923075,750,0.6677809953689575,0.7256317689530686,342.8212,,,,
0.4287,16.732614517211914,0.00040404411764705876,4.967948717948718,775,,,,,,,
,,,4.967948717948718,775,0.763215184211731,0.7184115523465704,354.0574,,,,
0.3643,8.661391258239746,0.0003911764705882353,5.128205128205128,800,,,,,,,
,,,5.128205128205128,800,0.5884326100349426,0.7725631768953068,365.5667,,,,
0.2938,5.6204447746276855,0.00037830882352941176,5.288461538461538,825,,,,,,,
,,,5.288461538461538,825,0.7548946142196655,0.7220216606498195,376.9848,,,,
0.3199,3.330723285675049,0.00036544117647058824,5.448717948717949,850,,,,,,,
,,,5.448717948717949,850,0.603588879108429,0.7472924187725631,388.8003,,,,
0.3482,14.858220100402832,0.0003525735294117647,5.608974358974359,875,,,,,,,
,,,5.608974358974359,875,0.6526135206222534,0.7328519855595668,400.4431,,,,
0.2854,11.188801765441895,0.0003397058823529412,5.769230769230769,900,,,,,,,
,,,5.769230769230769,900,0.718262791633606,0.7292418772563177,411.6215,,,,
0.3449,14.725049018859863,0.00032683823529411766,5.92948717948718,925,,,,,,,
,,,5.92948717948718,925,0.7298325300216675,0.7148014440433214,422.8739,,,,
0.3305,9.88276195526123,0.00031397058823529414,6.089743589743589,950,,,,,,,
,,,6.089743589743589,950,0.8182926774024963,0.7220216606498195,434.1959,,,,
0.3152,5.840508460998535,0.0003011029411764706,6.25,975,,,,,,,
,,,6.25,975,0.7722579836845398,0.703971119133574,445.8079,,,,
0.2921,4.099935054779053,0.00028823529411764703,6.410256410256411,1000,,,,,,,
,,,6.410256410256411,1000,0.7995438575744629,0.7184115523465704,456.9343,,,,
0.2405,11.216812133789062,0.0002753676470588235,6.57051282051282,1025,,,,,,,
,,,6.57051282051282,1025,0.8568649888038635,0.740072202166065,468.5813,,,,
0.2798,6.400832653045654,0.0002625,6.730769230769231,1050,,,,,,,
,,,6.730769230769231,1050,0.7958911061286926,0.7472924187725631,480.086,,,,
0.2768,8.579239845275879,0.00024963235294117646,6.891025641025641,1075,,,,,,,
,,,6.891025641025641,1075,0.766758918762207,0.7472924187725631,492.1357,,,,
0.2291,4.213368892669678,0.00023676470588235296,7.051282051282051,1100,,,,,,,
,,,7.051282051282051,1100,0.8501927256584167,0.7581227436823105,503.3668,,,,
0.2441,8.375571250915527,0.00022389705882352938,7.211538461538462,1125,,,,,,,
,,,7.211538461538462,1125,0.7876271605491638,0.7436823104693141,514.5491,,,,
0.2228,4.124369144439697,0.00021102941176470586,7.371794871794872,1150,,,,,,,
,,,7.371794871794872,1150,0.7870887517929077,0.7509025270758123,526.7914,,,,
0.1854,13.93552017211914,0.00019816176470588236,7.532051282051282,1175,,,,,,,
,,,7.532051282051282,1175,0.9916275143623352,0.7436823104693141,537.9358,,,,
0.1636,11.231999397277832,0.00018529411764705883,7.6923076923076925,1200,,,,,,,
,,,7.6923076923076925,1200,1.0357227325439453,0.7509025270758123,549.1467,,,,
0.2857,23.73841667175293,0.0001724264705882353,7.852564102564102,1225,,,,,,,
,,,7.852564102564102,1225,0.9648768305778503,0.740072202166065,560.7285,,,,
0.1728,3.9760725498199463,0.00015955882352941176,8.012820512820513,1250,,,,,,,
,,,8.012820512820513,1250,0.9352896213531494,0.7545126353790613,572.1119,,,,
0.1881,9.151158332824707,0.00014669117647058823,8.173076923076923,1275,,,,,,,
,,,8.173076923076923,1275,0.9385234713554382,0.7509025270758123,583.637,,,,
0.1973,9.28176498413086,0.0001338235294117647,8.333333333333334,1300,,,,,,,
,,,8.333333333333334,1300,1.046722173690796,0.7472924187725631,594.7375,,,,
0.1686,19.07941246032715,0.00012095588235294117,8.493589743589745,1325,,,,,,,
,,,8.493589743589745,1325,1.0847597122192383,0.7581227436823105,606.5237,,,,
0.1947,6.542089939117432,0.00010808823529411764,8.653846153846153,1350,,,,,,,
,,,8.653846153846153,1350,1.0037062168121338,0.7509025270758123,617.3828,,,,
0.1171,4.227259635925293,9.52205882352941e-05,8.814102564102564,1375,,,,,,,
,,,8.814102564102564,1375,1.103317141532898,0.7509025270758123,628.7163,,,,
0.2011,1.1022170782089233,8.235294117647058e-05,8.974358974358974,1400,,,,,,,
,,,8.974358974358974,1400,1.0615198612213135,0.7509025270758123,639.9323,,,,
0.1909,12.001853942871094,6.948529411764706e-05,9.134615384615385,1425,,,,,,,
,,,9.134615384615385,1425,1.1437265872955322,0.7328519855595668,651.0721,,,,
0.1363,4.187980651855469,5.661764705882353e-05,9.294871794871796,1450,,,,,,,
,,,9.294871794871796,1450,1.128237247467041,0.7364620938628159,662.4566,,,,
0.1409,0.47760841250419617,4.375e-05,9.455128205128204,1475,,,,,,,
,,,9.455128205128204,1475,1.234792947769165,0.7472924187725631,673.5382,,,,
0.1916,25.29541015625,3.0882352941176475e-05,9.615384615384615,1500,,,,,,,
,,,9.615384615384615,1500,1.1869211196899414,0.7509025270758123,685.4172,,,,
0.1421,20.235363006591797,1.801470588235294e-05,9.775641025641026,1525,,,,,,,
,,,9.775641025641026,1525,1.1997324228286743,0.7509025270758123,697.2042,,,,
0.2697,5.388432025909424,5.147058823529411e-06,9.935897435897436,1550,,,,,,,
,,,9.935897435897436,1550,1.1624414920806885,0.7364620938628159,708.5175,,,,
,,,10.0,1560,,,711.4161,35.001,2.193,2114081943215040.0,0.39865559393014666
