loss,grad_norm,learning_rate,epoch,step,eval_loss,eval_accuracy,eval_f1,train_runtime,train_samples_per_second,train_steps_per_second,total_flos,train_loss
0.7008,1.4433116912841797,2.5e-06,0.0,1,,,,,,,,
0.6556,0.894671618938446,6.25e-05,0.11,25,,,,,,,,
,,,0.11,25,0.6327154636383057,0.6838235294117647,0.8122270742358079,6.3263,,,,
0.6624,1.5072495937347412,0.000125,0.22,50,,,,,,,,
,,,0.22,50,0.6203101277351379,0.6838235294117647,0.8122270742358079,12.2,,,,
0.6353,2.3146421909332275,0.0001875,0.33,75,,,,,,,,
,,,0.33,75,0.6116772294044495,0.6838235294117647,0.8122270742358079,18.2265,,,,
0.642,0.9615210294723511,0.00025,0.43,100,,,,,,,,
,,,0.43,100,0.5582889318466187,0.7058823529411765,0.8208955223880596,24.0547,,,,
0.5475,1.8450156450271606,0.0003125,0.54,125,,,,,,,,
,,,0.54,125,0.5182516574859619,0.7524509803921569,0.8285229202037352,30.0203,,,,
0.5575,3.7594850063323975,0.000375,0.65,150,,,,,,,,
,,,0.65,150,0.4133232831954956,0.8137254901960784,0.8729096989966555,35.8915,,,,
0.5484,2.5857152938842773,0.0004375,0.76,175,,,,,,,,
,,,0.76,175,0.4613971710205078,0.8333333333333334,0.8781362007168457,42.0162,,,,
0.4715,4.220911502838135,0.0005,0.87,200,,,,,,,,
,,,0.87,200,0.38023582100868225,0.8308823529411765,0.8808290155440415,47.9947,,,,
0.5233,3.693450927734375,0.0004940476190476191,0.98,225,,,,,,,,
,,,0.98,225,0.5887120366096497,0.6666666666666666,0.6950672645739909,53.9925,,,,
0.5054,2.482015371322632,0.0004880952380952381,1.09,250,,,,,,,,
,,,1.09,250,0.4745868146419525,0.8161764705882353,0.8768472906403941,59.7412,,,,
0.4403,1.8189138174057007,0.00048214285714285715,1.2,275,,,,,,,,
,,,1.2,275,0.36336037516593933,0.8504901960784313,0.8942807625649914,65.7335,,,,
0.4239,3.3964152336120605,0.0004761904761904762,1.3,300,,,,,,,,
,,,1.3,300,0.3458388149738312,0.8602941176470589,0.9015544041450777,71.7022,,,,
0.3812,3.7120566368103027,0.00047023809523809523,1.41,325,,,,,,,,
,,,1.41,325,0.41614630818367004,0.7867647058823529,0.8277227722772278,77.6593,,,,
0.455,3.1130006313323975,0.00046428571428571433,1.52,350,,,,,,,,
,,,1.52,350,0.3410361707210541,0.8431372549019608,0.8873239436619718,83.6185,,,,
0.4103,1.6156346797943115,0.0004583333333333333,1.63,375,,,,,,,,
,,,1.63,375,0.35148853063583374,0.8578431372549019,0.8905660377358491,89.5227,,,,
0.3338,3.166388988494873,0.00045238095238095237,1.74,400,,,,,,,,
,,,1.74,400,0.464110791683197,0.8578431372549019,0.9003436426116839,95.4923,,,,
0.4512,2.861771821975708,0.00044642857142857147,1.85,425,,,,,,,,
,,,1.85,425,0.35354024171829224,0.8431372549019608,0.8907849829351535,101.564,,,,
0.5159,7.702415943145752,0.00044047619047619046,1.96,450,,,,,,,,
,,,1.96,450,0.38798439502716064,0.8578431372549019,0.894927536231884,107.646,,,,
0.3766,3.219820022583008,0.00043452380952380956,2.07,475,,,,,,,,
,,,2.07,475,0.3606262505054474,0.8651960784313726,0.9050086355785838,113.4263,,,,
0.3736,6.17551851272583,0.00042857142857142855,2.17,500,,,,,,,,
,,,2.17,500,0.38844767212867737,0.8431372549019608,0.8764478764478765,119.4357,,,,
0.3127,1.78844153881073,0.00042261904761904765,2.28,525,,,,,,,,
,,,2.28,525,0.3267729580402374,0.8602941176470589,0.8998242530755711,125.7064,,,,
0.3091,1.4010488986968994,0.0004166666666666667,2.39,550,,,,,,,,
,,,2.39,550,0.34034982323646545,0.8578431372549019,0.901023890784983,131.6378,,,,
0.2944,7.080417633056641,0.0004107142857142857,2.5,575,,,,,,,,
,,,2.5,575,0.3548128604888916,0.8431372549019608,0.893687707641196,137.6494,,,,
0.3185,4.547919750213623,0.0004047619047619048,2.61,600,,,,,,,,
,,,2.61,600,0.39064982533454895,0.8431372549019608,0.893687707641196,143.5843,,,,
0.2934,4.733978271484375,0.00039880952380952383,2.72,625,,,,,,,,
,,,2.72,625,0.3851337730884552,0.8602941176470589,0.9048414023372287,149.6665,,,,
0.3581,5.1494975090026855,0.0003928571428571429,2.83,650,,,,,,,,
,,,2.83,650,0.3096006214618683,0.8627450980392157,0.901060070671378,155.6477,,,,
0.2935,4.331759452819824,0.0003869047619047619,2.93,675,,,,,,,,
,,,2.93,675,0.3384515345096588,0.875,0.9090909090909091,161.727,,,,
0.2848,1.425284743309021,0.00038095238095238096,3.04,700,,,,,,,,
,,,3.04,700,0.37624478340148926,0.8480392156862745,0.8908450704225351,167.475,,,,
0.2907,3.8430802822113037,0.000375,3.15,725,,,,,,,,
,,,3.15,725,0.44365885853767395,0.8529411764705882,0.8993288590604027,173.5055,,,,
0.2422,3.632894515991211,0.00036904761904761905,3.26,750,,,,,,,,
,,,3.26,750,0.4073389768600464,0.8602941176470589,0.9025641025641027,179.5424,,,,
0.2408,6.66789436340332,0.0003630952380952381,3.37,775,,,,,,,,
,,,3.37,775,0.35848885774612427,0.8651960784313726,0.9023090586145649,185.4791,,,,
0.237,6.702966690063477,0.00035714285714285714,3.48,800,,,,,,,,
,,,3.48,800,0.37196964025497437,0.8602941176470589,0.9035532994923857,191.4635,,,,
0.2869,2.6762633323669434,0.0003511904761904762,3.59,825,,,,,,,,
,,,3.59,825,0.3098263144493103,0.8676470588235294,0.9055944055944055,197.515,,,,
0.227,4.728847026824951,0.00034523809523809523,3.7,850,,,,,,,,
,,,3.7,850,0.3663535714149475,0.8480392156862745,0.8900709219858156,203.5902,,,,
0.2412,11.696639060974121,0.00033928571428571433,3.8,875,,,,,,,,
,,,3.8,875,0.4057348668575287,0.8602941176470589,0.902229845626072,209.6218,,,,
0.2669,12.556736946105957,0.0003333333333333333,3.91,900,,,,,,,,
,,,3.91,900,0.5011283159255981,0.8406862745098039,0.8929159802306424,215.6033,,,,
0.286,5.247043132781982,0.00032738095238095237,4.02,925,,,,,,,,
,,,4.02,925,0.4946419894695282,0.8431372549019608,0.8933333333333334,221.4487,,,,
0.1659,0.6597447991371155,0.00032142857142857147,4.13,950,,,,,,,,
,,,4.13,950,0.4469473361968994,0.8627450980392157,0.9057239057239057,227.454,,,,
0.1969,5.339836120605469,0.00031547619047619046,4.24,975,,,,,,,,
,,,4.24,975,0.4831230342388153,0.8725490196078431,0.912751677852349,233.332,,,,
0.2281,2.924661636352539,0.00030952380952380956,4.35,1000,,,,,,,,
,,,4.35,1000,0.3594156503677368,0.8774509803921569,0.9146757679180888,239.2197,,,,
0.2119,3.930948495864868,0.00030357142857142855,4.46,1025,,,,,,,,
,,,4.46,1025,0.35174718499183655,0.8651960784313726,0.9016100178890876,245.8979,,,,
0.1791,2.9368183612823486,0.00029761904761904765,4.57,1050,,,,,,,,
,,,4.57,1050,0.3688165247440338,0.8823529411764706,0.9148936170212766,251.8741,,,,
0.1745,0.5643703937530518,0.0002916666666666667,4.67,1075,,,,,,,,
,,,4.67,1075,0.3646497130393982,0.875,0.9074410163339381,257.8728,,,,
0.1517,5.905772686004639,0.0002857142857142857,4.78,1100,,,,,,,,
,,,4.78,1100,0.423218309879303,0.8946078431372549,0.9241622574955909,263.8412,,,,
0.1974,0.9708337783813477,0.0002797619047619048,4.89,1125,,,,,,,,
,,,4.89,1125,0.3536721169948578,0.8823529411764706,0.9142857142857143,269.9017,,,,
0.1911,3.2216782569885254,0.0002738095238095238,5.0,1150,,,,,,,,
,,,5.0,1150,0.3506477177143097,0.8823529411764706,0.9124087591240876,275.8929,,,,
0.1014,0.15352731943130493,0.00026785714285714287,5.11,1175,,,,,,,,
,,,5.11,1175,0.46262824535369873,0.875,0.9084380610412927,281.8784,,,,
0.1167,6.507596015930176,0.0002619047619047619,5.22,1200,,,,,,,,
,,,5.22,1200,0.609157383441925,0.8578431372549019,0.902027027027027,287.9318,,,,
0.1102,3.593027114868164,0.00025595238095238096,5.33,1225,,,,,,,,
,,,5.33,1225,0.4612381160259247,0.875,0.9094138543516875,294.0071,,,,
0.2022,3.683976411819458,0.00025,5.43,1250,,,,,,,,
,,,5.43,1250,0.4223148226737976,0.8774509803921569,0.912280701754386,299.9322,,,,
0.1564,12.807623863220215,0.00024404761904761905,5.54,1275,,,,,,,,
,,,5.54,1275,0.453723669052124,0.8897058823529411,0.9217391304347826,305.9322,,,,
0.1145,6.618280410766602,0.0002380952380952381,5.65,1300,,,,,,,,
,,,5.65,1300,0.46387749910354614,0.8897058823529411,0.9214659685863874,311.8987,,,,
0.1588,0.2602887451648712,0.00023214285714285717,5.76,1325,,,,,,,,
,,,5.76,1325,0.4309069812297821,0.8848039215686274,0.9153153153153154,318.0589,,,,
0.1317,4.482064247131348,0.00022619047619047618,5.87,1350,,,,,,,,
,,,5.87,1350,0.4237174987792969,0.875,0.9090909090909091,324.107,,,,
0.0977,0.8016698360443115,0.00022023809523809523,5.98,1375,,,,,,,,
,,,5.98,1375,0.4215138256549835,0.8774509803921569,0.9119718309859154,330.2564,,,,
0.0659,4.224562644958496,0.00021428571428571427,6.09,1400,,,,,,,,
,,,6.09,1400,0.5551393628120422,0.8872549019607843,0.9212328767123288,336.1073,,,,
0.1473,3.2167255878448486,0.00020833333333333335,6.2,1425,,,,,,,,
,,,6.2,1425,0.5124115347862244,0.8897058823529411,0.9211908931698775,342.3124,,,,
0.1188,0.5002158880233765,0.0002023809523809524,6.3,1450,,,,,,,,
,,,6.3,1450,0.4966481029987335,0.8848039215686274,0.9137614678899082,348.1623,,,,
0.1055,0.2138095200061798,0.00019642857142857144,6.41,1475,,,,,,,,
,,,6.41,1475,0.5599569082260132,0.8848039215686274,0.9182608695652175,354.1784,,,,
0.0862,0.1409490406513214,0.00019047619047619048,6.52,1500,,,,,,,,
,,,6.52,1500,0.5362685918807983,0.8897058823529411,0.9197860962566845,360.1044,,,,
0.1093,3.2846076488494873,0.00018452380952380953,6.63,1525,,,,,,,,
,,,6.63,1525,0.4992900788784027,0.8774509803921569,0.9128919860627178,366.5917,,,,
0.1471,0.4444795250892639,0.00017857142857142857,6.74,1550,,,,,,,,
,,,6.74,1550,0.4382759630680084,0.8897058823529411,0.9192100538599641,372.4959,,,,
0.085,7.478494167327881,0.00017261904761904762,6.85,1575,,,,,,,,
,,,6.85,1575,0.586641252040863,0.8676470588235294,0.9072164948453608,378.5328,,,,
0.1214,0.05358057841658592,0.00016666666666666666,6.96,1600,,,,,,,,
,,,6.96,1600,0.6675219535827637,0.8774509803921569,0.9143835616438356,384.5671,,,,
0.1325,6.050292491912842,0.00016071428571428573,7.07,1625,,,,,,,,
,,,7.07,1625,0.5723961591720581,0.8872549019607843,0.9184397163120569,390.4597,,,,
0.1086,10.970939636230469,0.00015476190476190478,7.17,1650,,,,,,,,
,,,7.17,1650,0.577634334564209,0.8970588235294118,0.926829268292683,396.395,,,,
0.0901,0.03407968208193779,0.00014880952380952382,7.28,1675,,,,,,,,
,,,7.28,1675,0.5313780307769775,0.8995098039215687,0.9284467713787086,402.3986,,,,
0.1138,4.117563724517822,0.00014285714285714284,7.39,1700,,,,,,,,
,,,7.39,1700,0.48466360569000244,0.8970588235294118,0.926829268292683,408.4612,,,,
0.0537,1.4745447635650635,0.0001369047619047619,7.5,1725,,,,,,,,
,,,7.5,1725,0.4721091687679291,0.8921568627450981,0.9214285714285715,414.5904,,,,
0.0856,0.12691208720207214,0.00013095238095238096,7.61,1750,,,,,,,,
,,,7.61,1750,0.5332132577896118,0.8970588235294118,0.9236363636363636,420.5962,,,,
0.0599,3.35373854637146,0.000125,7.72,1775,,,,,,,,
,,,7.72,1775,0.579908549785614,0.8774509803921569,0.9128919860627178,426.6989,,,,
0.0271,0.12858882546424866,0.00011904761904761905,7.83,1800,,,,,,,,
,,,7.83,1800,0.6376209855079651,0.875,0.9090909090909091,432.6435,,,,
0.0621,1.3064876794815063,0.00011309523809523809,7.93,1825,,,,,,,,
,,,7.93,1825,0.6506147980690002,0.8848039215686274,0.91651865008881,438.9117,,,,
0.0851,20.288110733032227,0.00010714285714285714,8.04,1850,,,,,,,,
,,,8.04,1850,0.6501551866531372,0.8799019607843137,0.9144851657940662,444.7955,,,,
0.0139,0.06406408548355103,0.0001011904761904762,8.15,1875,,,,,,,,
,,,8.15,1875,0.6775031685829163,0.8921568627450981,0.9233449477351917,450.8421,,,,
0.0476,0.0037786434404551983,9.523809523809524e-05,8.26,1900,,,,,,,,
,,,8.26,1900,0.6878873109817505,0.8823529411764706,0.9163763066202091,456.8679,,,,
0.0285,0.03765871748328209,8.928571428571429e-05,8.37,1925,,,,,,,,
,,,8.37,1925,0.6974425911903381,0.8848039215686274,0.9173989455184535,462.9712,,,,
0.0458,10.245750427246094,8.333333333333333e-05,8.48,1950,,,,,,,,
,,,8.48,1950,0.7138518691062927,0.8823529411764706,0.915492957746479,469.0635,,,,
0.0186,0.011647090315818787,7.738095238095239e-05,8.59,1975,,,,,,,,
,,,8.59,1975,0.7201275825500488,0.8823529411764706,0.916083916083916,475.0593,,,,
0.0678,0.00515851192176342,7.142857142857142e-05,8.7,2000,,,,,,,,
,,,8.7,2000,0.7291015982627869,0.8848039215686274,0.9185441941074524,481.0536,,,,
0.0343,0.045373450964689255,6.547619047619048e-05,8.8,2025,,,,,,,,
,,,8.8,2025,0.7582162022590637,0.8799019607843137,0.9150779896013865,487.4304,,,,
0.0187,0.1223573312163353,5.9523809523809524e-05,8.91,2050,,,,,,,,
,,,8.91,2050,0.7358112931251526,0.8848039215686274,0.9171075837742505,493.5148,,,,
0.0369,6.341890811920166,5.357142857142857e-05,9.02,2075,,,,,,,,
,,,9.02,2075,0.7792007327079773,0.8848039215686274,0.9188255613126081,499.3929,,,,
0.0093,0.011302770115435123,4.761904761904762e-05,9.13,2100,,,,,,,,
,,,9.13,2100,0.7794618606567383,0.8897058823529411,0.9217391304347826,505.3342,,,,
0.0594,3.2150044441223145,4.1666666666666665e-05,9.24,2125,,,,,,,,
,,,9.24,2125,0.7598972916603088,0.8872549019607843,0.9190140845070423,511.3368,,,,
0.0675,0.006515828892588615,3.571428571428571e-05,9.35,2150,,,,,,,,
,,,9.35,2150,0.7556431889533997,0.8872549019607843,0.9187279151943463,517.28,,,,
0.0443,0.004375568125396967,2.9761904761904762e-05,9.46,2175,,,,,,,,
,,,9.46,2175,0.7615382671356201,0.8872549019607843,0.9195804195804195,523.3538,,,,
0.0133,0.43712571263313293,2.380952380952381e-05,9.57,2200,,,,,,,,
,,,9.57,2200,0.7680946588516235,0.8921568627450981,0.9233449477351917,529.3382,,,,
0.04,0.00863154698163271,1.7857142857142855e-05,9.67,2225,,,,,,,,
,,,9.67,2225,0.7616705894470215,0.8823529411764706,0.9157894736842105,535.3736,,,,
0.0648,0.08293025940656662,1.1904761904761905e-05,9.78,2250,,,,,,,,
,,,9.78,2250,0.7641593217849731,0.8897058823529411,0.9214659685863874,541.3587,,,,
0.0606,0.008927482180297375,5.9523809523809525e-06,9.89,2275,,,,,,,,
,,,9.89,2275,0.7566875219345093,0.8897058823529411,0.9214659685863874,547.427,,,,
0.0282,0.0019312663935124874,0.0,10.0,2300,,,,,,,,
,,,10.0,2300,0.7569053769111633,0.8897058823529411,0.9214659685863874,553.3556,,,,
,,,10.0,2300,,,,553.0179,66.327,4.159,1490749903787424.0,0.21833057312861734
