loss,grad_norm,learning_rate,epoch,step,eval_loss,eval_accuracy,eval_f1,train_runtime,train_samples_per_second,train_steps_per_second,total_flos,train_loss
1.1672,4.064709186553955,1.0000000000000002e-06,0.0625,1,,,,,,,,
1.126,5.107213497161865,1e-05,0.625,10,,,,,,,,
,,,0.625,10,1.0952318906784058,0.4107142857142857,0.1940928270042194,5.9355,,,,
1.0312,4.2190022468566895,2e-05,1.25,20,,,,,,,,
,,,1.25,20,0.9673309922218323,0.4107142857142857,0.1940928270042194,11.6214,,,,
0.8706,3.848334312438965,1.9333333333333333e-05,1.875,30,,,,,,,,
,,,1.875,30,0.8332271575927734,0.6785714285714286,0.47391812865497074,17.1171,,,,
0.7038,4.014047145843506,1.866666666666667e-05,2.5,40,,,,,,,,
,,,2.5,40,0.7610406279563904,0.6785714285714286,0.47391812865497074,22.5307,,,,
0.6018,5.921123027801514,1.8e-05,3.125,50,,,,,,,,
,,,3.125,50,0.770606517791748,0.6964285714285714,0.48646125116713357,28.0914,,,,
0.4926,17.13053321838379,1.7333333333333336e-05,3.75,60,,,,,,,,
,,,3.75,60,0.6966559290885925,0.6785714285714286,0.46732026143790856,33.7121,,,,
0.3599,12.91267204284668,1.6666666666666667e-05,4.375,70,,,,,,,,
,,,4.375,70,0.5880284309387207,0.8035714285714286,0.5608391608391609,39.0672,,,,
0.2054,3.6838221549987793,1.6000000000000003e-05,5.0,80,,,,,,,,
,,,5.0,80,0.4951575696468353,0.8035714285714286,0.5595153243050606,44.5465,,,,
0.1611,6.986917972564697,1.5333333333333334e-05,5.625,90,,,,,,,,
,,,5.625,90,0.5639738440513611,0.8035714285714286,0.5603197674418604,50.4623,,,,
0.1558,1.723942756652832,1.4666666666666666e-05,6.25,100,,,,,,,,
,,,6.25,100,0.6420649290084839,0.8214285714285714,0.572893772893773,55.8943,,,,
0.0927,1.2581809759140015,1.4e-05,6.875,110,,,,,,,,
,,,6.875,110,0.31125205755233765,0.8571428571428571,0.7027687622711064,61.3221,,,,
0.106,3.4498682022094727,1.3333333333333333e-05,7.5,120,,,,,,,,
,,,7.5,120,0.4161543846130371,0.8392857142857143,0.7625079838194592,66.3534,,,,
0.0318,1.3631242513656616,1.2666666666666667e-05,8.125,130,,,,,,,,
,,,8.125,130,0.30957719683647156,0.875,0.8358484605477389,72.1003,,,,
0.0133,0.836165189743042,1.2e-05,8.75,140,,,,,,,,
,,,8.75,140,0.5015581250190735,0.875,0.8770925492236968,78.1614,,,,
0.008,0.1470915973186493,1.1333333333333334e-05,9.375,150,,,,,,,,
,,,9.375,150,0.44446998834609985,0.8571428571428571,0.8219238388729914,83.6841,,,,
0.0042,0.08091316372156143,1.0666666666666667e-05,10.0,160,,,,,,,,
,,,10.0,160,0.4023607671260834,0.8928571428571429,0.8685475444096133,89.168,,,,
0.0028,0.09079769998788834,1e-05,10.625,170,,,,,,,,
,,,10.625,170,0.42892536520957947,0.8928571428571429,0.890869939707149,95.0841,,,,
0.0031,0.05913634970784187,9.333333333333334e-06,11.25,180,,,,,,,,
,,,11.25,180,0.4641112685203552,0.875,0.8770925492236968,100.4949,,,,
0.0022,0.03868788853287697,8.666666666666668e-06,11.875,190,,,,,,,,
,,,11.875,190,0.43185752630233765,0.8928571428571429,0.890869939707149,106.4145,,,,
0.0021,0.03317943960428238,8.000000000000001e-06,12.5,200,,,,,,,,
,,,12.5,200,0.4124367833137512,0.8928571428571429,0.890869939707149,111.7739,,,,
0.0019,0.03179392218589783,7.333333333333333e-06,13.125,210,,,,,,,,
,,,13.125,210,0.42367616295814514,0.8928571428571429,0.890869939707149,117.2288,,,,
0.0017,0.03598235547542572,6.666666666666667e-06,13.75,220,,,,,,,,
,,,13.75,220,0.4423193633556366,0.8928571428571429,0.890869939707149,123.2498,,,,
0.0016,0.03482833132147789,6e-06,14.375,230,,,,,,,,
,,,14.375,230,0.4475964605808258,0.8928571428571429,0.890869939707149,129.0766,,,,
0.0016,0.07088639587163925,5.333333333333334e-06,15.0,240,,,,,,,,
,,,15.0,240,0.44113945960998535,0.8928571428571429,0.890869939707149,134.4463,,,,
0.0015,0.022894063964486122,4.666666666666667e-06,15.625,250,,,,,,,,
,,,15.625,250,0.43301889300346375,0.8928571428571429,0.890869939707149,139.9338,,,,
0.0015,0.032250430434942245,4.000000000000001e-06,16.25,260,,,,,,,,
,,,16.25,260,0.43060949444770813,0.8928571428571429,0.890869939707149,145.7374,,,,
0.0014,0.03766532242298126,3.3333333333333333e-06,16.875,270,,,,,,,,
,,,16.875,270,0.43743160367012024,0.8928571428571429,0.890869939707149,151.376,,,,
0.0014,0.03619813174009323,2.666666666666667e-06,17.5,280,,,,,,,,
,,,17.5,280,0.4501233696937561,0.8928571428571429,0.890869939707149,157.3228,,,,
0.0013,0.025398947298526764,2.0000000000000003e-06,18.125,290,,,,,,,,
,,,18.125,290,0.4590640068054199,0.8928571428571429,0.890869939707149,162.7635,,,,
0.0013,0.0302982646971941,1.3333333333333334e-06,18.75,300,,,,,,,,
,,,18.75,300,0.46581706404685974,0.8928571428571429,0.890869939707149,168.6591,,,,
0.0013,0.031558558344841,6.666666666666667e-07,19.375,310,,,,,,,,
,,,19.375,310,0.46878379583358765,0.8928571428571429,0.890869939707149,173.7987,,,,
0.0014,0.02989850752055645,0.0,20.0,320,,,,,,,,
,,,20.0,320,0.4693911373615265,0.8928571428571429,0.890869939707149,179.5448,,,,
,,,20.0,320,,,,179.0688,27.922,1.787,446840583950880.0,0.18738711113401224
