loss,grad_norm,learning_rate,epoch,step,eval_loss,eval_accuracy,eval_f1,train_runtime,train_samples_per_second,train_steps_per_second,total_flos,train_loss
1.1838,4.3109002113342285,1e-05,0.0625,1,,,,,,,,
1.0913,3.361743688583374,0.0001,0.625,10,,,,,,,,
,,,0.625,10,1.031044363975525,0.4107142857142857,0.1940928270042194,4.7181,,,,
0.9331,3.9222984313964844,0.0002,1.25,20,,,,,,,,
,,,1.25,20,0.9059408903121948,0.5714285714285714,0.38011695906432746,9.1565,,,,
0.8775,2.2881462574005127,0.0003,1.875,30,,,,,,,,
,,,1.875,30,0.8310969471931458,0.6785714285714286,0.47478301665493783,13.4432,,,,
0.7808,2.797645092010498,0.0004,2.5,40,,,,,,,,
,,,2.5,40,0.6886825561523438,0.6964285714285714,0.4872881355932203,17.6928,,,,
0.5815,1.8461368083953857,0.0005,3.125,50,,,,,,,,
,,,3.125,50,0.5814995169639587,0.7142857142857143,0.49806201550387597,22.0381,,,,
0.3608,1.7801028490066528,0.00048148148148148144,3.75,60,,,,,,,,
,,,3.75,60,0.5469450354576111,0.8035714285714286,0.5614657210401891,26.4532,,,,
0.2056,5.844110488891602,0.000462962962962963,4.375,70,,,,,,,,
,,,4.375,70,0.5196890234947205,0.8928571428571429,0.8682051282051283,30.5724,,,,
0.1819,1.2376699447631836,0.0004444444444444444,5.0,80,,,,,,,,
,,,5.0,80,0.6656261086463928,0.8571428571428571,0.7026737967914438,34.8086,,,,
0.3231,5.122165679931641,0.00042592592592592595,5.625,90,,,,,,,,
,,,5.625,90,0.5706737637519836,0.8214285714285714,0.7481489547038328,39.4313,,,,
0.1283,7.504752159118652,0.0004074074074074074,6.25,100,,,,,,,,
,,,6.25,100,0.5316168665885925,0.875,0.8759259259259259,43.5518,,,,
0.0548,0.019288761541247368,0.0003888888888888889,6.875,110,,,,,,,,
,,,6.875,110,0.7457664608955383,0.875,0.7872347778008155,47.7154,,,,
0.1369,9.201854705810547,0.00037037037037037035,7.5,120,,,,,,,,
,,,7.5,120,1.032985806465149,0.8571428571428571,0.8614672364672366,51.5685,,,,
0.0755,0.024491699412465096,0.0003518518518518519,8.125,130,,,,,,,,
,,,8.125,130,0.6136685013771057,0.8928571428571429,0.8782051282051282,56.0047,,,,
0.0519,0.049583226442337036,0.0003333333333333333,8.75,140,,,,,,,,
,,,8.75,140,0.3101803958415985,0.8928571428571429,0.8686335403726709,60.6792,,,,
0.0187,0.10980577021837234,0.0003148148148148148,9.375,150,,,,,,,,
,,,9.375,150,0.5434925556182861,0.9107142857142857,0.9038945268453465,64.9371,,,,
0.0009,0.026307497173547745,0.0002962962962962963,10.0,160,,,,,,,,
,,,10.0,160,0.38791602849960327,0.8928571428571429,0.8969456469456469,69.1956,,,,
0.004,0.12013502418994904,0.0002777777777777778,10.625,170,,,,,,,,
,,,10.625,170,0.439577579498291,0.9107142857142857,0.9104726510386887,73.8217,,,,
0.0013,0.0021030628122389317,0.00025925925925925926,11.25,180,,,,,,,,
,,,11.25,180,0.40256327390670776,0.8928571428571429,0.8917876843408759,78.0161,,,,
0.0004,0.0012542650802060962,0.00024074074074074072,11.875,190,,,,,,,,
,,,11.875,190,0.4310038983821869,0.8928571428571429,0.8685185185185186,82.6665,,,,
0.0002,0.0008986365282908082,0.0002222222222222222,12.5,200,,,,,,,,
,,,12.5,200,0.4692571461200714,0.8928571428571429,0.8685185185185186,86.8311,,,,
0.0001,0.000619156809989363,0.0002037037037037037,13.125,210,,,,,,,,
,,,13.125,210,0.4721531271934509,0.8928571428571429,0.8685185185185186,91.047,,,,
0.0002,0.02159757725894451,0.00018518518518518518,13.75,220,,,,,,,,
,,,13.75,220,0.4776858389377594,0.8928571428571429,0.8685185185185186,95.775,,,,
0.0002,0.007640584837645292,0.00016666666666666666,14.375,230,,,,,,,,
,,,14.375,230,0.4872400462627411,0.8928571428571429,0.8685185185185186,100.3537,,,,
0.0004,0.019682571291923523,0.00014814814814814815,15.0,240,,,,,,,,
,,,15.0,240,0.46494731307029724,0.8928571428571429,0.8685185185185186,104.5425,,,,
0.0012,0.0007557727512903512,0.00012962962962962963,15.625,250,,,,,,,,
,,,15.625,250,0.4599250257015228,0.9107142857142857,0.9048821548821548,108.8901,,,,
0.0001,0.009395668283104897,0.0001111111111111111,16.25,260,,,,,,,,
,,,16.25,260,0.47740936279296875,0.8928571428571429,0.8523500309214596,113.3727,,,,
0.0001,0.028268633410334587,9.259259259259259e-05,16.875,270,,,,,,,,
,,,16.875,270,0.48512738943099976,0.8928571428571429,0.8523500309214596,117.7914,,,,
0.0006,0.0007370936800725758,7.407407407407407e-05,17.5,280,,,,,,,,
,,,17.5,280,0.4944911003112793,0.8928571428571429,0.8523500309214596,122.3886,,,,
0.0001,0.0054542021825909615,5.555555555555555e-05,18.125,290,,,,,,,,
,,,18.125,290,0.5006774663925171,0.8928571428571429,0.8523500309214596,126.6152,,,,
0.0001,0.008558149449527264,3.7037037037037037e-05,18.75,300,,,,,,,,
,,,18.75,300,0.5033037066459656,0.8928571428571429,0.8523500309214596,131.2664,,,,
0.0002,0.027755090966820717,1.8518518518518518e-05,19.375,310,,,,,,,,
,,,19.375,310,0.5008334517478943,0.8928571428571429,0.8523500309214596,135.1928,,,,
0.0007,0.0016055692685768008,0.0,20.0,320,,,,,,,,
,,,20.0,320,0.4866030514240265,0.8928571428571429,0.8523500309214596,139.6769,,,,
,,,20.0,320,,,,139.2045,35.918,2.299,462242539529280.0,0.18192928081225546
