loss,grad_norm,learning_rate,epoch,step,eval_loss,eval_accuracy,eval_f1,train_runtime,train_samples_per_second,train_steps_per_second,total_flos,train_loss
0.693,1.1369251012802124,2.5e-06,0.0,1,,,,,,,,
0.6669,0.7270182967185974,6.25e-05,0.11,25,,,,,,,,
,,,0.11,25,0.6393870711326599,0.6838235294117647,0.8122270742358079,6.8172,,,,
0.662,1.2946789264678955,0.000125,0.22,50,,,,,,,,
,,,0.22,50,0.623623788356781,0.6838235294117647,0.8122270742358079,12.2547,,,,
0.6358,2.1212472915649414,0.0001875,0.33,75,,,,,,,,
,,,0.33,75,0.6168060898780823,0.6838235294117647,0.8122270742358079,17.4483,,,,
0.6338,0.5727912783622742,0.00025,0.43,100,,,,,,,,
,,,0.43,100,0.5941598415374756,0.6838235294117647,0.8122270742358079,22.6483,,,,
0.5588,1.9167104959487915,0.0003125,0.54,125,,,,,,,,
,,,0.54,125,0.6020127534866333,0.7009803921568627,0.817910447761194,27.8522,,,,
0.5877,4.014914512634277,0.000375,0.65,150,,,,,,,,
,,,0.65,150,0.5059508681297302,0.7549019607843137,0.8387096774193548,33.093,,,,
0.5936,1.081599235534668,0.0004375,0.76,175,,,,,,,,
,,,0.76,175,0.5256901383399963,0.7009803921568627,0.8189910979228486,38.4679,,,,
0.5087,1.8764865398406982,0.0005,0.87,200,,,,,,,,
,,,0.87,200,0.5190696120262146,0.7916666666666666,0.8626817447495962,43.7878,,,,
0.475,3.9515228271484375,0.0004940476190476191,0.98,225,,,,,,,,
,,,0.98,225,0.4677208960056305,0.7573529411764706,0.7967145790554415,49.1039,,,,
0.4593,3.2814128398895264,0.0004880952380952381,1.09,250,,,,,,,,
,,,1.09,250,0.4187326729297638,0.8431372549019608,0.8900343642611684,54.2828,,,,
0.4835,1.1788338422775269,0.00048214285714285715,1.2,275,,,,,,,,
,,,1.2,275,0.4018487334251404,0.8088235294117647,0.8737864077669903,59.7105,,,,
0.4408,7.262934684753418,0.0004761904761904762,1.3,300,,,,,,,,
,,,1.3,300,0.36968332529067993,0.8455882352941176,0.8868940754039497,65.0767,,,,
0.4148,4.405882358551025,0.00047023809523809523,1.41,325,,,,,,,,
,,,1.41,325,0.365300714969635,0.8333333333333334,0.8687258687258687,70.4725,,,,
0.441,9.01660442352295,0.00046428571428571433,1.52,350,,,,,,,,
,,,1.52,350,0.3834604024887085,0.8406862745098039,0.8885077186963979,75.8999,,,,
0.418,1.532488465309143,0.0004583333333333333,1.63,375,,,,,,,,
,,,1.63,375,0.34028327465057373,0.8578431372549019,0.8937728937728937,81.3342,,,,
0.2849,6.189257621765137,0.00045238095238095237,1.74,400,,,,,,,,
,,,1.74,400,0.5634812712669373,0.8529411764705882,0.8916967509025271,86.7678,,,,
0.4629,3.1482810974121094,0.00044642857142857147,1.85,425,,,,,,,,
,,,1.85,425,0.3474026024341583,0.8553921568627451,0.8959435626102292,92.3347,,,,
0.3877,2.9783127307891846,0.00044047619047619046,1.96,450,,,,,,,,
,,,1.96,450,0.3947887122631073,0.8455882352941176,0.8856624319419237,98.0008,,,,
0.3197,2.7699406147003174,0.00043452380952380956,2.07,475,,,,,,,,
,,,2.07,475,0.6081592440605164,0.8382352941176471,0.890728476821192,103.3644,,,,
0.3853,1.377200722694397,0.00042857142857142855,2.17,500,,,,,,,,
,,,2.17,500,0.3328113257884979,0.8553921568627451,0.8897196261682244,108.9714,,,,
0.338,2.8244049549102783,0.00042261904761904765,2.28,525,,,,,,,,
,,,2.28,525,0.33562442660331726,0.8480392156862745,0.8864468864468864,115.1415,,,,
0.3097,3.7849628925323486,0.0004166666666666667,2.39,550,,,,,,,,
,,,2.39,550,0.3978865444660187,0.8578431372549019,0.896797153024911,120.7638,,,,
0.3453,2.534510850906372,0.0004107142857142857,2.5,575,,,,,,,,
,,,2.5,575,0.3428563177585602,0.8553921568627451,0.8948306595365418,126.4548,,,,
0.3139,4.657377243041992,0.0004047619047619048,2.61,600,,,,,,,,
,,,2.61,600,0.40717843174934387,0.8455882352941176,0.8904347826086957,132.2206,,,,
0.3072,4.038869857788086,0.00039880952380952383,2.72,625,,,,,,,,
,,,2.72,625,0.4308200776576996,0.8406862745098039,0.8900169204737733,138.0252,,,,
0.3778,6.097755432128906,0.0003928571428571429,2.83,650,,,,,,,,
,,,2.83,650,0.37864020466804504,0.8504901960784313,0.8950086058519794,143.8454,,,,
0.298,4.768719673156738,0.0003869047619047619,2.93,675,,,,,,,,
,,,2.93,675,0.3524191677570343,0.8602941176470589,0.8976660682226212,149.5973,,,,
0.2769,3.2084362506866455,0.00038095238095238096,3.04,700,,,,,,,,
,,,3.04,700,0.41555875539779663,0.8578431372549019,0.8971631205673759,155.1224,,,,
0.3089,5.488104343414307,0.000375,3.15,725,,,,,,,,
,,,3.15,725,0.4520004093647003,0.8529411764705882,0.8969072164948454,160.7797,,,,
0.2956,5.767282009124756,0.00036904761904761905,3.26,750,,,,,,,,
,,,3.26,750,0.42474937438964844,0.8700980392156863,0.9081455805892548,166.5501,,,,
0.2448,4.636688709259033,0.0003630952380952381,3.37,775,,,,,,,,
,,,3.37,775,0.3859870433807373,0.8578431372549019,0.8975265017667844,172.1096,,,,
0.2677,6.709893226623535,0.00035714285714285714,3.48,800,,,,,,,,
,,,3.48,800,0.43787384033203125,0.8553921568627451,0.8970331588132635,177.8136,,,,
0.3094,3.758988857269287,0.0003511904761904762,3.59,825,,,,,,,,
,,,3.59,825,0.3666621148586273,0.8553921568627451,0.8940754039497307,183.4664,,,,
0.2737,5.400184631347656,0.00034523809523809523,3.7,850,,,,,,,,
,,,3.7,850,0.3515220582485199,0.8480392156862745,0.8904593639575972,189.2366,,,,
0.2609,20.684431076049805,0.00033928571428571433,3.8,875,,,,,,,,
,,,3.8,875,0.49548575282096863,0.8553921568627451,0.8984509466437176,194.8857,,,,
0.2964,10.414214134216309,0.0003333333333333333,3.91,900,,,,,,,,
,,,3.91,900,0.45776817202568054,0.8553921568627451,0.9011725293132328,200.6289,,,,
0.3124,7.137784481048584,0.00032738095238095237,4.02,925,,,,,,,,
,,,4.02,925,0.4030030071735382,0.8431372549019608,0.8892733564013842,206.1478,,,,
0.1867,0.6159588098526001,0.00032142857142857147,4.13,950,,,,,,,,
,,,4.13,950,0.4676431119441986,0.8504901960784313,0.893169877408056,211.8404,,,,
0.2474,16.559659957885742,0.00031547619047619046,4.24,975,,,,,,,,
,,,4.24,975,0.5306927561759949,0.8431372549019608,0.8940397350993377,217.4356,,,,
0.2792,3.948533058166504,0.00030952380952380956,4.35,1000,,,,,,,,
,,,4.35,1000,0.39446139335632324,0.8504901960784313,0.8946459412780656,223.0714,,,,
0.261,5.071625232696533,0.00030357142857142855,4.46,1025,,,,,,,,
,,,4.46,1025,0.36478927731513977,0.8602941176470589,0.8961748633879781,229.4825,,,,
0.2007,5.638421058654785,0.00029761904761904765,4.57,1050,,,,,,,,
,,,4.57,1050,0.3977949917316437,0.8676470588235294,0.9045936395759717,235.1906,,,,
0.2342,3.195053815841675,0.0002916666666666667,4.67,1075,,,,,,,,
,,,4.67,1075,0.39660510420799255,0.8627450980392157,0.8985507246376813,240.8861,,,,
0.1847,6.9653639793396,0.0002857142857142857,4.78,1100,,,,,,,,
,,,4.78,1100,0.4844435155391693,0.8651960784313726,0.8994515539305302,246.5398,,,,
0.2111,5.333033084869385,0.0002797619047619048,4.89,1125,,,,,,,,
,,,4.89,1125,0.4442189633846283,0.8774509803921569,0.9094202898550725,252.2747,,,,
0.1956,0.5533181428909302,0.0002738095238095238,5.0,1150,,,,,,,,
,,,5.0,1150,0.41371312737464905,0.8676470588235294,0.9028776978417268,257.9179,,,,
0.1598,0.6251561045646667,0.00026785714285714287,5.11,1175,,,,,,,,
,,,5.11,1175,0.4464920163154602,0.8700980392156863,0.9065255731922399,263.5941,,,,
0.181,16.70905303955078,0.0002619047619047619,5.22,1200,,,,,,,,
,,,5.22,1200,0.592587411403656,0.8651960784313726,0.9036777583187391,269.3267,,,,
0.1773,3.5976381301879883,0.00025595238095238096,5.33,1225,,,,,,,,
,,,5.33,1225,0.4805644154548645,0.8774509803921569,0.9094202898550725,275.0417,,,,
0.2059,0.8997258543968201,0.00025,5.43,1250,,,,,,,,
,,,5.43,1250,0.5390917658805847,0.8799019607843137,0.9113924050632911,280.604,,,,
0.184,6.504641056060791,0.00024404761904761905,5.54,1275,,,,,,,,
,,,5.54,1275,0.510784924030304,0.8774509803921569,0.9090909090909091,286.2872,,,,
0.1865,8.395941734313965,0.0002380952380952381,5.65,1300,,,,,,,,
,,,5.65,1300,0.5222465395927429,0.8627450980392157,0.900709219858156,291.9395,,,,
0.1733,6.286219596862793,0.00023214285714285717,5.76,1325,,,,,,,,
,,,5.76,1325,0.5107325315475464,0.8602941176470589,0.8998242530755711,297.7081,,,,
0.2426,9.961386680603027,0.00022619047619047618,5.87,1350,,,,,,,,
,,,5.87,1350,0.4599568247795105,0.8725490196078431,0.9057971014492753,303.4008,,,,
0.2036,2.886176824569702,0.00022023809523809523,5.98,1375,,,,,,,,
,,,5.98,1375,0.3714390695095062,0.8725490196078431,0.907473309608541,309.2032,,,,
0.0974,9.053130149841309,0.00021428571428571427,6.09,1400,,,,,,,,
,,,6.09,1400,0.7456204295158386,0.8431372549019608,0.8922558922558923,314.772,,,,
0.1829,5.0752387046813965,0.00020833333333333335,6.2,1425,,,,,,,,
,,,6.2,1425,0.645318865776062,0.8700980392156863,0.9071803852889667,320.6117,,,,
0.2053,8.257905006408691,0.0002023809523809524,6.3,1450,,,,,,,,
,,,6.3,1450,0.4857066571712494,0.875,0.9060773480662982,326.1715,,,,
0.1808,3.14894700050354,0.00019642857142857144,6.41,1475,,,,,,,,
,,,6.41,1475,0.5338556170463562,0.8651960784313726,0.9046793760831888,331.8514,,,,
0.1769,2.4460978507995605,0.00019047619047619048,6.52,1500,,,,,,,,
,,,6.52,1500,0.5658183097839355,0.8651960784313726,0.9023090586145649,337.5242,,,,
0.1148,10.08864974975586,0.00018452380952380953,6.63,1525,,,,,,,,
,,,6.63,1525,0.6289798021316528,0.8676470588235294,0.9025270758122744,343.8956,,,,
0.2366,2.703103542327881,0.00017857142857142857,6.74,1550,,,,,,,,
,,,6.74,1550,0.5250333547592163,0.8725490196078431,0.9054545454545455,349.4962,,,,
0.1154,3.30318284034729,0.00017261904761904762,6.85,1575,,,,,,,,
,,,6.85,1575,0.5629361271858215,0.8651960784313726,0.9016100178890876,355.1477,,,,
0.1641,2.7009944915771484,0.00016666666666666666,6.96,1600,,,,,,,,
,,,6.96,1600,0.5499669909477234,0.8676470588235294,0.9035714285714286,360.9518,,,,
0.1302,4.210119724273682,0.00016071428571428573,7.07,1625,,,,,,,,
,,,7.07,1625,0.5514008402824402,0.8725490196078431,0.9061371841155236,366.4833,,,,
0.1323,8.086485862731934,0.00015476190476190478,7.17,1650,,,,,,,,
,,,7.17,1650,0.6510456204414368,0.8774509803921569,0.9107142857142857,372.1549,,,,
0.1551,2.3587982654571533,0.00014880952380952382,7.28,1675,,,,,,,,
,,,7.28,1675,0.683246374130249,0.8627450980392157,0.903448275862069,377.7608,,,,
0.1698,12.607661247253418,0.00014285714285714284,7.39,1700,,,,,,,,
,,,7.39,1700,0.6262028813362122,0.8676470588235294,0.90625,383.5725,,,,
0.1449,0.3752027750015259,0.0001369047619047619,7.5,1725,,,,,,,,
,,,7.5,1725,0.6270673274993896,0.8700980392156863,0.9031078610603291,389.3186,,,,
0.1555,3.401933193206787,0.00013095238095238096,7.61,1750,,,,,,,,
,,,7.61,1750,0.562420666217804,0.8725490196078431,0.9061371841155236,395.0404,,,,
0.142,4.764076232910156,0.000125,7.72,1775,,,,,,,,
,,,7.72,1775,0.5675646662712097,0.8602941176470589,0.9001751313485115,400.7356,,,,
0.1376,2.146411180496216,0.00011904761904761905,7.83,1800,,,,,,,,
,,,7.83,1800,0.5969595313072205,0.8578431372549019,0.8964285714285715,406.4034,,,,
0.1535,2.3839612007141113,0.00011309523809523809,7.93,1825,,,,,,,,
,,,7.93,1825,0.5749035477638245,0.8725490196078431,0.9057971014492753,412.2462,,,,
0.1509,12.468965530395508,0.00010714285714285714,8.04,1850,,,,,,,,
,,,8.04,1850,0.6819090247154236,0.8700980392156863,0.9087779690189328,417.7975,,,,
0.104,4.1939215660095215,0.0001011904761904762,8.15,1875,,,,,,,,
,,,8.15,1875,0.627604603767395,0.8602941176470589,0.8983957219251337,423.4593,,,,
0.0776,0.06502397358417511,9.523809523809524e-05,8.26,1900,,,,,,,,
,,,8.26,1900,0.6989591717720032,0.8627450980392157,0.9003558718861211,429.16,,,,
0.116,0.6025541424751282,8.928571428571429e-05,8.37,1925,,,,,,,,
,,,8.37,1925,0.692028284072876,0.8602941176470589,0.8987566607460036,434.8947,,,,
0.1363,15.165273666381836,8.333333333333333e-05,8.48,1950,,,,,,,,
,,,8.48,1950,0.6902921795845032,0.8602941176470589,0.8994708994708994,440.6296,,,,
0.1286,3.0052521228790283,7.738095238095239e-05,8.59,1975,,,,,,,,
,,,8.59,1975,0.6689689755439758,0.8504901960784313,0.8939130434782607,446.2557,,,,
0.076,7.06651496887207,7.142857142857142e-05,8.7,2000,,,,,,,,
,,,8.7,2000,0.6906982064247131,0.8700980392156863,0.905861456483126,451.9042,,,,
0.1092,2.643663167953491,6.547619047619048e-05,8.8,2025,,,,,,,,
,,,8.8,2025,0.7096156477928162,0.8725490196078431,0.9061371841155236,458.4553,,,,
0.151,1.519574522972107,5.9523809523809524e-05,8.91,2050,,,,,,,,
,,,8.91,2050,0.7263044714927673,0.8676470588235294,0.9059233449477352,464.1441,,,,
0.1151,2.6644599437713623,5.357142857142857e-05,9.02,2075,,,,,,,,
,,,9.02,2075,0.6782435178756714,0.8700980392156863,0.9051878354203935,469.7084,,,,
0.0842,13.858413696289062,4.761904761904762e-05,9.13,2100,,,,,,,,
,,,9.13,2100,0.705931544303894,0.8700980392156863,0.905861456483126,475.3697,,,,
0.1452,9.492623329162598,4.1666666666666665e-05,9.24,2125,,,,,,,,
,,,9.24,2125,0.7216547131538391,0.8725490196078431,0.9071428571428571,481.0693,,,,
0.1035,0.14191827178001404,3.571428571428571e-05,9.35,2150,,,,,,,,
,,,9.35,2150,0.7318957448005676,0.8676470588235294,0.9039145907473309,486.6979,,,,
0.1286,2.4962899684906006,2.9761904761904762e-05,9.46,2175,,,,,,,,
,,,9.46,2175,0.7306197881698608,0.8700980392156863,0.9051878354203935,492.444,,,,
0.0971,0.9232503771781921,2.380952380952381e-05,9.57,2200,,,,,,,,
,,,9.57,2200,0.7411313056945801,0.8676470588235294,0.9042553191489361,498.1206,,,,
0.1354,5.770441055297852,1.7857142857142855e-05,9.67,2225,,,,,,,,
,,,9.67,2225,0.7432106733322144,0.8676470588235294,0.9042553191489361,503.8211,,,,
0.1021,0.1330951601266861,1.1904761904761905e-05,9.78,2250,,,,,,,,
,,,9.78,2250,0.7465779185295105,0.8602941176470589,0.8998242530755711,509.4962,,,,
0.1119,1.058186411857605,5.9523809523809525e-06,9.89,2275,,,,,,,,
,,,9.89,2275,0.7460002303123474,0.8602941176470589,0.8994708994708994,515.2655,,,,
0.0925,0.06132189556956291,0.0,10.0,2300,,,,,,,,
,,,10.0,2300,0.7448078393936157,0.8627450980392157,0.901060070671378,520.8839,,,,
,,,10.0,2300,,,,520.5883,70.459,4.418,1456015189661088.0,0.2568833103646403
