loss,grad_norm,learning_rate,epoch,step,eval_loss,eval_accuracy,eval_f1,train_runtime,train_samples_per_second,train_steps_per_second,total_flos,train_loss
1.1672,4.064709186553955,1.99375e-05,0.0625,1,,,,,,,,
1.0333,4.107442378997803,1.9375e-05,0.625,10,,,,,,,,
,,,0.625,10,0.9682148098945618,0.42857142857142855,0.21956970232832299,6.2582,,,,
0.8873,4.075557708740234,1.8750000000000002e-05,1.25,20,,,,,,,,
,,,1.25,20,0.8247151374816895,0.6785714285714286,0.47391812865497074,12.1863,,,,
0.7519,4.667215347290039,1.8125e-05,1.875,30,,,,,,,,
,,,1.875,30,0.7842565774917603,0.6785714285714286,0.47391812865497074,17.9569,,,,
0.6274,4.92260217666626,1.7500000000000002e-05,2.5,40,,,,,,,,
,,,2.5,40,0.7705478072166443,0.6785714285714286,0.47391812865497074,23.6797,,,,
0.5391,4.593107223510742,1.6875e-05,3.125,50,,,,,,,,
,,,3.125,50,0.6449885368347168,0.7321428571428571,0.511376964578935,29.4654,,,,
0.4176,8.107671737670898,1.6250000000000002e-05,3.75,60,,,,,,,,
,,,3.75,60,0.5429229140281677,0.7857142857142857,0.5479709125029323,35.4373,,,,
0.3097,7.274413108825684,1.5625e-05,4.375,70,,,,,,,,
,,,4.375,70,0.4731522500514984,0.8035714285714286,0.5606801770323783,41.0144,,,,
0.1776,12.777544975280762,1.5000000000000002e-05,5.0,80,,,,,,,,
,,,5.0,80,0.4840840697288513,0.8214285714285714,0.5735930735930737,46.8237,,,,
0.1163,4.6081767082214355,1.4375e-05,5.625,90,,,,,,,,
,,,5.625,90,0.3966362476348877,0.8214285714285714,0.5730706075533661,53.0936,,,,
0.1435,1.169493317604065,1.375e-05,6.25,100,,,,,,,,
,,,6.25,100,0.5333458185195923,0.8035714285714286,0.5647840531561462,58.761,,,,
0.0581,0.3378780484199524,1.3125e-05,6.875,110,,,,,,,,
,,,6.875,110,0.4618377387523651,0.8928571428571429,0.8523500309214596,64.4664,,,,
0.0866,11.691389083862305,1.25e-05,7.5,120,,,,,,,,
,,,7.5,120,0.4771983325481415,0.8571428571428571,0.7757048527408029,69.7774,,,,
0.0239,0.5312904119491577,1.1875e-05,8.125,130,,,,,,,,
,,,8.125,130,0.3810177743434906,0.875,0.8015384615384615,75.7983,,,,
0.0107,0.8163179755210876,1.125e-05,8.75,140,,,,,,,,
,,,8.75,140,0.48136597871780396,0.8928571428571429,0.890869939707149,82.1727,,,,
0.0216,0.4041793644428253,1.0625e-05,9.375,150,,,,,,,,
,,,9.375,150,0.35193726420402527,0.9107142857142857,0.9044113450893111,87.9764,,,,
0.0042,0.05630522221326828,1e-05,10.0,160,,,,,,,,
,,,10.0,160,0.32176318764686584,0.8928571428571429,0.849744503862151,93.7331,,,,
0.0031,0.12838682532310486,9.375000000000001e-06,10.625,170,,,,,,,,
,,,10.625,170,0.3106766641139984,0.9107142857142857,0.8630417201845773,100.0122,,,,
0.003,0.17962272465229034,8.750000000000001e-06,11.25,180,,,,,,,,
,,,11.25,180,0.22640478610992432,0.9107142857142857,0.9104084321475625,105.7233,,,,
0.0023,0.03890298679471016,8.125000000000001e-06,11.875,190,,,,,,,,
,,,11.875,190,0.2429642528295517,0.9285714285714286,0.9467084639498432,111.9552,,,,
0.0022,0.03170843422412872,7.500000000000001e-06,12.5,200,,,,,,,,
,,,12.5,200,0.23881186544895172,0.9285714285714286,0.9472049689440993,117.5567,,,,
0.002,0.029485322535037994,6.875e-06,13.125,210,,,,,,,,
,,,13.125,210,0.23313915729522705,0.9464285714285714,0.960233918128655,123.2092,,,,
0.0017,0.05024801194667816,6.25e-06,13.75,220,,,,,,,,
,,,13.75,220,0.2261439710855484,0.9285714285714286,0.9472049689440993,129.5434,,,,
0.0016,0.036061208695173264,5.625e-06,14.375,230,,,,,,,,
,,,14.375,230,0.220540389418602,0.9285714285714286,0.9472049689440993,135.6814,,,,
0.0017,0.04818100854754448,5e-06,15.0,240,,,,,,,,
,,,15.0,240,0.22374090552330017,0.9285714285714286,0.9472049689440993,141.275,,,,
0.0016,0.027384648099541664,4.3750000000000005e-06,15.625,250,,,,,,,,
,,,15.625,250,0.22211655974388123,0.9285714285714286,0.9472049689440993,147.1432,,,,
0.0015,0.04910697788000107,3.7500000000000005e-06,16.25,260,,,,,,,,
,,,16.25,260,0.2242676317691803,0.9285714285714286,0.9472049689440993,153.1623,,,,
0.0015,0.046939317137002945,3.125e-06,16.875,270,,,,,,,,
,,,16.875,270,0.22810865938663483,0.9285714285714286,0.9472049689440993,159.1143,,,,
0.0015,0.03074635937809944,2.5e-06,17.5,280,,,,,,,,
,,,17.5,280,0.22977420687675476,0.9464285714285714,0.960233918128655,165.2846,,,,
0.0014,0.025020597502589226,1.8750000000000003e-06,18.125,290,,,,,,,,
,,,18.125,290,0.227695494890213,0.9285714285714286,0.9472049689440993,171.0231,,,,
0.0014,0.021979238837957382,1.25e-06,18.75,300,,,,,,,,
,,,18.75,300,0.2274968922138214,0.9285714285714286,0.9472049689440993,177.2447,,,,
0.0014,0.04128877818584442,6.25e-07,19.375,310,,,,,,,,
,,,19.375,310,0.2273310422897339,0.9285714285714286,0.9472049689440993,182.6003,,,,
0.0014,0.027864668518304825,0.0,20.0,320,,,,,,,,
,,,20.0,320,0.2272116094827652,0.9285714285714286,0.9472049689440993,188.6127,,,,
,,,20.0,320,,,,188.0662,26.586,1.702,446840583950880.0,0.16410687952884473
