loss,grad_norm,learning_rate,epoch,step,eval_loss,eval_accuracy,eval_f1,train_runtime,train_samples_per_second,train_steps_per_second,total_flos,train_loss
0.7008,1.4404430389404297,2.5e-06,0.0,1,,,,,,,,
0.6565,0.8133013844490051,6.25e-05,0.11,25,,,,,,,,
,,,0.11,25,0.6356567144393921,0.6838235294117647,0.8122270742358079,5.9359,,,,
0.6606,1.2675353288650513,0.000125,0.22,50,,,,,,,,
,,,0.22,50,0.6251681447029114,0.6838235294117647,0.8122270742358079,11.2805,,,,
0.6393,2.4051806926727295,0.0001875,0.33,75,,,,,,,,
,,,0.33,75,0.6203140616416931,0.6838235294117647,0.8122270742358079,16.7904,,,,
0.6395,0.5969383120536804,0.00025,0.43,100,,,,,,,,
,,,0.43,100,0.612011730670929,0.6838235294117647,0.8122270742358079,22.1499,,,,
0.5883,0.9113178849220276,0.0003125,0.54,125,,,,,,,,
,,,0.54,125,0.5669602751731873,0.696078431372549,0.8171091445427728,27.6553,,,,
0.555,5.7477545738220215,0.000375,0.65,150,,,,,,,,
,,,0.65,150,0.46357300877571106,0.7769607843137255,0.8422876949740035,33.0255,,,,
0.5737,2.2557621002197266,0.0004375,0.76,175,,,,,,,,
,,,0.76,175,0.474537193775177,0.7794117647058824,0.848993288590604,38.6686,,,,
0.4896,0.9249585270881653,0.0005,0.87,200,,,,,,,,
,,,0.87,200,0.5582230091094971,0.7671568627450981,0.8513302034428795,44.1496,,,,
0.5674,0.8211274743080139,0.0004940476190476191,0.98,225,,,,,,,,
,,,0.98,225,0.4304092526435852,0.8112745098039216,0.8607594936708861,49.645,,,,
0.4842,1.0613505840301514,0.0004880952380952381,1.09,250,,,,,,,,
,,,1.09,250,0.46671196818351746,0.8014705882352942,0.8687196110210698,54.8503,,,,
0.4724,0.6798842549324036,0.00048214285714285715,1.2,275,,,,,,,,
,,,1.2,275,0.43413788080215454,0.7965686274509803,0.8667736757624397,60.2614,,,,
0.4438,2.067082643508911,0.0004761904761904762,1.3,300,,,,,,,,
,,,1.3,300,0.3983202278614044,0.8480392156862745,0.8938356164383561,65.6893,,,,
0.389,2.488952398300171,0.00047023809523809523,1.41,325,,,,,,,,
,,,1.41,325,0.4633435308933258,0.7671568627450981,0.8024948024948025,71.0746,,,,
0.4721,2.572615623474121,0.00046428571428571433,1.52,350,,,,,,,,
,,,1.52,350,0.3735305070877075,0.8308823529411765,0.8787346221441125,76.5385,,,,
0.392,2.2658345699310303,0.0004583333333333333,1.63,375,,,,,,,,
,,,1.63,375,0.3480280041694641,0.8480392156862745,0.8904593639575972,81.8528,,,,
0.3341,2.596572160720825,0.00045238095238095237,1.74,400,,,,,,,,
,,,1.74,400,0.37871065735816956,0.8578431372549019,0.896797153024911,87.321,,,,
0.4101,3.0472981929779053,0.00044642857142857147,1.85,425,,,,,,,,
,,,1.85,425,0.3500128388404846,0.8480392156862745,0.8938356164383561,92.7784,,,,
0.3932,1.2181404829025269,0.00044047619047619046,1.96,450,,,,,,,,
,,,1.96,450,0.32421937584877014,0.8553921568627451,0.8955752212389381,98.4046,,,,
0.3429,1.993093490600586,0.00043452380952380956,2.07,475,,,,,,,,
,,,2.07,475,0.4842929542064667,0.8406862745098039,0.8925619834710743,103.6185,,,,
0.3764,1.1810591220855713,0.00042857142857142855,2.17,500,,,,,,,,
,,,2.17,500,0.3309556245803833,0.8578431372549019,0.8921933085501859,109.0957,,,,
0.3764,1.7686744928359985,0.00042261904761904765,2.28,525,,,,,,,,
,,,2.28,525,0.32550880312919617,0.8602941176470589,0.8934579439252337,115.09,,,,
0.2992,1.085395336151123,0.0004166666666666667,2.39,550,,,,,,,,
,,,2.39,550,0.37529119849205017,0.8627450980392157,0.9027777777777778,120.5294,,,,
0.4052,0.9694607853889465,0.0004107142857142857,2.5,575,,,,,,,,
,,,2.5,575,0.31971296668052673,0.8553921568627451,0.9001692047377327,125.9696,,,,
0.3133,1.7116841077804565,0.0004047619047619048,2.61,600,,,,,,,,
,,,2.61,600,0.3204665780067444,0.8578431372549019,0.8978873239436619,131.3956,,,,
0.3249,1.7591516971588135,0.00039880952380952383,2.72,625,,,,,,,,
,,,2.72,625,0.3771734833717346,0.8553921568627451,0.9018302828618967,136.937,,,,
0.3694,3.371495485305786,0.0003928571428571429,2.83,650,,,,,,,,
,,,2.83,650,0.34650421142578125,0.8651960784313726,0.9072512647554806,142.3894,,,,
0.3138,2.389812707901001,0.0003869047619047619,2.93,675,,,,,,,,
,,,2.93,675,0.3339329659938812,0.8602941176470589,0.9001751313485115,147.9464,,,,
0.2921,1.2120009660720825,0.00038095238095238096,3.04,700,,,,,,,,
,,,3.04,700,0.3437618911266327,0.8578431372549019,0.8986013986013986,153.1705,,,,
0.3063,2.336120128631592,0.000375,3.15,725,,,,,,,,
,,,3.15,725,0.41948914527893066,0.8578431372549019,0.903010033444816,158.6821,,,,
0.3052,1.1587650775909424,0.00036904761904761905,3.26,750,,,,,,,,
,,,3.26,750,0.3895796239376068,0.8553921568627451,0.8998302207130731,164.1428,,,,
0.2378,3.167147397994995,0.0003630952380952381,3.37,775,,,,,,,,
,,,3.37,775,0.3335288465023041,0.8848039215686274,0.9173989455184535,169.5598,,,,
0.2988,2.1290204524993896,0.00035714285714285714,3.48,800,,,,,,,,
,,,3.48,800,0.3401729464530945,0.8651960784313726,0.9063032367972743,174.9712,,,,
0.3235,1.4077987670898438,0.0003511904761904762,3.59,825,,,,,,,,
,,,3.59,825,0.29250800609588623,0.8799019607843137,0.9147826086956522,180.487,,,,
0.3003,1.6643143892288208,0.00034523809523809523,3.7,850,,,,,,,,
,,,3.7,850,0.3235395848751068,0.8627450980392157,0.903114186851211,186.0103,,,,
0.2834,7.526942253112793,0.00033928571428571433,3.8,875,,,,,,,,
,,,3.8,875,0.32415008544921875,0.875,0.9097345132743363,191.4667,,,,
0.2829,3.796861410140991,0.0003333333333333333,3.91,900,,,,,,,,
,,,3.91,900,0.3252129554748535,0.8725490196078431,0.9103448275862069,196.9713,,,,
0.3048,2.8049113750457764,0.00032738095238095237,4.02,925,,,,,,,,
,,,4.02,925,0.3294741213321686,0.8651960784313726,0.9056603773584906,202.2769,,,,
0.2144,0.4139896333217621,0.00032142857142857147,4.13,950,,,,,,,,
,,,4.13,950,0.3484938442707062,0.8651960784313726,0.9053356282271946,207.7917,,,,
0.2838,2.412414073944092,0.00031547619047619046,4.24,975,,,,,,,,
,,,4.24,975,0.3436485826969147,0.8529411764705882,0.8989898989898989,213.1323,,,,
0.2851,1.4618703126907349,0.00030952380952380956,4.35,1000,,,,,,,,
,,,4.35,1000,0.34836286306381226,0.8627450980392157,0.904109589041096,218.5776,,,,
0.2973,1.5691360235214233,0.00030357142857142855,4.46,1025,,,,,,,,
,,,4.46,1025,0.29709577560424805,0.8700980392156863,0.9051878354203935,224.69,,,,
0.2283,2.1974241733551025,0.00029761904761904765,4.57,1050,,,,,,,,
,,,4.57,1050,0.3217970132827759,0.8872549019607843,0.9187279151943463,230.2253,,,,
0.2217,0.7851148843765259,0.0002916666666666667,4.67,1075,,,,,,,,
,,,4.67,1075,0.33295395970344543,0.8676470588235294,0.9055944055944055,235.6255,,,,
0.215,1.9934173822402954,0.0002857142857142857,4.78,1100,,,,,,,,
,,,4.78,1100,0.3687121868133545,0.8799019607843137,0.9150779896013865,241.122,,,,
0.2462,1.6046634912490845,0.0002797619047619048,4.89,1125,,,,,,,,
,,,4.89,1125,0.3047342598438263,0.8848039215686274,0.9168141592920355,246.5557,,,,
0.236,0.01826525665819645,0.0002738095238095238,5.0,1150,,,,,,,,
,,,5.0,1150,0.3213880956172943,0.8848039215686274,0.9173989455184535,252.0408,,,,
0.1994,0.33423829078674316,0.00026785714285714287,5.11,1175,,,,,,,,
,,,5.11,1175,0.34306100010871887,0.8848039215686274,0.9188255613126081,257.4048,,,,
0.2216,3.069962978363037,0.0002619047619047619,5.22,1200,,,,,,,,
,,,5.22,1200,0.348827987909317,0.875,0.9125214408233276,262.9122,,,,
0.1908,1.22647225856781,0.00025595238095238096,5.33,1225,,,,,,,,
,,,5.33,1225,0.3297181725502014,0.8823529411764706,0.915492957746479,268.4049,,,,
0.2525,1.2450016736984253,0.00025,5.43,1250,,,,,,,,
,,,5.43,1250,0.3291590213775635,0.8848039215686274,0.9173989455184535,273.8009,,,,
0.1869,3.5167603492736816,0.00024404761904761905,5.54,1275,,,,,,,,
,,,5.54,1275,0.31943750381469727,0.8799019607843137,0.9126559714795008,279.315,,,,
0.2279,1.9684219360351562,0.0002380952380952381,5.65,1300,,,,,,,,
,,,5.65,1300,0.31695541739463806,0.8897058823529411,0.9211908931698775,284.7429,,,,
0.157,0.6358374357223511,0.00023214285714285717,5.76,1325,,,,,,,,
,,,5.76,1325,0.33103707432746887,0.8848039215686274,0.9171075837742505,290.3563,,,,
0.2405,3.676039695739746,0.00022619047619047618,5.87,1350,,,,,,,,
,,,5.87,1350,0.33823835849761963,0.8823529411764706,0.9142857142857143,295.8641,,,,
0.2293,1.0395256280899048,0.00022023809523809523,5.98,1375,,,,,,,,
,,,5.98,1375,0.32256680727005005,0.8921568627450981,0.9225352112676057,301.4842,,,,
0.1364,3.285475015640259,0.00021428571428571427,6.09,1400,,,,,,,,
,,,6.09,1400,0.5360556244850159,0.8602941176470589,0.9038785834738617,306.8235,,,,
0.1812,1.1792900562286377,0.00020833333333333335,6.2,1425,,,,,,,,
,,,6.2,1425,0.4187304675579071,0.8700980392156863,0.9090909090909091,312.481,,,,
0.1741,2.817347764968872,0.0002023809523809524,6.3,1450,,,,,,,,
,,,6.3,1450,0.40919122099876404,0.8799019607843137,0.9087523277467412,317.7983,,,,
0.1876,1.3167020082473755,0.00019642857142857144,6.41,1475,,,,,,,,
,,,6.41,1475,0.40901070833206177,0.8774509803921569,0.9137931034482758,323.2606,,,,
0.2227,0.5918870568275452,0.00019047619047619048,6.52,1500,,,,,,,,
,,,6.52,1500,0.356977641582489,0.8774509803921569,0.911032028469751,328.6665,,,,
0.1425,3.182016134262085,0.00018452380952380953,6.63,1525,,,,,,,,
,,,6.63,1525,0.4010120928287506,0.8823529411764706,0.9133574007220215,334.8136,,,,
0.2313,1.1800175905227661,0.00017857142857142857,6.74,1550,,,,,,,,
,,,6.74,1550,0.37380450963974,0.875,0.9074410163339381,340.2361,,,,
0.1663,2.2546584606170654,0.00017261904761904762,6.85,1575,,,,,,,,
,,,6.85,1575,0.40711361169815063,0.8848039215686274,0.9162210338680927,345.674,,,,
0.1996,0.8023480772972107,0.00016666666666666666,6.96,1600,,,,,,,,
,,,6.96,1600,0.3951101005077362,0.8774509803921569,0.9116607773851589,351.2437,,,,
0.1728,2.4877820014953613,0.00016071428571428573,7.07,1625,,,,,,,,
,,,7.07,1625,0.37866461277008057,0.8872549019607843,0.9175627240143369,356.5476,,,,
0.1936,2.121755361557007,0.00015476190476190478,7.17,1650,,,,,,,,
,,,7.17,1650,0.3815422058105469,0.8897058823529411,0.9203539823008849,362.0239,,,,
0.1623,1.581671953201294,0.00014880952380952382,7.28,1675,,,,,,,,
,,,7.28,1675,0.46894121170043945,0.8627450980392157,0.9057239057239057,367.4264,,,,
0.1565,2.2963972091674805,0.00014285714285714284,7.39,1700,,,,,,,,
,,,7.39,1700,0.4040946662425995,0.8848039215686274,0.9176882661996497,372.9863,,,,
0.1693,0.689774751663208,0.0001369047619047619,7.5,1725,,,,,,,,
,,,7.5,1725,0.42434707283973694,0.8848039215686274,0.9156193895870736,378.4951,,,,
0.1429,0.45990192890167236,0.00013095238095238096,7.61,1750,,,,,,,,
,,,7.61,1750,0.4104584753513336,0.8848039215686274,0.91651865008881,384.0112,,,,
0.1655,4.094257354736328,0.000125,7.72,1775,,,,,,,,
,,,7.72,1775,0.4627067744731903,0.8725490196078431,0.9106529209621993,389.4766,,,,
0.1279,1.045906901359558,0.00011904761904761905,7.83,1800,,,,,,,,
,,,7.83,1800,0.4422197639942169,0.8774509803921569,0.912280701754386,394.9342,,,,
0.1963,0.8447256088256836,0.00011309523809523809,7.93,1825,,,,,,,,
,,,7.93,1825,0.4050678312778473,0.8774509803921569,0.9107142857142857,400.5707,,,,
0.1899,3.0639007091522217,0.00010714285714285714,8.04,1850,,,,,,,,
,,,8.04,1850,0.4440624713897705,0.8799019607843137,0.9150779896013865,405.9198,,,,
0.1454,2.8587653636932373,0.0001011904761904762,8.15,1875,,,,,,,,
,,,8.15,1875,0.40238893032073975,0.8774509803921569,0.911032028469751,411.4362,,,,
0.1123,0.015448205173015594,9.523809523809524e-05,8.26,1900,,,,,,,,
,,,8.26,1900,0.42340874671936035,0.875,0.9103690685413005,416.9081,,,,
0.1205,0.23621976375579834,8.928571428571429e-05,8.37,1925,,,,,,,,
,,,8.37,1925,0.42884373664855957,0.8799019607843137,0.9141856392294221,422.4744,,,,
0.1455,2.4660463333129883,8.333333333333333e-05,8.48,1950,,,,,,,,
,,,8.48,1950,0.42357659339904785,0.8823529411764706,0.915492957746479,427.9877,,,,
0.1013,0.26584380865097046,7.738095238095239e-05,8.59,1975,,,,,,,,
,,,8.59,1975,0.45603105425834656,0.875,0.9125214408233276,433.4348,,,,
0.1392,2.367281198501587,7.142857142857142e-05,8.7,2000,,,,,,,,
,,,8.7,2000,0.43474602699279785,0.8799019607843137,0.913884007029877,438.8661,,,,
0.143,4.117904186248779,6.547619047619048e-05,8.8,2025,,,,,,,,
,,,8.8,2025,0.4433974325656891,0.8774509803921569,0.9113475177304964,444.9946,,,,
0.1625,3.3287110328674316,5.9523809523809524e-05,8.91,2050,,,,,,,,
,,,8.91,2050,0.44524717330932617,0.8848039215686274,0.9173989455184535,450.4634,,,,
0.2067,0.49988335371017456,5.357142857142857e-05,9.02,2075,,,,,,,,
,,,9.02,2075,0.4568043053150177,0.875,0.9113043478260869,455.8594,,,,
0.1213,0.9014989137649536,4.761904761904762e-05,9.13,2100,,,,,,,,
,,,9.13,2100,0.4381089210510254,0.8872549019607843,0.9181494661921709,461.2716,,,,
0.1189,0.31367990374565125,4.1666666666666665e-05,9.24,2125,,,,,,,,
,,,9.24,2125,0.46403953433036804,0.8799019607843137,0.9135802469135803,466.6918,,,,
0.1597,0.6654853224754333,3.571428571428571e-05,9.35,2150,,,,,,,,
,,,9.35,2150,0.485323429107666,0.8799019607843137,0.9141856392294221,472.1822,,,,
0.1379,0.6505670547485352,2.9761904761904762e-05,9.46,2175,,,,,,,,
,,,9.46,2175,0.4666842222213745,0.8823529411764706,0.915492957746479,477.6564,,,,
0.1015,2.886946439743042,2.380952380952381e-05,9.57,2200,,,,,,,,
,,,9.57,2200,0.47594720125198364,0.8799019607843137,0.9147826086956522,483.1441,,,,
0.1701,1.3002959489822388,1.7857142857142855e-05,9.67,2225,,,,,,,,
,,,9.67,2225,0.4473192095756531,0.8823529411764706,0.915492957746479,488.5669,,,,
0.1323,0.6431686878204346,1.1904761904761905e-05,9.78,2250,,,,,,,,
,,,9.78,2250,0.45449134707450867,0.8774509803921569,0.912280701754386,494.1027,,,,
0.1107,2.681426525115967,5.9523809523809525e-06,9.89,2275,,,,,,,,
,,,9.89,2275,0.4483458697795868,0.8823529411764706,0.915492957746479,499.5932,,,,
0.1121,0.13586488366127014,0.0,10.0,2300,,,,,,,,
,,,10.0,2300,0.44651055335998535,0.8823529411764706,0.915492957746479,505.1025,,,,
,,,10.0,2300,,,,504.6358,72.686,4.558,1470901495715232.0,0.2729629353336666
