loss,grad_norm,learning_rate,epoch,step,eval_loss,eval_accuracy,eval_f1,train_runtime,train_samples_per_second,train_steps_per_second,total_flos,train_loss
0.7008,1.4425559043884277,2.5e-06,0.0,1,,,,,,,,
0.6565,0.822993814945221,6.25e-05,0.11,25,,,,,,,,
,,,0.11,25,0.6354808211326599,0.6838235294117647,0.8122270742358079,5.8874,,,,
0.6607,1.273972988128662,0.000125,0.22,50,,,,,,,,
,,,0.22,50,0.6251887083053589,0.6838235294117647,0.8122270742358079,11.2733,,,,
0.6399,2.5994527339935303,0.0001875,0.33,75,,,,,,,,
,,,0.33,75,0.6211707592010498,0.6838235294117647,0.8122270742358079,16.8511,,,,
0.641,0.5756897330284119,0.00025,0.43,100,,,,,,,,
,,,0.43,100,0.6125887036323547,0.6838235294117647,0.8122270742358079,22.2526,,,,
0.5902,1.1520582437515259,0.0003125,0.54,125,,,,,,,,
,,,0.54,125,0.5669169425964355,0.6936274509803921,0.8159057437407953,27.7377,,,,
0.553,9.109820365905762,0.000375,0.65,150,,,,,,,,
,,,0.65,150,0.49876490235328674,0.7647058823529411,0.8315789473684212,33.1314,,,,
0.5755,2.618154525756836,0.0004375,0.76,175,,,,,,,,
,,,0.76,175,0.47159016132354736,0.7769607843137255,0.8475711892797321,38.7327,,,,
0.4918,3.682394504547119,0.0005,0.87,200,,,,,,,,
,,,0.87,200,0.5408129692077637,0.7745098039215687,0.8544303797468353,44.2624,,,,
0.5991,3.243069887161255,0.0004940476190476191,0.98,225,,,,,,,,
,,,0.98,225,0.40120261907577515,0.8235294117647058,0.8762886597938144,49.7298,,,,
0.4587,2.255373239517212,0.0004880952380952381,1.09,250,,,,,,,,
,,,1.09,250,0.4183107614517212,0.8063725490196079,0.8685524126455907,55.0805,,,,
0.4689,2.1172192096710205,0.00048214285714285715,1.2,275,,,,,,,,
,,,1.2,275,0.4028850495815277,0.8063725490196079,0.868988391376451,60.5301,,,,
0.4524,4.380436420440674,0.0004761904761904762,1.3,300,,,,,,,,
,,,1.3,300,0.372893750667572,0.8455882352941176,0.8892794376098417,66.0901,,,,
0.3712,6.902157783508301,0.00047023809523809523,1.41,325,,,,,,,,
,,,1.41,325,0.3588730990886688,0.8431372549019608,0.876923076923077,71.5244,,,,
0.4655,15.137480735778809,0.00046428571428571433,1.52,350,,,,,,,,
,,,1.52,350,0.39752647280693054,0.8382352941176471,0.8862068965517241,77.0568,,,,
0.4289,3.0561556816101074,0.0004583333333333333,1.63,375,,,,,,,,
,,,1.63,375,0.34702324867248535,0.8529411764705882,0.8924731182795699,82.4445,,,,
0.3723,14.828075408935547,0.00045238095238095237,1.74,400,,,,,,,,
,,,1.74,400,0.4075138568878174,0.8504901960784313,0.8859813084112149,87.9456,,,,
0.4339,7.085611343383789,0.00044642857142857147,1.85,425,,,,,,,,
,,,1.85,425,0.36753416061401367,0.8333333333333334,0.8839590443686006,93.4601,,,,
0.3992,4.792572975158691,0.00044047619047619046,1.96,450,,,,,,,,
,,,1.96,450,0.3386606276035309,0.8578431372549019,0.8953068592057761,99.0364,,,,
0.3392,6.2701520919799805,0.00043452380952380956,2.07,475,,,,,,,,
,,,2.07,475,0.440629243850708,0.8333333333333334,0.8870431893687708,104.3636,,,,
0.3922,2.3812003135681152,0.00042857142857142855,2.17,500,,,,,,,,
,,,2.17,500,0.3461853861808777,0.8382352941176471,0.8730769230769231,109.83,,,,
0.3615,5.05673885345459,0.00042261904761904765,2.28,525,,,,,,,,
,,,2.28,525,0.32542046904563904,0.8651960784313726,0.8983364140480593,115.9648,,,,
0.3624,4.657280445098877,0.0004166666666666667,2.39,550,,,,,,,,
,,,2.39,550,0.3206455111503601,0.8700980392156863,0.9038112522686026,121.387,,,,
0.3799,6.646693706512451,0.0004107142857142857,2.5,575,,,,,,,,
,,,2.5,575,0.34235116839408875,0.8455882352941176,0.893760539629005,126.9121,,,,
0.325,4.326318740844727,0.0004047619047619048,2.61,600,,,,,,,,
,,,2.61,600,0.335948646068573,0.8651960784313726,0.9043478260869565,132.3561,,,,
0.3011,12.542094230651855,0.00039880952380952383,2.72,625,,,,,,,,
,,,2.72,625,0.4699678122997284,0.8431372549019608,0.893687707641196,137.9459,,,,
0.4132,10.592041015625,0.0003928571428571429,2.83,650,,,,,,,,
,,,2.83,650,0.35047194361686707,0.8431372549019608,0.8904109589041096,143.4355,,,,
0.3051,9.136602401733398,0.0003869047619047619,2.93,675,,,,,,,,
,,,2.93,675,0.3485228717327118,0.8627450980392157,0.900709219858156,148.9841,,,,
0.2983,4.48057222366333,0.00038095238095238096,3.04,700,,,,,,,,
,,,3.04,700,0.35122808814048767,0.8627450980392157,0.9,154.226,,,,
0.3227,4.429111480712891,0.000375,3.15,725,,,,,,,,
,,,3.15,725,0.35928958654403687,0.8676470588235294,0.9072164948453608,159.7327,,,,
0.3173,3.4945404529571533,0.00036904761904761905,3.26,750,,,,,,,,
,,,3.26,750,0.3823252022266388,0.8676470588235294,0.909090909090909,165.2497,,,,
0.2757,11.054767608642578,0.0003630952380952381,3.37,775,,,,,,,,
,,,3.37,775,0.3253777027130127,0.8725490196078431,0.907473309608541,170.6329,,,,
0.3393,3.937892436981201,0.00035714285714285714,3.48,800,,,,,,,,
,,,3.48,800,0.2963448166847229,0.8627450980392157,0.9,176.1458,,,,
0.3488,6.020102024078369,0.0003511904761904762,3.59,825,,,,,,,,
,,,3.59,825,0.30903372168540955,0.8700980392156863,0.9045045045045046,181.6392,,,,
0.3097,6.045975208282471,0.00034523809523809523,3.7,850,,,,,,,,
,,,3.7,850,0.3184607923030853,0.8651960784313726,0.9012567324955117,187.264,,,,
0.2952,22.025056838989258,0.00033928571428571433,3.8,875,,,,,,,,
,,,3.8,875,0.35589516162872314,0.8627450980392157,0.900709219858156,192.7642,,,,
0.3434,9.604400634765625,0.0003333333333333333,3.91,900,,,,,,,,
,,,3.91,900,0.3478638231754303,0.8480392156862745,0.8956228956228957,198.3909,,,,
0.3379,6.686464786529541,0.00032738095238095237,4.02,925,,,,,,,,
,,,4.02,925,0.33596834540367126,0.8578431372549019,0.8989547038327526,203.7348,,,,
0.2606,5.821866989135742,0.00032142857142857147,4.13,950,,,,,,,,
,,,4.13,950,0.3417065441608429,0.8627450980392157,0.9027777777777778,209.3241,,,,
0.289,4.862627983093262,0.00031547619047619046,4.24,975,,,,,,,,
,,,4.24,975,0.3512272834777832,0.8725490196078431,0.9106529209621993,214.7833,,,,
0.305,4.2628936767578125,0.00030952380952380956,4.35,1000,,,,,,,,
,,,4.35,1000,0.334992378950119,0.8651960784313726,0.9040139616055847,220.2484,,,,
0.2972,7.354367733001709,0.00030357142857142855,4.46,1025,,,,,,,,
,,,4.46,1025,0.29828035831451416,0.875,0.9071038251366121,226.3794,,,,
0.2832,7.443873882293701,0.00029761904761904765,4.57,1050,,,,,,,,
,,,4.57,1050,0.3306781053543091,0.875,0.9081081081081082,231.8902,,,,
0.2659,10.412149429321289,0.0002916666666666667,4.67,1075,,,,,,,,
,,,4.67,1075,0.36880365014076233,0.8578431372549019,0.8999999999999999,237.3566,,,,
0.2333,8.387833595275879,0.0002857142857142857,4.78,1100,,,,,,,,
,,,4.78,1100,0.3340872824192047,0.8774509803921569,0.911032028469751,242.8416,,,,
0.257,5.2640461921691895,0.0002797619047619048,4.89,1125,,,,,,,,
,,,4.89,1125,0.3127748668193817,0.8651960784313726,0.9005424954792043,248.4033,,,,
0.2845,0.11717827618122101,0.0002738095238095238,5.0,1150,,,,,,,,
,,,5.0,1150,0.3136691451072693,0.8676470588235294,0.9035714285714286,253.875,,,,
0.2207,2.1800825595855713,0.00026785714285714287,5.11,1175,,,,,,,,
,,,5.11,1175,0.33537817001342773,0.8823529411764706,0.9157894736842105,259.4029,,,,
0.2387,12.77398681640625,0.0002619047619047619,5.22,1200,,,,,,,,
,,,5.22,1200,0.3634542226791382,0.875,0.911917098445596,264.9281,,,,
0.2462,8.054666519165039,0.00025595238095238096,5.33,1225,,,,,,,,
,,,5.33,1225,0.32964667677879333,0.8700980392156863,0.905861456483126,270.4766,,,,
0.2779,7.741288185119629,0.00025,5.43,1250,,,,,,,,
,,,5.43,1250,0.3668038249015808,0.875,0.9084380610412927,275.8934,,,,
0.2115,10.25182819366455,0.00024404761904761905,5.54,1275,,,,,,,,
,,,5.54,1275,0.3488785922527313,0.875,0.9074410163339381,281.3811,,,,
0.2374,5.123586177825928,0.0002380952380952381,5.65,1300,,,,,,,,
,,,5.65,1300,0.36023959517478943,0.8823529411764706,0.9136690647482014,286.8698,,,,
0.2105,3.4800989627838135,0.00023214285714285717,5.76,1325,,,,,,,,
,,,5.76,1325,0.3542593717575073,0.8774509803921569,0.9100719424460433,292.4875,,,,
0.2786,4.944436073303223,0.00022619047619047618,5.87,1350,,,,,,,,
,,,5.87,1350,0.32840460538864136,0.875,0.9097345132743363,298.0443,,,,
0.2581,3.56099796295166,0.00022023809523809523,5.98,1375,,,,,,,,
,,,5.98,1375,0.31204310059547424,0.8799019607843137,0.9113924050632911,303.642,,,,
0.1696,11.533945083618164,0.00021428571428571427,6.09,1400,,,,,,,,
,,,6.09,1400,0.4434235990047455,0.8406862745098039,0.8911222780569515,309.1026,,,,
0.2382,2.9224934577941895,0.00020833333333333335,6.2,1425,,,,,,,,
,,,6.2,1425,0.35883384943008423,0.8676470588235294,0.9055944055944055,314.7544,,,,
0.2161,17.864736557006836,0.0002023809523809524,6.3,1450,,,,,,,,
,,,6.3,1450,0.4139750003814697,0.8676470588235294,0.8996282527881041,320.2085,,,,
0.2469,9.04355239868164,0.00019642857142857144,6.41,1475,,,,,,,,
,,,6.41,1475,0.3984285295009613,0.8676470588235294,0.90625,325.6889,,,,
0.2646,2.2093539237976074,0.00019047619047619048,6.52,1500,,,,,,,,
,,,6.52,1500,0.354356586933136,0.8848039215686274,0.9150090415913201,331.2083,,,,
0.1745,16.656442642211914,0.00018452380952380953,6.63,1525,,,,,,,,
,,,6.63,1525,0.43768543004989624,0.8725490196078431,0.9081272084805654,337.537,,,,
0.249,1.6226986646652222,0.00017857142857142857,6.74,1550,,,,,,,,
,,,6.74,1550,0.4106205105781555,0.8725490196078431,0.9057971014492753,343.0182,,,,
0.2267,8.27208423614502,0.00017261904761904762,6.85,1575,,,,,,,,
,,,6.85,1575,0.4088011682033539,0.8725490196078431,0.9084507042253521,348.4997,,,,
0.2218,4.113250732421875,0.00016666666666666666,6.96,1600,,,,,,,,
,,,6.96,1600,0.38388195633888245,0.8725490196078431,0.9061371841155236,354.1036,,,,
0.2073,12.052461624145508,0.00016071428571428573,7.07,1625,,,,,,,,
,,,7.07,1625,0.4220920503139496,0.8700980392156863,0.9023941068139963,359.4584,,,,
0.2679,3.599583148956299,0.00015476190476190478,7.17,1650,,,,,,,,
,,,7.17,1650,0.36906883120536804,0.8774509803921569,0.9080882352941176,364.9786,,,,
0.196,5.380417346954346,0.00014880952380952382,7.28,1675,,,,,,,,
,,,7.28,1675,0.40934330224990845,0.8553921568627451,0.9005059021922428,370.4161,,,,
0.2021,5.448270320892334,0.00014285714285714284,7.39,1700,,,,,,,,
,,,7.39,1700,0.35970890522003174,0.8700980392156863,0.9071803852889667,375.9923,,,,
0.186,5.249763011932373,0.0001369047619047619,7.5,1725,,,,,,,,
,,,7.5,1725,0.43173086643218994,0.8799019607843137,0.9097605893186004,381.6036,,,,
0.1912,2.1275370121002197,0.00013095238095238096,7.61,1750,,,,,,,,
,,,7.61,1750,0.35707175731658936,0.8823529411764706,0.9145907473309609,387.1236,,,,
0.2127,8.363452911376953,0.000125,7.72,1775,,,,,,,,
,,,7.72,1775,0.3723437488079071,0.875,0.9106830122591945,392.7143,,,,
0.1909,3.979761838912964,0.00011904761904761905,7.83,1800,,,,,,,,
,,,7.83,1800,0.39611029624938965,0.875,0.9074410163339381,398.1502,,,,
0.253,3.6098289489746094,0.00011309523809523809,7.93,1825,,,,,,,,
,,,7.93,1825,0.35143807530403137,0.875,0.906764168190128,403.8738,,,,
0.2355,5.73216438293457,0.00010714285714285714,8.04,1850,,,,,,,,
,,,8.04,1850,0.353789746761322,0.875,0.9103690685413005,409.2582,,,,
0.1749,8.544197082519531,0.0001011904761904762,8.15,1875,,,,,,,,
,,,8.15,1875,0.39382505416870117,0.8799019607843137,0.9117117117117116,414.8075,,,,
0.1621,0.1370822638273239,9.523809523809524e-05,8.26,1900,,,,,,,,
,,,8.26,1900,0.41221195459365845,0.875,0.9084380610412927,420.3158,,,,
0.2202,9.33217716217041,8.928571428571429e-05,8.37,1925,,,,,,,,
,,,8.37,1925,0.38431113958358765,0.8774509803921569,0.9116607773851589,425.9306,,,,
0.1568,9.892047882080078,8.333333333333333e-05,8.48,1950,,,,,,,,
,,,8.48,1950,0.4005013704299927,0.8774509803921569,0.9107142857142857,431.5038,,,,
0.1719,3.8365249633789062,7.738095238095239e-05,8.59,1975,,,,,,,,
,,,8.59,1975,0.39067181944847107,0.8725490196078431,0.9081272084805654,437.0467,,,,
0.1893,6.113948822021484,7.142857142857142e-05,8.7,2000,,,,,,,,
,,,8.7,2000,0.4153212010860443,0.8676470588235294,0.90625,442.5196,,,,
0.1803,12.872519493103027,6.547619047619048e-05,8.8,2025,,,,,,,,
,,,8.8,2025,0.4227451980113983,0.8799019607843137,0.9117117117117116,448.6336,,,,
0.2246,9.568281173706055,5.9523809523809524e-05,8.91,2050,,,,,,,,
,,,8.91,2050,0.40508925914764404,0.8799019607843137,0.9129662522202486,454.1769,,,,
0.2238,1.6115593910217285,5.357142857142857e-05,9.02,2075,,,,,,,,
,,,9.02,2075,0.39421766996383667,0.8700980392156863,0.9068541300527241,459.5426,,,,
0.109,2.1422715187072754,4.761904761904762e-05,9.13,2100,,,,,,,,
,,,9.13,2100,0.4268982708454132,0.8823529411764706,0.9130434782608696,465.0473,,,,
0.1999,2.0233206748962402,4.1666666666666665e-05,9.24,2125,,,,,,,,
,,,9.24,2125,0.4159700870513916,0.8823529411764706,0.9142857142857143,470.4921,,,,
0.1981,6.185861110687256,3.571428571428571e-05,9.35,2150,,,,,,,,
,,,9.35,2150,0.41393303871154785,0.8799019607843137,0.9129662522202486,476.0426,,,,
0.1636,2.36083722114563,2.9761904761904762e-05,9.46,2175,,,,,,,,
,,,9.46,2175,0.4097081422805786,0.8823529411764706,0.9145907473309609,481.5511,,,,
0.148,6.296242713928223,2.380952380952381e-05,9.57,2200,,,,,,,,
,,,9.57,2200,0.4141644239425659,0.8823529411764706,0.9151943462897526,487.0934,,,,
0.1875,11.724552154541016,1.7857142857142855e-05,9.67,2225,,,,,,,,
,,,9.67,2225,0.4075356423854828,0.8799019607843137,0.9126559714795008,492.5529,,,,
0.1924,0.9562082290649414,1.1904761904761905e-05,9.78,2250,,,,,,,,
,,,9.78,2250,0.4053041934967041,0.8774509803921569,0.9107142857142857,498.0633,,,,
0.1875,7.248967170715332,5.9523809523809525e-06,9.89,2275,,,,,,,,
,,,9.89,2275,0.40575554966926575,0.8799019607843137,0.9123434704830053,503.6208,,,,
0.1632,0.29146361351013184,0.0,10.0,2300,,,,,,,,
,,,10.0,2300,0.4068140983581543,0.875,0.9084380610412927,509.0629,,,,
,,,10.0,2300,,,,508.7057,72.105,4.521,1452293613147552.0,0.3009406985925592
