loss,grad_norm,learning_rate,epoch,step,eval_loss,eval_accuracy,train_runtime,train_samples_per_second,train_steps_per_second,total_flos,train_loss
0.6835,0.7642425894737244,3.5e-06,0.00641025641025641,1,,,,,,,
0.7023,0.9337018728256226,0.000175,0.32051282051282054,50,,,,,,,
,,,0.32051282051282054,50,0.6914860010147095,0.5270758122743683,19.6806,,,,
0.6976,1.9914088249206543,0.00035,0.6410256410256411,100,,,,,,,
,,,0.6410256410256411,100,0.6918743848800659,0.5090252707581228,40.4954,,,,
0.6981,1.45542311668396,0.000525,0.9615384615384616,150,,,,,,,
,,,0.9615384615384616,150,0.7023668885231018,0.4729241877256318,61.1226,,,,
0.6993,3.103081703186035,0.0007,1.282051282051282,200,,,,,,,
,,,1.282051282051282,200,0.6845407485961914,0.5306859205776173,81.6772,,,,
0.705,0.8783735036849976,0.0006742647058823529,1.6025641025641026,250,,,,,,,
,,,1.6025641025641026,250,0.6773416996002197,0.5451263537906137,101.8576,,,,
0.6938,1.5317412614822388,0.0006485294117647059,1.9230769230769231,300,,,,,,,
,,,1.9230769230769231,300,0.6564760804176331,0.6425992779783394,122.0733,,,,
0.6189,1.5839236974716187,0.0006227941176470587,2.2435897435897436,350,,,,,,,
,,,2.2435897435897436,350,0.5916976928710938,0.7111913357400722,141.8377,,,,
0.5598,5.282646179199219,0.0005970588235294117,2.564102564102564,400,,,,,,,
,,,2.564102564102564,400,0.5826261639595032,0.6750902527075813,162.1734,,,,
0.5681,2.463097333908081,0.0005713235294117647,2.8846153846153846,450,,,,,,,
,,,2.8846153846153846,450,0.5661194324493408,0.7111913357400722,182.6776,,,,
0.5204,4.506289482116699,0.0005455882352941177,3.2051282051282053,500,,,,,,,
,,,3.2051282051282053,500,0.5643784999847412,0.7509025270758123,202.9968,,,,
0.4693,1.56133234500885,0.0005198529411764706,3.5256410256410255,550,,,,,,,
,,,3.5256410256410255,550,0.5401393175125122,0.7617328519855595,223.1365,,,,
0.4535,4.657461166381836,0.0004941176470588236,3.8461538461538463,600,,,,,,,
,,,3.8461538461538463,600,0.5768013000488281,0.7472924187725631,243.4363,,,,
0.3661,2.847615957260132,0.00046838235294117644,4.166666666666667,650,,,,,,,
,,,4.166666666666667,650,0.5803967714309692,0.7545126353790613,264.1571,,,,
0.308,2.9725844860076904,0.0004426470588235294,4.487179487179487,700,,,,,,,
,,,4.487179487179487,700,0.8115460872650146,0.7509025270758123,284.3938,,,,
0.3415,8.460392951965332,0.00041691176470588234,4.8076923076923075,750,,,,,,,
,,,4.8076923076923075,750,0.8239891529083252,0.7184115523465704,304.5609,,,,
0.273,1.4612866640090942,0.0003911764705882353,5.128205128205128,800,,,,,,,
,,,5.128205128205128,800,0.7589783072471619,0.7725631768953068,324.8315,,,,
0.2382,5.081198215484619,0.00036544117647058824,5.448717948717949,850,,,,,,,
,,,5.448717948717949,850,0.7290015816688538,0.7870036101083032,345.7433,,,,
0.2323,12.895176887512207,0.0003397058823529412,5.769230769230769,900,,,,,,,
,,,5.769230769230769,900,0.6315770149230957,0.7942238267148014,366.0602,,,,
0.2221,1.0082364082336426,0.00031397058823529414,6.089743589743589,950,,,,,,,
,,,6.089743589743589,950,0.6692010164260864,0.776173285198556,386.1622,,,,
0.1413,2.8604938983917236,0.00028823529411764703,6.410256410256411,1000,,,,,,,
,,,6.410256410256411,1000,1.087317943572998,0.7581227436823105,406.4023,,,,
0.1457,4.768587589263916,0.0002625,6.730769230769231,1050,,,,,,,
,,,6.730769230769231,1050,0.9864531755447388,0.7509025270758123,427.101,,,,
0.12,4.996683120727539,0.00023676470588235296,7.051282051282051,1100,,,,,,,
,,,7.051282051282051,1100,1.047865867614746,0.7689530685920578,447.9405,,,,
0.09,0.016996916383504868,0.00021102941176470586,7.371794871794872,1150,,,,,,,
,,,7.371794871794872,1150,1.4866456985473633,0.7509025270758123,468.8451,,,,
0.1212,4.779972553253174,0.00018529411764705883,7.6923076923076925,1200,,,,,,,
,,,7.6923076923076925,1200,1.3000479936599731,0.7436823104693141,488.7497,,,,
0.154,3.8195619583129883,0.00015955882352941176,8.012820512820513,1250,,,,,,,
,,,8.012820512820513,1250,0.986473560333252,0.7725631768953068,509.244,,,,
0.0798,8.529609680175781,0.0001338235294117647,8.333333333333334,1300,,,,,,,
,,,8.333333333333334,1300,1.1713526248931885,0.7833935018050542,529.5194,,,,
0.092,20.22472381591797,0.00010808823529411764,8.653846153846153,1350,,,,,,,
,,,8.653846153846153,1350,1.3591431379318237,0.7545126353790613,549.644,,,,
0.0585,3.694988250732422,8.235294117647058e-05,8.974358974358974,1400,,,,,,,
,,,8.974358974358974,1400,1.3962018489837646,0.7653429602888087,569.6865,,,,
0.0272,4.896649360656738,5.661764705882353e-05,9.294871794871796,1450,,,,,,,
,,,9.294871794871796,1450,1.4853694438934326,0.7472924187725631,589.7862,,,,
0.0658,0.05933547019958496,3.0882352941176475e-05,9.615384615384615,1500,,,,,,,
,,,9.615384615384615,1500,1.4846247434616089,0.7472924187725631,610.254,,,,
0.0657,9.505977630615234,5.147058823529411e-06,9.935897435897436,1550,,,,,,,
,,,9.935897435897436,1550,1.416865348815918,0.7617328519855595,630.8691,,,,
,,,10.0,1560,,,633.8179,39.286,2.461,2132093929544640.0,0.3376188240563258
