loss,grad_norm,learning_rate,epoch,step,eval_loss,eval_accuracy,eval_f1,train_runtime,train_samples_per_second,train_steps_per_second,total_flos,train_loss
0.6963,1.6680079698562622,5.000000000000001e-07,0.004347826086956522,1,,,,,,,,
0.6648,1.2305808067321777,1.25e-05,0.10869565217391304,25,,,,,,,,
,,,0.10869565217391304,25,0.6379197835922241,0.6838235294117647,0.8122270742358079,8.259,,,,
0.6583,2.808377504348755,2.5e-05,0.21739130434782608,50,,,,,,,,
,,,0.21739130434782608,50,0.5913840532302856,0.6838235294117647,0.8122270742358079,16.0204,,,,
0.5674,8.922143936157227,3.7500000000000003e-05,0.32608695652173914,75,,,,,,,,
,,,0.32608695652173914,75,0.39818939566612244,0.8529411764705882,0.8939929328621908,24.0156,,,,
0.5411,10.44885540008545,5e-05,0.43478260869565216,100,,,,,,,,
,,,0.43478260869565216,100,0.5439764857292175,0.6887254901960784,0.8145985401459854,31.8189,,,,
0.4428,20.509382247924805,6.25e-05,0.5434782608695652,125,,,,,,,,
,,,0.5434782608695652,125,0.3968409299850464,0.803921568627451,0.8412698412698413,39.7528,,,,
0.5657,17.634807586669922,7.500000000000001e-05,0.6521739130434783,150,,,,,,,,
,,,0.6521739130434783,150,0.42622804641723633,0.8088235294117647,0.8488372093023255,47.5764,,,,
0.5426,6.771638870239258,8.75e-05,0.7608695652173914,175,,,,,,,,
,,,0.7608695652173914,175,0.438813716173172,0.8553921568627451,0.8940754039497307,55.6543,,,,
0.4471,34.65910720825195,0.0001,0.8695652173913043,200,,,,,,,,
,,,0.8695652173913043,200,0.5474274754524231,0.7990196078431373,0.8614864864864864,63.5815,,,,
0.5474,4.743313312530518,9.880952380952381e-05,0.9782608695652174,225,,,,,,,,
,,,0.9782608695652174,225,0.42968833446502686,0.8284313725490197,0.8727272727272727,71.4507,,,,
0.5633,7.079003810882568,9.761904761904762e-05,1.0869565217391304,250,,,,,,,,
,,,1.0869565217391304,250,0.5037152767181396,0.821078431372549,0.8768971332209106,78.9911,,,,
0.5121,21.97663688659668,9.642857142857143e-05,1.1956521739130435,275,,,,,,,,
,,,1.1956521739130435,275,0.4559861719608307,0.7990196078431373,0.8614864864864864,86.8592,,,,
0.54,7.095536231994629,9.523809523809524e-05,1.3043478260869565,300,,,,,,,,
,,,1.3043478260869565,300,0.5076432228088379,0.7769607843137255,0.858034321372855,94.7236,,,,
0.4755,18.035621643066406,9.404761904761905e-05,1.4130434782608696,325,,,,,,,,
,,,1.4130434782608696,325,0.4309145510196686,0.7867647058823529,0.8522920203735145,102.5434,,,,
0.5032,15.994938850402832,9.285714285714286e-05,1.5217391304347827,350,,,,,,,,
,,,1.5217391304347827,350,0.5566914677619934,0.7450980392156863,0.7868852459016392,110.4188,,,,
0.5118,47.71813201904297,9.166666666666667e-05,1.6304347826086958,375,,,,,,,,
,,,1.6304347826086958,375,0.5027474164962769,0.7720588235294118,0.8365553602811951,118.127,,,,
0.4564,6.047473430633545,9.047619047619048e-05,1.7391304347826086,400,,,,,,,,
,,,1.7391304347826086,400,0.5692487359046936,0.8333333333333334,0.8859060402684563,125.994,,,,
0.445,13.557909965515137,8.92857142857143e-05,1.8478260869565217,425,,,,,,,,
,,,1.8478260869565217,425,0.41131749749183655,0.8063725490196079,0.8534322820037106,133.9215,,,,
0.5175,10.186190605163574,8.80952380952381e-05,1.9565217391304348,450,,,,,,,,
,,,1.9565217391304348,450,0.48750177025794983,0.8088235294117647,0.8641114982578396,141.9545,,,,
0.4001,12.852970123291016,8.690476190476192e-05,2.0652173913043477,475,,,,,,,,
,,,2.0652173913043477,475,0.5123359560966492,0.8308823529411765,0.883248730964467,149.5683,,,,
0.3961,20.784269332885742,8.571428571428571e-05,2.1739130434782608,500,,,,,,,,
,,,2.1739130434782608,500,0.44121918082237244,0.803921568627451,0.8586572438162545,157.4759,,,,
0.3345,47.00014114379883,8.452380952380952e-05,2.282608695652174,525,,,,,,,,
,,,2.282608695652174,525,0.456341028213501,0.8137254901960784,0.8571428571428572,180.4297,,,,
0.3629,12.055438995361328,8.333333333333334e-05,2.391304347826087,550,,,,,,,,
,,,2.391304347826087,550,0.397901713848114,0.8333333333333334,0.8851351351351352,188.2807,,,,
0.3499,1.8982502222061157,8.214285714285714e-05,2.5,575,,,,,,,,
,,,2.5,575,0.556297779083252,0.7818627450980392,0.8598425196850394,196.3582,,,,
0.3929,9.457697868347168,8.095238095238096e-05,2.608695652173913,600,,,,,,,,
,,,2.608695652173913,600,0.46121567487716675,0.821078431372549,0.8760611205432938,204.5609,,,,
0.3078,11.756169319152832,7.976190476190477e-05,2.717391304347826,625,,,,,,,,
,,,2.717391304347826,625,0.5296249985694885,0.8308823529411765,0.8752260397830017,212.7521,,,,
0.3683,27.252548217773438,7.857142857142858e-05,2.8260869565217392,650,,,,,,,,
,,,2.8260869565217392,650,0.4275314509868622,0.8259803921568627,0.8777969018932873,220.7566,,,,
0.3501,7.3399457931518555,7.738095238095239e-05,2.9347826086956523,675,,,,,,,,
,,,2.9347826086956523,675,0.38540661334991455,0.8308823529411765,0.8778761061946903,228.7637,,,,
0.2767,131.40809631347656,7.619047619047618e-05,3.0434782608695654,700,,,,,,,,
,,,3.0434782608695654,700,0.7265864610671997,0.8137254901960784,0.8689655172413793,236.2593,,,,
0.4242,1.246346116065979,7.500000000000001e-05,3.1521739130434785,725,,,,,,,,
,,,3.1521739130434785,725,0.6174842715263367,0.7671568627450981,0.8224299065420562,244.0506,,,,
0.3388,12.106614112854004,7.380952380952382e-05,3.260869565217391,750,,,,,,,,
,,,3.260869565217391,750,0.4441509544849396,0.8112745098039216,0.8576709796672828,251.8796,,,,
0.3935,37.939422607421875,7.261904761904762e-05,3.369565217391304,775,,,,,,,,
,,,3.369565217391304,775,0.5327852964401245,0.7794117647058824,0.8235294117647058,259.4794,,,,
0.4478,14.918791770935059,7.142857142857143e-05,3.4782608695652173,800,,,,,,,,
,,,3.4782608695652173,800,0.4304482638835907,0.8161764705882353,0.8623853211009174,267.3051,,,,
0.393,5.496418476104736,7.023809523809524e-05,3.5869565217391304,825,,,,,,,,
,,,3.5869565217391304,825,0.487614244222641,0.8063725490196079,0.8616462346760069,275.1935,,,,
0.3828,230.8442840576172,6.904761904761905e-05,3.6956521739130435,850,,,,,,,,
,,,3.6956521739130435,850,0.6604670882225037,0.7916666666666666,0.8631239935587761,283.203,,,,
0.4072,12.172868728637695,6.785714285714286e-05,3.8043478260869565,875,,,,,,,,
,,,3.8043478260869565,875,0.5754708647727966,0.8137254901960784,0.867595818815331,291.138,,,,
0.2744,3.1838550567626953,6.666666666666667e-05,3.9130434782608696,900,,,,,,,,
,,,3.9130434782608696,900,0.6464977860450745,0.8186274509803921,0.8719723183391003,299.094,,,,
0.4309,9.60690975189209,6.547619047619048e-05,4.021739130434782,925,,,,,,,,
,,,4.021739130434782,925,0.5876253247261047,0.8284313725490197,0.8776223776223777,306.8117,,,,
0.2215,20.441946029663086,6.428571428571429e-05,4.130434782608695,950,,,,,,,,
,,,4.130434782608695,950,0.7260295748710632,0.803921568627451,0.868421052631579,314.723,,,,
0.2904,20.486154556274414,6.30952380952381e-05,4.239130434782608,975,,,,,,,,
,,,4.239130434782608,975,0.7589179873466492,0.8112745098039216,0.8731466227347612,322.3863,,,,
0.3009,11.105234146118164,6.19047619047619e-05,4.3478260869565215,1000,,,,,,,,
,,,4.3478260869565215,1000,0.6687402129173279,0.7892156862745098,0.8612903225806452,330.1743,,,,
0.2501,3.3377952575683594,6.0714285714285715e-05,4.456521739130435,1025,,,,,,,,
,,,4.456521739130435,1025,0.6014676690101624,0.8333333333333334,0.880701754385965,350.5643,,,,
0.2506,31.977317810058594,5.9523809523809524e-05,4.565217391304348,1050,,,,,,,,
,,,4.565217391304348,1050,0.5486401319503784,0.8382352941176471,0.8865979381443299,358.4337,,,,
0.2997,74.07923126220703,5.833333333333334e-05,4.673913043478261,1075,,,,,,,,
,,,4.673913043478261,1075,0.6113807559013367,0.8284313725490197,0.8776223776223777,366.4215,,,,
0.2175,2.909177303314209,5.714285714285714e-05,4.782608695652174,1100,,,,,,,,
,,,4.782608695652174,1100,0.5994664430618286,0.8284313725490197,0.8784722222222222,374.5297,,,,
0.2527,3.7856605052948,5.595238095238096e-05,4.891304347826087,1125,,,,,,,,
,,,4.891304347826087,1125,0.5103554725646973,0.8308823529411765,0.8774422735346359,382.6573,,,,
0.2118,0.12569276988506317,5.4761904761904766e-05,5.0,1150,,,,,,,,
,,,5.0,1150,0.88118577003479,0.7867647058823529,0.8297455968688846,390.6608,,,,
0.1827,0.23029106855392456,5.3571428571428575e-05,5.108695652173913,1175,,,,,,,,
,,,5.108695652173913,1175,0.6984574794769287,0.8112745098039216,0.8622540250447228,398.4957,,,,
0.2133,28.294803619384766,5.2380952380952384e-05,5.217391304347826,1200,,,,,,,,
,,,5.217391304347826,1200,0.8416305184364319,0.7990196078431373,0.8651315789473684,406.4353,,,,
0.1988,2.5047249794006348,5.119047619047619e-05,5.326086956521739,1225,,,,,,,,
,,,5.326086956521739,1225,0.830084502696991,0.8161764705882353,0.8681898066783832,414.2735,,,,
0.2402,0.9664082527160645,5e-05,5.434782608695652,1250,,,,,,,,
,,,5.434782608695652,1250,0.4746546149253845,0.8431372549019608,0.8865248226950355,421.9932,,,,
0.1874,52.08940887451172,4.880952380952381e-05,5.543478260869565,1275,,,,,,,,
,,,5.543478260869565,1275,0.5910990238189697,0.8382352941176471,0.8825622775800711,429.7192,,,,
0.1658,1.8146398067474365,4.761904761904762e-05,5.6521739130434785,1300,,,,,,,,
,,,5.6521739130434785,1300,0.6451653838157654,0.8161764705882353,0.866785079928952,437.4873,,,,
0.153,0.2775261104106903,4.642857142857143e-05,5.760869565217392,1325,,,,,,,,
,,,5.760869565217392,1325,0.7332174181938171,0.8357843137254902,0.8779599271402551,445.4633,,,,
0.2592,30.415725708007812,4.523809523809524e-05,5.869565217391305,1350,,,,,,,,
,,,5.869565217391305,1350,0.6166031956672668,0.8333333333333334,0.8772563176895307,453.4127,,,,
0.1916,0.38337433338165283,4.404761904761905e-05,5.978260869565218,1375,,,,,,,,
,,,5.978260869565218,1375,0.5931191444396973,0.8406862745098039,0.888888888888889,461.5123,,,,
0.1534,5.247372627258301,4.2857142857142856e-05,6.086956521739131,1400,,,,,,,,
,,,6.086956521739131,1400,0.5596924424171448,0.8333333333333334,0.8827586206896552,469.2773,,,,
0.128,36.79084396362305,4.166666666666667e-05,6.195652173913044,1425,,,,,,,,
,,,6.195652173913044,1425,0.5586715936660767,0.8431372549019608,0.8827838827838829,477.3935,,,,
0.0764,0.14919303357601166,4.047619047619048e-05,6.304347826086957,1450,,,,,,,,
,,,6.304347826086957,1450,0.7262754440307617,0.8259803921568627,0.8760907504363002,485.1419,,,,
0.1669,0.22138215601444244,3.928571428571429e-05,6.413043478260869,1475,,,,,,,,
,,,6.413043478260869,1475,0.651606559753418,0.8455882352941176,0.8941176470588236,492.9701,,,,
0.161,29.486600875854492,3.809523809523809e-05,6.521739130434782,1500,,,,,,,,
,,,6.521739130434782,1500,0.6548904776573181,0.8406862745098039,0.8849557522123894,500.7728,,,,
0.1698,39.00011444091797,3.690476190476191e-05,6.630434782608695,1525,,,,,,,,
,,,6.630434782608695,1525,0.6843345761299133,0.8357843137254902,0.8858603066439524,514.485,,,,
0.0747,0.15074102580547333,3.571428571428572e-05,6.739130434782608,1550,,,,,,,,
,,,6.739130434782608,1550,0.6816627383232117,0.8504901960784313,0.8912655971479501,522.2267,,,,
0.0947,0.07304001599550247,3.4523809523809526e-05,6.8478260869565215,1575,,,,,,,,
,,,6.8478260869565215,1575,0.7644599676132202,0.8455882352941176,0.8880994671403197,530.112,,,,
0.1185,2.7829959392547607,3.3333333333333335e-05,6.956521739130435,1600,,,,,,,,
,,,6.956521739130435,1600,0.8438241481781006,0.8406862745098039,0.8907563025210083,538.1525,,,,
0.0739,27.728200912475586,3.2142857142857144e-05,7.065217391304348,1625,,,,,,,,
,,,7.065217391304348,1625,0.8112156391143799,0.8529411764705882,0.8932384341637011,545.902,,,,
0.1106,0.07350828498601913,3.095238095238095e-05,7.173913043478261,1650,,,,,,,,
,,,7.173913043478261,1650,0.7305025458335876,0.8578431372549019,0.89568345323741,553.7824,,,,
0.0908,72.1219253540039,2.9761904761904762e-05,7.282608695652174,1675,,,,,,,,
,,,7.282608695652174,1675,0.760437548160553,0.8529411764705882,0.8939929328621908,561.6713,,,,
0.0789,1.9780217409133911,2.857142857142857e-05,7.391304347826087,1700,,,,,,,,
,,,7.391304347826087,1700,0.7737818956375122,0.8504901960784313,0.893169877408056,569.6305,,,,
0.0336,0.07009632885456085,2.7380952380952383e-05,7.5,1725,,,,,,,,
,,,7.5,1725,0.8113145232200623,0.8431372549019608,0.8869257950530036,577.5997,,,,
0.0828,0.12512268126010895,2.6190476190476192e-05,7.608695652173913,1750,,,,,,,,
,,,7.608695652173913,1750,0.8024013638496399,0.8406862745098039,0.8896434634974534,585.4572,,,,
0.0921,26.748172760009766,2.5e-05,7.717391304347826,1775,,,,,,,,
,,,7.717391304347826,1775,0.766942024230957,0.8382352941176471,0.8825622775800711,593.3186,,,,
0.1247,0.11877388507127762,2.380952380952381e-05,7.826086956521739,1800,,,,,,,,
,,,7.826086956521739,1800,0.7681859135627747,0.8382352941176471,0.8850174216027874,601.1151,,,,
0.0372,70.80935668945312,2.261904761904762e-05,7.934782608695652,1825,,,,,,,,
,,,7.934782608695652,1825,0.7520645260810852,0.8504901960784313,0.8892921960072594,609.2026,,,,
0.0987,0.2756500542163849,2.1428571428571428e-05,8.043478260869565,1850,,,,,,,,
,,,8.043478260869565,1850,0.7877930402755737,0.8406862745098039,0.8892674616695059,616.955,,,,
0.0564,0.1454237997531891,2.023809523809524e-05,8.152173913043478,1875,,,,,,,,
,,,8.152173913043478,1875,0.8463223576545715,0.8406862745098039,0.8907563025210083,624.8758,,,,
0.0577,0.05725245177745819,1.9047619047619046e-05,8.26086956521739,1900,,,,,,,,
,,,8.26086956521739,1900,0.8399777412414551,0.8455882352941176,0.891566265060241,632.7951,,,,
0.0641,0.19174794852733612,1.785714285714286e-05,8.369565217391305,1925,,,,,,,,
,,,8.369565217391305,1925,0.8389720320701599,0.8382352941176471,0.8877551020408163,640.7997,,,,
0.0736,0.05892463028430939,1.6666666666666667e-05,8.478260869565217,1950,,,,,,,,
,,,8.478260869565217,1950,0.8495967984199524,0.8308823529411765,0.8808290155440415,648.7941,,,,
0.0535,1.6406164169311523,1.5476190476190476e-05,8.58695652173913,1975,,,,,,,,
,,,8.58695652173913,1975,0.8801251649856567,0.8333333333333334,0.8847457627118644,656.6149,,,,
0.0568,0.08390361815690994,1.4285714285714285e-05,8.695652173913043,2000,,,,,,,,
,,,8.695652173913043,2000,0.8594884872436523,0.8333333333333334,0.8835616438356164,664.4631,,,,
0.0398,49.08075714111328,1.3095238095238096e-05,8.804347826086957,2025,,,,,,,,
,,,8.804347826086957,2025,0.8915559649467468,0.8333333333333334,0.8835616438356164,680.5633,,,,
0.0322,1.4524580240249634,1.1904761904761905e-05,8.91304347826087,2050,,,,,,,,
,,,8.91304347826087,2050,0.8966841101646423,0.8308823529411765,0.8808290155440415,688.4559,,,,
0.0449,0.8670198321342468,1.0714285714285714e-05,9.021739130434783,2075,,,,,,,,
,,,9.021739130434783,2075,0.8546199202537537,0.8259803921568627,0.8747795414462081,696.2495,,,,
0.0161,0.05008259415626526,9.523809523809523e-06,9.130434782608695,2100,,,,,,,,
,,,9.130434782608695,2100,0.8344059586524963,0.8406862745098039,0.8865619546247819,704.2185,,,,
0.0355,0.05547903850674629,8.333333333333334e-06,9.23913043478261,2125,,,,,,,,
,,,9.23913043478261,2125,0.8346023559570312,0.8455882352941176,0.8911917098445595,712.1329,,,,
0.0515,0.05478398874402046,7.142857142857143e-06,9.347826086956522,2150,,,,,,,,
,,,9.347826086956522,2150,0.8201459050178528,0.8455882352941176,0.8908145580589255,720.0552,,,,
0.0432,0.06393033266067505,5.9523809523809525e-06,9.456521739130435,2175,,,,,,,,
,,,9.456521739130435,2175,0.8359189629554749,0.8382352941176471,0.8854166666666665,727.9844,,,,
0.0127,0.10368693619966507,4.7619047619047615e-06,9.565217391304348,2200,,,,,,,,
,,,9.565217391304348,2200,0.8518144488334656,0.8382352941176471,0.8850174216027874,735.8574,,,,
0.0641,0.8138840198516846,3.5714285714285714e-06,9.673913043478262,2225,,,,,,,,
,,,9.673913043478262,2225,0.8603031039237976,0.8333333333333334,0.8802816901408451,743.6815,,,,
0.0604,0.05069431662559509,2.3809523809523808e-06,9.782608695652174,2250,,,,,,,,
,,,9.782608695652174,2250,0.8440510034561157,0.8382352941176471,0.8850174216027874,751.4812,,,,
0.022,0.06922128051519394,1.1904761904761904e-06,9.891304347826086,2275,,,,,,,,
,,,9.891304347826086,2275,0.8412750959396362,0.8406862745098039,0.8869565217391304,759.4457,,,,
0.0297,0.06714583188295364,0.0,10.0,2300,,,,,,,,
,,,10.0,2300,0.8430168032646179,0.8382352941176471,0.8850174216027874,767.2035,,,,
,,,10.0,2300,,,,766.8534,47.832,2.999,1441090083533520.0,0.25438375314940576
