loss,grad_norm,learning_rate,epoch,step,eval_loss,eval_accuracy,eval_f1,train_runtime,train_samples_per_second,train_steps_per_second,total_flos,train_loss
1.1672,4.064709186553955,4.0000000000000003e-07,0.0625,1,,,,,,,,
1.1368,5.354634761810303,4.000000000000001e-06,0.625,10,,,,,,,,
,,,0.625,10,1.1170657873153687,0.4107142857142857,0.1940928270042194,5.7624,,,,
1.0857,4.158939838409424,8.000000000000001e-06,1.25,20,,,,,,,,
,,,1.25,20,1.0721842050552368,0.4107142857142857,0.1940928270042194,11.4276,,,,
1.027,3.7905781269073486,1.2e-05,1.875,30,,,,,,,,
,,,1.875,30,0.9768160581588745,0.4107142857142857,0.1940928270042194,16.8535,,,,
0.8672,3.156965970993042,1.6000000000000003e-05,2.5,40,,,,,,,,
,,,2.5,40,0.8455769419670105,0.6785714285714286,0.47391812865497074,22.2499,,,,
0.7471,5.652264595031738,2e-05,3.125,50,,,,,,,,
,,,3.125,50,0.8276181817054749,0.6785714285714286,0.47391812865497074,27.7217,,,,
0.6973,11.001531600952148,1.925925925925926e-05,3.75,60,,,,,,,,
,,,3.75,60,0.7515407204627991,0.6785714285714286,0.474468085106383,33.3158,,,,
0.486,10.984136581420898,1.851851851851852e-05,4.375,70,,,,,,,,
,,,4.375,70,0.6756256818771362,0.7142857142857143,0.49836601307189543,38.6119,,,,
0.3115,5.190545558929443,1.7777777777777777e-05,5.0,80,,,,,,,,
,,,5.0,80,0.5248100757598877,0.8214285714285714,0.5732959850606909,44.0449,,,,
0.1951,10.015219688415527,1.7037037037037038e-05,5.625,90,,,,,,,,
,,,5.625,90,0.7058119177818298,0.7678571428571429,0.5343992248062016,49.9344,,,,
0.1688,0.8513056039810181,1.6296296296296297e-05,6.25,100,,,,,,,,
,,,6.25,100,0.5326105356216431,0.8035714285714286,0.5610513739545998,55.2691,,,,
0.1089,0.628565788269043,1.555555555555556e-05,6.875,110,,,,,,,,
,,,6.875,110,0.5683338046073914,0.8035714285714286,0.5603197674418604,60.6697,,,,
0.1571,2.401884078979492,1.4814814814814815e-05,7.5,120,,,,,,,,
,,,7.5,120,0.30788007378578186,0.8928571428571429,0.8308080808080808,65.6309,,,,
0.0449,1.0109001398086548,1.4074074074074075e-05,8.125,130,,,,,,,,
,,,8.125,130,0.3618425726890564,0.875,0.8550256208119827,71.3383,,,,
0.0555,19.723003387451172,1.3333333333333333e-05,8.75,140,,,,,,,,
,,,8.75,140,0.30021557211875916,0.9107142857142857,0.8817537072856222,77.3443,,,,
0.012,0.817481279373169,1.2592592592592593e-05,9.375,150,,,,,,,,
,,,9.375,150,0.4668080806732178,0.8571428571428571,0.8208395429706905,82.8063,,,,
0.0072,0.12841463088989258,1.1851851851851852e-05,10.0,160,,,,,,,,
,,,10.0,160,0.3289217948913574,0.9285714285714286,0.9049145299145298,88.2604,,,,
0.0032,0.12909096479415894,1.1111111111111113e-05,10.625,170,,,,,,,,
,,,10.625,170,0.2660212516784668,0.9107142857142857,0.8917213078192603,94.0991,,,,
0.0043,0.06829122453927994,1.037037037037037e-05,11.25,180,,,,,,,,
,,,11.25,180,0.6356734037399292,0.8571428571428571,0.8668571571797378,99.5204,,,,
0.0025,0.07483465224504471,9.62962962962963e-06,11.875,190,,,,,,,,
,,,11.875,190,0.3270720839500427,0.9285714285714286,0.9467084639498432,105.3912,,,,
0.0021,0.029775332659482956,8.888888888888888e-06,12.5,200,,,,,,,,
,,,12.5,200,0.24204492568969727,0.9464285714285714,0.9605415860735009,110.7453,,,,
0.0018,0.034626200795173645,8.148148148148148e-06,13.125,210,,,,,,,,
,,,13.125,210,0.24593596160411835,0.9285714285714286,0.9237290159275974,116.1484,,,,
0.0016,0.031611230224370956,7.4074074074074075e-06,13.75,220,,,,,,,,
,,,13.75,220,0.24091340601444244,0.9464285714285714,0.9605415860735009,122.1293,,,,
0.0015,0.0281175896525383,6.666666666666667e-06,14.375,230,,,,,,,,
,,,14.375,230,0.24452757835388184,0.9642857142857143,0.9736024844720497,127.9534,,,,
0.0015,0.08121102303266525,5.925925925925926e-06,15.0,240,,,,,,,,
,,,15.0,240,0.25013813376426697,0.9642857142857143,0.9736024844720497,133.2637,,,,
0.0014,0.0251717921346426,5.185185185185185e-06,15.625,250,,,,,,,,
,,,15.625,250,0.2549110949039459,0.9642857142857143,0.9736024844720497,138.754,,,,
0.0014,0.03980886936187744,4.444444444444444e-06,16.25,260,,,,,,,,
,,,16.25,260,0.2584407925605774,0.9642857142857143,0.9736024844720497,144.4866,,,,
0.0013,0.05545485392212868,3.7037037037037037e-06,16.875,270,,,,,,,,
,,,16.875,270,0.26099076867103577,0.9642857142857143,0.9736024844720497,150.0839,,,,
0.0014,0.03188425675034523,2.962962962962963e-06,17.5,280,,,,,,,,
,,,17.5,280,0.2623375654220581,0.9642857142857143,0.9736024844720497,155.974,,,,
0.0012,0.02012297324836254,2.222222222222222e-06,18.125,290,,,,,,,,
,,,18.125,290,0.26316922903060913,0.9642857142857143,0.9736024844720497,161.3839,,,,
0.0012,0.016779905185103416,1.4814814814814815e-06,18.75,300,,,,,,,,
,,,18.75,300,0.26341432332992554,0.9642857142857143,0.9736024844720497,167.2477,,,,
0.0012,0.042086679488420486,7.407407407407407e-07,19.375,310,,,,,,,,
,,,19.375,310,0.2640705108642578,0.9642857142857143,0.9736024844720497,172.3025,,,,
0.0012,0.02152940072119236,0.0,20.0,320,,,,,,,,
,,,20.0,320,0.264224112033844,0.9642857142857143,0.9736024844720497,178.0496,,,,
,,,20.0,320,,,,177.6704,28.142,1.801,446840583950880.0,0.22312731032434385
