loss,grad_norm,learning_rate,epoch,step,eval_loss,eval_accuracy,eval_f1,train_runtime,train_samples_per_second,train_steps_per_second,total_flos,train_loss
0.7008,1.441821575164795,2.5e-06,0.0,1,,,,,,,,
0.6556,0.886656641960144,6.25e-05,0.11,25,,,,,,,,
,,,0.11,25,0.6328579783439636,0.6838235294117647,0.8122270742358079,6.1034,,,,
0.6586,1.5822147130966187,0.000125,0.22,50,,,,,,,,
,,,0.22,50,0.6205005049705505,0.6838235294117647,0.8122270742358079,11.69,,,,
0.6362,1.394479513168335,0.0001875,0.33,75,,,,,,,,
,,,0.33,75,0.6087567210197449,0.6838235294117647,0.8122270742358079,17.465,,,,
0.6276,0.8987642526626587,0.00025,0.43,100,,,,,,,,
,,,0.43,100,0.5335890054702759,0.7083333333333334,0.8226527570789866,23.0638,,,,
0.534,1.9783155918121338,0.0003125,0.54,125,,,,,,,,
,,,0.54,125,0.5864965319633484,0.7450980392156863,0.8375,28.7955,,,,
0.5212,4.634945392608643,0.000375,0.65,150,,,,,,,,
,,,0.65,150,0.43298661708831787,0.7965686274509803,0.852575488454707,34.4116,,,,
0.6065,1.211739182472229,0.0004375,0.76,175,,,,,,,,
,,,0.76,175,0.4467511773109436,0.7745098039215687,0.8535031847133757,40.2735,,,,
0.4795,1.2472904920578003,0.0005,0.87,200,,,,,,,,
,,,0.87,200,0.43880224227905273,0.8088235294117647,0.8725490196078431,45.993,,,,
0.5119,2.091463804244995,0.0004940476190476191,0.98,225,,,,,,,,
,,,0.98,225,0.5064424872398376,0.7426470588235294,0.779874213836478,51.7552,,,,
0.5179,2.1862587928771973,0.0004880952380952381,1.09,250,,,,,,,,
,,,1.09,250,0.3992486596107483,0.8504901960784313,0.897133220910624,57.2209,,,,
0.43,1.4189047813415527,0.00048214285714285715,1.2,275,,,,,,,,
,,,1.2,275,0.4273233711719513,0.8357843137254902,0.8866328257191202,62.9108,,,,
0.423,3.0012459754943848,0.0004761904761904762,1.3,300,,,,,,,,
,,,1.3,300,0.3476744592189789,0.8651960784313726,0.9026548672566371,68.5981,,,,
0.389,2.9994146823883057,0.00047023809523809523,1.41,325,,,,,,,,
,,,1.41,325,0.3468043804168701,0.8406862745098039,0.8775894538606404,74.2415,,,,
0.4068,5.204235076904297,0.00046428571428571433,1.52,350,,,,,,,,
,,,1.52,350,0.33387213945388794,0.8651960784313726,0.9029982363315697,79.9773,,,,
0.398,1.0889899730682373,0.0004583333333333333,1.63,375,,,,,,,,
,,,1.63,375,0.34121763706207275,0.8455882352941176,0.8813559322033899,85.5731,,,,
0.3098,0.5614169836044312,0.00045238095238095237,1.74,400,,,,,,,,
,,,1.74,400,0.4218112826347351,0.8627450980392157,0.9050847457627118,91.2897,,,,
0.4149,2.1591358184814453,0.00044642857142857147,1.85,425,,,,,,,,
,,,1.85,425,0.3511196970939636,0.8553921568627451,0.8991452991452993,97.0059,,,,
0.4142,5.700298309326172,0.00044047619047619046,1.96,450,,,,,,,,
,,,1.96,450,0.3719698488712311,0.8676470588235294,0.901098901098901,102.8599,,,,
0.3031,3.4946393966674805,0.00043452380952380956,2.07,475,,,,,,,,
,,,2.07,475,0.4459250569343567,0.8676470588235294,0.9052631578947367,108.3584,,,,
0.3522,2.665700912475586,0.00042857142857142855,2.17,500,,,,,,,,
,,,2.17,500,0.4041927456855774,0.8553921568627451,0.8944543828264758,114.1309,,,,
0.332,2.6740505695343018,0.00042261904761904765,2.28,525,,,,,,,,
,,,2.28,525,0.29239287972450256,0.8799019607843137,0.9113924050632911,120.4574,,,,
0.3039,3.7286250591278076,0.0004166666666666667,2.39,550,,,,,,,,
,,,2.39,550,0.3174613118171692,0.875,0.9106830122591945,126.1645,,,,
0.3412,3.014827013015747,0.0004107142857142857,2.5,575,,,,,,,,
,,,2.5,575,0.35713016986846924,0.8602941176470589,0.9032258064516129,131.8558,,,,
0.3248,3.7896060943603516,0.0004047619047619048,2.61,600,,,,,,,,
,,,2.61,600,0.3779318630695343,0.8480392156862745,0.8927335640138409,137.5913,,,,
0.2798,3.1724648475646973,0.00039880952380952383,2.72,625,,,,,,,,
,,,2.72,625,0.399882972240448,0.8627450980392157,0.9063545150501673,143.3472,,,,
0.3651,3.081665515899658,0.0003928571428571429,2.83,650,,,,,,,,
,,,2.83,650,0.31129589676856995,0.8700980392156863,0.9075043630017452,149.1367,,,,
0.2831,1.6590049266815186,0.0003869047619047619,2.93,675,,,,,,,,
,,,2.93,675,0.35208994150161743,0.8799019607843137,0.9144851657940662,154.8843,,,,
0.2503,1.765559196472168,0.00038095238095238096,3.04,700,,,,,,,,
,,,3.04,700,0.41202616691589355,0.8676470588235294,0.90625,160.4551,,,,
0.2431,2.0438618659973145,0.000375,3.15,725,,,,,,,,
,,,3.15,725,0.4627443253993988,0.8676470588235294,0.9042553191489361,166.1355,,,,
0.2316,2.4679172039031982,0.00036904761904761905,3.26,750,,,,,,,,
,,,3.26,750,0.3575677275657654,0.8823529411764706,0.9151943462897526,171.9116,,,,
0.2297,6.255152225494385,0.0003630952380952381,3.37,775,,,,,,,,
,,,3.37,775,0.4019615650177002,0.8676470588235294,0.9035714285714286,177.4994,,,,
0.2306,1.3519260883331299,0.00035714285714285714,3.48,800,,,,,,,,
,,,3.48,800,0.48466095328330994,0.8553921568627451,0.9015025041736227,183.2327,,,,
0.3051,1.914826512336731,0.0003511904761904762,3.59,825,,,,,,,,
,,,3.59,825,0.395085871219635,0.8627450980392157,0.9027777777777778,188.9416,,,,
0.2302,2.785374641418457,0.00034523809523809523,3.7,850,,,,,,,,
,,,3.7,850,0.3875836730003357,0.875,0.9097345132743363,194.7597,,,,
0.2599,11.132630348205566,0.00033928571428571433,3.8,875,,,,,,,,
,,,3.8,875,0.4382161796092987,0.8700980392156863,0.9087779690189328,200.4553,,,,
0.2813,12.522387504577637,0.0003333333333333333,3.91,900,,,,,,,,
,,,3.91,900,0.7326362729072571,0.8406862745098039,0.8929159802306424,206.2133,,,,
0.3136,6.828317165374756,0.00032738095238095237,4.02,925,,,,,,,,
,,,4.02,925,0.36609897017478943,0.875,0.9094138543516875,211.775,,,,
0.1336,2.4784014225006104,0.00032142857142857147,4.13,950,,,,,,,,
,,,4.13,950,0.45279550552368164,0.875,0.9134125636672327,217.5037,,,,
0.143,4.001437664031982,0.00031547619047619046,4.24,975,,,,,,,,
,,,4.24,975,0.5277909636497498,0.875,0.9128205128205128,223.1315,,,,
0.2554,2.797236442565918,0.00030952380952380956,4.35,1000,,,,,,,,
,,,4.35,1000,0.3600211441516876,0.8774509803921569,0.9134948096885814,228.7931,,,,
0.2144,0.8773152232170105,0.00030357142857142855,4.46,1025,,,,,,,,
,,,4.46,1025,0.33272606134414673,0.8872549019607843,0.9192982456140351,235.3618,,,,
0.1331,1.5078399181365967,0.00029761904761904765,4.57,1050,,,,,,,,
,,,4.57,1050,0.5681097507476807,0.8897058823529411,0.9220103986135182,241.0891,,,,
0.1846,3.6366446018218994,0.0002916666666666667,4.67,1075,,,,,,,,
,,,4.67,1075,0.42782092094421387,0.8774509803921569,0.9107142857142857,246.8137,,,,
0.166,5.1338210105896,0.0002857142857142857,4.78,1100,,,,,,,,
,,,4.78,1100,0.5725579857826233,0.8848039215686274,0.9171075837742505,252.5061,,,,
0.1692,2.1690797805786133,0.0002797619047619048,4.89,1125,,,,,,,,
,,,4.89,1125,0.4478631019592285,0.8700980392156863,0.9041591320072333,258.2723,,,,
0.148,0.02643257938325405,0.0002738095238095238,5.0,1150,,,,,,,,
,,,5.0,1150,0.41227108240127563,0.8848039215686274,0.9153153153153154,263.9657,,,,
0.1035,0.19673925638198853,0.00026785714285714287,5.11,1175,,,,,,,,
,,,5.11,1175,0.4137265086174011,0.8897058823529411,0.9183303085299456,269.6509,,,,
0.1042,5.540194988250732,0.0002619047619047619,5.22,1200,,,,,,,,
,,,5.22,1200,0.5669124722480774,0.8946078431372549,0.9244288224956063,275.4024,,,,
0.1345,1.0006569623947144,0.00025595238095238096,5.33,1225,,,,,,,,
,,,5.33,1225,0.5693562030792236,0.8799019607843137,0.9113924050632911,281.1692,,,,
0.1493,0.5291343927383423,0.00025,5.43,1250,,,,,,,,
,,,5.43,1250,0.48580268025398254,0.875,0.9081081081081082,286.838,,,,
0.119,9.422647476196289,0.00024404761904761905,5.54,1275,,,,,,,,
,,,5.54,1275,0.553949236869812,0.8872549019607843,0.916058394160584,292.558,,,,
0.1427,0.6069157719612122,0.0002380952380952381,5.65,1300,,,,,,,,
,,,5.65,1300,0.4511990249156952,0.8725490196078431,0.9037037037037037,298.2493,,,,
0.1237,3.61842679977417,0.00023214285714285717,5.76,1325,,,,,,,,
,,,5.76,1325,0.521719217300415,0.8700980392156863,0.9081455805892548,304.0914,,,,
0.1507,5.412646293640137,0.00022619047619047618,5.87,1350,,,,,,,,
,,,5.87,1350,0.47549811005592346,0.8872549019607843,0.9181494661921709,309.8471,,,,
0.1406,0.421830952167511,0.00022023809523809523,5.98,1375,,,,,,,,
,,,5.98,1375,0.38944318890571594,0.8970588235294118,0.9257950530035336,315.7087,,,,
0.0905,16.050479888916016,0.00021428571428571427,6.09,1400,,,,,,,,
,,,6.09,1400,0.7887723445892334,0.8602941176470589,0.9038785834738617,321.3171,,,,
0.1665,4.527959823608398,0.00020833333333333335,6.2,1425,,,,,,,,
,,,6.2,1425,0.526199996471405,0.8970588235294118,0.924187725631769,327.2463,,,,
0.0881,9.806949615478516,0.0002023809523809524,6.3,1450,,,,,,,,
,,,6.3,1450,0.4890592098236084,0.8823529411764706,0.9133574007220215,332.8259,,,,
0.08,1.6499965190887451,0.00019642857142857144,6.41,1475,,,,,,,,
,,,6.41,1475,0.5935094356536865,0.8799019607843137,0.915951972555746,338.5638,,,,
0.1154,0.22257855534553528,0.00019047619047619048,6.52,1500,,,,,,,,
,,,6.52,1500,0.47934257984161377,0.8970588235294118,0.9252669039145908,344.2051,,,,
0.0814,0.37862762808799744,0.00018452380952380953,6.63,1525,,,,,,,,
,,,6.63,1525,0.49455830454826355,0.8872549019607843,0.9187279151943463,350.7245,,,,
0.1317,0.2058829367160797,0.00017857142857142857,6.74,1550,,,,,,,,
,,,6.74,1550,0.5441035628318787,0.8774509803921569,0.9097472924187725,356.3484,,,,
0.0859,0.7230309247970581,0.00017261904761904762,6.85,1575,,,,,,,,
,,,6.85,1575,0.594125509262085,0.8799019607843137,0.9165247018739351,362.0957,,,,
0.093,2.2262394428253174,0.00016666666666666666,6.96,1600,,,,,,,,
,,,6.96,1600,0.59457927942276,0.8897058823529411,0.9192100538599641,367.8513,,,,
0.0477,1.6275581121444702,0.00016071428571428573,7.07,1625,,,,,,,,
,,,7.07,1625,0.7199638485908508,0.8897058823529411,0.9209138840070299,373.4381,,,,
0.0512,7.568246364593506,0.00015476190476190478,7.17,1650,,,,,,,,
,,,7.17,1650,0.6612898707389832,0.8848039215686274,0.9168141592920355,379.1164,,,,
0.0602,0.07002557069063187,0.00014880952380952382,7.28,1675,,,,,,,,
,,,7.28,1675,0.581925630569458,0.8921568627450981,0.9233449477351917,384.7823,,,,
0.0735,4.550541400909424,0.00014285714285714284,7.39,1700,,,,,,,,
,,,7.39,1700,0.5532609224319458,0.8946078431372549,0.9244288224956063,390.6178,,,,
0.0308,0.011825362220406532,0.0001369047619047619,7.5,1725,,,,,,,,
,,,7.5,1725,0.5838234424591064,0.8848039215686274,0.9159212880143113,396.4023,,,,
0.0586,0.030064476653933525,0.00013095238095238096,7.61,1750,,,,,,,,
,,,7.61,1750,0.5923717617988586,0.8799019607843137,0.9126559714795008,402.1834,,,,
0.0486,4.038755893707275,0.000125,7.72,1775,,,,,,,,
,,,7.72,1775,0.6301672458648682,0.8848039215686274,0.9188255613126081,407.9573,,,,
0.0377,0.007621016353368759,0.00011904761904761905,7.83,1800,,,,,,,,
,,,7.83,1800,0.6527126431465149,0.8946078431372549,0.9252173913043479,413.6581,,,,
0.0679,4.607201099395752,0.00011309523809523809,7.93,1825,,,,,,,,
,,,7.93,1825,0.6200346350669861,0.8995098039215687,0.9279437609841829,419.5515,,,,
0.0467,1.8268203735351562,0.00010714285714285714,8.04,1850,,,,,,,,
,,,8.04,1850,0.6341837048530579,0.8946078431372549,0.925476603119584,425.253,,,,
0.0389,0.08340347558259964,0.0001011904761904762,8.15,1875,,,,,,,,
,,,8.15,1875,0.631076455116272,0.8995098039215687,0.9279437609841829,430.9442,,,,
0.0123,0.003113033017143607,9.523809523809524e-05,8.26,1900,,,,,,,,
,,,8.26,1900,0.6528252363204956,0.8970588235294118,0.9257950530035336,436.7405,,,,
0.0339,0.004770189523696899,8.928571428571429e-05,8.37,1925,,,,,,,,
,,,8.37,1925,0.657112181186676,0.9019607843137255,0.9293286219081272,442.5046,,,,
0.0219,0.7785220742225647,8.333333333333333e-05,8.48,1950,,,,,,,,
,,,8.48,1950,0.6826897263526917,0.9019607843137255,0.9293286219081272,448.3574,,,,
0.0221,3.7768394947052,7.738095238095239e-05,8.59,1975,,,,,,,,
,,,8.59,1975,0.7063109278678894,0.9044117647058824,0.9316987740805603,453.9844,,,,
0.0457,3.211872100830078,7.142857142857142e-05,8.7,2000,,,,,,,,
,,,8.7,2000,0.6949289441108704,0.9044117647058824,0.9316987740805603,459.7321,,,,
0.095,0.4492470920085907,6.547619047619048e-05,8.8,2025,,,,,,,,
,,,8.8,2025,0.6700668334960938,0.9019607843137255,0.9285714285714286,466.1591,,,,
0.0446,4.951642036437988,5.9523809523809524e-05,8.91,2050,,,,,,,,
,,,8.91,2050,0.6763850450515747,0.8970588235294118,0.926829268292683,472.011,,,,
0.0488,0.1786169856786728,5.357142857142857e-05,9.02,2075,,,,,,,,
,,,9.02,2075,0.6338176131248474,0.9019607843137255,0.9290780141843972,477.5778,,,,
0.0323,0.016409574076533318,4.761904761904762e-05,9.13,2100,,,,,,,,
,,,9.13,2100,0.6501556634902954,0.9019607843137255,0.9290780141843972,483.3354,,,,
0.0508,0.030786525458097458,4.1666666666666665e-05,9.24,2125,,,,,,,,
,,,9.24,2125,0.6773804426193237,0.9019607843137255,0.9293286219081272,488.9987,,,,
0.0242,0.02737714909017086,3.571428571428571e-05,9.35,2150,,,,,,,,
,,,9.35,2150,0.6967368125915527,0.8995098039215687,0.9274336283185841,494.7346,,,,
0.0296,0.0419682152569294,2.9761904761904762e-05,9.46,2175,,,,,,,,
,,,9.46,2175,0.7067552208900452,0.9044117647058824,0.9312169312169313,500.4837,,,,
0.0316,0.1649097204208374,2.380952380952381e-05,9.57,2200,,,,,,,,
,,,9.57,2200,0.734749436378479,0.8872549019607843,0.9201388888888888,506.2195,,,,
0.0447,0.11656756699085236,1.7857142857142855e-05,9.67,2225,,,,,,,,
,,,9.67,2225,0.7108486294746399,0.8995098039215687,0.9279437609841829,511.8957,,,,
0.0237,0.0036910695489495993,1.1904761904761905e-05,9.78,2250,,,,,,,,
,,,9.78,2250,0.7120428085327148,0.8995098039215687,0.9279437609841829,517.6268,,,,
0.0113,0.014968364499509335,5.9523809523809525e-06,9.89,2275,,,,,,,,
,,,9.89,2275,0.7105971574783325,0.8995098039215687,0.9279437609841829,523.36,,,,
0.0125,0.0017579725245013833,0.0,10.0,2300,,,,,,,,
,,,10.0,2300,0.7112043499946594,0.8995098039215687,0.9279437609841829,529.0809,,,,
,,,10.0,2300,,,,528.7272,69.374,4.35,1530446719931808.0,0.20860861373984296
