loss,grad_norm,learning_rate,epoch,step,eval_loss,eval_accuracy,eval_f1,train_runtime,train_samples_per_second,train_steps_per_second,total_flos,train_loss
0.6859,0.8968190550804138,4e-08,0.004347826086956522,1,,,,,,,,
0.7415,2.655646324157715,1.0000000000000002e-06,0.10869565217391304,25,,,,,,,,
,,,0.10869565217391304,25,0.7382052540779114,0.3161764705882353,0.0,8.4569,,,,
0.7191,2.499671220779419,2.0000000000000003e-06,0.21739130434782608,50,,,,,,,,
,,,0.21739130434782608,50,0.7153134346008301,0.3161764705882353,0.0,16.3564,,,,
0.6975,3.80733060836792,3e-06,0.32608695652173914,75,,,,,,,,
,,,0.32608695652173914,75,0.6824387311935425,0.6911764705882353,0.81524926686217,24.474,,,,
0.662,2.6816675662994385,4.000000000000001e-06,0.43478260869565216,100,,,,,,,,
,,,0.43478260869565216,100,0.6305623054504395,0.6838235294117647,0.8122270742358079,32.4257,,,,
0.5855,5.751083850860596,5e-06,0.5434782608695652,125,,,,,,,,
,,,0.5434782608695652,125,0.6113317608833313,0.6838235294117647,0.8122270742358079,40.5625,,,,
0.6068,5.472744941711426,6e-06,0.6521739130434783,150,,,,,,,,
,,,0.6521739130434783,150,0.5510054230690002,0.6838235294117647,0.8122270742358079,48.533,,,,
0.564,14.595088005065918,7e-06,0.7608695652173914,175,,,,,,,,
,,,0.7608695652173914,175,0.5368693470954895,0.6838235294117647,0.8122270742358079,56.721,,,,
0.5695,6.020045757293701,8.000000000000001e-06,0.8695652173913043,200,,,,,,,,
,,,0.8695652173913043,200,0.5184352397918701,0.6985294117647058,0.8183161004431315,64.8144,,,,
0.5461,8.075550079345703,9e-06,0.9782608695652174,225,,,,,,,,
,,,0.9782608695652174,225,0.5095860958099365,0.7450980392156863,0.8364779874213837,72.7961,,,,
0.4964,6.620847702026367,1e-05,1.0869565217391304,250,,,,,,,,
,,,1.0869565217391304,250,0.44749727845191956,0.7818627450980392,0.856682769726248,80.5505,,,,
0.4835,18.329341888427734,1.1000000000000001e-05,1.1956521739130435,275,,,,,,,,
,,,1.1956521739130435,275,0.49332907795906067,0.7843137254901961,0.8571428571428571,88.4887,,,,
0.4964,13.117226600646973,1.2e-05,1.3043478260869565,300,,,,,,,,
,,,1.3043478260869565,300,0.4349220395088196,0.8235294117647058,0.8686131386861314,96.477,,,,
0.4341,10.722455978393555,1.3000000000000001e-05,1.4130434782608696,325,,,,,,,,
,,,1.4130434782608696,325,0.4052254855632782,0.8308823529411765,0.88,104.407,,,,
0.4544,56.78937911987305,1.4e-05,1.5217391304347827,350,,,,,,,,
,,,1.5217391304347827,350,0.4559134542942047,0.8284313725490197,0.8833333333333333,112.4005,,,,
0.4473,11.314957618713379,1.5000000000000002e-05,1.6304347826086958,375,,,,,,,,
,,,1.6304347826086958,375,0.3503923714160919,0.8578431372549019,0.894927536231884,120.2582,,,,
0.3595,19.769899368286133,1.6000000000000003e-05,1.7391304347826086,400,,,,,,,,
,,,1.7391304347826086,400,0.35163116455078125,0.8700980392156863,0.9071803852889667,128.1895,,,,
0.4073,19.49080467224121,1.7e-05,1.8478260869565217,425,,,,,,,,
,,,1.8478260869565217,425,0.33861953020095825,0.8578431372549019,0.8999999999999999,136.2501,,,,
0.434,36.51027297973633,1.8e-05,1.9565217391304348,450,,,,,,,,
,,,1.9565217391304348,450,0.3467710018157959,0.8455882352941176,0.891566265060241,144.3815,,,,
0.3112,38.00694274902344,1.9e-05,2.0652173913043477,475,,,,,,,,
,,,2.0652173913043477,475,0.32808640599250793,0.8823529411764706,0.9142857142857143,152.1124,,,,
0.3006,13.987019538879395,2e-05,2.1739130434782608,500,,,,,,,,
,,,2.1739130434782608,500,0.3535442650318146,0.8651960784313726,0.9023090586145649,160.1211,,,,
0.3186,27.857284545898438,1.9722222222222224e-05,2.282608695652174,525,,,,,,,,
,,,2.282608695652174,525,0.33002814650535583,0.8455882352941176,0.8860759493670886,177.3054,,,,
0.3033,20.684354782104492,1.9444444444444445e-05,2.391304347826087,550,,,,,,,,
,,,2.391304347826087,550,0.31957611441612244,0.8823529411764706,0.9145907473309609,185.1909,,,,
0.2947,21.718631744384766,1.916666666666667e-05,2.5,575,,,,,,,,
,,,2.5,575,0.34590739011764526,0.8676470588235294,0.9052631578947367,193.4056,,,,
0.3012,23.296056747436523,1.888888888888889e-05,2.608695652173913,600,,,,,,,,
,,,2.608695652173913,600,0.3846379518508911,0.8406862745098039,0.8903878583473862,201.6214,,,,
0.2644,29.731243133544922,1.8611111111111114e-05,2.717391304347826,625,,,,,,,,
,,,2.717391304347826,625,0.3351113498210907,0.8725490196078431,0.91156462585034,209.9135,,,,
0.38,52.59585189819336,1.8333333333333333e-05,2.8260869565217392,650,,,,,,,,
,,,2.8260869565217392,650,0.3854277729988098,0.8627450980392157,0.9047619047619047,218.1105,,,,
0.2783,11.54234504699707,1.8055555555555558e-05,2.9347826086956523,675,,,,,,,,
,,,2.9347826086956523,675,0.3806324899196625,0.8823529411764706,0.9169550173010381,226.2577,,,,
0.2168,7.054954528808594,1.7777777777777777e-05,3.0434782608695654,700,,,,,,,,
,,,3.0434782608695654,700,0.4168158769607544,0.875,0.9128205128205128,233.9754,,,,
0.1874,38.761924743652344,1.7500000000000002e-05,3.1521739130434785,725,,,,,,,,
,,,3.1521739130434785,725,0.44112852215766907,0.8872549019607843,0.9209621993127148,241.9131,,,,
0.2206,4.151246547698975,1.7222222222222224e-05,3.260869565217391,750,,,,,,,,
,,,3.260869565217391,750,0.6009147763252258,0.8799019607843137,0.9173693086003373,249.9298,,,,
0.2246,160.0186309814453,1.6944444444444446e-05,3.369565217391304,775,,,,,,,,
,,,3.369565217391304,775,0.5253334641456604,0.8823529411764706,0.9124087591240876,257.689,,,,
0.2472,50.93117141723633,1.6666666666666667e-05,3.4782608695652173,800,,,,,,,,
,,,3.4782608695652173,800,0.6042044162750244,0.8357843137254902,0.8914100486223664,265.6551,,,,
0.3086,50.1138801574707,1.638888888888889e-05,3.5869565217391304,825,,,,,,,,
,,,3.5869565217391304,825,0.484866201877594,0.8651960784313726,0.905982905982906,273.6727,,,,
0.2158,40.328155517578125,1.6111111111111115e-05,3.6956521739130435,850,,,,,,,,
,,,3.6956521739130435,850,0.5097247362136841,0.875,0.9131175468483815,281.8056,,,,
0.2088,75.29505157470703,1.5833333333333333e-05,3.8043478260869565,875,,,,,,,,
,,,3.8043478260869565,875,0.572145938873291,0.8700980392156863,0.9106239460370995,289.8476,,,,
0.2583,60.192100524902344,1.555555555555556e-05,3.9130434782608696,900,,,,,,,,
,,,3.9130434782608696,900,0.5486672520637512,0.8872549019607843,0.9220338983050848,297.919,,,,
0.3134,38.38909149169922,1.5277777777777777e-05,4.021739130434782,925,,,,,,,,
,,,4.021739130434782,925,0.44953006505966187,0.8921568627450981,0.9238754325259515,305.8011,,,,
0.0862,0.06504615396261215,1.5000000000000002e-05,4.130434782608695,950,,,,,,,,
,,,4.130434782608695,950,0.5316379070281982,0.8995098039215687,0.9284467713787086,313.8611,,,,
0.2087,3.8118886947631836,1.4722222222222224e-05,4.239130434782608,975,,,,,,,,
,,,4.239130434782608,975,0.689486026763916,0.8725490196078431,0.9124579124579124,321.765,,,,
0.2081,70.27428436279297,1.4444444444444446e-05,4.3478260869565215,1000,,,,,,,,
,,,4.3478260869565215,1000,0.537725567817688,0.8848039215686274,0.9185441941074524,329.6847,,,,
0.2096,51.26162338256836,1.416666666666667e-05,4.456521739130435,1025,,,,,,,,
,,,4.456521739130435,1025,0.4981900751590729,0.8848039215686274,0.9150090415913201,354.4328,,,,
0.1092,0.19401031732559204,1.388888888888889e-05,4.565217391304348,1050,,,,,,,,
,,,4.565217391304348,1050,0.634884238243103,0.8651960784313726,0.9069373942470389,362.4628,,,,
0.1036,50.8725471496582,1.3611111111111113e-05,4.673913043478261,1075,,,,,,,,
,,,4.673913043478261,1075,0.6003304123878479,0.8799019607843137,0.9123434704830053,370.6377,,,,
0.1256,3.1057446002960205,1.3333333333333333e-05,4.782608695652174,1100,,,,,,,,
,,,4.782608695652174,1100,0.5871692895889282,0.8921568627450981,0.9214285714285715,378.9376,,,,
0.1215,53.65585708618164,1.3055555555555557e-05,4.891304347826087,1125,,,,,,,,
,,,4.891304347826087,1125,0.5297784805297852,0.8676470588235294,0.9021739130434783,387.3119,,,,
0.0816,0.020094046369194984,1.2777777777777777e-05,5.0,1150,,,,,,,,
,,,5.0,1150,0.6232659220695496,0.8921568627450981,0.9225352112676057,395.4925,,,,
0.0784,0.07851967215538025,1.25e-05,5.108695652173913,1175,,,,,,,,
,,,5.108695652173913,1175,0.7026537656784058,0.8799019607843137,0.9153713298791019,403.5115,,,,
0.1093,0.07109592854976654,1.2222222222222224e-05,5.217391304347826,1200,,,,,,,,
,,,5.217391304347826,1200,0.6938478946685791,0.8848039215686274,0.9188255613126081,411.5567,,,,
0.0568,0.6129509210586548,1.1944444444444444e-05,5.326086956521739,1225,,,,,,,,
,,,5.326086956521739,1225,0.7039252519607544,0.8823529411764706,0.9145907473309609,419.5569,,,,
0.1607,166.95387268066406,1.1666666666666668e-05,5.434782608695652,1250,,,,,,,,
,,,5.434782608695652,1250,0.6729577779769897,0.8823529411764706,0.9172413793103448,427.3696,,,,
0.076,0.574302077293396,1.138888888888889e-05,5.543478260869565,1275,,,,,,,,
,,,5.543478260869565,1275,0.6542922258377075,0.8799019607843137,0.9144851657940662,435.2115,,,,
0.0693,0.07756315916776657,1.1111111111111113e-05,5.6521739130434785,1300,,,,,,,,
,,,5.6521739130434785,1300,0.6273069977760315,0.8774509803921569,0.9100719424460433,443.1557,,,,
0.073,25.513463973999023,1.0833333333333334e-05,5.760869565217392,1325,,,,,,,,
,,,5.760869565217392,1325,0.6536906957626343,0.8872549019607843,0.9184397163120569,451.2244,,,,
0.1426,54.820255279541016,1.0555555555555557e-05,5.869565217391305,1350,,,,,,,,
,,,5.869565217391305,1350,0.6844722628593445,0.8799019607843137,0.9135802469135803,459.3459,,,,
0.0574,0.0959945023059845,1.0277777777777777e-05,5.978260869565218,1375,,,,,,,,
,,,5.978260869565218,1375,0.6966115832328796,0.8676470588235294,0.9021739130434783,467.5305,,,,
0.0365,42.34614562988281,1e-05,6.086956521739131,1400,,,,,,,,
,,,6.086956521739131,1400,0.8087542653083801,0.8676470588235294,0.9072164948453608,475.4829,,,,
0.0771,0.07413910329341888,9.722222222222223e-06,6.195652173913044,1425,,,,,,,,
,,,6.195652173913044,1425,0.7257704138755798,0.8725490196078431,0.9054545454545455,483.7414,,,,
0.1021,0.11888871341943741,9.444444444444445e-06,6.304347826086957,1450,,,,,,,,
,,,6.304347826086957,1450,0.7274017333984375,0.8676470588235294,0.9055944055944055,491.6242,,,,
0.061,0.08711609989404678,9.166666666666666e-06,6.413043478260869,1475,,,,,,,,
,,,6.413043478260869,1475,0.664746880531311,0.8774509803921569,0.912280701754386,499.6713,,,,
0.03,0.07235610485076904,8.888888888888888e-06,6.521739130434782,1500,,,,,,,,
,,,6.521739130434782,1500,0.6988462805747986,0.8799019607843137,0.9135802469135803,507.5771,,,,
0.0794,105.102783203125,8.611111111111112e-06,6.630434782608695,1525,,,,,,,,
,,,6.630434782608695,1525,0.6438738703727722,0.8823529411764706,0.915492957746479,521.2715,,,,
0.0585,0.08488226681947708,8.333333333333334e-06,6.739130434782608,1550,,,,,,,,
,,,6.739130434782608,1550,0.6127309203147888,0.8799019607843137,0.9141856392294221,529.1848,,,,
0.0278,63.46568298339844,8.055555555555557e-06,6.8478260869565215,1575,,,,,,,,
,,,6.8478260869565215,1575,0.6614388823509216,0.875,0.9094138543516875,537.2934,,,,
0.0564,0.06785447150468826,7.77777777777778e-06,6.956521739130435,1600,,,,,,,,
,,,6.956521739130435,1600,0.7019292116165161,0.8848039215686274,0.9188255613126081,545.5939,,,,
0.0429,0.24528644979000092,7.500000000000001e-06,7.065217391304348,1625,,,,,,,,
,,,7.065217391304348,1625,0.7552339434623718,0.8799019607843137,0.9117117117117116,553.4849,,,,
0.0376,0.016000380739569664,7.222222222222223e-06,7.173913043478261,1650,,,,,,,,
,,,7.173913043478261,1650,0.7271730899810791,0.8799019607843137,0.9129662522202486,561.5516,,,,
0.0263,0.03660842031240463,6.944444444444445e-06,7.282608695652174,1675,,,,,,,,
,,,7.282608695652174,1675,0.7258907556533813,0.875,0.9113043478260869,569.5397,,,,
0.0631,0.5158291459083557,6.666666666666667e-06,7.391304347826087,1700,,,,,,,,
,,,7.391304347826087,1700,0.7133592963218689,0.8774509803921569,0.9134948096885814,577.6325,,,,
0.002,0.020180240273475647,6.3888888888888885e-06,7.5,1725,,,,,,,,
,,,7.5,1725,0.7711244225502014,0.875,0.9081081081081082,585.7599,,,,
0.0571,0.03639744967222214,6.111111111111112e-06,7.608695652173913,1750,,,,,,,,
,,,7.608695652173913,1750,0.7518888115882874,0.8823529411764706,0.9169550173010381,593.7177,,,,
0.023,9.042214393615723,5.833333333333334e-06,7.717391304347826,1775,,,,,,,,
,,,7.717391304347826,1775,0.6872050762176514,0.8872549019607843,0.9190140845070423,601.7825,,,,
0.031,0.06362201273441315,5.555555555555557e-06,7.826086956521739,1800,,,,,,,,
,,,7.826086956521739,1800,0.7153915762901306,0.8823529411764706,0.9157894736842105,609.6822,,,,
0.0012,0.025755563750863075,5.2777777777777785e-06,7.934782608695652,1825,,,,,,,,
,,,7.934782608695652,1825,0.7924626469612122,0.8799019607843137,0.9144851657940662,618.034,,,,
0.0295,0.020231451839208603,5e-06,8.043478260869565,1850,,,,,,,,
,,,8.043478260869565,1850,0.8036479353904724,0.8774509803921569,0.9128919860627178,625.9113,,,,
0.0011,0.024628126993775368,4.722222222222222e-06,8.152173913043478,1875,,,,,,,,
,,,8.152173913043478,1875,0.7441087365150452,0.8872549019607843,0.9181494661921709,634.0074,,,,
0.07,0.022052640095353127,4.444444444444444e-06,8.26086956521739,1900,,,,,,,,
,,,8.26086956521739,1900,0.7656896710395813,0.8823529411764706,0.916083916083916,642.1024,,,,
0.0298,0.018136020749807358,4.166666666666667e-06,8.369565217391305,1925,,,,,,,,
,,,8.369565217391305,1925,0.78688645362854,0.8774509803921569,0.9134948096885814,650.1708,,,,
0.0227,0.014614403247833252,3.88888888888889e-06,8.478260869565217,1950,,,,,,,,
,,,8.478260869565217,1950,0.7871360778808594,0.8799019607843137,0.9147826086956522,658.3088,,,,
0.0019,0.018757764250040054,3.6111111111111115e-06,8.58695652173913,1975,,,,,,,,
,,,8.58695652173913,1975,0.7597730159759521,0.8799019607843137,0.9141856392294221,666.1595,,,,
0.0529,45.71416473388672,3.3333333333333333e-06,8.695652173913043,2000,,,,,,,,
,,,8.695652173913043,2000,0.7807765007019043,0.8799019607843137,0.9144851657940662,674.1924,,,,
0.0009,0.020800814032554626,3.055555555555556e-06,8.804347826086957,2025,,,,,,,,
,,,8.804347826086957,2025,0.7635712027549744,0.8799019607843137,0.9141856392294221,689.5962,,,,
0.033,0.028203167021274567,2.7777777777777783e-06,8.91304347826087,2050,,,,,,,,
,,,8.91304347826087,2050,0.7779772877693176,0.8799019607843137,0.9129662522202486,697.7724,,,,
0.0575,0.029662199318408966,2.5e-06,9.021739130434783,2075,,,,,,,,
,,,9.021739130434783,2075,0.7837539315223694,0.8848039215686274,0.9171075837742505,705.7683,,,,
0.0006,0.013757147826254368,2.222222222222222e-06,9.130434782608695,2100,,,,,,,,
,,,9.130434782608695,2100,0.7867451906204224,0.8799019607843137,0.9129662522202486,713.9474,,,,
0.0312,0.01221615169197321,1.944444444444445e-06,9.23913043478261,2125,,,,,,,,
,,,9.23913043478261,2125,0.8000165820121765,0.8823529411764706,0.915492957746479,722.035,,,,
0.0006,0.012307900935411453,1.6666666666666667e-06,9.347826086956522,2150,,,,,,,,
,,,9.347826086956522,2150,0.8324272036552429,0.8774509803921569,0.9131944444444444,730.1346,,,,
0.0555,0.1141725555062294,1.3888888888888892e-06,9.456521739130435,2175,,,,,,,,
,,,9.456521739130435,2175,0.8248357772827148,0.875,0.9106830122591945,738.1957,,,,
0.0088,0.03473612293601036,1.111111111111111e-06,9.565217391304348,2200,,,,,,,,
,,,9.565217391304348,2200,0.8184080123901367,0.8799019607843137,0.9135802469135803,746.2128,,,,
0.0197,0.046316489577293396,8.333333333333333e-07,9.673913043478262,2225,,,,,,,,
,,,9.673913043478262,2225,0.8119609951972961,0.8799019607843137,0.9132743362831858,754.1252,,,,
0.007,0.013117942959070206,5.555555555555555e-07,9.782608695652174,2250,,,,,,,,
,,,9.782608695652174,2250,0.8164722323417664,0.8799019607843137,0.9132743362831858,762.0848,,,,
0.0199,0.017460759729146957,2.7777777777777776e-07,9.891304347826086,2275,,,,,,,,
,,,9.891304347826086,2275,0.8156216740608215,0.8799019607843137,0.9132743362831858,770.0972,,,,
0.0413,0.013117390684783459,0.0,10.0,2300,,,,,,,,
,,,10.0,2300,0.8168368339538574,0.8799019607843137,0.9132743362831858,777.9916,,,,
,,,10.0,2300,,,,777.5851,47.172,2.958,1441090083533520.0,0.19816540888551137
