loss,grad_norm,learning_rate,epoch,step,eval_loss,eval_accuracy,eval_f1,train_runtime,train_samples_per_second,train_steps_per_second,total_flos,train_loss
0.7062,1.2893015146255493,2.5e-06,0.0,1,,,,,,,,
0.6602,0.8411461114883423,6.25e-05,0.11,25,,,,,,,,
,,,0.11,25,0.6328403353691101,0.6838235294117647,0.8122270742358079,6.3212,,,,
0.6581,1.5462862253189087,0.000125,0.22,50,,,,,,,,
,,,0.22,50,0.6180460453033447,0.6838235294117647,0.8122270742358079,12.053,,,,
0.6334,1.5854769945144653,0.0001875,0.33,75,,,,,,,,
,,,0.33,75,0.6109696626663208,0.6838235294117647,0.8122270742358079,17.9813,,,,
0.6195,2.9875473976135254,0.00025,0.43,100,,,,,,,,
,,,0.43,100,0.5239251852035522,0.7107843137254902,0.822289156626506,23.7258,,,,
0.5185,4.075511455535889,0.0003125,0.54,125,,,,,,,,
,,,0.54,125,0.5105413794517517,0.75,0.8370607028753992,29.612,,,,
0.5538,6.013381004333496,0.000375,0.65,150,,,,,,,,
,,,0.65,150,0.4195626676082611,0.8235294117647058,0.8671586715867159,35.368,,,,
0.5979,3.2345011234283447,0.0004375,0.76,175,,,,,,,,
,,,0.76,175,0.3929164409637451,0.8259803921568627,0.8769497400346621,41.422,,,,
0.4918,1.5832616090774536,0.0005,0.87,200,,,,,,,,
,,,0.87,200,0.5162500143051147,0.8063725490196079,0.8727858293075683,47.2654,,,,
0.5097,1.4402567148208618,0.0004940476190476191,0.98,225,,,,,,,,
,,,0.98,225,0.4685507118701935,0.8357843137254902,0.8838821490467937,53.1516,,,,
0.478,3.489640235900879,0.0004880952380952381,1.09,250,,,,,,,,
,,,1.09,250,0.42046311497688293,0.7990196078431373,0.8646864686468646,58.7663,,,,
0.4545,2.1179425716400146,0.00048214285714285715,1.2,275,,,,,,,,
,,,1.2,275,0.40524744987487793,0.8112745098039216,0.8735632183908046,64.6059,,,,
0.4395,8.123549461364746,0.0004761904761904762,1.3,300,,,,,,,,
,,,1.3,300,0.35288652777671814,0.8578431372549019,0.8941605839416058,70.4376,,,,
0.397,10.761336326599121,0.00047023809523809523,1.41,325,,,,,,,,
,,,1.41,325,0.3510785698890686,0.8455882352941176,0.8884955752212389,76.2614,,,,
0.4384,12.943418502807617,0.00046428571428571433,1.52,350,,,,,,,,
,,,1.52,350,0.4321943521499634,0.821078431372549,0.8781302170283807,82.1223,,,,
0.404,4.149981498718262,0.0004583333333333333,1.63,375,,,,,,,,
,,,1.63,375,0.35525646805763245,0.8553921568627451,0.8925318761384335,87.85,,,,
0.329,4.831834316253662,0.00045238095238095237,1.74,400,,,,,,,,
,,,1.74,400,0.3624044954776764,0.8651960784313726,0.9043478260869565,93.6947,,,,
0.417,3.851767063140869,0.00044642857142857147,1.85,425,,,,,,,,
,,,1.85,425,0.3838074505329132,0.8137254901960784,0.8778135048231511,99.5737,,,,
0.4182,4.285269260406494,0.00044047619047619046,1.96,450,,,,,,,,
,,,1.96,450,0.3460279405117035,0.8700980392156863,0.9051878354203935,105.5782,,,,
0.307,4.5636467933654785,0.00043452380952380956,2.07,475,,,,,,,,
,,,2.07,475,0.44653236865997314,0.8529411764705882,0.8961937716262977,111.2116,,,,
0.3864,10.485706329345703,0.00042857142857142855,2.17,500,,,,,,,,
,,,2.17,500,0.3539794385433197,0.8455882352941176,0.8795411089866156,117.1425,,,,
0.3608,4.382333278656006,0.00042261904761904765,2.28,525,,,,,,,,
,,,2.28,525,0.3538134694099426,0.8602941176470589,0.9015544041450777,123.1715,,,,
0.3266,8.927581787109375,0.0004166666666666667,2.39,550,,,,,,,,
,,,2.39,550,0.35528403520584106,0.8578431372549019,0.901023890784983,129.0595,,,,
0.3479,6.927731513977051,0.0004107142857142857,2.5,575,,,,,,,,
,,,2.5,575,0.32500308752059937,0.8651960784313726,0.9056603773584906,134.8746,,,,
0.3202,5.131355285644531,0.0004047619047619048,2.61,600,,,,,,,,
,,,2.61,600,0.4963873326778412,0.8529411764705882,0.9000000000000001,140.7732,,,,
0.3127,8.390758514404297,0.00039880952380952383,2.72,625,,,,,,,,
,,,2.72,625,0.45372915267944336,0.8553921568627451,0.902155887230514,146.6696,,,,
0.3613,10.455052375793457,0.0003928571428571429,2.83,650,,,,,,,,
,,,2.83,650,0.33324429392814636,0.875,0.9125214408233276,152.6099,,,,
0.3169,14.069906234741211,0.0003869047619047619,2.93,675,,,,,,,,
,,,2.93,675,0.3766148090362549,0.8700980392156863,0.9081455805892548,158.494,,,,
0.2761,4.823741912841797,0.00038095238095238096,3.04,700,,,,,,,,
,,,3.04,700,0.42934784293174744,0.875,0.9122203098106711,164.2079,,,,
0.2705,3.8405909538269043,0.000375,3.15,725,,,,,,,,
,,,3.15,725,0.3671877980232239,0.8627450980392157,0.902439024390244,170.0388,,,,
0.2271,2.900033950805664,0.00036904761904761905,3.26,750,,,,,,,,
,,,3.26,750,0.40645331144332886,0.8553921568627451,0.8987993138936535,175.9702,,,,
0.3064,10.916874885559082,0.0003630952380952381,3.37,775,,,,,,,,
,,,3.37,775,0.38424840569496155,0.8627450980392157,0.900709219858156,181.6956,,,,
0.2596,3.3010127544403076,0.00035714285714285714,3.48,800,,,,,,,,
,,,3.48,800,0.45477017760276794,0.8553921568627451,0.9015025041736227,187.5538,,,,
0.2949,9.674453735351562,0.0003511904761904762,3.59,825,,,,,,,,
,,,3.59,825,0.3988012373447418,0.8529411764705882,0.8943661971830987,193.4071,,,,
0.2583,14.624279022216797,0.00034523809523809523,3.7,850,,,,,,,,
,,,3.7,850,0.38109034299850464,0.8504901960784313,0.891651865008881,199.3458,,,,
0.2482,17.19063949584961,0.00033928571428571433,3.8,875,,,,,,,,
,,,3.8,875,0.4488414227962494,0.8480392156862745,0.8934707903780068,205.196,,,,
0.2675,21.064695358276367,0.0003333333333333333,3.91,900,,,,,,,,
,,,3.91,900,0.5126689672470093,0.8455882352941176,0.8951747088186357,211.0881,,,,
0.3,8.084919929504395,0.00032738095238095237,4.02,925,,,,,,,,
,,,4.02,925,0.3770073652267456,0.8627450980392157,0.9017543859649123,216.7975,,,,
0.1602,9.695255279541016,0.00032142857142857147,4.13,950,,,,,,,,
,,,4.13,950,0.4389362037181854,0.8774509803921569,0.9155405405405406,222.6818,,,,
0.1797,31.900381088256836,0.00031547619047619046,4.24,975,,,,,,,,
,,,4.24,975,0.7634624242782593,0.8382352941176471,0.8918032786885245,228.4544,,,,
0.2788,5.611783027648926,0.00030952380952380956,4.35,1000,,,,,,,,
,,,4.35,1000,0.5019283294677734,0.8455882352941176,0.8941176470588236,234.2472,,,,
0.1916,6.768364906311035,0.00030357142857142855,4.46,1025,,,,,,,,
,,,4.46,1025,0.3795933723449707,0.8725490196078431,0.9057971014492753,240.5774,,,,
0.2162,3.6844937801361084,0.00029761904761904765,4.57,1050,,,,,,,,
,,,4.57,1050,0.4414471685886383,0.8774509803921569,0.9128919860627178,246.4508,,,,
0.2278,8.320225715637207,0.0002916666666666667,4.67,1075,,,,,,,,
,,,4.67,1075,0.40716758370399475,0.8725490196078431,0.9087719298245615,252.3365,,,,
0.1756,15.345893859863281,0.0002857142857142857,4.78,1100,,,,,,,,
,,,4.78,1100,0.4791504740715027,0.8774509803921569,0.9113475177304964,258.1658,,,,
0.1746,3.160310745239258,0.0002797619047619048,4.89,1125,,,,,,,,
,,,4.89,1125,0.4048510491847992,0.8700980392156863,0.9084628670120898,264.1034,,,,
0.2141,0.4430190920829773,0.0002738095238095238,5.0,1150,,,,,,,,
,,,5.0,1150,0.392098605632782,0.8627450980392157,0.9027777777777778,269.9542,,,,
0.1678,0.25638750195503235,0.00026785714285714287,5.11,1175,,,,,,,,
,,,5.11,1175,0.442371666431427,0.8578431372549019,0.8978873239436619,275.8181,,,,
0.1556,6.008277416229248,0.0002619047619047619,5.22,1200,,,,,,,,
,,,5.22,1200,0.47028690576553345,0.8700980392156863,0.905861456483126,281.7276,,,,
0.1459,3.2878825664520264,0.00025595238095238096,5.33,1225,,,,,,,,
,,,5.33,1225,0.4737420082092285,0.8578431372549019,0.8941605839416058,287.7124,,,,
0.1824,1.1924333572387695,0.00025,5.43,1250,,,,,,,,
,,,5.43,1250,0.5266690254211426,0.8553921568627451,0.8987993138936535,293.4891,,,,
0.1697,18.966508865356445,0.00024404761904761905,5.54,1275,,,,,,,,
,,,5.54,1275,0.5808669924736023,0.8553921568627451,0.897391304347826,299.4034,,,,
0.1647,10.559683799743652,0.0002380952380952381,5.65,1300,,,,,,,,
,,,5.65,1300,0.5282077789306641,0.8627450980392157,0.9020979020979022,305.2477,,,,
0.11,0.5833754539489746,0.00023214285714285717,5.76,1325,,,,,,,,
,,,5.76,1325,0.48873767256736755,0.8725490196078431,0.9087719298245615,311.2443,,,,
0.1882,5.905479431152344,0.00022619047619047618,5.87,1350,,,,,,,,
,,,5.87,1350,0.49232572317123413,0.8725490196078431,0.907473309608541,317.1583,,,,
0.094,5.3831095695495605,0.00022023809523809523,5.98,1375,,,,,,,,
,,,5.98,1375,0.5285924077033997,0.8725490196078431,0.9090909090909091,323.2066,,,,
0.1253,17.90115737915039,0.00021428571428571427,6.09,1400,,,,,,,,
,,,6.09,1400,0.7745510339736938,0.8553921568627451,0.9024793388429753,328.9592,,,,
0.172,9.09211540222168,0.00020833333333333335,6.2,1425,,,,,,,,
,,,6.2,1425,0.5543360710144043,0.8823529411764706,0.9148936170212766,335.0569,,,,
0.0894,0.1290087252855301,0.0002023809523809524,6.3,1450,,,,,,,,
,,,6.3,1450,0.6076571345329285,0.8700980392156863,0.9041591320072333,340.7842,,,,
0.1627,0.23437589406967163,0.00019642857142857144,6.41,1475,,,,,,,,
,,,6.41,1475,0.6668407320976257,0.8921568627450981,0.9238754325259515,346.6822,,,,
0.1684,0.19664737582206726,0.00019047619047619048,6.52,1500,,,,,,,,
,,,6.52,1500,0.608910083770752,0.8700980392156863,0.9078260869565218,352.4628,,,,
0.1008,2.0739786624908447,0.00018452380952380953,6.63,1525,,,,,,,,
,,,6.63,1525,0.6661785840988159,0.8651960784313726,0.9026548672566371,358.6905,,,,
0.1605,5.784450531005859,0.00017857142857142857,6.74,1550,,,,,,,,
,,,6.74,1550,0.5403825640678406,0.8774509803921569,0.9107142857142857,364.4976,,,,
0.1073,4.892334461212158,0.00017261904761904762,6.85,1575,,,,,,,,
,,,6.85,1575,0.5661743879318237,0.8799019607843137,0.9132743362831858,370.3619,,,,
0.1372,14.83538818359375,0.00016666666666666666,6.96,1600,,,,,,,,
,,,6.96,1600,0.7958300709724426,0.8602941176470589,0.9001751313485115,376.2706,,,,
0.1219,5.5818352699279785,0.00016071428571428573,7.07,1625,,,,,,,,
,,,7.07,1625,0.7036576867103577,0.8602941176470589,0.8957952468007313,381.9886,,,,
0.1246,0.29908183217048645,0.00015476190476190478,7.17,1650,,,,,,,,
,,,7.17,1650,0.6967638731002808,0.8725490196078431,0.9087719298245615,387.8514,,,,
0.0782,2.6413826942443848,0.00014880952380952382,7.28,1675,,,,,,,,
,,,7.28,1675,0.7161667943000793,0.8651960784313726,0.9066213921901529,393.6592,,,,
0.0912,11.929402351379395,0.00014285714285714284,7.39,1700,,,,,,,,
,,,7.39,1700,0.604300320148468,0.8823529411764706,0.915492957746479,399.6728,,,,
0.1062,0.014790762215852737,0.0001369047619047619,7.5,1725,,,,,,,,
,,,7.5,1725,0.6526898145675659,0.8823529411764706,0.9157894736842105,405.5857,,,,
0.1299,27.769983291625977,0.00013095238095238096,7.61,1750,,,,,,,,
,,,7.61,1750,0.7079117894172668,0.8651960784313726,0.9016100178890876,411.5311,,,,
0.1192,16.018291473388672,0.000125,7.72,1775,,,,,,,,
,,,7.72,1775,0.78050696849823,0.8700980392156863,0.9103214890016922,417.4251,,,,
0.0849,4.125668048858643,0.00011904761904761905,7.83,1800,,,,,,,,
,,,7.83,1800,0.6746740341186523,0.8578431372549019,0.8982456140350877,423.3226,,,,
0.05,24.21693229675293,0.00011309523809523809,7.93,1825,,,,,,,,
,,,7.93,1825,0.7887221574783325,0.8553921568627451,0.8955752212389381,429.3498,,,,
0.1486,0.1222885251045227,0.00010714285714285714,8.04,1850,,,,,,,,
,,,8.04,1850,0.9762117266654968,0.8651960784313726,0.9081803005008348,435.1765,,,,
0.0756,1.3421156406402588,0.0001011904761904762,8.15,1875,,,,,,,,
,,,8.15,1875,0.7574891448020935,0.8725490196078431,0.9054545454545455,441.0283,,,,
0.0594,0.004713340196758509,9.523809523809524e-05,8.26,1900,,,,,,,,
,,,8.26,1900,0.7545852065086365,0.8725490196078431,0.907473309608541,446.9774,,,,
0.0274,0.008540980517864227,8.928571428571429e-05,8.37,1925,,,,,,,,
,,,8.37,1925,0.7755387425422668,0.875,0.9097345132743363,452.8916,,,,
0.077,37.511905670166016,8.333333333333333e-05,8.48,1950,,,,,,,,
,,,8.48,1950,0.7874147891998291,0.875,0.9106830122591945,458.8802,,,,
0.069,28.005962371826172,7.738095238095239e-05,8.59,1975,,,,,,,,
,,,8.59,1975,0.7502402663230896,0.8700980392156863,0.9071803852889667,464.6354,,,,
0.0905,0.04179316386580467,7.142857142857142e-05,8.7,2000,,,,,,,,
,,,8.7,2000,0.7501340508460999,0.8725490196078431,0.9094076655052264,470.5329,,,,
0.0494,0.12837651371955872,6.547619047619048e-05,8.8,2025,,,,,,,,
,,,8.8,2025,0.8008047938346863,0.8651960784313726,0.9019607843137256,476.7234,,,,
0.0944,31.99408531188965,5.9523809523809524e-05,8.91,2050,,,,,,,,
,,,8.91,2050,0.8196810483932495,0.8602941176470589,0.8987566607460036,482.6663,,,,
0.0796,0.12067361921072006,5.357142857142857e-05,9.02,2075,,,,,,,,
,,,9.02,2075,0.7942527532577515,0.8602941176470589,0.9008695652173914,488.3406,,,,
0.0311,0.004783203359693289,4.761904761904762e-05,9.13,2100,,,,,,,,
,,,9.13,2100,0.7872751355171204,0.8651960784313726,0.9023090586145649,494.1846,,,,
0.0654,10.506057739257812,4.1666666666666665e-05,9.24,2125,,,,,,,,
,,,9.24,2125,0.8050491213798523,0.8627450980392157,0.9003558718861211,499.9877,,,,
0.0634,75.61611938476562,3.571428571428571e-05,9.35,2150,,,,,,,,
,,,9.35,2150,0.8355692028999329,0.8627450980392157,0.9027777777777778,505.8178,,,,
0.0852,9.336989402770996,2.9761904761904762e-05,9.46,2175,,,,,,,,
,,,9.46,2175,0.7870116829872131,0.8651960784313726,0.9029982363315697,511.7046,,,,
0.0677,0.4625462591648102,2.380952380952381e-05,9.57,2200,,,,,,,,
,,,9.57,2200,0.8312724828720093,0.8774509803921569,0.9140893470790378,517.5531,,,,
0.0305,0.02861640229821205,1.7857142857142855e-05,9.67,2225,,,,,,,,
,,,9.67,2225,0.8148310780525208,0.875,0.9113043478260869,523.4484,,,,
0.0443,0.009473593905568123,1.1904761904761905e-05,9.78,2250,,,,,,,,
,,,9.78,2250,0.8140202164649963,0.875,0.9106830122591945,529.2963,,,,
0.0406,0.05861290544271469,5.9523809523809525e-06,9.89,2275,,,,,,,,
,,,9.89,2275,0.8152350783348083,0.8700980392156863,0.9068541300527241,535.2138,,,,
0.0296,0.011182078160345554,0.0,10.0,2300,,,,,,,,
,,,10.0,2300,0.8156294822692871,0.8700980392156863,0.9068541300527241,541.0138,,,,
,,,10.0,2300,,,,540.6098,67.849,4.254,1460977291679136.0,0.23178972075814785
