loss,grad_norm,learning_rate,epoch,step,eval_loss,eval_accuracy,eval_f1,train_runtime,train_samples_per_second,train_steps_per_second,total_flos,train_loss
1.7846,1.9756969213485718,1e-05,0.004347826086956522,1,,,,,,,,
1.6897,3.359607458114624,0.00025,0.10869565217391304,25,,,,,,,,
,,,0.10869565217391304,25,1.513559103012085,0.6838235294117647,0.8122270742358079,8.9359,,,,
1.3979,1.039171814918518,0.0005,0.21739130434782608,50,,,,,,,,
,,,0.21739130434782608,50,1.0099560022354126,0.6838235294117647,0.8122270742358079,17.2267,,,,
0.7732,0.5874806046485901,0.00075,0.32608695652173914,75,,,,,,,,
,,,0.32608695652173914,75,0.6839619278907776,0.6838235294117647,0.8122270742358079,25.8798,,,,
0.6796,2.0447657108306885,0.001,0.43478260869565216,100,,,,,,,,
,,,0.43478260869565216,100,0.6418048739433289,0.6838235294117647,0.8122270742358079,34.4667,,,,
0.6386,0.8074970245361328,0.00125,0.5434782608695652,125,,,,,,,,
,,,0.5434782608695652,125,0.637651264667511,0.6838235294117647,0.8122270742358079,42.9106,,,,
0.6631,2.085853338241577,0.0015,0.6521739130434783,150,,,,,,,,
,,,0.6521739130434783,150,0.6140473484992981,0.6985294117647058,0.8183161004431315,51.3654,,,,
0.6585,0.6666080355644226,0.00175,0.7608695652173914,175,,,,,,,,
,,,0.7608695652173914,175,0.5994206666946411,0.696078431372549,0.8176470588235294,60.2312,,,,
0.626,0.7162506580352783,0.002,0.8695652173913043,200,,,,,,,,
,,,0.8695652173913043,200,0.5658842325210571,0.7034313725490197,0.8185907046476761,68.7227,,,,
0.6604,3.6631011962890625,0.0019761904761904764,0.9782608695652174,225,,,,,,,,
,,,0.9782608695652174,225,0.68280029296875,0.6151960784313726,0.6455981941309255,77.3061,,,,
0.6033,1.4473624229431152,0.0019523809523809524,1.0869565217391304,250,,,,,,,,
,,,1.0869565217391304,250,0.6435697674751282,0.7034313725490197,0.7430997876857749,85.735,,,,
0.6915,0.40718114376068115,0.0019285714285714286,1.1956521739130435,275,,,,,,,,
,,,1.1956521739130435,275,0.6421339511871338,0.6936274509803921,0.8169838945827232,94.1981,,,,
0.5593,0.9275388717651367,0.0019047619047619048,1.3043478260869565,300,,,,,,,,
,,,1.3043478260869565,300,0.5270947217941284,0.7647058823529411,0.8471337579617835,102.7869,,,,
0.5295,1.0622379779815674,0.001880952380952381,1.4130434782608696,325,,,,,,,,
,,,1.4130434782608696,325,0.49555033445358276,0.7769607843137255,0.8348457350272231,111.4348,,,,
0.5496,1.130281925201416,0.0018571428571428573,1.5217391304347827,350,,,,,,,,
,,,1.5217391304347827,350,0.46231019496917725,0.7916666666666666,0.8399246704331451,119.9129,,,,
0.5165,0.8540825843811035,0.0018333333333333333,1.6304347826086958,375,,,,,,,,
,,,1.6304347826086958,375,0.5103103518486023,0.7745098039215687,0.8137651821862347,128.2503,,,,
0.5178,1.0855867862701416,0.0018095238095238095,1.7391304347826086,400,,,,,,,,
,,,1.7391304347826086,400,0.4266478717327118,0.8259803921568627,0.8769497400346621,136.955,,,,
0.5149,2.111069440841675,0.0017857142857142859,1.8478260869565217,425,,,,,,,,
,,,1.8478260869565217,425,0.441803902387619,0.8088235294117647,0.8717105263157895,145.4925,,,,
0.5422,3.1449522972106934,0.0017619047619047618,1.9565217391304348,450,,,,,,,,
,,,1.9565217391304348,450,0.4432227909564972,0.8382352941176471,0.8885135135135136,154.1174,,,,
0.476,0.7942949533462524,0.0017380952380952382,2.0652173913043477,475,,,,,,,,
,,,2.0652173913043477,475,0.4467494487762451,0.7990196078431373,0.8681672025723474,162.519,,,,
0.5091,0.7434924244880676,0.0017142857142857142,2.1739130434782608,500,,,,,,,,
,,,2.1739130434782608,500,0.3800685703754425,0.8480392156862745,0.8896797153024911,170.9871,,,,
0.438,0.7267389297485352,0.0016904761904761906,2.282608695652174,525,,,,,,,,
,,,2.282608695652174,525,0.39337244629859924,0.8308823529411765,0.8808290155440415,180.0355,,,,
0.4449,0.8304967284202576,0.0016666666666666668,2.391304347826087,550,,,,,,,,
,,,2.391304347826087,550,0.37850338220596313,0.8333333333333334,0.8831615120274915,188.6239,,,,
0.4488,2.416529417037964,0.0016428571428571427,2.5,575,,,,,,,,
,,,2.5,575,0.4777032434940338,0.821078431372549,0.8820678513731827,197.3503,,,,
0.4186,1.2497992515563965,0.0016190476190476191,2.608695652173913,600,,,,,,,,
,,,2.608695652173913,600,0.45889267325401306,0.8088235294117647,0.8737864077669903,205.7455,,,,
0.4186,2.9063591957092285,0.0015952380952380953,2.717391304347826,625,,,,,,,,
,,,2.717391304347826,625,0.396627277135849,0.8553921568627451,0.899488926746167,214.5064,,,,
0.4656,1.8290185928344727,0.0015714285714285715,2.8260869565217392,650,,,,,,,,
,,,2.8260869565217392,650,0.3702790439128876,0.8382352941176471,0.8777777777777779,223.1648,,,,
0.4332,3.553455114364624,0.0015476190476190477,2.9347826086956523,675,,,,,,,,
,,,2.9347826086956523,675,0.5089448690414429,0.8382352941176471,0.8896321070234114,231.7295,,,,
0.4479,0.7704418301582336,0.0015238095238095239,3.0434782608695654,700,,,,,,,,
,,,3.0434782608695654,700,0.36642444133758545,0.8333333333333334,0.8768115942028986,240.1191,,,,
0.3845,1.5366442203521729,0.0015,3.1521739130434785,725,,,,,,,,
,,,3.1521739130434785,725,0.3973276615142822,0.8382352941176471,0.8838028169014085,248.6667,,,,
0.4011,0.698440432548523,0.0014761904761904762,3.260869565217391,750,,,,,,,,
,,,3.260869565217391,750,0.3802741467952728,0.8602941176470589,0.9025641025641027,257.2802,,,,
0.3905,1.0175148248672485,0.0014523809523809524,3.369565217391304,775,,,,,,,,
,,,3.369565217391304,775,0.5146389603614807,0.821078431372549,0.88130081300813,265.7821,,,,
0.3975,0.957069993019104,0.0014285714285714286,3.4782608695652173,800,,,,,,,,
,,,3.4782608695652173,800,0.37688207626342773,0.8529411764705882,0.8909090909090909,274.4468,,,,
0.4104,2.007246255874634,0.0014047619047619047,3.5869565217391304,825,,,,,,,,
,,,3.5869565217391304,825,0.3596455454826355,0.8578431372549019,0.8960573476702509,282.9623,,,,
0.4075,3.2763774394989014,0.001380952380952381,3.6956521739130435,850,,,,,,,,
,,,3.6956521739130435,850,0.38439902663230896,0.8504901960784313,0.8855534709193245,291.7192,,,,
0.404,3.2336719036102295,0.0013571428571428573,3.8043478260869565,875,,,,,,,,
,,,3.8043478260869565,875,0.3828842341899872,0.8357843137254902,0.8775137111517367,300.3466,,,,
0.4037,1.478561282157898,0.0013333333333333333,3.9130434782608696,900,,,,,,,,
,,,3.9130434782608696,900,0.3607686758041382,0.8504901960784313,0.893169877408056,308.8914,,,,
0.4235,1.0414469242095947,0.0013095238095238095,4.021739130434782,925,,,,,,,,
,,,4.021739130434782,925,0.34528881311416626,0.8627450980392157,0.9020979020979022,317.3026,,,,
0.3611,0.8845329284667969,0.0012857142857142859,4.130434782608695,950,,,,,,,,
,,,4.130434782608695,950,0.33443427085876465,0.8578431372549019,0.8964285714285715,326.0627,,,,
0.3691,2.963911771774292,0.0012619047619047618,4.239130434782608,975,,,,,,,,
,,,4.239130434782608,975,0.4221598207950592,0.8308823529411765,0.8851913477537438,334.3245,,,,
0.4007,1.6213082075119019,0.0012380952380952382,4.3478260869565215,1000,,,,,,,,
,,,4.3478260869565215,1000,0.3409237563610077,0.8553921568627451,0.8921389396709324,342.8341,,,,
0.3705,0.8522055149078369,0.0012142857142857142,4.456521739130435,1025,,,,,,,,
,,,4.456521739130435,1025,0.3716743588447571,0.8480392156862745,0.8938356164383561,352.2827,,,,
0.3803,2.7571561336517334,0.0011904761904761906,4.565217391304348,1050,,,,,,,,
,,,4.565217391304348,1050,0.403176486492157,0.8357843137254902,0.8903436988543372,360.8137,,,,
0.3537,0.7335683703422546,0.0011666666666666668,4.673913043478261,1075,,,,,,,,
,,,4.673913043478261,1075,0.3318067789077759,0.8651960784313726,0.8975791433891992,369.2734,,,,
0.3364,1.9132602214813232,0.0011428571428571427,4.782608695652174,1100,,,,,,,,
,,,4.782608695652174,1100,0.39782506227493286,0.8553921568627451,0.8970331588132635,377.9623,,,,
0.3711,2.19690203666687,0.0011190476190476191,4.891304347826087,1125,,,,,,,,
,,,4.891304347826087,1125,0.3453119397163391,0.8651960784313726,0.8964218455743879,386.4504,,,,
0.3619,0.7648826241493225,0.0010952380952380953,5.0,1150,,,,,,,,
,,,5.0,1150,0.3254452049732208,0.8602941176470589,0.8972972972972973,395.0501,,,,
0.3455,1.2164255380630493,0.0010714285714285715,5.108695652173913,1175,,,,,,,,
,,,5.108695652173913,1175,0.5766712427139282,0.8112745098039216,0.8771929824561404,403.5692,,,,
0.3758,1.798879861831665,0.0010476190476190477,5.217391304347826,1200,,,,,,,,
,,,5.217391304347826,1200,0.3241329491138458,0.8676470588235294,0.9,412.1447,,,,
0.3268,0.9905538558959961,0.0010238095238095238,5.326086956521739,1225,,,,,,,,
,,,5.326086956521739,1225,0.33973196148872375,0.8676470588235294,0.9014598540145985,420.561,,,,
0.3584,1.276071310043335,0.001,5.434782608695652,1250,,,,,,,,
,,,5.434782608695652,1250,0.332416296005249,0.875,0.9097345132743363,429.1621,,,,
0.2701,1.5832067728042603,0.0009761904761904762,5.543478260869565,1275,,,,,,,,
,,,5.543478260869565,1275,0.38841143250465393,0.8529411764705882,0.8932384341637011,437.5727,,,,
0.3313,2.277900457382202,0.0009523809523809524,5.6521739130434785,1300,,,,,,,,
,,,5.6521739130434785,1300,0.3600192368030548,0.8578431372549019,0.890151515151515,446.0562,,,,
0.2986,0.6713076829910278,0.0009285714285714287,5.760869565217392,1325,,,,,,,,
,,,5.760869565217392,1325,0.3378090262413025,0.8627450980392157,0.9003558718861211,455.0642,,,,
0.3439,0.7746152877807617,0.0009047619047619047,5.869565217391305,1350,,,,,,,,
,,,5.869565217391305,1350,0.3863688111305237,0.8529411764705882,0.8996655518394648,463.6749,,,,
0.3312,1.2744938135147095,0.0008809523809523809,5.978260869565218,1375,,,,,,,,
,,,5.978260869565218,1375,0.34900572896003723,0.8578431372549019,0.9006849315068494,472.3079,,,,
0.2527,4.4584269523620605,0.0008571428571428571,6.086956521739131,1400,,,,,,,,
,,,6.086956521739131,1400,0.5697253346443176,0.8357843137254902,0.8899835796387521,480.9224,,,,
0.3435,2.3065834045410156,0.0008333333333333334,6.195652173913044,1425,,,,,,,,
,,,6.195652173913044,1425,0.46254318952560425,0.8431372549019608,0.8947368421052632,489.7308,,,,
0.3138,1.4617786407470703,0.0008095238095238096,6.304347826086957,1450,,,,,,,,
,,,6.304347826086957,1450,0.35989439487457275,0.8651960784313726,0.8975791433891992,498.0183,,,,
0.3248,1.0950140953063965,0.0007857142857142857,6.413043478260869,1475,,,,,,,,
,,,6.413043478260869,1475,0.30550071597099304,0.875,0.906764168190128,506.7268,,,,
0.3147,0.6226168870925903,0.0007619047619047619,6.521739130434782,1500,,,,,,,,
,,,6.521739130434782,1500,0.3901216983795166,0.8602941176470589,0.8934579439252337,515.1542,,,,
0.2899,2.1208813190460205,0.0007380952380952381,6.630434782608695,1525,,,,,,,,
,,,6.630434782608695,1525,0.3335064649581909,0.8725490196078431,0.9071428571428571,524.3214,,,,
0.3022,0.9397377967834473,0.0007142857142857143,6.739130434782608,1550,,,,,,,,
,,,6.739130434782608,1550,0.33383336663246155,0.8823529411764706,0.9130434782608696,532.9303,,,,
0.2563,2.366143226623535,0.0006904761904761905,6.8478260869565215,1575,,,,,,,,
,,,6.8478260869565215,1575,0.32769575715065,0.8799019607843137,0.9113924050632911,541.5932,,,,
0.3085,1.3310770988464355,0.0006666666666666666,6.956521739130435,1600,,,,,,,,
,,,6.956521739130435,1600,0.32030951976776123,0.8823529411764706,0.9124087591240876,550.1439,,,,
0.2248,1.3887324333190918,0.0006428571428571429,7.065217391304348,1625,,,,,,,,
,,,7.065217391304348,1625,0.34626778960227966,0.875,0.9064220183486239,558.5518,,,,
0.2632,1.6059056520462036,0.0006190476190476191,7.173913043478261,1650,,,,,,,,
,,,7.173913043478261,1650,0.434383362531662,0.8578431372549019,0.8897338403041825,567.1916,,,,
0.2481,0.6630358695983887,0.0005952380952380953,7.282608695652174,1675,,,,,,,,
,,,7.282608695652174,1675,0.3193095028400421,0.8799019607843137,0.9110707803992741,575.5946,,,,
0.2803,2.3866028785705566,0.0005714285714285714,7.391304347826087,1700,,,,,,,,
,,,7.391304347826087,1700,0.3205626606941223,0.8823529411764706,0.9139784946236559,584.2136,,,,
0.2484,1.3686225414276123,0.0005476190476190477,7.5,1725,,,,,,,,
,,,7.5,1725,0.37084856629371643,0.8774509803921569,0.9077490774907749,593.0046,,,,
0.2823,1.139747977256775,0.0005238095238095238,7.608695652173913,1750,,,,,,,,
,,,7.608695652173913,1750,0.3208621144294739,0.8872549019607843,0.9175627240143369,601.4848,,,,
0.2658,2.065330982208252,0.0005,7.717391304347826,1775,,,,,,,,
,,,7.717391304347826,1775,0.33470475673675537,0.8823529411764706,0.915492957746479,610.1457,,,,
0.2554,0.5853735208511353,0.0004761904761904762,7.826086956521739,1800,,,,,,,,
,,,7.826086956521739,1800,0.3381989300251007,0.8799019607843137,0.9126559714795008,618.7195,,,,
0.2535,1.1509696245193481,0.00045238095238095237,7.934782608695652,1825,,,,,,,,
,,,7.934782608695652,1825,0.32748180627822876,0.8725490196078431,0.9047619047619048,627.5775,,,,
0.2388,8.629474639892578,0.00042857142857142855,8.043478260869565,1850,,,,,,,,
,,,8.043478260869565,1850,0.3471291959285736,0.8725490196078431,0.9051094890510949,635.9997,,,,
0.21,0.7561717629432678,0.0004047619047619048,8.152173913043478,1875,,,,,,,,
,,,8.152173913043478,1875,0.3539818823337555,0.875,0.9084380610412927,644.7179,,,,
0.182,0.4305489659309387,0.00038095238095238096,8.26086956521739,1900,,,,,,,,
,,,8.26086956521739,1900,0.3672237694263458,0.8676470588235294,0.9021739130434783,653.2796,,,,
0.1918,1.4719057083129883,0.00035714285714285714,8.369565217391305,1925,,,,,,,,
,,,8.369565217391305,1925,0.3595503270626068,0.8700980392156863,0.9048473967684021,661.7855,,,,
0.2144,1.0492488145828247,0.0003333333333333333,8.478260869565217,1950,,,,,,,,
,,,8.478260869565217,1950,0.3877858817577362,0.8651960784313726,0.9036777583187391,670.6223,,,,
0.1682,1.0832133293151855,0.00030952380952380956,8.58695652173913,1975,,,,,,,,
,,,8.58695652173913,1975,0.3764655888080597,0.8872549019607843,0.9175627240143369,679.0578,,,,
0.2538,1.1889708042144775,0.0002857142857142857,8.695652173913043,2000,,,,,,,,
,,,8.695652173913043,2000,0.372081995010376,0.8823529411764706,0.9163763066202091,687.5121,,,,
0.1761,2.131615161895752,0.0002619047619047619,8.804347826086957,2025,,,,,,,,
,,,8.804347826086957,2025,0.3680339455604553,0.875,0.9081081081081082,696.8245,,,,
0.2315,1.4405596256256104,0.0002380952380952381,8.91304347826087,2050,,,,,,,,
,,,8.91304347826087,2050,0.37609434127807617,0.8725490196078431,0.9094076655052264,705.5011,,,,
0.2103,0.9452196955680847,0.00021428571428571427,9.021739130434783,2075,,,,,,,,
,,,9.021739130434783,2075,0.3511512279510498,0.875,0.9084380610412927,714.1453,,,,
0.111,1.592372179031372,0.00019047619047619048,9.130434782608695,2100,,,,,,,,
,,,9.130434782608695,2100,0.41100403666496277,0.8774509803921569,0.9077490774907749,722.7464,,,,
0.1559,0.8435423374176025,0.00016666666666666666,9.23913043478261,2125,,,,,,,,
,,,9.23913043478261,2125,0.40153783559799194,0.8676470588235294,0.9039145907473309,731.1961,,,,
0.194,2.434861660003662,0.00014285714285714284,9.347826086956522,2150,,,,,,,,
,,,9.347826086956522,2150,0.3950859010219574,0.8676470588235294,0.9032258064516129,739.742,,,,
0.1994,3.052489757537842,0.00011904761904761905,9.456521739130435,2175,,,,,,,,
,,,9.456521739130435,2175,0.3794558644294739,0.8700980392156863,0.9051878354203935,748.4927,,,,
0.1891,1.8996304273605347,9.523809523809524e-05,9.565217391304348,2200,,,,,,,,
,,,9.565217391304348,2200,0.37065210938453674,0.8676470588235294,0.9025270758122744,756.9526,,,,
0.1968,1.9075512886047363,7.142857142857142e-05,9.673913043478262,2225,,,,,,,,
,,,9.673913043478262,2225,0.37046173214912415,0.8774509803921569,0.9107142857142857,765.5048,,,,
0.1929,0.7111454606056213,4.761904761904762e-05,9.782608695652174,2250,,,,,,,,
,,,9.782608695652174,2250,0.36324310302734375,0.875,0.9087656529516995,774.253,,,,
0.1338,1.6825335025787354,2.380952380952381e-05,9.891304347826086,2275,,,,,,,,
,,,9.891304347826086,2275,0.3679381310939789,0.8700980392156863,0.9041591320072333,782.8156,,,,
0.1634,0.14519354701042175,0.0,10.0,2300,,,,,,,,
,,,10.0,2300,0.36823004484176636,0.8700980392156863,0.9041591320072333,791.3382,,,,
,,,10.0,2300,,,,790.9862,46.372,2.908,1484563025123808.0,0.3898567962128183
