loss,grad_norm,learning_rate,epoch,step,eval_loss,eval_accuracy,eval_f1,train_runtime,train_samples_per_second,train_steps_per_second,total_flos,train_loss
1.1221,3.731027126312256,1.0000000000000002e-06,0.0625,1,,,,,,,,
1.1163,3.994786024093628,1e-05,0.625,10,,,,,,,,
,,,0.625,10,1.1078541278839111,0.4642857142857143,0.21138211382113822,4.3521,,,,
1.1043,4.048509120941162,2e-05,1.25,20,,,,,,,,
,,,1.25,20,1.0841635465621948,0.5,0.2222222222222222,8.4086,,,,
1.0692,3.6610844135284424,3e-05,1.875,30,,,,,,,,
,,,1.875,30,1.048236608505249,0.5,0.2222222222222222,12.2774,,,,
1.0249,2.9031589031219482,4e-05,2.5,40,,,,,,,,
,,,2.5,40,1.0070948600769043,0.5,0.2222222222222222,16.0848,,,,
0.9545,2.6099095344543457,5e-05,3.125,50,,,,,,,,
,,,3.125,50,0.9671532511711121,0.5,0.2222222222222222,20.027,,,,
0.9582,2.1217103004455566,4.814814814814815e-05,3.75,60,,,,,,,,
,,,3.75,60,0.9416022896766663,0.5,0.2222222222222222,24.0027,,,,
0.9529,2.509007215499878,4.62962962962963e-05,4.375,70,,,,,,,,
,,,4.375,70,0.9188825488090515,0.6428571428571429,0.4250614250614251,27.749,,,,
0.8445,3.0946967601776123,4.4444444444444447e-05,5.0,80,,,,,,,,
,,,5.0,80,0.9065763354301453,0.6785714285714286,0.47478301665493783,31.6246,,,,
0.8581,1.3686028718948364,4.259259259259259e-05,5.625,90,,,,,,,,
,,,5.625,90,0.8915001153945923,0.6785714285714286,0.474468085106383,35.8592,,,,
0.8549,1.196943998336792,4.074074074074074e-05,6.25,100,,,,,,,,
,,,6.25,100,0.8770318627357483,0.6785714285714286,0.472141472868217,39.613,,,,
0.8054,3.0131077766418457,3.888888888888889e-05,6.875,110,,,,,,,,
,,,6.875,110,0.8611261248588562,0.7142857142857143,0.49642769154964284,43.4328,,,,
0.8528,2.605682611465454,3.7037037037037037e-05,7.5,120,,,,,,,,
,,,7.5,120,0.8491235375404358,0.6785714285714286,0.47478301665493783,47.0285,,,,
0.7882,2.8725249767303467,3.518518518518519e-05,8.125,130,,,,,,,,
,,,8.125,130,0.8354296684265137,0.6785714285714286,0.47391812865497074,51.0756,,,,
0.7571,1.6895641088485718,3.3333333333333335e-05,8.75,140,,,,,,,,
,,,8.75,140,0.8084856867790222,0.6785714285714286,0.47478301665493783,55.3574,,,,
0.729,3.098407506942749,3.148148148148148e-05,9.375,150,,,,,,,,
,,,9.375,150,0.7882329821586609,0.6785714285714286,0.47478301665493783,59.3013,,,,
0.7398,4.732342720031738,2.962962962962963e-05,10.0,160,,,,,,,,
,,,10.0,160,0.7777276635169983,0.6785714285714286,0.47478301665493783,63.1695,,,,
0.6284,1.279267430305481,2.777777777777778e-05,10.625,170,,,,,,,,
,,,10.625,170,0.7752862572669983,0.6785714285714286,0.47478301665493783,67.3748,,,,
0.7948,1.9298545122146606,2.5925925925925925e-05,11.25,180,,,,,,,,
,,,11.25,180,0.7654751539230347,0.6785714285714286,0.47478301665493783,71.2071,,,,
0.6184,1.7699748277664185,2.4074074074074074e-05,11.875,190,,,,,,,,
,,,11.875,190,0.7602134943008423,0.6785714285714286,0.47478301665493783,75.4027,,,,
0.5895,4.37962007522583,2.2222222222222223e-05,12.5,200,,,,,,,,
,,,12.5,200,0.7629936337471008,0.6785714285714286,0.47478301665493783,79.176,,,,
0.6862,1.6832793951034546,2.037037037037037e-05,13.125,210,,,,,,,,
,,,13.125,210,0.7625204920768738,0.6785714285714286,0.47478301665493783,82.9672,,,,
0.5916,3.009294033050537,1.8518518518518518e-05,13.75,220,,,,,,,,
,,,13.75,220,0.7620533108711243,0.6785714285714286,0.47478301665493783,87.2827,,,,
0.62,2.5908775329589844,1.6666666666666667e-05,14.375,230,,,,,,,,
,,,14.375,230,0.7586981058120728,0.6785714285714286,0.47478301665493783,91.4027,,,,
0.6581,3.898141622543335,1.4814814814814815e-05,15.0,240,,,,,,,,
,,,15.0,240,0.7543069124221802,0.6785714285714286,0.47478301665493783,95.1277,,,,
0.5836,1.685522198677063,1.2962962962962962e-05,15.625,250,,,,,,,,
,,,15.625,250,0.7476930022239685,0.6785714285714286,0.47478301665493783,99.1042,,,,
0.63,2.876007318496704,1.1111111111111112e-05,16.25,260,,,,,,,,
,,,16.25,260,0.7463193535804749,0.6785714285714286,0.47478301665493783,103.1393,,,,
0.623,4.8329033851623535,9.259259259259259e-06,16.875,270,,,,,,,,
,,,16.875,270,0.7447033524513245,0.6785714285714286,0.47478301665493783,107.1342,,,,
0.7049,1.94563889503479,7.4074074074074075e-06,17.5,280,,,,,,,,
,,,17.5,280,0.7407511472702026,0.6785714285714286,0.47478301665493783,111.3084,,,,
0.5304,2.3226208686828613,5.555555555555556e-06,18.125,290,,,,,,,,
,,,18.125,290,0.7398973107337952,0.6785714285714286,0.47478301665493783,115.1595,,,,
0.6063,4.0558624267578125,3.7037037037037037e-06,18.75,300,,,,,,,,
,,,18.75,300,0.7402166724205017,0.6785714285714286,0.47478301665493783,119.3436,,,,
0.6446,2.986701011657715,1.8518518518518519e-06,19.375,310,,,,,,,,
,,,19.375,310,0.7399070858955383,0.6785714285714286,0.47478301665493783,122.9163,,,,
0.5843,6.015376567840576,0.0,20.0,320,,,,,,,,
,,,20.0,320,0.7398261427879333,0.6785714285714286,0.47478301665493783,126.9903,,,,
,,,20.0,320,,,,126.4643,39.537,2.53,453010991768640.0,0.7657848335802555
