loss,grad_norm,learning_rate,epoch,step,eval_loss,eval_accuracy,eval_f1,train_runtime,train_samples_per_second,train_steps_per_second,total_flos,train_loss
1.7846,1.976157546043396,1e-05,0.004347826086956522,1,,,,,,,,
1.6896,3.3593263626098633,0.00025,0.10869565217391304,25,,,,,,,,
,,,0.10869565217391304,25,1.5133579969406128,0.6838235294117647,0.8122270742358079,11.0526,,,,
1.3958,1.0384749174118042,0.0005,0.21739130434782608,50,,,,,,,,
,,,0.21739130434782608,50,1.003159523010254,0.6838235294117647,0.8122270742358079,23.2069,,,,
0.7689,0.5877304077148438,0.00075,0.32608695652173914,75,,,,,,,,
,,,0.32608695652173914,75,0.6875168085098267,0.6838235294117647,0.8122270742358079,31.1554,,,,
0.6795,2.0490384101867676,0.001,0.43478260869565216,100,,,,,,,,
,,,0.43478260869565216,100,0.642230749130249,0.6838235294117647,0.8122270742358079,39.3304,,,,
0.6391,0.8635825514793396,0.00125,0.5434782608695652,125,,,,,,,,
,,,0.5434782608695652,125,0.6378332376480103,0.6838235294117647,0.8122270742358079,47.3116,,,,
0.6638,2.212059497833252,0.0015,0.6521739130434783,150,,,,,,,,
,,,0.6521739130434783,150,0.6174114942550659,0.6887254901960784,0.8135095447870779,55.4338,,,,
0.667,0.7182736992835999,0.00175,0.7608695652173914,175,,,,,,,,
,,,0.7608695652173914,175,0.6126867532730103,0.6838235294117647,0.8122270742358079,63.9502,,,,
0.6461,0.7616400122642517,0.002,0.8695652173913043,200,,,,,,,,
,,,0.8695652173913043,200,0.603076159954071,0.7009803921568627,0.8189910979228486,72.1372,,,,
0.6996,1.9340484142303467,0.0019761904761904764,0.9782608695652174,225,,,,,,,,
,,,0.9782608695652174,225,0.6458509564399719,0.7254901960784313,0.8169934640522876,80.7486,,,,
0.6632,2.668001413345337,0.0019523809523809524,1.0869565217391304,250,,,,,,,,
,,,1.0869565217391304,250,0.5790337324142456,0.7107843137254902,0.8217522658610272,88.9365,,,,
0.5952,3.6435585021972656,0.0019285714285714286,1.1956521739130435,275,,,,,,,,
,,,1.1956521739130435,275,0.5615228414535522,0.7352941176470589,0.8280254777070063,97.491,,,,
0.6101,1.196047067642212,0.0019047619047619048,1.3043478260869565,300,,,,,,,,
,,,1.3043478260869565,300,0.5571176409721375,0.7279411764705882,0.8251968503937007,106.1421,,,,
0.6288,2.5209920406341553,0.001880952380952381,1.4130434782608696,325,,,,,,,,
,,,1.4130434782608696,325,0.5992928147315979,0.7205882352941176,0.7790697674418606,115.8593,,,,
0.6001,0.6438356041908264,0.0018571428571428573,1.5217391304347827,350,,,,,,,,
,,,1.5217391304347827,350,0.5842848420143127,0.7279411764705882,0.7801980198019802,124.3067,,,,
0.6476,2.092092514038086,0.0018333333333333333,1.6304347826086958,375,,,,,,,,
,,,1.6304347826086958,375,0.5435473918914795,0.7107843137254902,0.8212121212121212,132.8989,,,,
0.5912,1.3937978744506836,0.0018095238095238095,1.7391304347826086,400,,,,,,,,
,,,1.7391304347826086,400,0.49612006545066833,0.7745098039215687,0.8445945945945946,141.5555,,,,
0.5817,1.397432565689087,0.0017857142857142859,1.8478260869565217,425,,,,,,,,
,,,1.8478260869565217,425,0.5986709594726562,0.7181372549019608,0.8286140089418779,150.0962,,,,
0.6154,2.4890971183776855,0.0017619047619047618,1.9565217391304348,450,,,,,,,,
,,,1.9565217391304348,450,0.6012856960296631,0.7352941176470589,0.8368580060422961,158.8819,,,,
0.6175,0.7751216292381287,0.0017380952380952382,2.0652173913043477,475,,,,,,,,
,,,2.0652173913043477,475,0.45261189341545105,0.7843137254901961,0.8538205980066446,167.3324,,,,
0.5823,2.7456538677215576,0.0017142857142857142,2.1739130434782608,500,,,,,,,,
,,,2.1739130434782608,500,0.5691584944725037,0.7426470588235294,0.8396946564885496,175.76,,,,
0.5676,1.362697958946228,0.0016904761904761906,2.282608695652174,525,,,,,,,,
,,,2.282608695652174,525,0.49071526527404785,0.7573529411764706,0.8426073131955484,184.8843,,,,
0.5085,1.0267715454101562,0.0016666666666666668,2.391304347826087,550,,,,,,,,
,,,2.391304347826087,550,0.43616223335266113,0.7892156862745098,0.8512110726643599,193.5216,,,,
0.5459,3.140838623046875,0.0016428571428571427,2.5,575,,,,,,,,
,,,2.5,575,0.8674131631851196,0.6936274509803921,0.8169838945827232,201.9769,,,,
0.5147,0.5705627799034119,0.0016190476190476191,2.608695652173913,600,,,,,,,,
,,,2.608695652173913,600,0.4318678677082062,0.7990196078431373,0.8642384105960265,210.4876,,,,
0.4442,0.934522271156311,0.0015952380952380953,2.717391304347826,625,,,,,,,,
,,,2.717391304347826,625,0.4057869613170624,0.8284313725490197,0.8758865248226951,219.2814,,,,
0.5187,1.6840187311172485,0.0015714285714285715,2.8260869565217392,650,,,,,,,,
,,,2.8260869565217392,650,0.41376182436943054,0.8112745098039216,0.8683760683760684,227.8528,,,,
0.4584,1.6593103408813477,0.0015476190476190477,2.9347826086956523,675,,,,,,,,
,,,2.9347826086956523,675,0.4392152726650238,0.821078431372549,0.8747855917667238,236.4571,,,,
0.4737,1.034475564956665,0.0015238095238095239,3.0434782608695654,700,,,,,,,,
,,,3.0434782608695654,700,0.4339365065097809,0.8063725490196079,0.8672268907563025,244.8888,,,,
0.4309,0.6844710111618042,0.0015,3.1521739130434785,725,,,,,,,,
,,,3.1521739130434785,725,0.4041573405265808,0.8406862745098039,0.8837209302325582,253.3756,,,,
0.4564,0.45691752433776855,0.0014761904761904762,3.260869565217391,750,,,,,,,,
,,,3.260869565217391,750,0.4456559717655182,0.7990196078431373,0.8664495114006515,261.911,,,,
0.4254,0.9796330332756042,0.0014523809523809524,3.369565217391304,775,,,,,,,,
,,,3.369565217391304,775,0.48016712069511414,0.8088235294117647,0.8741935483870967,270.4413,,,,
0.4403,1.4833292961120605,0.0014285714285714286,3.4782608695652173,800,,,,,,,,
,,,3.4782608695652173,800,0.43354469537734985,0.8235294117647058,0.8758620689655173,278.9184,,,,
0.4791,2.451768159866333,0.0014047619047619047,3.5869565217391304,825,,,,,,,,
,,,3.5869565217391304,825,0.4076445400714874,0.8235294117647058,0.8771331058020477,287.4705,,,,
0.4462,1.9161309003829956,0.001380952380952381,3.6956521739130435,850,,,,,,,,
,,,3.6956521739130435,850,0.38677167892456055,0.8235294117647058,0.8723404255319148,296.2399,,,,
0.4427,2.9081904888153076,0.0013571428571428573,3.8043478260869565,875,,,,,,,,
,,,3.8043478260869565,875,0.39355602860450745,0.8357843137254902,0.8854700854700854,304.7094,,,,
0.4131,1.4691814184188843,0.0013333333333333333,3.9130434782608696,900,,,,,,,,
,,,3.9130434782608696,900,0.36096280813217163,0.8455882352941176,0.8831168831168831,313.3005,,,,
0.4138,1.0087040662765503,0.0013095238095238095,4.021739130434782,925,,,,,,,,
,,,4.021739130434782,925,0.3968803584575653,0.8357843137254902,0.888888888888889,321.8719,,,,
0.4048,1.468575119972229,0.0012857142857142859,4.130434782608695,950,,,,,,,,
,,,4.130434782608695,950,0.36155787110328674,0.8431372549019608,0.8877192982456141,330.4327,,,,
0.4514,1.6790885925292969,0.0012619047619047618,4.239130434782608,975,,,,,,,,
,,,4.239130434782608,975,0.4350024163722992,0.8284313725490197,0.8852459016393442,338.7329,,,,
0.4451,1.3187922239303589,0.0012380952380952382,4.3478260869565215,1000,,,,,,,,
,,,4.3478260869565215,1000,0.35697323083877563,0.8455882352941176,0.8900523560209423,347.3249,,,,
0.4192,0.7605161070823669,0.0012142857142857142,4.456521739130435,1025,,,,,,,,
,,,4.456521739130435,1025,0.42235109210014343,0.8112745098039216,0.8743882544861337,356.5577,,,,
0.3813,1.761857032775879,0.0011904761904761906,4.565217391304348,1050,,,,,,,,
,,,4.565217391304348,1050,0.3997403085231781,0.8259803921568627,0.8814691151919867,365.0326,,,,
0.383,1.4799367189407349,0.0011666666666666668,4.673913043478261,1075,,,,,,,,
,,,4.673913043478261,1075,0.4270502030849457,0.8357843137254902,0.888888888888889,373.7743,,,,
0.3746,1.9327412843704224,0.0011428571428571427,4.782608695652174,1100,,,,,,,,
,,,4.782608695652174,1100,0.4020175039768219,0.8406862745098039,0.8925619834710743,382.3657,,,,
0.4298,2.091928720474243,0.0011190476190476191,4.891304347826087,1125,,,,,,,,
,,,4.891304347826087,1125,0.3519958555698395,0.8602941176470589,0.8946395563770795,390.7863,,,,
0.3989,1.0298711061477661,0.0010952380952380953,5.0,1150,,,,,,,,
,,,5.0,1150,0.3324059247970581,0.8602941176470589,0.8965517241379312,399.9741,,,,
0.3373,0.6339548826217651,0.0010714285714285715,5.108695652173913,1175,,,,,,,,
,,,5.108695652173913,1175,0.3869604170322418,0.8357843137254902,0.8877721943048577,408.3511,,,,
0.4766,2.165400981903076,0.0010476190476190477,5.217391304347826,1200,,,,,,,,
,,,5.217391304347826,1200,0.3477082848548889,0.8676470588235294,0.9003690036900369,416.8112,,,,
0.3771,0.759699821472168,0.0010238095238095238,5.326086956521739,1225,,,,,,,,
,,,5.326086956521739,1225,0.325991153717041,0.8700980392156863,0.9034608378870674,425.4725,,,,
0.4006,0.9813101887702942,0.001,5.434782608695652,1250,,,,,,,,
,,,5.434782608695652,1250,0.33752328157424927,0.8578431372549019,0.8989547038327526,433.8668,,,,
0.3332,1.3471416234970093,0.0009761904761904762,5.543478260869565,1275,,,,,,,,
,,,5.543478260869565,1275,0.3864378035068512,0.8455882352941176,0.8911917098445595,442.2829,,,,
0.3855,1.3784393072128296,0.0009523809523809524,5.6521739130434785,1300,,,,,,,,
,,,5.6521739130434785,1300,0.362201988697052,0.8504901960784313,0.8868274582560297,450.9282,,,,
0.3188,1.4391573667526245,0.0009285714285714287,5.760869565217392,1325,,,,,,,,
,,,5.760869565217392,1325,0.39650022983551025,0.8455882352941176,0.8919382504288165,459.5538,,,,
0.3749,1.2732536792755127,0.0009047619047619047,5.869565217391305,1350,,,,,,,,
,,,5.869565217391305,1350,0.38113611936569214,0.8504901960784313,0.8967851099830796,468.1087,,,,
0.3888,1.5600696802139282,0.0008809523809523809,5.978260869565218,1375,,,,,,,,
,,,5.978260869565218,1375,0.36191266775131226,0.8553921568627451,0.9001692047377327,476.9851,,,,
0.3088,3.0868873596191406,0.0008571428571428571,6.086956521739131,1400,,,,,,,,
,,,6.086956521739131,1400,0.4952836036682129,0.821078431372549,0.8824476650563607,485.3335,,,,
0.3672,0.8244456052780151,0.0008333333333333334,6.195652173913044,1425,,,,,,,,
,,,6.195652173913044,1425,0.46304142475128174,0.8259803921568627,0.8852988691437803,494.1105,,,,
0.3598,1.3827120065689087,0.0008095238095238096,6.304347826086957,1450,,,,,,,,
,,,6.304347826086957,1450,0.3682296574115753,0.8578431372549019,0.8905660377358491,502.6494,,,,
0.3876,0.9507617950439453,0.0007857142857142857,6.413043478260869,1475,,,,,,,,
,,,6.413043478260869,1475,0.31795427203178406,0.8602941176470589,0.8994708994708994,511.1368,,,,
0.3642,1.2079836130142212,0.0007619047619047619,6.521739130434782,1500,,,,,,,,
,,,6.521739130434782,1500,0.3432777225971222,0.8651960784313726,0.8987108655616944,519.5197,,,,
0.3705,2.8290927410125732,0.0007380952380952381,6.630434782608695,1525,,,,,,,,
,,,6.630434782608695,1525,0.3961961269378662,0.8308823529411765,0.8870703764320785,529.0133,,,,
0.3486,1.1197450160980225,0.0007142857142857143,6.739130434782608,1550,,,,,,,,
,,,6.739130434782608,1550,0.32245784997940063,0.8529411764705882,0.8913043478260869,537.4563,,,,
0.2951,2.051652669906616,0.0006904761904761905,6.8478260869565215,1575,,,,,,,,
,,,6.8478260869565215,1575,0.32820701599121094,0.8676470588235294,0.9039145907473309,545.9496,,,,
0.3738,1.2003505229949951,0.0006666666666666666,6.956521739130435,1600,,,,,,,,
,,,6.956521739130435,1600,0.31610459089279175,0.8799019607843137,0.9123434704830053,554.7736,,,,
0.2773,1.0222442150115967,0.0006428571428571429,7.065217391304348,1625,,,,,,,,
,,,7.065217391304348,1625,0.3230822682380676,0.8725490196078431,0.9057971014492753,563.0711,,,,
0.3101,4.873016834259033,0.0006190476190476191,7.173913043478261,1650,,,,,,,,
,,,7.173913043478261,1650,0.35233816504478455,0.8553921568627451,0.888468809073724,571.4938,,,,
0.2897,0.6320666074752808,0.0005952380952380953,7.282608695652174,1675,,,,,,,,
,,,7.282608695652174,1675,0.3245393633842468,0.8700980392156863,0.9048473967684021,580.0997,,,,
0.3262,2.126197576522827,0.0005714285714285714,7.391304347826087,1700,,,,,,,,
,,,7.391304347826087,1700,0.34057721495628357,0.8627450980392157,0.9050847457627118,588.6516,,,,
0.3159,1.060662031173706,0.0005476190476190477,7.5,1725,,,,,,,,
,,,7.5,1725,0.32484865188598633,0.8627450980392157,0.904109589041096,597.2355,,,,
0.3186,1.5079623460769653,0.0005238095238095238,7.608695652173913,1750,,,,,,,,
,,,7.608695652173913,1750,0.33339226245880127,0.8553921568627451,0.9001692047377327,605.9175,,,,
0.3242,1.4384690523147583,0.0005,7.717391304347826,1775,,,,,,,,
,,,7.717391304347826,1775,0.3675425052642822,0.8504901960784313,0.8985024958402663,614.5722,,,,
0.3434,1.252957820892334,0.0004761904761904762,7.826086956521739,1800,,,,,,,,
,,,7.826086956521739,1800,0.3271566927433014,0.8602941176470589,0.9012131715771231,622.902,,,,
0.3156,0.730582594871521,0.00045238095238095237,7.934782608695652,1825,,,,,,,,
,,,7.934782608695652,1825,0.3147730231285095,0.8602941176470589,0.8991150442477877,631.9182,,,,
0.3467,0.8014853596687317,0.00042857142857142855,8.043478260869565,1850,,,,,,,,
,,,8.043478260869565,1850,0.32315927743911743,0.8700980392156863,0.9094017094017094,640.3834,,,,
0.2906,1.092058539390564,0.0004047619047619048,8.152173913043478,1875,,,,,,,,
,,,8.152173913043478,1875,0.3145402669906616,0.8725490196078431,0.9100346020761245,648.8184,,,,
0.2567,0.6415731310844421,0.00038095238095238096,8.26086956521739,1900,,,,,,,,
,,,8.26086956521739,1900,0.32140642404556274,0.8848039215686274,0.91651865008881,657.5367,,,,
0.2788,0.6724989414215088,0.00035714285714285714,8.369565217391305,1925,,,,,,,,
,,,8.369565217391305,1925,0.3130101263523102,0.8700980392156863,0.9048473967684021,666.1886,,,,
0.2864,1.1374372243881226,0.0003333333333333333,8.478260869565217,1950,,,,,,,,
,,,8.478260869565217,1950,0.34314629435539246,0.8602941176470589,0.9018932874354562,674.7148,,,,
0.2569,0.9053260684013367,0.00030952380952380956,8.58695652173913,1975,,,,,,,,
,,,8.58695652173913,1975,0.31794193387031555,0.8725490196078431,0.9081272084805654,683.3573,,,,
0.2819,0.7509956359863281,0.0002857142857142857,8.695652173913043,2000,,,,,,,,
,,,8.695652173913043,2000,0.33872851729393005,0.8700980392156863,0.9090909090909091,692.0275,,,,
0.2531,1.8702917098999023,0.0002619047619047619,8.804347826086957,2025,,,,,,,,
,,,8.804347826086957,2025,0.32040098309516907,0.8700980392156863,0.9048473967684021,701.2873,,,,
0.3185,0.8275140523910522,0.0002380952380952381,8.91304347826087,2050,,,,,,,,
,,,8.91304347826087,2050,0.34030044078826904,0.8676470588235294,0.9072164948453608,709.9764,,,,
0.3034,0.6909389495849609,0.00021428571428571427,9.021739130434783,2075,,,,,,,,
,,,9.021739130434783,2075,0.30083420872688293,0.8799019607843137,0.9126559714795008,718.3619,,,,
0.2154,0.7707102298736572,0.00019047619047619048,9.130434782608695,2100,,,,,,,,
,,,9.130434782608695,2100,0.31295961141586304,0.8725490196078431,0.9057971014492753,726.6436,,,,
0.224,1.1077030897140503,0.00016666666666666666,9.23913043478261,2125,,,,,,,,
,,,9.23913043478261,2125,0.3329406678676605,0.8676470588235294,0.9065743944636677,735.1097,,,,
0.2641,1.0465493202209473,0.00014285714285714284,9.347826086956522,2150,,,,,,,,
,,,9.347826086956522,2150,0.3297855854034424,0.8676470588235294,0.9065743944636677,743.4868,,,,
0.2899,1.4387342929840088,0.00011904761904761905,9.456521739130435,2175,,,,,,,,
,,,9.456521739130435,2175,0.3134143650531769,0.8774509803921569,0.912280701754386,751.8391,,,,
0.3028,0.8038696646690369,9.523809523809524e-05,9.565217391304348,2200,,,,,,,,
,,,9.565217391304348,2200,0.31412607431411743,0.875,0.9106830122591945,760.3723,,,,
0.2638,1.065990924835205,7.142857142857142e-05,9.673913043478262,2225,,,,,,,,
,,,9.673913043478262,2225,0.3063080310821533,0.875,0.9103690685413005,768.7064,,,,
0.2714,0.6156411170959473,4.761904761904762e-05,9.782608695652174,2250,,,,,,,,
,,,9.782608695652174,2250,0.305826872587204,0.8774509803921569,0.912280701754386,777.0163,,,,
0.2312,1.8226585388183594,2.380952380952381e-05,9.891304347826086,2275,,,,,,,,
,,,9.891304347826086,2275,0.30156660079956055,0.8823529411764706,0.9139784946236559,785.6076,,,,
0.2275,0.46454155445098877,0.0,10.0,2300,,,,,,,,
,,,10.0,2300,0.3016566336154938,0.8823529411764706,0.9139784946236559,794.0586,,,,
,,,10.0,2300,,,,793.7238,46.213,2.898,1484563025123808.0,0.4435464695225591
