loss,grad_norm,learning_rate,epoch,step,eval_loss,eval_accuracy,eval_f1,train_runtime,train_samples_per_second,train_steps_per_second,total_flos,train_loss
1.2207,6.222174167633057,1e-05,0.0625,1,,,,,,,,
1.0913,3.0745902061462402,0.0001,0.625,10,,,,,,,,
,,,0.625,10,1.0486494302749634,0.4107142857142857,0.1940928270042194,5.2464,,,,
0.9858,3.765864610671997,0.0002,1.25,20,,,,,,,,
,,,1.25,20,0.9183120131492615,0.4107142857142857,0.1940928270042194,10.2572,,,,
0.9038,2.2470664978027344,0.0003,1.875,30,,,,,,,,
,,,1.875,30,0.8394038081169128,0.6964285714285714,0.48424908424908425,15.0892,,,,
0.7888,1.2090867757797241,0.0004,2.5,40,,,,,,,,
,,,2.5,40,0.7351660132408142,0.7142857142857143,0.4991636798088411,19.8549,,,,
0.6324,3.151644229888916,0.0005,3.125,50,,,,,,,,
,,,3.125,50,0.7305532693862915,0.6785714285714286,0.47391812865497074,24.6917,,,,
0.4699,1.749442458152771,0.00048148148148148144,3.75,60,,,,,,,,
,,,3.75,60,0.5021877288818359,0.8214285714285714,0.5732959850606909,29.6308,,,,
0.2265,2.848748207092285,0.000462962962962963,4.375,70,,,,,,,,
,,,4.375,70,0.31846946477890015,0.8928571428571429,0.8013175230566535,34.2994,,,,
0.413,1.940414547920227,0.0004444444444444444,5.0,80,,,,,,,,
,,,5.0,80,0.34339627623558044,0.875,0.7153968253968254,39.0962,,,,
0.1351,1.525289535522461,0.00042592592592592595,5.625,90,,,,,,,,
,,,5.625,90,0.22513173520565033,0.9285714285714286,0.7537364266538447,44.3397,,,,
0.0953,1.209578514099121,0.0004074074074074074,6.25,100,,,,,,,,
,,,6.25,100,0.14189523458480835,0.9464285714285714,0.8906796601699151,49.0325,,,,
0.0306,0.9724600315093994,0.0003888888888888889,6.875,110,,,,,,,,
,,,6.875,110,0.15791726112365723,0.9464285714285714,0.8906796601699151,53.7621,,,,
0.0906,0.21040360629558563,0.00037037037037037035,7.5,120,,,,,,,,
,,,7.5,120,0.348463773727417,0.9107142857142857,0.9320271891243502,58.2046,,,,
0.0189,0.026137083768844604,0.0003518518518518519,8.125,130,,,,,,,,
,,,8.125,130,0.11086761951446533,0.9642857142857143,0.9201805286911671,63.2077,,,,
0.0044,0.010475660674273968,0.0003333333333333333,8.75,140,,,,,,,,
,,,8.75,140,0.28467872738838196,0.9107142857142857,0.9320271891243502,68.5421,,,,
0.0257,0.006049828603863716,0.0003148148148148148,9.375,150,,,,,,,,
,,,9.375,150,0.18325921893119812,0.9107142857142857,0.889709906951286,73.407,,,,
0.0016,0.0057112411595880985,0.0002962962962962963,10.0,160,,,,,,,,
,,,10.0,160,0.01375080831348896,1.0,1.0,78.2042,,,,
0.0004,0.020119700580835342,0.0002777777777777778,10.625,170,,,,,,,,
,,,10.625,170,0.006765957456082106,1.0,1.0,83.4503,,,,
0.0004,0.0008643550681881607,0.00025925925925925926,11.25,180,,,,,,,,
,,,11.25,180,0.005555246490985155,1.0,1.0,88.2046,,,,
0.0002,0.0006340552354231477,0.00024074074074074072,11.875,190,,,,,,,,
,,,11.875,190,0.005114915780723095,1.0,1.0,93.451,,,,
0.0001,0.003252062713727355,0.0002222222222222222,12.5,200,,,,,,,,
,,,12.5,200,0.005217448808252811,1.0,1.0,98.1326,,,,
0.0001,0.0016807998763397336,0.0002037037037037037,13.125,210,,,,,,,,
,,,13.125,210,0.005381896626204252,1.0,1.0,102.859,,,,
0.0003,0.0009878388373181224,0.00018518518518518518,13.75,220,,,,,,,,
,,,13.75,220,0.004548202268779278,1.0,1.0,108.1803,,,,
0.0001,0.0012108994415029883,0.00016666666666666666,14.375,230,,,,,,,,
,,,14.375,230,0.004658413585275412,1.0,1.0,113.2929,,,,
0.0002,0.01969723403453827,0.00014814814814814815,15.0,240,,,,,,,,
,,,15.0,240,0.004636854864656925,1.0,1.0,118.0172,,,,
0.0001,0.026461340487003326,0.00012962962962962963,15.625,250,,,,,,,,
,,,15.625,250,0.004583198577165604,1.0,1.0,122.8821,,,,
0.0001,0.0045692468993365765,0.0001111111111111111,16.25,260,,,,,,,,
,,,16.25,260,0.004569449461996555,1.0,1.0,127.9026,,,,
0.0003,0.002850930904969573,9.259259259259259e-05,16.875,270,,,,,,,,
,,,16.875,270,0.00446702865883708,1.0,1.0,132.9322,,,,
0.0002,0.0038946059066802263,7.407407407407407e-05,17.5,280,,,,,,,,
,,,17.5,280,0.004287721123546362,1.0,1.0,138.0813,,,,
0.0001,0.0036337245255708694,5.555555555555555e-05,18.125,290,,,,,,,,
,,,18.125,290,0.004237697925418615,1.0,1.0,142.9092,,,,
0.0001,0.0016925431555137038,3.7037037037037037e-05,18.75,300,,,,,,,,
,,,18.75,300,0.004230692517012358,1.0,1.0,148.1116,,,,
0.0001,0.001325692399404943,1.8518518518518518e-05,19.375,310,,,,,,,,
,,,19.375,310,0.0042184158228337765,1.0,1.0,152.5509,,,,
0.0001,0.002430632011964917,0.0,20.0,320,,,,,,,,
,,,20.0,320,0.0042152986861765385,1.0,1.0,157.6203,,,,
,,,20.0,320,,,,157.1392,31.819,2.036,463781130822720.0,0.18530417998190388
