loss,grad_norm,learning_rate,epoch,step,eval_loss,eval_accuracy,eval_f1,train_runtime,train_samples_per_second,train_steps_per_second,total_flos,train_loss
1.1672,4.064709186553955,2.0000000000000003e-06,0.0625,1,,,,,,,,
1.1087,4.819646835327148,2e-05,0.625,10,,,,,,,,
,,,0.625,10,1.0589278936386108,0.4107142857142857,0.1940928270042194,6.0185,,,,
0.9471,3.9630470275878906,4e-05,1.25,20,,,,,,,,
,,,1.25,20,0.8355337977409363,0.6785714285714286,0.47391812865497074,11.7138,,,,
0.7491,3.9966981410980225,6e-05,1.875,30,,,,,,,,
,,,1.875,30,0.8281726837158203,0.6964285714285714,0.486277269528501,17.2652,,,,
0.508,5.50893497467041,8e-05,2.5,40,,,,,,,,
,,,2.5,40,0.6153256297111511,0.8035714285714286,0.5602240896358542,22.7396,,,,
0.445,11.734289169311523,0.0001,3.125,50,,,,,,,,
,,,3.125,50,0.5238913893699646,0.8214285714285714,0.572893772893773,28.2995,,,,
0.3432,57.787227630615234,9.62962962962963e-05,3.75,60,,,,,,,,
,,,3.75,60,0.9823300242424011,0.8214285714285714,0.572893772893773,34.0151,,,,
0.3278,13.527750015258789,9.25925925925926e-05,4.375,70,,,,,,,,
,,,4.375,70,0.9266839027404785,0.7857142857142857,0.5448158914728681,39.3461,,,,
0.2307,31.498937606811523,8.888888888888889e-05,5.0,80,,,,,,,,
,,,5.0,80,0.8172712922096252,0.8214285714285714,0.5783475783475783,44.913,,,,
0.2999,40.54924392700195,8.518518518518518e-05,5.625,90,,,,,,,,
,,,5.625,90,0.5250505208969116,0.8392857142857143,0.5867612293144208,50.9083,,,,
0.1347,1.5132508277893066,8.148148148148148e-05,6.25,100,,,,,,,,
,,,6.25,100,0.27974361181259155,0.9464285714285714,0.9083820662768032,56.2946,,,,
0.1345,0.06671345233917236,7.777777777777778e-05,6.875,110,,,,,,,,
,,,6.875,110,0.3444596230983734,0.9107142857142857,0.8636618141097424,61.7489,,,,
0.1927,0.37829190492630005,7.407407407407407e-05,7.5,120,,,,,,,,
,,,7.5,120,0.7760595679283142,0.8035714285714286,0.7552969905911082,66.8038,,,,
0.1014,0.1940373331308365,7.037037037037038e-05,8.125,130,,,,,,,,
,,,8.125,130,0.5083516836166382,0.9107142857142857,0.8631229553215368,72.5992,,,,
0.0356,17.333349227905273,6.666666666666667e-05,8.75,140,,,,,,,,
,,,8.75,140,0.8461737036705017,0.8571428571428571,0.7886939571150098,78.6652,,,,
0.0339,0.06351088732481003,6.296296296296296e-05,9.375,150,,,,,,,,
,,,9.375,150,0.8582468032836914,0.8928571428571429,0.864106823409149,84.2273,,,,
0.0013,0.26235851645469666,5.925925925925926e-05,10.0,160,,,,,,,,
,,,10.0,160,0.9700978994369507,0.8392857142857143,0.791530398322851,89.7259,,,,
0.0262,0.012241188436746597,5.555555555555556e-05,10.625,170,,,,,,,,
,,,10.625,170,0.8792420625686646,0.8928571428571429,0.889259829937796,95.721,,,,
0.0012,1.5867387056350708,5.185185185185185e-05,11.25,180,,,,,,,,
,,,11.25,180,0.967748761177063,0.8571428571428571,0.8241517346549752,101.1704,,,,
0.002,0.013361110351979733,4.814814814814815e-05,11.875,190,,,,,,,,
,,,11.875,190,1.0070124864578247,0.875,0.8222222222222223,107.1161,,,,
0.0334,0.03394785150885582,4.4444444444444447e-05,12.5,200,,,,,,,,
,,,12.5,200,1.0742688179016113,0.875,0.8222222222222223,112.5269,,,,
0.0513,0.004224968608468771,4.074074074074074e-05,13.125,210,,,,,,,,
,,,13.125,210,1.1134368181228638,0.8571428571428571,0.8091935264517884,117.9746,,,,
0.0042,0.023700250312685966,3.7037037037037037e-05,13.75,220,,,,,,,,
,,,13.75,220,1.0650101900100708,0.8571428571428571,0.8091935264517884,124.08,,,,
0.0003,0.006025784183293581,3.3333333333333335e-05,14.375,230,,,,,,,,
,,,14.375,230,0.9852571487426758,0.875,0.8363395863395864,129.9838,,,,
0.0003,0.006187796592712402,2.962962962962963e-05,15.0,240,,,,,,,,
,,,15.0,240,0.9633622765541077,0.875,0.8363395863395864,135.3699,,,,
0.0003,0.004015439189970493,2.5925925925925925e-05,15.625,250,,,,,,,,
,,,15.625,250,0.9580761790275574,0.875,0.8363395863395864,140.9882,,,,
0.0003,0.004153096582740545,2.2222222222222223e-05,16.25,260,,,,,,,,
,,,16.25,260,0.9918074011802673,0.8571428571428571,0.8227006911217437,146.7775,,,,
0.0003,0.006601329892873764,1.8518518518518518e-05,16.875,270,,,,,,,,
,,,16.875,270,0.9977946877479553,0.8571428571428571,0.8091935264517884,152.5188,,,,
0.0003,0.0034779920242726803,1.4814814814814815e-05,17.5,280,,,,,,,,
,,,17.5,280,1.0031788349151611,0.875,0.8503952188162714,158.4297,,,,
0.0003,0.003063465002924204,1.1111111111111112e-05,18.125,290,,,,,,,,
,,,18.125,290,1.0051746368408203,0.875,0.8503952188162714,163.9524,,,,
0.0002,0.0034030063543468714,7.4074074074074075e-06,18.75,300,,,,,,,,
,,,18.75,300,1.0071505308151245,0.875,0.8503952188162714,169.9346,,,,
0.0002,0.004048431292176247,3.7037037037037037e-06,19.375,310,,,,,,,,
,,,19.375,310,1.0081363916397095,0.875,0.8503952188162714,175.0639,,,,
0.0003,0.0037474832497537136,0.0,20.0,320,,,,,,,,
,,,20.0,320,1.0084384679794312,0.875,0.8503952188162714,180.8395,,,,
,,,20.0,320,,,,180.3176,27.729,1.775,446840583950880.0,0.17875498813737067
