loss,grad_norm,learning_rate,epoch,step,eval_loss,eval_accuracy,eval_f1,train_runtime,train_samples_per_second,train_steps_per_second,total_flos,train_loss
1.1838,4.285682201385498,1e-05,0.0625,1,,,,,,,,
1.0991,3.484670400619507,0.0001,0.625,10,,,,,,,,
,,,0.625,10,1.050204873085022,0.4107142857142857,0.1940928270042194,4.7615,,,,
0.9561,3.3499021530151367,0.0002,1.25,20,,,,,,,,
,,,1.25,20,0.924371063709259,0.4107142857142857,0.1940928270042194,9.2624,,,,
0.875,2.6199698448181152,0.0003,1.875,30,,,,,,,,
,,,1.875,30,0.8824625015258789,0.6607142857142857,0.4478351591027647,13.6098,,,,
0.8843,1.0851466655731201,0.0004,2.5,40,,,,,,,,
,,,2.5,40,0.7732016444206238,0.6964285714285714,0.4872881355932203,17.9017,,,,
0.6657,2.2611277103424072,0.0005,3.125,50,,,,,,,,
,,,3.125,50,0.6874430775642395,0.6964285714285714,0.4872881355932203,22.2806,,,,
0.5963,2.331322431564331,0.00048148148148148144,3.75,60,,,,,,,,
,,,3.75,60,0.683346688747406,0.75,0.524731182795699,26.7384,,,,
0.3397,2.8331968784332275,0.000462962962962963,4.375,70,,,,,,,,
,,,4.375,70,0.5028194189071655,0.8214285714285714,0.5741525423728813,30.9082,,,,
0.2677,2.8385860919952393,0.0004444444444444444,5.0,80,,,,,,,,
,,,5.0,80,0.4518079459667206,0.8571428571428571,0.5990643274853801,35.2744,,,,
0.1877,2.5962064266204834,0.00042592592592592595,5.625,90,,,,,,,,
,,,5.625,90,0.3663194477558136,0.8035714285714286,0.5614657210401891,39.9913,,,,
0.1243,1.5410511493682861,0.0004074074074074074,6.25,100,,,,,,,,
,,,6.25,100,0.3547741770744324,0.8392857142857143,0.5933528836754642,44.2131,,,,
0.0498,0.10478165745735168,0.0003888888888888889,6.875,110,,,,,,,,
,,,6.875,110,0.40395084023475647,0.875,0.7153968253968254,48.5233,,,,
0.0721,1.2355599403381348,0.00037037037037037035,7.5,120,,,,,,,,
,,,7.5,120,0.3050713837146759,0.875,0.8113628236679918,52.4931,,,,
0.0255,0.8576064109802246,0.0003518518518518519,8.125,130,,,,,,,,
,,,8.125,130,0.48064860701560974,0.9107142857142857,0.881478629187524,57.0407,,,,
0.0303,0.27586397528648376,0.0003333333333333333,8.75,140,,,,,,,,
,,,8.75,140,0.3403624892234802,0.9107142857142857,0.9044113450893111,61.8634,,,,
0.04,0.17727403342723846,0.0003148148148148148,9.375,150,,,,,,,,
,,,9.375,150,0.2245214432477951,0.9285714285714286,0.9178634416729654,66.2251,,,,
0.0061,0.008115647360682487,0.0002962962962962963,10.0,160,,,,,,,,
,,,10.0,160,0.24957908689975739,0.9464285714285714,0.960723912206392,70.5906,,,,
0.0039,0.051664575934410095,0.0002777777777777778,10.625,170,,,,,,,,
,,,10.625,170,0.23955117166042328,0.9464285714285714,0.960723912206392,75.3194,,,,
0.0074,0.11851628869771957,0.00025925925925925926,11.25,180,,,,,,,,
,,,11.25,180,0.2808604836463928,0.8928571428571429,0.8519659076769939,79.6231,,,,
0.0295,0.014222352765500546,0.00024074074074074072,11.875,190,,,,,,,,
,,,11.875,190,0.307956725358963,0.9107142857142857,0.8646926536731634,84.3718,,,,
0.0007,0.0015735630877315998,0.0002222222222222222,12.5,200,,,,,,,,
,,,12.5,200,0.2550613582134247,0.9107142857142857,0.9042579994960948,88.5904,,,,
0.0003,0.0012038550339639187,0.0002037037037037037,13.125,210,,,,,,,,
,,,13.125,210,0.27006545662879944,0.9107142857142857,0.9042579994960948,92.8582,,,,
0.0008,0.05292318016290665,0.00018518518518518518,13.75,220,,,,,,,,
,,,13.75,220,0.27331122756004333,0.9107142857142857,0.9042579994960948,97.6743,,,,
0.0006,0.0014189163921400905,0.00016666666666666666,14.375,230,,,,,,,,
,,,14.375,230,0.26945140957832336,0.9107142857142857,0.9042579994960948,102.3086,,,,
0.0005,0.01286295522004366,0.00014814814814814815,15.0,240,,,,,,,,
,,,15.0,240,0.2679302394390106,0.9285714285714286,0.9475308641975309,106.5201,,,,
0.0009,0.0020285951904952526,0.00012962962962962963,15.625,250,,,,,,,,
,,,15.625,250,0.26843497157096863,0.9285714285714286,0.917003367003367,110.9395,,,,
0.0002,0.007153192535042763,0.0001111111111111111,16.25,260,,,,,,,,
,,,16.25,260,0.26972100138664246,0.9285714285714286,0.917003367003367,115.4849,,,,
0.0004,0.0019208879675716162,9.259259259259259e-05,16.875,270,,,,,,,,
,,,16.875,270,0.27419713139533997,0.9285714285714286,0.917003367003367,119.9588,,,,
0.0013,0.0007334870169870555,7.407407407407407e-05,17.5,280,,,,,,,,
,,,17.5,280,0.25683459639549255,0.9285714285714286,0.917003367003367,124.6163,,,,
0.0002,0.004853093530982733,5.555555555555555e-05,18.125,290,,,,,,,,
,,,18.125,290,0.2517983615398407,0.9285714285714286,0.917003367003367,128.9172,,,,
0.0004,0.0017355192685499787,3.7037037037037037e-05,18.75,300,,,,,,,,
,,,18.75,300,0.25161027908325195,0.9285714285714286,0.917003367003367,133.6538,,,,
0.0006,0.03907971829175949,1.8518518518518518e-05,19.375,310,,,,,,,,
,,,19.375,310,0.25138965249061584,0.9285714285714286,0.917003367003367,137.6423,,,,
0.0007,0.011473388411104679,0.0,20.0,320,,,,,,,,
,,,20.0,320,0.2516802251338959,0.9285714285714286,0.917003367003367,142.2097,,,,
,,,20.0,320,,,,141.7645,35.27,2.257,474551269876800.0,0.19614247445351793
