loss,grad_norm,learning_rate,epoch,step,eval_loss,eval_accuracy,train_runtime,train_samples_per_second,train_steps_per_second,total_flos,train_loss
0.718,1.696911096572876,3.5e-06,0.00641025641025641,1,,,,,,,
0.7041,1.0718462467193604,8.75e-05,0.16025641025641027,25,,,,,,,
,,,0.16025641025641027,25,0.7035180926322937,0.4729241877256318,11.0931,,,,
0.7259,0.9407327771186829,0.000175,0.32051282051282054,50,,,,,,,
,,,0.32051282051282054,50,0.6916833519935608,0.5270758122743683,21.6996,,,,
0.6947,0.6567738056182861,0.0002625,0.4807692307692308,75,,,,,,,
,,,0.4807692307692308,75,0.6979069113731384,0.5270758122743683,33.6726,,,,
0.7018,2.38590931892395,0.00035,0.6410256410256411,100,,,,,,,
,,,0.6410256410256411,100,0.6938962936401367,0.4657039711191336,44.6509,,,,
0.702,2.761660099029541,0.0004375,0.8012820512820513,125,,,,,,,
,,,0.8012820512820513,125,0.6899554133415222,0.5270758122743683,56.3827,,,,
0.6967,1.931119441986084,0.000525,0.9615384615384616,150,,,,,,,
,,,0.9615384615384616,150,0.6894729733467102,0.5270758122743683,67.3239,,,,
0.6989,3.0957083702087402,0.0006125,1.1217948717948718,175,,,,,,,
,,,1.1217948717948718,175,0.6915620565414429,0.48014440433212996,78.6347,,,,
0.6919,2.8560140132904053,0.0007,1.282051282051282,200,,,,,,,
,,,1.282051282051282,200,0.6574468612670898,0.6101083032490975,89.9094,,,,
0.6846,0.6486419439315796,0.0006871323529411764,1.4423076923076923,225,,,,,,,
,,,1.4423076923076923,225,0.6487042307853699,0.6389891696750902,100.8832,,,,
0.6697,3.3201093673706055,0.0006742647058823529,1.6025641025641026,250,,,,,,,
,,,1.6025641025641026,250,0.6497427225112915,0.6064981949458483,112.0661,,,,
0.6837,1.2309763431549072,0.0006613970588235294,1.7628205128205128,275,,,,,,,
,,,1.7628205128205128,275,0.6636826395988464,0.6101083032490975,122.8562,,,,
0.6677,0.8258326649665833,0.0006485294117647059,1.9230769230769231,300,,,,,,,
,,,1.9230769230769231,300,0.7429739236831665,0.5415162454873647,134.3083,,,,
0.6292,1.6064422130584717,0.0006356617647058823,2.0833333333333335,325,,,,,,,
,,,2.0833333333333335,325,0.644671618938446,0.6967509025270758,145.1623,,,,
0.5871,1.4407901763916016,0.0006227941176470587,2.2435897435897436,350,,,,,,,
,,,2.2435897435897436,350,0.5544215440750122,0.7220216606498195,156.1436,,,,
0.5609,1.8054982423782349,0.0006099264705882353,2.4038461538461537,375,,,,,,,
,,,2.4038461538461537,375,0.6234884262084961,0.6967509025270758,167.2679,,,,
0.5869,1.3331483602523804,0.0005970588235294117,2.564102564102564,400,,,,,,,
,,,2.564102564102564,400,0.5932642817497253,0.6967509025270758,178.3872,,,,
0.5421,2.585254192352295,0.0005841911764705882,2.7243589743589745,425,,,,,,,
,,,2.7243589743589745,425,0.5793961882591248,0.7003610108303249,189.652,,,,
0.55,1.611135482788086,0.0005713235294117647,2.8846153846153846,450,,,,,,,
,,,2.8846153846153846,450,0.6090491414070129,0.6967509025270758,200.979,,,,
0.4981,2.486830949783325,0.0005584558823529412,3.0448717948717947,475,,,,,,,
,,,3.0448717948717947,475,0.6247037649154663,0.7003610108303249,212.0786,,,,
0.5955,3.2924840450286865,0.0005455882352941177,3.2051282051282053,500,,,,,,,
,,,3.2051282051282053,500,0.5378239750862122,0.7328519855595668,223.4064,,,,
0.5201,1.9935389757156372,0.0005327205882352941,3.3653846153846154,525,,,,,,,
,,,3.3653846153846154,525,0.534082293510437,0.7292418772563177,234.9575,,,,
0.493,6.563018798828125,0.0005198529411764706,3.5256410256410255,550,,,,,,,
,,,3.5256410256410255,550,0.605461597442627,0.7220216606498195,245.6406,,,,
0.5051,1.613135576248169,0.0005069852941176471,3.685897435897436,575,,,,,,,
,,,3.685897435897436,575,0.5406396985054016,0.7364620938628159,256.3988,,,,
0.5183,3.028341770172119,0.0004941176470588236,3.8461538461538463,600,,,,,,,
,,,3.8461538461538463,600,0.5990000367164612,0.7328519855595668,267.8501,,,,
0.388,5.355499744415283,0.00048125,4.006410256410256,625,,,,,,,
,,,4.006410256410256,625,0.6133949756622314,0.7545126353790613,279.167,,,,
0.4462,1.3915894031524658,0.00046838235294117644,4.166666666666667,650,,,,,,,
,,,4.166666666666667,650,0.49351441860198975,0.7617328519855595,290.569,,,,
0.4174,5.178743839263916,0.00045551470588235297,4.326923076923077,675,,,,,,,
,,,4.326923076923077,675,0.5826755166053772,0.7472924187725631,301.3898,,,,
0.3214,2.867185592651367,0.0004426470588235294,4.487179487179487,700,,,,,,,
,,,4.487179487179487,700,0.6380131840705872,0.7509025270758123,312.8931,,,,
0.3926,1.828013300895691,0.0004297794117647059,4.647435897435898,725,,,,,,,
,,,4.647435897435898,725,0.6840968132019043,0.7436823104693141,323.8043,,,,
0.4022,3.3983869552612305,0.00041691176470588234,4.8076923076923075,750,,,,,,,
,,,4.8076923076923075,750,0.5587576031684875,0.7545126353790613,334.9795,,,,
0.4071,8.384977340698242,0.00040404411764705876,4.967948717948718,775,,,,,,,
,,,4.967948717948718,775,0.7467001080513,0.7292418772563177,345.9483,,,,
0.3519,3.9037327766418457,0.0003911764705882353,5.128205128205128,800,,,,,,,
,,,5.128205128205128,800,0.5506873726844788,0.7509025270758123,357.2219,,,,
0.3383,2.24164080619812,0.00037830882352941176,5.288461538461538,825,,,,,,,
,,,5.288461538461538,825,0.6397079229354858,0.7545126353790613,368.4457,,,,
0.3267,2.8619017601013184,0.00036544117647058824,5.448717948717949,850,,,,,,,
,,,5.448717948717949,850,0.5977886319160461,0.7472924187725631,380.0713,,,,
0.3997,2.7731611728668213,0.0003525735294117647,5.608974358974359,875,,,,,,,
,,,5.608974358974359,875,0.55497807264328,0.7617328519855595,391.4797,,,,
0.293,4.229959964752197,0.0003397058823529412,5.769230769230769,900,,,,,,,
,,,5.769230769230769,900,0.6446983814239502,0.7545126353790613,402.4133,,,,
0.4277,4.647691249847412,0.00032683823529411766,5.92948717948718,925,,,,,,,
,,,5.92948717948718,925,0.635191798210144,0.7545126353790613,413.4187,,,,
0.3459,2.997864246368408,0.00031397058823529414,6.089743589743589,950,,,,,,,
,,,6.089743589743589,950,0.7189719676971436,0.7364620938628159,424.496,,,,
0.2958,2.8058154582977295,0.0003011029411764706,6.25,975,,,,,,,
,,,6.25,975,0.8308423757553101,0.7436823104693141,435.8994,,,,
0.3428,2.2805821895599365,0.00028823529411764703,6.410256410256411,1000,,,,,,,
,,,6.410256410256411,1000,0.7338907122612,0.7472924187725631,446.813,,,,
0.3151,3.6332902908325195,0.0002753676470588235,6.57051282051282,1025,,,,,,,
,,,6.57051282051282,1025,0.7023635506629944,0.7328519855595668,458.2792,,,,
0.2854,2.4059436321258545,0.0002625,6.730769230769231,1050,,,,,,,
,,,6.730769230769231,1050,0.6615641117095947,0.7545126353790613,469.517,,,,
0.2749,2.213792085647583,0.00024963235294117646,6.891025641025641,1075,,,,,,,
,,,6.891025641025641,1075,0.6505159735679626,0.7689530685920578,481.2916,,,,
0.2783,1.5734074115753174,0.00023676470588235296,7.051282051282051,1100,,,,,,,
,,,7.051282051282051,1100,0.6983077526092529,0.7725631768953068,492.2122,,,,
0.2976,3.6962687969207764,0.00022389705882352938,7.211538461538462,1125,,,,,,,
,,,7.211538461538462,1125,0.6456108689308167,0.7689530685920578,503.0488,,,,
0.2292,4.837706565856934,0.00021102941176470586,7.371794871794872,1150,,,,,,,
,,,7.371794871794872,1150,0.6759451031684875,0.7689530685920578,514.9902,,,,
0.2605,3.205286979675293,0.00019816176470588236,7.532051282051282,1175,,,,,,,
,,,7.532051282051282,1175,0.806121826171875,0.740072202166065,525.8212,,,,
0.1883,4.987941265106201,0.00018529411764705883,7.6923076923076925,1200,,,,,,,
,,,7.6923076923076925,1200,0.8759472370147705,0.740072202166065,536.7673,,,,
0.3073,10.162796974182129,0.0001724264705882353,7.852564102564102,1225,,,,,,,
,,,7.852564102564102,1225,0.749733567237854,0.7617328519855595,548.0869,,,,
0.2863,3.7691454887390137,0.00015955882352941176,8.012820512820513,1250,,,,,,,
,,,8.012820512820513,1250,0.6837978959083557,0.7581227436823105,559.1977,,,,
0.2381,4.168846607208252,0.00014669117647058823,8.173076923076923,1275,,,,,,,
,,,8.173076923076923,1275,0.7849677205085754,0.740072202166065,570.4626,,,,
0.2427,5.614854335784912,0.0001338235294117647,8.333333333333334,1300,,,,,,,
,,,8.333333333333334,1300,0.748938798904419,0.7689530685920578,581.3052,,,,
0.191,4.7647600173950195,0.00012095588235294117,8.493589743589745,1325,,,,,,,
,,,8.493589743589745,1325,0.8372530341148376,0.7545126353790613,592.8169,,,,
0.2581,5.716684341430664,0.00010808823529411764,8.653846153846153,1350,,,,,,,
,,,8.653846153846153,1350,0.7788589596748352,0.7689530685920578,603.4335,,,,
0.1699,4.48143196105957,9.52205882352941e-05,8.814102564102564,1375,,,,,,,
,,,8.814102564102564,1375,0.8435454368591309,0.7689530685920578,614.5406,,,,
0.2421,3.4981274604797363,8.235294117647058e-05,8.974358974358974,1400,,,,,,,
,,,8.974358974358974,1400,0.7856822609901428,0.779783393501805,625.525,,,,
0.1732,3.5763165950775146,6.948529411764706e-05,9.134615384615385,1425,,,,,,,
,,,9.134615384615385,1425,0.8359214067459106,0.7725631768953068,636.4666,,,,
0.2043,2.941744565963745,5.661764705882353e-05,9.294871794871796,1450,,,,,,,
,,,9.294871794871796,1450,0.8108302354812622,0.7689530685920578,647.6114,,,,
0.1587,0.7080141305923462,4.375e-05,9.455128205128204,1475,,,,,,,
,,,9.455128205128204,1475,0.8906399011611938,0.7653429602888087,658.4245,,,,
0.1972,3.498384952545166,3.0882352941176475e-05,9.615384615384615,1500,,,,,,,
,,,9.615384615384615,1500,0.8036397695541382,0.776173285198556,670.0575,,,,
0.1725,7.2313551902771,1.801470588235294e-05,9.775641025641026,1525,,,,,,,
,,,9.775641025641026,1525,0.862199604511261,0.7689530685920578,681.6648,,,,
0.2303,5.563381195068359,5.147058823529411e-06,9.935897435897436,1550,,,,,,,
,,,9.935897435897436,1550,0.8253527283668518,0.7689530685920578,692.723,,,,
,,,10.0,1560,,,695.5688,35.798,2.243,2121286737746880.0,0.418624556905184
