loss,grad_norm,learning_rate,epoch,step,eval_loss,eval_accuracy,eval_f1,train_runtime,train_samples_per_second,train_steps_per_second,total_flos,train_loss
0.7107,1.5839016437530518,2.5e-06,0.0,1,,,,,,,,
0.6633,1.4816957712173462,6.25e-05,0.11,25,,,,,,,,
,,,0.11,25,0.6370906233787537,0.6838235294117647,0.8122270742358079,6.5061,,,,
0.6628,0.8264163136482239,0.000125,0.22,50,,,,,,,,
,,,0.22,50,0.6262158751487732,0.6838235294117647,0.8122270742358079,12.5336,,,,
0.6418,0.9318068623542786,0.0001875,0.33,75,,,,,,,,
,,,0.33,75,0.6186004877090454,0.6838235294117647,0.8122270742358079,18.8488,,,,
0.629,3.3340470790863037,0.00025,0.43,100,,,,,,,,
,,,0.43,100,0.6385761499404907,0.6838235294117647,0.8122270742358079,25.1065,,,,
0.5477,2.0385072231292725,0.0003125,0.54,125,,,,,,,,
,,,0.54,125,0.7399823069572449,0.7279411764705882,0.827371695178849,31.3789,,,,
0.5072,2.708095073699951,0.000375,0.65,150,,,,,,,,
,,,0.65,150,0.489980012178421,0.7769607843137255,0.8480801335559265,37.4714,,,,
0.6034,3.3116519451141357,0.0004375,0.76,175,,,,,,,,
,,,0.76,175,0.4931449592113495,0.8137254901960784,0.8729096989966555,43.745,,,,
0.4844,4.24897575378418,0.0005,0.87,200,,,,,,,,
,,,0.87,200,0.7561309933662415,0.7794117647058824,0.8538961038961038,49.7879,,,,
0.5659,8.754172325134277,0.0004940476190476191,0.98,225,,,,,,,,
,,,0.98,225,0.4851784110069275,0.8014705882352942,0.8427184466019417,55.8293,,,,
0.4346,1.6431668996810913,0.0004880952380952381,1.09,250,,,,,,,,
,,,1.09,250,0.5436435341835022,0.8186274509803921,0.8758389261744967,61.5769,,,,
0.4979,1.218708872795105,0.00048214285714285715,1.2,275,,,,,,,,
,,,1.2,275,0.4107833802700043,0.7990196078431373,0.8685897435897436,67.5539,,,,
0.4379,2.703463077545166,0.0004761904761904762,1.3,300,,,,,,,,
,,,1.3,300,0.37433552742004395,0.8357843137254902,0.8846815834767642,73.497,,,,
0.3948,2.5723536014556885,0.00047023809523809523,1.41,325,,,,,,,,
,,,1.41,325,0.37019962072372437,0.8431372549019608,0.8810408921933086,79.4778,,,,
0.4765,5.1194167137146,0.00046428571428571433,1.52,350,,,,,,,,
,,,1.52,350,0.3540676236152649,0.8406862745098039,0.8892674616695059,85.4741,,,,
0.397,1.434092402458191,0.0004583333333333333,1.63,375,,,,,,,,
,,,1.63,375,0.3464209735393524,0.8504901960784313,0.8900900900900901,91.4287,,,,
0.3284,4.920778751373291,0.00045238095238095237,1.74,400,,,,,,,,
,,,1.74,400,0.4574567675590515,0.8651960784313726,0.9026548672566371,97.4149,,,,
0.4559,2.7058863639831543,0.00044642857142857147,1.85,425,,,,,,,,
,,,1.85,425,0.324566125869751,0.8725490196078431,0.9094076655052264,103.666,,,,
0.4104,4.954372406005859,0.00044047619047619046,1.96,450,,,,,,,,
,,,1.96,450,0.41460657119750977,0.8529411764705882,0.8951048951048952,109.8989,,,,
0.3215,1.4920768737792969,0.00043452380952380956,2.07,475,,,,,,,,
,,,2.07,475,0.4346649944782257,0.8529411764705882,0.8983050847457628,115.8771,,,,
0.3755,1.1933196783065796,0.00042857142857142855,2.17,500,,,,,,,,
,,,2.17,500,0.3340833783149719,0.8578431372549019,0.8913857677902621,122.0365,,,,
0.3077,3.1940724849700928,0.00042261904761904765,2.28,525,,,,,,,,
,,,2.28,525,0.3652906119823456,0.8578431372549019,0.8913857677902621,128.4275,,,,
0.2754,1.7125459909439087,0.0004166666666666667,2.39,550,,,,,,,,
,,,2.39,550,0.40492144227027893,0.875,0.9103690685413005,134.5337,,,,
0.3695,2.1102373600006104,0.0004107142857142857,2.5,575,,,,,,,,
,,,2.5,575,0.34151726961135864,0.8627450980392157,0.9050847457627118,140.6556,,,,
0.2848,3.9113030433654785,0.0004047619047619048,2.61,600,,,,,,,,
,,,2.61,600,0.3847663104534149,0.8725490196078431,0.9094076655052264,146.6947,,,,
0.2974,3.650763988494873,0.00039880952380952383,2.72,625,,,,,,,,
,,,2.72,625,0.4175199866294861,0.8529411764705882,0.8996655518394648,152.7981,,,,
0.3717,6.122340202331543,0.0003928571428571429,2.83,650,,,,,,,,
,,,2.83,650,0.395825058221817,0.8504901960784313,0.8967851099830796,158.8925,,,,
0.3258,1.854370355606079,0.0003869047619047619,2.93,675,,,,,,,,
,,,2.93,675,0.3168366849422455,0.8799019607843137,0.9132743362831858,165.0269,,,,
0.2653,1.930822491645813,0.00038095238095238096,3.04,700,,,,,,,,
,,,3.04,700,0.4250313341617584,0.8676470588235294,0.9052631578947367,170.8748,,,,
0.2899,6.229412078857422,0.000375,3.15,725,,,,,,,,
,,,3.15,725,0.43245530128479004,0.8627450980392157,0.9054054054054055,176.945,,,,
0.2929,1.9609100818634033,0.00036904761904761905,3.26,750,,,,,,,,
,,,3.26,750,0.4745786190032959,0.8406862745098039,0.8925619834710743,183.0477,,,,
0.2489,3.0725419521331787,0.0003630952380952381,3.37,775,,,,,,,,
,,,3.37,775,0.4105527997016907,0.8504901960784313,0.8942807625649914,188.9496,,,,
0.2698,1.9761548042297363,0.00035714285714285714,3.48,800,,,,,,,,
,,,3.48,800,0.5315449237823486,0.8259803921568627,0.8822553897180763,194.9657,,,,
0.3423,3.154088020324707,0.0003511904761904762,3.59,825,,,,,,,,
,,,3.59,825,0.3060856759548187,0.8700980392156863,0.9045045045045046,201.0147,,,,
0.2922,4.101562976837158,0.00034523809523809523,3.7,850,,,,,,,,
,,,3.7,850,0.34188124537467957,0.8651960784313726,0.9046793760831888,207.1603,,,,
0.2448,9.155190467834473,0.00033928571428571433,3.8,875,,,,,,,,
,,,3.8,875,0.4122013747692108,0.8725490196078431,0.9071428571428571,213.197,,,,
0.2932,3.3699328899383545,0.0003333333333333333,3.91,900,,,,,,,,
,,,3.91,900,0.37372153997421265,0.8529411764705882,0.8976109215017065,219.2972,,,,
0.2753,3.811237096786499,0.00032738095238095237,4.02,925,,,,,,,,
,,,4.02,925,0.3371466100215912,0.8921568627450981,0.9214285714285715,225.1771,,,,
0.1845,1.348892331123352,0.00032142857142857147,4.13,950,,,,,,,,
,,,4.13,950,0.4390220642089844,0.8676470588235294,0.9075342465753423,231.3159,,,,
0.2295,3.0858891010284424,0.00031547619047619046,4.24,975,,,,,,,,
,,,4.24,975,0.4456213414669037,0.8578431372549019,0.9003436426116839,237.2574,,,,
0.2822,2.6617648601531982,0.00030952380952380956,4.35,1000,,,,,,,,
,,,4.35,1000,0.38619038462638855,0.8676470588235294,0.90625,243.3011,,,,
0.2412,2.6596970558166504,0.00030357142857142855,4.46,1025,,,,,,,,
,,,4.46,1025,0.33820515871047974,0.8799019607843137,0.9120287253141832,249.7337,,,,
0.2168,5.031680107116699,0.00029761904761904765,4.57,1050,,,,,,,,
,,,4.57,1050,0.36985090374946594,0.8823529411764706,0.9148936170212766,255.8901,,,,
0.1769,0.5244350433349609,0.0002916666666666667,4.67,1075,,,,,,,,
,,,4.67,1075,0.43157249689102173,0.875,0.9090909090909091,261.9257,,,,
0.1957,5.8811821937561035,0.0002857142857142857,4.78,1100,,,,,,,,
,,,4.78,1100,0.4324173331260681,0.8725490196078431,0.9061371841155236,268.0379,,,,
0.2266,2.05940318107605,0.0002797619047619048,4.89,1125,,,,,,,,
,,,4.89,1125,0.4485989809036255,0.8676470588235294,0.9021739130434783,274.1121,,,,
0.2138,0.15798652172088623,0.0002738095238095238,5.0,1150,,,,,,,,
,,,5.0,1150,0.3901522755622864,0.8676470588235294,0.9021739130434783,280.2877,,,,
0.1275,0.22386501729488373,0.00026785714285714287,5.11,1175,,,,,,,,
,,,5.11,1175,0.4379047453403473,0.8725490196078431,0.9071428571428571,286.2569,,,,
0.1588,4.147167205810547,0.0002619047619047619,5.22,1200,,,,,,,,
,,,5.22,1200,0.4521864950656891,0.8774509803921569,0.910394265232975,292.4202,,,,
0.1867,5.221784591674805,0.00025595238095238096,5.33,1225,,,,,,,,
,,,5.33,1225,0.44297537207603455,0.8676470588235294,0.9035714285714286,298.4656,,,,
0.2031,3.633786916732788,0.00025,5.43,1250,,,,,,,,
,,,5.43,1250,0.503529965877533,0.8774509803921569,0.9097472924187725,304.5835,,,,
0.1767,4.921352863311768,0.00024404761904761905,5.54,1275,,,,,,,,
,,,5.54,1275,0.41127628087997437,0.8725490196078431,0.9061371841155236,310.6437,,,,
0.126,3.3960120677948,0.0002380952380952381,5.65,1300,,,,,,,,
,,,5.65,1300,0.4582301080226898,0.8799019607843137,0.9117117117117116,316.8401,,,,
0.2214,1.3765348196029663,0.00023214285714285717,5.76,1325,,,,,,,,
,,,5.76,1325,0.4050537645816803,0.8700980392156863,0.9075043630017452,323.0234,,,,
0.1827,4.0347900390625,0.00022619047619047618,5.87,1350,,,,,,,,
,,,5.87,1350,0.4072422683238983,0.8700980392156863,0.905861456483126,329.2513,,,,
0.1599,0.49510738253593445,0.00022023809523809523,5.98,1375,,,,,,,,
,,,5.98,1375,0.418459415435791,0.8676470588235294,0.9045936395759717,335.4197,,,,
0.1058,7.892261028289795,0.00021428571428571427,6.09,1400,,,,,,,,
,,,6.09,1400,0.6659915447235107,0.8529411764705882,0.9000000000000001,341.474,,,,
0.1497,4.09243106842041,0.00020833333333333335,6.2,1425,,,,,,,,
,,,6.2,1425,0.5898080468177795,0.8676470588235294,0.9045936395759717,347.7561,,,,
0.1608,4.623556137084961,0.0002023809523809524,6.3,1450,,,,,,,,
,,,6.3,1450,0.5418384075164795,0.8651960784313726,0.9026548672566371,353.7818,,,,
0.1457,2.0257341861724854,0.00019642857142857144,6.41,1475,,,,,,,,
,,,6.41,1475,0.500174880027771,0.8627450980392157,0.902439024390244,359.8856,,,,
0.1581,2.5040199756622314,0.00019047619047619048,6.52,1500,,,,,,,,
,,,6.52,1500,0.5202995538711548,0.8700980392156863,0.9061946902654867,365.9537,,,,
0.1041,7.2256927490234375,0.00018452380952380953,6.63,1525,,,,,,,,
,,,6.63,1525,0.5924153327941895,0.8529411764705882,0.8961937716262977,372.2887,,,,
0.1368,1.4320993423461914,0.00017857142857142857,6.74,1550,,,,,,,,
,,,6.74,1550,0.5956161618232727,0.8700980392156863,0.9045045045045046,378.3304,,,,
0.1402,6.915935516357422,0.00017261904761904762,6.85,1575,,,,,,,,
,,,6.85,1575,0.6055245995521545,0.8651960784313726,0.9029982363315697,384.4164,,,,
0.167,9.240525245666504,0.00016666666666666666,6.96,1600,,,,,,,,
,,,6.96,1600,0.6806341409683228,0.8627450980392157,0.9020979020979022,390.6715,,,,
0.1128,0.48487424850463867,0.00016071428571428573,7.07,1625,,,,,,,,
,,,7.07,1625,0.6676888465881348,0.8676470588235294,0.9035714285714286,396.6666,,,,
0.1106,2.123565673828125,0.00015476190476190478,7.17,1650,,,,,,,,
,,,7.17,1650,0.651706337928772,0.8651960784313726,0.9036777583187391,402.8127,,,,
0.1216,4.081143856048584,0.00014880952380952382,7.28,1675,,,,,,,,
,,,7.28,1675,0.6239896416664124,0.8725490196078431,0.9078014184397164,408.8504,,,,
0.1002,6.119040489196777,0.00014285714285714284,7.39,1700,,,,,,,,
,,,7.39,1700,0.6112239956855774,0.8700980392156863,0.905861456483126,415.0221,,,,
0.0797,4.396252155303955,0.0001369047619047619,7.5,1725,,,,,,,,
,,,7.5,1725,0.6368646025657654,0.875,0.9081081081081082,421.1606,,,,
0.0921,1.472288727760315,0.00013095238095238096,7.61,1750,,,,,,,,
,,,7.61,1750,0.6331610679626465,0.8651960784313726,0.9019607843137256,427.2863,,,,
0.0905,2.7079498767852783,0.000125,7.72,1775,,,,,,,,
,,,7.72,1775,0.6485058665275574,0.8651960784313726,0.9016100178890876,433.3995,,,,
0.1286,5.882659912109375,0.00011904761904761905,7.83,1800,,,,,,,,
,,,7.83,1800,0.6452971696853638,0.8651960784313726,0.9033391915641477,439.4408,,,,
0.1151,7.150909900665283,0.00011309523809523809,7.93,1825,,,,,,,,
,,,7.93,1825,0.5980062484741211,0.8700980392156863,0.9048473967684021,445.7855,,,,
0.1373,6.043160438537598,0.00010714285714285714,8.04,1850,,,,,,,,
,,,8.04,1850,0.5747460722923279,0.8676470588235294,0.9049295774647886,451.816,,,,
0.0715,0.6002159714698792,0.0001011904761904762,8.15,1875,,,,,,,,
,,,8.15,1875,0.5695355534553528,0.875,0.9094138543516875,457.8678,,,,
0.0678,0.011232932098209858,9.523809523809524e-05,8.26,1900,,,,,,,,
,,,8.26,1900,0.6083475947380066,0.8725490196078431,0.9064748201438848,463.9504,,,,
0.0955,0.15822434425354004,8.928571428571429e-05,8.37,1925,,,,,,,,
,,,8.37,1925,0.6574264168739319,0.8627450980392157,0.9003558718861211,470.0703,,,,
0.0524,0.013988989405333996,8.333333333333333e-05,8.48,1950,,,,,,,,
,,,8.48,1950,0.700855016708374,0.8627450980392157,0.901060070671378,476.1964,,,,
0.0745,19.148143768310547,7.738095238095239e-05,8.59,1975,,,,,,,,
,,,8.59,1975,0.720803439617157,0.8651960784313726,0.9033391915641477,482.1807,,,,
0.1412,0.5618946552276611,7.142857142857142e-05,8.7,2000,,,,,,,,
,,,8.7,2000,0.6908203363418579,0.8627450980392157,0.9020979020979022,488.2347,,,,
0.085,10.767728805541992,6.547619047619048e-05,8.8,2025,,,,,,,,
,,,8.8,2025,0.6780885457992554,0.8725490196078431,0.9071428571428571,494.4827,,,,
0.0892,0.039717983454465866,5.9523809523809524e-05,8.91,2050,,,,,,,,
,,,8.91,2050,0.6854365468025208,0.8651960784313726,0.9029982363315697,500.5624,,,,
0.1097,12.326682090759277,5.357142857142857e-05,9.02,2075,,,,,,,,
,,,9.02,2075,0.6518387794494629,0.8651960784313726,0.9019607843137256,506.5017,,,,
0.0346,0.010263062082231045,4.761904761904762e-05,9.13,2100,,,,,,,,
,,,9.13,2100,0.6670063734054565,0.8676470588235294,0.9039145907473309,512.533,,,,
0.0749,0.3884420096874237,4.1666666666666665e-05,9.24,2125,,,,,,,,
,,,9.24,2125,0.6920576095581055,0.8676470588235294,0.9049295774647886,518.5664,,,,
0.0785,0.26083147525787354,3.571428571428571e-05,9.35,2150,,,,,,,,
,,,9.35,2150,0.7059422135353088,0.8700980392156863,0.9071803852889667,524.5705,,,,
0.0966,6.221688270568848,2.9761904761904762e-05,9.46,2175,,,,,,,,
,,,9.46,2175,0.688886821269989,0.8676470588235294,0.9045936395759717,530.6696,,,,
0.0812,1.909669041633606,2.380952380952381e-05,9.57,2200,,,,,,,,
,,,9.57,2200,0.6901497840881348,0.8676470588235294,0.9045936395759717,536.6909,,,,
0.0964,0.8772254586219788,1.7857142857142855e-05,9.67,2225,,,,,,,,
,,,9.67,2225,0.6899135112762451,0.8700980392156863,0.905861456483126,542.7331,,,,
0.0779,2.274425745010376,1.1904761904761905e-05,9.78,2250,,,,,,,,
,,,9.78,2250,0.6974490284919739,0.8651960784313726,0.9029982363315697,548.787,,,,
0.0687,5.647931098937988,5.9523809523809525e-06,9.89,2275,,,,,,,,
,,,9.89,2275,0.6987606883049011,0.8651960784313726,0.9029982363315697,554.9185,,,,
0.0461,6.371119022369385,0.0,10.0,2300,,,,,,,,
,,,10.0,2300,0.6982539296150208,0.8651960784313726,0.9029982363315697,560.8843,,,,
,,,10.0,2300,,,,560.5075,65.441,4.103,1465939393697184.0,0.24122925849064536
