loss,grad_norm,learning_rate,epoch,step,eval_loss,eval_accuracy,eval_f1,train_runtime,train_samples_per_second,train_steps_per_second,total_flos,train_loss
2.3243,3.7305033206939697,1e-05,0.0625,1,,,,,,,,
2.2856,3.422732353210449,0.0001,0.625,10,,,,,,,,
,,,0.625,10,2.2307074069976807,0.5,0.2222222222222222,4.5049,,,,
2.1364,2.9651198387145996,0.0002,1.25,20,,,,,,,,
,,,1.25,20,2.0630452632904053,0.6964285714285714,0.4872881355932203,8.8426,,,,
1.9519,2.171544075012207,0.0003,1.875,30,,,,,,,,
,,,1.875,30,1.8905421495437622,0.5,0.24617886178861784,13.0519,,,,
1.8453,1.153375506401062,0.0004,2.5,40,,,,,,,,
,,,2.5,40,1.6500211954116821,0.6607142857142857,0.44265377383830246,17.1792,,,,
1.4256,2.178062677383423,0.0005,3.125,50,,,,,,,,
,,,3.125,50,1.2737042903900146,0.6964285714285714,0.4872514619883041,21.3645,,,,
1.0971,1.2521294355392456,0.00048148148148148144,3.75,60,,,,,,,,
,,,3.75,60,0.9068206548690796,0.7142857142857143,0.49976359338061477,25.8066,,,,
0.9056,2.7310268878936768,0.000462962962962963,4.375,70,,,,,,,,
,,,4.375,70,0.87208092212677,0.6607142857142857,0.46037296037296044,29.9659,,,,
0.7841,4.120879173278809,0.0004444444444444444,5.0,80,,,,,,,,
,,,5.0,80,0.8141403794288635,0.7142857142857143,0.49642769154964284,34.1071,,,,
0.7374,1.4180139303207397,0.00042592592592592595,5.625,90,,,,,,,,
,,,5.625,90,0.8195151686668396,0.6964285714285714,0.4872514619883041,38.6465,,,,
0.8182,1.5619418621063232,0.0004074074074074074,6.25,100,,,,,,,,
,,,6.25,100,0.7873017191886902,0.6785714285714286,0.47478301665493783,42.7854,,,,
0.7447,4.317239761352539,0.0003888888888888889,6.875,110,,,,,,,,
,,,6.875,110,0.7841900587081909,0.7142857142857143,0.49642769154964284,46.8819,,,,
0.8308,0.7457409501075745,0.00037037037037037035,7.5,120,,,,,,,,
,,,7.5,120,0.8016310930252075,0.7142857142857143,0.4988344988344989,50.7794,,,,
0.7064,1.8122926950454712,0.0003518518518518519,8.125,130,,,,,,,,
,,,8.125,130,0.7504565119743347,0.6964285714285714,0.48424908424908425,55.3139,,,,
0.7532,1.0951318740844727,0.0003333333333333333,8.75,140,,,,,,,,
,,,8.75,140,0.7389558553695679,0.6964285714285714,0.48581048581048575,59.9046,,,,
0.6105,1.2758893966674805,0.0003148148148148148,9.375,150,,,,,,,,
,,,9.375,150,0.7551828026771545,0.6964285714285714,0.48646125116713357,64.0529,,,,
0.7157,2.41955828666687,0.0002962962962962963,10.0,160,,,,,,,,
,,,10.0,160,0.7136036157608032,0.6785714285714286,0.47478301665493783,68.2863,,,,
0.6078,0.6721503734588623,0.0002777777777777778,10.625,170,,,,,,,,
,,,10.625,170,0.7042860388755798,0.6964285714285714,0.4872881355932203,72.7401,,,,
0.6987,1.162725806236267,0.00025925925925925926,11.25,180,,,,,,,,
,,,11.25,180,0.6956261992454529,0.7142857142857143,0.4991636798088411,76.8475,,,,
0.5697,0.685626208782196,0.00024074074074074072,11.875,190,,,,,,,,
,,,11.875,190,0.6855745315551758,0.6964285714285714,0.4872881355932203,81.537,,,,
0.5323,4.989366054534912,0.0002222222222222222,12.5,200,,,,,,,,
,,,12.5,200,0.6946091651916504,0.6785714285714286,0.47478301665493783,85.6561,,,,
0.6465,1.508357048034668,0.0002037037037037037,13.125,210,,,,,,,,
,,,13.125,210,0.6756322979927063,0.6964285714285714,0.4872881355932203,89.8094,,,,
0.5629,1.2646141052246094,0.00018518518518518518,13.75,220,,,,,,,,
,,,13.75,220,0.6752358675003052,0.6964285714285714,0.4872881355932203,94.4082,,,,
0.5384,1.843925952911377,0.00016666666666666666,14.375,230,,,,,,,,
,,,14.375,230,0.6724634170532227,0.6964285714285714,0.4868139700641481,98.8509,,,,
0.6141,25.96782875061035,0.00014814814814814815,15.0,240,,,,,,,,
,,,15.0,240,0.6603931784629822,0.6964285714285714,0.4872881355932203,102.8932,,,,
0.5036,1.916465401649475,0.00012962962962962963,15.625,250,,,,,,,,
,,,15.625,250,0.649671196937561,0.6964285714285714,0.4872881355932203,107.1337,,,,
0.5281,1.4184610843658447,0.0001111111111111111,16.25,260,,,,,,,,
,,,16.25,260,0.6474733352661133,0.6964285714285714,0.4868139700641481,111.6764,,,,
0.5046,3.6182010173797607,9.259259259259259e-05,16.875,270,,,,,,,,
,,,16.875,270,0.6475533246994019,0.7142857142857143,0.4991636798088411,115.9409,,,,
0.591,1.6745802164077759,7.407407407407407e-05,17.5,280,,,,,,,,
,,,17.5,280,0.6341814398765564,0.7142857142857143,0.49976359338061477,120.4904,,,,
0.4409,1.1978504657745361,5.555555555555555e-05,18.125,290,,,,,,,,
,,,18.125,290,0.6272791624069214,0.6964285714285714,0.4872881355932203,124.6199,,,,
0.4826,3.023437261581421,3.7037037037037037e-05,18.75,300,,,,,,,,
,,,18.75,300,0.6235869526863098,0.6964285714285714,0.4872881355932203,129.0914,,,,
0.5088,3.0543386936187744,1.8518518518518518e-05,19.375,310,,,,,,,,
,,,19.375,310,0.6202024817466736,0.6964285714285714,0.4872881355932203,132.9889,,,,
0.4634,3.7218761444091797,0.0,20.0,320,,,,,,,,
,,,20.0,320,0.6189176440238953,0.6964285714285714,0.4872881355932203,137.5561,,,,
,,,20.0,320,,,,137.1949,36.445,2.332,452243323863360.0,0.848298218101263
