loss,grad_norm,learning_rate,epoch,step,eval_loss,eval_accuracy,train_runtime,train_samples_per_second,train_steps_per_second,total_flos,train_loss
0.718,1.6967558860778809,3.5e-06,0.00641025641025641,1,,,,,,,
0.7041,1.0691636800765991,8.75e-05,0.16025641025641027,25,,,,,,,
,,,0.16025641025641027,25,0.7035072445869446,0.4729241877256318,11.537,,,,
0.7258,0.9380174875259399,0.000175,0.32051282051282054,50,,,,,,,
,,,0.32051282051282054,50,0.6917181611061096,0.5270758122743683,22.4912,,,,
0.6947,0.6500980854034424,0.0002625,0.4807692307692308,75,,,,,,,
,,,0.4807692307692308,75,0.6975853443145752,0.5270758122743683,34.8608,,,,
0.7018,2.3837873935699463,0.00035,0.6410256410256411,100,,,,,,,
,,,0.6410256410256411,100,0.6936346888542175,0.4693140794223827,46.2113,,,,
0.7008,2.7175114154815674,0.0004375,0.8012820512820513,125,,,,,,,
,,,0.8012820512820513,125,0.6885626316070557,0.5270758122743683,58.3749,,,,
0.6965,1.9007421731948853,0.000525,0.9615384615384616,150,,,,,,,
,,,0.9615384615384616,150,0.6901555061340332,0.5342960288808665,69.7105,,,,
0.6938,3.110417366027832,0.0006125,1.1217948717948718,175,,,,,,,
,,,1.1217948717948718,175,0.683093249797821,0.49458483754512633,81.4262,,,,
0.6847,2.9225921630859375,0.0007,1.282051282051282,200,,,,,,,
,,,1.282051282051282,200,0.6539323329925537,0.6425992779783394,93.1536,,,,
0.6794,0.6234613656997681,0.0006871323529411764,1.4423076923076923,225,,,,,,,
,,,1.4423076923076923,225,0.6149718165397644,0.6859205776173285,104.5564,,,,
0.6777,0.7166805863380432,0.0006742647058823529,1.6025641025641026,250,,,,,,,
,,,1.6025641025641026,250,0.6595274806022644,0.5956678700361011,116.2192,,,,
0.6739,0.9756076335906982,0.0006613970588235294,1.7628205128205128,275,,,,,,,
,,,1.7628205128205128,275,0.6171044707298279,0.6823104693140795,127.397,,,,
0.6559,0.5588900446891785,0.0006485294117647059,1.9230769230769231,300,,,,,,,
,,,1.9230769230769231,300,0.6821442246437073,0.5884476534296029,139.2455,,,,
0.5959,1.0429983139038086,0.0006356617647058823,2.0833333333333335,325,,,,,,,
,,,2.0833333333333335,325,0.6640744805335999,0.6823104693140795,150.5139,,,,
0.5731,0.7429631352424622,0.0006227941176470587,2.2435897435897436,350,,,,,,,
,,,2.2435897435897436,350,0.5358112454414368,0.740072202166065,161.8936,,,,
0.5592,0.883790135383606,0.0006099264705882353,2.4038461538461537,375,,,,,,,
,,,2.4038461538461537,375,0.6218897700309753,0.6931407942238267,173.4306,,,,
0.568,1.1459197998046875,0.0005970588235294117,2.564102564102564,400,,,,,,,
,,,2.564102564102564,400,0.5711513161659241,0.703971119133574,185.0103,,,,
0.5583,1.4803245067596436,0.0005841911764705882,2.7243589743589745,425,,,,,,,
,,,2.7243589743589745,425,0.5458387136459351,0.7292418772563177,196.6716,,,,
0.5442,0.6570496559143066,0.0005713235294117647,2.8846153846153846,450,,,,,,,
,,,2.8846153846153846,450,0.5363548994064331,0.7220216606498195,208.4137,,,,
0.5076,0.9165763258934021,0.0005584558823529412,3.0448717948717947,475,,,,,,,
,,,3.0448717948717947,475,0.5695951581001282,0.740072202166065,219.8081,,,,
0.5802,1.6780232191085815,0.0005455882352941177,3.2051282051282053,500,,,,,,,
,,,3.2051282051282053,500,0.5823414325714111,0.740072202166065,231.4314,,,,
0.4896,1.1831313371658325,0.0005327205882352941,3.3653846153846154,525,,,,,,,
,,,3.3653846153846154,525,0.4923457205295563,0.7581227436823105,243.5818,,,,
0.4615,0.7259991765022278,0.0005198529411764706,3.5256410256410255,550,,,,,,,
,,,3.5256410256410255,550,0.5472353100776672,0.7509025270758123,254.6612,,,,
0.486,1.7332897186279297,0.0005069852941176471,3.685897435897436,575,,,,,,,
,,,3.685897435897436,575,0.5227149724960327,0.7581227436823105,265.7982,,,,
0.4778,2.8217854499816895,0.0004941176470588236,3.8461538461538463,600,,,,,,,
,,,3.8461538461538463,600,0.6199100017547607,0.7111913357400722,277.7457,,,,
0.4102,2.292360305786133,0.00048125,4.006410256410256,625,,,,,,,
,,,4.006410256410256,625,0.6996644735336304,0.7472924187725631,289.4887,,,,
0.424,0.6729366183280945,0.00046838235294117644,4.166666666666667,650,,,,,,,
,,,4.166666666666667,650,0.5355806350708008,0.7364620938628159,301.2594,,,,
0.4345,2.1653497219085693,0.00045551470588235297,4.326923076923077,675,,,,,,,
,,,4.326923076923077,675,0.5378358364105225,0.7617328519855595,312.3599,,,,
0.3035,0.5509518384933472,0.0004426470588235294,4.487179487179487,700,,,,,,,
,,,4.487179487179487,700,0.7076100707054138,0.7545126353790613,324.1797,,,,
0.3937,0.7032627463340759,0.0004297794117647059,4.647435897435898,725,,,,,,,
,,,4.647435897435898,725,0.6760520339012146,0.7436823104693141,335.4532,,,,
0.373,1.12110435962677,0.00041691176470588234,4.8076923076923075,750,,,,,,,
,,,4.8076923076923075,750,0.6503388285636902,0.7472924187725631,347.0506,,,,
0.4119,2.815690755844116,0.00040404411764705876,4.967948717948718,775,,,,,,,
,,,4.967948717948718,775,0.6712612509727478,0.7292418772563177,358.4175,,,,
0.3068,1.1419035196304321,0.0003911764705882353,5.128205128205128,800,,,,,,,
,,,5.128205128205128,800,0.6650165915489197,0.7617328519855595,370.1258,,,,
0.348,1.4498189687728882,0.00037830882352941176,5.288461538461538,825,,,,,,,
,,,5.288461538461538,825,0.6843416094779968,0.740072202166065,381.6525,,,,
0.3515,1.1584118604660034,0.00036544117647058824,5.448717948717949,850,,,,,,,
,,,5.448717948717949,850,0.5350948572158813,0.776173285198556,393.6481,,,,
0.3286,1.4919147491455078,0.0003525735294117647,5.608974358974359,875,,,,,,,
,,,5.608974358974359,875,0.6306283473968506,0.7545126353790613,405.4787,,,,
0.2908,4.683478355407715,0.0003397058823529412,5.769230769230769,900,,,,,,,
,,,5.769230769230769,900,0.6425774693489075,0.7725631768953068,416.7889,,,,
0.3488,1.5813207626342773,0.00032683823529411766,5.92948717948718,925,,,,,,,
,,,5.92948717948718,925,0.6429471373558044,0.776173285198556,428.1547,,,,
0.3055,0.5237316489219666,0.00031397058823529414,6.089743589743589,950,,,,,,,
,,,6.089743589743589,950,0.6579424738883972,0.7617328519855595,439.5775,,,,
0.2472,1.1135724782943726,0.0003011029411764706,6.25,975,,,,,,,
,,,6.25,975,0.7695626616477966,0.7436823104693141,451.3281,,,,
0.3003,2.508451223373413,0.00028823529411764703,6.410256410256411,1000,,,,,,,
,,,6.410256410256411,1000,0.7280539870262146,0.7509025270758123,462.6224,,,,
0.2983,2.5119235515594482,0.0002753676470588235,6.57051282051282,1025,,,,,,,
,,,6.57051282051282,1025,0.7547706365585327,0.7364620938628159,474.5824,,,,
0.2656,0.8649048209190369,0.0002625,6.730769230769231,1050,,,,,,,
,,,6.730769230769231,1050,0.6562663316726685,0.776173285198556,486.3357,,,,
0.2665,1.5561712980270386,0.00024963235294117646,6.891025641025641,1075,,,,,,,
,,,6.891025641025641,1075,0.6822656393051147,0.7870036101083032,498.5181,,,,
0.2274,1.7837995290756226,0.00023676470588235296,7.051282051282051,1100,,,,,,,
,,,7.051282051282051,1100,0.6905360817909241,0.7978339350180506,509.8587,,,,
0.2432,1.610565423965454,0.00022389705882352938,7.211538461538462,1125,,,,,,,
,,,7.211538461538462,1125,0.6731768250465393,0.779783393501805,521.123,,,,
0.1971,1.8006190061569214,0.00021102941176470586,7.371794871794872,1150,,,,,,,
,,,7.371794871794872,1150,0.7979928851127625,0.779783393501805,533.4496,,,,
0.1905,2.110197067260742,0.00019816176470588236,7.532051282051282,1175,,,,,,,
,,,7.532051282051282,1175,0.9388837814331055,0.7689530685920578,544.636,,,,
0.1991,2.4889864921569824,0.00018529411764705883,7.6923076923076925,1200,,,,,,,
,,,7.6923076923076925,1200,0.8924981355667114,0.7689530685920578,555.9565,,,,
0.304,2.651010274887085,0.0001724264705882353,7.852564102564102,1225,,,,,,,
,,,7.852564102564102,1225,0.6822239756584167,0.7833935018050542,567.6731,,,,
0.2338,0.4337385594844818,0.00015955882352941176,8.012820512820513,1250,,,,,,,
,,,8.012820512820513,1250,0.7358961701393127,0.776173285198556,579.1888,,,,
0.189,1.1701442003250122,0.00014669117647058823,8.173076923076923,1275,,,,,,,
,,,8.173076923076923,1275,0.8077548742294312,0.776173285198556,590.8791,,,,
0.2099,2.1750071048736572,0.0001338235294117647,8.333333333333334,1300,,,,,,,
,,,8.333333333333334,1300,0.8843685388565063,0.7653429602888087,602.1125,,,,
0.1464,0.3941443860530853,0.00012095588235294117,8.493589743589745,1325,,,,,,,
,,,8.493589743589745,1325,0.9108185172080994,0.7725631768953068,614.0724,,,,
0.2211,2.5109102725982666,0.00010808823529411764,8.653846153846153,1350,,,,,,,
,,,8.653846153846153,1350,0.9032326936721802,0.779783393501805,625.0812,,,,
0.1942,1.2606921195983887,9.52205882352941e-05,8.814102564102564,1375,,,,,,,
,,,8.814102564102564,1375,0.8670505285263062,0.7833935018050542,636.5512,,,,
0.1963,0.7787060737609863,8.235294117647058e-05,8.974358974358974,1400,,,,,,,
,,,8.974358974358974,1400,0.8340216875076294,0.7833935018050542,647.8292,,,,
0.1525,1.0791411399841309,6.948529411764706e-05,9.134615384615385,1425,,,,,,,
,,,9.134615384615385,1425,0.8557234406471252,0.779783393501805,659.0936,,,,
0.1445,1.4346274137496948,5.661764705882353e-05,9.294871794871796,1450,,,,,,,
,,,9.294871794871796,1450,0.8466355204582214,0.7833935018050542,670.6458,,,,
0.1308,0.42684948444366455,4.375e-05,9.455128205128204,1475,,,,,,,
,,,9.455128205128204,1475,0.9419654607772827,0.779783393501805,681.8903,,,,
0.1717,3.2607710361480713,3.0882352941176475e-05,9.615384615384615,1500,,,,,,,
,,,9.615384615384615,1500,0.9129523038864136,0.7833935018050542,693.9399,,,,
0.1368,0.9454180598258972,1.801470588235294e-05,9.775641025641026,1525,,,,,,,
,,,9.775641025641026,1525,0.9315201044082642,0.7833935018050542,705.988,,,,
0.2227,0.8511562347412109,5.147058823529411e-06,9.935897435897436,1550,,,,,,,
,,,9.935897435897436,1550,0.9063767194747925,0.779783393501805,717.4211,,,,
,,,10.0,1560,,,720.3605,34.566,2.166,2222153861192640.0,0.3988569980248427
