loss,grad_norm,learning_rate,epoch,step,eval_loss,eval_accuracy,eval_f1,train_runtime,train_samples_per_second,train_steps_per_second,total_flos,train_loss
0.7008,1.4403769969940186,2.5e-06,0.004347826086956522,1,,,,,,,,
0.6565,0.8135758638381958,6.25e-05,0.10869565217391304,25,,,,,,,,
,,,0.10869565217391304,25,0.6356301307678223,0.6838235294117647,0.8122270742358079,6.1551,,,,
0.6606,1.2671105861663818,0.000125,0.21739130434782608,50,,,,,,,,
,,,0.21739130434782608,50,0.6251732110977173,0.6838235294117647,0.8122270742358079,11.9709,,,,
0.639,2.365534543991089,0.0001875,0.32608695652173914,75,,,,,,,,
,,,0.32608695652173914,75,0.6199073195457458,0.6838235294117647,0.8122270742358079,17.848,,,,
0.6404,0.6158809065818787,0.00025,0.43478260869565216,100,,,,,,,,
,,,0.43478260869565216,100,0.6125673055648804,0.6838235294117647,0.8122270742358079,23.6547,,,,
0.5902,0.8239096403121948,0.0003125,0.5434782608695652,125,,,,,,,,
,,,0.5434782608695652,125,0.5751211643218994,0.6936274509803921,0.8159057437407953,29.4529,,,,
0.5431,4.633119106292725,0.000375,0.6521739130434783,150,,,,,,,,
,,,0.6521739130434783,150,0.4979374408721924,0.7573529411764706,0.8395461912479741,35.2474,,,,
0.5709,4.599325180053711,0.0004375,0.7608695652173914,175,,,,,,,,
,,,0.7608695652173914,175,0.46601927280426025,0.7941176470588235,0.8359375000000001,41.2101,,,,
0.5137,0.6983082294464111,0.0005,0.8695652173913043,200,,,,,,,,
,,,0.8695652173913043,200,0.44176164269447327,0.7867647058823529,0.8594507269789984,47.1307,,,,
0.5177,0.5705573558807373,0.0004940476190476191,0.9782608695652174,225,,,,,,,,
,,,0.9782608695652174,225,0.48219457268714905,0.7818627450980392,0.8504201680672269,52.9874,,,,
0.4966,0.9217715859413147,0.0004880952380952381,1.0869565217391304,250,,,,,,,,
,,,1.0869565217391304,250,0.3990306854248047,0.8284313725490197,0.883720930232558,58.6462,,,,
0.4621,0.9817137718200684,0.00048214285714285715,1.1956521739130435,275,,,,,,,,
,,,1.1956521739130435,275,0.44333866238594055,0.7671568627450981,0.8517940717628706,64.5216,,,,
0.4617,1.5547658205032349,0.0004761904761904762,1.3043478260869565,300,,,,,,,,
,,,1.3043478260869565,300,0.40878790616989136,0.8259803921568627,0.8814691151919867,70.3605,,,,
0.419,2.5325512886047363,0.00047023809523809523,1.4130434782608696,325,,,,,,,,
,,,1.4130434782608696,325,0.4087658226490021,0.8137254901960784,0.848,76.2063,,,,
0.474,3.7612736225128174,0.00046428571428571433,1.5217391304347827,350,,,,,,,,
,,,1.5217391304347827,350,0.3823494613170624,0.8235294117647058,0.880794701986755,82.0408,,,,
0.4575,1.0581912994384766,0.0004583333333333333,1.6304347826086958,375,,,,,,,,
,,,1.6304347826086958,375,0.35004425048828125,0.8455882352941176,0.8831168831168831,87.8083,,,,
0.3953,2.0259971618652344,0.00045238095238095237,1.7391304347826086,400,,,,,,,,
,,,1.7391304347826086,400,0.3258594870567322,0.8602941176470589,0.8976660682226212,93.635,,,,
0.4254,3.084035634994507,0.00044642857142857147,1.8478260869565217,425,,,,,,,,
,,,1.8478260869565217,425,0.34685850143432617,0.8431372549019608,0.8857142857142857,99.6006,,,,
0.4216,0.7473424673080444,0.00044047619047619046,1.9565217391304348,450,,,,,,,,
,,,1.9565217391304348,450,0.3440883159637451,0.8406862745098039,0.8900169204737733,105.5422,,,,
0.3807,1.113512396812439,0.00043452380952380956,2.0652173913043477,475,,,,,,,,
,,,2.0652173913043477,475,0.46823668479919434,0.821078431372549,0.8816855753646677,111.2624,,,,
0.4051,0.946482241153717,0.00042857142857142855,2.1739130434782608,500,,,,,,,,
,,,2.1739130434782608,500,0.32057684659957886,0.8651960784313726,0.8987108655616944,117.0857,,,,
0.3777,1.7553520202636719,0.00042261904761904765,2.282608695652174,525,,,,,,,,
,,,2.282608695652174,525,0.3184218406677246,0.8700980392156863,0.9009345794392524,123.1775,,,,
0.354,0.8790557980537415,0.0004166666666666667,2.391304347826087,550,,,,,,,,
,,,2.391304347826087,550,0.30900049209594727,0.8700980392156863,0.9045045045045046,128.9444,,,,
0.3748,0.6963446736335754,0.0004107142857142857,2.5,575,,,,,,,,
,,,2.5,575,0.3158690929412842,0.8602941176470589,0.9015544041450777,134.8553,,,,
0.3388,1.0566471815109253,0.0004047619047619048,2.608695652173913,600,,,,,,,,
,,,2.608695652173913,600,0.3003414571285248,0.8725490196078431,0.9064748201438848,140.6569,,,,
0.3411,1.0016303062438965,0.00039880952380952383,2.717391304347826,625,,,,,,,,
,,,2.717391304347826,625,0.33474233746528625,0.8725490196078431,0.9109589041095889,146.627,,,,
0.3823,2.1741373538970947,0.0003928571428571429,2.8260869565217392,650,,,,,,,,
,,,2.8260869565217392,650,0.31122854351997375,0.8725490196078431,0.9084507042253521,152.4818,,,,
0.327,1.5717941522598267,0.0003869047619047619,2.9347826086956523,675,,,,,,,,
,,,2.9347826086956523,675,0.31843873858451843,0.8823529411764706,0.9145907473309609,158.4166,,,,
0.3051,1.626772165298462,0.00038095238095238096,3.0434782608695654,700,,,,,,,,
,,,3.0434782608695654,700,0.3482239544391632,0.8651960784313726,0.9046793760831888,164.0011,,,,
0.3634,1.3322230577468872,0.000375,3.1521739130434785,725,,,,,,,,
,,,3.1521739130434785,725,0.3479822278022766,0.8578431372549019,0.901023890784983,169.8976,,,,
0.308,1.570560097694397,0.00036904761904761905,3.260869565217391,750,,,,,,,,
,,,3.260869565217391,750,0.31816861033439636,0.8725490196078431,0.9090909090909091,175.7571,,,,
0.2747,3.158470869064331,0.0003630952380952381,3.369565217391304,775,,,,,,,,
,,,3.369565217391304,775,0.30239951610565186,0.8725490196078431,0.9061371841155236,181.5267,,,,
0.3154,1.8898000717163086,0.00035714285714285714,3.4782608695652173,800,,,,,,,,
,,,3.4782608695652173,800,0.3231761157512665,0.8700980392156863,0.9094017094017094,187.3658,,,,
0.3561,0.8840252161026001,0.0003511904761904762,3.5869565217391304,825,,,,,,,,
,,,3.5869565217391304,825,0.29360663890838623,0.875,0.9100529100529101,193.2078,,,,
0.3278,1.3803913593292236,0.00034523809523809523,3.6956521739130435,850,,,,,,,,
,,,3.6956521739130435,850,0.28758177161216736,0.8848039215686274,0.9153153153153154,199.112,,,,
0.3021,2.8493192195892334,0.00033928571428571433,3.8043478260869565,875,,,,,,,,
,,,3.8043478260869565,875,0.29667937755584717,0.8897058823529411,0.9177330895795247,204.9363,,,,
0.3276,2.1214091777801514,0.0003333333333333333,3.9130434782608696,900,,,,,,,,
,,,3.9130434782608696,900,0.2950957715511322,0.8848039215686274,0.9143897996357014,210.8363,,,,
0.3226,0.4542454779148102,0.00032738095238095237,4.021739130434782,925,,,,,,,,
,,,4.021739130434782,925,0.31478968262672424,0.8676470588235294,0.8996282527881041,216.5058,,,,
0.2702,0.8754607439041138,0.00032142857142857147,4.130434782608695,950,,,,,,,,
,,,4.130434782608695,950,0.2956993579864502,0.8848039215686274,0.9162210338680927,222.4387,,,,
0.287,0.8477107286453247,0.00031547619047619046,4.239130434782608,975,,,,,,,,
,,,4.239130434782608,975,0.3378294110298157,0.8602941176470589,0.9028960817717206,228.1261,,,,
0.3084,1.0860413312911987,0.00030952380952380956,4.3478260869565215,1000,,,,,,,,
,,,4.3478260869565215,1000,0.30784690380096436,0.8725490196078431,0.9090909090909091,233.9698,,,,
0.3025,1.3450040817260742,0.00030357142857142855,4.456521739130435,1025,,,,,,,,
,,,4.456521739130435,1025,0.2975849509239197,0.8725490196078431,0.9057971014492753,240.1646,,,,
0.2773,1.2016202211380005,0.00029761904761904765,4.565217391304348,1050,,,,,,,,
,,,4.565217391304348,1050,0.2997702658176422,0.8799019607843137,0.9126559714795008,246.1088,,,,
0.2275,0.7328730225563049,0.0002916666666666667,4.673913043478261,1075,,,,,,,,
,,,4.673913043478261,1075,0.3297964334487915,0.8774509803921569,0.9113475177304964,251.9143,,,,
0.2396,1.2946778535842896,0.0002857142857142857,4.782608695652174,1100,,,,,,,,
,,,4.782608695652174,1100,0.3559187352657318,0.8651960784313726,0.9033391915641477,257.8205,,,,
0.301,0.6692378520965576,0.0002797619047619048,4.891304347826087,1125,,,,,,,,
,,,4.891304347826087,1125,0.31429171562194824,0.8578431372549019,0.8982456140350877,263.641,,,,
0.261,0.058084990829229355,0.0002738095238095238,5.0,1150,,,,,,,,
,,,5.0,1150,0.3078286051750183,0.8872549019607843,0.9181494661921709,269.5288,,,,
0.2328,0.418415367603302,0.00026785714285714287,5.108695652173913,1175,,,,,,,,
,,,5.108695652173913,1175,0.3071817457675934,0.8725490196078431,0.9084507042253521,275.296,,,,
0.2462,1.2384394407272339,0.0002619047619047619,5.217391304347826,1200,,,,,,,,
,,,5.217391304347826,1200,0.30561932921409607,0.875,0.9113043478260869,281.2718,,,,
0.2033,0.8006148338317871,0.00025595238095238096,5.326086956521739,1225,,,,,,,,
,,,5.326086956521739,1225,0.32150399684906006,0.8970588235294118,0.9244604316546762,287.132,,,,
0.283,0.7089987993240356,0.00025,5.434782608695652,1250,,,,,,,,
,,,5.434782608695652,1250,0.3230525255203247,0.8799019607843137,0.9141856392294221,292.9894,,,,
0.2043,4.396162986755371,0.00024404761904761905,5.543478260869565,1275,,,,,,,,
,,,5.543478260869565,1275,0.3124440014362335,0.8946078431372549,0.9222423146473779,298.8003,,,,
0.2262,0.6128527522087097,0.0002380952380952381,5.6521739130434785,1300,,,,,,,,
,,,5.6521739130434785,1300,0.31832155585289,0.8848039215686274,0.91651865008881,304.7147,,,,
0.2058,0.47963136434555054,0.00023214285714285717,5.760869565217392,1325,,,,,,,,
,,,5.760869565217392,1325,0.3101770281791687,0.8799019607843137,0.9120287253141832,310.6225,,,,
0.2971,1.1237025260925293,0.00022619047619047618,5.869565217391305,1350,,,,,,,,
,,,5.869565217391305,1350,0.2982802093029022,0.8799019607843137,0.9135802469135803,316.5911,,,,
0.2623,0.6229214072227478,0.00022023809523809523,5.978260869565218,1375,,,,,,,,
,,,5.978260869565218,1375,0.27939534187316895,0.8946078431372549,0.9228007181328547,322.5525,,,,
0.1647,2.261875867843628,0.00021428571428571427,6.086956521739131,1400,,,,,,,,
,,,6.086956521739131,1400,0.416013240814209,0.8651960784313726,0.9075630252100839,328.3518,,,,
0.2137,0.4207988977432251,0.00020833333333333335,6.195652173913044,1425,,,,,,,,
,,,6.195652173913044,1425,0.34503069519996643,0.8602941176470589,0.9008695652173914,334.3816,,,,
0.1899,1.0922883749008179,0.0002023809523809524,6.304347826086957,1450,,,,,,,,
,,,6.304347826086957,1450,0.40669113397598267,0.8848039215686274,0.9121495327102804,340.153,,,,
0.2584,1.2477198839187622,0.00019642857142857144,6.413043478260869,1475,,,,,,,,
,,,6.413043478260869,1475,0.33376243710517883,0.8676470588235294,0.9055944055944055,346.0042,,,,
0.2235,0.6183600425720215,0.00019047619047619048,6.521739130434782,1500,,,,,,,,
,,,6.521739130434782,1500,0.31812170147895813,0.8848039215686274,0.9156193895870736,351.8404,,,,
0.1659,2.9237470626831055,0.00018452380952380953,6.630434782608695,1525,,,,,,,,
,,,6.630434782608695,1525,0.36913859844207764,0.8700980392156863,0.9081455805892548,358.2132,,,,
0.2484,0.40198782086372375,0.00017857142857142857,6.739130434782608,1550,,,,,,,,
,,,6.739130434782608,1550,0.34058162569999695,0.8897058823529411,0.9186256781193489,364.03,,,,
0.2027,2.5167226791381836,0.00017261904761904762,6.8478260869565215,1575,,,,,,,,
,,,6.8478260869565215,1575,0.33458828926086426,0.8872549019607843,0.9169675090252707,369.94,,,,
0.2053,0.8231563568115234,0.00016666666666666666,6.956521739130435,1600,,,,,,,,
,,,6.956521739130435,1600,0.34468361735343933,0.8897058823529411,0.9194991055456172,375.8859,,,,
0.1699,2.2274584770202637,0.00016071428571428573,7.065217391304348,1625,,,,,,,,
,,,7.065217391304348,1625,0.37116432189941406,0.8946078431372549,0.9222423146473779,381.6832,,,,
0.2296,0.9873244166374207,0.00015476190476190478,7.173913043478261,1650,,,,,,,,
,,,7.173913043478261,1650,0.34151095151901245,0.8970588235294118,0.924187725631769,387.5142,,,,
0.2096,3.136808395385742,0.00014880952380952382,7.282608695652174,1675,,,,,,,,
,,,7.282608695652174,1675,0.30857881903648376,0.8897058823529411,0.9214659685863874,393.384,,,,
0.1687,1.7856370210647583,0.00014285714285714284,7.391304347826087,1700,,,,,,,,
,,,7.391304347826087,1700,0.3219738006591797,0.8921568627450981,0.923076923076923,399.3243,,,,
0.1671,0.6523429155349731,0.0001369047619047619,7.5,1725,,,,,,,,
,,,7.5,1725,0.35892754793167114,0.8946078431372549,0.9208103130755064,405.2789,,,,
0.2204,0.6070401668548584,0.00013095238095238096,7.608695652173913,1750,,,,,,,,
,,,7.608695652173913,1750,0.3167092204093933,0.8970588235294118,0.9239130434782609,411.1273,,,,
0.1816,1.4171507358551025,0.000125,7.717391304347826,1775,,,,,,,,
,,,7.717391304347826,1775,0.3394263684749603,0.8799019607843137,0.9147826086956522,417.0826,,,,
0.1768,0.6331104636192322,0.00011904761904761905,7.826086956521739,1800,,,,,,,,
,,,7.826086956521739,1800,0.32357409596443176,0.8872549019607843,0.9184397163120569,422.8666,,,,
0.2136,0.6928585171699524,0.00011309523809523809,7.934782608695652,1825,,,,,,,,
,,,7.934782608695652,1825,0.3131750822067261,0.8995098039215687,0.9266547406082289,428.9337,,,,
0.2145,0.8915598392486572,0.00010714285714285714,8.043478260869565,1850,,,,,,,,
,,,8.043478260869565,1850,0.3346799612045288,0.8897058823529411,0.9217391304347826,434.6609,,,,
0.1569,0.6051819920539856,0.0001011904761904762,8.152173913043478,1875,,,,,,,,
,,,8.152173913043478,1875,0.34320947527885437,0.8946078431372549,0.9225225225225226,440.5913,,,,
0.1588,0.16720691323280334,9.523809523809524e-05,8.26086956521739,1900,,,,,,,,
,,,8.26086956521739,1900,0.35710608959198,0.8921568627450981,0.923076923076923,446.4619,,,,
0.1524,1.1949018239974976,8.928571428571429e-05,8.369565217391305,1925,,,,,,,,
,,,8.369565217391305,1925,0.34581202268600464,0.8970588235294118,0.925531914893617,452.4629,,,,
0.1441,1.3897660970687866,8.333333333333333e-05,8.478260869565217,1950,,,,,,,,
,,,8.478260869565217,1950,0.36639174818992615,0.8946078431372549,0.9244288224956063,458.3782,,,,
0.15,1.8048715591430664,7.738095238095239e-05,8.58695652173913,1975,,,,,,,,
,,,8.58695652173913,1975,0.3679966628551483,0.8897058823529411,0.9211908931698775,464.4617,,,,
0.1605,0.9433378577232361,7.142857142857142e-05,8.695652173913043,2000,,,,,,,,
,,,8.695652173913043,2000,0.3711979389190674,0.8872549019607843,0.9201388888888888,470.2805,,,,
0.1587,2.2958390712738037,6.547619047619048e-05,8.804347826086957,2025,,,,,,,,
,,,8.804347826086957,2025,0.3641207814216614,0.8946078431372549,0.9228007181328547,476.4575,,,,
0.2061,1.8652067184448242,5.9523809523809524e-05,8.91304347826087,2050,,,,,,,,
,,,8.91304347826087,2050,0.3563652038574219,0.8921568627450981,0.9225352112676057,482.3308,,,,
0.1912,0.6054515838623047,5.357142857142857e-05,9.021739130434783,2075,,,,,,,,
,,,9.021739130434783,2075,0.3527727425098419,0.8921568627450981,0.9225352112676057,488.0863,,,,
0.1184,0.6082761287689209,4.761904761904762e-05,9.130434782608695,2100,,,,,,,,
,,,9.130434782608695,2100,0.3543555736541748,0.8970588235294118,0.9244604316546762,493.8827,,,,
0.1327,0.23687976598739624,4.1666666666666665e-05,9.23913043478261,2125,,,,,,,,
,,,9.23913043478261,2125,0.36477425694465637,0.9019607843137255,0.9288256227758006,499.6852,,,,
0.1649,0.6774073243141174,3.571428571428571e-05,9.347826086956522,2150,,,,,,,,
,,,9.347826086956522,2150,0.3735952079296112,0.8946078431372549,0.9244288224956063,505.577,,,,
0.1373,0.1941744089126587,2.9761904761904762e-05,9.456521739130435,2175,,,,,,,,
,,,9.456521739130435,2175,0.36734408140182495,0.9044117647058824,0.9304812834224598,511.4507,,,,
0.1449,1.1235140562057495,2.380952380952381e-05,9.565217391304348,2200,,,,,,,,
,,,9.565217391304348,2200,0.3709009885787964,0.8897058823529411,0.9206349206349206,517.3031,,,,
0.1634,0.4673023521900177,1.7857142857142855e-05,9.673913043478262,2225,,,,,,,,
,,,9.673913043478262,2225,0.3717290163040161,0.8897058823529411,0.9206349206349206,523.1283,,,,
0.1567,0.340376079082489,1.1904761904761905e-05,9.782608695652174,2250,,,,,,,,
,,,9.782608695652174,2250,0.36714792251586914,0.8946078431372549,0.9238938053097344,529.0042,,,,
0.126,0.5496792793273926,5.9523809523809525e-06,9.891304347826086,2275,,,,,,,,
,,,9.891304347826086,2275,0.36701464653015137,0.8970588235294118,0.925531914893617,534.904,,,,
0.1162,0.1461922526359558,0.0,10.0,2300,,,,,,,,
,,,10.0,2300,0.36657050251960754,0.8995098039215687,0.9271758436944938,540.7425,,,,
,,,10.0,2300,,,,540.3998,67.876,4.256,1530446719931808.0,0.2938102588964545
