loss,grad_norm,learning_rate,epoch,step,eval_loss,eval_accuracy,train_runtime,train_samples_per_second,train_steps_per_second,total_flos,train_loss
1.0027,0.8997313976287842,1e-05,0.00641025641025641,1,,,,,,,
0.9469,2.825756788253784,0.0005,0.32051282051282054,50,,,,,,,
,,,0.32051282051282054,50,0.7934223413467407,0.5740072202166066,24.0937,,,,
0.7548,1.4112178087234497,0.001,0.6410256410256411,100,,,,,,,
,,,0.6410256410256411,100,0.6943964958190918,0.5342960288808665,49.5106,,,,
0.7127,4.189669609069824,0.0015,0.9615384615384616,150,,,,,,,
,,,0.9615384615384616,150,0.7554069757461548,0.5270758122743683,74.5949,,,,
0.7138,2.7360873222351074,0.002,1.282051282051282,200,,,,,,,
,,,1.282051282051282,200,0.6664881706237793,0.6534296028880866,99.7256,,,,
0.6851,1.6813135147094727,0.0019264705882352942,1.6025641025641026,250,,,,,,,
,,,1.6025641025641026,250,0.6566442847251892,0.6353790613718412,124.5732,,,,
0.6898,2.693446159362793,0.0018529411764705885,1.9230769230769231,300,,,,,,,
,,,1.9230769230769231,300,0.6405203938484192,0.6714801444043321,149.1673,,,,
0.626,2.297353744506836,0.0017794117647058822,2.2435897435897436,350,,,,,,,
,,,2.2435897435897436,350,0.6528943777084351,0.6606498194945848,173.3161,,,,
0.6281,1.814136266708374,0.0017058823529411764,2.564102564102564,400,,,,,,,
,,,2.564102564102564,400,0.6100475192070007,0.6859205776173285,198.0898,,,,
0.6199,3.450078010559082,0.0016323529411764706,2.8846153846153846,450,,,,,,,
,,,2.8846153846153846,450,0.6132131218910217,0.6931407942238267,223.1798,,,,
0.6243,1.4226317405700684,0.0015588235294117648,3.2051282051282053,500,,,,,,,
,,,3.2051282051282053,500,0.5877564549446106,0.703971119133574,247.9074,,,,
0.5958,4.259311199188232,0.0014852941176470588,3.5256410256410255,550,,,,,,,
,,,3.5256410256410255,550,0.6275933384895325,0.7111913357400722,272.8519,,,,
0.5845,6.077943801879883,0.001411764705882353,3.8461538461538463,600,,,,,,,
,,,3.8461538461538463,600,0.5895341634750366,0.7220216606498195,297.7618,,,,
0.4713,4.548038005828857,0.001338235294117647,4.166666666666667,650,,,,,,,
,,,4.166666666666667,650,0.4873994290828705,0.7725631768953068,322.9529,,,,
0.4956,3.4447574615478516,0.0012647058823529412,4.487179487179487,700,,,,,,,
,,,4.487179487179487,700,0.5430644750595093,0.7653429602888087,347.5719,,,,
0.5103,4.112945556640625,0.0011911764705882352,4.8076923076923075,750,,,,,,,
,,,4.8076923076923075,750,0.5648043751716614,0.7617328519855595,371.9677,,,,
0.4561,5.407567977905273,0.0011176470588235294,5.128205128205128,800,,,,,,,
,,,5.128205128205128,800,0.6022765040397644,0.7545126353790613,396.6711,,,,
0.4483,5.028097152709961,0.0010441176470588236,5.448717948717949,850,,,,,,,
,,,5.448717948717949,850,0.530487060546875,0.7545126353790613,421.9941,,,,
0.4032,3.4334542751312256,0.0009705882352941176,5.769230769230769,900,,,,,,,
,,,5.769230769230769,900,0.5806720852851868,0.776173285198556,446.7668,,,,
0.4523,5.068519115447998,0.0008970588235294118,6.089743589743589,950,,,,,,,
,,,6.089743589743589,950,0.5549085736274719,0.7725631768953068,471.3803,,,,
0.3875,8.128006935119629,0.0008235294117647058,6.410256410256411,1000,,,,,,,
,,,6.410256410256411,1000,0.5874450206756592,0.7725631768953068,496.0008,,,,
0.3691,3.512272596359253,0.00075,6.730769230769231,1050,,,,,,,
,,,6.730769230769231,1050,0.5983913540840149,0.779783393501805,521.4729,,,,
0.3312,6.609364032745361,0.0006764705882352942,7.051282051282051,1100,,,,,,,
,,,7.051282051282051,1100,0.6257761716842651,0.7833935018050542,546.6852,,,,
0.2668,6.1782965660095215,0.0006029411764705882,7.371794871794872,1150,,,,,,,
,,,7.371794871794872,1150,0.575485110282898,0.8050541516245487,572.0626,,,,
0.2738,8.997912406921387,0.0005294117647058824,7.6923076923076925,1200,,,,,,,
,,,7.6923076923076925,1200,0.6984278559684753,0.7833935018050542,596.2383,,,,
0.3156,5.707498550415039,0.00045588235294117646,8.012820512820513,1250,,,,,,,
,,,8.012820512820513,1250,0.6023361086845398,0.7870036101083032,621.1129,,,,
0.2355,9.081365585327148,0.00038235294117647055,8.333333333333334,1300,,,,,,,
,,,8.333333333333334,1300,0.8584287762641907,0.7689530685920578,645.8509,,,,
0.2487,6.808604717254639,0.0003088235294117647,8.653846153846153,1350,,,,,,,
,,,8.653846153846153,1350,0.6242024898529053,0.7906137184115524,670.482,,,,
0.2094,4.199611186981201,0.00023529411764705883,8.974358974358974,1400,,,,,,,
,,,8.974358974358974,1400,0.8122429251670837,0.7942238267148014,694.9254,,,,
0.1878,4.01111364364624,0.00016176470588235295,9.294871794871796,1450,,,,,,,
,,,9.294871794871796,1450,0.8495898842811584,0.7906137184115524,719.4388,,,,
0.1528,5.797125816345215,8.823529411764706e-05,9.615384615384615,1500,,,,,,,
,,,9.615384615384615,1500,0.8266955614089966,0.7942238267148014,744.3746,,,,
0.1705,5.660508632659912,1.4705882352941177e-05,9.935897435897436,1550,,,,,,,
,,,9.935897435897436,1550,0.8683974742889404,0.7906137184115524,769.8708,,,,
,,,10.0,1560,,,773.6319,32.186,2.016,2110933363573440.0,0.4682225414575675
