loss,grad_norm,learning_rate,epoch,step,eval_loss,eval_accuracy,train_runtime,train_samples_per_second,train_steps_per_second,total_flos,train_loss
1.8162,0.6342261433601379,1e-05,0.00641025641025641,1,,,,,,,
1.6188,1.7172795534133911,0.0005,0.32051282051282054,50,,,,,,,
,,,0.32051282051282054,50,1.1207287311553955,0.5270758122743683,24.8528,,,,
0.8208,0.9092896580696106,0.001,0.6410256410256411,100,,,,,,,
,,,0.6410256410256411,100,0.7149794697761536,0.5270758122743683,50.9938,,,,
0.7335,2.4493343830108643,0.0015,0.9615384615384616,150,,,,,,,
,,,0.9615384615384616,150,0.7264799475669861,0.5270758122743683,76.5974,,,,
0.7398,2.568920612335205,0.002,1.282051282051282,200,,,,,,,
,,,1.282051282051282,200,0.7188938856124878,0.5270758122743683,102.0016,,,,
0.7315,0.42396605014801025,0.0019264705882352942,1.6025641025641026,250,,,,,,,
,,,1.6025641025641026,250,0.7090389728546143,0.49097472924187724,126.9137,,,,
0.7228,1.7635245323181152,0.0018529411764705885,1.9230769230769231,300,,,,,,,
,,,1.9230769230769231,300,0.6839480996131897,0.6353790613718412,151.8303,,,,
0.7244,0.6034957766532898,0.0017794117647058822,2.2435897435897436,350,,,,,,,
,,,2.2435897435897436,350,0.7095007300376892,0.6389891696750902,176.2864,,,,
0.7148,0.7724746465682983,0.0017058823529411764,2.564102564102564,400,,,,,,,
,,,2.564102564102564,400,0.6447102427482605,0.6714801444043321,201.3322,,,,
0.6683,0.7330151200294495,0.0016323529411764706,2.8846153846153846,450,,,,,,,
,,,2.8846153846153846,450,0.6864814758300781,0.6823104693140795,226.7772,,,,
0.6721,0.7962866425514221,0.0015588235294117648,3.2051282051282053,500,,,,,,,
,,,3.2051282051282053,500,0.6028986573219299,0.6967509025270758,251.9204,,,,
0.6133,1.8397139310836792,0.0014852941176470588,3.5256410256410255,550,,,,,,,
,,,3.5256410256410255,550,0.5644176602363586,0.7111913357400722,277.2472,,,,
0.6072,1.8636521100997925,0.001411764705882353,3.8461538461538463,600,,,,,,,
,,,3.8461538461538463,600,0.6120719909667969,0.7111913357400722,302.5319,,,,
0.5439,1.36296808719635,0.001338235294117647,4.166666666666667,650,,,,,,,
,,,4.166666666666667,650,0.5100292563438416,0.7653429602888087,328.2224,,,,
0.5472,1.748565435409546,0.0012647058823529412,4.487179487179487,700,,,,,,,
,,,4.487179487179487,700,0.524713397026062,0.7472924187725631,353.4856,,,,
0.5225,2.6962437629699707,0.0011911764705882352,4.8076923076923075,750,,,,,,,
,,,4.8076923076923075,750,0.5750747919082642,0.7545126353790613,378.4957,,,,
0.4916,2.6282567977905273,0.0011176470588235294,5.128205128205128,800,,,,,,,
,,,5.128205128205128,800,0.5709254741668701,0.7653429602888087,403.9304,,,,
0.4682,1.624246597290039,0.0010441176470588236,5.448717948717949,850,,,,,,,
,,,5.448717948717949,850,0.5342176556587219,0.7870036101083032,430.1998,,,,
0.449,1.6590230464935303,0.0009705882352941176,5.769230769230769,900,,,,,,,
,,,5.769230769230769,900,0.5531738996505737,0.7689530685920578,455.5622,,,,
0.4764,1.3917680978775024,0.0008970588235294118,6.089743589743589,950,,,,,,,
,,,6.089743589743589,950,0.5501330494880676,0.7870036101083032,480.6412,,,,
0.4032,1.431715726852417,0.0008235294117647058,6.410256410256411,1000,,,,,,,
,,,6.410256410256411,1000,0.5759848952293396,0.7653429602888087,506.036,,,,
0.376,1.385377049446106,0.00075,6.730769230769231,1050,,,,,,,
,,,6.730769230769231,1050,0.5200290083885193,0.8050541516245487,531.7488,,,,
0.4014,1.8717660903930664,0.0006764705882352942,7.051282051282051,1100,,,,,,,
,,,7.051282051282051,1100,0.5543339848518372,0.7870036101083032,557.456,,,,
0.3079,3.925576686859131,0.0006029411764705882,7.371794871794872,1150,,,,,,,
,,,7.371794871794872,1150,0.7430188655853271,0.779783393501805,583.5967,,,,
0.2611,3.7762250900268555,0.0005294117647058824,7.6923076923076925,1200,,,,,,,
,,,7.6923076923076925,1200,0.6507472395896912,0.7870036101083032,608.4136,,,,
0.3153,1.608014702796936,0.00045588235294117646,8.012820512820513,1250,,,,,,,
,,,8.012820512820513,1250,0.619884729385376,0.8014440433212996,634.1357,,,,
0.2286,3.2638964653015137,0.00038235294117647055,8.333333333333334,1300,,,,,,,
,,,8.333333333333334,1300,0.7637593150138855,0.8014440433212996,659.6064,,,,
0.201,3.696488618850708,0.0003088235294117647,8.653846153846153,1350,,,,,,,
,,,8.653846153846153,1350,0.7698895335197449,0.8086642599277978,684.6132,,,,
0.2048,0.5506971478462219,0.00023529411764705883,8.974358974358974,1400,,,,,,,
,,,8.974358974358974,1400,0.7915202975273132,0.7906137184115524,709.2984,,,,
0.1432,3.0576629638671875,0.00016176470588235295,9.294871794871796,1450,,,,,,,
,,,9.294871794871796,1450,0.8402217626571655,0.7978339350180506,734.0513,,,,
0.1549,4.738178730010986,8.823529411764706e-05,9.615384615384615,1500,,,,,,,
,,,9.615384615384615,1500,0.8078984022140503,0.8050541516245487,759.2519,,,,
0.1817,7.350991249084473,1.4705882352941177e-05,9.935897435897436,1550,,,,,,,
,,,9.935897435897436,1550,0.8199732899665833,0.8014440433212996,784.5905,,,,
,,,10.0,1560,,,788.2997,31.587,1.979,2142019577675520.0,0.5158381838064927
