loss,grad_norm,learning_rate,epoch,step,eval_loss,eval_accuracy,eval_f1,train_runtime,train_samples_per_second,train_steps_per_second,total_flos,train_loss
0.6801,0.5829545259475708,2.5e-06,0.0,1,,,,,,,,
0.7051,0.7186979055404663,6.25e-05,0.11,25,,,,,,,,
,,,0.11,25,0.6407051682472229,0.6838235294117647,0.8122270742358079,6.6294,,,,
0.6631,2.3069071769714355,0.000125,0.22,50,,,,,,,,
,,,0.22,50,0.617371678352356,0.6838235294117647,0.8122270742358079,13.0016,,,,
0.6385,1.6303807497024536,0.0001875,0.33,75,,,,,,,,
,,,0.33,75,0.622585117816925,0.6838235294117647,0.8122270742358079,19.4448,,,,
0.6343,1.6548153162002563,0.00025,0.43,100,,,,,,,,
,,,0.43,100,0.5805438756942749,0.7107843137254902,0.8228228228228228,25.6835,,,,
0.5424,2.0860071182250977,0.0003125,0.54,125,,,,,,,,
,,,0.54,125,0.5820248126983643,0.7230392156862745,0.8285280728376329,31.7996,,,,
0.5671,4.185757160186768,0.000375,0.65,150,,,,,,,,
,,,0.65,150,0.45058709383010864,0.7941176470588235,0.8662420382165604,37.7557,,,,
0.5311,5.3399977684021,0.0004375,0.76,175,,,,,,,,
,,,0.76,175,0.4573403596878052,0.803921568627451,0.8490566037735849,43.8318,,,,
0.5058,4.924126625061035,0.0005,0.87,200,,,,,,,,
,,,0.87,200,0.5419980883598328,0.8137254901960784,0.8733333333333333,49.7278,,,,
0.5243,4.496428966522217,0.0004940476190476191,0.98,225,,,,,,,,
,,,0.98,225,0.5132576823234558,0.7083333333333334,0.7361419068736141,55.5401,,,,
0.4762,4.079580307006836,0.0004880952380952381,1.09,250,,,,,,,,
,,,1.09,250,0.4248692989349365,0.8161764705882353,0.8633879781420764,61.1849,,,,
0.451,5.906635284423828,0.00048214285714285715,1.2,275,,,,,,,,
,,,1.2,275,0.4313177168369293,0.7867647058823529,0.8502581755593803,67.0034,,,,
0.4396,4.1619977951049805,0.0004761904761904762,1.3,300,,,,,,,,
,,,1.3,300,0.3899347186088562,0.8578431372549019,0.8989547038327526,72.9206,,,,
0.4502,3.332469940185547,0.00047023809523809523,1.41,325,,,,,,,,
,,,1.41,325,0.5130505561828613,0.7867647058823529,0.8242424242424243,78.7977,,,,
0.5516,1.8219411373138428,0.00046428571428571433,1.52,350,,,,,,,,
,,,1.52,350,0.3961852490901947,0.7745098039215687,0.8099173553719008,84.8421,,,,
0.4392,1.8224482536315918,0.0004583333333333333,1.63,375,,,,,,,,
,,,1.63,375,0.3589273989200592,0.8480392156862745,0.8843283582089553,90.7614,,,,
0.3827,3.167212724685669,0.00045238095238095237,1.74,400,,,,,,,,
,,,1.74,400,0.35020503401756287,0.8627450980392157,0.901060070671378,96.8469,,,,
0.4403,2.9206576347351074,0.00044642857142857147,1.85,425,,,,,,,,
,,,1.85,425,0.4117458164691925,0.7867647058823529,0.8589951377633711,102.9786,,,,
0.4721,3.353914976119995,0.00044047619047619046,1.96,450,,,,,,,,
,,,1.96,450,0.384488046169281,0.8578431372549019,0.8960573476702509,109.1693,,,,
0.3741,5.334813117980957,0.00043452380952380956,2.07,475,,,,,,,,
,,,2.07,475,0.44838887453079224,0.8406862745098039,0.8865619546247819,115.0097,,,,
0.3678,7.364990711212158,0.00042857142857142855,2.17,500,,,,,,,,
,,,2.17,500,0.4155298173427582,0.821078431372549,0.8635514018691589,121.0899,,,,
0.3695,6.29288387298584,0.00042261904761904765,2.28,525,,,,,,,,
,,,2.28,525,0.35400301218032837,0.8284313725490197,0.8689138576779026,127.3249,,,,
0.3647,4.205059051513672,0.0004166666666666667,2.39,550,,,,,,,,
,,,2.39,550,0.3991779386997223,0.8651960784313726,0.9029982363315697,133.2768,,,,
0.4246,5.57258939743042,0.0004107142857142857,2.5,575,,,,,,,,
,,,2.5,575,0.4035308063030243,0.8431372549019608,0.8943894389438943,139.2264,,,,
0.3955,4.999571800231934,0.0004047619047619048,2.61,600,,,,,,,,
,,,2.61,600,0.5756722092628479,0.8259803921568627,0.8849270664505673,145.1711,,,,
0.3494,3.7873246669769287,0.00039880952380952383,2.72,625,,,,,,,,
,,,2.72,625,0.3878689706325531,0.8627450980392157,0.904109589041096,151.1782,,,,
0.3821,2.5482492446899414,0.0003928571428571429,2.83,650,,,,,,,,
,,,2.83,650,0.3432416021823883,0.8553921568627451,0.8921389396709324,157.2014,,,,
0.341,5.001824855804443,0.0003869047619047619,2.93,675,,,,,,,,
,,,2.93,675,0.3874167501926422,0.8284313725490197,0.8821548821548822,163.2265,,,,
0.3228,4.6440606117248535,0.00038095238095238096,3.04,700,,,,,,,,
,,,3.04,700,0.5028888583183289,0.8504901960784313,0.8957264957264958,168.9974,,,,
0.2985,2.136350154876709,0.000375,3.15,725,,,,,,,,
,,,3.15,725,0.36125069856643677,0.8725490196078431,0.9037037037037037,175.046,,,,
0.359,1.498810887336731,0.00036904761904761905,3.26,750,,,,,,,,
,,,3.26,750,0.486852765083313,0.8308823529411765,0.8874388254486133,181.1377,,,,
0.2658,14.611905097961426,0.0003630952380952381,3.37,775,,,,,,,,
,,,3.37,775,0.37137651443481445,0.8823529411764706,0.9133574007220215,187.0845,,,,
0.285,2.877361536026001,0.00035714285714285714,3.48,800,,,,,,,,
,,,3.48,800,0.3317856788635254,0.8578431372549019,0.901023890784983,193.0956,,,,
0.3503,13.21120834350586,0.0003511904761904762,3.59,825,,,,,,,,
,,,3.59,825,0.41693443059921265,0.8578431372549019,0.8999999999999999,199.1144,,,,
0.3118,4.302320957183838,0.00034523809523809523,3.7,850,,,,,,,,
,,,3.7,850,0.3536350131034851,0.8602941176470589,0.8983957219251337,205.2035,,,,
0.2806,17.583051681518555,0.00033928571428571433,3.8,875,,,,,,,,
,,,3.8,875,0.44739317893981934,0.8725490196078431,0.9087719298245615,211.1814,,,,
0.3561,17.092744827270508,0.0003333333333333333,3.91,900,,,,,,,,
,,,3.91,900,0.42793235182762146,0.8480392156862745,0.8956228956228957,217.1754,,,,
0.3241,6.915801525115967,0.00032738095238095237,4.02,925,,,,,,,,
,,,4.02,925,0.37820979952812195,0.8627450980392157,0.9037800687285222,222.973,,,,
0.157,1.3748705387115479,0.00032142857142857147,4.13,950,,,,,,,,
,,,4.13,950,0.6549479365348816,0.8504901960784313,0.8981636060100167,229.0125,,,,
0.3226,11.742690086364746,0.00031547619047619046,4.24,975,,,,,,,,
,,,4.24,975,0.490543395280838,0.8774509803921569,0.9140893470790378,234.8743,,,,
0.2607,2.6944844722747803,0.00030952380952380956,4.35,1000,,,,,,,,
,,,4.35,1000,0.419274240732193,0.8627450980392157,0.9037800687285222,240.7998,,,,
0.227,4.188226699829102,0.00030357142857142855,4.46,1025,,,,,,,,
,,,4.46,1025,0.39226433634757996,0.8651960784313726,0.9026548672566371,247.1554,,,,
0.2104,19.672006607055664,0.00029761904761904765,4.57,1050,,,,,,,,
,,,4.57,1050,0.5303758382797241,0.8529411764705882,0.8996655518394648,253.1598,,,,
0.2427,2.486961603164673,0.0002916666666666667,4.67,1075,,,,,,,,
,,,4.67,1075,0.42843300104141235,0.8700980392156863,0.9084628670120898,259.1346,,,,
0.2034,2.714205503463745,0.0002857142857142857,4.78,1100,,,,,,,,
,,,4.78,1100,0.38242220878601074,0.8848039215686274,0.9176882661996497,265.142,,,,
0.1866,0.5082700848579407,0.0002797619047619048,4.89,1125,,,,,,,,
,,,4.89,1125,0.4307467043399811,0.8676470588235294,0.9014598540145985,271.1602,,,,
0.245,0.6267491579055786,0.0002738095238095238,5.0,1150,,,,,,,,
,,,5.0,1150,0.45046764612197876,0.8602941176470589,0.8961748633879781,277.1728,,,,
0.114,0.1325882077217102,0.00026785714285714287,5.11,1175,,,,,,,,
,,,5.11,1175,0.5420399904251099,0.8700980392156863,0.9045045045045046,283.1168,,,,
0.1957,11.27175521850586,0.0002619047619047619,5.22,1200,,,,,,,,
,,,5.22,1200,0.45727482438087463,0.8848039215686274,0.9173989455184535,289.1905,,,,
0.1135,11.387343406677246,0.00025595238095238096,5.33,1225,,,,,,,,
,,,5.33,1225,0.5352416634559631,0.8725490196078431,0.9071428571428571,295.202,,,,
0.2335,3.5542781352996826,0.00025,5.43,1250,,,,,,,,
,,,5.43,1250,0.44535744190216064,0.8651960784313726,0.9029982363315697,301.1104,,,,
0.1547,34.244205474853516,0.00024404761904761905,5.54,1275,,,,,,,,
,,,5.54,1275,0.5534793734550476,0.8823529411764706,0.9145907473309609,307.049,,,,
0.1746,0.31990137696266174,0.0002380952380952381,5.65,1300,,,,,,,,
,,,5.65,1300,0.5157557129859924,0.8676470588235294,0.9042553191489361,313.0469,,,,
0.1482,2.621295213699341,0.00023214285714285717,5.76,1325,,,,,,,,
,,,5.76,1325,0.4590182602405548,0.875,0.9103690685413005,319.1267,,,,
0.1865,10.086132049560547,0.00022619047619047618,5.87,1350,,,,,,,,
,,,5.87,1350,0.42367514967918396,0.8774509803921569,0.9128919860627178,325.1984,,,,
0.1494,3.014753818511963,0.00022023809523809523,5.98,1375,,,,,,,,
,,,5.98,1375,0.4386177957057953,0.8823529411764706,0.9139784946236559,331.2977,,,,
0.111,9.140507698059082,0.00021428571428571427,6.09,1400,,,,,,,,
,,,6.09,1400,0.5958619117736816,0.8799019607843137,0.9156626506024096,337.1487,,,,
0.1387,0.18083849549293518,0.00020833333333333335,6.2,1425,,,,,,,,
,,,6.2,1425,0.5116767287254333,0.8872549019607843,0.9206896551724139,343.2978,,,,
0.1537,6.506450176239014,0.0002023809523809524,6.3,1450,,,,,,,,
,,,6.3,1450,0.45592260360717773,0.8946078431372549,0.9236234458259325,349.1338,,,,
0.1549,0.8829299211502075,0.00019642857142857144,6.41,1475,,,,,,,,
,,,6.41,1475,0.4174768030643463,0.8970588235294118,0.9270833333333334,355.0843,,,,
0.1109,0.5671710968017578,0.00019047619047619048,6.52,1500,,,,,,,,
,,,6.52,1500,0.5406761169433594,0.8823529411764706,0.9178082191780821,360.9938,,,,
0.1052,0.06047730892896652,0.00018452380952380953,6.63,1525,,,,,,,,
,,,6.63,1525,0.5565915703773499,0.8725490196078431,0.91156462585034,367.3612,,,,
0.1122,0.03277747705578804,0.00017857142857142857,6.74,1550,,,,,,,,
,,,6.74,1550,0.609339714050293,0.8823529411764706,0.9127272727272728,373.2507,,,,
0.1517,3.842650890350342,0.00017261904761904762,6.85,1575,,,,,,,,
,,,6.85,1575,0.6460475325584412,0.8774509803921569,0.9140893470790378,379.2488,,,,
0.1022,19.57260513305664,0.00016666666666666666,6.96,1600,,,,,,,,
,,,6.96,1600,0.6232184171676636,0.8725490196078431,0.9094076655052264,385.2824,,,,
0.0975,19.69668197631836,0.00016071428571428573,7.07,1625,,,,,,,,
,,,7.07,1625,0.6629664897918701,0.8774509803921569,0.911032028469751,391.1417,,,,
0.146,3.058715343475342,0.00015476190476190478,7.17,1650,,,,,,,,
,,,7.17,1650,0.5605667233467102,0.8700980392156863,0.9055258467023173,397.1151,,,,
0.0865,1.1198183298110962,0.00014880952380952382,7.28,1675,,,,,,,,
,,,7.28,1675,0.5554383397102356,0.8774509803921569,0.9143835616438356,403.1011,,,,
0.1013,0.3188123106956482,0.00014285714285714284,7.39,1700,,,,,,,,
,,,7.39,1700,0.5648788809776306,0.8799019607843137,0.9162393162393162,409.1752,,,,
0.0719,9.081371307373047,0.0001369047619047619,7.5,1725,,,,,,,,
,,,7.5,1725,0.5715116858482361,0.8946078431372549,0.924693520140105,415.2845,,,,
0.0887,0.12236939370632172,0.00013095238095238096,7.61,1750,,,,,,,,
,,,7.61,1750,0.5908353924751282,0.8700980392156863,0.9048473967684021,421.296,,,,
0.1225,9.520589828491211,0.000125,7.72,1775,,,,,,,,
,,,7.72,1775,0.5927892923355103,0.8872549019607843,0.9209621993127148,427.3756,,,,
0.0817,0.17914895713329315,0.00011904761904761905,7.83,1800,,,,,,,,
,,,7.83,1800,0.5072662234306335,0.8897058823529411,0.9206349206349206,433.3466,,,,
0.0971,4.6380934715271,0.00011309523809523809,7.93,1825,,,,,,,,
,,,7.93,1825,0.5182521939277649,0.8921568627450981,0.9219858156028369,439.5612,,,,
0.0527,0.19754917919635773,0.00010714285714285714,8.04,1850,,,,,,,,
,,,8.04,1850,0.5431200861930847,0.8970588235294118,0.9265734265734265,445.4534,,,,
0.082,46.09321594238281,0.0001011904761904762,8.15,1875,,,,,,,,
,,,8.15,1875,0.5598492622375488,0.8921568627450981,0.9222614840989399,451.5079,,,,
0.041,0.010312160477042198,9.523809523809524e-05,8.26,1900,,,,,,,,
,,,8.26,1900,0.6112338304519653,0.8970588235294118,0.926829268292683,457.5468,,,,
0.0561,0.026748046278953552,8.928571428571429e-05,8.37,1925,,,,,,,,
,,,8.37,1925,0.5711129307746887,0.8970588235294118,0.926056338028169,463.6605,,,,
0.0751,7.279088973999023,8.333333333333333e-05,8.48,1950,,,,,,,,
,,,8.48,1950,0.5742006897926331,0.8921568627450981,0.9222614840989399,469.7664,,,,
0.0489,0.11060303449630737,7.738095238095239e-05,8.59,1975,,,,,,,,
,,,8.59,1975,0.5523291826248169,0.8897058823529411,0.9220103986135182,475.7433,,,,
0.0678,0.04846040531992912,7.142857142857142e-05,8.7,2000,,,,,,,,
,,,8.7,2000,0.5863230228424072,0.8872549019607843,0.9198606271777002,481.7372,,,,
0.0562,18.583539962768555,6.547619047619048e-05,8.8,2025,,,,,,,,
,,,8.8,2025,0.5686701536178589,0.8872549019607843,0.9184397163120569,488.1096,,,,
0.0437,0.949442982673645,5.9523809523809524e-05,8.91,2050,,,,,,,,
,,,8.91,2050,0.5784566402435303,0.8872549019607843,0.9198606271777002,494.1317,,,,
0.0345,0.07092765718698502,5.357142857142857e-05,9.02,2075,,,,,,,,
,,,9.02,2075,0.5782964825630188,0.8946078431372549,0.924693520140105,500.0117,,,,
0.0213,0.019524184986948967,4.761904761904762e-05,9.13,2100,,,,,,,,
,,,9.13,2100,0.5928483605384827,0.8946078431372549,0.9241622574955909,505.9633,,,,
0.0356,0.011516842991113663,4.1666666666666665e-05,9.24,2125,,,,,,,,
,,,9.24,2125,0.6017635464668274,0.8921568627450981,0.9225352112676057,511.9388,,,,
0.0137,0.011719794943928719,3.571428571428571e-05,9.35,2150,,,,,,,,
,,,9.35,2150,0.6282914280891418,0.8897058823529411,0.9200710479573712,517.8544,,,,
0.0554,0.042348701506853104,2.9761904761904762e-05,9.46,2175,,,,,,,,
,,,9.46,2175,0.6395202279090881,0.8921568627450981,0.9214285714285715,523.8982,,,,
0.0673,0.04454667121171951,2.380952380952381e-05,9.57,2200,,,,,,,,
,,,9.57,2200,0.6354707479476929,0.8946078431372549,0.9244288224956063,529.8644,,,,
0.012,0.017157524824142456,1.7857142857142855e-05,9.67,2225,,,,,,,,
,,,9.67,2225,0.6371675133705139,0.8946078431372549,0.9244288224956063,535.8509,,,,
0.0559,0.3313954174518585,1.1904761904761905e-05,9.78,2250,,,,,,,,
,,,9.78,2250,0.6321664452552795,0.8946078431372549,0.9244288224956063,541.7976,,,,
0.0403,0.12078569084405899,5.9523809523809525e-06,9.89,2275,,,,,,,,
,,,9.89,2275,0.6332555413246155,0.8946078431372549,0.9238938053097344,547.8739,,,,
0.0538,0.023026593029499054,0.0,10.0,2300,,,,,,,,
,,,10.0,2300,0.632582426071167,0.8946078431372549,0.9238938053097344,553.7801,,,,
,,,10.0,2300,,,,553.4146,66.279,4.156,1490749903787424.0,0.24356968537620877
