loss,grad_norm,learning_rate,epoch,step,eval_loss,eval_accuracy,train_runtime,train_samples_per_second,train_steps_per_second,total_flos,train_loss
1.7942,0.6456778049468994,1e-05,0.00641025641025641,1,,,,,,,
1.59,0.9148173332214355,0.0005,0.32051282051282054,50,,,,,,,
,,,0.32051282051282054,50,1.0831527709960938,0.5306859205776173,23.4825,,,,
0.7946,0.8260391354560852,0.001,0.6410256410256411,100,,,,,,,
,,,0.6410256410256411,100,0.6996663212776184,0.5342960288808665,48.2845,,,,
0.7211,2.653472423553467,0.0015,0.9615384615384616,150,,,,,,,
,,,0.9615384615384616,150,0.706947386264801,0.5270758122743683,72.8838,,,,
0.7422,3.3091938495635986,0.002,1.282051282051282,200,,,,,,,
,,,1.282051282051282,200,0.7089982628822327,0.5342960288808665,97.4252,,,,
0.7235,0.4847194254398346,0.0019264705882352942,1.6025641025641026,250,,,,,,,
,,,1.6025641025641026,250,0.7021332383155823,0.5523465703971119,121.5959,,,,
0.7373,1.062381625175476,0.0018529411764705885,1.9230769230769231,300,,,,,,,
,,,1.9230769230769231,300,0.7471592426300049,0.48014440433212996,145.6482,,,,
0.6923,2.984999656677246,0.0017794117647058822,2.2435897435897436,350,,,,,,,
,,,2.2435897435897436,350,0.6634125709533691,0.6173285198555957,169.2406,,,,
0.7077,0.7585156559944153,0.0017058823529411764,2.564102564102564,400,,,,,,,
,,,2.564102564102564,400,0.6490015983581543,0.6462093862815884,193.3639,,,,
0.6665,1.6338008642196655,0.0016323529411764706,2.8846153846153846,450,,,,,,,
,,,2.8846153846153846,450,0.753339409828186,0.6498194945848376,217.7634,,,,
0.6641,2.1576335430145264,0.0015588235294117648,3.2051282051282053,500,,,,,,,
,,,3.2051282051282053,500,0.629980742931366,0.6534296028880866,241.8847,,,,
0.6394,2.959895610809326,0.0014852941176470588,3.5256410256410255,550,,,,,,,
,,,3.5256410256410255,550,0.6457033157348633,0.6967509025270758,266.1928,,,,
0.622,2.11141037940979,0.001411764705882353,3.8461538461538463,600,,,,,,,
,,,3.8461538461538463,600,0.5802030563354492,0.7075812274368231,290.2551,,,,
0.5622,3.0691959857940674,0.001338235294117647,4.166666666666667,650,,,,,,,
,,,4.166666666666667,650,0.5193946361541748,0.7581227436823105,314.8718,,,,
0.5344,1.8460747003555298,0.0012647058823529412,4.487179487179487,700,,,,,,,
,,,4.487179487179487,700,0.5078333020210266,0.7617328519855595,338.8514,,,,
0.5532,1.9418259859085083,0.0011911764705882352,4.8076923076923075,750,,,,,,,
,,,4.8076923076923075,750,0.51029372215271,0.7509025270758123,362.5099,,,,
0.5184,3.272080183029175,0.0011176470588235294,5.128205128205128,800,,,,,,,
,,,5.128205128205128,800,0.5081872344017029,0.7870036101083032,386.3969,,,,
0.4789,1.035181999206543,0.0010441176470588236,5.448717948717949,850,,,,,,,
,,,5.448717948717949,850,0.4779488444328308,0.7725631768953068,410.9613,,,,
0.4785,1.2077844142913818,0.0009705882352941176,5.769230769230769,900,,,,,,,
,,,5.769230769230769,900,0.6262724995613098,0.7184115523465704,435.0217,,,,
0.5208,0.9202296733856201,0.0008970588235294118,6.089743589743589,950,,,,,,,
,,,6.089743589743589,950,0.5150532126426697,0.7509025270758123,458.8534,,,,
0.4223,2.457176446914673,0.0008235294117647058,6.410256410256411,1000,,,,,,,
,,,6.410256410256411,1000,0.5078005790710449,0.7581227436823105,482.9868,,,,
0.4006,1.7587132453918457,0.00075,6.730769230769231,1050,,,,,,,
,,,6.730769230769231,1050,0.5383025407791138,0.7545126353790613,507.8729,,,,
0.3813,1.0745431184768677,0.0006764705882352942,7.051282051282051,1100,,,,,,,
,,,7.051282051282051,1100,0.5388526320457458,0.7725631768953068,532.4235,,,,
0.3499,2.837137460708618,0.0006029411764705882,7.371794871794872,1150,,,,,,,
,,,7.371794871794872,1150,0.5722618103027344,0.7942238267148014,557.1662,,,,
0.3511,2.014606475830078,0.0005294117647058824,7.6923076923076925,1200,,,,,,,
,,,7.6923076923076925,1200,0.536736249923706,0.8050541516245487,580.7222,,,,
0.3913,2.1036033630371094,0.00045588235294117646,8.012820512820513,1250,,,,,,,
,,,8.012820512820513,1250,0.48002320528030396,0.7942238267148014,604.8739,,,,
0.3089,3.692810535430908,0.00038235294117647055,8.333333333333334,1300,,,,,,,
,,,8.333333333333334,1300,0.6075807213783264,0.7725631768953068,628.6294,,,,
0.2817,2.246432065963745,0.0003088235294117647,8.653846153846153,1350,,,,,,,
,,,8.653846153846153,1350,0.53046053647995,0.8050541516245487,652.5883,,,,
0.2684,4.894335746765137,0.00023529411764705883,8.974358974358974,1400,,,,,,,
,,,8.974358974358974,1400,0.5493870973587036,0.7978339350180506,676.4964,,,,
0.2434,1.9092451333999634,0.00016176470588235295,9.294871794871796,1450,,,,,,,
,,,9.294871794871796,1450,0.63568115234375,0.7653429602888087,700.2838,,,,
0.1901,4.6573662757873535,8.823529411764706e-05,9.615384615384615,1500,,,,,,,
,,,9.615384615384615,1500,0.6750667691230774,0.776173285198556,724.5411,,,,
0.2606,6.386364459991455,1.4705882352941177e-05,9.935897435897436,1550,,,,,,,
,,,9.935897435897436,1550,0.6310750842094421,0.7870036101083032,749.4006,,,,
,,,10.0,1560,,,752.9415,33.07,2.072,2136612170646720.0,0.5396611269467916
