loss,grad_norm,learning_rate,epoch,step,eval_loss,eval_accuracy,eval_f1,train_runtime,train_samples_per_second,train_steps_per_second,total_flos,train_loss
0.6801,0.5727102756500244,2.5000000000000004e-07,0.004347826086956522,1,,,,,,,,
0.7449,1.9785741567611694,6.25e-06,0.10869565217391304,25,,,,,,,,
,,,0.10869565217391304,25,0.7322842478752136,0.3161764705882353,0.0,5.8561,,,,
0.7115,2.0787413120269775,1.25e-05,0.21739130434782608,50,,,,,,,,
,,,0.21739130434782608,50,0.6977179050445557,0.3161764705882353,0.0,11.2499,,,,
0.6719,4.60950231552124,1.8750000000000002e-05,0.32608695652173914,75,,,,,,,,
,,,0.32608695652173914,75,0.6632047295570374,0.6838235294117647,0.8122270742358079,16.8319,,,,
0.6569,1.3652904033660889,2.5e-05,0.43478260869565216,100,,,,,,,,
,,,0.43478260869565216,100,0.6405481696128845,0.6838235294117647,0.8122270742358079,22.2995,,,,
0.6122,1.3742525577545166,3.125e-05,0.5434782608695652,125,,,,,,,,
,,,0.5434782608695652,125,0.6261889338493347,0.6838235294117647,0.8122270742358079,27.9772,,,,
0.6327,2.608086109161377,3.7500000000000003e-05,0.6521739130434783,150,,,,,,,,
,,,0.6521739130434783,150,0.6239338517189026,0.6838235294117647,0.8122270742358079,33.4594,,,,
0.6368,1.212371826171875,4.375e-05,0.7608695652173914,175,,,,,,,,
,,,0.7608695652173914,175,0.6230099201202393,0.6838235294117647,0.8122270742358079,39.2168,,,,
0.6373,1.01997709274292,5e-05,0.8695652173913043,200,,,,,,,,
,,,0.8695652173913043,200,0.6212204098701477,0.6838235294117647,0.8122270742358079,44.7481,,,,
0.633,0.9815436601638794,4.940476190476191e-05,0.9782608695652174,225,,,,,,,,
,,,0.9782608695652174,225,0.6183253526687622,0.6838235294117647,0.8122270742358079,50.2613,,,,
0.6151,0.6295924186706543,4.880952380952381e-05,1.0869565217391304,250,,,,,,,,
,,,1.0869565217391304,250,0.615447461605072,0.6838235294117647,0.8122270742358079,55.573,,,,
0.617,2.353038787841797,4.8214285714285716e-05,1.1956521739130435,275,,,,,,,,
,,,1.1956521739130435,275,0.6087870597839355,0.6838235294117647,0.8122270742358079,61.0247,,,,
0.6157,0.8691564202308655,4.761904761904762e-05,1.3043478260869565,300,,,,,,,,
,,,1.3043478260869565,300,0.599314272403717,0.6838235294117647,0.8122270742358079,66.6453,,,,
0.6052,1.286033272743225,4.7023809523809525e-05,1.4130434782608696,325,,,,,,,,
,,,1.4130434782608696,325,0.5756577253341675,0.6936274509803921,0.8169838945827232,72.0724,,,,
0.6034,6.715280532836914,4.642857142857143e-05,1.5217391304347827,350,,,,,,,,
,,,1.5217391304347827,350,0.5849121809005737,0.7009803921568627,0.8189910979228486,77.5883,,,,
0.5691,2.6109859943389893,4.5833333333333334e-05,1.6304347826086958,375,,,,,,,,
,,,1.6304347826086958,375,0.5182626843452454,0.7083333333333334,0.818320610687023,82.9157,,,,
0.5229,2.255929946899414,4.523809523809524e-05,1.7391304347826086,400,,,,,,,,
,,,1.7391304347826086,400,0.5783475041389465,0.6985294117647058,0.8166915052160953,88.37,,,,
0.5334,4.281505584716797,4.464285714285715e-05,1.8478260869565217,425,,,,,,,,
,,,1.8478260869565217,425,0.521864652633667,0.7303921568627451,0.828125,93.9335,,,,
0.5247,2.41310977935791,4.404761904761905e-05,1.9565217391304348,450,,,,,,,,
,,,1.9565217391304348,450,0.48337769508361816,0.75,0.8111111111111111,99.4955,,,,
0.5433,1.9543156623840332,4.345238095238096e-05,2.0652173913043477,475,,,,,,,,
,,,2.0652173913043477,475,0.49730339646339417,0.7524509803921569,0.8414442700156985,104.8794,,,,
0.5013,4.228816509246826,4.2857142857142856e-05,2.1739130434782608,500,,,,,,,,
,,,2.1739130434782608,500,0.4370039999485016,0.7916666666666666,0.8571428571428571,110.3556,,,,
0.4619,3.7786600589752197,4.226190476190476e-05,2.282608695652174,525,,,,,,,,
,,,2.282608695652174,525,0.4233284294605255,0.8112745098039216,0.8646748681898067,116.116,,,,
0.4393,6.022995471954346,4.166666666666667e-05,2.391304347826087,550,,,,,,,,
,,,2.391304347826087,550,0.4268542528152466,0.8088235294117647,0.8664383561643835,121.5653,,,,
0.4825,4.297707557678223,4.107142857142857e-05,2.5,575,,,,,,,,
,,,2.5,575,0.41969171166419983,0.7990196078431373,0.857638888888889,127.0833,,,,
0.471,4.630492210388184,4.047619047619048e-05,2.608695652173913,600,,,,,,,,
,,,2.608695652173913,600,0.40638163685798645,0.8014705882352942,0.8513761467889908,132.6027,,,,
0.4285,3.1892716884613037,3.9880952380952386e-05,2.717391304347826,625,,,,,,,,
,,,2.717391304347826,625,0.39225080609321594,0.8284313725490197,0.8776223776223777,138.1553,,,,
0.4986,9.365017890930176,3.928571428571429e-05,2.8260869565217392,650,,,,,,,,
,,,2.8260869565217392,650,0.3853333294391632,0.8382352941176471,0.8842105263157894,143.7696,,,,
0.4381,2.702265739440918,3.8690476190476195e-05,2.9347826086956523,675,,,,,,,,
,,,2.9347826086956523,675,0.40052106976509094,0.8259803921568627,0.8786324786324787,149.2903,,,,
0.4175,5.899875164031982,3.809523809523809e-05,3.0434782608695654,700,,,,,,,,
,,,3.0434782608695654,700,0.3911779820919037,0.8357843137254902,0.8838821490467937,154.6215,,,,
0.4328,3.0561647415161133,3.7500000000000003e-05,3.1521739130434785,725,,,,,,,,
,,,3.1521739130434785,725,0.41324809193611145,0.8259803921568627,0.8794567062818336,160.1116,,,,
0.4255,3.7939345836639404,3.690476190476191e-05,3.260869565217391,750,,,,,,,,
,,,3.260869565217391,750,0.3962107002735138,0.8284313725490197,0.8805460750853243,165.6366,,,,
0.4349,8.546891212463379,3.630952380952381e-05,3.369565217391304,775,,,,,,,,
,,,3.369565217391304,775,0.36827796697616577,0.8357843137254902,0.8788426763110307,171.0828,,,,
0.4365,3.4894442558288574,3.571428571428572e-05,3.4782608695652173,800,,,,,,,,
,,,3.4782608695652173,800,0.3735876977443695,0.8284313725490197,0.8749999999999999,176.5448,,,,
0.4472,5.2255539894104,3.511904761904762e-05,3.5869565217391304,825,,,,,,,,
,,,3.5869565217391304,825,0.3718300759792328,0.8284313725490197,0.8758865248226951,182.1441,,,,
0.4243,4.814795970916748,3.4523809523809526e-05,3.6956521739130435,850,,,,,,,,
,,,3.6956521739130435,850,0.36981403827667236,0.8308823529411765,0.877005347593583,187.7284,,,,
0.4182,7.01443338394165,3.392857142857143e-05,3.8043478260869565,875,,,,,,,,
,,,3.8043478260869565,875,0.38247665762901306,0.8333333333333334,0.8815331010452963,193.3073,,,,
0.4048,3.8984923362731934,3.3333333333333335e-05,3.9130434782608696,900,,,,,,,,
,,,3.9130434782608696,900,0.3711666166782379,0.8357843137254902,0.8830715532286212,198.853,,,,
0.4471,4.826345443725586,3.273809523809524e-05,4.021739130434782,925,,,,,,,,
,,,4.021739130434782,925,0.3528069853782654,0.8455882352941176,0.8864864864864864,204.1994,,,,
0.4056,2.0711841583251953,3.2142857142857144e-05,4.130434782608695,950,,,,,,,,
,,,4.130434782608695,950,0.3820323050022125,0.8235294117647058,0.8775510204081631,209.7964,,,,
0.4204,4.569979667663574,3.154761904761905e-05,4.239130434782608,975,,,,,,,,
,,,4.239130434782608,975,0.354037344455719,0.8431372549019608,0.8853046594982079,215.1721,,,,
0.428,4.8844733238220215,3.095238095238095e-05,4.3478260869565215,1000,,,,,,,,
,,,4.3478260869565215,1000,0.3511042892932892,0.8480392156862745,0.8876811594202899,220.6956,,,,
0.4026,5.837934970855713,3.0357142857142857e-05,4.456521739130435,1025,,,,,,,,
,,,4.456521739130435,1025,0.34939491748809814,0.8553921568627451,0.8925318761384335,226.5278,,,,
0.3686,10.283921241760254,2.9761904761904762e-05,4.565217391304348,1050,,,,,,,,
,,,4.565217391304348,1050,0.41970962285995483,0.821078431372549,0.8768971332209106,232.1132,,,,
0.3775,4.419159412384033,2.916666666666667e-05,4.673913043478261,1075,,,,,,,,
,,,4.673913043478261,1075,0.34872227907180786,0.8578431372549019,0.8945454545454546,237.561,,,,
0.3349,3.45290207862854,2.857142857142857e-05,4.782608695652174,1100,,,,,,,,
,,,4.782608695652174,1100,0.3559432625770569,0.8529411764705882,0.8920863309352518,243.0528,,,,
0.405,11.016725540161133,2.797619047619048e-05,4.891304347826087,1125,,,,,,,,
,,,4.891304347826087,1125,0.3449406325817108,0.8553921568627451,0.8917431192660551,248.6305,,,,
0.3875,0.8286227583885193,2.7380952380952383e-05,5.0,1150,,,,,,,,
,,,5.0,1150,0.35426759719848633,0.8455882352941176,0.8884955752212389,254.124,,,,
0.3657,3.7996206283569336,2.6785714285714288e-05,5.108695652173913,1175,,,,,,,,
,,,5.108695652173913,1175,0.36385080218315125,0.8382352941176471,0.8854166666666665,259.6525,,,,
0.4014,6.728030681610107,2.6190476190476192e-05,5.217391304347826,1200,,,,,,,,
,,,5.217391304347826,1200,0.3569532632827759,0.8431372549019608,0.8869257950530036,265.1878,,,,
0.378,4.387280464172363,2.5595238095238093e-05,5.326086956521739,1225,,,,,,,,
,,,5.326086956521739,1225,0.34476563334465027,0.8480392156862745,0.8872727272727273,270.7381,,,,
0.4035,3.121675491333008,2.5e-05,5.434782608695652,1250,,,,,,,,
,,,5.434782608695652,1250,0.3503977358341217,0.8578431372549019,0.8960573476702509,276.2016,,,,
0.3651,8.093019485473633,2.4404761904761906e-05,5.543478260869565,1275,,,,,,,,
,,,5.543478260869565,1275,0.3611702024936676,0.8504901960784313,0.8920353982300885,281.6601,,,,
0.3376,6.874945640563965,2.380952380952381e-05,5.6521739130434785,1300,,,,,,,,
,,,5.6521739130434785,1300,0.35958316922187805,0.8529411764705882,0.8932384341637011,287.2096,,,,
0.3597,7.203293323516846,2.3214285714285715e-05,5.760869565217392,1325,,,,,,,,
,,,5.760869565217392,1325,0.3609697222709656,0.8504901960784313,0.8920353982300885,292.7592,,,,
0.3942,2.191477060317993,2.261904761904762e-05,5.869565217391305,1350,,,,,,,,
,,,5.869565217391305,1350,0.3419540226459503,0.8578431372549019,0.89568345323741,298.4359,,,,
0.3877,3.2277615070343018,2.2023809523809524e-05,5.978260869565218,1375,,,,,,,,
,,,5.978260869565218,1375,0.34749019145965576,0.8529411764705882,0.8932384341637011,304.0296,,,,
0.3126,5.841723918914795,2.1428571428571428e-05,6.086956521739131,1400,,,,,,,,
,,,6.086956521739131,1400,0.3963389992713928,0.8357843137254902,0.8858603066439524,309.4913,,,,
0.3854,4.509268760681152,2.0833333333333336e-05,6.195652173913044,1425,,,,,,,,
,,,6.195652173913044,1425,0.34253329038619995,0.8504901960784313,0.8896925858951176,315.1687,,,,
0.3887,6.79052734375,2.023809523809524e-05,6.304347826086957,1450,,,,,,,,
,,,6.304347826086957,1450,0.35908907651901245,0.8406862745098039,0.8845470692717585,320.5472,,,,
0.3951,3.277531385421753,1.9642857142857145e-05,6.413043478260869,1475,,,,,,,,
,,,6.413043478260869,1475,0.34853407740592957,0.8504901960784313,0.8908765652951698,326.1242,,,,
0.4097,1.8565388917922974,1.9047619047619046e-05,6.521739130434782,1500,,,,,,,,
,,,6.521739130434782,1500,0.34195151925086975,0.8529411764705882,0.8901098901098902,331.5758,,,,
0.3463,2.7818639278411865,1.8452380952380954e-05,6.630434782608695,1525,,,,,,,,
,,,6.630434782608695,1525,0.36077162623405457,0.8455882352941176,0.8884955752212389,337.5404,,,,
0.4047,2.079319715499878,1.785714285714286e-05,6.739130434782608,1550,,,,,,,,
,,,6.739130434782608,1550,0.34086623787879944,0.8578431372549019,0.8953068592057761,342.9701,,,,
0.3343,8.518640518188477,1.7261904761904763e-05,6.8478260869565215,1575,,,,,,,,
,,,6.8478260869565215,1575,0.33810850977897644,0.8651960784313726,0.8990825688073394,348.5575,,,,
0.3618,3.766084671020508,1.6666666666666667e-05,6.956521739130435,1600,,,,,,,,
,,,6.956521739130435,1600,0.3581494390964508,0.8553921568627451,0.8952042628774423,354.0995,,,,
0.3532,4.527891635894775,1.6071428571428572e-05,7.065217391304348,1625,,,,,,,,
,,,7.065217391304348,1625,0.3415117561817169,0.8553921568627451,0.8933092224231465,359.4566,,,,
0.3679,7.9948554039001465,1.5476190476190476e-05,7.173913043478261,1650,,,,,,,,
,,,7.173913043478261,1650,0.34329548478126526,0.8602941176470589,0.8976660682226212,364.9927,,,,
0.3282,2.970294713973999,1.4880952380952381e-05,7.282608695652174,1675,,,,,,,,
,,,7.282608695652174,1675,0.36073023080825806,0.8553921568627451,0.8963093145869947,370.4539,,,,
0.3478,4.707881927490234,1.4285714285714285e-05,7.391304347826087,1700,,,,,,,,
,,,7.391304347826087,1700,0.33976662158966064,0.8602941176470589,0.8957952468007313,376.1275,,,,
0.3888,4.864448547363281,1.3690476190476192e-05,7.5,1725,,,,,,,,
,,,7.5,1725,0.33639517426490784,0.8602941176470589,0.8965517241379312,381.6945,,,,
0.3941,3.598806381225586,1.3095238095238096e-05,7.608695652173913,1750,,,,,,,,
,,,7.608695652173913,1750,0.3358292281627655,0.8676470588235294,0.9028776978417268,387.3121,,,,
0.3774,5.300655841827393,1.25e-05,7.717391304347826,1775,,,,,,,,
,,,7.717391304347826,1775,0.34224656224250793,0.8578431372549019,0.896797153024911,392.8484,,,,
0.3753,5.663998126983643,1.1904761904761905e-05,7.826086956521739,1800,,,,,,,,
,,,7.826086956521739,1800,0.336393266916275,0.8627450980392157,0.9,398.3304,,,,
0.3097,4.520902633666992,1.130952380952381e-05,7.934782608695652,1825,,,,,,,,
,,,7.934782608695652,1825,0.3400336503982544,0.8578431372549019,0.896797153024911,404.0362,,,,
0.3972,6.697246074676514,1.0714285714285714e-05,8.043478260869565,1850,,,,,,,,
,,,8.043478260869565,1850,0.34245508909225464,0.8578431372549019,0.8971631205673759,409.409,,,,
0.3569,6.035806655883789,1.011904761904762e-05,8.152173913043478,1875,,,,,,,,
,,,8.152173913043478,1875,0.33670905232429504,0.8627450980392157,0.899641577060932,415.0302,,,,
0.3097,2.400014877319336,9.523809523809523e-06,8.26086956521739,1900,,,,,,,,
,,,8.26086956521739,1900,0.3423219323158264,0.8602941176470589,0.8980322003577819,420.5215,,,,
0.3292,5.137822151184082,8.92857142857143e-06,8.369565217391305,1925,,,,,,,,
,,,8.369565217391305,1925,0.33861640095710754,0.8602941176470589,0.8965517241379312,426.1657,,,,
0.3835,6.220151901245117,8.333333333333334e-06,8.478260869565217,1950,,,,,,,,
,,,8.478260869565217,1950,0.3395233154296875,0.8627450980392157,0.8989169675090252,431.7332,,,,
0.3463,4.291836738586426,7.738095238095238e-06,8.58695652173913,1975,,,,,,,,
,,,8.58695652173913,1975,0.3565070927143097,0.8455882352941176,0.8892794376098417,437.178,,,,
0.3299,5.942080974578857,7.142857142857143e-06,8.695652173913043,2000,,,,,,,,
,,,8.695652173913043,2000,0.35706427693367004,0.8480392156862745,0.8912280701754387,442.7151,,,,
0.381,5.018640518188477,6.547619047619048e-06,8.804347826086957,2025,,,,,,,,
,,,8.804347826086957,2025,0.34826669096946716,0.8602941176470589,0.8987566607460036,449.2425,,,,
0.3777,4.130925178527832,5.9523809523809525e-06,8.91304347826087,2050,,,,,,,,
,,,8.91304347826087,2050,0.3458089530467987,0.8602941176470589,0.8987566607460036,454.8716,,,,
0.378,2.274296522140503,5.357142857142857e-06,9.021739130434783,2075,,,,,,,,
,,,9.021739130434783,2075,0.34176236391067505,0.8553921568627451,0.8948306595365418,460.2256,,,,
0.324,2.1322338581085205,4.7619047619047615e-06,9.130434782608695,2100,,,,,,,,
,,,9.130434782608695,2100,0.3385738432407379,0.8627450980392157,0.8992805755395683,465.7342,,,,
0.3389,5.782015323638916,4.166666666666667e-06,9.23913043478261,2125,,,,,,,,
,,,9.23913043478261,2125,0.33761417865753174,0.8602941176470589,0.8972972972972973,471.1962,,,,
0.3586,4.956544876098633,3.5714285714285714e-06,9.347826086956522,2150,,,,,,,,
,,,9.347826086956522,2150,0.3396945893764496,0.8578431372549019,0.8960573476702509,476.6643,,,,
0.3475,4.337622165679932,2.9761904761904763e-06,9.456521739130435,2175,,,,,,,,
,,,9.456521739130435,2175,0.3423521816730499,0.8602941176470589,0.8987566607460036,482.2587,,,,
0.3892,3.9808919429779053,2.3809523809523808e-06,9.565217391304348,2200,,,,,,,,
,,,9.565217391304348,2200,0.34433045983314514,0.8602941176470589,0.8987566607460036,487.7402,,,,
0.3796,4.002787113189697,1.7857142857142857e-06,9.673913043478262,2225,,,,,,,,
,,,9.673913043478262,2225,0.341599702835083,0.8651960784313726,0.9019607843137256,493.3142,,,,
0.3466,3.573885917663574,1.1904761904761904e-06,9.782608695652174,2250,,,,,,,,
,,,9.782608695652174,2250,0.34190014004707336,0.8627450980392157,0.9003558718861211,498.8007,,,,
0.3391,7.008248329162598,5.952380952380952e-07,9.891304347826086,2275,,,,,,,,
,,,9.891304347826086,2275,0.3419201672077179,0.8627450980392157,0.9003558718861211,504.3609,,,,
0.3269,7.488362789154053,0.0,10.0,2300,,,,,,,,
,,,10.0,2300,0.34196528792381287,0.8627450980392157,0.9003558718861211,509.8255,,,,
,,,10.0,2300,,,,509.4314,72.002,4.515,1460977291679136.0,0.4341061347723007
