loss,grad_norm,learning_rate,epoch,step,eval_loss,eval_accuracy,eval_f1,train_runtime,train_samples_per_second,train_steps_per_second,total_flos,train_loss
0.6801,0.5722701549530029,2.5e-06,0.0,1,,,,,,,,
0.7133,0.8258390426635742,6.25e-05,0.11,25,,,,,,,,
,,,0.11,25,0.6585581302642822,0.6838235294117647,0.8122270742358079,5.7402,,,,
0.6627,1.465620756149292,0.000125,0.22,50,,,,,,,,
,,,0.22,50,0.6246778964996338,0.6838235294117647,0.8122270742358079,11.0256,,,,
0.6383,2.6778948307037354,0.0001875,0.33,75,,,,,,,,
,,,0.33,75,0.6219403147697449,0.6838235294117647,0.8122270742358079,16.3931,,,,
0.639,0.6216647028923035,0.00025,0.43,100,,,,,,,,
,,,0.43,100,0.6154745221138,0.6838235294117647,0.8122270742358079,21.7462,,,,
0.6016,1.1087881326675415,0.0003125,0.54,125,,,,,,,,
,,,0.54,125,0.6051647067070007,0.6838235294117647,0.8122270742358079,27.1063,,,,
0.6067,4.8447065353393555,0.000375,0.65,150,,,,,,,,
,,,0.65,150,0.535675048828125,0.7083333333333334,0.8149300155520995,32.5128,,,,
0.603,1.9508110284805298,0.0004375,0.76,175,,,,,,,,
,,,0.76,175,0.5265006422996521,0.7205882352941176,0.8235294117647058,38.0482,,,,
0.5605,4.532485485076904,0.0005,0.87,200,,,,,,,,
,,,0.87,200,0.4904283285140991,0.7598039215686274,0.842443729903537,43.5973,,,,
0.5493,3.005913734436035,0.0004940476190476191,0.98,225,,,,,,,,
,,,0.98,225,0.4563729166984558,0.7745098039215687,0.8430034129692833,49.0749,,,,
0.4909,3.560612440109253,0.0004880952380952381,1.09,250,,,,,,,,
,,,1.09,250,0.4581941068172455,0.7818627450980392,0.8552845528455285,54.4031,,,,
0.4879,2.1870546340942383,0.00048214285714285715,1.2,275,,,,,,,,
,,,1.2,275,0.4198538064956665,0.7916666666666666,0.8631239935587761,59.8737,,,,
0.4582,4.880924701690674,0.0004761904761904762,1.3,300,,,,,,,,
,,,1.3,300,0.3852974474430084,0.8284313725490197,0.8771929824561404,65.3459,,,,
0.4062,7.032618999481201,0.00047023809523809523,1.41,325,,,,,,,,
,,,1.41,325,0.45954084396362305,0.7745098039215687,0.8130081300813008,70.8097,,,,
0.4879,17.87242317199707,0.00046428571428571433,1.52,350,,,,,,,,
,,,1.52,350,0.4401651918888092,0.7941176470588235,0.8627450980392158,76.2551,,,,
0.4127,2.610448122024536,0.0004583333333333333,1.63,375,,,,,,,,
,,,1.63,375,0.3588334023952484,0.8480392156862745,0.8892857142857142,81.6687,,,,
0.3756,6.538304328918457,0.00045238095238095237,1.74,400,,,,,,,,
,,,1.74,400,0.40855053067207336,0.8382352941176471,0.8873720136518771,87.0544,,,,
0.4579,5.95489501953125,0.00044642857142857147,1.85,425,,,,,,,,
,,,1.85,425,0.3523405194282532,0.8333333333333334,0.8851351351351352,92.5768,,,,
0.3955,3.3158230781555176,0.00044047619047619046,1.96,450,,,,,,,,
,,,1.96,450,0.34526756405830383,0.8480392156862745,0.89198606271777,98.0875,,,,
0.3563,7.711874008178711,0.00043452380952380956,2.07,475,,,,,,,,
,,,2.07,475,0.4662984311580658,0.8284313725490197,0.883720930232558,103.3368,,,,
0.3839,9.220377922058105,0.00042857142857142855,2.17,500,,,,,,,,
,,,2.17,500,0.35381051898002625,0.8382352941176471,0.8854166666666665,108.7755,,,,
0.3689,9.625560760498047,0.00042261904761904765,2.28,525,,,,,,,,
,,,2.28,525,0.33884361386299133,0.8480392156862745,0.8851851851851851,114.7675,,,,
0.3203,6.607723712921143,0.0004166666666666667,2.39,550,,,,,,,,
,,,2.39,550,0.38035088777542114,0.8529411764705882,0.8951048951048952,120.203,,,,
0.4017,4.821399211883545,0.0004107142857142857,2.5,575,,,,,,,,
,,,2.5,575,0.3706773519515991,0.8284313725490197,0.8833333333333333,125.6832,,,,
0.3394,4.999927997589111,0.0004047619047619048,2.61,600,,,,,,,,
,,,2.61,600,0.3640274405479431,0.8529411764705882,0.8958333333333334,131.1812,,,,
0.3306,7.514381408691406,0.00039880952380952383,2.72,625,,,,,,,,
,,,2.72,625,0.40369096398353577,0.8578431372549019,0.9026845637583893,136.7057,,,,
0.4006,13.87132453918457,0.0003928571428571429,2.83,650,,,,,,,,
,,,2.83,650,0.35679665207862854,0.8504901960784313,0.897822445561139,142.2624,,,,
0.3449,8.645870208740234,0.0003869047619047619,2.93,675,,,,,,,,
,,,2.93,675,0.3557489812374115,0.8480392156862745,0.8938356164383561,147.7616,,,,
0.335,7.131505012512207,0.00038095238095238096,3.04,700,,,,,,,,
,,,3.04,700,0.37775349617004395,0.8529411764705882,0.896551724137931,153.1147,,,,
0.3414,10.559954643249512,0.000375,3.15,725,,,,,,,,
,,,3.15,725,0.45268571376800537,0.8382352941176471,0.8903654485049834,158.5579,,,,
0.3717,4.9000444412231445,0.00036904761904761905,3.26,750,,,,,,,,
,,,3.26,750,0.5094606280326843,0.8259803921568627,0.8849270664505673,164.0907,,,,
0.281,12.397180557250977,0.0003630952380952381,3.37,775,,,,,,,,
,,,3.37,775,0.34309443831443787,0.8504901960784313,0.8942807625649914,169.4387,,,,
0.3469,8.558653831481934,0.00035714285714285714,3.48,800,,,,,,,,
,,,3.48,800,0.3574577271938324,0.8700980392156863,0.9103214890016922,174.8848,,,,
0.3492,4.682517051696777,0.0003511904761904762,3.59,825,,,,,,,,
,,,3.59,825,0.3480725884437561,0.8627450980392157,0.9054054054054055,180.419,,,,
0.3336,3.537001609802246,0.00034523809523809523,3.7,850,,,,,,,,
,,,3.7,850,0.31452620029449463,0.8700980392156863,0.9075043630017452,186.0144,,,,
0.2858,17.358219146728516,0.00033928571428571433,3.8,875,,,,,,,,
,,,3.8,875,0.3210051357746124,0.8553921568627451,0.8955752212389381,191.56,,,,
0.3311,18.047094345092773,0.0003333333333333333,3.91,900,,,,,,,,
,,,3.91,900,0.33296340703964233,0.8578431372549019,0.9003436426116839,197.0663,,,,
0.3332,8.922466278076172,0.00032738095238095237,4.02,925,,,,,,,,
,,,4.02,925,0.3518599271774292,0.8602941176470589,0.9025641025641027,202.5136,,,,
0.2733,4.538069248199463,0.00032142857142857147,4.13,950,,,,,,,,
,,,4.13,950,0.3429378569126129,0.8676470588235294,0.9087837837837838,208.0012,,,,
0.3154,3.7478528022766113,0.00031547619047619046,4.24,975,,,,,,,,
,,,4.24,975,0.3568655252456665,0.8578431372549019,0.9026845637583893,213.4327,,,,
0.3291,5.710231781005859,0.00030952380952380956,4.35,1000,,,,,,,,
,,,4.35,1000,0.3446243405342102,0.8504901960784313,0.896434634974533,218.8195,,,,
0.3131,6.377480506896973,0.00030357142857142855,4.46,1025,,,,,,,,
,,,4.46,1025,0.31232279539108276,0.8676470588235294,0.9052631578947367,225.0025,,,,
0.2757,14.746010780334473,0.00029761904761904765,4.57,1050,,,,,,,,
,,,4.57,1050,0.35297703742980957,0.8774509803921569,0.9140893470790378,230.4876,,,,
0.273,5.598337650299072,0.0002916666666666667,4.67,1075,,,,,,,,
,,,4.67,1075,0.3733922243118286,0.8823529411764706,0.9163763066202091,235.9493,,,,
0.2624,4.666372299194336,0.0002857142857142857,4.78,1100,,,,,,,,
,,,4.78,1100,0.3702217936515808,0.8725490196078431,0.9109589041095889,241.4473,,,,
0.2832,6.5592732429504395,0.0002797619047619048,4.89,1125,,,,,,,,
,,,4.89,1125,0.31014078855514526,0.8872549019607843,0.9195804195804195,246.9107,,,,
0.255,0.2117236852645874,0.0002738095238095238,5.0,1150,,,,,,,,
,,,5.0,1150,0.3351779580116272,0.8725490196078431,0.9078014184397164,252.4412,,,,
0.2333,0.5818676352500916,0.00026785714285714287,5.11,1175,,,,,,,,
,,,5.11,1175,0.40076944231987,0.8774509803921569,0.9149659863945577,257.8133,,,,
0.2689,17.733469009399414,0.0002619047619047619,5.22,1200,,,,,,,,
,,,5.22,1200,0.3953683078289032,0.8676470588235294,0.9087837837837838,263.3869,,,,
0.2348,3.242204189300537,0.00025595238095238096,5.33,1225,,,,,,,,
,,,5.33,1225,0.3429358899593353,0.8774509803921569,0.912280701754386,268.8467,,,,
0.3051,10.33666706085205,0.00025,5.43,1250,,,,,,,,
,,,5.43,1250,0.36796537041664124,0.8774509803921569,0.9128919860627178,274.3138,,,,
0.2485,10.305315017700195,0.00024404761904761905,5.54,1275,,,,,,,,
,,,5.54,1275,0.34904569387435913,0.8700980392156863,0.905861456483126,279.7214,,,,
0.2311,3.4501240253448486,0.0002380952380952381,5.65,1300,,,,,,,,
,,,5.65,1300,0.3665122985839844,0.8725490196078431,0.9106529209621993,285.2161,,,,
0.234,4.854560375213623,0.00023214285714285717,5.76,1325,,,,,,,,
,,,5.76,1325,0.38509130477905273,0.8774509803921569,0.9125874125874125,290.7473,,,,
0.3042,11.943042755126953,0.00022619047619047618,5.87,1350,,,,,,,,
,,,5.87,1350,0.3457901179790497,0.8799019607843137,0.9123434704830053,296.2561,,,,
0.2822,3.9585769176483154,0.00022023809523809523,5.98,1375,,,,,,,,
,,,5.98,1375,0.33880186080932617,0.8774509803921569,0.9131944444444444,301.8693,,,,
0.1912,20.204238891601562,0.00021428571428571427,6.09,1400,,,,,,,,
,,,6.09,1400,0.5312799215316772,0.8578431372549019,0.9039735099337749,307.2302,,,,
0.247,3.1725358963012695,0.00020833333333333335,6.2,1425,,,,,,,,
,,,6.2,1425,0.383697509765625,0.8725490196078431,0.9087719298245615,312.9277,,,,
0.255,5.362936019897461,0.0002023809523809524,6.3,1450,,,,,,,,
,,,6.3,1450,0.37280455231666565,0.8627450980392157,0.8981818181818181,318.2829,,,,
0.2878,6.574101448059082,0.00019642857142857144,6.41,1475,,,,,,,,
,,,6.41,1475,0.3804112672805786,0.875,0.9134125636672327,323.8139,,,,
0.2684,3.079465866088867,0.00019047619047619048,6.52,1500,,,,,,,,
,,,6.52,1500,0.3586350381374359,0.8774509803921569,0.9116607773851589,329.2429,,,,
0.2087,23.09715461730957,0.00018452380952380953,6.63,1525,,,,,,,,
,,,6.63,1525,0.42067867517471313,0.875,0.9103690685413005,335.4615,,,,
0.2992,4.705814361572266,0.00017857142857142857,6.74,1550,,,,,,,,
,,,6.74,1550,0.38907480239868164,0.8627450980392157,0.8981818181818181,340.8638,,,,
0.2119,5.096309185028076,0.00017261904761904762,6.85,1575,,,,,,,,
,,,6.85,1575,0.39084723591804504,0.8774509803921569,0.9128919860627178,346.3834,,,,
0.2937,2.1469216346740723,0.00016666666666666666,6.96,1600,,,,,,,,
,,,6.96,1600,0.35646411776542664,0.875,0.911917098445596,351.8939,,,,
0.1876,11.06047534942627,0.00016071428571428573,7.07,1625,,,,,,,,
,,,7.07,1625,0.408792644739151,0.8799019607843137,0.9150779896013865,357.253,,,,
0.2242,7.86768913269043,0.00015476190476190478,7.17,1650,,,,,,,,
,,,7.17,1650,0.4074021279811859,0.875,0.9094138543516875,362.7176,,,,
0.2052,4.162865161895752,0.00014880952380952382,7.28,1675,,,,,,,,
,,,7.28,1675,0.5040591955184937,0.8725490196078431,0.9130434782608697,368.1238,,,,
0.257,12.270500183105469,0.00014285714285714284,7.39,1700,,,,,,,,
,,,7.39,1700,0.3931349217891693,0.8823529411764706,0.9166666666666667,373.6897,,,,
0.2309,4.416215419769287,0.0001369047619047619,7.5,1725,,,,,,,,
,,,7.5,1725,0.3677588105201721,0.8823529411764706,0.9145907473309609,379.2091,,,,
0.2188,11.848573684692383,0.00013095238095238096,7.61,1750,,,,,,,,
,,,7.61,1750,0.39609864354133606,0.8799019607843137,0.9153713298791019,384.7545,,,,
0.2471,12.32461929321289,0.000125,7.72,1775,,,,,,,,
,,,7.72,1775,0.38505157828330994,0.8774509803921569,0.9131944444444444,390.2562,,,,
0.2554,4.153754234313965,0.00011904761904761905,7.83,1800,,,,,,,,
,,,7.83,1800,0.36594468355178833,0.8774509803921569,0.9125874125874125,395.6853,,,,
0.2311,5.509249687194824,0.00011309523809523809,7.93,1825,,,,,,,,
,,,7.93,1825,0.35493457317352295,0.8774509803921569,0.912280701754386,401.2876,,,,
0.2841,5.801529407501221,0.00010714285714285714,8.04,1850,,,,,,,,
,,,8.04,1850,0.3871663808822632,0.8848039215686274,0.919104991394148,406.7502,,,,
0.202,4.004045009613037,0.0001011904761904762,8.15,1875,,,,,,,,
,,,8.15,1875,0.3612918555736542,0.8848039215686274,0.9173989455184535,412.2449,,,,
0.1544,0.7215266823768616,9.523809523809524e-05,8.26,1900,,,,,,,,
,,,8.26,1900,0.394072949886322,0.8774509803921569,0.9125874125874125,417.7137,,,,
0.2069,5.126672744750977,8.928571428571429e-05,8.37,1925,,,,,,,,
,,,8.37,1925,0.38815179467201233,0.8725490196078431,0.9094076655052264,423.299,,,,
0.1968,8.557568550109863,8.333333333333333e-05,8.48,1950,,,,,,,,
,,,8.48,1950,0.3821481466293335,0.8774509803921569,0.9125874125874125,428.7972,,,,
0.2006,13.225301742553711,7.738095238095239e-05,8.59,1975,,,,,,,,
,,,8.59,1975,0.4240618348121643,0.8774509803921569,0.9146757679180888,434.2311,,,,
0.2256,9.793274879455566,7.142857142857142e-05,8.7,2000,,,,,,,,
,,,8.7,2000,0.37546950578689575,0.8774509803921569,0.9125874125874125,439.6497,,,,
0.197,11.506998062133789,6.547619047619048e-05,8.8,2025,,,,,,,,
,,,8.8,2025,0.4032812714576721,0.8774509803921569,0.9125874125874125,445.7442,,,,
0.2599,19.547273635864258,5.9523809523809524e-05,8.91,2050,,,,,,,,
,,,8.91,2050,0.3800310492515564,0.875,0.9106830122591945,451.2227,,,,
0.2261,3.729661703109741,5.357142857142857e-05,9.02,2075,,,,,,,,
,,,9.02,2075,0.39794495701789856,0.8872549019607843,0.9204152249134948,456.6398,,,,
0.1632,3.9668474197387695,4.761904761904762e-05,9.13,2100,,,,,,,,
,,,9.13,2100,0.3819037079811096,0.8799019607843137,0.913884007029877,462.0604,,,,
0.1928,13.820394515991211,4.1666666666666665e-05,9.24,2125,,,,,,,,
,,,9.24,2125,0.39088162779808044,0.8799019607843137,0.9141856392294221,467.5238,,,,
0.2334,4.818731307983398,3.571428571428571e-05,9.35,2150,,,,,,,,
,,,9.35,2150,0.4041822850704193,0.8799019607843137,0.9150779896013865,472.9896,,,,
0.1967,5.862557411193848,2.9761904761904762e-05,9.46,2175,,,,,,,,
,,,9.46,2175,0.4174896776676178,0.8823529411764706,0.9175257731958764,478.4823,,,,
0.1777,5.203170299530029,2.380952380952381e-05,9.57,2200,,,,,,,,
,,,9.57,2200,0.42607200145721436,0.8872549019607843,0.9209621993127148,484.0123,,,,
0.217,9.926844596862793,1.7857142857142855e-05,9.67,2225,,,,,,,,
,,,9.67,2225,0.4093174338340759,0.8799019607843137,0.9150779896013865,489.4663,,,,
0.167,4.759573936462402,1.1904761904761905e-05,9.78,2250,,,,,,,,
,,,9.78,2250,0.4210417866706848,0.8848039215686274,0.9188255613126081,495.0097,,,,
0.2078,11.891976356506348,5.9523809523809525e-06,9.89,2275,,,,,,,,
,,,9.89,2275,0.4140854775905609,0.8823529411764706,0.9169550173010381,500.5293,,,,
0.1957,23.91994285583496,0.0,10.0,2300,,,,,,,,
,,,10.0,2300,0.4110505282878876,0.8799019607843137,0.9150779896013865,506.0304,,,,
,,,10.0,2300,,,,505.6231,72.544,4.549,1451673350395296.0,0.3179243171992509
