loss,grad_norm,learning_rate,epoch,step,eval_loss,eval_accuracy,train_runtime,train_samples_per_second,train_steps_per_second,total_flos,train_loss
0.6738,1.1137752532958984,3.5e-06,0.00641025641025641,1,,,,,,,
0.6989,0.6834595799446106,0.000175,0.32051282051282054,50,,,,,,,
,,,0.32051282051282054,50,0.6947513818740845,0.5270758122743683,20.5393,,,,
0.7073,1.9827096462249756,0.00035,0.6410256410256411,100,,,,,,,
,,,0.6410256410256411,100,0.6914796829223633,0.5451263537906137,42.2525,,,,
0.7017,2.022606372833252,0.000525,0.9615384615384616,150,,,,,,,
,,,0.9615384615384616,150,0.6917380690574646,0.5270758122743683,63.7462,,,,
0.7103,3.7478740215301514,0.0007,1.282051282051282,200,,,,,,,
,,,1.282051282051282,200,0.698414146900177,0.5270758122743683,85.1679,,,,
0.7059,0.556822657585144,0.0006742647058823529,1.6025641025641026,250,,,,,,,
,,,1.6025641025641026,250,0.7170969843864441,0.4729241877256318,106.1734,,,,
0.6942,0.89165860414505,0.0006485294117647059,1.9230769230769231,300,,,,,,,
,,,1.9230769230769231,300,0.696739673614502,0.4729241877256318,127.1999,,,,
0.6997,0.514021098613739,0.0006227941176470587,2.2435897435897436,350,,,,,,,
,,,2.2435897435897436,350,0.6958202123641968,0.4729241877256318,147.8268,,,,
0.7044,1.2320486307144165,0.0005970588235294117,2.564102564102564,400,,,,,,,
,,,2.564102564102564,400,0.6978743672370911,0.4729241877256318,168.8622,,,,
0.6928,1.0564308166503906,0.0005713235294117647,2.8846153846153846,450,,,,,,,
,,,2.8846153846153846,450,0.7017390727996826,0.5270758122743683,190.1013,,,,
0.6962,1.124977707862854,0.0005455882352941177,3.2051282051282053,500,,,,,,,
,,,3.2051282051282053,500,0.6918992400169373,0.5270758122743683,211.1762,,,,
0.7079,0.48533961176872253,0.0005198529411764706,3.5256410256410255,550,,,,,,,
,,,3.5256410256410255,550,0.6918520927429199,0.5270758122743683,231.9613,,,,
0.6992,0.9242284893989563,0.0004941176470588236,3.8461538461538463,600,,,,,,,
,,,3.8461538461538463,600,0.6925081610679626,0.5270758122743683,253.0384,,,,
0.6962,0.8116353750228882,0.00046838235294117644,4.166666666666667,650,,,,,,,
,,,4.166666666666667,650,0.6918696761131287,0.5270758122743683,274.4283,,,,
0.6957,1.1912111043930054,0.0004426470588235294,4.487179487179487,700,,,,,,,
,,,4.487179487179487,700,0.7091930508613586,0.4729241877256318,295.3221,,,,
0.6968,2.0026538372039795,0.00041691176470588234,4.8076923076923075,750,,,,,,,
,,,4.8076923076923075,750,0.6925933957099915,0.5270758122743683,316.0786,,,,
0.6944,0.3681927025318146,0.0003911764705882353,5.128205128205128,800,,,,,,,
,,,5.128205128205128,800,0.6921619176864624,0.5270758122743683,337.0566,,,,
0.6991,0.8374609351158142,0.00036544117647058824,5.448717948717949,850,,,,,,,
,,,5.448717948717949,850,0.6961230039596558,0.4729241877256318,358.6307,,,,
0.6989,0.9405981302261353,0.0003397058823529412,5.769230769230769,900,,,,,,,
,,,5.769230769230769,900,0.7006192803382874,0.4729241877256318,379.7087,,,,
0.6947,0.827599287033081,0.00031397058823529414,6.089743589743589,950,,,,,,,
,,,6.089743589743589,950,0.6952012181282043,0.4729241877256318,400.3992,,,,
0.6946,1.59674072265625,0.00028823529411764703,6.410256410256411,1000,,,,,,,
,,,6.410256410256411,1000,0.6999995112419128,0.4729241877256318,421.3268,,,,
0.6937,0.5752798914909363,0.0002625,6.730769230769231,1050,,,,,,,
,,,6.730769230769231,1050,0.6955927014350891,0.4729241877256318,442.7402,,,,
0.6963,1.0429580211639404,0.00023676470588235296,7.051282051282051,1100,,,,,,,
,,,7.051282051282051,1100,0.6929441094398499,0.5270758122743683,464.2778,,,,
0.6949,0.6078733205795288,0.00021102941176470586,7.371794871794872,1150,,,,,,,
,,,7.371794871794872,1150,0.6918678879737854,0.5270758122743683,485.9922,,,,
0.6949,1.1677507162094116,0.00018529411764705883,7.6923076923076925,1200,,,,,,,
,,,7.6923076923076925,1200,0.693816065788269,0.4729241877256318,506.5693,,,,
0.6954,1.0841479301452637,0.00015955882352941176,8.012820512820513,1250,,,,,,,
,,,8.012820512820513,1250,0.6933976411819458,0.4729241877256318,527.7228,,,,
0.6938,0.7197484970092773,0.0001338235294117647,8.333333333333334,1300,,,,,,,
,,,8.333333333333334,1300,0.6920130848884583,0.5270758122743683,548.5908,,,,
0.6951,0.4342835545539856,0.00010808823529411764,8.653846153846153,1350,,,,,,,
,,,8.653846153846153,1350,0.692663311958313,0.5270758122743683,569.3437,,,,
0.6938,0.5431633591651917,8.235294117647058e-05,8.974358974358974,1400,,,,,,,
,,,8.974358974358974,1400,0.6931139826774597,0.5270758122743683,589.9898,,,,
0.6928,0.3124629855155945,5.661764705882353e-05,9.294871794871796,1450,,,,,,,
,,,9.294871794871796,1450,0.6924340724945068,0.5270758122743683,610.7354,,,,
0.6927,0.5763185024261475,3.0882352941176475e-05,9.615384615384615,1500,,,,,,,
,,,9.615384615384615,1500,0.6928009390830994,0.5270758122743683,631.8434,,,,
0.6934,0.8296405076980591,5.147058823529411e-06,9.935897435897436,1550,,,,,,,
,,,9.935897435897436,1550,0.6933028697967529,0.4729241877256318,652.992,,,,
,,,10.0,1560,,,656.0505,37.954,2.378,2139298724076480.0,0.6975738185720566
