loss,grad_norm,learning_rate,epoch,step,eval_loss,eval_accuracy,eval_f1,train_runtime,train_samples_per_second,train_steps_per_second,total_flos,train_loss
1.1838,5.081296920776367,1e-05,0.0625,1,,,,,,,,
1.0904,4.124141216278076,0.0001,0.625,10,,,,,,,,
,,,0.625,10,1.0293534994125366,0.4107142857142857,0.1940928270042194,4.6688,,,,
0.9284,6.380456447601318,0.0002,1.25,20,,,,,,,,
,,,1.25,20,0.9133049845695496,0.6964285714285714,0.48531468531468525,8.9612,,,,
0.8877,4.9117751121521,0.0003,1.875,30,,,,,,,,
,,,1.875,30,0.8565225601196289,0.6964285714285714,0.48646125116713357,13.1243,,,,
0.7829,6.6022467613220215,0.0004,2.5,40,,,,,,,,
,,,2.5,40,0.7373010516166687,0.6964285714285714,0.4872881355932203,17.2255,,,,
0.6106,9.49511432647705,0.0005,3.125,50,,,,,,,,
,,,3.125,50,0.7389494776725769,0.7142857142857143,0.49421820010055306,21.3674,,,,
0.4402,16.334693908691406,0.00048148148148148144,3.75,60,,,,,,,,
,,,3.75,60,0.6414914727210999,0.7678571428571429,0.5343992248062016,25.6321,,,,
0.2202,17.284093856811523,0.000462962962962963,4.375,70,,,,,,,,
,,,4.375,70,0.703592836856842,0.8035714285714286,0.653877755153074,29.6158,,,,
0.211,133.68701171875,0.0004444444444444444,5.0,80,,,,,,,,
,,,5.0,80,0.8469065427780151,0.8214285714285714,0.6772727272727272,33.7413,,,,
0.1993,47.0103759765625,0.00042592592592592595,5.625,90,,,,,,,,
,,,5.625,90,0.6598690152168274,0.75,0.5231646471846044,38.2807,,,,
0.1445,6.015058517456055,0.0004074074074074074,6.25,100,,,,,,,,
,,,6.25,100,0.563309371471405,0.875,0.8553606237816765,42.2871,,,,
0.0945,9.421818733215332,0.0003888888888888889,6.875,110,,,,,,,,
,,,6.875,110,0.7664341330528259,0.8214285714285714,0.7310563643150428,46.3786,,,,
0.0787,0.2912551462650299,0.00037037037037037035,7.5,120,,,,,,,,
,,,7.5,120,1.026112675666809,0.8214285714285714,0.7762164975279728,50.2164,,,,
0.1399,122.5256118774414,0.0003518518518518519,8.125,130,,,,,,,,
,,,8.125,130,1.0135143995285034,0.8928571428571429,0.8679738562091504,54.5518,,,,
0.115,0.4810011088848114,0.0003333333333333333,8.75,140,,,,,,,,
,,,8.75,140,0.5808926224708557,0.9107142857142857,0.9337231968810916,59.1461,,,,
0.05,5.159273147583008,0.0003148148148148148,9.375,150,,,,,,,,
,,,9.375,150,0.6491119265556335,0.9107142857142857,0.9320271891243502,63.3582,,,,
0.0051,0.005590143613517284,0.0002962962962962963,10.0,160,,,,,,,,
,,,10.0,160,0.7121208906173706,0.8928571428571429,0.8915164220824598,67.5083,,,,
0.005,0.017317747697234154,0.0002777777777777778,10.625,170,,,,,,,,
,,,10.625,170,0.517221987247467,0.9285714285714286,0.9472049689440993,72.0379,,,,
0.0014,0.19645366072654724,0.00025925925925925926,11.25,180,,,,,,,,
,,,11.25,180,0.505977213382721,0.9107142857142857,0.9088504088504089,76.1391,,,,
0.0021,0.004539967980235815,0.00024074074074074072,11.875,190,,,,,,,,
,,,11.875,190,0.5120652318000793,0.9107142857142857,0.9342359767891683,80.6488,,,,
0.0003,0.41058117151260376,0.0002222222222222222,12.5,200,,,,,,,,
,,,12.5,200,0.8045276999473572,0.9107142857142857,0.9046421987598459,84.7129,,,,
0.009,38.32282257080078,0.0002037037037037037,13.125,210,,,,,,,,
,,,13.125,210,0.6169633269309998,0.9107142857142857,0.9068243409706825,88.8104,,,,
0.0017,0.005855398252606392,0.00018518518518518518,13.75,220,,,,,,,,
,,,13.75,220,0.3241558074951172,0.9464285714285714,0.9355699855699856,93.4304,,,,
0.0011,9.022306442260742,0.00016666666666666666,14.375,230,,,,,,,,
,,,14.375,230,0.4146771728992462,0.9464285714285714,0.9605415860735009,97.9712,,,,
0.0,0.022950468584895134,0.00014814814814814815,15.0,240,,,,,,,,
,,,15.0,240,0.5721344351768494,0.9107142857142857,0.9042579994960948,102.0438,,,,
0.0001,0.005463623441755772,0.00012962962962962963,15.625,250,,,,,,,,
,,,15.625,250,0.5696404576301575,0.9107142857142857,0.9042579994960948,106.2752,,,,
0.0001,0.0015326261054724455,0.0001111111111111111,16.25,260,,,,,,,,
,,,16.25,260,0.5556287169456482,0.9107142857142857,0.9042579994960948,110.6749,,,,
0.0001,0.08556670695543289,9.259259259259259e-05,16.875,270,,,,,,,,
,,,16.875,270,0.5490704774856567,0.9107142857142857,0.9042579994960948,114.9669,,,,
0.0,0.0032903156243264675,7.407407407407407e-05,17.5,280,,,,,,,,
,,,17.5,280,0.537753701210022,0.9107142857142857,0.9042579994960948,119.4595,,,,
0.0,0.0015342709375545382,5.555555555555555e-05,18.125,290,,,,,,,,
,,,18.125,290,0.5295780301094055,0.9107142857142857,0.9042579994960948,123.6244,,,,
0.0002,0.009812194854021072,3.7037037037037037e-05,18.75,300,,,,,,,,
,,,18.75,300,0.5090115666389465,0.9107142857142857,0.9042579994960948,128.1522,,,,
0.0001,0.007029589265584946,1.8518518518518518e-05,19.375,310,,,,,,,,
,,,19.375,310,0.4775274395942688,0.9464285714285714,0.9605415860735009,131.9917,,,,
0.0,0.030341602861881256,0.0,20.0,320,,,,,,,,
,,,20.0,320,0.47413370013237,0.9464285714285714,0.9605415860735009,136.4073,,,,
,,,20.0,320,,,,135.8761,36.798,2.355,450318457005120.0,0.18840992125451522
