loss,grad_norm,learning_rate,epoch,step,eval_loss,eval_accuracy,eval_f1,train_runtime,train_samples_per_second,train_steps_per_second,total_flos,train_loss
0.6859,0.8968190550804138,5.0000000000000004e-08,0.004347826086956522,1,,,,,,,,
0.7408,2.635183334350586,1.25e-06,0.10869565217391304,25,,,,,,,,
,,,0.10869565217391304,25,0.7363569736480713,0.3161764705882353,0.0,8.3171,,,,
0.7157,2.393061876296997,2.5e-06,0.21739130434782608,50,,,,,,,,
,,,0.21739130434782608,50,0.7088127136230469,0.3161764705882353,0.0,16.0419,,,,
0.6886,3.598708152770996,3.7500000000000005e-06,0.32608695652173914,75,,,,,,,,
,,,0.32608695652173914,75,0.6694337725639343,0.6838235294117647,0.8122270742358079,24.0656,,,,
0.6459,4.441640377044678,5e-06,0.43478260869565216,100,,,,,,,,
,,,0.43478260869565216,100,0.60120689868927,0.6838235294117647,0.8122270742358079,31.9196,,,,
0.5675,3.875197649002075,6.25e-06,0.5434782608695652,125,,,,,,,,
,,,0.5434782608695652,125,0.5753032565116882,0.6838235294117647,0.8122270742358079,39.8364,,,,
0.5869,5.064752101898193,7.500000000000001e-06,0.6521739130434783,150,,,,,,,,
,,,0.6521739130434783,150,0.5419761538505554,0.6887254901960784,0.8145985401459854,47.6671,,,,
0.5685,13.197042465209961,8.750000000000001e-06,0.7608695652173914,175,,,,,,,,
,,,0.7608695652173914,175,0.5329715609550476,0.6985294117647058,0.8188512518409425,55.7367,,,,
0.5744,13.565811157226562,1e-05,0.8695652173913043,200,,,,,,,,
,,,0.8695652173913043,200,0.522092878818512,0.696078431372549,0.8165680473372782,63.6823,,,,
0.5402,8.91736125946045,9.880952380952381e-06,0.9782608695652174,225,,,,,,,,
,,,0.9782608695652174,225,0.46560215950012207,0.7745098039215687,0.8516129032258065,71.5434,,,,
0.4703,8.017302513122559,9.761904761904762e-06,1.0869565217391304,250,,,,,,,,
,,,1.0869565217391304,250,0.42222654819488525,0.7965686274509803,0.8646003262642741,79.0837,,,,
0.4672,12.490766525268555,9.642857142857144e-06,1.1956521739130435,275,,,,,,,,
,,,1.1956521739130435,275,0.4169115424156189,0.821078431372549,0.8760611205432938,86.9497,,,,
0.4787,14.829678535461426,9.523809523809525e-06,1.3043478260869565,300,,,,,,,,
,,,1.3043478260869565,300,0.39783740043640137,0.8382352941176471,0.8773234200743494,94.8127,,,,
0.3967,23.016075134277344,9.404761904761905e-06,1.4130434782608696,325,,,,,,,,
,,,1.4130434782608696,325,0.37926551699638367,0.8235294117647058,0.8593750000000001,102.6542,,,,
0.4821,46.81145095825195,9.285714285714288e-06,1.5217391304347827,350,,,,,,,,
,,,1.5217391304347827,350,0.38684993982315063,0.8382352941176471,0.8812949640287768,110.5413,,,,
0.4176,11.23649787902832,9.166666666666666e-06,1.6304347826086958,375,,,,,,,,
,,,1.6304347826086958,375,0.3394106328487396,0.8602941176470589,0.8987566607460036,118.2696,,,,
0.3186,12.922964096069336,9.047619047619049e-06,1.7391304347826086,400,,,,,,,,
,,,1.7391304347826086,400,0.31283992528915405,0.8700980392156863,0.905861456483126,126.1896,,,,
0.3929,26.57088279724121,8.92857142857143e-06,1.8478260869565217,425,,,,,,,,
,,,1.8478260869565217,425,0.30464082956314087,0.8651960784313726,0.9001814882032667,134.1352,,,,
0.3922,22.730819702148438,8.80952380952381e-06,1.9565217391304348,450,,,,,,,,
,,,1.9565217391304348,450,0.3046838641166687,0.8700980392156863,0.901669758812616,142.1843,,,,
0.2932,28.952730178833008,8.690476190476192e-06,2.0652173913043477,475,,,,,,,,
,,,2.0652173913043477,475,0.3498357832431793,0.8676470588235294,0.9065743944636677,149.7981,,,,
0.2844,32.56779098510742,8.571428571428571e-06,2.1739130434782608,500,,,,,,,,
,,,2.1739130434782608,500,0.3175736963748932,0.8872549019607843,0.9190140845070423,157.6785,,,,
0.2868,36.248355865478516,8.452380952380953e-06,2.282608695652174,525,,,,,,,,
,,,2.282608695652174,525,0.2931232750415802,0.8848039215686274,0.9156193895870736,177.9956,,,,
0.2834,18.172597885131836,8.333333333333334e-06,2.391304347826087,550,,,,,,,,
,,,2.391304347826087,550,0.40604400634765625,0.8455882352941176,0.8948247078464107,185.7885,,,,
0.2841,34.31434631347656,8.214285714285714e-06,2.5,575,,,,,,,,
,,,2.5,575,0.39552411437034607,0.8480392156862745,0.8963210702341137,193.8298,,,,
0.2718,27.060155868530273,8.095238095238097e-06,2.608695652173913,600,,,,,,,,
,,,2.608695652173913,600,0.33003896474838257,0.8676470588235294,0.906896551724138,201.9515,,,,
0.2403,84.48735046386719,7.976190476190477e-06,2.717391304347826,625,,,,,,,,
,,,2.717391304347826,625,0.3809615969657898,0.8725490196078431,0.9112627986348123,210.0979,,,,
0.3517,80.75859832763672,7.857142857142858e-06,2.8260869565217392,650,,,,,,,,
,,,2.8260869565217392,650,0.3689054250717163,0.8774509803921569,0.9140893470790378,218.1278,,,,
0.2656,36.51467514038086,7.738095238095238e-06,2.9347826086956523,675,,,,,,,,
,,,2.9347826086956523,675,0.34565529227256775,0.8848039215686274,0.917975567190227,226.1746,,,,
0.24,3.373631477355957,7.61904761904762e-06,3.0434782608695654,700,,,,,,,,
,,,3.0434782608695654,700,0.3576526939868927,0.875,0.9113043478260869,233.6949,,,,
0.219,6.080477237701416,7.500000000000001e-06,3.1521739130434785,725,,,,,,,,
,,,3.1521739130434785,725,0.3412727415561676,0.8799019607843137,0.9147826086956522,241.5411,,,,
0.2269,28.83098602294922,7.380952380952382e-06,3.260869565217391,750,,,,,,,,
,,,3.260869565217391,750,0.3963114321231842,0.8700980392156863,0.9103214890016922,249.3736,,,,
0.146,64.95860290527344,7.261904761904762e-06,3.369565217391304,775,,,,,,,,
,,,3.369565217391304,775,0.4291132092475891,0.8848039215686274,0.9188255613126081,257.0329,,,,
0.1944,37.353981018066406,7.1428571428571436e-06,3.4782608695652173,800,,,,,,,,
,,,3.4782608695652173,800,0.3769501745700836,0.8700980392156863,0.9094017094017094,264.8854,,,,
0.2464,77.05518341064453,7.023809523809524e-06,3.5869565217391304,825,,,,,,,,
,,,3.5869565217391304,825,0.34608712792396545,0.8872549019607843,0.9163636363636363,272.7543,,,,
0.2463,45.565364837646484,6.9047619047619055e-06,3.6956521739130435,850,,,,,,,,
,,,3.6956521739130435,850,0.38582077622413635,0.875,0.9094138543516875,280.786,,,,
0.1509,91.39104461669922,6.785714285714287e-06,3.8043478260869565,875,,,,,,,,
,,,3.8043478260869565,875,0.4079571068286896,0.8848039215686274,0.9176882661996497,288.6886,,,,
0.1732,41.89979934692383,6.666666666666667e-06,3.9130434782608696,900,,,,,,,,
,,,3.9130434782608696,900,0.48012012243270874,0.8725490196078431,0.9109589041095889,296.6618,,,,
0.2683,83.85738372802734,6.547619047619048e-06,4.021739130434782,925,,,,,,,,
,,,4.021739130434782,925,0.418559730052948,0.8970588235294118,0.9252669039145908,304.3927,,,,
0.116,0.6852878928184509,6.4285714285714295e-06,4.130434782608695,950,,,,,,,,
,,,4.130434782608695,950,0.45397523045539856,0.8897058823529411,0.9211908931698775,312.3118,,,,
0.202,18.963632583618164,6.30952380952381e-06,4.239130434782608,975,,,,,,,,
,,,4.239130434782608,975,0.4323406517505646,0.9044117647058824,0.9312169312169313,320.0758,,,,
0.1522,16.193246841430664,6.1904761904761914e-06,4.3478260869565215,1000,,,,,,,,
,,,4.3478260869565215,1000,0.5132672786712646,0.875,0.9116117850953207,327.8608,,,,
0.1732,39.19706726074219,6.071428571428571e-06,4.456521739130435,1025,,,,,,,,
,,,4.456521739130435,1025,0.44137200713157654,0.8946078431372549,0.9230769230769231,341.6621,,,,
0.1205,1.1981171369552612,5.9523809523809525e-06,4.565217391304348,1050,,,,,,,,
,,,4.565217391304348,1050,0.45559605956077576,0.8946078431372549,0.924693520140105,349.5281,,,,
0.145,0.2498134821653366,5.833333333333334e-06,4.673913043478261,1075,,,,,,,,
,,,4.673913043478261,1075,0.4467352330684662,0.9019607843137255,0.9283154121863799,357.4285,,,,
0.1651,6.668664932250977,5.7142857142857145e-06,4.782608695652174,1100,,,,,,,,
,,,4.782608695652174,1100,0.5732532739639282,0.875,0.9125214408233276,365.3775,,,,
0.1614,10.897590637207031,5.595238095238096e-06,4.891304347826087,1125,,,,,,,,
,,,4.891304347826087,1125,0.437104195356369,0.8872549019607843,0.9195804195804195,373.3698,,,,
0.1124,0.20309090614318848,5.476190476190477e-06,5.0,1150,,,,,,,,
,,,5.0,1150,0.5164811611175537,0.8823529411764706,0.916083916083916,381.3229,,,,
0.096,0.21613536775112152,5.357142857142857e-06,5.108695652173913,1175,,,,,,,,
,,,5.108695652173913,1175,0.5308682918548584,0.8921568627450981,0.9225352112676057,389.1381,,,,
0.1109,47.02186965942383,5.2380952380952384e-06,5.217391304347826,1200,,,,,,,,
,,,5.217391304347826,1200,0.522602915763855,0.8725490196078431,0.9109589041095889,397.131,,,,
0.1311,106.03916931152344,5.119047619047619e-06,5.326086956521739,1225,,,,,,,,
,,,5.326086956521739,1225,0.5677157640457153,0.8848039215686274,0.9162210338680927,404.972,,,,
0.1371,21.707151412963867,5e-06,5.434782608695652,1250,,,,,,,,
,,,5.434782608695652,1250,0.49913015961647034,0.9019607843137255,0.9290780141843972,412.7292,,,,
0.1373,0.1528034210205078,4.880952380952381e-06,5.543478260869565,1275,,,,,,,,
,,,5.543478260869565,1275,0.5719918608665466,0.8872549019607843,0.9209621993127148,420.5388,,,,
0.1395,1.0463356971740723,4.761904761904762e-06,5.6521739130434785,1300,,,,,,,,
,,,5.6521739130434785,1300,0.5037424564361572,0.8946078431372549,0.9244288224956063,428.377,,,,
0.1156,0.12653234601020813,4.642857142857144e-06,5.760869565217392,1325,,,,,,,,
,,,5.760869565217392,1325,0.5336060523986816,0.8897058823529411,0.9214659685863874,436.3613,,,,
0.128,0.17907749116420746,4.523809523809524e-06,5.869565217391305,1350,,,,,,,,
,,,5.869565217391305,1350,0.47740861773490906,0.8970588235294118,0.9247311827956989,444.3059,,,,
0.0938,0.09673460572957993,4.404761904761905e-06,5.978260869565218,1375,,,,,,,,
,,,5.978260869565218,1375,0.5140233039855957,0.8946078431372549,0.9208103130755064,452.385,,,,
0.1149,69.66027069091797,4.2857142857142855e-06,6.086956521739131,1400,,,,,,,,
,,,6.086956521739131,1400,0.6919529438018799,0.8578431372549019,0.9026845637583893,460.1373,,,,
0.0824,0.90679931640625,4.166666666666667e-06,6.195652173913044,1425,,,,,,,,
,,,6.195652173913044,1425,0.5482574701309204,0.8921568627450981,0.9217081850533807,468.259,,,,
0.1278,8.345016479492188,4.047619047619048e-06,6.304347826086957,1450,,,,,,,,
,,,6.304347826086957,1450,0.6787833571434021,0.8799019607843137,0.9162393162393162,476.0237,,,,
0.1552,0.04413033276796341,3.928571428571429e-06,6.413043478260869,1475,,,,,,,,
,,,6.413043478260869,1475,0.5630526542663574,0.8995098039215687,0.926391382405745,483.8755,,,,
0.141,0.13414078950881958,3.80952380952381e-06,6.521739130434782,1500,,,,,,,,
,,,6.521739130434782,1500,0.5371487140655518,0.9019607843137255,0.9288256227758006,491.7299,,,,
0.0861,78.22093200683594,3.690476190476191e-06,6.630434782608695,1525,,,,,,,,
,,,6.630434782608695,1525,0.5398775935173035,0.8995098039215687,0.927689594356261,509.3032,,,,
0.1235,0.48049429059028625,3.5714285714285718e-06,6.739130434782608,1550,,,,,,,,
,,,6.739130434782608,1550,0.5649815797805786,0.8995098039215687,0.928695652173913,517.0949,,,,
0.0694,0.14491766691207886,3.4523809523809528e-06,6.8478260869565215,1575,,,,,,,,
,,,6.8478260869565215,1575,0.5917404890060425,0.8946078431372549,0.9230769230769231,525.1159,,,,
0.0878,0.17074982821941376,3.3333333333333333e-06,6.956521739130435,1600,,,,,,,,
,,,6.956521739130435,1600,0.5936542749404907,0.8995098039215687,0.9284467713787086,533.261,,,,
0.019,3.43037748336792,3.2142857142857147e-06,7.065217391304348,1625,,,,,,,,
,,,7.065217391304348,1625,0.6031883358955383,0.8995098039215687,0.9279437609841829,541.0835,,,,
0.0853,0.026042567566037178,3.0952380952380957e-06,7.173913043478261,1650,,,,,,,,
,,,7.173913043478261,1650,0.5776931047439575,0.9019607843137255,0.9290780141843972,548.9415,,,,
0.0983,0.5742259621620178,2.9761904761904763e-06,7.282608695652174,1675,,,,,,,,
,,,7.282608695652174,1675,0.5730416774749756,0.9019607843137255,0.9288256227758006,556.7851,,,,
0.0703,88.92630767822266,2.8571428571428573e-06,7.391304347826087,1700,,,,,,,,
,,,7.391304347826087,1700,0.5986683964729309,0.9019607843137255,0.9303135888501741,564.7294,,,,
0.0409,0.029702480882406235,2.7380952380952387e-06,7.5,1725,,,,,,,,
,,,7.5,1725,0.5928901433944702,0.8995098039215687,0.926391382405745,572.641,,,,
0.112,0.06171373650431633,2.6190476190476192e-06,7.608695652173913,1750,,,,,,,,
,,,7.608695652173913,1750,0.56046462059021,0.9044117647058824,0.9316987740805603,580.517,,,,
0.1048,29.5239200592041,2.5e-06,7.717391304347826,1775,,,,,,,,
,,,7.717391304347826,1775,0.5853073596954346,0.8946078431372549,0.925476603119584,588.4105,,,,
0.0302,0.06126469373703003,2.380952380952381e-06,7.826086956521739,1800,,,,,,,,
,,,7.826086956521739,1800,0.5799638628959656,0.9019607843137255,0.9298245614035087,596.1645,,,,
0.0296,0.11044464260339737,2.261904761904762e-06,7.934782608695652,1825,,,,,,,,
,,,7.934782608695652,1825,0.6149482131004333,0.8970588235294118,0.9263157894736843,604.3147,,,,
0.0533,0.27634045481681824,2.1428571428571427e-06,8.043478260869565,1850,,,,,,,,
,,,8.043478260869565,1850,0.6315983533859253,0.8921568627450981,0.923076923076923,612.0226,,,,
0.0329,0.03196343407034874,2.023809523809524e-06,8.152173913043478,1875,,,,,,,,
,,,8.152173913043478,1875,0.6131162643432617,0.8946078431372549,0.9238938053097344,619.986,,,,
0.016,0.027712801471352577,1.904761904761905e-06,8.26086956521739,1900,,,,,,,,
,,,8.26086956521739,1900,0.6236294507980347,0.8946078431372549,0.9238938053097344,627.9159,,,,
0.0132,0.06409494578838348,1.7857142857142859e-06,8.369565217391305,1925,,,,,,,,
,,,8.369565217391305,1925,0.6505656242370605,0.8995098039215687,0.9284467713787086,635.9216,,,,
0.0644,0.07189615070819855,1.6666666666666667e-06,8.478260869565217,1950,,,,,,,,
,,,8.478260869565217,1950,0.6470080614089966,0.8970588235294118,0.926056338028169,643.9447,,,,
0.0057,0.029980367049574852,1.5476190476190479e-06,8.58695652173913,1975,,,,,,,,
,,,8.58695652173913,1975,0.6746185421943665,0.8995098039215687,0.928695652173913,651.7175,,,,
0.0907,0.5123792290687561,1.4285714285714286e-06,8.695652173913043,2000,,,,,,,,
,,,8.695652173913043,2000,0.6474495530128479,0.8995098039215687,0.927689594356261,659.6194,,,,
0.0198,0.1016928032040596,1.3095238095238096e-06,8.804347826086957,2025,,,,,,,,
,,,8.804347826086957,2025,0.649876594543457,0.8995098039215687,0.927689594356261,680.5646,,,,
0.0475,4.462049961090088,1.1904761904761906e-06,8.91304347826087,2050,,,,,,,,
,,,8.91304347826087,2050,0.6530229449272156,0.8946078431372549,0.9230769230769231,688.4822,,,,
0.0982,126.6018295288086,1.0714285714285714e-06,9.021739130434783,2075,,,,,,,,
,,,9.021739130434783,2075,0.6450461745262146,0.8897058823529411,0.9197860962566845,696.3595,,,,
0.001,0.028597602620720863,9.523809523809525e-07,9.130434782608695,2100,,,,,,,,
,,,9.130434782608695,2100,0.6477014422416687,0.8897058823529411,0.9197860962566845,704.4576,,,,
0.0182,0.08525596559047699,8.333333333333333e-07,9.23913043478261,2125,,,,,,,,
,,,9.23913043478261,2125,0.6496495008468628,0.8897058823529411,0.9200710479573712,712.5764,,,,
0.0396,0.025375977158546448,7.142857142857143e-07,9.347826086956522,2150,,,,,,,,
,,,9.347826086956522,2150,0.6502790451049805,0.9044117647058824,0.9316987740805603,720.6015,,,,
0.0817,0.26159098744392395,5.952380952380953e-07,9.456521739130435,2175,,,,,,,,
,,,9.456521739130435,2175,0.6348727345466614,0.8995098039215687,0.927689594356261,728.5664,,,,
0.0011,0.044590629637241364,4.7619047619047623e-07,9.565217391304348,2200,,,,,,,,
,,,9.565217391304348,2200,0.6395572423934937,0.8946078431372549,0.9236234458259325,736.4422,,,,
0.0604,0.9993125200271606,3.5714285714285716e-07,9.673913043478262,2225,,,,,,,,
,,,9.673913043478262,2225,0.6357489228248596,0.8995098039215687,0.927689594356261,744.1763,,,,
0.0366,0.06475517898797989,2.3809523809523811e-07,9.782608695652174,2250,,,,,,,,
,,,9.782608695652174,2250,0.6359645128250122,0.8995098039215687,0.927689594356261,751.9687,,,,
0.003,0.10584107041358948,1.1904761904761906e-07,9.891304347826086,2275,,,,,,,,
,,,9.891304347826086,2275,0.6380781531333923,0.8995098039215687,0.927689594356261,759.8439,,,,
0.0444,0.020598776638507843,0.0,10.0,2300,,,,,,,,
,,,10.0,2300,0.6391675472259521,0.8995098039215687,0.927689594356261,767.5694,,,,
,,,10.0,2300,,,,767.085,47.817,2.998,1441090083533520.0,0.2049839925263887
