loss,grad_norm,learning_rate,epoch,step,eval_loss,eval_accuracy,eval_f1,train_runtime,train_samples_per_second,train_steps_per_second,total_flos,train_loss
0.6963,1.4430267810821533,5e-05,0.004347826086956522,1,,,,,,,,
0.6706,1.477288007736206,0.00125,0.10869565217391304,25,,,,,,,,
,,,0.10869565217391304,25,0.6376460194587708,0.6838235294117647,0.8122270742358079,6.0611,,,,
0.697,2.116560459136963,0.0025,0.21739130434782608,50,,,,,,,,
,,,0.21739130434782608,50,0.7550985217094421,0.3161764705882353,0.0,11.5285,,,,
0.6808,0.72911536693573,0.00375,0.32608695652173914,75,,,,,,,,
,,,0.32608695652173914,75,0.5934017896652222,0.6936274509803921,0.8159057437407953,17.247,,,,
0.6011,1.1583925485610962,0.005,0.43478260869565216,100,,,,,,,,
,,,0.43478260869565216,100,0.5281657576560974,0.7279411764705882,0.8218298555377207,22.7538,,,,
0.5303,1.2474205493927002,0.00625,0.5434782608695652,125,,,,,,,,
,,,0.5434782608695652,125,0.5484285354614258,0.7254901960784313,0.8297872340425533,28.361,,,,
0.6766,2.6369714736938477,0.0075,0.6521739130434783,150,,,,,,,,
,,,0.6521739130434783,150,0.5755264163017273,0.7303921568627451,0.8302469135802469,33.9133,,,,
0.5967,2.32745099067688,0.00875,0.7608695652173914,175,,,,,,,,
,,,0.7608695652173914,175,0.5458000302314758,0.7573529411764706,0.8483920367534455,39.6417,,,,
0.6813,1.0579012632369995,0.01,0.8695652173913043,200,,,,,,,,
,,,0.8695652173913043,200,0.4667533040046692,0.7990196078431373,0.8642384105960265,45.3235,,,,
0.6289,0.908244252204895,0.009880952380952381,0.9782608695652174,225,,,,,,,,
,,,0.9782608695652174,225,0.4182501435279846,0.7965686274509803,0.8637110016420361,50.8776,,,,
0.5947,0.9191941022872925,0.009761904761904762,1.0869565217391304,250,,,,,,,,
,,,1.0869565217391304,250,0.4113757908344269,0.8137254901960784,0.8737541528239203,56.2964,,,,
0.5064,1.3475390672683716,0.009642857142857144,1.1956521739130435,275,,,,,,,,
,,,1.1956521739130435,275,0.5808312892913818,0.8063725490196079,0.8723747980613893,61.8215,,,,
0.8655,3.850581169128418,0.009523809523809523,1.3043478260869565,300,,,,,,,,
,,,1.3043478260869565,300,0.5586421489715576,0.7818627450980392,0.8598425196850394,67.3573,,,,
0.4751,3.181255340576172,0.009404761904761905,1.4130434782608696,325,,,,,,,,
,,,1.4130434782608696,325,0.38868141174316406,0.8406862745098039,0.8816029143897995,72.868,,,,
0.5348,3.222965955734253,0.009285714285714286,1.5217391304347827,350,,,,,,,,
,,,1.5217391304347827,350,0.3927106559276581,0.8406862745098039,0.8845470692717585,78.3863,,,,
0.5305,2.9541397094726562,0.009166666666666667,1.6304347826086958,375,,,,,,,,
,,,1.6304347826086958,375,0.48680853843688965,0.8406862745098039,0.891846921797005,83.9092,,,,
0.6133,14.356782913208008,0.009047619047619047,1.7391304347826086,400,,,,,,,,
,,,1.7391304347826086,400,0.5680961012840271,0.7573529411764706,0.7898089171974522,89.417,,,,
0.625,8.567811965942383,0.00892857142857143,1.8478260869565217,425,,,,,,,,
,,,1.8478260869565217,425,0.3142382800579071,0.8676470588235294,0.9039145907473309,95.0617,,,,
0.4867,2.3942785263061523,0.008809523809523809,1.9565217391304348,450,,,,,,,,
,,,1.9565217391304348,450,0.4967416524887085,0.8137254901960784,0.8576779026217228,100.7357,,,,
0.4919,11.093429565429688,0.008690476190476191,2.0652173913043477,475,,,,,,,,
,,,2.0652173913043477,475,0.6208748817443848,0.8529411764705882,0.8901098901098902,106.2537,,,,
0.8553,8.307649612426758,0.008571428571428572,2.1739130434782608,500,,,,,,,,
,,,2.1739130434782608,500,0.5917350053787231,0.7941176470588235,0.8670886075949368,111.9355,,,,
0.5492,6.980315685272217,0.008452380952380953,2.282608695652174,525,,,,,,,,
,,,2.282608695652174,525,1.0019726753234863,0.6813725490196079,0.7031963470319635,117.6695,,,,
0.5788,4.40883731842041,0.008333333333333333,2.391304347826087,550,,,,,,,,
,,,2.391304347826087,550,0.5251433253288269,0.8553921568627451,0.9005059021922428,123.3211,,,,
0.5036,4.973240375518799,0.008214285714285714,2.5,575,,,,,,,,
,,,2.5,575,0.5097134113311768,0.8308823529411765,0.886326194398682,128.8754,,,,
0.4689,1.5348312854766846,0.008095238095238096,2.608695652173913,600,,,,,,,,
,,,2.608695652173913,600,0.4268980920314789,0.8455882352941176,0.8919382504288165,134.43,,,,
0.529,2.237687587738037,0.007976190476190477,2.717391304347826,625,,,,,,,,
,,,2.717391304347826,625,0.41480037569999695,0.8602941176470589,0.8946395563770795,140.067,,,,
0.6411,2.3047327995300293,0.007857142857142858,2.8260869565217392,650,,,,,,,,
,,,2.8260869565217392,650,0.6996138095855713,0.7818627450980392,0.8187372708757639,145.6419,,,,
0.487,4.083369731903076,0.007738095238095238,2.9347826086956523,675,,,,,,,,
,,,2.9347826086956523,675,0.4216572642326355,0.8455882352941176,0.8911917098445595,151.2891,,,,
0.4342,4.5551981925964355,0.007619047619047619,3.0434782608695654,700,,,,,,,,
,,,3.0434782608695654,700,0.45023584365844727,0.8455882352941176,0.8911917098445595,156.5976,,,,
0.4092,2.212153911590576,0.0075,3.1521739130434785,725,,,,,,,,
,,,3.1521739130434785,725,0.4955880343914032,0.8480392156862745,0.8908450704225351,162.2272,,,,
0.5267,2.1646535396575928,0.007380952380952381,3.260869565217391,750,,,,,,,,
,,,3.260869565217391,750,0.4196324944496155,0.8504901960784313,0.8942807625649914,167.7836,,,,
0.3398,2.4847359657287598,0.007261904761904762,3.369565217391304,775,,,,,,,,
,,,3.369565217391304,775,0.597294270992279,0.8333333333333334,0.8888888888888888,173.2466,,,,
0.4181,3.7706027030944824,0.0071428571428571435,3.4782608695652173,800,,,,,,,,
,,,3.4782608695652173,800,0.4096519351005554,0.8431372549019608,0.8907849829351535,178.8211,,,,
0.4196,3.1295406818389893,0.007023809523809523,3.5869565217391304,825,,,,,,,,
,,,3.5869565217391304,825,0.3699162006378174,0.8627450980392157,0.9027777777777778,184.3933,,,,
0.3603,8.070252418518066,0.006904761904761905,3.6956521739130435,850,,,,,,,,
,,,3.6956521739130435,850,0.40153735876083374,0.8578431372549019,0.8937728937728937,190.1162,,,,
0.4599,3.614112138748169,0.006785714285714286,3.8043478260869565,875,,,,,,,,
,,,3.8043478260869565,875,0.45213937759399414,0.8504901960784313,0.8920353982300885,195.6759,,,,
0.3838,4.432364463806152,0.006666666666666666,3.9130434782608696,900,,,,,,,,
,,,3.9130434782608696,900,0.44892144203186035,0.8553921568627451,0.897391304347826,201.3507,,,,
0.4312,4.134564399719238,0.006547619047619048,4.021739130434782,925,,,,,,,,
,,,4.021739130434782,925,0.39472731947898865,0.8676470588235294,0.9028776978417268,206.7593,,,,
0.3088,4.604005813598633,0.006428571428571429,4.130434782608695,950,,,,,,,,
,,,4.130434782608695,950,0.3803584575653076,0.8578431372549019,0.890151515151515,212.3599,,,,
0.3611,3.768465757369995,0.006309523809523809,4.239130434782608,975,,,,,,,,
,,,4.239130434782608,975,0.35066092014312744,0.8553921568627451,0.8970331588132635,217.8904,,,,
0.4072,3.722583770751953,0.006190476190476191,4.3478260869565215,1000,,,,,,,,
,,,4.3478260869565215,1000,0.5440009832382202,0.8014705882352942,0.8699839486356339,223.3701,,,,
0.3456,2.5802841186523438,0.006071428571428571,4.456521739130435,1025,,,,,,,,
,,,4.456521739130435,1025,0.6902117133140564,0.803921568627451,0.8717948717948719,229.2963,,,,
0.3869,4.655416488647461,0.005952380952380952,4.565217391304348,1050,,,,,,,,
,,,4.565217391304348,1050,0.5994827747344971,0.8431372549019608,0.8848920863309353,234.9138,,,,
0.3253,1.9118701219558716,0.005833333333333334,4.673913043478261,1075,,,,,,,,
,,,4.673913043478261,1075,0.42234697937965393,0.8455882352941176,0.8908145580589255,240.6271,,,,
0.2636,0.9248331189155579,0.005714285714285714,4.782608695652174,1100,,,,,,,,
,,,4.782608695652174,1100,0.5794429183006287,0.8406862745098039,0.8932676518883416,246.4102,,,,
0.4062,8.474321365356445,0.005595238095238096,4.891304347826087,1125,,,,,,,,
,,,4.891304347826087,1125,0.7158315181732178,0.803921568627451,0.8373983739837398,251.9488,,,,
0.2914,0.02481633424758911,0.0054761904761904765,5.0,1150,,,,,,,,
,,,5.0,1150,0.47315889596939087,0.8676470588235294,0.9035714285714286,257.5848,,,,
0.2491,0.6450526118278503,0.005357142857142857,5.108695652173913,1175,,,,,,,,
,,,5.108695652173913,1175,0.45137473940849304,0.8651960784313726,0.9046793760831888,263.0669,,,,
0.3495,1.620718240737915,0.005238095238095239,5.217391304347826,1200,,,,,,,,
,,,5.217391304347826,1200,0.4412844181060791,0.8553921568627451,0.8944543828264758,268.6824,,,,
0.2564,1.2910352945327759,0.0051190476190476186,5.326086956521739,1225,,,,,,,,
,,,5.326086956521739,1225,0.5832488536834717,0.8504901960784313,0.8892921960072594,274.3243,,,,
0.2591,0.5663357377052307,0.005,5.434782608695652,1250,,,,,,,,
,,,5.434782608695652,1250,0.4033655524253845,0.8602941176470589,0.8969258589511754,279.7989,,,,
0.2854,5.416011810302734,0.004880952380952381,5.543478260869565,1275,,,,,,,,
,,,5.543478260869565,1275,0.5272560715675354,0.8602941176470589,0.8987566607460036,285.3938,,,,
0.2945,1.4474115371704102,0.0047619047619047615,5.6521739130434785,1300,,,,,,,,
,,,5.6521739130434785,1300,0.40476447343826294,0.8455882352941176,0.8839779005524862,290.9251,,,,
0.1968,0.18420559167861938,0.004642857142857143,5.760869565217392,1325,,,,,,,,
,,,5.760869565217392,1325,0.5169830322265625,0.8700980392156863,0.9061946902654867,296.6406,,,,
0.2752,1.8484828472137451,0.004523809523809524,5.869565217391305,1350,,,,,,,,
,,,5.869565217391305,1350,0.45375072956085205,0.8553921568627451,0.8984509466437176,302.3034,,,,
0.2193,4.884223937988281,0.004404761904761904,5.978260869565218,1375,,,,,,,,
,,,5.978260869565218,1375,0.42327651381492615,0.8553921568627451,0.8944543828264758,307.9985,,,,
0.1834,4.629408359527588,0.004285714285714286,6.086956521739131,1400,,,,,,,,
,,,6.086956521739131,1400,0.8487144112586975,0.821078431372549,0.8820678513731827,313.5858,,,,
0.224,3.505319356918335,0.004166666666666667,6.195652173913044,1425,,,,,,,,
,,,6.195652173913044,1425,0.48988619446754456,0.8627450980392157,0.899641577060932,319.356,,,,
0.3026,3.977742910385132,0.004047619047619048,6.304347826086957,1450,,,,,,,,
,,,6.304347826086957,1450,0.63560950756073,0.8431372549019608,0.8915254237288135,324.9241,,,,
0.1792,1.1412957906723022,0.003928571428571429,6.413043478260869,1475,,,,,,,,
,,,6.413043478260869,1475,0.5529544353485107,0.8651960784313726,0.9043478260869565,330.4871,,,,
0.1815,1.6163626909255981,0.0038095238095238095,6.521739130434782,1500,,,,,,,,
,,,6.521739130434782,1500,0.5221078991889954,0.8308823529411765,0.8719851576994434,336.086,,,,
0.2367,3.5624680519104004,0.0036904761904761906,6.630434782608695,1525,,,,,,,,
,,,6.630434782608695,1525,0.5294961929321289,0.8529411764705882,0.8986486486486487,342.0881,,,,
0.1858,0.5071220993995667,0.0035714285714285718,6.739130434782608,1550,,,,,,,,
,,,6.739130434782608,1550,0.5173208713531494,0.8406862745098039,0.8807339449541283,347.5828,,,,
0.1848,0.24199213087558746,0.0034523809523809524,6.8478260869565215,1575,,,,,,,,
,,,6.8478260869565215,1575,0.5508853793144226,0.8455882352941176,0.8888888888888888,353.226,,,,
0.2748,0.3227454721927643,0.003333333333333333,6.956521739130435,1600,,,,,,,,
,,,6.956521739130435,1600,0.42911460995674133,0.8627450980392157,0.903448275862069,358.8458,,,,
0.134,1.8176720142364502,0.0032142857142857147,7.065217391304348,1625,,,,,,,,
,,,7.065217391304348,1625,0.5932073593139648,0.8529411764705882,0.8913043478260869,364.3171,,,,
0.1674,1.7126749753952026,0.0030952380952380953,7.173913043478261,1650,,,,,,,,
,,,7.173913043478261,1650,0.6167312860488892,0.8455882352941176,0.8809073724007562,370.0528,,,,
0.1435,0.936693012714386,0.002976190476190476,7.282608695652174,1675,,,,,,,,
,,,7.282608695652174,1675,0.4473699629306793,0.8602941176470589,0.8994708994708994,375.5936,,,,
0.2177,1.9750213623046875,0.002857142857142857,7.391304347826087,1700,,,,,,,,
,,,7.391304347826087,1700,0.47782835364341736,0.8529411764705882,0.8901098901098902,381.2353,,,,
0.1534,1.249015212059021,0.0027380952380952383,7.5,1725,,,,,,,,
,,,7.5,1725,0.5392530560493469,0.8627450980392157,0.8970588235294118,388.0281,,,,
0.1288,2.0224266052246094,0.0026190476190476194,7.608695652173913,1750,,,,,,,,
,,,7.608695652173913,1750,0.5496103167533875,0.8553921568627451,0.8966725043782837,395.8527,,,,
0.1454,5.144046783447266,0.0025,7.717391304347826,1775,,,,,,,,
,,,7.717391304347826,1775,0.5532866716384888,0.8431372549019608,0.8885017421602788,403.6356,,,,
0.1189,1.713975191116333,0.0023809523809523807,7.826086956521739,1800,,,,,,,,
,,,7.826086956521739,1800,0.5472346544265747,0.8529411764705882,0.8943661971830987,410.1368,,,,
0.1658,1.773333191871643,0.002261904761904762,7.934782608695652,1825,,,,,,,,
,,,7.934782608695652,1825,0.517417311668396,0.8651960784313726,0.9001814882032667,416.0147,,,,
0.1823,1.2473772764205933,0.002142857142857143,8.043478260869565,1850,,,,,,,,
,,,8.043478260869565,1850,0.46550503373146057,0.8553921568627451,0.8940754039497307,421.6043,,,,
0.1166,1.474485993385315,0.002023809523809524,8.152173913043478,1875,,,,,,,,
,,,8.152173913043478,1875,0.46345385909080505,0.8553921568627451,0.8952042628774423,427.2217,,,,
0.0916,0.02130059152841568,0.0019047619047619048,8.26086956521739,1900,,,,,,,,
,,,8.26086956521739,1900,0.5545368790626526,0.8504901960784313,0.8939130434782607,433.0675,,,,
0.1227,0.19209620356559753,0.0017857142857142859,8.369565217391305,1925,,,,,,,,
,,,8.369565217391305,1925,0.5035701990127563,0.8529411764705882,0.8943661971830987,438.7393,,,,
0.1037,0.9686083793640137,0.0016666666666666666,8.478260869565217,1950,,,,,,,,
,,,8.478260869565217,1950,0.5383753776550293,0.8553921568627451,0.8966725043782837,444.4243,,,,
0.1027,0.12217819690704346,0.0015476190476190477,8.58695652173913,1975,,,,,,,,
,,,8.58695652173913,1975,0.5880527496337891,0.8529411764705882,0.8958333333333334,449.9701,,,,
0.1442,1.8372986316680908,0.0014285714285714286,8.695652173913043,2000,,,,,,,,
,,,8.695652173913043,2000,0.5708976984024048,0.8553921568627451,0.8977469670710572,455.5024,,,,
0.076,1.1668736934661865,0.0013095238095238097,8.804347826086957,2025,,,,,,,,
,,,8.804347826086957,2025,0.5843459367752075,0.8651960784313726,0.9023090586145649,461.3781,,,,
0.1354,2.2513785362243652,0.0011904761904761904,8.91304347826087,2050,,,,,,,,
,,,8.91304347826087,2050,0.5650692582130432,0.8651960784313726,0.9023090586145649,466.9308,,,,
0.1328,0.237843319773674,0.0010714285714285715,9.021739130434783,2075,,,,,,,,
,,,9.021739130434783,2075,0.5009427070617676,0.8627450980392157,0.9014084507042254,472.3666,,,,
0.0442,0.5429527759552002,0.0009523809523809524,9.130434782608695,2100,,,,,,,,
,,,9.130434782608695,2100,0.5422391891479492,0.8578431372549019,0.8975265017667844,477.8548,,,,
0.0785,1.2799123525619507,0.0008333333333333333,9.23913043478261,2125,,,,,,,,
,,,9.23913043478261,2125,0.5838136076927185,0.8602941176470589,0.9001751313485115,483.3681,,,,
0.0823,2.026658773422241,0.0007142857142857143,9.347826086956522,2150,,,,,,,,
,,,9.347826086956522,2150,0.5747055411338806,0.8627450980392157,0.901060070671378,489.0111,,,,
0.1076,0.13967952132225037,0.0005952380952380952,9.456521739130435,2175,,,,,,,,
,,,9.456521739130435,2175,0.5382071733474731,0.8627450980392157,0.9,494.5923,,,,
0.0735,1.2420673370361328,0.0004761904761904762,9.565217391304348,2200,,,,,,,,
,,,9.565217391304348,2200,0.5635589361190796,0.8627450980392157,0.901060070671378,500.1702,,,,
0.1028,0.10293323546648026,0.00035714285714285714,9.673913043478262,2225,,,,,,,,
,,,9.673913043478262,2225,0.5674924850463867,0.8627450980392157,0.901060070671378,505.7216,,,,
0.058,0.5376560688018799,0.0002380952380952381,9.782608695652174,2250,,,,,,,,
,,,9.782608695652174,2250,0.5782507061958313,0.8627450980392157,0.901060070671378,511.328,,,,
0.0985,0.1527906060218811,0.00011904761904761905,9.891304347826086,2275,,,,,,,,
,,,9.891304347826086,2275,0.5872870087623596,0.8627450980392157,0.9014084507042254,517.0013,,,,
0.0958,14.909130096435547,0.0,10.0,2300,,,,,,,,
,,,10.0,2300,0.5831302404403687,0.8627450980392157,0.901060070671378,522.4774,,,,
,,,10.0,2300,,,,522.0272,70.265,4.406,1451518284707232.0,0.3374115599756656
