loss,grad_norm,learning_rate,epoch,step,eval_loss,eval_accuracy,eval_f1,train_runtime,train_samples_per_second,train_steps_per_second,total_flos,train_loss
0.6859,0.8968190550804138,1.0000000000000001e-07,0.004347826086956522,1,,,,,,,,
0.7372,2.5049262046813965,2.5e-06,0.10869565217391304,25,,,,,,,,
,,,0.10869565217391304,25,0.7266990542411804,0.3161764705882353,0.0,8.3042,,,,
0.6996,1.9315590858459473,5e-06,0.21739130434782608,50,,,,,,,,
,,,0.21739130434782608,50,0.6772358417510986,0.6838235294117647,0.8122270742358079,16.2553,,,,
0.6512,3.2940704822540283,7.500000000000001e-06,0.32608695652173914,75,,,,,,,,
,,,0.32608695652173914,75,0.6087273955345154,0.6838235294117647,0.8122270742358079,24.3107,,,,
0.613,4.196776866912842,1e-05,0.43478260869565216,100,,,,,,,,
,,,0.43478260869565216,100,0.5665377974510193,0.6838235294117647,0.8122270742358079,32.2682,,,,
0.5277,9.199454307556152,1.25e-05,0.5434782608695652,125,,,,,,,,
,,,0.5434782608695652,125,0.5455446243286133,0.696078431372549,0.8171091445427728,40.3304,,,,
0.508,9.089807510375977,1.5000000000000002e-05,0.6521739130434783,150,,,,,,,,
,,,0.6521739130434783,150,0.4950924813747406,0.7254901960784313,0.8292682926829268,48.232,,,,
0.5208,11.08083724975586,1.7500000000000002e-05,0.7608695652173914,175,,,,,,,,
,,,0.7608695652173914,175,0.5003060102462769,0.7647058823529411,0.85,56.454,,,,
0.5282,10.41630744934082,2e-05,0.8695652173913043,200,,,,,,,,
,,,0.8695652173913043,200,0.4601402282714844,0.8259803921568627,0.88379705400982,64.48,,,,
0.4966,8.768248558044434,1.9761904761904763e-05,0.9782608695652174,225,,,,,,,,
,,,0.9782608695652174,225,0.3984360694885254,0.8235294117647058,0.8641509433962264,72.5136,,,,
0.3955,8.973864555358887,1.9523809523809524e-05,1.0869565217391304,250,,,,,,,,
,,,1.0869565217391304,250,0.39698126912117004,0.8308823529411765,0.8774422735346359,80.19,,,,
0.4311,13.462053298950195,1.928571428571429e-05,1.1956521739130435,275,,,,,,,,
,,,1.1956521739130435,275,0.38022148609161377,0.8259803921568627,0.8765217391304347,88.187,,,,
0.385,20.331838607788086,1.904761904761905e-05,1.3043478260869565,300,,,,,,,,
,,,1.3043478260869565,300,0.3561667203903198,0.8578431372549019,0.896797153024911,96.2028,,,,
0.3429,43.382083892822266,1.880952380952381e-05,1.4130434782608696,325,,,,,,,,
,,,1.4130434782608696,325,0.42447271943092346,0.8357843137254902,0.8752327746741154,104.1783,,,,
0.4272,37.37003707885742,1.8571428571428575e-05,1.5217391304347827,350,,,,,,,,
,,,1.5217391304347827,350,0.34755605459213257,0.8504901960784313,0.8920353982300885,112.2023,,,,
0.3865,9.412517547607422,1.8333333333333333e-05,1.6304347826086958,375,,,,,,,,
,,,1.6304347826086958,375,0.3148372769355774,0.8651960784313726,0.8983364140480593,120.0509,,,,
0.2954,25.691898345947266,1.8095238095238097e-05,1.7391304347826086,400,,,,,,,,
,,,1.7391304347826086,400,0.3324061334133148,0.8700980392156863,0.9071803852889667,128.1007,,,,
0.3723,39.482627868652344,1.785714285714286e-05,1.8478260869565217,425,,,,,,,,
,,,1.8478260869565217,425,0.3367421329021454,0.8700980392156863,0.905861456483126,136.1453,,,,
0.3865,31.352951049804688,1.761904761904762e-05,1.9565217391304348,450,,,,,,,,
,,,1.9565217391304348,450,0.353977233171463,0.8578431372549019,0.901360544217687,144.3667,,,,
0.2582,4.277172088623047,1.7380952380952384e-05,2.0652173913043477,475,,,,,,,,
,,,2.0652173913043477,475,0.43941760063171387,0.8578431372549019,0.901360544217687,152.103,,,,
0.2833,7.0367207527160645,1.7142857142857142e-05,2.1739130434782608,500,,,,,,,,
,,,2.1739130434782608,500,0.35101690888404846,0.875,0.9064220183486239,160.2449,,,,
0.3054,25.58648109436035,1.6904761904761906e-05,2.282608695652174,525,,,,,,,,
,,,2.282608695652174,525,0.31620845198631287,0.8676470588235294,0.9018181818181817,178.0187,,,,
0.2161,18.92719078063965,1.6666666666666667e-05,2.391304347826087,550,,,,,,,,
,,,2.391304347826087,550,0.375121146440506,0.8823529411764706,0.9139784946236559,185.9566,,,,
0.2223,16.061609268188477,1.642857142857143e-05,2.5,575,,,,,,,,
,,,2.5,575,0.3933371603488922,0.875,0.9109947643979057,194.1383,,,,
0.204,31.47137451171875,1.6190476190476193e-05,2.608695652173913,600,,,,,,,,
,,,2.608695652173913,600,0.4348822832107544,0.8651960784313726,0.9053356282271946,202.359,,,,
0.2005,13.356070518493652,1.5952380952380954e-05,2.717391304347826,625,,,,,,,,
,,,2.717391304347826,625,0.5581883788108826,0.8529411764705882,0.8993288590604027,210.6608,,,,
0.3058,93.7380599975586,1.5714285714285715e-05,2.8260869565217392,650,,,,,,,,
,,,2.8260869565217392,650,0.5041077733039856,0.8651960784313726,0.9056603773584906,218.7862,,,,
0.2465,10.959776878356934,1.5476190476190476e-05,2.9347826086956523,675,,,,,,,,
,,,2.9347826086956523,675,0.3704562485218048,0.8725490196078431,0.9094076655052264,226.959,,,,
0.1635,15.333210945129395,1.523809523809524e-05,3.0434782608695654,700,,,,,,,,
,,,3.0434782608695654,700,0.5516555905342102,0.8676470588235294,0.9059233449477352,234.5943,,,,
0.1832,0.5314446687698364,1.5000000000000002e-05,3.1521739130434785,725,,,,,,,,
,,,3.1521739130434785,725,0.6714146733283997,0.8676470588235294,0.906896551724138,242.6036,,,,
0.1134,0.1869097203016281,1.4761904761904763e-05,3.260869565217391,750,,,,,,,,
,,,3.260869565217391,750,0.6704159379005432,0.8602941176470589,0.9032258064516129,250.5884,,,,
0.1605,64.72154235839844,1.4523809523809524e-05,3.369565217391304,775,,,,,,,,
,,,3.369565217391304,775,0.6529338359832764,0.8774509803921569,0.9140893470790378,258.4024,,,,
0.1193,42.75394821166992,1.4285714285714287e-05,3.4782608695652173,800,,,,,,,,
,,,3.4782608695652173,800,0.6543987393379211,0.8700980392156863,0.9078260869565218,266.3554,,,,
0.242,12.441370964050293,1.4047619047619048e-05,3.5869565217391304,825,,,,,,,,
,,,3.5869565217391304,825,0.571404218673706,0.8627450980392157,0.9047619047619047,274.3698,,,,
0.1698,23.688156127929688,1.3809523809523811e-05,3.6956521739130435,850,,,,,,,,
,,,3.6956521739130435,850,0.4987267851829529,0.8578431372549019,0.9023569023569024,282.5369,,,,
0.1623,32.43534851074219,1.3571428571428574e-05,3.8043478260869565,875,,,,,,,,
,,,3.8043478260869565,875,0.5583404302597046,0.8799019607843137,0.9147826086956522,290.5668,,,,
0.166,89.87853240966797,1.3333333333333333e-05,3.9130434782608696,900,,,,,,,,
,,,3.9130434782608696,900,0.6326695084571838,0.8676470588235294,0.906896551724138,298.7232,,,,
0.1988,95.37615966796875,1.3095238095238096e-05,4.021739130434782,925,,,,,,,,
,,,4.021739130434782,925,0.628332793712616,0.8700980392156863,0.909710391822828,306.5267,,,,
0.0625,0.03978244215250015,1.2857142857142859e-05,4.130434782608695,950,,,,,,,,
,,,4.130434782608695,950,0.6885555982589722,0.8774509803921569,0.9116607773851589,314.6264,,,,
0.2162,44.308555603027344,1.261904761904762e-05,4.239130434782608,975,,,,,,,,
,,,4.239130434782608,975,0.6154542565345764,0.8774509803921569,0.9128919860627178,322.4621,,,,
0.1208,22.614578247070312,1.2380952380952383e-05,4.3478260869565215,1000,,,,,,,,
,,,4.3478260869565215,1000,0.641434907913208,0.8848039215686274,0.917975567190227,330.3701,,,,
0.1231,38.78096008300781,1.2142857142857142e-05,4.456521739130435,1025,,,,,,,,
,,,4.456521739130435,1025,0.5442009568214417,0.875,0.9103690685413005,352.6252,,,,
0.0632,0.060974474996328354,1.1904761904761905e-05,4.565217391304348,1050,,,,,,,,
,,,4.565217391304348,1050,0.7136702537536621,0.8799019607843137,0.9153713298791019,360.6573,,,,
0.1182,0.47630810737609863,1.1666666666666668e-05,4.673913043478261,1075,,,,,,,,
,,,4.673913043478261,1075,0.6543493866920471,0.8946078431372549,0.924693520140105,368.8829,,,,
0.0726,14.380956649780273,1.1428571428571429e-05,4.782608695652174,1100,,,,,,,,
,,,4.782608695652174,1100,0.6125101447105408,0.8921568627450981,0.9225352112676057,377.1879,,,,
0.0817,0.16619126498699188,1.1190476190476192e-05,4.891304347826087,1125,,,,,,,,
,,,4.891304347826087,1125,0.5728483200073242,0.8872549019607843,0.9181494661921709,385.472,,,,
0.1049,0.02118944562971592,1.0952380952380955e-05,5.0,1150,,,,,,,,
,,,5.0,1150,0.717032253742218,0.8774509803921569,0.9131944444444444,393.6162,,,,
0.0558,0.20761258900165558,1.0714285714285714e-05,5.108695652173913,1175,,,,,,,,
,,,5.108695652173913,1175,0.7163429856300354,0.8725490196078431,0.9081272084805654,401.5429,,,,
0.0343,1.2405046224594116,1.0476190476190477e-05,5.217391304347826,1200,,,,,,,,
,,,5.217391304347826,1200,0.7531336545944214,0.875,0.9077757685352622,409.6189,,,,
0.0939,0.017719615250825882,1.0238095238095238e-05,5.326086956521739,1225,,,,,,,,
,,,5.326086956521739,1225,0.7164074778556824,0.8848039215686274,0.9171075837742505,417.541,,,,
0.0562,0.2794659733772278,1e-05,5.434782608695652,1250,,,,,,,,
,,,5.434782608695652,1250,0.6988844275474548,0.8897058823529411,0.9206349206349206,425.4205,,,,
0.045,0.014739113859832287,9.761904761904762e-06,5.543478260869565,1275,,,,,,,,
,,,5.543478260869565,1275,0.7396178245544434,0.8897058823529411,0.9209138840070299,433.2714,,,,
0.0462,0.1832239180803299,9.523809523809525e-06,5.6521739130434785,1300,,,,,,,,
,,,5.6521739130434785,1300,0.8366766571998596,0.8725490196078431,0.9103448275862069,441.2337,,,,
0.053,0.02465508133172989,9.285714285714288e-06,5.760869565217392,1325,,,,,,,,
,,,5.760869565217392,1325,0.7697572112083435,0.8848039215686274,0.9171075837742505,449.3735,,,,
0.0892,0.10929366201162338,9.047619047619049e-06,5.869565217391305,1350,,,,,,,,
,,,5.869565217391305,1350,0.7755821943283081,0.875,0.9116117850953207,457.4832,,,,
0.0435,0.020411789417266846,8.80952380952381e-06,5.978260869565218,1375,,,,,,,,
,,,5.978260869565218,1375,0.6828071475028992,0.8897058823529411,0.9183303085299456,465.769,,,,
0.0975,0.5577595233917236,8.571428571428571e-06,6.086956521739131,1400,,,,,,,,
,,,6.086956521739131,1400,0.8055171370506287,0.8799019607843137,0.9153713298791019,473.6353,,,,
0.0652,1.038507103919983,8.333333333333334e-06,6.195652173913044,1425,,,,,,,,
,,,6.195652173913044,1425,0.7592462301254272,0.8897058823529411,0.9192100538599641,481.9335,,,,
0.0583,0.018441088497638702,8.095238095238097e-06,6.304347826086957,1450,,,,,,,,
,,,6.304347826086957,1450,0.8267704248428345,0.8799019607843137,0.9150779896013865,489.7944,,,,
0.0802,0.017531868070364,7.857142857142858e-06,6.413043478260869,1475,,,,,,,,
,,,6.413043478260869,1475,0.7464933395385742,0.8848039215686274,0.9159212880143113,497.8897,,,,
0.0852,0.037507154047489166,7.61904761904762e-06,6.521739130434782,1500,,,,,,,,
,,,6.521739130434782,1500,0.7189896702766418,0.8872549019607843,0.9190140845070423,505.7754,,,,
0.0823,17.010028839111328,7.380952380952382e-06,6.630434782608695,1525,,,,,,,,
,,,6.630434782608695,1525,0.8076260089874268,0.875,0.9122203098106711,529.9413,,,,
0.0625,0.1266014575958252,7.1428571428571436e-06,6.739130434782608,1550,,,,,,,,
,,,6.739130434782608,1550,0.6859504580497742,0.8897058823529411,0.9183303085299456,537.8701,,,,
0.013,4.7918291091918945,6.9047619047619055e-06,6.8478260869565215,1575,,,,,,,,
,,,6.8478260869565215,1575,0.7925631403923035,0.8848039215686274,0.917975567190227,546.0004,,,,
0.0133,0.009714111685752869,6.666666666666667e-06,6.956521739130435,1600,,,,,,,,
,,,6.956521739130435,1600,0.773958683013916,0.8970588235294118,0.926056338028169,554.3763,,,,
0.0103,0.02008119225502014,6.4285714285714295e-06,7.065217391304348,1625,,,,,,,,
,,,7.065217391304348,1625,0.7601412534713745,0.8921568627450981,0.9217081850533807,562.4828,,,,
0.0311,0.009991821832954884,6.1904761904761914e-06,7.173913043478261,1650,,,,,,,,
,,,7.173913043478261,1650,0.744968593120575,0.8921568627450981,0.9214285714285715,570.6153,,,,
0.0023,0.019978545606136322,5.9523809523809525e-06,7.282608695652174,1675,,,,,,,,
,,,7.282608695652174,1675,0.766115128993988,0.8921568627450981,0.9219858156028369,578.6478,,,,
0.0683,0.04355587810277939,5.7142857142857145e-06,7.391304347826087,1700,,,,,,,,
,,,7.391304347826087,1700,0.7926411628723145,0.8848039215686274,0.917975567190227,586.7013,,,,
0.018,0.01134504098445177,5.476190476190477e-06,7.5,1725,,,,,,,,
,,,7.5,1725,0.7767170071601868,0.8921568627450981,0.9217081850533807,594.7763,,,,
0.0253,0.011959575116634369,5.2380952380952384e-06,7.608695652173913,1750,,,,,,,,
,,,7.608695652173913,1750,0.8091167211532593,0.8995098039215687,0.927689594356261,602.6888,,,,
0.0214,169.10044860839844,5e-06,7.717391304347826,1775,,,,,,,,
,,,7.717391304347826,1775,0.9748533368110657,0.8700980392156863,0.9087779690189328,610.6668,,,,
0.0232,0.009308205917477608,4.761904761904762e-06,7.826086956521739,1800,,,,,,,,
,,,7.826086956521739,1800,0.85127854347229,0.8946078431372549,0.924693520140105,618.4827,,,,
0.024,0.006936172489076853,4.523809523809524e-06,7.934782608695652,1825,,,,,,,,
,,,7.934782608695652,1825,0.8319382071495056,0.8946078431372549,0.9244288224956063,626.7136,,,,
0.0002,0.005464615765959024,4.2857142857142855e-06,8.043478260869565,1850,,,,,,,,
,,,8.043478260869565,1850,0.8242016434669495,0.8946078431372549,0.9238938053097344,634.5579,,,,
0.0002,0.005332069471478462,4.047619047619048e-06,8.152173913043478,1875,,,,,,,,
,,,8.152173913043478,1875,0.8251966834068298,0.8970588235294118,0.925531914893617,642.5756,,,,
0.0382,0.005028100684285164,3.80952380952381e-06,8.26086956521739,1900,,,,,,,,
,,,8.26086956521739,1900,0.8095457553863525,0.8946078431372549,0.9238938053097344,650.6668,,,,
0.018,0.00906410813331604,3.5714285714285718e-06,8.369565217391305,1925,,,,,,,,
,,,8.369565217391305,1925,0.8944528698921204,0.8823529411764706,0.916083916083916,658.7742,,,,
0.0452,238.870361328125,3.3333333333333333e-06,8.478260869565217,1950,,,,,,,,
,,,8.478260869565217,1950,0.8011658787727356,0.8970588235294118,0.925531914893617,666.9228,,,,
0.0013,0.004331978037953377,3.0952380952380957e-06,8.58695652173913,1975,,,,,,,,
,,,8.58695652173913,1975,0.80817049741745,0.8970588235294118,0.9257950530035336,674.8098,,,,
0.0767,0.2869280278682709,2.8571428571428573e-06,8.695652173913043,2000,,,,,,,,
,,,8.695652173913043,2000,0.8605043888092041,0.8848039215686274,0.9185441941074524,682.8142,,,,
0.0002,0.007562894374132156,2.6190476190476192e-06,8.804347826086957,2025,,,,,,,,
,,,8.804347826086957,2025,0.8587421178817749,0.8872549019607843,0.9201388888888888,698.0654,,,,
0.0193,0.06702767312526703,2.380952380952381e-06,8.91304347826087,2050,,,,,,,,
,,,8.91304347826087,2050,0.809450626373291,0.8970588235294118,0.9252669039145908,706.1216,,,,
0.0235,0.02671997621655464,2.1428571428571427e-06,9.021739130434783,2075,,,,,,,,
,,,9.021739130434783,2075,0.8078152537345886,0.8970588235294118,0.9249999999999999,714.0446,,,,
0.0002,0.004514481872320175,1.904761904761905e-06,9.130434782608695,2100,,,,,,,,
,,,9.130434782608695,2100,0.8144082427024841,0.8995098039215687,0.9274336283185841,722.2327,,,,
0.0545,0.005910700652748346,1.6666666666666667e-06,9.23913043478261,2125,,,,,,,,
,,,9.23913043478261,2125,0.8072641491889954,0.8970588235294118,0.925531914893617,730.2924,,,,
0.0013,0.005347811616957188,1.4285714285714286e-06,9.347826086956522,2150,,,,,,,,
,,,9.347826086956522,2150,0.8332114219665527,0.8946078431372549,0.9244288224956063,738.3674,,,,
0.0186,0.003989024553447962,1.1904761904761906e-06,9.456521739130435,2175,,,,,,,,
,,,9.456521739130435,2175,0.8290162682533264,0.8970588235294118,0.926056338028169,746.4163,,,,
0.0002,0.08534349501132965,9.523809523809525e-07,9.565217391304348,2200,,,,,,,,
,,,9.565217391304348,2200,0.8366432189941406,0.8970588235294118,0.926056338028169,754.4022,,,,
0.0083,0.007025090977549553,7.142857142857143e-07,9.673913043478262,2225,,,,,,,,
,,,9.673913043478262,2225,0.8431228995323181,0.8995098039215687,0.9279437609841829,762.3406,,,,
0.0198,0.005887283477932215,4.7619047619047623e-07,9.782608695652174,2250,,,,,,,,
,,,9.782608695652174,2250,0.86445152759552,0.8921568627450981,0.923076923076923,770.2804,,,,
0.0003,0.0043595596216619015,2.3809523809523811e-07,9.891304347826086,2275,,,,,,,,
,,,9.891304347826086,2275,0.8581387400627136,0.8921568627450981,0.923076923076923,778.3681,,,,
0.0028,0.006349821109324694,0.0,10.0,2300,,,,,,,,
,,,10.0,2300,0.8565476536750793,0.8921568627450981,0.923076923076923,786.2329,,,,
,,,10.0,2300,,,,785.8817,46.674,2.927,1441090083533520.0,0.1653715262138892
