loss,grad_norm,learning_rate,epoch,step,eval_loss,eval_accuracy,train_runtime,train_samples_per_second,train_steps_per_second,total_flos,train_loss
0.718,1.6982221603393555,3.5e-06,0.00641025641025641,1,,,,,,,
0.7038,1.206676959991455,8.75e-05,0.16025641025641027,25,,,,,,,
,,,0.16025641025641027,25,0.7058466672897339,0.4729241877256318,11.4897,,,,
0.719,0.8450565338134766,0.000175,0.32051282051282054,50,,,,,,,
,,,0.32051282051282054,50,0.692406415939331,0.5270758122743683,22.4802,,,,
0.6995,0.4276408553123474,0.0002625,0.4807692307692308,75,,,,,,,
,,,0.4807692307692308,75,0.6968547105789185,0.5270758122743683,34.8275,,,,
0.7018,1.7054643630981445,0.00035,0.6410256410256411,100,,,,,,,
,,,0.6410256410256411,100,0.6889746785163879,0.5270758122743683,46.1943,,,,
0.6877,1.5430092811584473,0.0004375,0.8012820512820513,125,,,,,,,
,,,0.8012820512820513,125,0.7278991937637329,0.4729241877256318,58.3831,,,,
0.7054,2.164531707763672,0.000525,0.9615384615384616,150,,,,,,,
,,,0.9615384615384616,150,0.6863226890563965,0.5776173285198556,69.7416,,,,
0.696,3.218566656112671,0.0006125,1.1217948717948718,175,,,,,,,
,,,1.1217948717948718,175,0.6845915913581848,0.5487364620938628,81.4836,,,,
0.6922,3.358536720275879,0.0007,1.282051282051282,200,,,,,,,
,,,1.282051282051282,200,0.6772019863128662,0.5956678700361011,93.2,,,,
0.699,0.9020057320594788,0.0006871323529411764,1.4423076923076923,225,,,,,,,
,,,1.4423076923076923,225,0.6977291107177734,0.48736462093862815,104.6117,,,,
0.7036,0.9308815598487854,0.0006742647058823529,1.6025641025641026,250,,,,,,,
,,,1.6025641025641026,250,0.6766254901885986,0.5487364620938628,116.2348,,,,
0.7168,1.8934565782546997,0.0006613970588235294,1.7628205128205128,275,,,,,,,
,,,1.7628205128205128,275,0.6904098391532898,0.5270758122743683,127.4047,,,,
0.6634,2.8337478637695312,0.0006485294117647059,1.9230769230769231,300,,,,,,,
,,,1.9230769230769231,300,0.6057060956954956,0.6787003610108303,139.2933,,,,
0.6891,0.7133209109306335,0.0006356617647058823,2.0833333333333335,325,,,,,,,
,,,2.0833333333333335,325,0.6553297638893127,0.6534296028880866,150.5564,,,,
0.6561,1.5455459356307983,0.0006227941176470587,2.2435897435897436,350,,,,,,,
,,,2.2435897435897436,350,0.6128509640693665,0.6714801444043321,161.9161,,,,
0.6964,1.8696702718734741,0.0006099264705882353,2.4038461538461537,375,,,,,,,
,,,2.4038461538461537,375,0.6743296384811401,0.5992779783393501,173.502,,,,
0.6397,2.158572196960449,0.0005970588235294117,2.564102564102564,400,,,,,,,
,,,2.564102564102564,400,0.6368554830551147,0.6389891696750902,185.1072,,,,
0.6899,0.6129450798034668,0.0005841911764705882,2.7243589743589745,425,,,,,,,
,,,2.7243589743589745,425,0.6970711350440979,0.4729241877256318,196.7684,,,,
0.6735,3.6139519214630127,0.0005713235294117647,2.8846153846153846,450,,,,,,,
,,,2.8846153846153846,450,0.6834045648574829,0.6101083032490975,208.4208,,,,
0.5957,2.4735875129699707,0.0005584558823529412,3.0448717948717947,475,,,,,,,
,,,3.0448717948717947,475,0.7177010178565979,0.628158844765343,219.7981,,,,
0.6352,2.8756494522094727,0.0005455882352941177,3.2051282051282053,500,,,,,,,
,,,3.2051282051282053,500,0.6059907674789429,0.6859205776173285,231.4384,,,,
0.6139,3.3080334663391113,0.0005327205882352941,3.3653846153846154,525,,,,,,,
,,,3.3653846153846154,525,0.6313009858131409,0.6859205776173285,243.4952,,,,
0.6123,3.966533899307251,0.0005198529411764706,3.5256410256410255,550,,,,,,,
,,,3.5256410256410255,550,0.6186425089836121,0.6714801444043321,254.5419,,,,
0.6481,5.0850958824157715,0.0005069852941176471,3.685897435897436,575,,,,,,,
,,,3.685897435897436,575,0.7063262462615967,0.5848375451263538,265.6597,,,,
0.6413,2.5283994674682617,0.0004941176470588236,3.8461538461538463,600,,,,,,,
,,,3.8461538461538463,600,0.7141653895378113,0.6750902527075813,277.5193,,,,
0.5351,4.3026957511901855,0.00048125,4.006410256410256,625,,,,,,,
,,,4.006410256410256,625,0.7118801474571228,0.6787003610108303,289.2846,,,,
0.529,6.778902053833008,0.00046838235294117644,4.166666666666667,650,,,,,,,
,,,4.166666666666667,650,0.6560601592063904,0.6895306859205776,301.0474,,,,
0.5684,2.2906627655029297,0.00045551470588235297,4.326923076923077,675,,,,,,,
,,,4.326923076923077,675,0.5767679214477539,0.6967509025270758,312.1756,,,,
0.4947,4.039036750793457,0.0004426470588235294,4.487179487179487,700,,,,,,,
,,,4.487179487179487,700,0.5971916317939758,0.6787003610108303,324.0333,,,,
0.4684,12.519999504089355,0.0004297794117647059,4.647435897435898,725,,,,,,,
,,,4.647435897435898,725,0.6295505166053772,0.7003610108303249,335.3869,,,,
0.5342,3.3222784996032715,0.00041691176470588234,4.8076923076923075,750,,,,,,,
,,,4.8076923076923075,750,0.5952412486076355,0.6823104693140795,347.0219,,,,
0.5006,4.9579691886901855,0.00040404411764705876,4.967948717948718,775,,,,,,,
,,,4.967948717948718,775,0.6914986371994019,0.6714801444043321,358.3894,,,,
0.4332,3.9957783222198486,0.0003911764705882353,5.128205128205128,800,,,,,,,
,,,5.128205128205128,800,0.6981306076049805,0.7003610108303249,370.0802,,,,
0.3812,2.824225902557373,0.00037830882352941176,5.288461538461538,825,,,,,,,
,,,5.288461538461538,825,0.7679337859153748,0.6787003610108303,381.6771,,,,
0.4877,2.6291208267211914,0.00036544117647058824,5.448717948717949,850,,,,,,,
,,,5.448717948717949,850,0.5727138519287109,0.703971119133574,393.6933,,,,
0.4114,6.534752368927002,0.0003525735294117647,5.608974358974359,875,,,,,,,
,,,5.608974358974359,875,0.6388178467750549,0.7148014440433214,405.5087,,,,
0.3701,4.419424057006836,0.0003397058823529412,5.769230769230769,900,,,,,,,
,,,5.769230769230769,900,0.7145369052886963,0.6750902527075813,416.8003,,,,
0.4357,2.791924476623535,0.00032683823529411766,5.92948717948718,925,,,,,,,
,,,5.92948717948718,925,0.6338756680488586,0.7148014440433214,428.1976,,,,
0.4076,3.0257418155670166,0.00031397058823529414,6.089743589743589,950,,,,,,,
,,,6.089743589743589,950,0.6379095911979675,0.7003610108303249,439.672,,,,
0.3642,2.252790689468384,0.0003011029411764706,6.25,975,,,,,,,
,,,6.25,975,0.7234611511230469,0.703971119133574,451.4426,,,,
0.3386,12.260587692260742,0.00028823529411764703,6.410256410256411,1000,,,,,,,
,,,6.410256410256411,1000,0.8827414512634277,0.6859205776173285,462.7512,,,,
0.3604,5.825079441070557,0.0002753676470588235,6.57051282051282,1025,,,,,,,
,,,6.57051282051282,1025,0.7099544405937195,0.6895306859205776,474.7494,,,,
0.3098,2.5805959701538086,0.0002625,6.730769230769231,1050,,,,,,,
,,,6.730769230769231,1050,0.7672653794288635,0.7148014440433214,486.4203,,,,
0.3645,3.6152141094207764,0.00024963235294117646,6.891025641025641,1075,,,,,,,
,,,6.891025641025641,1075,0.711688756942749,0.7292418772563177,498.6936,,,,
0.2738,11.587699890136719,0.00023676470588235296,7.051282051282051,1100,,,,,,,
,,,7.051282051282051,1100,0.94318026304245,0.7148014440433214,510.0807,,,,
0.2267,7.911561965942383,0.00022389705882352938,7.211538461538462,1125,,,,,,,
,,,7.211538461538462,1125,0.9250950813293457,0.7075812274368231,521.3927,,,,
0.2478,6.0311598777771,0.00021102941176470586,7.371794871794872,1150,,,,,,,
,,,7.371794871794872,1150,0.9120858907699585,0.7292418772563177,533.8484,,,,
0.2596,1.9287747144699097,0.00019816176470588236,7.532051282051282,1175,,,,,,,
,,,7.532051282051282,1175,0.8203459978103638,0.7220216606498195,545.0962,,,,
0.2461,7.980307579040527,0.00018529411764705883,7.6923076923076925,1200,,,,,,,
,,,7.6923076923076925,1200,0.8046939969062805,0.7075812274368231,556.4708,,,,
0.2649,4.602357864379883,0.0001724264705882353,7.852564102564102,1225,,,,,,,
,,,7.852564102564102,1225,0.7491678595542908,0.740072202166065,568.2312,,,,
0.2583,2.256655216217041,0.00015955882352941176,8.012820512820513,1250,,,,,,,
,,,8.012820512820513,1250,0.7988553643226624,0.7292418772563177,579.7828,,,,
0.2136,5.722745895385742,0.00014669117647058823,8.173076923076923,1275,,,,,,,
,,,8.173076923076923,1275,0.7432984709739685,0.740072202166065,591.4985,,,,
0.1706,8.24012279510498,0.0001338235294117647,8.333333333333334,1300,,,,,,,
,,,8.333333333333334,1300,0.9085166454315186,0.7328519855595668,602.774,,,,
0.1917,14.623767852783203,0.00012095588235294117,8.493589743589745,1325,,,,,,,
,,,8.493589743589745,1325,1.0070463418960571,0.7075812274368231,614.729,,,,
0.1982,3.8257529735565186,0.00010808823529411764,8.653846153846153,1350,,,,,,,
,,,8.653846153846153,1350,1.0928921699523926,0.7111913357400722,625.7273,,,,
0.1439,5.240470886230469,9.52205882352941e-05,8.814102564102564,1375,,,,,,,
,,,8.814102564102564,1375,1.012290358543396,0.7184115523465704,637.1353,,,,
0.2068,3.8729910850524902,8.235294117647058e-05,8.974358974358974,1400,,,,,,,
,,,8.974358974358974,1400,0.9440295696258545,0.740072202166065,648.4145,,,,
0.1325,0.914483904838562,6.948529411764706e-05,9.134615384615385,1425,,,,,,,
,,,9.134615384615385,1425,1.1155023574829102,0.703971119133574,659.6827,,,,
0.1166,2.556462526321411,5.661764705882353e-05,9.294871794871796,1450,,,,,,,
,,,9.294871794871796,1450,1.0830886363983154,0.7184115523465704,671.2304,,,,
0.0847,0.08960902690887451,4.375e-05,9.455128205128204,1475,,,,,,,
,,,9.455128205128204,1475,1.190602421760559,0.703971119133574,682.4173,,,,
0.1507,0.2345794439315796,3.0882352941176475e-05,9.615384615384615,1500,,,,,,,
,,,9.615384615384615,1500,1.1358226537704468,0.7111913357400722,694.4525,,,,
0.154,3.0480782985687256,1.801470588235294e-05,9.775641025641026,1525,,,,,,,
,,,9.775641025641026,1525,1.143440842628479,0.7148014440433214,706.4629,,,,
0.2396,8.066521644592285,5.147058823529411e-06,9.935897435897436,1550,,,,,,,
,,,9.935897435897436,1550,1.1144416332244873,0.7220216606498195,717.9184,,,,
,,,10.0,1560,,,720.9738,34.537,2.164,2222153861192640.0,0.4543248380605991
