loss,grad_norm,learning_rate,epoch,step,eval_loss,eval_accuracy,eval_f1,train_runtime,train_samples_per_second,train_steps_per_second,total_flos,train_loss
1.7846,1.9738191366195679,1e-05,0.004347826086956522,1,,,,,,,,
1.6899,3.360205888748169,0.00025,0.10869565217391304,25,,,,,,,,
,,,0.10869565217391304,25,1.514575719833374,0.6838235294117647,0.8122270742358079,8.5844,,,,
1.4005,1.0403774976730347,0.0005,0.21739130434782608,50,,,,,,,,
,,,0.21739130434782608,50,1.0162605047225952,0.6838235294117647,0.8122270742358079,16.9028,,,,
0.777,0.5765198469161987,0.00075,0.32608695652173914,75,,,,,,,,
,,,0.32608695652173914,75,0.6842365860939026,0.6838235294117647,0.8122270742358079,25.272,,,,
0.6787,2.010545253753662,0.001,0.43478260869565216,100,,,,,,,,
,,,0.43478260869565216,100,0.6411913633346558,0.6838235294117647,0.8122270742358079,33.4518,,,,
0.6348,0.666364312171936,0.00125,0.5434782608695652,125,,,,,,,,
,,,0.5434782608695652,125,0.6338077783584595,0.6838235294117647,0.8122270742358079,42.1037,,,,
0.6261,1.5489245653152466,0.0015,0.6521739130434783,150,,,,,,,,
,,,0.6521739130434783,150,0.558040976524353,0.7181372549019608,0.7985989492119089,50.304,,,,
0.6823,0.5741534233093262,0.00175,0.7608695652173914,175,,,,,,,,
,,,0.7608695652173914,175,0.5836323499679565,0.6838235294117647,0.8122270742358079,58.7745,,,,
0.6035,1.4804471731185913,0.002,0.8695652173913043,200,,,,,,,,
,,,0.8695652173913043,200,0.6105608344078064,0.696078431372549,0.8160237388724035,67.3116,,,,
0.6123,2.773953914642334,0.0019761904761904764,0.9782608695652174,225,,,,,,,,
,,,0.9782608695652174,225,0.552553653717041,0.7671568627450981,0.8080808080808081,75.6272,,,,
0.5061,1.9530977010726929,0.0019523809523809524,1.0869565217391304,250,,,,,,,,
,,,1.0869565217391304,250,0.6153234243392944,0.7377450980392157,0.7708779443254817,83.6906,,,,
0.6432,0.43880289793014526,0.0019285714285714286,1.1956521739130435,275,,,,,,,,
,,,1.1956521739130435,275,0.4945378005504608,0.7843137254901961,0.8571428571428571,92.2052,,,,
0.5387,1.5600688457489014,0.0019047619047619048,1.3043478260869565,300,,,,,,,,
,,,1.3043478260869565,300,0.45560964941978455,0.821078431372549,0.8684684684684685,100.6045,,,,
0.5196,1.3434208631515503,0.001880952380952381,1.4130434782608696,325,,,,,,,,
,,,1.4130434782608696,325,0.5301581025123596,0.8382352941176471,0.8773234200743494,108.8622,,,,
0.5343,1.53386652469635,0.0018571428571428573,1.5217391304347827,350,,,,,,,,
,,,1.5217391304347827,350,0.40954962372779846,0.8431372549019608,0.8814814814814815,117.3166,,,,
0.5111,1.8811054229736328,0.0018333333333333333,1.6304347826086958,375,,,,,,,,
,,,1.6304347826086958,375,0.3939647674560547,0.8382352941176471,0.876865671641791,125.3856,,,,
0.4751,1.621975302696228,0.0018095238095238095,1.7391304347826086,400,,,,,,,,
,,,1.7391304347826086,400,0.42088979482650757,0.8455882352941176,0.891566265060241,133.7604,,,,
0.5048,1.649194359779358,0.0017857142857142859,1.8478260869565217,425,,,,,,,,
,,,1.8478260869565217,425,0.4357004463672638,0.8088235294117647,0.8745980707395498,142.246,,,,
0.5146,2.162177801132202,0.0017619047619047618,1.9565217391304348,450,,,,,,,,
,,,1.9565217391304348,450,0.5247705578804016,0.7965686274509803,0.851520572450805,150.6495,,,,
0.443,0.898311197757721,0.0017380952380952382,2.0652173913043477,475,,,,,,,,
,,,2.0652173913043477,475,0.46614325046539307,0.8186274509803921,0.8798701298701299,158.8078,,,,
0.4751,0.7469235062599182,0.0017142857142857142,2.1739130434782608,500,,,,,,,,
,,,2.1739130434782608,500,0.37778517603874207,0.8529411764705882,0.894736842105263,167.2551,,,,
0.4096,1.2369650602340698,0.0016904761904761906,2.282608695652174,525,,,,,,,,
,,,2.282608695652174,525,0.35876914858818054,0.8578431372549019,0.8941605839416058,175.7192,,,,
0.3911,1.1813193559646606,0.0016666666666666668,2.391304347826087,550,,,,,,,,
,,,2.391304347826087,550,0.3386249840259552,0.8799019607843137,0.9129662522202486,184.1011,,,,
0.4174,3.053895950317383,0.0016428571428571427,2.5,575,,,,,,,,
,,,2.5,575,0.5075408816337585,0.8284313725490197,0.8867313915857604,192.5595,,,,
0.4022,1.1978334188461304,0.0016190476190476191,2.608695652173913,600,,,,,,,,
,,,2.608695652173913,600,0.3379153907299042,0.8774509803921569,0.9128919860627178,200.7644,,,,
0.3845,3.3189659118652344,0.0015952380952380953,2.717391304347826,625,,,,,,,,
,,,2.717391304347826,625,0.369166761636734,0.875,0.9113043478260869,209.3459,,,,
0.4592,1.700505018234253,0.0015714285714285715,2.8260869565217392,650,,,,,,,,
,,,2.8260869565217392,650,0.33915793895721436,0.875,0.9060773480662982,217.8862,,,,
0.3995,4.16145133972168,0.0015476190476190477,2.9347826086956523,675,,,,,,,,
,,,2.9347826086956523,675,0.4685564339160919,0.8455882352941176,0.8926746166950595,226.3219,,,,
0.3994,0.851961612701416,0.0015238095238095239,3.0434782608695654,700,,,,,,,,
,,,3.0434782608695654,700,0.3500601053237915,0.8700980392156863,0.9061946902654867,234.4377,,,,
0.3659,1.1513019800186157,0.0015,3.1521739130434785,725,,,,,,,,
,,,3.1521739130434785,725,0.36363866925239563,0.8627450980392157,0.9003558718861211,242.8517,,,,
0.3857,0.9274132251739502,0.0014761904761904762,3.260869565217391,750,,,,,,,,
,,,3.260869565217391,750,0.3539269268512726,0.8651960784313726,0.905982905982906,251.1814,,,,
0.4041,3.4052672386169434,0.0014523809523809524,3.369565217391304,775,,,,,,,,
,,,3.369565217391304,775,0.33810243010520935,0.8578431372549019,0.8975265017667844,259.4397,,,,
0.3531,2.9046289920806885,0.0014285714285714286,3.4782608695652173,800,,,,,,,,
,,,3.4782608695652173,800,0.4007630944252014,0.8504901960784313,0.896434634974533,267.874,,,,
0.3932,3.46596360206604,0.0014047619047619047,3.5869565217391304,825,,,,,,,,
,,,3.5869565217391304,825,0.36768338084220886,0.8529411764705882,0.8880597014925373,276.2142,,,,
0.3743,1.4850273132324219,0.001380952380952381,3.6956521739130435,850,,,,,,,,
,,,3.6956521739130435,850,0.3477320075035095,0.8529411764705882,0.888888888888889,284.8915,,,,
0.3602,5.509693622589111,0.0013571428571428573,3.8043478260869565,875,,,,,,,,
,,,3.8043478260869565,875,0.47329363226890564,0.8308823529411765,0.8710280373831776,293.3482,,,,
0.3979,1.754170536994934,0.0013333333333333333,3.9130434782608696,900,,,,,,,,
,,,3.9130434782608696,900,0.39483433961868286,0.8504901960784313,0.896434634974533,301.6984,,,,
0.3846,0.8043211102485657,0.0013095238095238095,4.021739130434782,925,,,,,,,,
,,,4.021739130434782,925,0.3265734612941742,0.8602941176470589,0.8914285714285715,310.0165,,,,
0.3006,0.6991941928863525,0.0012857142857142859,4.130434782608695,950,,,,,,,,
,,,4.130434782608695,950,0.32857465744018555,0.8700980392156863,0.9048473967684021,318.6988,,,,
0.307,5.339080810546875,0.0012619047619047618,4.239130434782608,975,,,,,,,,
,,,4.239130434782608,975,0.5404921174049377,0.8553921568627451,0.9015025041736227,326.7536,,,,
0.3692,2.6192519664764404,0.0012380952380952382,4.3478260869565215,1000,,,,,,,,
,,,4.3478260869565215,1000,0.3557451367378235,0.8578431372549019,0.8925925925925926,335.1632,,,,
0.3787,1.810339331626892,0.0012142857142857142,4.456521739130435,1025,,,,,,,,
,,,4.456521739130435,1025,0.3317933976650238,0.8676470588235294,0.9014598540145985,344.0004,,,,
0.2808,2.1111960411071777,0.0011904761904761906,4.565217391304348,1050,,,,,,,,
,,,4.565217391304348,1050,0.342022180557251,0.8848039215686274,0.9182608695652175,352.2903,,,,
0.265,0.8156411051750183,0.0011666666666666668,4.673913043478261,1075,,,,,,,,
,,,4.673913043478261,1075,0.3360733389854431,0.8627450980392157,0.900709219858156,360.8626,,,,
0.3164,2.901822328567505,0.0011428571428571427,4.782608695652174,1100,,,,,,,,
,,,4.782608695652174,1100,0.32411545515060425,0.8848039215686274,0.9153153153153154,369.278,,,,
0.3428,1.6802994012832642,0.0011190476190476191,4.891304347826087,1125,,,,,,,,
,,,4.891304347826087,1125,0.3279814124107361,0.8700980392156863,0.9023941068139963,377.5058,,,,
0.329,0.3508892059326172,0.0010952380952380953,5.0,1150,,,,,,,,
,,,5.0,1150,0.3069852888584137,0.8921568627450981,0.9191176470588236,386.0799,,,,
0.2525,0.662808358669281,0.0010714285714285715,5.108695652173913,1175,,,,,,,,
,,,5.108695652173913,1175,0.36802658438682556,0.8823529411764706,0.9180887372013652,394.2638,,,,
0.289,2.5868122577667236,0.0010476190476190477,5.217391304347826,1200,,,,,,,,
,,,5.217391304347826,1200,0.3600500524044037,0.8774509803921569,0.9080882352941176,402.5511,,,,
0.2437,1.3652465343475342,0.0010238095238095238,5.326086956521739,1225,,,,,,,,
,,,5.326086956521739,1225,0.37593206763267517,0.8799019607843137,0.9100917431192661,411.0525,,,,
0.2983,1.1827679872512817,0.001,5.434782608695652,1250,,,,,,,,
,,,5.434782608695652,1250,0.3311617374420166,0.8700980392156863,0.9065255731922399,419.2638,,,,
0.2319,3.308549404144287,0.0009761904761904762,5.543478260869565,1275,,,,,,,,
,,,5.543478260869565,1275,0.35284602642059326,0.8872549019607843,0.9166666666666666,427.4238,,,,
0.2714,3.2946226596832275,0.0009523809523809524,5.6521739130434785,1300,,,,,,,,
,,,5.6521739130434785,1300,0.3367268741130829,0.8725490196078431,0.9033457249070632,435.9472,,,,
0.2311,0.7112236022949219,0.0009285714285714287,5.760869565217392,1325,,,,,,,,
,,,5.760869565217392,1325,0.32855120301246643,0.8946078431372549,0.9230769230769231,444.4487,,,,
0.2665,1.0377607345581055,0.0009047619047619047,5.869565217391305,1350,,,,,,,,
,,,5.869565217391305,1350,0.4015997648239136,0.875,0.9128205128205128,452.7684,,,,
0.3174,1.3961516618728638,0.0008809523809523809,5.978260869565218,1375,,,,,,,,
,,,5.978260869565218,1375,0.37702202796936035,0.8651960784313726,0.9072512647554806,461.3931,,,,
0.2106,7.153546333312988,0.0008571428571428571,6.086956521739131,1400,,,,,,,,
,,,6.086956521739131,1400,0.5269237160682678,0.8823529411764706,0.9189189189189189,469.6233,,,,
0.2553,3.8057973384857178,0.0008333333333333334,6.195652173913044,1425,,,,,,,,
,,,6.195652173913044,1425,0.518019437789917,0.8627450980392157,0.9072847682119206,478.136,,,,
0.2133,6.4437737464904785,0.0008095238095238096,6.304347826086957,1450,,,,,,,,
,,,6.304347826086957,1450,0.43496567010879517,0.8651960784313726,0.8998178506375228,486.4214,,,,
0.2393,0.8767511248588562,0.0007857142857142857,6.413043478260869,1475,,,,,,,,
,,,6.413043478260869,1475,0.3358387053012848,0.8970588235294118,0.9249999999999999,494.7634,,,,
0.237,1.165509581565857,0.0007619047619047619,6.521739130434782,1500,,,,,,,,
,,,6.521739130434782,1500,0.4266945421695709,0.8848039215686274,0.9137614678899082,503.0036,,,,
0.2321,1.712850570678711,0.0007380952380952381,6.630434782608695,1525,,,,,,,,
,,,6.630434782608695,1525,0.36312827467918396,0.8823529411764706,0.9117647058823529,511.9828,,,,
0.2401,0.7020770311355591,0.0007142857142857143,6.739130434782608,1550,,,,,,,,
,,,6.739130434782608,1550,0.3325202763080597,0.9019607843137255,0.9283154121863799,520.1771,,,,
0.1767,1.7476221323013306,0.0006904761904761905,6.8478260869565215,1575,,,,,,,,
,,,6.8478260869565215,1575,0.34323570132255554,0.8995098039215687,0.9274336283185841,528.4575,,,,
0.2331,2.8214876651763916,0.0006666666666666666,6.956521739130435,1600,,,,,,,,
,,,6.956521739130435,1600,0.37669214606285095,0.8921568627450981,0.9202898550724639,537.0338,,,,
0.1587,3.7403314113616943,0.0006428571428571429,7.065217391304348,1625,,,,,,,,
,,,7.065217391304348,1625,0.43746715784072876,0.8921568627450981,0.9197080291970803,545.1624,,,,
0.2065,4.071579456329346,0.0006190476190476191,7.173913043478261,1650,,,,,,,,
,,,7.173913043478261,1650,0.4496561288833618,0.8774509803921569,0.9067164179104479,553.4213,,,,
0.1701,1.6999222040176392,0.0005952380952380953,7.282608695652174,1675,,,,,,,,
,,,7.282608695652174,1675,0.34007149934768677,0.8970588235294118,0.9244604316546762,561.8941,,,,
0.197,4.755305290222168,0.0005714285714285714,7.391304347826087,1700,,,,,,,,
,,,7.391304347826087,1700,0.36041656136512756,0.9019607843137255,0.9295774647887324,570.2323,,,,
0.1767,0.4772590696811676,0.0005476190476190477,7.5,1725,,,,,,,,
,,,7.5,1725,0.3999811112880707,0.8872549019607843,0.9175627240143369,578.7134,,,,
0.1727,1.0498417615890503,0.0005238095238095238,7.608695652173913,1750,,,,,,,,
,,,7.608695652173913,1750,0.3677913546562195,0.8921568627450981,0.9222614840989399,587.2175,,,,
0.1672,1.116504430770874,0.0005,7.717391304347826,1775,,,,,,,,
,,,7.717391304347826,1775,0.3646063804626465,0.8946078431372549,0.9238938053097344,595.9113,,,,
0.149,1.1364108324050903,0.0004761904761904762,7.826086956521739,1800,,,,,,,,
,,,7.826086956521739,1800,0.36999213695526123,0.8848039215686274,0.9168141592920355,604.1457,,,,
0.1726,2.2619359493255615,0.00045238095238095237,7.934782608695652,1825,,,,,,,,
,,,7.934782608695652,1825,0.3879930078983307,0.8872549019607843,0.9144981412639405,612.9739,,,,
0.1351,1.8250917196273804,0.00042857142857142855,8.043478260869565,1850,,,,,,,,
,,,8.043478260869565,1850,0.43515777587890625,0.8921568627450981,0.9205776173285197,621.1702,,,,
0.0868,0.6085979342460632,0.0004047619047619048,8.152173913043478,1875,,,,,,,,
,,,8.152173913043478,1875,0.5074388384819031,0.8872549019607843,0.9192982456140351,629.5234,,,,
0.0839,1.045817494392395,0.00038095238095238096,8.26086956521739,1900,,,,,,,,
,,,8.26086956521739,1900,0.551964282989502,0.8897058823529411,0.9203539823008849,638.0156,,,,
0.1222,3.450770854949951,0.00035714285714285714,8.369565217391305,1925,,,,,,,,
,,,8.369565217391305,1925,0.5031698942184448,0.8921568627450981,0.9214285714285715,646.3954,,,,
0.1261,3.370161533355713,0.0003333333333333333,8.478260869565217,1950,,,,,,,,
,,,8.478260869565217,1950,0.5139424800872803,0.8897058823529411,0.9206349206349206,654.801,,,,
0.0767,0.25104790925979614,0.00030952380952380956,8.58695652173913,1975,,,,,,,,
,,,8.58695652173913,1975,0.5050113797187805,0.9019607843137255,0.9290780141843972,663.1822,,,,
0.1713,2.4022586345672607,0.0002857142857142857,8.695652173913043,2000,,,,,,,,
,,,8.695652173913043,2000,0.46885859966278076,0.8970588235294118,0.9257950530035336,671.5147,,,,
0.103,6.238555908203125,0.0002619047619047619,8.804347826086957,2025,,,,,,,,
,,,8.804347826086957,2025,0.496029794216156,0.8946078431372549,0.9230769230769231,680.0942,,,,
0.1355,1.0097105503082275,0.0002380952380952381,8.91304347826087,2050,,,,,,,,
,,,8.91304347826087,2050,0.514150083065033,0.8995098039215687,0.9281961471103327,688.6179,,,,
0.1408,3.2306525707244873,0.00021428571428571427,9.021739130434783,2075,,,,,,,,
,,,9.021739130434783,2075,0.4589475989341736,0.8872549019607843,0.916058394160584,696.7845,,,,
0.0459,1.6616727113723755,0.00019047619047619048,9.130434782608695,2100,,,,,,,,
,,,9.130434782608695,2100,0.4813207983970642,0.8848039215686274,0.9143897996357014,704.9528,,,,
0.0812,0.29374128580093384,0.00016666666666666666,9.23913043478261,2125,,,,,,,,
,,,9.23913043478261,2125,0.48548275232315063,0.8995098039215687,0.9274336283185841,713.4145,,,,
0.0726,0.7598169445991516,0.00014285714285714284,9.347826086956522,2150,,,,,,,,
,,,9.347826086956522,2150,0.525220513343811,0.9019607843137255,0.9298245614035087,721.6979,,,,
0.1216,0.4466065466403961,0.00011904761904761905,9.456521739130435,2175,,,,,,,,
,,,9.456521739130435,2175,0.4923790693283081,0.8995098039215687,0.927689594356261,730.0558,,,,
0.0826,0.19313785433769226,9.523809523809524e-05,9.565217391304348,2200,,,,,,,,
,,,9.565217391304348,2200,0.4991057515144348,0.8848039215686274,0.9156193895870736,738.4808,,,,
0.1304,0.5949186086654663,7.142857142857142e-05,9.673913043478262,2225,,,,,,,,
,,,9.673913043478262,2225,0.495073139667511,0.8946078431372549,0.9238938053097344,746.7281,,,,
0.0872,0.11129957437515259,4.761904761904762e-05,9.782608695652174,2250,,,,,,,,
,,,9.782608695652174,2250,0.4928832948207855,0.8921568627450981,0.9217081850533807,755.0447,,,,
0.0599,1.7064157724380493,2.380952380952381e-05,9.891304347826086,2275,,,,,,,,
,,,9.891304347826086,2275,0.49702131748199463,0.8872549019607843,0.9175627240143369,763.6905,,,,
0.0771,0.08383544534444809,0.0,10.0,2300,,,,,,,,
,,,10.0,2300,0.4979608654975891,0.8872549019607843,0.9175627240143369,772.0412,,,,
,,,10.0,2300,,,,771.6753,47.533,2.981,1484563025123808.0,0.33582462829092274
