loss,grad_norm,learning_rate,epoch,step,eval_loss,eval_accuracy,train_runtime,train_samples_per_second,train_steps_per_second,total_flos,train_loss
0.6755,1.0469697713851929,3.5e-06,0.00641025641025641,1,,,,,,,
0.701,1.3216735124588013,0.000175,0.32051282051282054,50,,,,,,,
,,,0.32051282051282054,50,0.6946521401405334,0.5270758122743683,20.1066,,,,
0.7022,0.7398380637168884,0.00035,0.6410256410256411,100,,,,,,,
,,,0.6410256410256411,100,0.6949465870857239,0.5270758122743683,41.5223,,,,
0.7011,2.256281614303589,0.000525,0.9615384615384616,150,,,,,,,
,,,0.9615384615384616,150,0.6975023746490479,0.5270758122743683,62.6111,,,,
0.6849,3.709196090698242,0.0007,1.282051282051282,200,,,,,,,
,,,1.282051282051282,200,0.6291744112968445,0.6714801444043321,83.7323,,,,
0.6971,1.3728331327438354,0.0006742647058823529,1.6025641025641026,250,,,,,,,
,,,1.6025641025641026,250,0.6186222434043884,0.6606498194945848,104.4427,,,,
0.639,2.748645544052124,0.0006485294117647059,1.9230769230769231,300,,,,,,,
,,,1.9230769230769231,300,0.6062743067741394,0.6787003610108303,125.0807,,,,
0.5826,2.262026071548462,0.0006227941176470587,2.2435897435897436,350,,,,,,,
,,,2.2435897435897436,350,0.5827848315238953,0.6967509025270758,145.4076,,,,
0.5287,5.557966709136963,0.0005970588235294117,2.564102564102564,400,,,,,,,
,,,2.564102564102564,400,0.594576895236969,0.7075812274368231,166.1949,,,,
0.5692,2.161442756652832,0.0005713235294117647,2.8846153846153846,450,,,,,,,
,,,2.8846153846153846,450,0.5671119093894958,0.7292418772563177,187.1551,,,,
0.4975,3.3240411281585693,0.0005455882352941177,3.2051282051282053,500,,,,,,,
,,,3.2051282051282053,500,0.553779661655426,0.7184115523465704,208.0296,,,,
0.4504,2.005007028579712,0.0005198529411764706,3.5256410256410255,550,,,,,,,
,,,3.5256410256410255,550,0.5091199278831482,0.7617328519855595,228.7139,,,,
0.4313,2.6240298748016357,0.0004941176470588236,3.8461538461538463,600,,,,,,,
,,,3.8461538461538463,600,0.6000326871871948,0.7292418772563177,249.3143,,,,
0.3804,2.2341408729553223,0.00046838235294117644,4.166666666666667,650,,,,,,,
,,,4.166666666666667,650,0.5188723206520081,0.779783393501805,270.512,,,,
0.3377,6.639671802520752,0.0004426470588235294,4.487179487179487,700,,,,,,,
,,,4.487179487179487,700,0.7095567584037781,0.7472924187725631,291.0841,,,,
0.3533,2.804021120071411,0.00041691176470588234,4.8076923076923075,750,,,,,,,
,,,4.8076923076923075,750,0.6304566860198975,0.7509025270758123,311.5556,,,,
0.2903,4.691283702850342,0.0003911764705882353,5.128205128205128,800,,,,,,,
,,,5.128205128205128,800,0.6340358257293701,0.7689530685920578,332.4765,,,,
0.2701,5.020421504974365,0.00036544117647058824,5.448717948717949,850,,,,,,,
,,,5.448717948717949,850,0.7388261556625366,0.7545126353790613,353.6994,,,,
0.2659,6.205546855926514,0.0003397058823529412,5.769230769230769,900,,,,,,,
,,,5.769230769230769,900,0.6691762804985046,0.776173285198556,374.5197,,,,
0.2258,1.9629321098327637,0.00031397058823529414,6.089743589743589,950,,,,,,,
,,,6.089743589743589,950,0.8794317841529846,0.7328519855595668,395.2232,,,,
0.1569,5.165640830993652,0.00028823529411764703,6.410256410256411,1000,,,,,,,
,,,6.410256410256411,1000,0.9553325176239014,0.7328519855595668,415.9283,,,,
0.1856,3.734858751296997,0.0002625,6.730769230769231,1050,,,,,,,
,,,6.730769230769231,1050,0.8742151856422424,0.7545126353790613,437.0912,,,,
0.1966,5.386372089385986,0.00023676470588235296,7.051282051282051,1100,,,,,,,
,,,7.051282051282051,1100,0.7936990261077881,0.7653429602888087,458.3738,,,,
0.1327,2.8265490531921387,0.00021102941176470586,7.371794871794872,1150,,,,,,,
,,,7.371794871794872,1150,1.1730198860168457,0.7581227436823105,479.63,,,,
0.1251,6.503246307373047,0.00018529411764705883,7.6923076923076925,1200,,,,,,,
,,,7.6923076923076925,1200,1.0872082710266113,0.7725631768953068,499.9187,,,,
0.1522,17.7659912109375,0.00015955882352941176,8.012820512820513,1250,,,,,,,
,,,8.012820512820513,1250,0.9446612596511841,0.779783393501805,520.8644,,,,
0.1219,4.7978105545043945,0.0001338235294117647,8.333333333333334,1300,,,,,,,
,,,8.333333333333334,1300,1.014432668685913,0.7581227436823105,541.3962,,,,
0.0651,4.850354194641113,0.00010808823529411764,8.653846153846153,1350,,,,,,,
,,,8.653846153846153,1350,1.4078280925750732,0.7581227436823105,561.9715,,,,
0.0816,0.02601516805589199,8.235294117647058e-05,8.974358974358974,1400,,,,,,,
,,,8.974358974358974,1400,1.524813175201416,0.740072202166065,582.4109,,,,
0.0956,0.18906766176223755,5.661764705882353e-05,9.294871794871796,1450,,,,,,,
,,,9.294871794871796,1450,1.2551031112670898,0.7653429602888087,602.9658,,,,
0.062,7.428643226623535,3.0882352941176475e-05,9.615384615384615,1500,,,,,,,
,,,9.615384615384615,1500,1.2758970260620117,0.7545126353790613,623.9508,,,,
0.0706,0.003642281051725149,5.147058823529411e-06,9.935897435897436,1550,,,,,,,
,,,9.935897435897436,1550,1.3545525074005127,0.7545126353790613,645.1333,,,,
,,,10.0,1560,,,648.2,38.414,2.407,2128491532278720.0,0.3455011426256253
