loss,grad_norm,learning_rate,epoch,step,eval_loss,eval_accuracy,train_runtime,train_samples_per_second,train_steps_per_second,total_flos,train_loss
1.9005,1.0110721588134766,1e-05,0.00641025641025641,1,,,,,,,
1.7193,0.8544589281082153,0.0005,0.32051282051282054,50,,,,,,,
,,,0.32051282051282054,50,1.2015889883041382,0.5270758122743683,20.5935,,,,
0.834,0.9124853610992432,0.001,0.6410256410256411,100,,,,,,,
,,,0.6410256410256411,100,0.7090429663658142,0.5270758122743683,42.3158,,,,
0.7264,3.173886299133301,0.0015,0.9615384615384616,150,,,,,,,
,,,0.9615384615384616,150,0.7156281471252441,0.5270758122743683,64.3322,,,,
0.7346,1.6196197271347046,0.002,1.282051282051282,200,,,,,,,
,,,1.282051282051282,200,0.7201547622680664,0.4729241877256318,87.2159,,,,
0.7496,1.6574183702468872,0.0019264705882352942,1.6025641025641026,250,,,,,,,
,,,1.6025641025641026,250,0.714076817035675,0.5270758122743683,111.1396,,,,
0.7168,1.2953217029571533,0.0018529411764705885,1.9230769230769231,300,,,,,,,
,,,1.9230769230769231,300,0.714440643787384,0.5054151624548736,133.943,,,,
0.698,1.5286641120910645,0.0017794117647058822,2.2435897435897436,350,,,,,,,
,,,2.2435897435897436,350,0.6675809025764465,0.6353790613718412,155.918,,,,
0.7581,0.7323973178863525,0.0017058823529411764,2.564102564102564,400,,,,,,,
,,,2.564102564102564,400,0.6790302395820618,0.5812274368231047,178.6551,,,,
0.6744,1.06515371799469,0.0016323529411764706,2.8846153846153846,450,,,,,,,
,,,2.8846153846153846,450,0.7369265556335449,0.6064981949458483,201.9527,,,,
0.7022,1.0944368839263916,0.0015588235294117648,3.2051282051282053,500,,,,,,,
,,,3.2051282051282053,500,0.6093555092811584,0.6859205776173285,224.7575,,,,
0.6591,3.578312397003174,0.0014852941176470588,3.5256410256410255,550,,,,,,,
,,,3.5256410256410255,550,0.6448215246200562,0.6787003610108303,247.6303,,,,
0.6208,1.92246675491333,0.001411764705882353,3.8461538461538463,600,,,,,,,
,,,3.8461538461538463,600,0.6326656937599182,0.7003610108303249,270.3955,,,,
0.5611,2.062589406967163,0.001338235294117647,4.166666666666667,650,,,,,,,
,,,4.166666666666667,650,0.5670503377914429,0.7472924187725631,293.8393,,,,
0.5487,1.6957403421401978,0.0012647058823529412,4.487179487179487,700,,,,,,,
,,,4.487179487179487,700,0.5358591079711914,0.740072202166065,316.5862,,,,
0.5419,3.607520818710327,0.0011911764705882352,4.8076923076923075,750,,,,,,,
,,,4.8076923076923075,750,0.6002652049064636,0.7328519855595668,339.1306,,,,
0.5317,2.7219631671905518,0.0011176470588235294,5.128205128205128,800,,,,,,,
,,,5.128205128205128,800,0.544188380241394,0.7328519855595668,361.8014,,,,
0.4989,1.9689871072769165,0.0010441176470588236,5.448717948717949,850,,,,,,,
,,,5.448717948717949,850,0.5130195617675781,0.779783393501805,385.1054,,,,
0.4588,2.9489121437072754,0.0009705882352941176,5.769230769230769,900,,,,,,,
,,,5.769230769230769,900,0.5749244093894958,0.740072202166065,407.9094,,,,
0.5209,1.226535677909851,0.0008970588235294118,6.089743589743589,950,,,,,,,
,,,6.089743589743589,950,0.6958572864532471,0.7328519855595668,430.5606,,,,
0.4404,1.5061427354812622,0.0008235294117647058,6.410256410256411,1000,,,,,,,
,,,6.410256410256411,1000,0.6407365202903748,0.703971119133574,453.2977,,,,
0.4222,1.5405794382095337,0.00075,6.730769230769231,1050,,,,,,,
,,,6.730769230769231,1050,0.6079599261283875,0.7436823104693141,476.7693,,,,
0.3973,1.0024737119674683,0.0006764705882352942,7.051282051282051,1100,,,,,,,
,,,7.051282051282051,1100,0.6502780318260193,0.7292418772563177,500.0388,,,,
0.3508,1.536310076713562,0.0006029411764705882,7.371794871794872,1150,,,,,,,
,,,7.371794871794872,1150,0.5604166388511658,0.776173285198556,523.4102,,,,
0.3382,2.0253469944000244,0.0005294117647058824,7.6923076923076925,1200,,,,,,,
,,,7.6923076923076925,1200,0.6282093524932861,0.7472924187725631,545.7314,,,,
0.4398,1.306705117225647,0.00045588235294117646,8.012820512820513,1250,,,,,,,
,,,8.012820512820513,1250,0.5331268906593323,0.7653429602888087,568.7643,,,,
0.3303,1.222638487815857,0.00038235294117647055,8.333333333333334,1300,,,,,,,
,,,8.333333333333334,1300,0.740585446357727,0.7364620938628159,591.356,,,,
0.2998,2.650308132171631,0.0003088235294117647,8.653846153846153,1350,,,,,,,
,,,8.653846153846153,1350,0.6472578048706055,0.7436823104693141,613.9746,,,,
0.2684,2.2963645458221436,0.00023529411764705883,8.974358974358974,1400,,,,,,,
,,,8.974358974358974,1400,0.6603622436523438,0.740072202166065,636.5686,,,,
0.2353,2.8984761238098145,0.00016176470588235295,9.294871794871796,1450,,,,,,,
,,,9.294871794871796,1450,0.7291827201843262,0.7509025270758123,659.1205,,,,
0.2395,4.49549674987793,8.823529411764706e-05,9.615384615384615,1500,,,,,,,
,,,9.615384615384615,1500,0.7922247648239136,0.7581227436823105,682.0756,,,,
0.269,3.650038242340088,1.4705882352941177e-05,9.935897435897436,1550,,,,,,,
,,,9.935897435897436,1550,0.7115567326545715,0.7545126353790613,705.5268,,,,
,,,10.0,1560,,,709.0019,35.12,2.2,2128506776798400.0,0.5566979831609971
