loss,grad_norm,learning_rate,epoch,step,eval_loss,eval_accuracy,eval_f1,train_runtime,train_samples_per_second,train_steps_per_second,total_flos,train_loss
0.6963,1.6680079698562622,5e-06,0.004347826086956522,1,,,,,,,,
0.6442,3.8689017295837402,0.000125,0.10869565217391304,25,,,,,,,,
,,,0.10869565217391304,25,0.623364269733429,0.6813725490196079,0.7943037974683544,8.267,,,,
0.6578,4.343390464782715,0.00025,0.21739130434782608,50,,,,,,,,
,,,0.21739130434782608,50,0.6492879986763,0.7279411764705882,0.8195121951219512,16.0964,,,,
0.7121,1.6893097162246704,0.000375,0.32608695652173914,75,,,,,,,,
,,,0.32608695652173914,75,0.6286630034446716,0.6838235294117647,0.8122270742358079,24.0974,,,,
0.6628,1.686375379562378,0.0005,0.43478260869565216,100,,,,,,,,
,,,0.43478260869565216,100,0.6478201150894165,0.6838235294117647,0.8122270742358079,31.884,,,,
0.6298,2.7691853046417236,0.000625,0.5434782608695652,125,,,,,,,,
,,,0.5434782608695652,125,0.7114695906639099,0.6838235294117647,0.8122270742358079,39.8101,,,,
0.6482,1.7385014295578003,0.00075,0.6521739130434783,150,,,,,,,,
,,,0.6521739130434783,150,0.6278073191642761,0.6838235294117647,0.8122270742358079,47.5793,,,,
0.6629,3.4894065856933594,0.000875,0.7608695652173914,175,,,,,,,,
,,,0.7608695652173914,175,0.653479278087616,0.6838235294117647,0.8122270742358079,55.6493,,,,
0.6624,1.5600435733795166,0.001,0.8695652173913043,200,,,,,,,,
,,,0.8695652173913043,200,0.6420539617538452,0.6838235294117647,0.8122270742358079,63.532,,,,
0.6498,4.867804527282715,0.0009880952380952382,0.9782608695652174,225,,,,,,,,
,,,0.9782608695652174,225,0.8311582803726196,0.3161764705882353,0.0,71.2976,,,,
0.6892,2.16213059425354,0.0009761904761904762,1.0869565217391304,250,,,,,,,,
,,,1.0869565217391304,250,0.6532647609710693,0.6838235294117647,0.8122270742358079,78.8049,,,,
0.6342,2.1977694034576416,0.0009642857142857143,1.1956521739130435,275,,,,,,,,
,,,1.1956521739130435,275,0.6266177296638489,0.6838235294117647,0.8122270742358079,86.5321,,,,
0.6375,2.444908618927002,0.0009523809523809524,1.3043478260869565,300,,,,,,,,
,,,1.3043478260869565,300,0.6628470420837402,0.6838235294117647,0.8122270742358079,94.3233,,,,
0.6562,2.0674619674682617,0.0009404761904761905,1.4130434782608696,325,,,,,,,,
,,,1.4130434782608696,325,0.6351891160011292,0.6838235294117647,0.8122270742358079,102.1138,,,,
0.6626,2.26608943939209,0.0009285714285714287,1.5217391304347827,350,,,,,,,,
,,,1.5217391304347827,350,0.6550836563110352,0.6838235294117647,0.8122270742358079,109.9891,,,,
0.6353,0.9083052277565002,0.0009166666666666666,1.6304347826086958,375,,,,,,,,
,,,1.6304347826086958,375,0.6445229649543762,0.6838235294117647,0.8122270742358079,117.7366,,,,
0.6419,0.9780067801475525,0.0009047619047619047,1.7391304347826086,400,,,,,,,,
,,,1.7391304347826086,400,0.6537017226219177,0.6838235294117647,0.8122270742358079,125.6163,,,,
0.6601,2.8461365699768066,0.0008928571428571429,1.8478260869565217,425,,,,,,,,
,,,1.8478260869565217,425,0.6239964365959167,0.6838235294117647,0.8122270742358079,133.5572,,,,
0.6559,0.9483140707015991,0.0008809523809523809,1.9565217391304348,450,,,,,,,,
,,,1.9565217391304348,450,0.62398761510849,0.6838235294117647,0.8122270742358079,141.5857,,,,
0.6443,0.5819249749183655,0.0008690476190476191,2.0652173913043477,475,,,,,,,,
,,,2.0652173913043477,475,0.6467298865318298,0.6838235294117647,0.8122270742358079,149.0839,,,,
0.6584,1.0628471374511719,0.0008571428571428571,2.1739130434782608,500,,,,,,,,
,,,2.1739130434782608,500,0.6763522624969482,0.6838235294117647,0.8122270742358079,156.9468,,,,
0.6401,1.1183091402053833,0.0008452380952380953,2.282608695652174,525,,,,,,,,
,,,2.282608695652174,525,0.6258494257926941,0.6838235294117647,0.8122270742358079,170.3527,,,,
0.6452,0.8971297144889832,0.0008333333333333334,2.391304347826087,550,,,,,,,,
,,,2.391304347826087,550,0.6333125829696655,0.6838235294117647,0.8122270742358079,178.0843,,,,
0.6326,0.8671380281448364,0.0008214285714285714,2.5,575,,,,,,,,
,,,2.5,575,0.6521316170692444,0.6838235294117647,0.8122270742358079,185.9428,,,,
0.633,0.47381022572517395,0.0008095238095238096,2.608695652173913,600,,,,,,,,
,,,2.608695652173913,600,0.7157704830169678,0.6838235294117647,0.8122270742358079,193.8342,,,,
0.6657,0.7257575392723083,0.0007976190476190477,2.717391304347826,625,,,,,,,,
,,,2.717391304347826,625,0.6246901154518127,0.6838235294117647,0.8122270742358079,201.8213,,,,
0.6609,1.7477595806121826,0.0007857142857142857,2.8260869565217392,650,,,,,,,,
,,,2.8260869565217392,650,0.6262576580047607,0.6838235294117647,0.8122270742358079,209.8151,,,,
0.6341,0.8091025352478027,0.0007738095238095238,2.9347826086956523,675,,,,,,,,
,,,2.9347826086956523,675,0.6288236975669861,0.6838235294117647,0.8122270742358079,217.8354,,,,
0.6402,0.5104981064796448,0.0007619047619047619,3.0434782608695654,700,,,,,,,,
,,,3.0434782608695654,700,0.6473149061203003,0.6838235294117647,0.8122270742358079,225.4046,,,,
0.6373,0.8762326836585999,0.00075,3.1521739130434785,725,,,,,,,,
,,,3.1521739130434785,725,0.637473464012146,0.6838235294117647,0.8122270742358079,233.2828,,,,
0.6414,1.2865668535232544,0.0007380952380952381,3.260869565217391,750,,,,,,,,
,,,3.260869565217391,750,0.645971417427063,0.6838235294117647,0.8122270742358079,241.116,,,,
0.6602,1.1614166498184204,0.0007261904761904762,3.369565217391304,775,,,,,,,,
,,,3.369565217391304,775,0.6252229809761047,0.6838235294117647,0.8122270742358079,248.7761,,,,
0.6484,1.670290470123291,0.0007142857142857143,3.4782608695652173,800,,,,,,,,
,,,3.4782608695652173,800,0.6254920363426208,0.6838235294117647,0.8122270742358079,256.5195,,,,
0.6374,0.5451421141624451,0.0007023809523809524,3.5869565217391304,825,,,,,,,,
,,,3.5869565217391304,825,0.6244457960128784,0.6838235294117647,0.8122270742358079,264.3513,,,,
0.6433,2.206029176712036,0.0006904761904761905,3.6956521739130435,850,,,,,,,,
,,,3.6956521739130435,850,0.6350851655006409,0.6838235294117647,0.8122270742358079,272.283,,,,
0.6359,0.9533589482307434,0.0006785714285714287,3.8043478260869565,875,,,,,,,,
,,,3.8043478260869565,875,0.6308701634407043,0.6838235294117647,0.8122270742358079,280.0738,,,,
0.6427,2.0897276401519775,0.0006666666666666666,3.9130434782608696,900,,,,,,,,
,,,3.9130434782608696,900,0.6597797274589539,0.6838235294117647,0.8122270742358079,287.9929,,,,
0.6993,1.946927785873413,0.0006547619047619047,4.021739130434782,925,,,,,,,,
,,,4.021739130434782,925,0.6242795586585999,0.6838235294117647,0.8122270742358079,295.5947,,,,
0.6173,0.5701159238815308,0.0006428571428571429,4.130434782608695,950,,,,,,,,
,,,4.130434782608695,950,0.6279910206794739,0.6838235294117647,0.8122270742358079,303.4544,,,,
0.6429,2.1185595989227295,0.0006309523809523809,4.239130434782608,975,,,,,,,,
,,,4.239130434782608,975,0.6270864009857178,0.6838235294117647,0.8122270742358079,311.1424,,,,
0.6467,1.2444143295288086,0.0006190476190476191,4.3478260869565215,1000,,,,,,,,
,,,4.3478260869565215,1000,0.6239553689956665,0.6838235294117647,0.8122270742358079,318.8626,,,,
0.6213,0.5316256284713745,0.0006071428571428571,4.456521739130435,1025,,,,,,,,
,,,4.456521739130435,1025,0.6263664960861206,0.6838235294117647,0.8122270742358079,332.5089,,,,
0.6364,0.6809781193733215,0.0005952380952380953,4.565217391304348,1050,,,,,,,,
,,,4.565217391304348,1050,0.6435699462890625,0.6838235294117647,0.8122270742358079,340.4142,,,,
0.6666,1.1308791637420654,0.0005833333333333334,4.673913043478261,1075,,,,,,,,
,,,4.673913043478261,1075,0.636803925037384,0.6838235294117647,0.8122270742358079,348.2802,,,,
0.6364,2.504800319671631,0.0005714285714285714,4.782608695652174,1100,,,,,,,,
,,,4.782608695652174,1100,0.6248788833618164,0.6838235294117647,0.8122270742358079,356.143,,,,
0.6585,3.8474509716033936,0.0005595238095238096,4.891304347826087,1125,,,,,,,,
,,,4.891304347826087,1125,0.6615433096885681,0.6838235294117647,0.8122270742358079,364.0741,,,,
0.6324,3.042691707611084,0.0005476190476190477,5.0,1150,,,,,,,,
,,,5.0,1150,0.6240949034690857,0.6838235294117647,0.8122270742358079,371.9403,,,,
0.6611,0.5382806062698364,0.0005357142857142857,5.108695652173913,1175,,,,,,,,
,,,5.108695652173913,1175,0.6252099275588989,0.6838235294117647,0.8122270742358079,379.7154,,,,
0.6343,3.332041025161743,0.0005238095238095238,5.217391304347826,1200,,,,,,,,
,,,5.217391304347826,1200,0.6315415501594543,0.6838235294117647,0.8122270742358079,387.631,,,,
0.6577,0.6528063416481018,0.0005119047619047619,5.326086956521739,1225,,,,,,,,
,,,5.326086956521739,1225,0.626869261264801,0.6838235294117647,0.8122270742358079,395.4301,,,,
0.6582,0.30888450145721436,0.0005,5.434782608695652,1250,,,,,,,,
,,,5.434782608695652,1250,0.6250565648078918,0.6838235294117647,0.8122270742358079,403.1595,,,,
0.6396,1.5418545007705688,0.0004880952380952381,5.543478260869565,1275,,,,,,,,
,,,5.543478260869565,1275,0.624083399772644,0.6838235294117647,0.8122270742358079,410.8819,,,,
0.6131,0.9816758632659912,0.0004761904761904762,5.6521739130434785,1300,,,,,,,,
,,,5.6521739130434785,1300,0.6240716576576233,0.6838235294117647,0.8122270742358079,418.6869,,,,
0.6291,2.545771598815918,0.00046428571428571433,5.760869565217392,1325,,,,,,,,
,,,5.760869565217392,1325,0.627758264541626,0.6838235294117647,0.8122270742358079,426.6616,,,,
0.6169,1.0172615051269531,0.00045238095238095237,5.869565217391305,1350,,,,,,,,
,,,5.869565217391305,1350,0.6274495720863342,0.6838235294117647,0.8122270742358079,434.5865,,,,
0.624,0.7146037220954895,0.00044047619047619046,5.978260869565218,1375,,,,,,,,
,,,5.978260869565218,1375,0.6245586276054382,0.6838235294117647,0.8122270742358079,442.6355,,,,
0.5931,2.42811918258667,0.00042857142857142855,6.086956521739131,1400,,,,,,,,
,,,6.086956521739131,1400,0.6442283391952515,0.6838235294117647,0.8122270742358079,450.317,,,,
0.6438,1.0682828426361084,0.0004166666666666667,6.195652173913044,1425,,,,,,,,
,,,6.195652173913044,1425,0.625193178653717,0.6838235294117647,0.8122270742358079,458.372,,,,
0.6509,0.804776132106781,0.0004047619047619048,6.304347826086957,1450,,,,,,,,
,,,6.304347826086957,1450,0.6419572830200195,0.6838235294117647,0.8122270742358079,466.0659,,,,
0.6375,1.214455246925354,0.0003928571428571429,6.413043478260869,1475,,,,,,,,
,,,6.413043478260869,1475,0.6261966824531555,0.6838235294117647,0.8122270742358079,473.8396,,,,
0.6632,1.6756454706192017,0.00038095238095238096,6.521739130434782,1500,,,,,,,,
,,,6.521739130434782,1500,0.6317294836044312,0.6838235294117647,0.8122270742358079,481.5934,,,,
0.6184,0.5540680289268494,0.00036904761904761905,6.630434782608695,1525,,,,,,,,
,,,6.630434782608695,1525,0.6246238350868225,0.6838235294117647,0.8122270742358079,499.7531,,,,
0.6282,0.3929480016231537,0.00035714285714285714,6.739130434782608,1550,,,,,,,,
,,,6.739130434782608,1550,0.6240049004554749,0.6838235294117647,0.8122270742358079,507.5041,,,,
0.644,0.7206750512123108,0.00034523809523809523,6.8478260869565215,1575,,,,,,,,
,,,6.8478260869565215,1575,0.6244338750839233,0.6838235294117647,0.8122270742358079,515.5355,,,,
0.6231,1.2172843217849731,0.0003333333333333333,6.956521739130435,1600,,,,,,,,
,,,6.956521739130435,1600,0.6246358752250671,0.6838235294117647,0.8122270742358079,523.6863,,,,
0.6573,1.3778725862503052,0.00032142857142857147,7.065217391304348,1625,,,,,,,,
,,,7.065217391304348,1625,0.6294748783111572,0.6838235294117647,0.8122270742358079,531.4955,,,,
0.6269,0.38983801007270813,0.00030952380952380956,7.173913043478261,1650,,,,,,,,
,,,7.173913043478261,1650,0.624678909778595,0.6838235294117647,0.8122270742358079,539.3293,,,,
0.6196,0.8434960842132568,0.00029761904761904765,7.282608695652174,1675,,,,,,,,
,,,7.282608695652174,1675,0.6240920424461365,0.6838235294117647,0.8122270742358079,547.0893,,,,
0.6255,0.8651955723762512,0.0002857142857142857,7.391304347826087,1700,,,,,,,,
,,,7.391304347826087,1700,0.6243858337402344,0.6838235294117647,0.8122270742358079,554.9967,,,,
0.6598,0.6356635689735413,0.0002738095238095238,7.5,1725,,,,,,,,
,,,7.5,1725,0.6293150782585144,0.6838235294117647,0.8122270742358079,562.8343,,,,
0.6438,0.41621389985084534,0.0002619047619047619,7.608695652173913,1750,,,,,,,,
,,,7.608695652173913,1750,0.625662088394165,0.6838235294117647,0.8122270742358079,570.6237,,,,
0.6378,0.6880888342857361,0.00025,7.717391304347826,1775,,,,,,,,
,,,7.717391304347826,1775,0.6265373826026917,0.6838235294117647,0.8122270742358079,578.4129,,,,
0.6433,0.970493495464325,0.0002380952380952381,7.826086956521739,1800,,,,,,,,
,,,7.826086956521739,1800,0.6252507567405701,0.6838235294117647,0.8122270742358079,586.1518,,,,
0.6285,1.2808129787445068,0.00022619047619047618,7.934782608695652,1825,,,,,,,,
,,,7.934782608695652,1825,0.6239882707595825,0.6838235294117647,0.8122270742358079,594.2562,,,,
0.6012,0.7717260122299194,0.00021428571428571427,8.043478260869565,1850,,,,,,,,
,,,8.043478260869565,1850,0.6273826956748962,0.6838235294117647,0.8122270742358079,601.9309,,,,
0.6605,0.5302479267120361,0.0002023809523809524,8.152173913043478,1875,,,,,,,,
,,,8.152173913043478,1875,0.6260800957679749,0.6838235294117647,0.8122270742358079,609.831,,,,
0.6038,0.7690343856811523,0.00019047619047619048,8.26086956521739,1900,,,,,,,,
,,,8.26086956521739,1900,0.6263921856880188,0.6838235294117647,0.8122270742358079,617.7393,,,,
0.6367,1.1738240718841553,0.00017857142857142857,8.369565217391305,1925,,,,,,,,
,,,8.369565217391305,1925,0.6246103644371033,0.6838235294117647,0.8122270742358079,625.7283,,,,
0.6511,1.082463026046753,0.00016666666666666666,8.478260869565217,1950,,,,,,,,
,,,8.478260869565217,1950,0.6254178285598755,0.6838235294117647,0.8122270742358079,633.7015,,,,
0.6198,0.6124036312103271,0.00015476190476190478,8.58695652173913,1975,,,,,,,,
,,,8.58695652173913,1975,0.6245017647743225,0.6838235294117647,0.8122270742358079,641.3711,,,,
0.6398,0.3100239038467407,0.00014285714285714284,8.695652173913043,2000,,,,,,,,
,,,8.695652173913043,2000,0.6240967512130737,0.6838235294117647,0.8122270742358079,649.1175,,,,
0.6435,0.33059272170066833,0.00013095238095238096,8.804347826086957,2025,,,,,,,,
,,,8.804347826086957,2025,0.6246999502182007,0.6838235294117647,0.8122270742358079,662.5055,,,,
0.6108,1.3749682903289795,0.00011904761904761905,8.91304347826087,2050,,,,,,,,
,,,8.91304347826087,2050,0.6239540576934814,0.6838235294117647,0.8122270742358079,670.3507,,,,
0.6236,0.5113467574119568,0.00010714285714285714,9.021739130434783,2075,,,,,,,,
,,,9.021739130434783,2075,0.6240442395210266,0.6838235294117647,0.8122270742358079,678.0531,,,,
0.6201,1.407179594039917,9.523809523809524e-05,9.130434782608695,2100,,,,,,,,
,,,9.130434782608695,2100,0.6240025162696838,0.6838235294117647,0.8122270742358079,686.0276,,,,
0.6352,0.9290744066238403,8.333333333333333e-05,9.23913043478261,2125,,,,,,,,
,,,9.23913043478261,2125,0.6244862079620361,0.6838235294117647,0.8122270742358079,693.9228,,,,
0.6109,1.0451902151107788,7.142857142857142e-05,9.347826086956522,2150,,,,,,,,
,,,9.347826086956522,2150,0.6239565014839172,0.6838235294117647,0.8122270742358079,701.828,,,,
0.6336,0.7160539031028748,5.9523809523809524e-05,9.456521739130435,2175,,,,,,,,
,,,9.456521739130435,2175,0.6242483258247375,0.6838235294117647,0.8122270742358079,709.7565,,,,
0.6315,0.8096601963043213,4.761904761904762e-05,9.565217391304348,2200,,,,,,,,
,,,9.565217391304348,2200,0.6239537000656128,0.6838235294117647,0.8122270742358079,717.5439,,,,
0.6326,0.44414520263671875,3.571428571428571e-05,9.673913043478262,2225,,,,,,,,
,,,9.673913043478262,2225,0.6240756511688232,0.6838235294117647,0.8122270742358079,725.3368,,,,
0.6316,1.0306775569915771,2.380952380952381e-05,9.782608695652174,2250,,,,,,,,
,,,9.782608695652174,2250,0.6240898370742798,0.6838235294117647,0.8122270742358079,733.0589,,,,
0.6412,0.4779486656188965,1.1904761904761905e-05,9.891304347826086,2275,,,,,,,,
,,,9.891304347826086,2275,0.6243255734443665,0.6838235294117647,0.8122270742358079,740.9376,,,,
0.6508,3.164119243621826,0.0,10.0,2300,,,,,,,,
,,,10.0,2300,0.6243577599525452,0.6838235294117647,0.8122270742358079,748.688,,,,
,,,10.0,2300,,,,748.3178,49.017,3.074,1441090083533520.0,0.6415282718513323
