loss,grad_norm,learning_rate,epoch,step,eval_loss,eval_accuracy,train_runtime,train_samples_per_second,train_steps_per_second,total_flos,train_loss
0.718,1.6974462270736694,3.5e-06,0.00641025641025641,1,,,,,,,
0.7145,0.9007452726364136,0.000175,0.32051282051282054,50,,,,,,,
,,,0.32051282051282054,50,0.6919274926185608,0.5270758122743683,20.6516,,,,
0.6991,2.2157773971557617,0.00035,0.6410256410256411,100,,,,,,,
,,,0.6410256410256411,100,0.6893169283866882,0.5776173285198556,39.0496,,,,
0.6893,2.405411720275879,0.000525,0.9615384615384616,150,,,,,,,
,,,0.9615384615384616,150,0.6774141192436218,0.5848375451263538,57.4677,,,,
0.6691,3.5410449504852295,0.0007,1.282051282051282,200,,,,,,,
,,,1.282051282051282,200,0.6550111770629883,0.6389891696750902,76.1287,,,,
0.6327,1.4050930738449097,0.0006742647058823529,1.6025641025641026,250,,,,,,,
,,,1.6025641025641026,250,0.6040194630622864,0.6678700361010831,94.8644,,,,
0.6547,3.2845101356506348,0.0006485294117647059,1.9230769230769231,300,,,,,,,
,,,1.9230769230769231,300,0.5814050436019897,0.6931407942238267,113.9038,,,,
0.5735,1.5017083883285522,0.0006227941176470587,2.2435897435897436,350,,,,,,,
,,,2.2435897435897436,350,0.5692510008811951,0.703971119133574,132.0537,,,,
0.5835,1.6857590675354004,0.0005970588235294117,2.564102564102564,400,,,,,,,
,,,2.564102564102564,400,0.5846279263496399,0.7003610108303249,150.5777,,,,
0.5519,1.8972673416137695,0.0005713235294117647,2.8846153846153846,450,,,,,,,
,,,2.8846153846153846,450,0.6033328771591187,0.7075812274368231,169.2878,,,,
0.5291,3.7958765029907227,0.0005455882352941177,3.2051282051282053,500,,,,,,,
,,,3.2051282051282053,500,0.5601035356521606,0.7364620938628159,187.8549,,,,
0.501,5.872928142547607,0.0005198529411764706,3.5256410256410255,550,,,,,,,
,,,3.5256410256410255,550,0.5541657209396362,0.7364620938628159,206.7976,,,,
0.4864,5.550222873687744,0.0004941176470588236,3.8461538461538463,600,,,,,,,
,,,3.8461538461538463,600,0.6172073483467102,0.7256317689530686,225.3325,,,,
0.4096,1.7824872732162476,0.00046838235294117644,4.166666666666667,650,,,,,,,
,,,4.166666666666667,650,0.560931921005249,0.7436823104693141,244.2403,,,,
0.4279,3.17036509513855,0.0004426470588235294,4.487179487179487,700,,,,,,,
,,,4.487179487179487,700,0.5838361978530884,0.7472924187725631,262.6525,,,,
0.3795,6.44197940826416,0.00041691176470588234,4.8076923076923075,750,,,,,,,
,,,4.8076923076923075,750,0.6075566411018372,0.7472924187725631,281.0054,,,,
0.358,3.226123809814453,0.0003911764705882353,5.128205128205128,800,,,,,,,
,,,5.128205128205128,800,0.5742116570472717,0.7653429602888087,299.5405,,,,
0.3216,5.534514427185059,0.00036544117647058824,5.448717948717949,850,,,,,,,
,,,5.448717948717949,850,0.5332164764404297,0.7545126353790613,318.6754,,,,
0.3306,2.079939365386963,0.0003397058823529412,5.769230769230769,900,,,,,,,
,,,5.769230769230769,900,0.696675181388855,0.7364620938628159,337.322,,,,
0.3485,1.1532924175262451,0.00031397058823529414,6.089743589743589,950,,,,,,,
,,,6.089743589743589,950,0.5863898396492004,0.7509025270758123,355.7976,,,,
0.2931,3.041685104370117,0.00028823529411764703,6.410256410256411,1000,,,,,,,
,,,6.410256410256411,1000,0.694772481918335,0.7581227436823105,374.4159,,,,
0.2713,3.223015308380127,0.0002625,6.730769230769231,1050,,,,,,,
,,,6.730769230769231,1050,0.7015573382377625,0.7581227436823105,394.2049,,,,
0.2531,2.50663685798645,0.00023676470588235296,7.051282051282051,1100,,,,,,,
,,,7.051282051282051,1100,0.752263069152832,0.7725631768953068,413.2643,,,,
0.23,11.752119064331055,0.00021102941176470586,7.371794871794872,1150,,,,,,,
,,,7.371794871794872,1150,0.7838460206985474,0.779783393501805,432.4664,,,,
0.1739,4.608077526092529,0.00018529411764705883,7.6923076923076925,1200,,,,,,,
,,,7.6923076923076925,1200,1.0915553569793701,0.740072202166065,450.5854,,,,
0.2736,1.8344248533248901,0.00015955882352941176,8.012820512820513,1250,,,,,,,
,,,8.012820512820513,1250,0.9914153218269348,0.7292418772563177,469.2068,,,,
0.2071,15.969202995300293,0.0001338235294117647,8.333333333333334,1300,,,,,,,
,,,8.333333333333334,1300,0.8911843299865723,0.7689530685920578,487.6151,,,,
0.1853,17.358861923217773,0.00010808823529411764,8.653846153846153,1350,,,,,,,
,,,8.653846153846153,1350,0.8340283632278442,0.7436823104693141,506.0434,,,,
0.1491,5.975407600402832,8.235294117647058e-05,8.974358974358974,1400,,,,,,,
,,,8.974358974358974,1400,0.9956160187721252,0.7509025270758123,524.4,,,,
0.1892,1.7114416360855103,5.661764705882353e-05,9.294871794871796,1450,,,,,,,
,,,9.294871794871796,1450,0.9577999114990234,0.7617328519855595,542.6544,,,,
0.1444,18.262903213500977,3.0882352941176475e-05,9.615384615384615,1500,,,,,,,
,,,9.615384615384615,1500,1.07315194606781,0.7689530685920578,561.3127,,,,
0.1591,13.040663719177246,5.147058823529411e-06,9.935897435897436,1550,,,,,,,
,,,9.935897435897436,1550,1.0444388389587402,0.7653429602888087,580.3876,,,,
,,,10.0,1560,,,583.0862,42.704,2.675,2121286737746880.0,0.3982610992132089
