loss,grad_norm,learning_rate,epoch,step,eval_loss,eval_accuracy,eval_f1,train_runtime,train_samples_per_second,train_steps_per_second,total_flos,train_loss
0.693,1.1362690925598145,2.5e-06,0.0,1,,,,,,,,
0.6669,0.7240275144577026,6.25e-05,0.11,25,,,,,,,,
,,,0.11,25,0.6392945051193237,0.6838235294117647,0.8122270742358079,6.0201,,,,
0.662,1.3024280071258545,0.000125,0.22,50,,,,,,,,
,,,0.22,50,0.623312771320343,0.6838235294117647,0.8122270742358079,11.6115,,,,
0.636,2.4694559574127197,0.0001875,0.33,75,,,,,,,,
,,,0.33,75,0.6167659759521484,0.6838235294117647,0.8122270742358079,17.3829,,,,
0.6333,0.5706203579902649,0.00025,0.43,100,,,,,,,,
,,,0.43,100,0.5901989340782166,0.6838235294117647,0.8122270742358079,23.1486,,,,
0.5403,1.9161098003387451,0.0003125,0.54,125,,,,,,,,
,,,0.54,125,0.6249090433120728,0.7254901960784313,0.8282208588957055,28.9636,,,,
0.5824,4.181266784667969,0.000375,0.65,150,,,,,,,,
,,,0.65,150,0.5009250044822693,0.7549019607843137,0.8417721518987341,34.8445,,,,
0.5873,2.918890953063965,0.0004375,0.76,175,,,,,,,,
,,,0.76,175,0.4585880637168884,0.803921568627451,0.8596491228070176,40.7417,,,,
0.4856,1.7376700639724731,0.0005,0.87,200,,,,,,,,
,,,0.87,200,0.49074995517730713,0.8014705882352942,0.8665568369028007,46.5288,,,,
0.4859,1.3687829971313477,0.0004940476190476191,0.98,225,,,,,,,,
,,,0.98,225,0.44831332564353943,0.7965686274509803,0.8394584139264991,52.1978,,,,
0.4789,1.7728209495544434,0.0004880952380952381,1.09,250,,,,,,,,
,,,1.09,250,0.474369078874588,0.7965686274509803,0.8659127625201937,57.6583,,,,
0.4867,1.1171845197677612,0.00048214285714285715,1.2,275,,,,,,,,
,,,1.2,275,0.42933937907218933,0.7867647058823529,0.861244019138756,63.2576,,,,
0.4364,4.473605632781982,0.0004761904761904762,1.3,300,,,,,,,,
,,,1.3,300,0.42852333188056946,0.8137254901960784,0.8689655172413793,68.929,,,,
0.4403,2.2946338653564453,0.00047023809523809523,1.41,325,,,,,,,,
,,,1.41,325,0.35141006112098694,0.8529411764705882,0.894736842105263,74.4788,,,,
0.4627,7.1248884201049805,0.00046428571428571433,1.52,350,,,,,,,,
,,,1.52,350,0.39822158217430115,0.8112745098039216,0.8718801996672212,80.113,,,,
0.3973,2.3596792221069336,0.0004583333333333333,1.63,375,,,,,,,,
,,,1.63,375,0.3512607514858246,0.8431372549019608,0.8836363636363636,85.6131,,,,
0.3572,7.83987283706665,0.00045238095238095237,1.74,400,,,,,,,,
,,,1.74,400,0.46095407009124756,0.8602941176470589,0.8965517241379312,91.22,,,,
0.4306,3.134549856185913,0.00044642857142857147,1.85,425,,,,,,,,
,,,1.85,425,0.3658353388309479,0.8112745098039216,0.8705882352941176,96.8779,,,,
0.3974,2.0820422172546387,0.00044047619047619046,1.96,450,,,,,,,,
,,,1.96,450,0.40314120054244995,0.8553921568627451,0.8955752212389381,102.6547,,,,
0.2964,5.534830570220947,0.00043452380952380956,2.07,475,,,,,,,,
,,,2.07,475,0.552895724773407,0.8553921568627451,0.8984509466437176,108.081,,,,
0.378,8.40108871459961,0.00042857142857142855,2.17,500,,,,,,,,
,,,2.17,500,0.3490062654018402,0.8578431372549019,0.8993055555555555,113.7846,,,,
0.3441,3.4472427368164062,0.00042261904761904765,2.28,525,,,,,,,,
,,,2.28,525,0.30890700221061707,0.8578431372549019,0.8933823529411764,120.0264,,,,
0.2789,1.4272276163101196,0.0004166666666666667,2.39,550,,,,,,,,
,,,2.39,550,0.34556737542152405,0.8627450980392157,0.8992805755395683,125.6785,,,,
0.3785,2.4400880336761475,0.0004107142857142857,2.5,575,,,,,,,,
,,,2.5,575,0.33828338980674744,0.8553921568627451,0.8984509466437176,131.3727,,,,
0.2994,4.523886680603027,0.0004047619047619048,2.61,600,,,,,,,,
,,,2.61,600,0.4054366946220398,0.8455882352941176,0.8904347826086957,137.007,,,,
0.3692,1.8092659711837769,0.00039880952380952383,2.72,625,,,,,,,,
,,,2.72,625,0.3138122260570526,0.8553921568627451,0.8966725043782837,142.7673,,,,
0.3741,4.548788070678711,0.0003928571428571429,2.83,650,,,,,,,,
,,,2.83,650,0.32823988795280457,0.8578431372549019,0.8975265017667844,148.4691,,,,
0.3051,3.4066948890686035,0.0003869047619047619,2.93,675,,,,,,,,
,,,2.93,675,0.3587145209312439,0.8627450980392157,0.8992805755395683,154.2032,,,,
0.281,2.577599048614502,0.00038095238095238096,3.04,700,,,,,,,,
,,,3.04,700,0.34093940258026123,0.8553921568627451,0.8944543828264758,159.6167,,,,
0.2865,1.6799348592758179,0.000375,3.15,725,,,,,,,,
,,,3.15,725,0.45434150099754333,0.8602941176470589,0.902229845626072,165.3123,,,,
0.297,1.7983449697494507,0.00036904761904761905,3.26,750,,,,,,,,
,,,3.26,750,0.3878384828567505,0.8480392156862745,0.8956228956228957,170.9887,,,,
0.2542,5.332321643829346,0.0003630952380952381,3.37,775,,,,,,,,
,,,3.37,775,0.37508416175842285,0.8529411764705882,0.894736842105263,176.5665,,,,
0.2568,5.874242782592773,0.00035714285714285714,3.48,800,,,,,,,,
,,,3.48,800,0.3758336901664734,0.8774509803921569,0.9125874125874125,182.2066,,,,
0.303,3.136476516723633,0.0003511904761904762,3.59,825,,,,,,,,
,,,3.59,825,0.31835851073265076,0.8725490196078431,0.907473309608541,187.9343,,,,
0.2984,3.23307466506958,0.00034523809523809523,3.7,850,,,,,,,,
,,,3.7,850,0.33962544798851013,0.8455882352941176,0.8884955752212389,193.6873,,,,
0.2548,8.688640594482422,0.00033928571428571433,3.8,875,,,,,,,,
,,,3.8,875,0.38220223784446716,0.8480392156862745,0.8916083916083916,199.3841,,,,
0.2952,5.778097629547119,0.0003333333333333333,3.91,900,,,,,,,,
,,,3.91,900,0.3901027739048004,0.8578431372549019,0.901360544217687,205.1,,,,
0.2871,12.32998275756836,0.00032738095238095237,4.02,925,,,,,,,,
,,,4.02,925,0.452227920293808,0.8308823529411765,0.8836424957841484,210.6795,,,,
0.1964,1.7000126838684082,0.00032142857142857147,4.13,950,,,,,,,,
,,,4.13,950,0.39542391896247864,0.8627450980392157,0.902439024390244,216.3549,,,,
0.2485,9.862918853759766,0.00031547619047619046,4.24,975,,,,,,,,
,,,4.24,975,0.3967081606388092,0.8504901960784313,0.897133220910624,221.9431,,,,
0.2721,2.870678424835205,0.00030952380952380956,4.35,1000,,,,,,,,
,,,4.35,1000,0.3884398639202118,0.8553921568627451,0.8981001727115717,227.5255,,,,
0.2654,3.129225730895996,0.00030357142857142855,4.46,1025,,,,,,,,
,,,4.46,1025,0.3172825872898102,0.8651960784313726,0.9026548672566371,233.9032,,,,
0.2152,3.336211919784546,0.00029761904761904765,4.57,1050,,,,,,,,
,,,4.57,1050,0.3900008797645569,0.8578431372549019,0.8982456140350877,239.6041,,,,
0.209,3.665938138961792,0.0002916666666666667,4.67,1075,,,,,,,,
,,,4.67,1075,0.4986347258090973,0.8651960784313726,0.9029982363315697,245.2712,,,,
0.226,5.355113983154297,0.0002857142857142857,4.78,1100,,,,,,,,
,,,4.78,1100,0.4157186448574066,0.8602941176470589,0.8969258589511754,250.9411,,,,
0.2249,4.085545539855957,0.0002797619047619048,4.89,1125,,,,,,,,
,,,4.89,1125,0.37555545568466187,0.8651960784313726,0.8994515539305302,256.6596,,,,
0.21,0.19163581728935242,0.0002738095238095238,5.0,1150,,,,,,,,
,,,5.0,1150,0.39507678151130676,0.8651960784313726,0.9005424954792043,262.3469,,,,
0.1529,0.7381194233894348,0.00026785714285714287,5.11,1175,,,,,,,,
,,,5.11,1175,0.4225887954235077,0.8725490196078431,0.9078014184397164,268.0247,,,,
0.2197,4.484984397888184,0.0002619047619047619,5.22,1200,,,,,,,,
,,,5.22,1200,0.4083839952945709,0.8774509803921569,0.9119718309859154,273.7542,,,,
0.1425,2.5510973930358887,0.00025595238095238096,5.33,1225,,,,,,,,
,,,5.33,1225,0.44705700874328613,0.875,0.9084380610412927,279.4531,,,,
0.2132,2.1999568939208984,0.00025,5.43,1250,,,,,,,,
,,,5.43,1250,0.458392858505249,0.8725490196078431,0.9084507042253521,285.0501,,,,
0.1826,8.744254112243652,0.00024404761904761905,5.54,1275,,,,,,,,
,,,5.54,1275,0.4470062255859375,0.8725490196078431,0.9061371841155236,290.692,,,,
0.199,3.0358169078826904,0.0002380952380952381,5.65,1300,,,,,,,,
,,,5.65,1300,0.4994242787361145,0.8676470588235294,0.9049295774647886,296.3615,,,,
0.1778,1.7355009317398071,0.00023214285714285717,5.76,1325,,,,,,,,
,,,5.76,1325,0.4434419572353363,0.8676470588235294,0.9039145907473309,302.0911,,,,
0.2028,4.582391738891602,0.00022619047619047618,5.87,1350,,,,,,,,
,,,5.87,1350,0.43930894136428833,0.8553921568627451,0.8921389396709324,307.8568,,,,
0.1841,2.001816749572754,0.00022023809523809523,5.98,1375,,,,,,,,
,,,5.98,1375,0.4107630252838135,0.8602941176470589,0.8994708994708994,313.6402,,,,
0.1077,7.985496520996094,0.00021428571428571427,6.09,1400,,,,,,,,
,,,6.09,1400,0.6413080096244812,0.8504901960784313,0.897133220910624,319.2352,,,,
0.1905,3.294647455215454,0.00020833333333333335,6.2,1425,,,,,,,,
,,,6.2,1425,0.46952030062675476,0.8578431372549019,0.8993055555555555,325.0674,,,,
0.1701,5.162198543548584,0.0002023809523809524,6.3,1450,,,,,,,,
,,,6.3,1450,0.44205641746520996,0.8651960784313726,0.8975791433891992,330.6589,,,,
0.1683,3.3601434230804443,0.00019642857142857144,6.41,1475,,,,,,,,
,,,6.41,1475,0.4593008756637573,0.8602941176470589,0.8998242530755711,336.3159,,,,
0.181,0.8609563112258911,0.00019047619047619048,6.52,1500,,,,,,,,
,,,6.52,1500,0.45656818151474,0.8651960784313726,0.9005424954792043,341.9916,,,,
0.1188,9.861035346984863,0.00018452380952380953,6.63,1525,,,,,,,,
,,,6.63,1525,0.5586099624633789,0.8578431372549019,0.8989547038327526,348.4846,,,,
0.1807,3.2511816024780273,0.00017857142857142857,6.74,1550,,,,,,,,
,,,6.74,1550,0.5609658360481262,0.8651960784313726,0.9005424954792043,354.1496,,,,
0.1162,4.053399085998535,0.00017261904761904762,6.85,1575,,,,,,,,
,,,6.85,1575,0.5714474320411682,0.8553921568627451,0.8970331588132635,359.7938,,,,
0.1729,4.182224750518799,0.00016666666666666666,6.96,1600,,,,,,,,
,,,6.96,1600,0.5894331336021423,0.8504901960784313,0.893169877408056,365.5851,,,,
0.1826,6.5981550216674805,0.00016071428571428573,7.07,1625,,,,,,,,
,,,7.07,1625,0.6114118099212646,0.8774509803921569,0.9107142857142857,371.1338,,,,
0.1751,3.022465467453003,0.00015476190476190478,7.17,1650,,,,,,,,
,,,7.17,1650,0.5631741285324097,0.8676470588235294,0.9018181818181817,376.8188,,,,
0.147,3.8001437187194824,0.00014880952380952382,7.28,1675,,,,,,,,
,,,7.28,1675,0.5766584277153015,0.8455882352941176,0.8941176470588236,382.4613,,,,
0.1713,7.201818466186523,0.00014285714285714284,7.39,1700,,,,,,,,
,,,7.39,1700,0.509620726108551,0.8578431372549019,0.8996539792387542,388.3039,,,,
0.1454,1.049067497253418,0.0001369047619047619,7.5,1725,,,,,,,,
,,,7.5,1725,0.5179290175437927,0.8725490196078431,0.9051094890510949,394.0822,,,,
0.1095,1.618178367614746,0.00013095238095238096,7.61,1750,,,,,,,,
,,,7.61,1750,0.5535899996757507,0.8700980392156863,0.9055258467023173,399.8562,,,,
0.162,3.037472724914551,0.000125,7.72,1775,,,,,,,,
,,,7.72,1775,0.5887739062309265,0.8651960784313726,0.9033391915641477,405.5876,,,,
0.1413,1.0967422723770142,0.00011904761904761905,7.83,1800,,,,,,,,
,,,7.83,1800,0.6108704209327698,0.875,0.9097345132743363,411.3395,,,,
0.1353,2.9824907779693604,0.00011309523809523809,7.93,1825,,,,,,,,
,,,7.93,1825,0.5544610023498535,0.8676470588235294,0.9018181818181817,417.2815,,,,
0.134,4.8164191246032715,0.00010714285714285714,8.04,1850,,,,,,,,
,,,8.04,1850,0.6102531552314758,0.8578431372549019,0.8996539792387542,422.959,,,,
0.0962,3.091630697250366,0.0001011904761904762,8.15,1875,,,,,,,,
,,,8.15,1875,0.584858775138855,0.8676470588235294,0.9039145907473309,428.7038,,,,
0.0675,0.010455058887600899,9.523809523809524e-05,8.26,1900,,,,,,,,
,,,8.26,1900,0.642866849899292,0.8700980392156863,0.9061946902654867,434.4282,,,,
0.1325,0.12368610501289368,8.928571428571429e-05,8.37,1925,,,,,,,,
,,,8.37,1925,0.6168479919433594,0.8627450980392157,0.899641577060932,440.1622,,,,
0.1204,12.570840835571289,8.333333333333333e-05,8.48,1950,,,,,,,,
,,,8.48,1950,0.6243022680282593,0.8676470588235294,0.9052631578947367,445.9522,,,,
0.0769,0.2357683628797531,7.738095238095239e-05,8.59,1975,,,,,,,,
,,,8.59,1975,0.6124002933502197,0.8676470588235294,0.9059233449477352,451.5626,,,,
0.1677,1.271735668182373,7.142857142857142e-05,8.7,2000,,,,,,,,
,,,8.7,2000,0.5758541822433472,0.8676470588235294,0.9055944055944055,457.2408,,,,
0.0831,8.99923324584961,6.547619047619048e-05,8.8,2025,,,,,,,,
,,,8.8,2025,0.5977256894111633,0.8651960784313726,0.9026548672566371,463.4802,,,,
0.1582,9.655210494995117,5.9523809523809524e-05,8.91,2050,,,,,,,,
,,,8.91,2050,0.6023694276809692,0.8725490196078431,0.9084507042253521,469.2147,,,,
0.1532,1.1313152313232422,5.357142857142857e-05,9.02,2075,,,,,,,,
,,,9.02,2075,0.5847350358963013,0.8627450980392157,0.9003558718861211,474.737,,,,
0.0818,4.671969890594482,4.761904761904762e-05,9.13,2100,,,,,,,,
,,,9.13,2100,0.6085631251335144,0.8627450980392157,0.9003558718861211,480.397,,,,
0.1,6.175957679748535,4.1666666666666665e-05,9.24,2125,,,,,,,,
,,,9.24,2125,0.6218612790107727,0.8676470588235294,0.9045936395759717,486.1156,,,,
0.1293,0.48158904910087585,3.571428571428571e-05,9.35,2150,,,,,,,,
,,,9.35,2150,0.6372431516647339,0.8725490196078431,0.9084507042253521,491.8306,,,,
0.095,2.1541953086853027,2.9761904761904762e-05,9.46,2175,,,,,,,,
,,,9.46,2175,0.6272783279418945,0.8700980392156863,0.9065255731922399,497.6331,,,,
0.0737,4.93630838394165,2.380952380952381e-05,9.57,2200,,,,,,,,
,,,9.57,2200,0.6402198076248169,0.8700980392156863,0.9065255731922399,503.4086,,,,
0.1166,4.175161838531494,1.7857142857142855e-05,9.67,2225,,,,,,,,
,,,9.67,2225,0.6395576596260071,0.8700980392156863,0.9065255731922399,509.1691,,,,
0.0857,1.2095927000045776,1.1904761904761905e-05,9.78,2250,,,,,,,,
,,,9.78,2250,0.6490768790245056,0.8700980392156863,0.9065255731922399,514.8733,,,,
0.1135,11.901924133300781,5.9523809523809525e-06,9.89,2275,,,,,,,,
,,,9.89,2275,0.6515206694602966,0.8700980392156863,0.9065255731922399,520.6901,,,,
0.0697,0.033406320959329605,0.0,10.0,2300,,,,,,,,
,,,10.0,2300,0.6515704989433289,0.8700980392156863,0.9065255731922399,526.323,,,,
,,,10.0,2300,,,,525.9461,69.741,4.373,1460977291679136.0,0.25629085310127425
