loss,grad_norm,learning_rate,epoch,step,eval_loss,eval_accuracy,train_runtime,train_samples_per_second,train_steps_per_second,total_flos,train_loss
0.697,0.8478704690933228,3.5e-06,0.00641025641025641,1,,,,,,,
0.7087,1.642993688583374,0.000175,0.32051282051282054,50,,,,,,,
,,,0.32051282051282054,50,0.6919634938240051,0.5270758122743683,17.9372,,,,
0.7046,1.5339773893356323,0.00035,0.6410256410256411,100,,,,,,,
,,,0.6410256410256411,100,0.6936003565788269,0.5018050541516246,36.9837,,,,
0.6943,2.296884298324585,0.000525,0.9615384615384616,150,,,,,,,
,,,0.9615384615384616,150,0.6922868490219116,0.5234657039711191,55.769,,,,
0.7025,2.7449400424957275,0.0007,1.282051282051282,200,,,,,,,
,,,1.282051282051282,200,0.6919602155685425,0.5270758122743683,74.5172,,,,
0.7005,0.973213255405426,0.0006742647058823529,1.6025641025641026,250,,,,,,,
,,,1.6025641025641026,250,0.7219458222389221,0.4729241877256318,92.9047,,,,
0.7067,0.729414165019989,0.0006485294117647059,1.9230769230769231,300,,,,,,,
,,,1.9230769230769231,300,0.706244707107544,0.4729241877256318,111.2773,,,,
0.7001,0.4557721018791199,0.0006227941176470587,2.2435897435897436,350,,,,,,,
,,,2.2435897435897436,350,0.7109098434448242,0.4729241877256318,129.2996,,,,
0.7078,0.7889528274536133,0.0005970588235294117,2.564102564102564,400,,,,,,,
,,,2.564102564102564,400,0.6969460248947144,0.4729241877256318,147.7166,,,,
0.6956,0.3529597520828247,0.0005713235294117647,2.8846153846153846,450,,,,,,,
,,,2.8846153846153846,450,0.7049152255058289,0.5270758122743683,166.4299,,,,
0.6968,0.4476774334907532,0.0005455882352941177,3.2051282051282053,500,,,,,,,
,,,3.2051282051282053,500,0.6924776434898376,0.5270758122743683,184.8693,,,,
0.6997,0.5050524473190308,0.0005198529411764706,3.5256410256410255,550,,,,,,,
,,,3.5256410256410255,550,0.6920811533927917,0.5270758122743683,203.1511,,,,
0.6982,0.6534557342529297,0.0004941176470588236,3.8461538461538463,600,,,,,,,
,,,3.8461538461538463,600,0.701468825340271,0.4729241877256318,221.534,,,,
0.696,1.072973370552063,0.00046838235294117644,4.166666666666667,650,,,,,,,
,,,4.166666666666667,650,0.691734790802002,0.5270758122743683,240.3022,,,,
0.6947,2.159587860107422,0.0004426470588235294,4.487179487179487,700,,,,,,,
,,,4.487179487179487,700,0.7003272771835327,0.4729241877256318,258.6496,,,,
0.6958,1.355415940284729,0.00041691176470588234,4.8076923076923075,750,,,,,,,
,,,4.8076923076923075,750,0.6974957585334778,0.4729241877256318,276.7791,,,,
0.7002,0.5844101905822754,0.0003911764705882353,5.128205128205128,800,,,,,,,
,,,5.128205128205128,800,0.6917102336883545,0.5270758122743683,295.1905,,,,
0.7021,1.1523178815841675,0.00036544117647058824,5.448717948717949,850,,,,,,,
,,,5.448717948717949,850,0.6928505897521973,0.5270758122743683,314.0751,,,,
0.696,1.2092490196228027,0.0003397058823529412,5.769230769230769,900,,,,,,,
,,,5.769230769230769,900,0.7008944153785706,0.4729241877256318,332.5427,,,,
0.6988,0.48986175656318665,0.00031397058823529414,6.089743589743589,950,,,,,,,
,,,6.089743589743589,950,0.6939351558685303,0.4729241877256318,350.8272,,,,
0.694,1.8662629127502441,0.00028823529411764703,6.410256410256411,1000,,,,,,,
,,,6.410256410256411,1000,0.7011369466781616,0.4729241877256318,369.2349,,,,
0.6938,1.0649393796920776,0.0002625,6.730769230769231,1050,,,,,,,
,,,6.730769230769231,1050,0.6973799467086792,0.4729241877256318,387.9797,,,,
0.6947,1.2227075099945068,0.00023676470588235296,7.051282051282051,1100,,,,,,,
,,,7.051282051282051,1100,0.6949158310890198,0.4729241877256318,406.8357,,,,
0.696,0.6917153596878052,0.00021102941176470586,7.371794871794872,1150,,,,,,,
,,,7.371794871794872,1150,0.6919136047363281,0.5270758122743683,425.7918,,,,
0.6948,1.0649579763412476,0.00018529411764705883,7.6923076923076925,1200,,,,,,,
,,,7.6923076923076925,1200,0.6930840015411377,0.5270758122743683,443.7537,,,,
0.6979,0.5186795592308044,0.00015955882352941176,8.012820512820513,1250,,,,,,,
,,,8.012820512820513,1250,0.6952036619186401,0.4729241877256318,462.2231,,,,
0.6943,0.6033778190612793,0.0001338235294117647,8.333333333333334,1300,,,,,,,
,,,8.333333333333334,1300,0.6929157376289368,0.5270758122743683,480.4765,,,,
0.6943,0.6834033727645874,0.00010808823529411764,8.653846153846153,1350,,,,,,,
,,,8.653846153846153,1350,0.6920856833457947,0.5270758122743683,498.7218,,,,
0.694,0.6170691251754761,8.235294117647058e-05,8.974358974358974,1400,,,,,,,
,,,8.974358974358974,1400,0.6957002878189087,0.4729241877256318,516.8861,,,,
0.6965,0.5138149857521057,5.661764705882353e-05,9.294871794871796,1450,,,,,,,
,,,9.294871794871796,1450,0.6933441758155823,0.4729241877256318,535.0539,,,,
0.6942,0.3499036431312561,3.0882352941176475e-05,9.615384615384615,1500,,,,,,,
,,,9.615384615384615,1500,0.6929128766059875,0.5270758122743683,553.6191,,,,
0.6946,0.3120565414428711,5.147058823529411e-06,9.935897435897436,1550,,,,,,,
,,,9.935897435897436,1550,0.6933407783508301,0.4729241877256318,572.3238,,,,
,,,10.0,1560,,,574.9727,43.306,2.713,2114081943215040.0,0.6979650343839939
