loss,grad_norm,learning_rate,epoch,step,eval_loss,eval_accuracy,eval_f1,train_runtime,train_samples_per_second,train_steps_per_second,total_flos,train_loss
0.6801,0.5724024176597595,2.5e-06,0.0,1,,,,,,,,
0.7124,0.8005713224411011,6.25e-05,0.11,25,,,,,,,,
,,,0.11,25,0.6568306088447571,0.6838235294117647,0.8122270742358079,6.4365,,,,
0.6627,1.499851107597351,0.000125,0.22,50,,,,,,,,
,,,0.22,50,0.6237538456916809,0.6838235294117647,0.8122270742358079,12.3563,,,,
0.6378,2.568363666534424,0.0001875,0.33,75,,,,,,,,
,,,0.33,75,0.6184722781181335,0.6838235294117647,0.8122270742358079,18.5548,,,,
0.6348,0.6193081140518188,0.00025,0.43,100,,,,,,,,
,,,0.43,100,0.6028434634208679,0.6838235294117647,0.8122270742358079,24.5932,,,,
0.604,1.384843349456787,0.0003125,0.54,125,,,,,,,,
,,,0.54,125,0.5848811268806458,0.7083333333333334,0.8205128205128206,30.6416,,,,
0.5567,6.530514240264893,0.000375,0.65,150,,,,,,,,
,,,0.65,150,0.6472549438476562,0.6985294117647058,0.8172362555720655,36.4723,,,,
0.6569,0.8583083152770996,0.0004375,0.76,175,,,,,,,,
,,,0.76,175,0.6365811228752136,0.6838235294117647,0.8122270742358079,42.4755,,,,
0.6724,1.2714262008666992,0.0005,0.87,200,,,,,,,,
,,,0.87,200,0.5924882888793945,0.6985294117647058,0.8193832599118943,48.2659,,,,
0.5918,1.1640733480453491,0.0004940476190476191,0.98,225,,,,,,,,
,,,0.98,225,0.5537994503974915,0.7328431372549019,0.8325652841781873,54.016,,,,
0.5193,1.618524432182312,0.0004880952380952381,1.09,250,,,,,,,,
,,,1.09,250,0.4291877746582031,0.7916666666666666,0.8506151142355007,59.4794,,,,
0.5137,2.1874635219573975,0.00048214285714285715,1.2,275,,,,,,,,
,,,1.2,275,0.44522538781166077,0.7647058823529411,0.8485804416403785,65.247,,,,
0.4916,2.3126795291900635,0.0004761904761904762,1.3,300,,,,,,,,
,,,1.3,300,0.4327715337276459,0.8137254901960784,0.8737541528239203,70.9502,,,,
0.5107,3.940626621246338,0.00047023809523809523,1.41,325,,,,,,,,
,,,1.41,325,0.6042410731315613,0.6446078431372549,0.655581947743468,76.6939,,,,
0.4783,4.265563011169434,0.00046428571428571433,1.52,350,,,,,,,,
,,,1.52,350,0.42191460728645325,0.8284313725490197,0.8727272727272727,82.4436,,,,
0.4612,1.274064540863037,0.0004583333333333333,1.63,375,,,,,,,,
,,,1.63,375,0.3765367269515991,0.8161764705882353,0.8638838475499093,88.19,,,,
0.4229,1.7374638319015503,0.00045238095238095237,1.74,400,,,,,,,,
,,,1.74,400,0.5879743099212646,0.7965686274509803,0.8663446054750403,93.9625,,,,
0.4531,2.496086835861206,0.00044642857142857147,1.85,425,,,,,,,,
,,,1.85,425,0.3658812940120697,0.8333333333333334,0.8802816901408451,99.8708,,,,
0.4632,1.5340189933776855,0.00044047619047619046,1.96,450,,,,,,,,
,,,1.96,450,0.3577743172645569,0.8382352941176471,0.876865671641791,105.8113,,,,
0.3742,0.8631837964057922,0.00043452380952380956,2.07,475,,,,,,,,
,,,2.07,475,0.4467546045780182,0.8406862745098039,0.8892674616695059,111.4434,,,,
0.4104,1.234898328781128,0.00042857142857142855,2.17,500,,,,,,,,
,,,2.17,500,0.3333855867385864,0.8553921568627451,0.8905380333951763,117.3064,,,,
0.3637,1.3293088674545288,0.00042261904761904765,2.28,525,,,,,,,,
,,,2.28,525,0.33738014101982117,0.8578431372549019,0.894927536231884,123.3668,,,,
0.3356,3.797938346862793,0.0004166666666666667,2.39,550,,,,,,,,
,,,2.39,550,0.3583924472332001,0.8480392156862745,0.8892857142857142,129.1102,,,,
0.4027,0.8721775412559509,0.0004107142857142857,2.5,575,,,,,,,,
,,,2.5,575,0.31789910793304443,0.8627450980392157,0.8989169675090252,134.893,,,,
0.362,2.1808903217315674,0.0004047619047619048,2.61,600,,,,,,,,
,,,2.61,600,0.36799007654190063,0.8529411764705882,0.8951048951048952,140.6442,,,,
0.3738,1.0804316997528076,0.00039880952380952383,2.72,625,,,,,,,,
,,,2.72,625,0.3288576602935791,0.8553921568627451,0.8977469670710572,146.5054,,,,
0.3816,4.26202392578125,0.0003928571428571429,2.83,650,,,,,,,,
,,,2.83,650,0.32299384474754333,0.8627450980392157,0.8989169675090252,152.3489,,,,
0.3283,2.9370129108428955,0.0003869047619047619,2.93,675,,,,,,,,
,,,2.93,675,0.35769855976104736,0.8504901960784313,0.8953687821612349,158.1765,,,,
0.3196,2.0340933799743652,0.00038095238095238096,3.04,700,,,,,,,,
,,,3.04,700,0.4175814688205719,0.8504901960784313,0.896434634974533,163.7713,,,,
0.3633,2.235424518585205,0.000375,3.15,725,,,,,,,,
,,,3.15,725,0.3805467188358307,0.8504901960784313,0.897133220910624,169.5497,,,,
0.286,1.9682189226150513,0.00036904761904761905,3.26,750,,,,,,,,
,,,3.26,750,0.3726072907447815,0.8627450980392157,0.903448275862069,175.4247,,,,
0.2638,2.7302730083465576,0.0003630952380952381,3.37,775,,,,,,,,
,,,3.37,775,0.3362441062927246,0.8627450980392157,0.9003558718861211,181.0778,,,,
0.2812,4.745539665222168,0.00035714285714285714,3.48,800,,,,,,,,
,,,3.48,800,0.35341599583625793,0.8578431372549019,0.8996539792387542,186.9017,,,,
0.369,2.4172558784484863,0.0003511904761904762,3.59,825,,,,,,,,
,,,3.59,825,0.31107446551322937,0.875,0.911917098445596,192.7079,,,,
0.3175,2.300243616104126,0.00034523809523809523,3.7,850,,,,,,,,
,,,3.7,850,0.33860504627227783,0.8602941176470589,0.9001751313485115,198.6699,,,,
0.2758,5.5717291831970215,0.00033928571428571433,3.8,875,,,,,,,,
,,,3.8,875,0.3531685173511505,0.8602941176470589,0.9008695652173914,204.4636,,,,
0.318,3.6542835235595703,0.0003333333333333333,3.91,900,,,,,,,,
,,,3.91,900,0.3131871819496155,0.8676470588235294,0.9065743944636677,210.3815,,,,
0.339,1.8414238691329956,0.00032738095238095237,4.02,925,,,,,,,,
,,,4.02,925,0.280314564704895,0.8872549019607843,0.9190140845070423,216.0032,,,,
0.2387,1.4163331985473633,0.00032142857142857147,4.13,950,,,,,,,,
,,,4.13,950,0.31097719073295593,0.8774509803921569,0.9134948096885814,221.8732,,,,
0.2671,7.324726581573486,0.00031547619047619046,4.24,975,,,,,,,,
,,,4.24,975,0.3709937036037445,0.8480392156862745,0.8938356164383561,227.5531,,,,
0.2924,1.4779164791107178,0.00030952380952380956,4.35,1000,,,,,,,,
,,,4.35,1000,0.3167351484298706,0.8651960784313726,0.9029982363315697,233.3279,,,,
0.2881,1.900017261505127,0.00030357142857142855,4.46,1025,,,,,,,,
,,,4.46,1025,0.3100843131542206,0.8774509803921569,0.9090909090909091,239.5023,,,,
0.2683,2.0857152938842773,0.00029761904761904765,4.57,1050,,,,,,,,
,,,4.57,1050,0.32521218061447144,0.8823529411764706,0.9136690647482014,245.3624,,,,
0.2114,0.4069315195083618,0.0002916666666666667,4.67,1075,,,,,,,,
,,,4.67,1075,0.3330875337123871,0.8725490196078431,0.9078014184397164,251.124,,,,
0.2378,3.08866548538208,0.0002857142857142857,4.78,1100,,,,,,,,
,,,4.78,1100,0.33962482213974,0.8774509803921569,0.9119718309859154,256.9463,,,,
0.2586,2.7548446655273438,0.0002797619047619048,4.89,1125,,,,,,,,
,,,4.89,1125,0.30525392293930054,0.8823529411764706,0.9139784946236559,262.7664,,,,
0.2481,1.1240195035934448,0.0002738095238095238,5.0,1150,,,,,,,,
,,,5.0,1150,0.3056320548057556,0.8676470588235294,0.9045936395759717,268.6153,,,,
0.2023,1.8927621841430664,0.00026785714285714287,5.11,1175,,,,,,,,
,,,5.11,1175,0.3550393581390381,0.8725490196078431,0.9103448275862069,274.3885,,,,
0.2268,2.254185438156128,0.0002619047619047619,5.22,1200,,,,,,,,
,,,5.22,1200,0.316584050655365,0.8725490196078431,0.9090909090909091,280.2649,,,,
0.1521,0.8322929739952087,0.00025595238095238096,5.33,1225,,,,,,,,
,,,5.33,1225,0.4371579587459564,0.8946078431372549,0.9222423146473779,286.154,,,,
0.2904,2.045947790145874,0.00025,5.43,1250,,,,,,,,
,,,5.43,1250,0.3578924238681793,0.8774509803921569,0.910394265232975,291.897,,,,
0.2231,2.4596071243286133,0.00024404761904761905,5.54,1275,,,,,,,,
,,,5.54,1275,0.33538317680358887,0.8970588235294118,0.924187725631769,297.7589,,,,
0.1943,1.4916208982467651,0.0002380952380952381,5.65,1300,,,,,,,,
,,,5.65,1300,0.3201375901699066,0.8799019607843137,0.9132743362831858,303.5521,,,,
0.1885,0.5632064342498779,0.00023214285714285717,5.76,1325,,,,,,,,
,,,5.76,1325,0.33890867233276367,0.8725490196078431,0.9084507042253521,309.5171,,,,
0.2472,2.442086935043335,0.00022619047619047618,5.87,1350,,,,,,,,
,,,5.87,1350,0.33573561906814575,0.8848039215686274,0.91651865008881,315.3863,,,,
0.2093,0.8370983004570007,0.00022023809523809523,5.98,1375,,,,,,,,
,,,5.98,1375,0.33791786432266235,0.8676470588235294,0.9059233449477352,321.3712,,,,
0.1821,6.188413143157959,0.00021428571428571427,6.09,1400,,,,,,,,
,,,6.09,1400,0.5523297190666199,0.8529411764705882,0.9013157894736842,327.0712,,,,
0.2046,2.979111433029175,0.00020833333333333335,6.2,1425,,,,,,,,
,,,6.2,1425,0.3701241910457611,0.8848039215686274,0.9153153153153154,333.1255,,,,
0.1993,0.7592940926551819,0.0002023809523809524,6.3,1450,,,,,,,,
,,,6.3,1450,0.3775235116481781,0.8799019607843137,0.9110707803992741,338.789,,,,
0.2091,0.6613433957099915,0.00019642857142857144,6.41,1475,,,,,,,,
,,,6.41,1475,0.4267314374446869,0.8725490196078431,0.9100346020761245,344.6925,,,,
0.2073,2.926269769668579,0.00019047619047619048,6.52,1500,,,,,,,,
,,,6.52,1500,0.3662225604057312,0.8946078431372549,0.9228007181328547,350.4533,,,,
0.1519,2.8215065002441406,0.00018452380952380953,6.63,1525,,,,,,,,
,,,6.63,1525,0.39210304617881775,0.8725490196078431,0.9081272084805654,356.7115,,,,
0.2388,4.011763095855713,0.00017857142857142857,6.74,1550,,,,,,,,
,,,6.74,1550,0.35306766629219055,0.8823529411764706,0.9130434782608696,362.4523,,,,
0.1991,1.9094512462615967,0.00017261904761904762,6.85,1575,,,,,,,,
,,,6.85,1575,0.3614640235900879,0.8799019607843137,0.913884007029877,368.3062,,,,
0.1767,2.7823963165283203,0.00016666666666666666,6.96,1600,,,,,,,,
,,,6.96,1600,0.3774324357509613,0.8872549019607843,0.9172661870503597,374.1557,,,,
0.1506,4.4074201583862305,0.00016071428571428573,7.07,1625,,,,,,,,
,,,7.07,1625,0.3927486538887024,0.8872549019607843,0.9172661870503597,379.8539,,,,
0.1954,4.015815258026123,0.00015476190476190478,7.17,1650,,,,,,,,
,,,7.17,1650,0.38882574439048767,0.8774509803921569,0.9119718309859154,385.5968,,,,
0.165,2.124166250228882,0.00014880952380952382,7.28,1675,,,,,,,,
,,,7.28,1675,0.4144042432308197,0.8823529411764706,0.915492957746479,391.3636,,,,
0.1462,5.954196453094482,0.00014285714285714284,7.39,1700,,,,,,,,
,,,7.39,1700,0.4572935700416565,0.8700980392156863,0.9071803852889667,397.2401,,,,
0.1974,1.8108482360839844,0.0001369047619047619,7.5,1725,,,,,,,,
,,,7.5,1725,0.41877281665802,0.8774509803921569,0.9094202898550725,403.1129,,,,
0.1496,4.634199142456055,0.00013095238095238096,7.61,1750,,,,,,,,
,,,7.61,1750,0.42189109325408936,0.8799019607843137,0.9123434704830053,408.9484,,,,
0.1662,5.6358513832092285,0.000125,7.72,1775,,,,,,,,
,,,7.72,1775,0.46498405933380127,0.8848039215686274,0.9182608695652175,414.7854,,,,
0.1691,2.402418375015259,0.00011904761904761905,7.83,1800,,,,,,,,
,,,7.83,1800,0.42690587043762207,0.8553921568627451,0.8987993138936535,420.59,,,,
0.1437,4.320691108703613,0.00011309523809523809,7.93,1825,,,,,,,,
,,,7.93,1825,0.39585229754447937,0.8774509803921569,0.9100719424460433,426.5986,,,,
0.1872,1.6394068002700806,0.00010714285714285714,8.04,1850,,,,,,,,
,,,8.04,1850,0.37824833393096924,0.8799019607843137,0.9135802469135803,432.3624,,,,
0.1443,0.5439388751983643,0.0001011904761904762,8.15,1875,,,,,,,,
,,,8.15,1875,0.38776546716690063,0.8725490196078431,0.907473309608541,438.1724,,,,
0.1017,0.035433486104011536,9.523809523809524e-05,8.26,1900,,,,,,,,
,,,8.26,1900,0.4364223778247833,0.8725490196078431,0.9084507042253521,444.0883,,,,
0.0759,0.2858497202396393,8.928571428571429e-05,8.37,1925,,,,,,,,
,,,8.37,1925,0.45648708939552307,0.8774509803921569,0.9107142857142857,449.9741,,,,
0.1011,1.4315136671066284,8.333333333333333e-05,8.48,1950,,,,,,,,
,,,8.48,1950,0.4939146637916565,0.8799019607843137,0.9126559714795008,455.9568,,,,
0.1312,1.1494100093841553,7.738095238095239e-05,8.59,1975,,,,,,,,
,,,8.59,1975,0.5069048404693604,0.8774509803921569,0.9128919860627178,461.7023,,,,
0.1526,0.20907367765903473,7.142857142857142e-05,8.7,2000,,,,,,,,
,,,8.7,2000,0.4510491192340851,0.8799019607843137,0.9135802469135803,467.5941,,,,
0.1187,4.823279857635498,6.547619047619048e-05,8.8,2025,,,,,,,,
,,,8.8,2025,0.4610273241996765,0.875,0.9087656529516995,473.7428,,,,
0.1526,0.2300303876399994,5.9523809523809524e-05,8.91,2050,,,,,,,,
,,,8.91,2050,0.47803795337677,0.8725490196078431,0.9084507042253521,479.7246,,,,
0.1637,1.072636604309082,5.357142857142857e-05,9.02,2075,,,,,,,,
,,,9.02,2075,0.4590435326099396,0.8700980392156863,0.9068541300527241,485.4036,,,,
0.0825,2.660221815109253,4.761904761904762e-05,9.13,2100,,,,,,,,
,,,9.13,2100,0.48222172260284424,0.8676470588235294,0.9042553191489361,491.291,,,,
0.1567,3.755991220474243,4.1666666666666665e-05,9.24,2125,,,,,,,,
,,,9.24,2125,0.48384758830070496,0.875,0.9087656529516995,497.0666,,,,
0.1626,0.30332523584365845,3.571428571428571e-05,9.35,2150,,,,,,,,
,,,9.35,2150,0.4704190492630005,0.8774509803921569,0.9116607773851589,502.9356,,,,
0.1597,0.19981838762760162,2.9761904761904762e-05,9.46,2175,,,,,,,,
,,,9.46,2175,0.46625766158103943,0.875,0.9100529100529101,508.7884,,,,
0.1368,1.6663837432861328,2.380952380952381e-05,9.57,2200,,,,,,,,
,,,9.57,2200,0.4853765368461609,0.8725490196078431,0.9097222222222222,514.6646,,,,
0.1532,2.444786787033081,1.7857142857142855e-05,9.67,2225,,,,,,,,
,,,9.67,2225,0.47240716218948364,0.8725490196078431,0.9090909090909091,520.4569,,,,
0.1225,2.133683681488037,1.1904761904761905e-05,9.78,2250,,,,,,,,
,,,9.78,2250,0.47048112750053406,0.8700980392156863,0.9075043630017452,526.3311,,,,
0.1523,3.8121752738952637,5.9523809523809525e-06,9.89,2275,,,,,,,,
,,,9.89,2275,0.4627107083797455,0.8700980392156863,0.9071803852889667,532.1984,,,,
0.116,0.1196136400103569,0.0,10.0,2300,,,,,,,,
,,,10.0,2300,0.4577252268791199,0.8725490196078431,0.9084507042253521,538.0273,,,,
,,,10.0,2300,,,,537.5432,68.236,4.279,1470901495715232.0,0.2888663956134216
