loss,grad_norm,learning_rate,epoch,step,eval_loss,eval_accuracy,eval_f1,train_runtime,train_samples_per_second,train_steps_per_second,total_flos,train_loss
1.9154,1.5282689332962036,1e-05,0.004347826086956522,1,,,,,,,,
1.8512,1.8275130987167358,0.00025,0.10869565217391304,25,,,,,,,,
,,,0.10869565217391304,25,1.686849594116211,0.6838235294117647,0.8122270742358079,6.4296,,,,
1.4918,0.8504751920700073,0.0005,0.21739130434782608,50,,,,,,,,
,,,0.21739130434782608,50,1.0442407131195068,0.6838235294117647,0.8122270742358079,12.2963,,,,
0.806,2.8852813243865967,0.00075,0.32608695652173914,75,,,,,,,,
,,,0.32608695652173914,75,0.6914842128753662,0.6838235294117647,0.8122270742358079,18.3724,,,,
0.6711,1.7934730052947998,0.001,0.43478260869565216,100,,,,,,,,
,,,0.43478260869565216,100,0.6255228519439697,0.6838235294117647,0.8122270742358079,24.2679,,,,
0.6266,1.5285130739212036,0.00125,0.5434782608695652,125,,,,,,,,
,,,0.5434782608695652,125,0.6274920701980591,0.6838235294117647,0.8122270742358079,30.3352,,,,
0.6428,1.2085713148117065,0.0015,0.6521739130434783,150,,,,,,,,
,,,0.6521739130434783,150,0.6128962635993958,0.6838235294117647,0.8122270742358079,36.1996,,,,
0.6617,2.1421754360198975,0.00175,0.7608695652173914,175,,,,,,,,
,,,0.7608695652173914,175,0.6205160021781921,0.6838235294117647,0.8122270742358079,42.4033,,,,
0.6627,4.770476341247559,0.002,0.8695652173913043,200,,,,,,,,
,,,0.8695652173913043,200,0.6862223148345947,0.6053921568627451,0.6507592190889371,48.395,,,,
0.6897,1.3932498693466187,0.0019761904761904764,0.9782608695652174,225,,,,,,,,
,,,0.9782608695652174,225,0.6714261174201965,0.678921568627451,0.7578558225508318,54.4648,,,,
0.6497,1.183812141418457,0.0019523809523809524,1.0869565217391304,250,,,,,,,,
,,,1.0869565217391304,250,0.5983978509902954,0.6911764705882353,0.8147058823529413,60.2291,,,,
0.6422,0.9374496936798096,0.0019285714285714286,1.1956521739130435,275,,,,,,,,
,,,1.1956521739130435,275,0.5908433794975281,0.7083333333333334,0.8226527570789866,66.2468,,,,
0.6218,1.6101881265640259,0.0019047619047619048,1.3043478260869565,300,,,,,,,,
,,,1.3043478260869565,300,0.5730717182159424,0.7034313725490197,0.8158295281582952,72.2376,,,,
0.6406,1.44053316116333,0.001880952380952381,1.4130434782608696,325,,,,,,,,
,,,1.4130434782608696,325,0.5687513947486877,0.7083333333333334,0.819423368740516,78.2261,,,,
0.6161,1.0777616500854492,0.0018571428571428573,1.5217391304347827,350,,,,,,,,
,,,1.5217391304347827,350,0.5738781690597534,0.7475490196078431,0.8208695652173912,84.2197,,,,
0.6701,0.7717891931533813,0.0018333333333333333,1.6304347826086958,375,,,,,,,,
,,,1.6304347826086958,375,0.5414273142814636,0.7230392156862745,0.8242612752721618,90.105,,,,
0.5973,0.6202480792999268,0.0018095238095238095,1.7391304347826086,400,,,,,,,,
,,,1.7391304347826086,400,0.596130907535553,0.6985294117647058,0.8177777777777778,96.1361,,,,
0.6242,3.866366386413574,0.0017857142857142859,1.8478260869565217,425,,,,,,,,
,,,1.8478260869565217,425,0.5286063551902771,0.75,0.8401253918495298,102.1618,,,,
0.6096,2.4226927757263184,0.0017619047619047618,1.9565217391304348,450,,,,,,,,
,,,1.9565217391304348,450,0.5254210233688354,0.7328431372549019,0.8330781010719754,108.317,,,,
0.5934,0.7806907296180725,0.0017380952380952382,2.0652173913043477,475,,,,,,,,
,,,2.0652173913043477,475,0.5207639336585999,0.7279411764705882,0.8294930875576038,114.0873,,,,
0.5948,3.202209234237671,0.0017142857142857142,2.1739130434782608,500,,,,,,,,
,,,2.1739130434782608,500,0.4858938753604889,0.7965686274509803,0.8595600676818951,120.1608,,,,
0.5507,1.160312294960022,0.0016904761904761906,2.282608695652174,525,,,,,,,,
,,,2.282608695652174,525,0.5249311923980713,0.7303921568627451,0.8312883435582822,126.2844,,,,
0.642,2.0426952838897705,0.0016666666666666668,2.391304347826087,550,,,,,,,,
,,,2.391304347826087,550,0.4761252999305725,0.7916666666666666,0.8566610455311974,132.2831,,,,
0.5682,1.3501126766204834,0.0016428571428571427,2.5,575,,,,,,,,
,,,2.5,575,0.6534238457679749,0.7230392156862745,0.8310911808669657,138.2263,,,,
0.5058,1.0634621381759644,0.0016190476190476191,2.608695652173913,600,,,,,,,,
,,,2.608695652173913,600,0.5165649056434631,0.7916666666666666,0.8648648648648649,144.2036,,,,
0.5411,2.103961706161499,0.0015952380952380953,2.717391304347826,625,,,,,,,,
,,,2.717391304347826,625,0.575201690196991,0.7549019607843137,0.8456790123456792,150.238,,,,
0.5567,2.10021710395813,0.0015714285714285715,2.8260869565217392,650,,,,,,,,
,,,2.8260869565217392,650,0.4271734952926636,0.8112745098039216,0.8656195462478186,156.2768,,,,
0.5082,1.0495268106460571,0.0015476190476190477,2.9347826086956523,675,,,,,,,,
,,,2.9347826086956523,675,0.43930357694625854,0.803921568627451,0.868421052631579,162.3276,,,,
0.454,1.5850759744644165,0.0015238095238095239,3.0434782608695654,700,,,,,,,,
,,,3.0434782608695654,700,0.42124560475349426,0.8063725490196079,0.8621291448516578,168.0376,,,,
0.4483,0.9135833382606506,0.0015,3.1521739130434785,725,,,,,,,,
,,,3.1521739130434785,725,0.42196768522262573,0.803921568627451,0.8657718120805369,174.0412,,,,
0.4377,2.7720820903778076,0.0014761904761904762,3.260869565217391,750,,,,,,,,
,,,3.260869565217391,750,0.4121112525463104,0.821078431372549,0.8712522045855379,180.0441,,,,
0.4046,1.8332487344741821,0.0014523809523809524,3.369565217391304,775,,,,,,,,
,,,3.369565217391304,775,0.5173576474189758,0.7990196078431373,0.8664495114006515,185.9675,,,,
0.483,2.084146738052368,0.0014285714285714286,3.4782608695652173,800,,,,,,,,
,,,3.4782608695652173,800,0.4130357801914215,0.8112745098039216,0.8718801996672212,191.9203,,,,
0.5157,3.0955469608306885,0.0014047619047619047,3.5869565217391304,825,,,,,,,,
,,,3.5869565217391304,825,0.408029168844223,0.8088235294117647,0.8581818181818182,198.0603,,,,
0.4553,1.7592294216156006,0.001380952380952381,3.6956521739130435,850,,,,,,,,
,,,3.6956521739130435,850,0.3955240547657013,0.8112745098039216,0.8641975308641975,204.1288,,,,
0.4331,1.9983713626861572,0.0013571428571428573,3.8043478260869565,875,,,,,,,,
,,,3.8043478260869565,875,0.41805559396743774,0.8186274509803921,0.872852233676976,210.2036,,,,
0.4311,2.1435606479644775,0.0013333333333333333,3.9130434782608696,900,,,,,,,,
,,,3.9130434782608696,900,0.4080183506011963,0.8308823529411765,0.8836424957841484,216.2343,,,,
0.4612,2.0638628005981445,0.0013095238095238095,4.021739130434782,925,,,,,,,,
,,,4.021739130434782,925,0.40852051973342896,0.8235294117647058,0.881578947368421,222.1685,,,,
0.4138,1.2763655185699463,0.0012857142857142859,4.130434782608695,950,,,,,,,,
,,,4.130434782608695,950,0.46188706159591675,0.8284313725490197,0.8859934853420196,228.2007,,,,
0.438,2.7251365184783936,0.0012619047619047618,4.239130434782608,975,,,,,,,,
,,,4.239130434782608,975,0.5241566896438599,0.8161764705882353,0.8792270531400967,234.112,,,,
0.4737,2.0402960777282715,0.0012380952380952382,4.3478260869565215,1000,,,,,,,,
,,,4.3478260869565215,1000,0.4158836007118225,0.8259803921568627,0.8826446280991737,240.0501,,,,
0.4471,2.6882164478302,0.0012142857142857142,4.456521739130435,1025,,,,,,,,
,,,4.456521739130435,1025,0.39120134711265564,0.821078431372549,0.8665447897623401,246.3068,,,,
0.3915,1.8653353452682495,0.0011904761904761906,4.565217391304348,1050,,,,,,,,
,,,4.565217391304348,1050,0.45399969816207886,0.8186274509803921,0.8794788273615635,252.3724,,,,
0.3767,1.1374043226242065,0.0011666666666666668,4.673913043478261,1075,,,,,,,,
,,,4.673913043478261,1075,0.43256595730781555,0.8382352941176471,0.8903654485049834,258.338,,,,
0.4245,1.906625747680664,0.0011428571428571427,4.782608695652174,1100,,,,,,,,
,,,4.782608695652174,1100,0.3594614267349243,0.8504901960784313,0.896434634974533,264.3741,,,,
0.441,3.9880051612854004,0.0011190476190476191,4.891304347826087,1125,,,,,,,,
,,,4.891304347826087,1125,0.35756200551986694,0.8333333333333334,0.8759124087591241,270.3392,,,,
0.3937,0.5808252692222595,0.0010952380952380953,5.0,1150,,,,,,,,
,,,5.0,1150,0.3644241392612457,0.8308823529411765,0.8752260397830017,276.4155,,,,
0.347,0.996917724609375,0.0010714285714285715,5.108695652173913,1175,,,,,,,,
,,,5.108695652173913,1175,0.35368797183036804,0.8529411764705882,0.8951048951048952,282.3008,,,,
0.4027,2.6876492500305176,0.0010476190476190477,5.217391304347826,1200,,,,,,,,
,,,5.217391304347826,1200,0.3560238182544708,0.8529411764705882,0.8951048951048952,288.3714,,,,
0.4049,1.9912223815917969,0.0010238095238095238,5.326086956521739,1225,,,,,,,,
,,,5.326086956521739,1225,0.3486010730266571,0.8308823529411765,0.8795811518324608,294.3254,,,,
0.3868,1.705580472946167,0.001,5.434782608695652,1250,,,,,,,,
,,,5.434782608695652,1250,0.41597142815589905,0.8455882352941176,0.8934010152284263,300.2875,,,,
0.3286,2.8708384037017822,0.0009761904761904762,5.543478260869565,1275,,,,,,,,
,,,5.543478260869565,1275,0.35485008358955383,0.8504901960784313,0.893169877408056,306.1866,,,,
0.3381,2.410034418106079,0.0009523809523809524,5.6521739130434785,1300,,,,,,,,
,,,5.6521739130434785,1300,0.37396037578582764,0.8431372549019608,0.8900343642611684,312.1907,,,,
0.3699,1.4268862009048462,0.0009285714285714287,5.760869565217392,1325,,,,,,,,
,,,5.760869565217392,1325,0.3541449010372162,0.8480392156862745,0.89198606271777,318.2441,,,,
0.3951,3.5808868408203125,0.0009047619047619047,5.869565217391305,1350,,,,,,,,
,,,5.869565217391305,1350,0.3776658773422241,0.8455882352941176,0.8923076923076922,324.2802,,,,
0.3881,2.064143180847168,0.0008809523809523809,5.978260869565218,1375,,,,,,,,
,,,5.978260869565218,1375,0.3758471608161926,0.8382352941176471,0.8877551020408163,330.3955,,,,
0.2668,5.3165788650512695,0.0008571428571428571,6.086956521739131,1400,,,,,,,,
,,,6.086956521739131,1400,0.560699999332428,0.8137254901960784,0.8774193548387096,336.287,,,,
0.3554,1.8925219774246216,0.0008333333333333334,6.195652173913044,1425,,,,,,,,
,,,6.195652173913044,1425,0.48584017157554626,0.8357843137254902,0.8903436988543372,342.5287,,,,
0.3909,4.348328113555908,0.0008095238095238096,6.304347826086957,1450,,,,,,,,
,,,6.304347826086957,1450,0.3352382183074951,0.8504901960784313,0.8851224105461393,348.3577,,,,
0.3716,2.4058589935302734,0.0007857142857142857,6.413043478260869,1475,,,,,,,,
,,,6.413043478260869,1475,0.332597553730011,0.8602941176470589,0.9018932874354562,354.4523,,,,
0.3806,1.2665889263153076,0.0007619047619047619,6.521739130434782,1500,,,,,,,,
,,,6.521739130434782,1500,0.32697901129722595,0.8627450980392157,0.899641577060932,360.3565,,,,
0.3667,2.641256093978882,0.0007380952380952381,6.630434782608695,1525,,,,,,,,
,,,6.630434782608695,1525,0.46341320872306824,0.8259803921568627,0.8849270664505673,366.78,,,,
0.3751,1.054983377456665,0.0007142857142857143,6.739130434782608,1550,,,,,,,,
,,,6.739130434782608,1550,0.3542875349521637,0.8553921568627451,0.8981001727115717,372.7016,,,,
0.3239,1.302696943283081,0.0006904761904761905,6.8478260869565215,1575,,,,,,,,
,,,6.8478260869565215,1575,0.36059802770614624,0.8333333333333334,0.8831615120274915,378.7973,,,,
0.3486,1.7922319173812866,0.0006666666666666666,6.956521739130435,1600,,,,,,,,
,,,6.956521739130435,1600,0.36695683002471924,0.8455882352941176,0.8941176470588236,384.8454,,,,
0.2626,1.3419407606124878,0.0006428571428571429,7.065217391304348,1625,,,,,,,,
,,,7.065217391304348,1625,0.3498380184173584,0.8578431372549019,0.8975265017667844,390.7884,,,,
0.3394,1.6819602251052856,0.0006190476190476191,7.173913043478261,1650,,,,,,,,
,,,7.173913043478261,1650,0.36640939116477966,0.8602941176470589,0.9025641025641027,396.7284,,,,
0.2967,1.8071305751800537,0.0005952380952380953,7.282608695652174,1675,,,,,,,,
,,,7.282608695652174,1675,0.3637653887271881,0.8602941176470589,0.9035532994923857,402.7189,,,,
0.3332,3.9971046447753906,0.0005714285714285714,7.391304347826087,1700,,,,,,,,
,,,7.391304347826087,1700,0.3667592704296112,0.8602941176470589,0.9045226130653267,408.787,,,,
0.2995,1.8386112451553345,0.0005476190476190477,7.5,1725,,,,,,,,
,,,7.5,1725,0.32505664229393005,0.8725490196078431,0.9090909090909091,414.8175,,,,
0.3594,2.670471668243408,0.0005238095238095238,7.608695652173913,1750,,,,,,,,
,,,7.608695652173913,1750,0.3407190442085266,0.8529411764705882,0.8976109215017065,420.8453,,,,
0.3367,2.142925977706909,0.0005,7.717391304347826,1775,,,,,,,,
,,,7.717391304347826,1775,0.35319384932518005,0.8455882352941176,0.8930390492359932,426.8848,,,,
0.3415,1.8899871110916138,0.0004761904761904762,7.826086956521739,1800,,,,,,,,
,,,7.826086956521739,1800,0.33447131514549255,0.8504901960784313,0.8953687821612349,432.8576,,,,
0.2828,2.511903762817383,0.00045238095238095237,7.934782608695652,1825,,,,,,,,
,,,7.934782608695652,1825,0.30976182222366333,0.8627450980392157,0.9003558718861211,439.0209,,,,
0.3081,2.2450673580169678,0.00042857142857142855,8.043478260869565,1850,,,,,,,,
,,,8.043478260869565,1850,0.36814701557159424,0.8455882352941176,0.8941176470588236,444.9989,,,,
0.2787,1.3430523872375488,0.0004047619047619048,8.152173913043478,1875,,,,,,,,
,,,8.152173913043478,1875,0.3523973822593689,0.8651960784313726,0.9056603773584906,450.9475,,,,
0.2618,0.8530406355857849,0.00038095238095238096,8.26086956521739,1900,,,,,,,,
,,,8.26086956521739,1900,0.3378739058971405,0.8676470588235294,0.9059233449477352,457.0278,,,,
0.2658,0.9336519241333008,0.00035714285714285714,8.369565217391305,1925,,,,,,,,
,,,8.369565217391305,1925,0.30482450127601624,0.8676470588235294,0.9042553191489361,463.0167,,,,
0.2877,2.4098825454711914,0.0003333333333333333,8.478260869565217,1950,,,,,,,,
,,,8.478260869565217,1950,0.3597923815250397,0.8627450980392157,0.9047619047619047,469.1234,,,,
0.2902,2.098987579345703,0.00030952380952380956,8.58695652173913,1975,,,,,,,,
,,,8.58695652173913,1975,0.3372271656990051,0.8627450980392157,0.9047619047619047,475.0141,,,,
0.3086,1.5515832901000977,0.0002857142857142857,8.695652173913043,2000,,,,,,,,
,,,8.695652173913043,2000,0.34316372871398926,0.8676470588235294,0.9081632653061223,481.0569,,,,
0.2706,2.533489465713501,0.0002619047619047619,8.804347826086957,2025,,,,,,,,
,,,8.804347826086957,2025,0.33371472358703613,0.8676470588235294,0.90625,487.2501,,,,
0.2764,2.7262582778930664,0.0002380952380952381,8.91304347826087,2050,,,,,,,,
,,,8.91304347826087,2050,0.39807426929473877,0.8529411764705882,0.8996655518394648,493.3137,,,,
0.3012,0.7305610179901123,0.00021428571428571427,9.021739130434783,2075,,,,,,,,
,,,9.021739130434783,2075,0.31797662377357483,0.8651960784313726,0.9046793760831888,499.2085,,,,
0.2561,2.0410096645355225,0.00019047619047619048,9.130434782608695,2100,,,,,,,,
,,,9.130434782608695,2100,0.31179559230804443,0.8700980392156863,0.9078260869565218,505.1566,,,,
0.2854,4.4064555168151855,0.00016666666666666666,9.23913043478261,2125,,,,,,,,
,,,9.23913043478261,2125,0.3321414887905121,0.8651960784313726,0.9050086355785838,511.2271,,,,
0.297,2.651215076446533,0.00014285714285714284,9.347826086956522,2150,,,,,,,,
,,,9.347826086956522,2150,0.36944150924682617,0.8529411764705882,0.8989898989898989,517.2515,,,,
0.2614,1.55085289478302,0.00011904761904761905,9.456521739130435,2175,,,,,,,,
,,,9.456521739130435,2175,0.31428852677345276,0.8700980392156863,0.9084628670120898,523.3961,,,,
0.3134,1.8751615285873413,9.523809523809524e-05,9.565217391304348,2200,,,,,,,,
,,,9.565217391304348,2200,0.32862207293510437,0.8676470588235294,0.9075342465753423,529.3499,,,,
0.277,2.2839548587799072,7.142857142857142e-05,9.673913043478262,2225,,,,,,,,
,,,9.673913043478262,2225,0.31829720735549927,0.8676470588235294,0.9072164948453608,535.4225,,,,
0.2877,1.6277503967285156,4.761904761904762e-05,9.782608695652174,2250,,,,,,,,
,,,9.782608695652174,2250,0.32466861605644226,0.8651960784313726,0.9056603773584906,541.4203,,,,
0.2948,4.059910774230957,2.380952380952381e-05,9.891304347826086,2275,,,,,,,,
,,,9.891304347826086,2275,0.313670814037323,0.8651960784313726,0.9053356282271946,547.5509,,,,
0.2291,3.564216136932373,0.0,10.0,2300,,,,,,,,
,,,10.0,2300,0.3103202283382416,0.8676470588235294,0.9065743944636677,553.516,,,,
,,,10.0,2300,,,,553.0587,66.322,4.159,1454777288966400.0,0.455506265733553
