loss,grad_norm,learning_rate,epoch,step,eval_loss,eval_accuracy,train_runtime,train_samples_per_second,train_steps_per_second,total_flos,train_loss
0.7074,0.8819714784622192,2.5000000000000004e-07,0.00641025641025641,1,,,,,,,
0.686,0.9387274980545044,6.25e-06,0.16025641025641027,25,,,,,,,
,,,0.16025641025641027,25,0.7000399827957153,0.4729241877256318,10.4778,,,,
0.7014,0.7391886711120605,1.25e-05,0.32051282051282054,50,,,,,,,
,,,0.32051282051282054,50,0.697049081325531,0.4729241877256318,20.2987,,,,
0.6942,1.1742225885391235,1.8750000000000002e-05,0.4807692307692308,75,,,,,,,
,,,0.4807692307692308,75,0.6934935450553894,0.4729241877256318,31.3657,,,,
0.6947,2.4228312969207764,2.5e-05,0.6410256410256411,100,,,,,,,
,,,0.6410256410256411,100,0.6919959783554077,0.5270758122743683,41.5892,,,,
0.6891,2.6078672409057617,3.125e-05,0.8012820512820513,125,,,,,,,
,,,0.8012820512820513,125,0.691487193107605,0.5270758122743683,52.4584,,,,
0.701,2.316342830657959,3.7500000000000003e-05,0.9615384615384616,150,,,,,,,
,,,0.9615384615384616,150,0.6955884695053101,0.4729241877256318,62.5813,,,,
0.6957,3.3256187438964844,4.375e-05,1.1217948717948718,175,,,,,,,
,,,1.1217948717948718,175,0.6951017379760742,0.4729241877256318,73.0819,,,,
0.6954,3.297020673751831,5e-05,1.282051282051282,200,,,,,,,
,,,1.282051282051282,200,0.6908441185951233,0.5270758122743683,83.5688,,,,
0.6965,0.7474460601806641,4.908088235294118e-05,1.4423076923076923,225,,,,,,,
,,,1.4423076923076923,225,0.6981927752494812,0.4729241877256318,93.7686,,,,
0.7022,1.0110996961593628,4.816176470588236e-05,1.6025641025641026,250,,,,,,,
,,,1.6025641025641026,250,0.6913847923278809,0.5306859205776173,104.0811,,,,
0.6872,1.1831250190734863,4.7242647058823534e-05,1.7628205128205128,275,,,,,,,
,,,1.7628205128205128,275,0.6904695630073547,0.5270758122743683,114.043,,,,
0.6959,2.542116403579712,4.632352941176471e-05,1.9230769230769231,300,,,,,,,
,,,1.9230769230769231,300,0.6902214288711548,0.5270758122743683,124.6103,,,,
0.6933,0.6302617192268372,4.5404411764705883e-05,2.0833333333333335,325,,,,,,,
,,,2.0833333333333335,325,0.6938614249229431,0.4729241877256318,134.6638,,,,
0.6969,1.159182071685791,4.448529411764706e-05,2.2435897435897436,350,,,,,,,
,,,2.2435897435897436,350,0.6918742060661316,0.5595667870036101,144.7835,,,,
0.694,1.571295142173767,4.356617647058824e-05,2.4038461538461537,375,,,,,,,
,,,2.4038461538461537,375,0.6960739493370056,0.4729241877256318,155.0202,,,,
0.6974,2.2808666229248047,4.2647058823529415e-05,2.564102564102564,400,,,,,,,
,,,2.564102564102564,400,0.6927595138549805,0.47653429602888087,165.3874,,,,
0.6885,0.874724805355072,4.172794117647059e-05,2.7243589743589745,425,,,,,,,
,,,2.7243589743589745,425,0.699550211429596,0.4729241877256318,175.8701,,,,
0.6993,0.734311580657959,4.0808823529411765e-05,2.8846153846153846,450,,,,,,,
,,,2.8846153846153846,450,0.6914136409759521,0.5234657039711191,186.3187,,,,
0.6931,0.8344376087188721,3.9889705882352946e-05,3.0448717948717947,475,,,,,,,
,,,3.0448717948717947,475,0.6880913972854614,0.5270758122743683,196.4881,,,,
0.6938,1.7710870504379272,3.897058823529412e-05,3.2051282051282053,500,,,,,,,
,,,3.2051282051282053,500,0.6903794407844543,0.5595667870036101,206.9037,,,,
0.6945,3.596489191055298,3.8051470588235296e-05,3.3653846153846154,525,,,,,,,
,,,3.3653846153846154,525,0.686281144618988,0.5306859205776173,217.654,,,,
0.6946,1.79135000705719,3.713235294117647e-05,3.5256410256410255,550,,,,,,,
,,,3.5256410256410255,550,0.6869604587554932,0.5812274368231047,227.5773,,,,
0.686,0.710288941860199,3.6213235294117646e-05,3.685897435897436,575,,,,,,,
,,,3.685897435897436,575,0.6860597729682922,0.5848375451263538,237.4467,,,,
0.6902,1.589337706565857,3.529411764705883e-05,3.8461538461538463,600,,,,,,,
,,,3.8461538461538463,600,0.6848093271255493,0.592057761732852,248.062,,,,
0.6825,2.9503490924835205,3.4375e-05,4.006410256410256,625,,,,,,,
,,,4.006410256410256,625,0.6889379620552063,0.4981949458483754,258.5244,,,,
0.6772,1.3282482624053955,3.345588235294118e-05,4.166666666666667,650,,,,,,,
,,,4.166666666666667,650,0.6756666302680969,0.6425992779783394,269.0321,,,,
0.6689,1.5218565464019775,3.253676470588236e-05,4.326923076923077,675,,,,,,,
,,,4.326923076923077,675,0.662018895149231,0.628158844765343,279.0145,,,,
0.6755,3.168386697769165,3.161764705882353e-05,4.487179487179487,700,,,,,,,
,,,4.487179487179487,700,0.6499384641647339,0.6498194945848376,289.5967,,,,
0.6462,1.2487537860870361,3.069852941176471e-05,4.647435897435898,725,,,,,,,
,,,4.647435897435898,725,0.6466097235679626,0.6462093862815884,299.5929,,,,
0.6485,3.1865203380584717,2.9779411764705883e-05,4.8076923076923075,750,,,,,,,
,,,4.8076923076923075,750,0.6266334056854248,0.6606498194945848,309.9818,,,,
0.6273,3.383791208267212,2.8860294117647058e-05,4.967948717948718,775,,,,,,,
,,,4.967948717948718,775,0.6318523287773132,0.6642599277978339,320.1751,,,,
0.6215,1.7583624124526978,2.7941176470588236e-05,5.128205128205128,800,,,,,,,
,,,5.128205128205128,800,0.6261564493179321,0.6678700361010831,330.6646,,,,
0.6002,3.61491322517395,2.702205882352941e-05,5.288461538461538,825,,,,,,,
,,,5.288461538461538,825,0.6438791155815125,0.6823104693140795,341.0218,,,,
0.6403,2.024174451828003,2.6102941176470593e-05,5.448717948717949,850,,,,,,,
,,,5.448717948717949,850,0.6035616993904114,0.6859205776173285,351.7403,,,,
0.6008,9.347992897033691,2.5183823529411764e-05,5.608974358974359,875,,,,,,,
,,,5.608974358974359,875,0.6524580717086792,0.6859205776173285,362.3403,,,,
0.5628,4.825747489929199,2.4264705882352942e-05,5.769230769230769,900,,,,,,,
,,,5.769230769230769,900,0.613732635974884,0.6750902527075813,372.5642,,,,
0.6242,4.5498480796813965,2.334558823529412e-05,5.92948717948718,925,,,,,,,
,,,5.92948717948718,925,0.6184993386268616,0.6931407942238267,382.7697,,,,
0.6334,1.9418623447418213,2.2426470588235296e-05,6.089743589743589,950,,,,,,,
,,,6.089743589743589,950,0.6063703894615173,0.6967509025270758,392.9671,,,,
0.5843,2.2317278385162354,2.1507352941176474e-05,6.25,975,,,,,,,
,,,6.25,975,0.5973471999168396,0.6859205776173285,403.5547,,,,
0.6005,4.498015880584717,2.058823529411765e-05,6.410256410256411,1000,,,,,,,
,,,6.410256410256411,1000,0.5992026329040527,0.6859205776173285,413.6111,,,,
0.5564,3.411972761154175,1.9669117647058824e-05,6.57051282051282,1025,,,,,,,
,,,6.57051282051282,1025,0.6037294864654541,0.7003610108303249,424.1774,,,,
0.5865,2.3914358615875244,1.8750000000000002e-05,6.730769230769231,1050,,,,,,,
,,,6.730769230769231,1050,0.6040703654289246,0.6967509025270758,434.6006,,,,
0.5706,2.5770263671875,1.7830882352941177e-05,6.891025641025641,1075,,,,,,,
,,,6.891025641025641,1075,0.6289886832237244,0.6859205776173285,445.4648,,,,
0.5359,3.6846792697906494,1.6911764705882355e-05,7.051282051282051,1100,,,,,,,
,,,7.051282051282051,1100,0.6167065501213074,0.6859205776173285,455.6636,,,,
0.5884,5.301642894744873,1.599264705882353e-05,7.211538461538462,1125,,,,,,,
,,,7.211538461538462,1125,0.6086342334747314,0.6931407942238267,465.81,,,,
0.5483,2.7360329627990723,1.5073529411764706e-05,7.371794871794872,1150,,,,,,,
,,,7.371794871794872,1150,0.6106821298599243,0.6931407942238267,476.9571,,,,
0.5697,5.689675807952881,1.4154411764705883e-05,7.532051282051282,1175,,,,,,,
,,,7.532051282051282,1175,0.6093440651893616,0.6823104693140795,487.0245,,,,
0.5288,3.523609161376953,1.323529411764706e-05,7.6923076923076925,1200,,,,,,,
,,,7.6923076923076925,1200,0.6090430617332458,0.6895306859205776,497.1674,,,,
0.5715,5.773616790771484,1.2316176470588236e-05,7.852564102564102,1225,,,,,,,
,,,7.852564102564102,1225,0.6396445631980896,0.6823104693140795,507.6306,,,,
0.5853,6.54819393157959,1.1397058823529412e-05,8.012820512820513,1250,,,,,,,
,,,8.012820512820513,1250,0.6101483702659607,0.6859205776173285,517.9737,,,,
0.558,3.6708688735961914,1.0477941176470589e-05,8.173076923076923,1275,,,,,,,
,,,8.173076923076923,1275,0.6184454560279846,0.6895306859205776,528.4418,,,,
0.5217,3.090599536895752,9.558823529411764e-06,8.333333333333334,1300,,,,,,,
,,,8.333333333333334,1300,0.6141347289085388,0.6859205776173285,538.4844,,,,
0.5708,4.458273410797119,8.639705882352942e-06,8.493589743589745,1325,,,,,,,
,,,8.493589743589745,1325,0.6183253526687622,0.6823104693140795,549.1534,,,,
0.5622,3.7685952186584473,7.720588235294119e-06,8.653846153846153,1350,,,,,,,
,,,8.653846153846153,1350,0.6014750003814697,0.6895306859205776,559.0066,,,,
0.5212,7.57126522064209,6.8014705882352935e-06,8.814102564102564,1375,,,,,,,
,,,8.814102564102564,1375,0.6185645461082458,0.6823104693140795,569.3454,,,,
0.557,5.539394378662109,5.882352941176471e-06,8.974358974358974,1400,,,,,,,
,,,8.974358974358974,1400,0.6118006110191345,0.6895306859205776,579.5078,,,,
0.5174,3.341641664505005,4.963235294117647e-06,9.134615384615385,1425,,,,,,,
,,,9.134615384615385,1425,0.6089704632759094,0.6895306859205776,589.5653,,,,
0.5984,3.3376784324645996,4.044117647058824e-06,9.294871794871796,1450,,,,,,,
,,,9.294871794871796,1450,0.6153463125228882,0.6823104693140795,599.9286,,,,
0.5235,3.339358329772949,3.125e-06,9.455128205128204,1475,,,,,,,
,,,9.455128205128204,1475,0.6089127063751221,0.6895306859205776,609.9997,,,,
0.5575,4.017334461212158,2.2058823529411767e-06,9.615384615384615,1500,,,,,,,
,,,9.615384615384615,1500,0.6088035106658936,0.6859205776173285,620.847,,,,
0.511,6.152539253234863,1.286764705882353e-06,9.775641025641026,1525,,,,,,,
,,,9.775641025641026,1525,0.6088308095932007,0.6859205776173285,631.4557,,,,
0.5833,3.708059310913086,3.6764705882352943e-07,9.935897435897436,1550,,,,,,,
,,,9.935897435897436,1550,0.6080840229988098,0.6859205776173285,641.7326,,,,
,,,10.0,1560,,,644.1006,38.659,2.422,2121286737746880.0,0.6280429545121315
