loss,grad_norm,learning_rate,epoch,step,eval_loss,eval_accuracy,eval_f1,train_runtime,train_samples_per_second,train_steps_per_second,total_flos,train_loss
1.1672,4.064709186553955,0.0004984375,0.0625,1,,,,,,,,
0.9189,2.3620471954345703,0.000484375,0.625,10,,,,,,,,
,,,0.625,10,1.070005178451538,0.5,0.2222222222222222,6.1132,,,,
1.0245,3.866672992706299,0.00046875,1.25,20,,,,,,,,
,,,1.25,20,0.9750378727912903,0.5,0.2222222222222222,12.0866,,,,
0.933,1.1760659217834473,0.000453125,1.875,30,,,,,,,,
,,,1.875,30,0.9440912008285522,0.4107142857142857,0.1940928270042194,18.0264,,,,
0.9527,2.0840835571289062,0.0004375,2.5,40,,,,,,,,
,,,2.5,40,0.9450190663337708,0.5,0.2222222222222222,24.0062,,,,
0.8747,2.861335039138794,0.000421875,3.125,50,,,,,,,,
,,,3.125,50,0.9322229027748108,0.5,0.2222222222222222,30.1023,,,,
0.9127,0.9145112037658691,0.00040625000000000004,3.75,60,,,,,,,,
,,,3.75,60,0.9407786130905151,0.5,0.2222222222222222,36.243,,,,
0.9707,2.209394931793213,0.000390625,4.375,70,,,,,,,,
,,,4.375,70,0.963842511177063,0.4107142857142857,0.1940928270042194,41.879,,,,
0.8839,3.0163450241088867,0.000375,5.0,80,,,,,,,,
,,,5.0,80,0.9386286735534668,0.4107142857142857,0.1940928270042194,47.6659,,,,
0.8821,1.5269529819488525,0.000359375,5.625,90,,,,,,,,
,,,5.625,90,0.9954145550727844,0.4107142857142857,0.1940928270042194,53.8403,,,,
0.9741,2.2290706634521484,0.00034375,6.25,100,,,,,,,,
,,,6.25,100,0.970335841178894,0.5,0.2222222222222222,59.3436,,,,
0.8917,1.1913440227508545,0.000328125,6.875,110,,,,,,,,
,,,6.875,110,0.9830950498580933,0.4107142857142857,0.1940928270042194,64.8826,,,,
0.9686,3.447514295578003,0.0003125,7.5,120,,,,,,,,
,,,7.5,120,0.9465750455856323,0.5,0.2222222222222222,70.018,,,,
0.8922,0.8342685103416443,0.000296875,8.125,130,,,,,,,,
,,,8.125,130,0.9427068829536438,0.5,0.2222222222222222,75.8842,,,,
0.9025,4.024356365203857,0.00028125000000000003,8.75,140,,,,,,,,
,,,8.75,140,1.009236216545105,0.4107142857142857,0.1940928270042194,82.084,,,,
0.959,2.969625949859619,0.000265625,9.375,150,,,,,,,,
,,,9.375,150,0.950329601764679,0.5,0.2222222222222222,87.7934,,,,
0.8881,2.4310708045959473,0.00025,10.0,160,,,,,,,,
,,,10.0,160,0.932403564453125,0.5,0.2222222222222222,93.4701,,,,
0.8336,0.8810704350471497,0.000234375,10.625,170,,,,,,,,
,,,10.625,170,0.9583033323287964,0.4107142857142857,0.1940928270042194,99.7205,,,,
0.9992,2.0744829177856445,0.00021875,11.25,180,,,,,,,,
,,,11.25,180,0.931498110294342,0.5,0.2222222222222222,105.4074,,,,
0.8699,0.8718255162239075,0.00020312500000000002,11.875,190,,,,,,,,
,,,11.875,190,0.9493314623832703,0.4107142857142857,0.1940928270042194,111.6741,,,,
0.8941,4.574765205383301,0.0001875,12.5,200,,,,,,,,
,,,12.5,200,0.9501670002937317,0.4107142857142857,0.1940928270042194,117.3143,,,,
0.8702,1.2031573057174683,0.000171875,13.125,210,,,,,,,,
,,,13.125,210,0.9490104913711548,0.4107142857142857,0.1940928270042194,122.9999,,,,
0.9123,2.7099130153656006,0.00015625,13.75,220,,,,,,,,
,,,13.75,220,0.9588310122489929,0.4107142857142857,0.1940928270042194,129.324,,,,
0.8929,1.767591118812561,0.00014062500000000002,14.375,230,,,,,,,,
,,,14.375,230,0.9372417330741882,0.5,0.2222222222222222,135.4341,,,,
0.9558,1.876975417137146,0.000125,15.0,240,,,,,,,,
,,,15.0,240,0.9442241787910461,0.4107142857142857,0.1940928270042194,140.9761,,,,
0.8842,1.7830655574798584,0.000109375,15.625,250,,,,,,,,
,,,15.625,250,0.9531629681587219,0.4107142857142857,0.1940928270042194,146.811,,,,
0.8999,1.0469367504119873,9.375e-05,16.25,260,,,,,,,,
,,,16.25,260,0.9343828558921814,0.5,0.2222222222222222,152.7769,,,,
0.8617,3.2464208602905273,7.8125e-05,16.875,270,,,,,,,,
,,,16.875,270,0.9365484118461609,0.5,0.2222222222222222,158.6677,,,,
0.9416,1.596466064453125,6.25e-05,17.5,280,,,,,,,,
,,,17.5,280,0.9373923540115356,0.4107142857142857,0.1940928270042194,164.7541,,,,
0.8666,1.8513942956924438,4.6875e-05,18.125,290,,,,,,,,
,,,18.125,290,0.9360076785087585,0.4107142857142857,0.1940928270042194,170.4283,,,,
0.9025,1.0031713247299194,3.125e-05,18.75,300,,,,,,,,
,,,18.75,300,0.9379271864891052,0.4107142857142857,0.1940928270042194,176.6224,,,,
0.9087,1.5057190656661987,1.5625e-05,19.375,310,,,,,,,,
,,,19.375,310,0.9336506724357605,0.5,0.2222222222222222,181.9413,,,,
0.8852,4.670744895935059,0.0,20.0,320,,,,,,,,
,,,20.0,320,0.9338341355323792,0.5,0.2222222222222222,187.9074,,,,
,,,20.0,320,,,,187.4173,26.678,1.707,446840583950880.0,0.9135187949985266
