loss,grad_norm,learning_rate,epoch,step,eval_loss,eval_accuracy,train_runtime,train_samples_per_second,train_steps_per_second,total_flos,train_loss
1.7487,1.0246636867523193,1e-05,0.00641025641025641,1,,,,,,,
1.5692,0.7793844938278198,0.0005,0.32051282051282054,50,,,,,,,
,,,0.32051282051282054,50,1.092835783958435,0.48375451263537905,24.7976,,,,
0.7975,1.7413307428359985,0.001,0.6410256410256411,100,,,,,,,
,,,0.6410256410256411,100,0.7140385508537292,0.5054151624548736,47.5713,,,,
0.7239,2.550801992416382,0.0015,0.9615384615384616,150,,,,,,,
,,,0.9615384615384616,150,0.7449097037315369,0.5270758122743683,70.8136,,,,
0.7362,4.295272350311279,0.002,1.282051282051282,200,,,,,,,
,,,1.282051282051282,200,0.7505180835723877,0.5270758122743683,94.8275,,,,
0.7201,0.5901197195053101,0.0019264705882352942,1.6025641025641026,250,,,,,,,
,,,1.6025641025641026,250,0.6947432160377502,0.5342960288808665,119.47,,,,
0.7193,0.9482082724571228,0.0018529411764705885,1.9230769230769231,300,,,,,,,
,,,1.9230769230769231,300,0.7331569194793701,0.48375451263537905,142.9984,,,,
0.7108,2.9725470542907715,0.0017794117647058822,2.2435897435897436,350,,,,,,,
,,,2.2435897435897436,350,0.7759484052658081,0.5379061371841155,165.8718,,,,
0.6659,1.5660667419433594,0.0017058823529411764,2.564102564102564,400,,,,,,,
,,,2.564102564102564,400,0.6250742673873901,0.6859205776173285,189.6843,,,,
0.68,1.451825499534607,0.0016323529411764706,2.8846153846153846,450,,,,,,,
,,,2.8846153846153846,450,0.7037767767906189,0.6895306859205776,213.7368,,,,
0.6758,1.1370799541473389,0.0015588235294117648,3.2051282051282053,500,,,,,,,
,,,3.2051282051282053,500,0.5927842855453491,0.6931407942238267,237.2397,,,,
0.6343,4.124549865722656,0.0014852941176470588,3.5256410256410255,550,,,,,,,
,,,3.5256410256410255,550,0.808356761932373,0.5703971119133574,260.9929,,,,
0.5947,1.7380070686340332,0.001411764705882353,3.8461538461538463,600,,,,,,,
,,,3.8461538461538463,600,0.5656551122665405,0.7256317689530686,284.5595,,,,
0.5455,1.643602967262268,0.001338235294117647,4.166666666666667,650,,,,,,,
,,,4.166666666666667,650,0.5154811143875122,0.779783393501805,308.6774,,,,
0.5443,1.311636209487915,0.0012647058823529412,4.487179487179487,700,,,,,,,
,,,4.487179487179487,700,0.48688244819641113,0.7617328519855595,332.0805,,,,
0.524,3.8922665119171143,0.0011911764705882352,4.8076923076923075,750,,,,,,,
,,,4.8076923076923075,750,0.586010217666626,0.7509025270758123,355.3823,,,,
0.4798,2.2394769191741943,0.0011176470588235294,5.128205128205128,800,,,,,,,
,,,5.128205128205128,800,0.4707498252391815,0.7870036101083032,378.8651,,,,
0.4664,1.6497955322265625,0.0010441176470588236,5.448717948717949,850,,,,,,,
,,,5.448717948717949,850,0.4966466426849365,0.7833935018050542,403.1098,,,,
0.4352,2.1405656337738037,0.0009705882352941176,5.769230769230769,900,,,,,,,
,,,5.769230769230769,900,0.5316005945205688,0.7436823104693141,426.92,,,,
0.5009,0.8691848516464233,0.0008970588235294118,6.089743589743589,950,,,,,,,
,,,6.089743589743589,950,0.5551581978797913,0.7436823104693141,450.299,,,,
0.3822,3.2297141551971436,0.0008235294117647058,6.410256410256411,1000,,,,,,,
,,,6.410256410256411,1000,0.6446022987365723,0.7545126353790613,473.7686,,,,
0.398,1.5041264295578003,0.00075,6.730769230769231,1050,,,,,,,
,,,6.730769230769231,1050,0.5477982759475708,0.7581227436823105,498.2224,,,,
0.3794,1.6377787590026855,0.0006764705882352942,7.051282051282051,1100,,,,,,,
,,,7.051282051282051,1100,0.58189457654953,0.7545126353790613,522.4627,,,,
0.3382,2.628607988357544,0.0006029411764705882,7.371794871794872,1150,,,,,,,
,,,7.371794871794872,1150,0.6211792826652527,0.7689530685920578,546.6852,,,,
0.392,5.7085795402526855,0.0005294117647058824,7.6923076923076925,1200,,,,,,,
,,,7.6923076923076925,1200,0.702934980392456,0.7509025270758123,569.6902,,,,
0.3758,2.88576602935791,0.00045588235294117646,8.012820512820513,1250,,,,,,,
,,,8.012820512820513,1250,0.4806700348854065,0.7870036101083032,593.5015,,,,
0.3254,2.094736337661743,0.00038235294117647055,8.333333333333334,1300,,,,,,,
,,,8.333333333333334,1300,0.7837439775466919,0.7545126353790613,617.087,,,,
0.2826,2.207578659057617,0.0003088235294117647,8.653846153846153,1350,,,,,,,
,,,8.653846153846153,1350,0.5800302028656006,0.7833935018050542,640.5642,,,,
0.2641,1.5734754800796509,0.00023529411764705883,8.974358974358974,1400,,,,,,,
,,,8.974358974358974,1400,0.593715250492096,0.776173285198556,663.924,,,,
0.2202,4.016843318939209,0.00016176470588235295,9.294871794871796,1450,,,,,,,
,,,9.294871794871796,1450,0.6692893505096436,0.7833935018050542,687.3294,,,,
0.1948,6.065091133117676,8.823529411764706e-05,9.615384615384615,1500,,,,,,,
,,,9.615384615384615,1500,0.7342700958251953,0.779783393501805,711.1457,,,,
0.2325,3.846280336380005,1.4705882352941177e-05,9.935897435897436,1550,,,,,,,
,,,9.935897435897436,1550,0.6816046237945557,0.7978339350180506,735.4911,,,,
,,,10.0,1560,,,739.037,33.692,2.111,2131204763617920.0,0.5306595016748478
