loss,grad_norm,learning_rate,epoch,step,eval_loss,eval_accuracy,eval_f1,train_runtime,train_samples_per_second,train_steps_per_second,total_flos,train_loss
2.369,4.510207176208496,4e-05,0.0625,1,,,,,,,,
2.2155,2.061955690383911,0.0004,0.625,10,,,,,,,,
,,,0.625,10,2.0579674243927,0.5,0.2222222222222222,4.9482,,,,
1.9524,3.0087873935699463,0.0008,1.25,20,,,,,,,,
,,,1.25,20,1.7441896200180054,0.6964285714285714,0.48646125116713357,9.8226,,,,
1.4454,0.7700091600418091,0.0012,1.875,30,,,,,,,,
,,,1.875,30,1.0190387964248657,0.4642857142857143,0.279006279006279,14.4378,,,,
1.0552,2.2350149154663086,0.0016,2.5,40,,,,,,,,
,,,2.5,40,1.0351852178573608,0.6964285714285714,0.482089552238806,19.1019,,,,
0.9186,3.171616792678833,0.002,3.125,50,,,,,,,,
,,,3.125,50,0.868949294090271,0.7142857142857143,0.49976359338061477,23.7777,,,,
0.8533,2.785522222518921,0.0019259259259259258,3.75,60,,,,,,,,
,,,3.75,60,0.7623917460441589,0.6964285714285714,0.4868139700641481,28.4886,,,,
0.7084,1.676599383354187,0.001851851851851852,4.375,70,,,,,,,,
,,,4.375,70,0.7449679970741272,0.6785714285714286,0.47478301665493783,33.1416,,,,
0.7213,3.351922035217285,0.0017777777777777776,5.0,80,,,,,,,,
,,,5.0,80,0.7964145541191101,0.7321428571428571,0.5102564102564102,37.7867,,,,
0.5584,1.3379420042037964,0.0017037037037037038,5.625,90,,,,,,,,
,,,5.625,90,0.6444650292396545,0.8035714285714286,0.5609131143722339,42.7933,,,,
0.4844,3.3552541732788086,0.0016296296296296295,6.25,100,,,,,,,,
,,,6.25,100,0.5629008412361145,0.7678571428571429,0.5365079365079365,47.4367,,,,
0.3047,1.5203877687454224,0.0015555555555555557,6.875,110,,,,,,,,
,,,6.875,110,0.47278207540512085,0.8571428571428571,0.5994297933000713,51.9877,,,,
0.2693,0.9211975932121277,0.0014814814814814814,7.5,120,,,,,,,,
,,,7.5,120,0.3481461703777313,0.8571428571428571,0.7770750988142292,56.2702,,,,
0.1921,1.258798599243164,0.0014074074074074076,8.125,130,,,,,,,,
,,,8.125,130,0.34624311327934265,0.8571428571428571,0.6859959037378393,61.1884,,,,
0.0917,0.6061248183250427,0.0013333333333333333,8.75,140,,,,,,,,
,,,8.75,140,0.28804901242256165,0.9107142857142857,0.8653086419753087,66.2872,,,,
0.1362,0.8958654403686523,0.0012592592592592592,9.375,150,,,,,,,,
,,,9.375,150,0.19753603637218475,0.9464285714285714,0.9369401562797789,70.9934,,,,
0.0711,0.12506134808063507,0.0011851851851851852,10.0,160,,,,,,,,
,,,10.0,160,0.23961429297924042,0.875,0.7883597883597884,75.6434,,,,
0.0579,1.606503963470459,0.0011111111111111111,10.625,170,,,,,,,,
,,,10.625,170,0.20512710511684418,0.9107142857142857,0.8129251700680272,80.6149,,,,
0.1391,0.5922932624816895,0.001037037037037037,11.25,180,,,,,,,,
,,,11.25,180,0.14435844123363495,0.9642857142857143,0.9309764309764309,85.27,,,,
0.0786,3.9337379932403564,0.0009629629629629629,11.875,190,,,,,,,,
,,,11.875,190,0.1607525646686554,0.9285714285714286,0.8780766852195424,90.2846,,,,
0.033,0.679390013217926,0.0008888888888888888,12.5,200,,,,,,,,
,,,12.5,200,0.09921395778656006,0.9464285714285714,0.9355699855699856,94.863,,,,
0.0364,2.0030477046966553,0.0008148148148148148,13.125,210,,,,,,,,
,,,13.125,210,0.1386917531490326,0.9464285714285714,0.9302091206853111,99.5147,,,,
0.0149,0.23784656822681427,0.0007407407407407407,13.75,220,,,,,,,,
,,,13.75,220,0.07477442175149918,0.9464285714285714,0.9302091206853111,104.6144,,,,
0.0131,0.19928956031799316,0.0006666666666666666,14.375,230,,,,,,,,
,,,14.375,230,0.057230088859796524,0.9642857142857143,0.9430134680134681,109.6359,,,,
0.0072,0.13099871575832367,0.0005925925925925926,15.0,240,,,,,,,,
,,,15.0,240,0.030531782656908035,1.0,1.0,114.1783,,,,
0.0055,0.121283158659935,0.0005185185185185185,15.625,250,,,,,,,,
,,,15.625,250,0.02636849507689476,1.0,1.0,118.8337,,,,
0.0052,0.39376556873321533,0.0004444444444444444,16.25,260,,,,,,,,
,,,16.25,260,0.02136344090104103,1.0,1.0,123.8273,,,,
0.003,0.13525176048278809,0.00037037037037037035,16.875,270,,,,,,,,
,,,16.875,270,0.019739212468266487,1.0,1.0,128.5868,,,,
0.0052,0.14117850363254547,0.0002962962962962963,17.5,280,,,,,,,,
,,,17.5,280,0.019696896895766258,1.0,1.0,133.6745,,,,
0.002,0.11791860312223434,0.0002222222222222222,18.125,290,,,,,,,,
,,,18.125,290,0.02017301321029663,1.0,1.0,138.2518,,,,
0.0015,0.12064295262098312,0.00014814814814814815,18.75,300,,,,,,,,
,,,18.75,300,0.020256919786334038,1.0,1.0,143.2113,,,,
0.0022,0.12712129950523376,7.407407407407407e-05,19.375,310,,,,,,,,
,,,19.375,310,0.02044161967933178,1.0,1.0,147.6616,,,,
0.0017,0.5476885437965393,0.0,20.0,320,,,,,,,,
,,,20.0,320,0.020069926977157593,1.0,1.0,152.5465,,,,
,,,20.0,320,,,,152.1848,32.855,2.103,453398081204160.0,0.38749480872938874
