loss,grad_norm,learning_rate,epoch,step,eval_loss,eval_accuracy,train_runtime,train_samples_per_second,train_steps_per_second,total_flos,train_loss
1.9203,1.6982041597366333,5.000000000000001e-07,0.00641025641025641,1,,,,,,,
1.9042,0.840388298034668,2.5e-05,0.32051282051282054,50,,,,,,,
,,,0.32051282051282054,50,1.8672783374786377,0.5270758122743683,20.0149,,,,
1.8297,2.4342024326324463,5e-05,0.6410256410256411,100,,,,,,,
,,,0.6410256410256411,100,1.7815500497817993,0.5270758122743683,41.1469,,,,
1.7143,1.9607869386672974,7.500000000000001e-05,0.9615384615384616,150,,,,,,,
,,,0.9615384615384616,150,1.6170552968978882,0.4729241877256318,61.6098,,,,
1.4608,3.6497950553894043,0.0001,1.282051282051282,200,,,,,,,
,,,1.282051282051282,200,1.2526754140853882,0.5270758122743683,81.9252,,,,
1.0184,1.0260066986083984,9.632352941176472e-05,1.6025641025641026,250,,,,,,,
,,,1.6025641025641026,250,0.7270375490188599,0.5270758122743683,102.183,,,,
0.7113,2.5744075775146484,9.264705882352942e-05,1.9230769230769231,300,,,,,,,
,,,1.9230769230769231,300,0.6934002041816711,0.5270758122743683,122.3556,,,,
0.6977,1.3214144706726074,8.897058823529412e-05,2.2435897435897436,350,,,,,,,
,,,2.2435897435897436,350,0.6910184621810913,0.5595667870036101,141.8228,,,,
0.6996,1.9478813409805298,8.529411764705883e-05,2.564102564102564,400,,,,,,,
,,,2.564102564102564,400,0.6922699809074402,0.555956678700361,161.7545,,,,
0.6952,0.9927557706832886,8.161764705882353e-05,2.8846153846153846,450,,,,,,,
,,,2.8846153846153846,450,0.6891708970069885,0.5270758122743683,181.8728,,,,
0.6987,1.7710589170455933,7.794117647058824e-05,3.2051282051282053,500,,,,,,,
,,,3.2051282051282053,500,0.6917937994003296,0.5306859205776173,201.9487,,,,
0.6937,1.456686019897461,7.426470588235294e-05,3.5256410256410255,550,,,,,,,
,,,3.5256410256410255,550,0.6933894753456116,0.48375451263537905,221.9428,,,,
0.6977,1.6691467761993408,7.058823529411765e-05,3.8461538461538463,600,,,,,,,
,,,3.8461538461538463,600,0.6899999380111694,0.5848375451263538,241.8111,,,,
0.6926,1.3283075094223022,6.691176470588235e-05,4.166666666666667,650,,,,,,,
,,,4.166666666666667,650,0.6886481642723083,0.5667870036101083,262.0927,,,,
0.6928,2.3337137699127197,6.323529411764705e-05,4.487179487179487,700,,,,,,,
,,,4.487179487179487,700,0.689510703086853,0.5848375451263538,281.921,,,,
0.6877,2.717716693878174,5.9558823529411766e-05,4.8076923076923075,750,,,,,,,
,,,4.8076923076923075,750,0.6878818869590759,0.5379061371841155,301.845,,,,
0.6926,0.6742105484008789,5.588235294117647e-05,5.128205128205128,800,,,,,,,
,,,5.128205128205128,800,0.6897093653678894,0.5270758122743683,321.8881,,,,
0.6955,1.873612403869629,5.2205882352941185e-05,5.448717948717949,850,,,,,,,
,,,5.448717948717949,850,0.6870756149291992,0.5342960288808665,342.4485,,,,
0.6885,4.171884059906006,4.8529411764705885e-05,5.769230769230769,900,,,,,,,
,,,5.769230769230769,900,0.6893070936203003,0.5848375451263538,362.5789,,,,
0.687,1.3705259561538696,4.485294117647059e-05,6.089743589743589,950,,,,,,,
,,,6.089743589743589,950,0.6870870590209961,0.5667870036101083,382.3964,,,,
0.6867,2.3770248889923096,4.11764705882353e-05,6.410256410256411,1000,,,,,,,
,,,6.410256410256411,1000,0.688021719455719,0.5884476534296029,402.4193,,,,
0.6884,1.5407873392105103,3.7500000000000003e-05,6.730769230769231,1050,,,,,,,
,,,6.730769230769231,1050,0.6893379092216492,0.5667870036101083,422.9735,,,,
0.686,2.6608316898345947,3.382352941176471e-05,7.051282051282051,1100,,,,,,,
,,,7.051282051282051,1100,0.6866757869720459,0.5776173285198556,443.4135,,,,
0.6822,1.4457752704620361,3.0147058823529413e-05,7.371794871794872,1150,,,,,,,
,,,7.371794871794872,1150,0.687920331954956,0.5992779783393501,464.0988,,,,
0.6902,2.046985149383545,2.647058823529412e-05,7.6923076923076925,1200,,,,,,,
,,,7.6923076923076925,1200,0.6871823668479919,0.5884476534296029,483.7424,,,,
0.6852,1.3628344535827637,2.2794117647058825e-05,8.012820512820513,1250,,,,,,,
,,,8.012820512820513,1250,0.6882100701332092,0.5776173285198556,503.9327,,,,
0.6824,1.9647701978683472,1.9117647058823528e-05,8.333333333333334,1300,,,,,,,
,,,8.333333333333334,1300,0.6867899894714355,0.5848375451263538,523.7522,,,,
0.6845,0.8212971687316895,1.5441176470588237e-05,8.653846153846153,1350,,,,,,,
,,,8.653846153846153,1350,0.686326265335083,0.5848375451263538,543.6783,,,,
0.6869,1.3794583082199097,1.1764705882352942e-05,8.974358974358974,1400,,,,,,,
,,,8.974358974358974,1400,0.6864711046218872,0.5812274368231047,563.3529,,,,
0.689,0.9907188415527344,8.088235294117648e-06,9.294871794871796,1450,,,,,,,
,,,9.294871794871796,1450,0.6863176226615906,0.5848375451263538,583.1511,,,,
0.6857,0.8638098835945129,4.411764705882353e-06,9.615384615384615,1500,,,,,,,
,,,9.615384615384615,1500,0.6864569783210754,0.5884476534296029,603.2848,,,,
0.6825,0.7983598709106445,7.352941176470589e-07,9.935897435897436,1550,,,,,,,
,,,9.935897435897436,1550,0.6863337755203247,0.5812274368231047,623.8162,,,,
,,,10.0,1560,,,626.6103,39.738,2.49,2117691962740800.0,0.8341490206045982
