loss,grad_norm,learning_rate,epoch,step,eval_loss,eval_accuracy,eval_f1,train_runtime,train_samples_per_second,train_steps_per_second,total_flos,train_loss
0.7062,1.280216097831726,2.5e-06,0.0,1,,,,,,,,
0.6619,0.7494065165519714,6.25e-05,0.11,25,,,,,,,,
,,,0.11,25,0.6365526914596558,0.6838235294117647,0.8122270742358079,6.0906,,,,
0.6588,1.2362796068191528,0.000125,0.22,50,,,,,,,,
,,,0.22,50,0.6237897872924805,0.6838235294117647,0.8122270742358079,11.6949,,,,
0.6397,2.34417986869812,0.0001875,0.33,75,,,,,,,,
,,,0.33,75,0.6183083653450012,0.6838235294117647,0.8122270742358079,17.4356,,,,
0.6404,0.6486349105834961,0.00025,0.43,100,,,,,,,,
,,,0.43,100,0.6042629480361938,0.6838235294117647,0.8122270742358079,23.0063,,,,
0.5767,1.2538292407989502,0.0003125,0.54,125,,,,,,,,
,,,0.54,125,0.5364333391189575,0.7107843137254902,0.8217522658610272,28.7178,,,,
0.5687,3.6137778759002686,0.000375,0.65,150,,,,,,,,
,,,0.65,150,0.46504974365234375,0.7671568627450981,0.8434925864909391,34.3085,,,,
0.5652,2.34120774269104,0.0004375,0.76,175,,,,,,,,
,,,0.76,175,0.4882931411266327,0.7892156862745098,0.8608414239482199,40.1796,,,,
0.4872,1.6464760303497314,0.0005,0.87,200,,,,,,,,
,,,0.87,200,0.6014915108680725,0.8014705882352942,0.8704000000000001,45.8656,,,,
0.5402,1.9389636516571045,0.0004940476190476191,0.98,225,,,,,,,,
,,,0.98,225,0.450539231300354,0.7892156862745098,0.8293650793650792,51.5753,,,,
0.4943,1.4976774454116821,0.0004880952380952381,1.09,250,,,,,,,,
,,,1.09,250,0.39438068866729736,0.8357843137254902,0.8870151770657673,57.0547,,,,
0.4867,1.100648283958435,0.00048214285714285715,1.2,275,,,,,,,,
,,,1.2,275,0.4489906132221222,0.7696078431372549,0.8535825545171339,62.8159,,,,
0.4228,3.186851978302002,0.0004761904761904762,1.3,300,,,,,,,,
,,,1.3,300,0.38045334815979004,0.8504901960784313,0.8927943760984183,68.5256,,,,
0.4064,1.9822977781295776,0.00047023809523809523,1.41,325,,,,,,,,
,,,1.41,325,0.3636658489704132,0.8284313725490197,0.8653846153846153,74.2407,,,,
0.4376,7.159562587738037,0.00046428571428571433,1.52,350,,,,,,,,
,,,1.52,350,0.40134838223457336,0.8284313725490197,0.8821548821548822,79.9162,,,,
0.3967,2.4854965209960938,0.0004583333333333333,1.63,375,,,,,,,,
,,,1.63,375,0.3316192626953125,0.8406862745098039,0.8841354723707666,85.549,,,,
0.3294,3.921781063079834,0.00045238095238095237,1.74,400,,,,,,,,
,,,1.74,400,0.413754940032959,0.8700980392156863,0.9048473967684021,91.2166,,,,
0.4325,3.148648500442505,0.00044642857142857147,1.85,425,,,,,,,,
,,,1.85,425,0.3669847249984741,0.8382352941176471,0.8885135135135136,96.9595,,,,
0.4186,1.7494324445724487,0.00044047619047619046,1.96,450,,,,,,,,
,,,1.96,450,0.35111936926841736,0.8602941176470589,0.8983957219251337,102.7709,,,,
0.2956,4.0623602867126465,0.00043452380952380956,2.07,475,,,,,,,,
,,,2.07,475,0.474264919757843,0.8578431372549019,0.9003436426116839,108.2758,,,,
0.3915,1.1844040155410767,0.00042857142857142855,2.17,500,,,,,,,,
,,,2.17,500,0.33407267928123474,0.8529411764705882,0.8876404494382023,113.9908,,,,
0.3551,3.7817862033843994,0.00042261904761904765,2.28,525,,,,,,,,
,,,2.28,525,0.32108625769615173,0.8553921568627451,0.8913443830570903,120.2334,,,,
0.2975,1.5766732692718506,0.0004166666666666667,2.39,550,,,,,,,,
,,,2.39,550,0.3312380611896515,0.8799019607843137,0.913884007029877,125.8541,,,,
0.3483,3.896757125854492,0.0004107142857142857,2.5,575,,,,,,,,
,,,2.5,575,0.4218582212924957,0.8259803921568627,0.8841761827079935,131.5762,,,,
0.3341,2.8030221462249756,0.0004047619047619048,2.61,600,,,,,,,,
,,,2.61,600,0.35358384251594543,0.8504901960784313,0.8950086058519794,137.2113,,,,
0.3434,2.626004457473755,0.00039880952380952383,2.72,625,,,,,,,,
,,,2.72,625,0.35997772216796875,0.8504901960784313,0.897822445561139,142.961,,,,
0.3953,5.866589546203613,0.0003928571428571429,2.83,650,,,,,,,,
,,,2.83,650,0.3549559712409973,0.8431372549019608,0.8933333333333334,148.6513,,,,
0.284,2.582427740097046,0.0003869047619047619,2.93,675,,,,,,,,
,,,2.93,675,0.3479610085487366,0.8676470588235294,0.9007352941176471,154.3791,,,,
0.3057,2.8612124919891357,0.00038095238095238096,3.04,700,,,,,,,,
,,,3.04,700,0.39679598808288574,0.8553921568627451,0.899488926746167,159.8322,,,,
0.3298,2.2166154384613037,0.000375,3.15,725,,,,,,,,
,,,3.15,725,0.4490801990032196,0.8676470588235294,0.9078498293515359,165.5043,,,,
0.3175,1.7770379781723022,0.00036904761904761905,3.26,750,,,,,,,,
,,,3.26,750,0.40502095222473145,0.8602941176470589,0.9045226130653267,171.2496,,,,
0.2899,1.2340431213378906,0.0003630952380952381,3.37,775,,,,,,,,
,,,3.37,775,0.39684438705444336,0.8627450980392157,0.9047619047619047,176.7904,,,,
0.292,4.54355001449585,0.00035714285714285714,3.48,800,,,,,,,,
,,,3.48,800,0.37774354219436646,0.8504901960784313,0.897133220910624,182.4985,,,,
0.3278,1.887217402458191,0.0003511904761904762,3.59,825,,,,,,,,
,,,3.59,825,0.31275686621665955,0.875,0.9116117850953207,188.1855,,,,
0.3053,3.3121626377105713,0.00034523809523809523,3.7,850,,,,,,,,
,,,3.7,850,0.343975305557251,0.8676470588235294,0.9049295774647886,193.9978,,,,
0.2765,12.075321197509766,0.00033928571428571433,3.8,875,,,,,,,,
,,,3.8,875,0.38404107093811035,0.8700980392156863,0.9071803852889667,199.6538,,,,
0.2609,4.106811046600342,0.0003333333333333333,3.91,900,,,,,,,,
,,,3.91,900,0.44128522276878357,0.8431372549019608,0.8929765886287626,205.4117,,,,
0.3087,8.8594388961792,0.00032738095238095237,4.02,925,,,,,,,,
,,,4.02,925,0.43299737572669983,0.8308823529411765,0.8855721393034827,210.983,,,,
0.2204,2.515094757080078,0.00032142857142857147,4.13,950,,,,,,,,
,,,4.13,950,0.43873491883277893,0.8578431372549019,0.9016949152542373,216.7427,,,,
0.2664,13.940751075744629,0.00031547619047619046,4.24,975,,,,,,,,
,,,4.24,975,0.4924893379211426,0.8382352941176471,0.8925081433224756,222.2792,,,,
0.3071,2.754457950592041,0.00030952380952380956,4.35,1000,,,,,,,,
,,,4.35,1000,0.3696395754814148,0.8578431372549019,0.9006849315068494,227.9459,,,,
0.2664,1.8100214004516602,0.00030357142857142855,4.46,1025,,,,,,,,
,,,4.46,1025,0.3203713595867157,0.8823529411764706,0.9142857142857143,234.5575,,,,
0.2006,6.042526721954346,0.00029761904761904765,4.57,1050,,,,,,,,
,,,4.57,1050,0.3947162926197052,0.8799019607843137,0.9153713298791019,240.2864,,,,
0.2049,1.2516051530838013,0.0002916666666666667,4.67,1075,,,,,,,,
,,,4.67,1075,0.4200907051563263,0.8627450980392157,0.9027777777777778,245.9202,,,,
0.1877,4.156277656555176,0.0002857142857142857,4.78,1100,,,,,,,,
,,,4.78,1100,0.5019993782043457,0.8799019607843137,0.9153713298791019,251.656,,,,
0.2699,3.567366361618042,0.0002797619047619048,4.89,1125,,,,,,,,
,,,4.89,1125,0.3368992507457733,0.8774509803921569,0.9128919860627178,257.3162,,,,
0.2193,0.5984106659889221,0.0002738095238095238,5.0,1150,,,,,,,,
,,,5.0,1150,0.35512688755989075,0.875,0.9094138543516875,263.0733,,,,
0.153,0.5893468260765076,0.00026785714285714287,5.11,1175,,,,,,,,
,,,5.11,1175,0.4404476284980774,0.8676470588235294,0.90625,268.6667,,,,
0.1853,4.7639946937561035,0.0002619047619047619,5.22,1200,,,,,,,,
,,,5.22,1200,0.42650264501571655,0.8799019607843137,0.913884007029877,274.4594,,,,
0.1968,3.3162894248962402,0.00025595238095238096,5.33,1225,,,,,,,,
,,,5.33,1225,0.40587764978408813,0.8602941176470589,0.8991150442477877,280.1424,,,,
0.2267,4.358668327331543,0.00025,5.43,1250,,,,,,,,
,,,5.43,1250,0.41055095195770264,0.8627450980392157,0.903114186851211,285.7961,,,,
0.1737,12.028533935546875,0.00024404761904761905,5.54,1275,,,,,,,,
,,,5.54,1275,0.48291000723838806,0.8725490196078431,0.907473309608541,291.4232,,,,
0.1932,3.1999287605285645,0.0002380952380952381,5.65,1300,,,,,,,,
,,,5.65,1300,0.4323897957801819,0.8676470588235294,0.9052631578947367,297.126,,,,
0.1803,0.6790837049484253,0.00023214285714285717,5.76,1325,,,,,,,,
,,,5.76,1325,0.402948260307312,0.8725490196078431,0.907473309608541,302.8727,,,,
0.2069,5.033426284790039,0.00022619047619047618,5.87,1350,,,,,,,,
,,,5.87,1350,0.45860612392425537,0.8651960784313726,0.9001814882032667,308.624,,,,
0.1999,4.016258239746094,0.00022023809523809523,5.98,1375,,,,,,,,
,,,5.98,1375,0.38395819067955017,0.8651960784313726,0.9040139616055847,314.3961,,,,
0.1208,5.988109111785889,0.00021428571428571427,6.09,1400,,,,,,,,
,,,6.09,1400,0.6118932962417603,0.8455882352941176,0.8951747088186357,319.9942,,,,
0.171,1.0558406114578247,0.00020833333333333335,6.2,1425,,,,,,,,
,,,6.2,1425,0.5034111738204956,0.875,0.9097345132743363,325.8492,,,,
0.165,1.5948609113693237,0.0002023809523809524,6.3,1450,,,,,,,,
,,,6.3,1450,0.5137308835983276,0.875,0.9064220183486239,331.4194,,,,
0.1983,5.3788371086120605,0.00019642857142857144,6.41,1475,,,,,,,,
,,,6.41,1475,0.528729259967804,0.8602941176470589,0.9042016806722689,337.165,,,,
0.2101,0.5547746419906616,0.00019047619047619048,6.52,1500,,,,,,,,
,,,6.52,1500,0.4275349974632263,0.8799019607843137,0.9117117117117116,342.8166,,,,
0.1382,9.352313995361328,0.00018452380952380953,6.63,1525,,,,,,,,
,,,6.63,1525,0.5149006247520447,0.8823529411764706,0.916083916083916,349.2611,,,,
0.1858,0.8436747193336487,0.00017857142857142857,6.74,1550,,,,,,,,
,,,6.74,1550,0.4657200574874878,0.8823529411764706,0.9145907473309609,354.879,,,,
0.1484,2.4161617755889893,0.00017261904761904762,6.85,1575,,,,,,,,
,,,6.85,1575,0.4508211016654968,0.8848039215686274,0.917975567190227,360.5577,,,,
0.1617,2.6603622436523438,0.00016666666666666666,6.96,1600,,,,,,,,
,,,6.96,1600,0.5754193067550659,0.8725490196078431,0.9100346020761245,366.2971,,,,
0.156,5.409624099731445,0.00016071428571428573,7.07,1625,,,,,,,,
,,,7.07,1625,0.514832079410553,0.8725490196078431,0.9090909090909091,371.8619,,,,
0.1377,3.7657806873321533,0.00015476190476190478,7.17,1650,,,,,,,,
,,,7.17,1650,0.53670334815979,0.8799019607843137,0.913884007029877,377.5036,,,,
0.1322,3.84911847114563,0.00014880952380952382,7.28,1675,,,,,,,,
,,,7.28,1675,0.6493650078773499,0.8529411764705882,0.8986486486486487,383.1885,,,,
0.1618,6.799409866333008,0.00014285714285714284,7.39,1700,,,,,,,,
,,,7.39,1700,0.5394248962402344,0.8799019607843137,0.9144851657940662,388.924,,,,
0.1647,3.5847389698028564,0.0001369047619047619,7.5,1725,,,,,,,,
,,,7.5,1725,0.5467387437820435,0.8725490196078431,0.9078014184397164,394.736,,,,
0.137,1.0953667163848877,0.00013095238095238096,7.61,1750,,,,,,,,
,,,7.61,1750,0.507110595703125,0.8700980392156863,0.9071803852889667,400.4286,,,,
0.1494,7.861470699310303,0.000125,7.72,1775,,,,,,,,
,,,7.72,1775,0.5601906776428223,0.8480392156862745,0.8945578231292517,406.2055,,,,
0.1256,6.891226768493652,0.00011904761904761905,7.83,1800,,,,,,,,
,,,7.83,1800,0.6364473700523376,0.8529411764705882,0.8972602739726027,411.8185,,,,
0.1722,3.818974494934082,0.00011309523809523809,7.93,1825,,,,,,,,
,,,7.93,1825,0.5881145596504211,0.8725490196078431,0.9084507042253521,417.7263,,,,
0.1761,4.962855815887451,0.00010714285714285714,8.04,1850,,,,,,,,
,,,8.04,1850,0.6260534524917603,0.8504901960784313,0.8967851099830796,423.2736,,,,
0.1293,4.401218891143799,0.0001011904761904762,8.15,1875,,,,,,,,
,,,8.15,1875,0.5690805315971375,0.8578431372549019,0.8996539792387542,429.0003,,,,
0.1016,0.12020599842071533,9.523809523809524e-05,8.26,1900,,,,,,,,
,,,8.26,1900,0.6169980764389038,0.8602941176470589,0.9018932874354562,434.702,,,,
0.109,2.3713760375976562,8.928571428571429e-05,8.37,1925,,,,,,,,
,,,8.37,1925,0.5802791118621826,0.8651960784313726,0.9040139616055847,440.4932,,,,
0.0978,0.8944373726844788,8.333333333333333e-05,8.48,1950,,,,,,,,
,,,8.48,1950,0.6426650285720825,0.8578431372549019,0.9006849315068494,446.3059,,,,
0.0798,9.707803726196289,7.738095238095239e-05,8.59,1975,,,,,,,,
,,,8.59,1975,0.6878288984298706,0.8455882352941176,0.8934010152284263,451.9613,,,,
0.1733,3.0173983573913574,7.142857142857142e-05,8.7,2000,,,,,,,,
,,,8.7,2000,0.641660213470459,0.8578431372549019,0.9003436426116839,457.6268,,,,
0.1122,4.164419651031494,6.547619047619048e-05,8.8,2025,,,,,,,,
,,,8.8,2025,0.6323201656341553,0.8651960784313726,0.9033391915641477,463.9686,,,,
0.1599,2.4277119636535645,5.9523809523809524e-05,8.91,2050,,,,,,,,
,,,8.91,2050,0.6344961524009705,0.8602941176470589,0.9012131715771231,469.7031,,,,
0.1645,0.8736262917518616,5.357142857142857e-05,9.02,2075,,,,,,,,
,,,9.02,2075,0.6179072260856628,0.8627450980392157,0.903114186851211,475.3243,,,,
0.1044,0.14631274342536926,4.761904761904762e-05,9.13,2100,,,,,,,,
,,,9.13,2100,0.6377506852149963,0.8676470588235294,0.9042553191489361,480.9511,,,,
0.1434,2.3781332969665527,4.1666666666666665e-05,9.24,2125,,,,,,,,
,,,9.24,2125,0.6371225118637085,0.8700980392156863,0.9065255731922399,486.6479,,,,
0.1358,2.3588180541992188,3.571428571428571e-05,9.35,2150,,,,,,,,
,,,9.35,2150,0.6302863955497742,0.8602941176470589,0.9015544041450777,492.3144,,,,
0.1174,0.039620667695999146,2.9761904761904762e-05,9.46,2175,,,,,,,,
,,,9.46,2175,0.6157848834991455,0.8627450980392157,0.9027777777777778,498.0442,,,,
0.0901,4.3294997215271,2.380952380952381e-05,9.57,2200,,,,,,,,
,,,9.57,2200,0.6246768236160278,0.8627450980392157,0.903114186851211,503.7143,,,,
0.1009,2.2447636127471924,1.7857142857142855e-05,9.67,2225,,,,,,,,
,,,9.67,2225,0.6225244402885437,0.8651960784313726,0.9046793760831888,509.3779,,,,
0.0956,0.7016376256942749,1.1904761904761905e-05,9.78,2250,,,,,,,,
,,,9.78,2250,0.6266821622848511,0.8651960784313726,0.9046793760831888,515.0634,,,,
0.1078,0.2074272334575653,5.9523809523809525e-06,9.89,2275,,,,,,,,
,,,9.89,2275,0.6294347643852234,0.8651960784313726,0.9046793760831888,520.8427,,,,
0.0962,0.005598008632659912,0.0,10.0,2300,,,,,,,,
,,,10.0,2300,0.6285687685012817,0.8651960784313726,0.9046793760831888,526.4802,,,,
,,,10.0,2300,,,,526.0565,69.726,4.372,1460977291679136.0,0.2631967146500297
