loss,grad_norm,learning_rate,epoch,step,eval_loss,eval_accuracy,train_runtime,train_samples_per_second,train_steps_per_second,total_flos,train_loss
0.7064,2.2608160972595215,3.5e-06,0.00641025641025641,1,,,,,,,
0.6956,0.6351692080497742,0.000175,0.32051282051282054,50,,,,,,,
,,,0.32051282051282054,50,0.692460298538208,0.5270758122743683,23.2915,,,,
0.703,0.7949066162109375,0.00035,0.6410256410256411,100,,,,,,,
,,,0.6410256410256411,100,0.6915998458862305,0.5018050541516246,47.6998,,,,
0.6896,4.9308695793151855,0.000525,0.9615384615384616,150,,,,,,,
,,,0.9615384615384616,150,0.697727382183075,0.5631768953068592,71.9249,,,,
0.7262,2.8905375003814697,0.0007,1.282051282051282,200,,,,,,,
,,,1.282051282051282,200,0.6737270951271057,0.6534296028880866,96.106,,,,
0.6726,1.4194550514221191,0.0006742647058823529,1.6025641025641026,250,,,,,,,
,,,1.6025641025641026,250,0.7249159812927246,0.4729241877256318,119.7817,,,,
0.7096,1.4668571949005127,0.0006485294117647059,1.9230769230769231,300,,,,,,,
,,,1.9230769230769231,300,0.6942027807235718,0.4729241877256318,143.6479,,,,
0.7019,0.698506772518158,0.0006227941176470587,2.2435897435897436,350,,,,,,,
,,,2.2435897435897436,350,0.6936916708946228,0.4729241877256318,166.8776,,,,
0.7109,1.2463593482971191,0.0005970588235294117,2.564102564102564,400,,,,,,,
,,,2.564102564102564,400,0.695246696472168,0.4729241877256318,190.6262,,,,
0.6973,0.4996393322944641,0.0005713235294117647,2.8846153846153846,450,,,,,,,
,,,2.8846153846153846,450,0.706043541431427,0.5270758122743683,214.7538,,,,
0.6958,0.6612133979797363,0.0005455882352941177,3.2051282051282053,500,,,,,,,
,,,3.2051282051282053,500,0.6924213767051697,0.5306859205776173,238.6013,,,,
0.7058,1.7233085632324219,0.0005198529411764706,3.5256410256410255,550,,,,,,,
,,,3.5256410256410255,550,0.6882320642471313,0.5270758122743683,262.4524,,,,
0.7114,0.8815571069717407,0.0004941176470588236,3.8461538461538463,600,,,,,,,
,,,3.8461538461538463,600,0.6930044889450073,0.4729241877256318,286.1489,,,,
0.7009,1.2387475967407227,0.00046838235294117644,4.166666666666667,650,,,,,,,
,,,4.166666666666667,650,0.689450204372406,0.5631768953068592,310.4514,,,,
0.6796,2.324586868286133,0.0004426470588235294,4.487179487179487,700,,,,,,,
,,,4.487179487179487,700,0.614711582660675,0.6714801444043321,334.199,,,,
0.6196,3.046674966812134,0.00041691176470588234,4.8076923076923075,750,,,,,,,
,,,4.8076923076923075,750,0.587774932384491,0.7003610108303249,357.7212,,,,
0.5447,1.6650174856185913,0.0003911764705882353,5.128205128205128,800,,,,,,,
,,,5.128205128205128,800,0.5409563183784485,0.7184115523465704,381.5756,,,,
0.5732,1.1073386669158936,0.00036544117647058824,5.448717948717949,850,,,,,,,
,,,5.448717948717949,850,0.5600862503051758,0.7256317689530686,405.9639,,,,
0.4869,5.521511554718018,0.0003397058823529412,5.769230769230769,900,,,,,,,
,,,5.769230769230769,900,0.6522176265716553,0.703971119133574,429.863,,,,
0.5436,1.2264652252197266,0.00031397058823529414,6.089743589743589,950,,,,,,,
,,,6.089743589743589,950,0.5915903449058533,0.7075812274368231,453.5429,,,,
0.4321,3.546189308166504,0.00028823529411764703,6.410256410256411,1000,,,,,,,
,,,6.410256410256411,1000,0.671647846698761,0.7256317689530686,477.3086,,,,
0.3839,4.686422824859619,0.0002625,6.730769230769231,1050,,,,,,,
,,,6.730769230769231,1050,0.5736638307571411,0.7472924187725631,501.7971,,,,
0.3491,3.8744940757751465,0.00023676470588235296,7.051282051282051,1100,,,,,,,
,,,7.051282051282051,1100,0.6286051273345947,0.7364620938628159,526.1929,,,,
0.2932,10.030305862426758,0.00021102941176470586,7.371794871794872,1150,,,,,,,
,,,7.371794871794872,1150,0.6894614100456238,0.7870036101083032,550.6872,,,,
0.2751,4.407812118530273,0.00018529411764705883,7.6923076923076925,1200,,,,,,,
,,,7.6923076923076925,1200,0.7049638628959656,0.7545126353790613,573.9126,,,,
0.2961,1.6708920001983643,0.00015955882352941176,8.012820512820513,1250,,,,,,,
,,,8.012820512820513,1250,0.627288818359375,0.7436823104693141,597.8895,,,,
0.1854,14.240120887756348,0.0001338235294117647,8.333333333333334,1300,,,,,,,
,,,8.333333333333334,1300,0.9063173532485962,0.7436823104693141,621.7328,,,,
0.1777,5.676476001739502,0.00010808823529411764,8.653846153846153,1350,,,,,,,
,,,8.653846153846153,1350,0.7755295634269714,0.779783393501805,645.3178,,,,
0.1815,4.849343299865723,8.235294117647058e-05,8.974358974358974,1400,,,,,,,
,,,8.974358974358974,1400,0.7820347547531128,0.7509025270758123,668.8655,,,,
0.1468,6.744472503662109,5.661764705882353e-05,9.294871794871796,1450,,,,,,,
,,,9.294871794871796,1450,0.942102313041687,0.7472924187725631,692.5353,,,,
0.129,5.634097576141357,3.0882352941176475e-05,9.615384615384615,1500,,,,,,,
,,,9.615384615384615,1500,0.9267998933792114,0.7725631768953068,716.5652,,,,
0.1232,14.8031005859375,5.147058823529411e-06,9.935897435897436,1550,,,,,,,
,,,9.935897435897436,1550,0.9558271765708923,0.7689530685920578,740.8446,,,,
,,,10.0,1560,,,744.2766,33.455,2.096,2164515504937920.0,0.4988274564727759
