loss,grad_norm,learning_rate,epoch,step,eval_loss,eval_accuracy,eval_f1,train_runtime,train_samples_per_second,train_steps_per_second,total_flos,train_loss
1.1838,4.2849955558776855,1e-05,0.0625,1,,,,,,,,
1.1012,3.5236501693725586,0.0001,0.625,10,,,,,,,,
,,,0.625,10,1.055137038230896,0.4107142857142857,0.1940928270042194,4.8095,,,,
0.9659,3.2605552673339844,0.0002,1.25,20,,,,,,,,
,,,1.25,20,0.9404038786888123,0.4107142857142857,0.1940928270042194,9.3248,,,,
0.8871,2.2997794151306152,0.0003,1.875,30,,,,,,,,
,,,1.875,30,0.90056312084198,0.5,0.24617886178861784,13.7008,,,,
0.9519,1.1508291959762573,0.0004,2.5,40,,,,,,,,
,,,2.5,40,0.8809250593185425,0.7321428571428571,0.5064836003051106,18.0172,,,,
0.7933,2.437987804412842,0.0005,3.125,50,,,,,,,,
,,,3.125,50,0.825167179107666,0.6964285714285714,0.48646125116713357,22.4152,,,,
0.7984,2.123012065887451,0.00048148148148148144,3.75,60,,,,,,,,
,,,3.75,60,0.7180136442184448,0.6964285714285714,0.4872881355932203,26.904,,,,
0.6288,2.9081737995147705,0.000462962962962963,4.375,70,,,,,,,,
,,,4.375,70,0.7483024001121521,0.6785714285714286,0.47478301665493783,31.107,,,,
0.596,2.333005666732788,0.0004444444444444444,5.0,80,,,,,,,,
,,,5.0,80,0.6781883239746094,0.6964285714285714,0.4872514619883041,35.511,,,,
0.4828,2.5070996284484863,0.00042592592592592595,5.625,90,,,,,,,,
,,,5.625,90,0.5853738188743591,0.75,0.5239825581395349,40.2599,,,,
0.4119,2.6592938899993896,0.0004074074074074074,6.25,100,,,,,,,,
,,,6.25,100,0.47112321853637695,0.7678571428571429,0.5372775372775372,44.4739,,,,
0.2432,1.1447060108184814,0.0003888888888888889,6.875,110,,,,,,,,
,,,6.875,110,0.45825591683387756,0.8571428571428571,0.5994297933000713,48.8123,,,,
0.1937,1.3542499542236328,0.00037037037037037035,7.5,120,,,,,,,,
,,,7.5,120,0.34336569905281067,0.8392857142857143,0.7307896575821106,52.7984,,,,
0.1078,0.742641031742096,0.0003518518518518519,8.125,130,,,,,,,,
,,,8.125,130,0.31577715277671814,0.8928571428571429,0.7848484848484848,57.3677,,,,
0.0604,0.318229615688324,0.0003333333333333333,8.75,140,,,,,,,,
,,,8.75,140,0.26891401410102844,0.875,0.7567340067340068,62.2103,,,,
0.0864,1.089497447013855,0.0003148148148148148,9.375,150,,,,,,,,
,,,9.375,150,0.2620125412940979,0.875,0.787199105614366,66.6026,,,,
0.0501,0.13454513251781464,0.0002962962962962963,10.0,160,,,,,,,,
,,,10.0,160,0.2488609403371811,0.9107142857142857,0.8661503048401143,70.9967,,,,
0.0076,0.04176056385040283,0.0002777777777777778,10.625,170,,,,,,,,
,,,10.625,170,0.38515809178352356,0.8928571428571429,0.8001253132832081,75.74,,,,
0.095,0.7048040628433228,0.00025925925925925926,11.25,180,,,,,,,,
,,,11.25,180,0.3034374415874481,0.9107142857142857,0.8818713450292398,80.0557,,,,
0.0572,0.008898803032934666,0.00024074074074074072,11.875,190,,,,,,,,
,,,11.875,190,0.26595601439476013,0.8928571428571429,0.8001253132832081,84.8286,,,,
0.0161,0.02875596657395363,0.0002222222222222222,12.5,200,,,,,,,,
,,,12.5,200,0.3489268124103546,0.9107142857142857,0.8653086419753087,89.1273,,,,
0.0076,0.020986000075936317,0.0002037037037037037,13.125,210,,,,,,,,
,,,13.125,210,0.23758617043495178,0.9107142857142857,0.8650793650793651,93.4291,,,,
0.0049,0.22019854187965393,0.00018518518518518518,13.75,220,,,,,,,,
,,,13.75,220,0.24145732820034027,0.9107142857142857,0.8650793650793651,98.2783,,,,
0.0035,0.009564757347106934,0.00016666666666666666,14.375,230,,,,,,,,
,,,14.375,230,0.24000747501850128,0.9107142857142857,0.8650793650793651,102.9519,,,,
0.0042,0.046844709664583206,0.00014814814814814815,15.0,240,,,,,,,,
,,,15.0,240,0.2262074202299118,0.9107142857142857,0.8650793650793651,107.2086,,,,
0.0037,0.04228224977850914,0.00012962962962962963,15.625,250,,,,,,,,
,,,15.625,250,0.22626140713691711,0.9107142857142857,0.8650793650793651,111.6396,,,,
0.008,2.0788328647613525,0.0001111111111111111,16.25,260,,,,,,,,
,,,16.25,260,0.22817370295524597,0.9107142857142857,0.8650793650793651,116.2045,,,,
0.003,0.016497626900672913,9.259259259259259e-05,16.875,270,,,,,,,,
,,,16.875,270,0.2347647249698639,0.9107142857142857,0.8650793650793651,120.7342,,,,
0.0036,0.011936008930206299,7.407407407407407e-05,17.5,280,,,,,,,,
,,,17.5,280,0.23571158945560455,0.9285714285714286,0.9178768434087582,125.4425,,,,
0.0032,0.8374053835868835,5.555555555555555e-05,18.125,290,,,,,,,,
,,,18.125,290,0.23664771020412445,0.9285714285714286,0.9178768434087582,129.7852,,,,
0.0021,0.06996273249387741,3.7037037037037037e-05,18.75,300,,,,,,,,
,,,18.75,300,0.2330576479434967,0.9285714285714286,0.8950310559006213,134.561,,,,
0.0052,0.030808130279183388,1.8518518518518518e-05,19.375,310,,,,,,,,
,,,19.375,310,0.23040905594825745,0.9285714285714286,0.8950310559006213,138.5942,,,,
0.0016,0.013059142045676708,0.0,20.0,320,,,,,,,,
,,,20.0,320,0.23039110004901886,0.9285714285714286,0.9178768434087582,143.203,,,,
,,,20.0,320,,,,142.7378,35.029,2.242,456088174355520.0,0.2685496361984406
