loss,grad_norm,learning_rate,epoch,step,eval_loss,eval_accuracy,eval_f1,train_runtime,train_samples_per_second,train_steps_per_second,total_flos,train_loss
0.6904,1.1797510385513306,2.5e-06,0.004347826086956522,1,,,,,,,,
0.6673,2.327707290649414,6.25e-05,0.10869565217391304,25,,,,,,,,
,,,0.10869565217391304,25,0.6362279057502747,0.6838235294117647,0.8122270742358079,7.2723,,,,
0.6672,0.6322049498558044,0.000125,0.21739130434782608,50,,,,,,,,
,,,0.21739130434782608,50,0.6325935125350952,0.6838235294117647,0.8122270742358079,14.2611,,,,
0.6333,1.8693628311157227,0.0001875,0.32608695652173914,75,,,,,,,,
,,,0.32608695652173914,75,0.6165884137153625,0.6838235294117647,0.8122270742358079,21.2791,,,,
0.6248,1.6943790912628174,0.00025,0.43478260869565216,100,,,,,,,,
,,,0.43478260869565216,100,0.5762803554534912,0.6838235294117647,0.8122270742358079,28.199,,,,
0.5334,1.7588285207748413,0.0003125,0.5434782608695652,125,,,,,,,,
,,,0.5434782608695652,125,0.45933037996292114,0.7867647058823529,0.8557213930348259,35.2058,,,,
0.4841,1.471264123916626,0.000375,0.6521739130434783,150,,,,,,,,
,,,0.6521739130434783,150,0.46438971161842346,0.8014705882352942,0.8687196110210698,42.073,,,,
0.5527,4.333212375640869,0.0004375,0.7608695652173914,175,,,,,,,,
,,,0.7608695652173914,175,0.3790891170501709,0.8431372549019608,0.8853046594982079,49.283,,,,
0.4881,2.318807601928711,0.0005,0.8695652173913043,200,,,,,,,,
,,,0.8695652173913043,200,0.4727930426597595,0.8455882352941176,0.8926746166950595,56.2697,,,,
0.5937,1.3941291570663452,0.0004940476190476191,0.9782608695652174,225,,,,,,,,
,,,0.9782608695652174,225,0.5743924379348755,0.8382352941176471,0.876865671641791,63.2966,,,,
0.5101,1.6537339687347412,0.0004880952380952381,1.0869565217391304,250,,,,,,,,
,,,1.0869565217391304,250,0.39130455255508423,0.8284313725490197,0.8848684210526315,70.0149,,,,
0.4432,1.082764744758606,0.00048214285714285715,1.1956521739130435,275,,,,,,,,
,,,1.1956521739130435,275,0.32928645610809326,0.8553921568627451,0.8963093145869947,76.9692,,,,
0.4076,2.0817887783050537,0.0004761904761904762,1.3043478260869565,300,,,,,,,,
,,,1.3043478260869565,300,0.34018540382385254,0.8700980392156863,0.9065255731922399,83.9821,,,,
0.4074,2.9829354286193848,0.00047023809523809523,1.4130434782608696,325,,,,,,,,
,,,1.4130434782608696,325,0.37465643882751465,0.8602941176470589,0.9008695652173914,90.8711,,,,
0.3891,3.373262405395508,0.00046428571428571433,1.5217391304347827,350,,,,,,,,
,,,1.5217391304347827,350,0.32081544399261475,0.8578431372549019,0.8982456140350877,97.9133,,,,
0.4054,3.3218719959259033,0.0004583333333333333,1.6304347826086958,375,,,,,,,,
,,,1.6304347826086958,375,0.3041817247867584,0.8725490196078431,0.9081272084805654,104.7379,,,,
0.3069,5.086684226989746,0.00045238095238095237,1.7391304347826086,400,,,,,,,,
,,,1.7391304347826086,400,0.45776957273483276,0.8774509803921569,0.9146757679180888,111.7848,,,,
0.3777,1.557833194732666,0.00044642857142857147,1.8478260869565217,425,,,,,,,,
,,,1.8478260869565217,425,0.34473884105682373,0.8504901960784313,0.8981636060100167,118.7869,,,,
0.3727,3.391852617263794,0.00044047619047619046,1.9565217391304348,450,,,,,,,,
,,,1.9565217391304348,450,0.31335771083831787,0.8823529411764706,0.9166666666666667,125.8778,,,,
0.2456,1.4367008209228516,0.00043452380952380956,2.0652173913043477,475,,,,,,,,
,,,2.0652173913043477,475,0.43205490708351135,0.8431372549019608,0.8943894389438943,132.682,,,,
0.3073,1.1956020593643188,0.00042857142857142855,2.1739130434782608,500,,,,,,,,
,,,2.1739130434782608,500,0.3033362329006195,0.8627450980392157,0.8970588235294118,139.6125,,,,
0.2646,2.166245460510254,0.00042261904761904765,2.282608695652174,525,,,,,,,,
,,,2.282608695652174,525,0.28918153047561646,0.8725490196078431,0.9064748201438848,146.9077,,,,
0.2723,1.6192936897277832,0.0004166666666666667,2.391304347826087,550,,,,,,,,
,,,2.391304347826087,550,0.2872116267681122,0.8774509803921569,0.9100719424460433,153.8059,,,,
0.2573,2.50247859954834,0.0004107142857142857,2.5,575,,,,,,,,
,,,2.5,575,0.3070615231990814,0.8921568627450981,0.921146953405018,161.0075,,,,
0.2925,4.913197040557861,0.0004047619047619048,2.608695652173913,600,,,,,,,,
,,,2.608695652173913,600,0.37571388483047485,0.8602941176470589,0.9048414023372287,167.9827,,,,
0.2423,3.7612011432647705,0.00039880952380952383,2.717391304347826,625,,,,,,,,
,,,2.717391304347826,625,0.3763238787651062,0.8774509803921569,0.9131944444444444,175.0837,,,,
0.3337,4.535043716430664,0.0003928571428571429,2.8260869565217392,650,,,,,,,,
,,,2.8260869565217392,650,0.30167868733406067,0.8823529411764706,0.9136690647482014,182.1694,,,,
0.2712,3.7040421962738037,0.0003869047619047619,2.9347826086956523,675,,,,,,,,
,,,2.9347826086956523,675,0.3947981297969818,0.8529411764705882,0.8958333333333334,189.194,,,,
0.2188,1.6794614791870117,0.00038095238095238096,3.0434782608695654,700,,,,,,,,
,,,3.0434782608695654,700,0.4018283486366272,0.8725490196078431,0.9081272084805654,196.0191,,,,
0.189,5.408702373504639,0.000375,3.1521739130434785,725,,,,,,,,
,,,3.1521739130434785,725,0.4106654226779938,0.8823529411764706,0.9151943462897526,202.9838,,,,
0.1498,2.019421339035034,0.00036904761904761905,3.260869565217391,750,,,,,,,,
,,,3.260869565217391,750,0.41249850392341614,0.8872549019607843,0.9201388888888888,210.1153,,,,
0.1991,3.232294797897339,0.0003630952380952381,3.369565217391304,775,,,,,,,,
,,,3.369565217391304,775,0.4961952865123749,0.8676470588235294,0.9,216.9565,,,,
0.2041,1.4632551670074463,0.00035714285714285714,3.4782608695652173,800,,,,,,,,
,,,3.4782608695652173,800,0.3852179944515228,0.8651960784313726,0.9050086355785838,223.9583,,,,
0.1901,0.8370954990386963,0.0003511904761904762,3.5869565217391304,825,,,,,,,,
,,,3.5869565217391304,825,0.39328503608703613,0.8700980392156863,0.9045045045045046,231.0117,,,,
0.216,6.538629055023193,0.00034523809523809523,3.6956521739130435,850,,,,,,,,
,,,3.6956521739130435,850,0.47243574261665344,0.8700980392156863,0.905861456483126,238.0474,,,,
0.1515,11.31718635559082,0.00033928571428571433,3.8043478260869565,875,,,,,,,,
,,,3.8043478260869565,875,0.4416322112083435,0.875,0.9084380610412927,245.0962,,,,
0.2013,7.238893508911133,0.0003333333333333333,3.9130434782608696,900,,,,,,,,
,,,3.9130434782608696,900,0.4915313422679901,0.8725490196078431,0.9106529209621993,252.0997,,,,
0.2362,0.20570313930511475,0.00032738095238095237,4.021739130434782,925,,,,,,,,
,,,4.021739130434782,925,0.39301547408103943,0.8823529411764706,0.915492957746479,258.969,,,,
0.0689,0.032610487192869186,0.00032142857142857147,4.130434782608695,950,,,,,,,,
,,,4.130434782608695,950,0.5620604753494263,0.875,0.911917098445596,265.9662,,,,
0.083,6.958408832550049,0.00031547619047619046,4.239130434782608,975,,,,,,,,
,,,4.239130434782608,975,0.8134557604789734,0.8529411764705882,0.8993288590604027,272.8392,,,,
0.1542,2.9807333946228027,0.00030952380952380956,4.3478260869565215,1000,,,,,,,,
,,,4.3478260869565215,1000,0.4760282039642334,0.8651960784313726,0.9056603773584906,279.8147,,,,
0.1123,0.5632848739624023,0.00030357142857142855,4.456521739130435,1025,,,,,,,,
,,,4.456521739130435,1025,0.5664869546890259,0.8578431372549019,0.8921933085501859,287.2353,,,,
0.1139,1.2988319396972656,0.00029761904761904765,4.565217391304348,1050,,,,,,,,
,,,4.565217391304348,1050,0.5356850624084473,0.8627450980392157,0.901060070671378,294.3801,,,,
0.0705,0.01173156313598156,0.0002916666666666667,4.673913043478261,1075,,,,,,,,
,,,4.673913043478261,1075,0.6376000046730042,0.8725490196078431,0.9044117647058824,301.3343,,,,
0.0748,3.3969342708587646,0.0002857142857142857,4.782608695652174,1100,,,,,,,,
,,,4.782608695652174,1100,0.6908780336380005,0.8799019607843137,0.9104204753199269,308.4085,,,,
0.1001,2.9671313762664795,0.0002797619047619048,4.891304347826087,1125,,,,,,,,
,,,4.891304347826087,1125,0.5477738976478577,0.875,0.9071038251366121,315.4464,,,,
0.1263,0.0335029661655426,0.0002738095238095238,5.0,1150,,,,,,,,
,,,5.0,1150,0.5049135088920593,0.8774509803921569,0.9070631970260223,322.4294,,,,
0.0533,2.904991626739502,0.00026785714285714287,5.108695652173913,1175,,,,,,,,
,,,5.108695652173913,1175,0.6272090077400208,0.875,0.9125214408233276,329.4113,,,,
0.0248,0.004865000490099192,0.0002619047619047619,5.217391304347826,1200,,,,,,,,
,,,5.217391304347826,1200,0.7383894920349121,0.8823529411764706,0.9157894736842105,336.4374,,,,
0.0501,0.008374161086976528,0.00025595238095238096,5.326086956521739,1225,,,,,,,,
,,,5.326086956521739,1225,0.7719078660011292,0.8848039215686274,0.9131238447319779,343.5103,,,,
0.1843,3.3056161403656006,0.00025,5.434782608695652,1250,,,,,,,,
,,,5.434782608695652,1250,0.5089898109436035,0.8872549019607843,0.9190140845070423,350.4136,,,,
0.0954,9.246192932128906,0.00024404761904761905,5.543478260869565,1275,,,,,,,,
,,,5.543478260869565,1275,0.42688697576522827,0.8872549019607843,0.9195804195804195,357.3639,,,,
0.0463,0.08170178532600403,0.0002380952380952381,5.6521739130434785,1300,,,,,,,,
,,,5.6521739130434785,1300,0.5954367518424988,0.8627450980392157,0.9054054054054055,364.4063,,,,
0.0761,2.3312995433807373,0.00023214285714285717,5.760869565217392,1325,,,,,,,,
,,,5.760869565217392,1325,0.5032106041908264,0.8823529411764706,0.915492957746479,371.5348,,,,
0.0581,2.356865167617798,0.00022619047619047618,5.869565217391305,1350,,,,,,,,
,,,5.869565217391305,1350,0.6182090044021606,0.8872549019607843,0.9166666666666666,378.6837,,,,
0.0802,0.08486845344305038,0.00022023809523809523,5.978260869565218,1375,,,,,,,,
,,,5.978260869565218,1375,0.6351396441459656,0.8848039215686274,0.9134438305709024,385.7708,,,,
0.0516,0.5781369209289551,0.00021428571428571427,6.086956521739131,1400,,,,,,,,
,,,6.086956521739131,1400,0.6271964907646179,0.8725490196078431,0.9097222222222222,392.7394,,,,
0.0674,9.212379455566406,0.00020833333333333335,6.195652173913044,1425,,,,,,,,
,,,6.195652173913044,1425,0.6348873376846313,0.8970588235294118,0.9263157894736843,399.9086,,,,
0.0447,0.06937137991189957,0.0002023809523809524,6.304347826086957,1450,,,,,,,,
,,,6.304347826086957,1450,0.5920918583869934,0.8921568627450981,0.9208633093525179,406.8129,,,,
0.116,18.210254669189453,0.00019642857142857144,6.413043478260869,1475,,,,,,,,
,,,6.413043478260869,1475,0.566197395324707,0.8921568627450981,0.9228070175438596,413.8072,,,,
0.0311,0.22534267604351044,0.00019047619047619048,6.521739130434782,1500,,,,,,,,
,,,6.521739130434782,1500,0.5424631834030151,0.8946078431372549,0.9222423146473779,420.7364,,,,
0.0294,0.0438990481197834,0.00018452380952380953,6.630434782608695,1525,,,,,,,,
,,,6.630434782608695,1525,0.6779020428657532,0.8700980392156863,0.9090909090909091,428.2294,,,,
0.0438,0.042771946638822556,0.00017857142857142857,6.739130434782608,1550,,,,,,,,
,,,6.739130434782608,1550,0.6558268070220947,0.8774509803921569,0.910394265232975,435.1332,,,,
0.0295,0.29736024141311646,0.00017261904761904762,6.8478260869565215,1575,,,,,,,,
,,,6.8478260869565215,1575,0.6719163656234741,0.8774509803921569,0.9097472924187725,442.1988,,,,
0.0274,1.0787869691848755,0.00016666666666666666,6.956521739130435,1600,,,,,,,,
,,,6.956521739130435,1600,0.7564349174499512,0.8774509803921569,0.9137931034482758,449.262,,,,
0.0257,2.5615198612213135,0.00016071428571428573,7.065217391304348,1625,,,,,,,,
,,,7.065217391304348,1625,0.7566072344779968,0.8725490196078431,0.9090909090909091,456.1145,,,,
0.0405,0.00277745071798563,0.00015476190476190478,7.173913043478261,1650,,,,,,,,
,,,7.173913043478261,1650,0.7755831480026245,0.8823529411764706,0.9166666666666667,463.1402,,,,
0.0281,0.7367604970932007,0.00014880952380952382,7.282608695652174,1675,,,,,,,,
,,,7.282608695652174,1675,0.6537888646125793,0.8872549019607843,0.9178571428571428,470.0598,,,,
0.0641,0.04610876739025116,0.00014285714285714284,7.391304347826087,1700,,,,,,,,
,,,7.391304347826087,1700,0.5877236127853394,0.8897058823529411,0.9192100538599641,477.2067,,,,
0.0173,0.022608116269111633,0.0001369047619047619,7.5,1725,,,,,,,,
,,,7.5,1725,0.5677686929702759,0.8970588235294118,0.9236363636363636,484.2348,,,,
0.0176,0.006571819074451923,0.00013095238095238096,7.608695652173913,1750,,,,,,,,
,,,7.608695652173913,1750,0.6642652153968811,0.8921568627450981,0.9208633093525179,491.3273,,,,
0.0322,0.31761011481285095,0.000125,7.717391304347826,1775,,,,,,,,
,,,7.717391304347826,1775,0.6965730786323547,0.8872549019607843,0.9175627240143369,498.3652,,,,
0.0237,0.01287365797907114,0.00011904761904761905,7.826086956521739,1800,,,,,,,,
,,,7.826086956521739,1800,0.6884798407554626,0.8848039215686274,0.9156193895870736,505.3009,,,,
0.0188,0.02747056446969509,0.00011309523809523809,7.934782608695652,1825,,,,,,,,
,,,7.934782608695652,1825,0.7416417598724365,0.8799019607843137,0.9126559714795008,512.6052,,,,
0.0698,0.22153297066688538,0.00010714285714285714,8.043478260869565,1850,,,,,,,,
,,,8.043478260869565,1850,0.7182431221008301,0.8848039215686274,0.9156193895870736,519.451,,,,
0.0147,0.06107206642627716,0.0001011904761904762,8.152173913043478,1875,,,,,,,,
,,,8.152173913043478,1875,0.7302648425102234,0.8823529411764706,0.9151943462897526,526.5771,,,,
0.0008,0.006148768588900566,9.523809523809524e-05,8.26086956521739,1900,,,,,,,,
,,,8.26086956521739,1900,0.7395445108413696,0.8799019607843137,0.9129662522202486,533.5708,,,,
0.0221,0.008407008834183216,8.928571428571429e-05,8.369565217391305,1925,,,,,,,,
,,,8.369565217391305,1925,0.7406048774719238,0.8946078431372549,0.9228007181328547,540.6837,,,,
0.0194,0.005309264175593853,8.333333333333333e-05,8.478260869565217,1950,,,,,,,,
,,,8.478260869565217,1950,0.7092245221138,0.8946078431372549,0.9228007181328547,547.8259,,,,
0.0191,0.24853748083114624,7.738095238095239e-05,8.58695652173913,1975,,,,,,,,
,,,8.58695652173913,1975,0.7001034617424011,0.8897058823529411,0.9206349206349206,554.6975,,,,
0.0345,0.03136225417256355,7.142857142857142e-05,8.695652173913043,2000,,,,,,,,
,,,8.695652173913043,2000,0.729754626750946,0.8848039215686274,0.917975567190227,561.7689,,,,
0.0198,0.012396227568387985,6.547619047619048e-05,8.804347826086957,2025,,,,,,,,
,,,8.804347826086957,2025,0.7278990149497986,0.8872549019607843,0.9192982456140351,569.0598,,,,
0.0114,0.009981954470276833,5.9523809523809524e-05,8.91304347826087,2050,,,,,,,,
,,,8.91304347826087,2050,0.7449237704277039,0.8848039215686274,0.9176882661996497,576.1905,,,,
0.019,0.002974385628476739,5.357142857142857e-05,9.021739130434783,2075,,,,,,,,
,,,9.021739130434783,2075,0.7199795246124268,0.8946078431372549,0.9238938053097344,583.0093,,,,
0.0085,0.0020264729391783476,4.761904761904762e-05,9.130434782608695,2100,,,,,,,,
,,,9.130434782608695,2100,0.7074103951454163,0.8970588235294118,0.9249999999999999,590.0813,,,,
0.0205,0.002439107047393918,4.1666666666666665e-05,9.23913043478261,2125,,,,,,,,
,,,9.23913043478261,2125,0.7534758448600769,0.8823529411764706,0.9157894736842105,597.1078,,,,
0.0008,0.003255311632528901,3.571428571428571e-05,9.347826086956522,2150,,,,,,,,
,,,9.347826086956522,2150,0.7571417689323425,0.8823529411764706,0.9157894736842105,604.0356,,,,
0.014,0.009257900528609753,2.9761904761904762e-05,9.456521739130435,2175,,,,,,,,
,,,9.456521739130435,2175,0.7260240316390991,0.8921568627450981,0.9219858156028369,611.1434,,,,
0.0054,0.005508830305188894,2.380952380952381e-05,9.565217391304348,2200,,,,,,,,
,,,9.565217391304348,2200,0.7190254330635071,0.8946078431372549,0.9236234458259325,618.0816,,,,
0.022,0.003570606466382742,1.7857142857142855e-05,9.673913043478262,2225,,,,,,,,
,,,9.673913043478262,2225,0.7260078191757202,0.8946078431372549,0.9236234458259325,625.1074,,,,
0.0189,0.009303431957960129,1.1904761904761905e-05,9.782608695652174,2250,,,,,,,,
,,,9.782608695652174,2250,0.7210050225257874,0.8946078431372549,0.9236234458259325,632.0869,,,,
0.0234,0.023014483973383904,5.9523809523809525e-06,9.891304347826086,2275,,,,,,,,
,,,9.891304347826086,2275,0.720589816570282,0.8946078431372549,0.9236234458259325,639.1067,,,,
0.0111,0.35002002120018005,0.0,10.0,2300,,,,,,,,
,,,10.0,2300,0.7205990552902222,0.8946078431372549,0.9236234458259325,646.1098,,,,
,,,10.0,2300,,,,645.7367,56.803,3.562,1495712005805472.0,0.17331555080640576
