loss,grad_norm,learning_rate,epoch,step,eval_loss,eval_accuracy,eval_f1,train_runtime,train_samples_per_second,train_steps_per_second,total_flos,train_loss
1.1672,4.064709186553955,2.0000000000000002e-07,0.0625,1,,,,,,,,
1.1405,5.4551591873168945,2.0000000000000003e-06,0.625,10,,,,,,,,
,,,0.625,10,1.124426007270813,0.4107142857142857,0.1940928270042194,5.78,,,,
1.1051,4.222975730895996,4.000000000000001e-06,1.25,20,,,,,,,,
,,,1.25,20,1.101364254951477,0.4107142857142857,0.1940928270042194,11.4501,,,,
1.0782,3.8597192764282227,6e-06,1.875,30,,,,,,,,
,,,1.875,30,1.0610555410385132,0.4107142857142857,0.1940928270042194,16.8875,,,,
1.0053,3.693491220474243,8.000000000000001e-06,2.5,40,,,,,,,,
,,,2.5,40,0.9849439859390259,0.4107142857142857,0.1940928270042194,22.2922,,,,
0.9221,5.634390830993652,1e-05,3.125,50,,,,,,,,
,,,3.125,50,0.8665814995765686,0.6428571428571429,0.4484043792219892,27.7724,,,,
0.8216,4.423225402832031,1.2e-05,3.75,60,,,,,,,,
,,,3.75,60,0.7891157865524292,0.6785714285714286,0.47391812865497074,33.3495,,,,
0.6371,6.381290912628174,1.4e-05,4.375,70,,,,,,,,
,,,4.375,70,0.7807850241661072,0.6785714285714286,0.47391812865497074,38.6659,,,,
0.5953,7.7561354637146,1.6000000000000003e-05,5.0,80,,,,,,,,
,,,5.0,80,0.6693342924118042,0.7142857142857143,0.4991636798088411,44.0904,,,,
0.4266,7.00535774230957,1.8e-05,5.625,90,,,,,,,,
,,,5.625,90,0.6092035174369812,0.7678571428571429,0.5356725146198831,49.9936,,,,
0.3313,4.619691848754883,2e-05,6.25,100,,,,,,,,
,,,6.25,100,0.44036197662353516,0.8035714285714286,0.5595153243050606,55.3315,,,,
0.1903,18.429244995117188,1.9090909090909094e-05,6.875,110,,,,,,,,
,,,6.875,110,0.4214097857475281,0.8214285714285714,0.5735930735930737,60.7026,,,,
0.1921,21.194154739379883,1.8181818181818182e-05,7.5,120,,,,,,,,
,,,7.5,120,0.3595139682292938,0.9285714285714286,0.8780766852195424,65.6701,,,,
0.081,1.6585793495178223,1.7272727272727274e-05,8.125,130,,,,,,,,
,,,8.125,130,0.29247424006462097,0.8928571428571429,0.8288633461047255,71.3603,,,,
0.0513,18.93929672241211,1.6363636363636366e-05,8.75,140,,,,,,,,
,,,8.75,140,0.2474287450313568,0.9285714285714286,0.8568181818181818,77.3922,,,,
0.042,1.3938642740249634,1.5454545454545454e-05,9.375,150,,,,,,,,
,,,9.375,150,0.2852134108543396,0.9107142857142857,0.8272082527401676,82.8529,,,,
0.012,0.30962100625038147,1.4545454545454546e-05,10.0,160,,,,,,,,
,,,10.0,160,0.2885758876800537,0.8928571428571429,0.849802371541502,88.3479,,,,
0.0077,0.154165580868721,1.3636363636363637e-05,10.625,170,,,,,,,,
,,,10.625,170,0.268604040145874,0.9107142857142857,0.8650793650793651,94.2061,,,,
0.0061,0.27492108941078186,1.2727272727272728e-05,11.25,180,,,,,,,,
,,,11.25,180,0.41968637704849243,0.8928571428571429,0.849744503862151,99.6049,,,,
0.0024,0.042803049087524414,1.181818181818182e-05,11.875,190,,,,,,,,
,,,11.875,190,0.3021361529827118,0.9285714285714286,0.9049145299145298,105.4792,,,,
0.0023,0.03410111367702484,1.0909090909090909e-05,12.5,200,,,,,,,,
,,,12.5,200,0.2426452934741974,0.9642857142857143,0.9736024844720497,110.8135,,,,
0.0018,0.026459677144885063,1e-05,13.125,210,,,,,,,,
,,,13.125,210,0.3287947475910187,0.9285714285714286,0.9467084639498432,116.2519,,,,
0.0021,0.04498370736837387,9.090909090909091e-06,13.75,220,,,,,,,,
,,,13.75,220,0.2617363929748535,0.9642857142857143,0.9736024844720497,122.2172,,,,
0.0015,0.029505370184779167,8.181818181818183e-06,14.375,230,,,,,,,,
,,,14.375,230,0.24245582520961761,0.9464285714285714,0.9370223978919632,128.038,,,,
0.0015,0.035111866891384125,7.272727272727273e-06,15.0,240,,,,,,,,
,,,15.0,240,0.250066339969635,0.9464285714285714,0.9370223978919632,133.3433,,,,
0.0014,0.01922263763844967,6.363636363636364e-06,15.625,250,,,,,,,,
,,,15.625,250,0.245138019323349,0.9464285714285714,0.9370223978919632,138.8464,,,,
0.0014,0.05131690576672554,5.4545454545454545e-06,16.25,260,,,,,,,,
,,,16.25,260,0.24128010869026184,0.9285714285714286,0.9237290159275974,144.5997,,,,
0.0013,0.025457210838794708,4.5454545454545455e-06,16.875,270,,,,,,,,
,,,16.875,270,0.23840299248695374,0.9464285714285714,0.9370223978919632,150.1912,,,,
0.0013,0.022319240495562553,3.6363636363636366e-06,17.5,280,,,,,,,,
,,,17.5,280,0.23806914687156677,0.9464285714285714,0.9370223978919632,156.0963,,,,
0.0012,0.01816399022936821,2.7272727272727272e-06,18.125,290,,,,,,,,
,,,18.125,290,0.23796561360359192,0.9642857142857143,0.9736024844720497,161.486,,,,
0.0012,0.01766103506088257,1.8181818181818183e-06,18.75,300,,,,,,,,
,,,18.75,300,0.23692622780799866,0.9642857142857143,0.9736024844720497,167.3422,,,,
0.0012,0.021489538252353668,9.090909090909091e-07,19.375,310,,,,,,,,
,,,19.375,310,0.23659870028495789,0.9642857142857143,0.9736024844720497,172.4187,,,,
0.0012,0.022331014275550842,0.0,20.0,320,,,,,,,,
,,,20.0,320,0.23646099865436554,0.9642857142857143,0.9736024844720497,178.1523,,,,
,,,20.0,320,,,,177.7591,28.128,1.8,446840583950880.0,0.27094658733403776
