loss,grad_norm,learning_rate,epoch,step,eval_loss,eval_accuracy,train_runtime,train_samples_per_second,train_steps_per_second,total_flos,train_loss
1.9203,1.6982041597366333,0.0001,0.00641025641025641,1,,,,,,,
1.2657,2.518174409866333,0.005,0.32051282051282054,50,,,,,,,
,,,0.32051282051282054,50,0.8652632236480713,0.5306859205776173,20.057,,,,
0.9477,3.391065835952759,0.01,0.6410256410256411,100,,,,,,,
,,,0.6410256410256411,100,0.8117304444313049,0.5270758122743683,41.0974,,,,
1.2735,3.204897165298462,0.015,0.9615384615384616,150,,,,,,,
,,,0.9615384615384616,150,1.0765055418014526,0.4729241877256318,61.8795,,,,
2.825,14.170955657958984,0.02,1.282051282051282,200,,,,,,,
,,,1.282051282051282,200,1.230506420135498,0.5270758122743683,82.616,,,,
2.2574,2.226064443588257,0.01926470588235294,1.6025641025641026,250,,,,,,,
,,,1.6025641025641026,250,1.8019921779632568,0.4729241877256318,102.9138,,,,
1.5429,7.266053199768066,0.018529411764705885,1.9230769230769231,300,,,,,,,
,,,1.9230769230769231,300,1.2650113105773926,0.4729241877256318,123.2577,,,,
1.4716,11.05402660369873,0.01779411764705882,2.2435897435897436,350,,,,,,,
,,,2.2435897435897436,350,1.7277182340621948,0.5270758122743683,143.0853,,,,
2.278,6.155580997467041,0.017058823529411765,2.564102564102564,400,,,,,,,
,,,2.564102564102564,400,1.5481725931167603,0.4729241877256318,163.4229,,,,
1.765,7.770989418029785,0.016323529411764705,2.8846153846153846,450,,,,,,,
,,,2.8846153846153846,450,1.0927397012710571,0.5270758122743683,184.0546,,,,
1.3744,6.759710788726807,0.015588235294117648,3.2051282051282053,500,,,,,,,
,,,3.2051282051282053,500,0.8957622051239014,0.4729241877256318,204.391,,,,
1.4649,5.405155181884766,0.01485294117647059,3.5256410256410255,550,,,,,,,
,,,3.5256410256410255,550,0.9159266948699951,0.5270758122743683,224.7173,,,,
1.43,2.7291407585144043,0.01411764705882353,3.8461538461538463,600,,,,,,,
,,,3.8461538461538463,600,0.8904772400856018,0.4729241877256318,244.916,,,,
1.7406,16.15201187133789,0.01338235294117647,4.166666666666667,650,,,,,,,
,,,4.166666666666667,650,1.6091033220291138,0.4729241877256318,265.5151,,,,
1.2816,6.567824840545654,0.012647058823529412,4.487179487179487,700,,,,,,,
,,,4.487179487179487,700,2.0768070220947266,0.4729241877256318,285.5374,,,,
1.1633,13.71203899383545,0.011911764705882353,4.8076923076923075,750,,,,,,,
,,,4.8076923076923075,750,1.7260394096374512,0.4729241877256318,305.4186,,,,
1.1526,5.978801250457764,0.011176470588235295,5.128205128205128,800,,,,,,,
,,,5.128205128205128,800,1.008528232574463,0.5270758122743683,325.5045,,,,
1.0133,5.007699012756348,0.010441176470588237,5.448717948717949,850,,,,,,,
,,,5.448717948717949,850,0.7943255305290222,0.4729241877256318,346.0247,,,,
1.2679,16.178062438964844,0.009705882352941177,5.769230769230769,900,,,,,,,
,,,5.769230769230769,900,1.6205644607543945,0.4729241877256318,366.175,,,,
1.1422,5.776805400848389,0.008970588235294117,6.089743589743589,950,,,,,,,
,,,6.089743589743589,950,0.8564797043800354,0.5270758122743683,385.9435,,,,
1.3835,2.1475236415863037,0.00823529411764706,6.410256410256411,1000,,,,,,,
,,,6.410256410256411,1000,0.7505104541778564,0.4729241877256318,405.9307,,,,
0.9358,8.158296585083008,0.0075,6.730769230769231,1050,,,,,,,
,,,6.730769230769231,1050,0.7663270235061646,0.5270758122743683,426.2077,,,,
1.3178,2.4494166374206543,0.006764705882352942,7.051282051282051,1100,,,,,,,
,,,7.051282051282051,1100,0.7398501038551331,0.5270758122743683,446.6978,,,,
1.108,1.7104836702346802,0.006029411764705882,7.371794871794872,1150,,,,,,,
,,,7.371794871794872,1150,1.0007637739181519,0.5270758122743683,467.2803,,,,
1.1119,2.6824889183044434,0.005294117647058823,7.6923076923076925,1200,,,,,,,
,,,7.6923076923076925,1200,0.7487825751304626,0.5270758122743683,486.7856,,,,
0.8802,3.0331530570983887,0.0045588235294117645,8.012820512820513,1250,,,,,,,
,,,8.012820512820513,1250,0.7795559763908386,0.4729241877256318,506.9387,,,,
0.9642,9.47225284576416,0.0038235294117647057,8.333333333333334,1300,,,,,,,
,,,8.333333333333334,1300,0.822608470916748,0.5270758122743683,526.7234,,,,
0.8919,9.580144882202148,0.0030882352941176473,8.653846153846153,1350,,,,,,,
,,,8.653846153846153,1350,1.0315791368484497,0.4729241877256318,546.5722,,,,
0.8995,3.5542266368865967,0.0023529411764705885,8.974358974358974,1400,,,,,,,
,,,8.974358974358974,1400,0.7585843205451965,0.4729241877256318,566.253,,,,
0.798,3.993800163269043,0.0016176470588235294,9.294871794871796,1450,,,,,,,
,,,9.294871794871796,1450,0.7467948198318481,0.4729241877256318,586.0201,,,,
0.7721,3.3627231121063232,0.0008823529411764706,9.615384615384615,1500,,,,,,,
,,,9.615384615384615,1500,0.6994878053665161,0.5270758122743683,606.1064,,,,
0.743,3.294349193572998,0.00014705882352941178,9.935897435897436,1550,,,,,,,
,,,9.935897435897436,1550,0.6936661601066589,0.5270758122743683,626.2866,,,,
,,,10.0,1560,,,629.1234,39.579,2.48,2117691962740800.0,1.302191934371606
