loss,grad_norm,learning_rate,epoch,step,eval_loss,eval_accuracy,train_runtime,train_samples_per_second,train_steps_per_second,total_flos,train_loss
0.6953,0.9460346102714539,5e-05,0.00641025641025641,1,,,,,,,
0.7201,3.1044294834136963,0.00125,0.16025641025641027,25,,,,,,,
,,,0.16025641025641027,25,0.7218402028083801,0.4729241877256318,11.6913,,,,
0.7235,3.1243951320648193,0.0025,0.32051282051282054,50,,,,,,,
,,,0.32051282051282054,50,0.7081268429756165,0.5270758122743683,21.8005,,,,
0.7365,2.432035207748413,0.00375,0.4807692307692308,75,,,,,,,
,,,0.4807692307692308,75,0.6893797516822815,0.5270758122743683,33.3475,,,,
0.8778,5.110559940338135,0.005,0.6410256410256411,100,,,,,,,
,,,0.6410256410256411,100,0.9746508002281189,0.4729241877256318,43.926,,,,
0.7706,2.243626594543457,0.00625,0.8012820512820513,125,,,,,,,
,,,0.8012820512820513,125,0.6948442459106445,0.4693140794223827,55.0728,,,,
0.7294,2.8662757873535156,0.0075,0.9615384615384616,150,,,,,,,
,,,0.9615384615384616,150,0.7364122867584229,0.4729241877256318,65.3171,,,,
0.8492,2.526365041732788,0.00875,1.1217948717948718,175,,,,,,,
,,,1.1217948717948718,175,0.8601551651954651,0.5270758122743683,75.959,,,,
0.8854,3.2324535846710205,0.01,1.282051282051282,200,,,,,,,
,,,1.282051282051282,200,0.7940059304237366,0.4693140794223827,86.5417,,,,
0.8613,2.354670286178589,0.009816176470588234,1.4423076923076923,225,,,,,,,
,,,1.4423076923076923,225,0.742241621017456,0.6028880866425993,96.8859,,,,
0.8168,5.015560626983643,0.00963235294117647,1.6025641025641026,250,,,,,,,
,,,1.6025641025641026,250,0.8322744965553284,0.48014440433212996,107.4325,,,,
1.0084,3.181187629699707,0.009448529411764706,1.7628205128205128,275,,,,,,,
,,,1.7628205128205128,275,0.8534436821937561,0.48014440433212996,117.6584,,,,
0.9934,9.742993354797363,0.009264705882352942,1.9230769230769231,300,,,,,,,
,,,1.9230769230769231,300,1.0064201354980469,0.5270758122743683,128.5504,,,,
0.7269,8.106900215148926,0.009080882352941176,2.0833333333333335,325,,,,,,,
,,,2.0833333333333335,325,0.629380464553833,0.6534296028880866,138.8545,,,,
1.1147,4.453676223754883,0.00889705882352941,2.2435897435897436,350,,,,,,,
,,,2.2435897435897436,350,0.6183330416679382,0.6714801444043321,149.2139,,,,
0.8829,8.036322593688965,0.008713235294117647,2.4038461538461537,375,,,,,,,
,,,2.4038461538461537,375,1.3095002174377441,0.5270758122743683,159.6859,,,,
0.7435,2.167508125305176,0.008529411764705883,2.564102564102564,400,,,,,,,
,,,2.564102564102564,400,0.7945260405540466,0.6714801444043321,170.232,,,,
0.7191,6.303204536437988,0.008345588235294119,2.7243589743589745,425,,,,,,,
,,,2.7243589743589745,425,0.8366930484771729,0.5342960288808665,180.8281,,,,
0.869,5.9796319007873535,0.008161764705882353,2.8846153846153846,450,,,,,,,
,,,2.8846153846153846,450,0.6362935900688171,0.628158844765343,191.4702,,,,
0.749,7.367178916931152,0.007977941176470589,3.0448717948717947,475,,,,,,,
,,,3.0448717948717947,475,0.6936976313591003,0.7003610108303249,201.8469,,,,
0.6787,1.229897141456604,0.007794117647058824,3.2051282051282053,500,,,,,,,
,,,3.2051282051282053,500,0.9213158488273621,0.6931407942238267,212.462,,,,
0.7426,2.073120594024658,0.007610294117647059,3.3653846153846154,525,,,,,,,
,,,3.3653846153846154,525,0.5936025977134705,0.6967509025270758,223.3375,,,,
0.8045,3.765272617340088,0.007426470588235295,3.5256410256410255,550,,,,,,,
,,,3.5256410256410255,550,0.9262635707855225,0.6895306859205776,233.4599,,,,
0.8816,1.6887699365615845,0.007242647058823529,3.685897435897436,575,,,,,,,
,,,3.685897435897436,575,0.6616488695144653,0.5956678700361011,243.6366,,,,
0.8892,8.932113647460938,0.007058823529411765,3.8461538461538463,600,,,,,,,
,,,3.8461538461538463,600,1.5311458110809326,0.5631768953068592,254.4829,,,,
0.6367,2.7095165252685547,0.006875,4.006410256410256,625,,,,,,,
,,,4.006410256410256,625,0.753064751625061,0.6462093862815884,265.2055,,,,
0.5877,3.8374788761138916,0.006691176470588235,4.166666666666667,650,,,,,,,
,,,4.166666666666667,650,0.7763522863388062,0.6389891696750902,275.9167,,,,
1.1215,5.8013434410095215,0.006507352941176471,4.326923076923077,675,,,,,,,
,,,4.326923076923077,675,0.9348904490470886,0.6353790613718412,286.112,,,,
0.6459,1.8333046436309814,0.006323529411764706,4.487179487179487,700,,,,,,,
,,,4.487179487179487,700,0.621368944644928,0.7075812274368231,296.8979,,,,
0.5582,3.2882862091064453,0.006139705882352942,4.647435897435898,725,,,,,,,
,,,4.647435897435898,725,0.6790557503700256,0.6967509025270758,307.103,,,,
0.6208,2.1180262565612793,0.005955882352941176,4.8076923076923075,750,,,,,,,
,,,4.8076923076923075,750,0.648615300655365,0.6967509025270758,317.6256,,,,
0.6066,5.090484619140625,0.005772058823529411,4.967948717948718,775,,,,,,,
,,,4.967948717948718,775,0.7733823657035828,0.6570397111913358,327.994,,,,
0.5852,6.085911273956299,0.005588235294117647,5.128205128205128,800,,,,,,,
,,,5.128205128205128,800,0.6012431383132935,0.7256317689530686,338.6628,,,,
0.5192,3.1576104164123535,0.005404411764705882,5.288461538461538,825,,,,,,,
,,,5.288461538461538,825,1.1906354427337646,0.6209386281588448,349.2065,,,,
0.5489,2.743393659591675,0.005220588235294118,5.448717948717949,850,,,,,,,
,,,5.448717948717949,850,0.6951518058776855,0.6714801444043321,360.1049,,,,
0.4486,0.7417091727256775,0.005036764705882353,5.608974358974359,875,,,,,,,
,,,5.608974358974359,875,0.6985724568367004,0.6967509025270758,370.8996,,,,
0.5332,1.0832222700119019,0.0048529411764705885,5.769230769230769,900,,,,,,,
,,,5.769230769230769,900,1.221444845199585,0.631768953068592,381.2147,,,,
0.6614,6.360293388366699,0.004669117647058824,5.92948717948718,925,,,,,,,
,,,5.92948717948718,925,0.6195462942123413,0.7003610108303249,391.5891,,,,
0.5419,2.485464572906494,0.004485294117647059,6.089743589743589,950,,,,,,,
,,,6.089743589743589,950,0.8327707648277283,0.6678700361010831,401.9774,,,,
0.4569,1.803536295890808,0.004301470588235295,6.25,975,,,,,,,
,,,6.25,975,0.7077605724334717,0.6931407942238267,412.7038,,,,
0.5138,1.3731173276901245,0.00411764705882353,6.410256410256411,1000,,,,,,,
,,,6.410256410256411,1000,1.0625962018966675,0.6606498194945848,423.0205,,,,
0.4463,2.290874481201172,0.003933823529411765,6.57051282051282,1025,,,,,,,
,,,6.57051282051282,1025,0.6870361566543579,0.6967509025270758,433.8511,,,,
0.3934,1.2779524326324463,0.00375,6.730769230769231,1050,,,,,,,
,,,6.730769230769231,1050,0.9956737756729126,0.6859205776173285,444.4416,,,,
0.5299,2.634281635284424,0.0035661764705882354,6.891025641025641,1075,,,,,,,
,,,6.891025641025641,1075,0.9304320216178894,0.6498194945848376,455.5378,,,,
0.5289,2.2897825241088867,0.003382352941176471,7.051282051282051,1100,,,,,,,
,,,7.051282051282051,1100,0.7192858457565308,0.7220216606498195,465.9067,,,,
0.3774,2.9502487182617188,0.0031985294117647055,7.211538461538462,1125,,,,,,,
,,,7.211538461538462,1125,0.7495017647743225,0.7148014440433214,476.1917,,,,
0.4255,0.850884199142456,0.003014705882352941,7.371794871794872,1150,,,,,,,
,,,7.371794871794872,1150,0.7790746688842773,0.7220216606498195,487.4739,,,,
0.3686,2.3518965244293213,0.0028308823529411766,7.532051282051282,1175,,,,,,,
,,,7.532051282051282,1175,0.8623544573783875,0.6859205776173285,497.6752,,,,
0.4446,2.9821579456329346,0.0026470588235294116,7.6923076923076925,1200,,,,,,,
,,,7.6923076923076925,1200,1.1288398504257202,0.6895306859205776,508.0224,,,,
0.4693,4.104245662689209,0.002463235294117647,7.852564102564102,1225,,,,,,,
,,,7.852564102564102,1225,0.5948327779769897,0.7184115523465704,518.6937,,,,
0.4436,6.793163776397705,0.0022794117647058822,8.012820512820513,1250,,,,,,,
,,,8.012820512820513,1250,0.9358867406845093,0.6859205776173285,529.1952,,,,
0.3872,1.4286184310913086,0.0020955882352941177,8.173076923076923,1275,,,,,,,
,,,8.173076923076923,1275,0.8770023584365845,0.6714801444043321,539.8647,,,,
0.3269,1.2309982776641846,0.0019117647058823528,8.333333333333334,1300,,,,,,,
,,,8.333333333333334,1300,1.057592749595642,0.6859205776173285,550.0949,,,,
0.3281,6.050252914428711,0.0017279411764705883,8.493589743589745,1325,,,,,,,
,,,8.493589743589745,1325,1.3937891721725464,0.6642599277978339,560.9547,,,,
0.4246,1.7832512855529785,0.0015441176470588236,8.653846153846153,1350,,,,,,,
,,,8.653846153846153,1350,0.7210055589675903,0.6931407942238267,571.0039,,,,
0.3192,1.614868402481079,0.0013602941176470587,8.814102564102564,1375,,,,,,,
,,,8.814102564102564,1375,0.8317321538925171,0.6859205776173285,581.4601,,,,
0.3339,3.131376028060913,0.0011764705882352942,8.974358974358974,1400,,,,,,,
,,,8.974358974358974,1400,0.8042889833450317,0.6859205776173285,591.7953,,,,
0.29,3.8703041076660156,0.0009926470588235293,9.134615384615385,1425,,,,,,,
,,,9.134615384615385,1425,1.1016640663146973,0.6859205776173285,602.0653,,,,
0.2932,2.71156644821167,0.0008088235294117647,9.294871794871796,1450,,,,,,,
,,,9.294871794871796,1450,1.0288220643997192,0.6787003610108303,612.6577,,,,
0.2899,2.4979305267333984,0.000625,9.455128205128204,1475,,,,,,,
,,,9.455128205128204,1475,0.8793783783912659,0.6931407942238267,622.9291,,,,
0.3089,1.144784688949585,0.0004411764705882353,9.615384615384615,1500,,,,,,,
,,,9.615384615384615,1500,0.934533417224884,0.6787003610108303,633.9345,,,,
0.3254,2.0242667198181152,0.0002573529411764706,9.775641025641026,1525,,,,,,,
,,,9.775641025641026,1525,0.8949362635612488,0.6823104693140795,644.8268,,,,
0.3817,1.8386812210083008,7.352941176470589e-05,9.935897435897436,1550,,,,,,,
,,,9.935897435897436,1550,0.8306007981300354,0.6967509025270758,655.2617,,,,
,,,10.0,1560,,,657.3017,37.882,2.373,2107327448341440.0,0.6078778541623018
