loss,grad_norm,learning_rate,epoch,step,eval_loss,eval_accuracy,eval_f1,train_runtime,train_samples_per_second,train_steps_per_second,total_flos,train_loss
1.1672,4.064709186553955,1.0000000000000001e-07,0.0625,1,,,,,,,,
1.1424,5.506685256958008,1.0000000000000002e-06,0.625,10,,,,,,,,
,,,0.625,10,1.128239393234253,0.4107142857142857,0.1940928270042194,6.0258,,,,
1.1153,4.310876369476318,2.0000000000000003e-06,1.25,20,,,,,,,,
,,,1.25,20,1.1165435314178467,0.4107142857142857,0.1940928270042194,11.7414,,,,
1.1055,4.095890045166016,3e-06,1.875,30,,,,,,,,
,,,1.875,30,1.0972063541412354,0.4107142857142857,0.1940928270042194,17.2744,,,,
1.0644,3.8052618503570557,4.000000000000001e-06,2.5,40,,,,,,,,
,,,2.5,40,1.068970799446106,0.4107142857142857,0.1940928270042194,22.7448,,,,
1.0442,4.420992851257324,5e-06,3.125,50,,,,,,,,
,,,3.125,50,1.0285799503326416,0.4107142857142857,0.1940928270042194,28.2867,,,,
0.9822,3.830237627029419,6e-06,3.75,60,,,,,,,,
,,,3.75,60,0.9560536742210388,0.4107142857142857,0.1940928270042194,33.985,,,,
0.8733,5.905714988708496,7e-06,4.375,70,,,,,,,,
,,,4.375,70,0.8253422379493713,0.6785714285714286,0.47391812865497074,39.2886,,,,
0.7304,6.312171459197998,8.000000000000001e-06,5.0,80,,,,,,,,
,,,5.0,80,0.7999420762062073,0.6785714285714286,0.47391812865497074,44.8374,,,,
0.6526,7.06952428817749,9e-06,5.625,90,,,,,,,,
,,,5.625,90,0.8229280114173889,0.6785714285714286,0.47391812865497074,50.8644,,,,
0.6782,6.822890281677246,1e-05,6.25,100,,,,,,,,
,,,6.25,100,0.7897437810897827,0.6964285714285714,0.4872881355932203,56.2484,,,,
0.5014,6.661282062530518,1.1000000000000001e-05,6.875,110,,,,,,,,
,,,6.875,110,0.6713700294494629,0.7321428571428571,0.5122356854359705,61.738,,,,
0.4538,13.147978782653809,1.2e-05,7.5,120,,,,,,,,
,,,7.5,120,0.5476836562156677,0.8035714285714286,0.561576354679803,66.7992,,,,
0.2872,7.615967273712158,1.3000000000000001e-05,8.125,130,,,,,,,,
,,,8.125,130,0.5310983657836914,0.7857142857142857,0.5489642184557438,72.5895,,,,
0.1923,7.820681095123291,1.4e-05,8.75,140,,,,,,,,
,,,8.75,140,0.5027903914451599,0.8392857142857143,0.5867612293144208,78.6764,,,,
0.1725,6.1356940269470215,1.5000000000000002e-05,9.375,150,,,,,,,,
,,,9.375,150,0.49304041266441345,0.8214285714285714,0.572893772893773,84.2222,,,,
0.0995,0.7115081548690796,1.6000000000000003e-05,10.0,160,,,,,,,,
,,,10.0,160,0.3929988443851471,0.875,0.717304189435337,89.7434,,,,
0.061,11.20162582397461,1.7e-05,10.625,170,,,,,,,,
,,,10.625,170,0.49606508016586304,0.8392857142857143,0.5867612293144208,95.7068,,,,
0.1812,17.045625686645508,1.8e-05,11.25,180,,,,,,,,
,,,11.25,180,0.43256133794784546,0.8928571428571429,0.8512030605053861,101.1655,,,,
0.0357,13.585607528686523,1.9e-05,11.875,190,,,,,,,,
,,,11.875,190,0.458882600069046,0.8928571428571429,0.890869939707149,107.0752,,,,
0.012,0.46268972754478455,2e-05,12.5,200,,,,,,,,
,,,12.5,200,0.2504535913467407,0.9107142857142857,0.8631229553215368,112.4513,,,,
0.0336,0.13985730707645416,1.8333333333333333e-05,13.125,210,,,,,,,,
,,,13.125,210,0.36563587188720703,0.8928571428571429,0.8512030605053861,117.8781,,,,
0.0033,0.0656961053609848,1.6666666666666667e-05,13.75,220,,,,,,,,
,,,13.75,220,0.21620361506938934,0.9285714285714286,0.9236652236652237,123.9606,,,,
0.0022,0.04444219544529915,1.5000000000000002e-05,14.375,230,,,,,,,,
,,,14.375,230,0.19742892682552338,0.9285714285714286,0.9472049689440993,129.8719,,,,
0.002,0.06493502110242844,1.3333333333333333e-05,15.0,240,,,,,,,,
,,,15.0,240,0.1985349953174591,0.9285714285714286,0.9472049689440993,135.2455,,,,
0.0016,0.02464275248348713,1.1666666666666668e-05,15.625,250,,,,,,,,
,,,15.625,250,0.20109227299690247,0.9464285714285714,0.960233918128655,140.8833,,,,
0.0015,0.040199197828769684,1e-05,16.25,260,,,,,,,,
,,,16.25,260,0.21349327266216278,0.9464285714285714,0.960233918128655,146.6711,,,,
0.0013,0.031557198613882065,8.333333333333334e-06,16.875,270,,,,,,,,
,,,16.875,270,0.2326495349407196,0.9285714285714286,0.9467084639498432,152.407,,,,
0.0014,0.028103524819016457,6.666666666666667e-06,17.5,280,,,,,,,,
,,,17.5,280,0.2498457431793213,0.9285714285714286,0.9467084639498432,158.3372,,,,
0.0012,0.01828758977353573,5e-06,18.125,290,,,,,,,,
,,,18.125,290,0.25433096289634705,0.9285714285714286,0.9467084639498432,163.83,,,,
0.0012,0.01881846785545349,3.3333333333333333e-06,18.75,300,,,,,,,,
,,,18.75,300,0.2513152062892914,0.9285714285714286,0.9467084639498432,169.8176,,,,
0.0012,0.03133704513311386,1.6666666666666667e-06,19.375,310,,,,,,,,
,,,19.375,310,0.2528345286846161,0.9285714285714286,0.9467084639498432,174.9368,,,,
0.0012,0.020510157570242882,0.0,20.0,320,,,,,,,,
,,,20.0,320,0.2531968653202057,0.9285714285714286,0.9467084639498432,180.7222,,,,
,,,20.0,320,,,,180.1894,27.749,1.776,446840583950880.0,0.35747772753238677
