loss,grad_norm,learning_rate,epoch,step,eval_loss,eval_accuracy,train_runtime,train_samples_per_second,train_steps_per_second,total_flos,train_loss
1.8756,1.047559380531311,1e-05,0.00641025641025641,1,,,,,,,
1.7071,0.7597920894622803,0.0005,0.32051282051282054,50,,,,,,,
,,,0.32051282051282054,50,1.1682829856872559,0.4729241877256318,23.0805,,,,
0.8104,1.6696052551269531,0.001,0.6410256410256411,100,,,,,,,
,,,0.6410256410256411,100,0.7137753963470459,0.48014440433212996,43.1451,,,,
0.7235,2.404773473739624,0.0015,0.9615384615384616,150,,,,,,,
,,,0.9615384615384616,150,0.7428570985794067,0.5270758122743683,63.4658,,,,
0.7304,3.5746049880981445,0.002,1.282051282051282,200,,,,,,,
,,,1.282051282051282,200,0.7254190444946289,0.5270758122743683,84.5058,,,,
0.717,1.1867376565933228,0.0019264705882352942,1.6025641025641026,250,,,,,,,
,,,1.6025641025641026,250,0.6897156834602356,0.592057761732852,106.0513,,,,
0.7586,0.8779179453849792,0.0018529411764705885,1.9230769230769231,300,,,,,,,
,,,1.9230769230769231,300,0.7090094089508057,0.555956678700361,127.1458,,,,
0.694,3.167703151702881,0.0017794117647058822,2.2435897435897436,350,,,,,,,
,,,2.2435897435897436,350,0.679599940776825,0.6245487364620939,147.4925,,,,
0.6726,1.8014782667160034,0.0017058823529411764,2.564102564102564,400,,,,,,,
,,,2.564102564102564,400,0.657928466796875,0.6173285198555957,168.255,,,,
0.6954,0.8553864359855652,0.0016323529411764706,2.8846153846153846,450,,,,,,,
,,,2.8846153846153846,450,0.6843392848968506,0.6101083032490975,189.4931,,,,
0.6482,2.1376898288726807,0.0015588235294117648,3.2051282051282053,500,,,,,,,
,,,3.2051282051282053,500,0.6220973134040833,0.6714801444043321,210.5139,,,,
0.6166,3.6029787063598633,0.0014852941176470588,3.5256410256410255,550,,,,,,,
,,,3.5256410256410255,550,0.6379521489143372,0.6750902527075813,231.6989,,,,
0.6007,1.311479926109314,0.001411764705882353,3.8461538461538463,600,,,,,,,
,,,3.8461538461538463,600,0.6019572615623474,0.6714801444043321,252.5916,,,,
0.5664,1.5877141952514648,0.001338235294117647,4.166666666666667,650,,,,,,,
,,,4.166666666666667,650,0.5798998475074768,0.703971119133574,273.9075,,,,
0.5646,1.617074728012085,0.0012647058823529412,4.487179487179487,700,,,,,,,
,,,4.487179487179487,700,0.5996489524841309,0.7364620938628159,294.7501,,,,
0.5582,2.9081358909606934,0.0011911764705882352,4.8076923076923075,750,,,,,,,
,,,4.8076923076923075,750,0.6015188097953796,0.7292418772563177,315.4391,,,,
0.496,1.2843645811080933,0.0011176470588235294,5.128205128205128,800,,,,,,,
,,,5.128205128205128,800,0.5638169646263123,0.7472924187725631,336.2741,,,,
0.5362,1.2299319505691528,0.0010441176470588236,5.448717948717949,850,,,,,,,
,,,5.448717948717949,850,0.5701544880867004,0.7364620938628159,358.0625,,,,
0.4839,2.32073974609375,0.0009705882352941176,5.769230769230769,900,,,,,,,
,,,5.769230769230769,900,0.5902772545814514,0.7292418772563177,379.0681,,,,
0.56,0.8534924983978271,0.0008970588235294118,6.089743589743589,950,,,,,,,
,,,6.089743589743589,950,0.5904030799865723,0.703971119133574,399.871,,,,
0.4527,2.8207130432128906,0.0008235294117647058,6.410256410256411,1000,,,,,,,
,,,6.410256410256411,1000,0.5752256512641907,0.740072202166065,420.7794,,,,
0.4574,1.4934558868408203,0.00075,6.730769230769231,1050,,,,,,,
,,,6.730769230769231,1050,0.5845965147018433,0.7220216606498195,442.3919,,,,
0.4243,1.022763729095459,0.0006764705882352942,7.051282051282051,1100,,,,,,,
,,,7.051282051282051,1100,0.6230514049530029,0.7581227436823105,463.8781,,,,
0.3754,3.3716652393341064,0.0006029411764705882,7.371794871794872,1150,,,,,,,
,,,7.371794871794872,1150,0.7058857083320618,0.740072202166065,485.4639,,,,
0.4656,5.010847568511963,0.0005294117647058824,7.6923076923076925,1200,,,,,,,
,,,7.6923076923076925,1200,0.6196942329406738,0.7436823104693141,505.9022,,,,
0.4216,1.989654779434204,0.00045588235294117646,8.012820512820513,1250,,,,,,,
,,,8.012820512820513,1250,0.562777042388916,0.7581227436823105,527.0284,,,,
0.3749,2.292966365814209,0.00038235294117647055,8.333333333333334,1300,,,,,,,
,,,8.333333333333334,1300,0.7180913090705872,0.7292418772563177,547.7454,,,,
0.3501,2.102997064590454,0.0003088235294117647,8.653846153846153,1350,,,,,,,
,,,8.653846153846153,1350,0.5846118330955505,0.7725631768953068,568.5048,,,,
0.3074,2.229222297668457,0.00023529411764705883,8.974358974358974,1400,,,,,,,
,,,8.974358974358974,1400,0.6451586484909058,0.7581227436823105,589.1285,,,,
0.2968,4.1618499755859375,0.00016176470588235295,9.294871794871796,1450,,,,,,,
,,,9.294871794871796,1450,0.6844936013221741,0.7617328519855595,609.8691,,,,
0.2544,2.3327741622924805,8.823529411764706e-05,9.615384615384615,1500,,,,,,,
,,,9.615384615384615,1500,0.6812418103218079,0.7617328519855595,630.9655,,,,
0.3252,3.642752170562744,1.4705882352941177e-05,9.935897435897436,1550,,,,,,,
,,,9.935897435897436,1550,0.6602534055709839,0.7653429602888087,652.4832,,,,
,,,10.0,1560,,,655.388,37.993,2.38,2123099369769600.0,0.567534682689569
