loss,grad_norm,learning_rate,epoch,step,eval_loss,eval_accuracy,eval_f1,train_runtime,train_samples_per_second,train_steps_per_second,total_flos,train_loss
0.6871,1.669762134552002,3.5e-06,0.008695652173913044,1,,,,,,,,
0.6788,0.8999726176261902,8.75e-05,0.21739130434782608,25,,,,,,,,
,,,0.21739130434782608,25,0.6334720849990845,0.6838235294117647,0.8122270742358079,28.6192,,,,
0.6417,0.6781671643257141,0.000175,0.43478260869565216,50,,,,,,,,
,,,0.43478260869565216,50,0.620911180973053,0.6838235294117647,0.8122270742358079,37.8993,,,,
0.6,1.336673378944397,0.0002625,0.6521739130434783,75,,,,,,,,
,,,0.6521739130434783,75,0.5796946883201599,0.7181372549019608,0.8275862068965516,47.0888,,,,
0.5838,2.089505434036255,0.00035,0.8695652173913043,100,,,,,,,,
,,,0.8695652173913043,100,0.49412018060684204,0.7524509803921569,0.8384,56.4696,,,,
0.5367,3.136885166168213,0.0004375,1.0869565217391304,125,,,,,,,,
,,,1.0869565217391304,125,0.46426379680633545,0.7867647058823529,0.8566721581548599,65.632,,,,
0.4854,2.0539443492889404,0.000525,1.3043478260869565,150,,,,,,,,
,,,1.3043478260869565,150,0.4014429450035095,0.8161764705882353,0.8739495798319329,74.7047,,,,
0.4419,4.099928379058838,0.0006125,1.5217391304347827,175,,,,,,,,
,,,1.5217391304347827,175,0.417000412940979,0.8235294117647058,0.8803986710963455,84.1421,,,,
0.4377,1.6989502906799316,0.0007,1.7391304347826086,200,,,,,,,,
,,,1.7391304347826086,200,0.39019596576690674,0.8578431372549019,0.902027027027027,93.5614,,,,
0.4131,2.764052391052246,0.0006815789473684211,1.9565217391304348,225,,,,,,,,
,,,1.9565217391304348,225,0.428722083568573,0.8455882352941176,0.8856624319419237,103.1542,,,,
0.3878,1.6653729677200317,0.0006631578947368421,2.1739130434782608,250,,,,,,,,
,,,2.1739130434782608,250,0.3431505560874939,0.8382352941176471,0.88339222614841,112.4514,,,,
0.342,1.4208484888076782,0.0006447368421052632,2.391304347826087,275,,,,,,,,
,,,2.391304347826087,275,0.31745123863220215,0.8602941176470589,0.8983957219251337,121.7082,,,,
0.3307,2.1009607315063477,0.0006263157894736842,2.608695652173913,300,,,,,,,,
,,,2.608695652173913,300,0.39820727705955505,0.8602941176470589,0.9032258064516129,131.061,,,,
0.3427,1.2990907430648804,0.0006078947368421053,2.8260869565217392,325,,,,,,,,
,,,2.8260869565217392,325,0.3039798438549042,0.8700980392156863,0.9034608378870674,140.6052,,,,
0.2692,1.350303292274475,0.0005894736842105263,3.0434782608695654,350,,,,,,,,
,,,3.0434782608695654,350,0.3301108181476593,0.8602941176470589,0.9018932874354562,149.8413,,,,
0.2675,0.9635167717933655,0.0005710526315789473,3.260869565217391,375,,,,,,,,
,,,3.260869565217391,375,0.3491691052913666,0.8553921568627451,0.9011725293132328,159.2204,,,,
0.2359,1.3041775226593018,0.0005526315789473684,3.4782608695652173,400,,,,,,,,
,,,3.4782608695652173,400,0.34363144636154175,0.875,0.9134125636672327,168.5548,,,,
0.2731,3.004354238510132,0.0005342105263157895,3.6956521739130435,425,,,,,,,,
,,,3.6956521739130435,425,0.3415742516517639,0.8676470588235294,0.9075342465753423,178.0289,,,,
0.279,2.2407281398773193,0.0005157894736842105,3.9130434782608696,450,,,,,,,,
,,,3.9130434782608696,450,0.33144721388816833,0.8700980392156863,0.9106239460370995,187.5103,,,,
0.214,1.1040772199630737,0.0004973684210526315,4.130434782608695,475,,,,,,,,
,,,4.130434782608695,475,0.3637922704219818,0.8897058823529411,0.9192100538599641,196.5636,,,,
0.2176,1.4531080722808838,0.00047894736842105264,4.3478260869565215,500,,,,,,,,
,,,4.3478260869565215,500,0.35930368304252625,0.8872549019607843,0.9175627240143369,205.8212,,,,
0.1874,1.4962947368621826,0.00046052631578947373,4.565217391304348,525,,,,,,,,
,,,4.565217391304348,525,0.38524970412254333,0.8823529411764706,0.9163763066202091,215.6064,,,,
0.1612,1.261832594871521,0.0004421052631578947,4.782608695652174,550,,,,,,,,
,,,4.782608695652174,550,0.3923158049583435,0.875,0.9125214408233276,225.0839,,,,
0.1814,1.0504788160324097,0.0004236842105263158,5.0,575,,,,,,,,
,,,5.0,575,0.34132683277130127,0.8799019607843137,0.9129662522202486,234.3831,,,,
0.0928,0.6486883163452148,0.00040526315789473684,5.217391304347826,600,,,,,,,,
,,,5.217391304347826,600,0.5037205815315247,0.8897058823529411,0.9217391304347826,243.6814,,,,
0.1064,2.048516273498535,0.0003868421052631579,5.434782608695652,625,,,,,,,,
,,,5.434782608695652,625,0.4581991732120514,0.8774509803921569,0.9097472924187725,252.9592,,,,
0.1453,2.3280110359191895,0.0003684210526315789,5.6521739130434785,650,,,,,,,,
,,,5.6521739130434785,650,0.42108502984046936,0.8897058823529411,0.922279792746114,262.3675,,,,
0.1272,2.261204242706299,0.00035,5.869565217391305,675,,,,,,,,
,,,5.869565217391305,675,0.39684414863586426,0.8848039215686274,0.9153153153153154,271.8346,,,,
0.0711,2.3576385974884033,0.00033157894736842103,6.086956521739131,700,,,,,,,,
,,,6.086956521739131,700,0.682362973690033,0.8848039215686274,0.9193825042881646,281.2694,,,,
0.1324,3.967161178588867,0.0003131578947368421,6.304347826086957,725,,,,,,,,
,,,6.304347826086957,725,0.5051613450050354,0.8872549019607843,0.9198606271777002,290.8201,,,,
0.086,1.97019362449646,0.00029473684210526316,6.521739130434782,750,,,,,,,,
,,,6.521739130434782,750,0.4460824728012085,0.8823529411764706,0.9127272727272728,299.8774,,,,
0.1046,0.36388474702835083,0.0002763157894736842,6.739130434782608,775,,,,,,,,
,,,6.739130434782608,775,0.4583691656589508,0.8774509803921569,0.9113475177304964,309.4682,,,,
0.0781,2.3084545135498047,0.00025789473684210523,6.956521739130435,800,,,,,,,,
,,,6.956521739130435,800,0.5272943377494812,0.8774509803921569,0.9131944444444444,318.9356,,,,
0.0829,2.7500791549682617,0.00023947368421052632,7.173913043478261,825,,,,,,,,
,,,7.173913043478261,825,0.6399087309837341,0.8651960784313726,0.9053356282271946,328.1628,,,,
0.0717,2.0828566551208496,0.00022105263157894735,7.391304347826087,850,,,,,,,,
,,,7.391304347826087,850,0.5477986335754395,0.8799019607843137,0.9144851657940662,337.5053,,,,
0.045,0.6706005334854126,0.00020263157894736842,7.608695652173913,875,,,,,,,,
,,,7.608695652173913,875,0.610851526260376,0.875,0.9097345132743363,346.9564,,,,
0.0823,3.829439640045166,0.00018421052631578945,7.826086956521739,900,,,,,,,,
,,,7.826086956521739,900,0.5432825684547424,0.875,0.9103690685413005,356.4103,,,,
0.051,0.1355184018611908,0.00016578947368421052,8.043478260869565,925,,,,,,,,
,,,8.043478260869565,925,0.496826171875,0.8799019607843137,0.9126559714795008,365.8962,,,,
0.0387,0.09296782314777374,0.00014736842105263158,8.26086956521739,950,,,,,,,,
,,,8.26086956521739,950,0.555043637752533,0.875,0.9090909090909091,375.3584,,,,
0.0404,1.0377861261367798,0.00012894736842105261,8.478260869565217,975,,,,,,,,
,,,8.478260869565217,975,0.6183416247367859,0.8848039215686274,0.9182608695652175,384.9299,,,,
0.036,0.13117729127407074,0.00011052631578947368,8.695652173913043,1000,,,,,,,,
,,,8.695652173913043,1000,0.6189612746238708,0.875,0.9100529100529101,394.3331,,,,
0.0129,1.487538456916809,9.210526315789473e-05,8.91304347826087,1025,,,,,,,,
,,,8.91304347826087,1025,0.6890167593955994,0.875,0.9100529100529101,403.9749,,,,
0.0204,0.3248593807220459,7.368421052631579e-05,9.130434782608695,1050,,,,,,,,
,,,9.130434782608695,1050,0.7317244410514832,0.8725490196078431,0.9078014184397164,413.2742,,,,
0.0379,0.022487640380859375,5.526315789473684e-05,9.347826086956522,1075,,,,,,,,
,,,9.347826086956522,1075,0.7340680360794067,0.8799019607843137,0.9135802469135803,422.6422,,,,
0.0417,0.3084026277065277,3.6842105263157895e-05,9.565217391304348,1100,,,,,,,,
,,,9.565217391304348,1100,0.7245805263519287,0.8774509803921569,0.9128919860627178,432.0732,,,,
0.06,0.16081452369689941,1.8421052631578947e-05,9.782608695652174,1125,,,,,,,,
,,,9.782608695652174,1125,0.6988438367843628,0.8799019607843137,0.9141856392294221,441.4822,,,,
0.0367,0.013595407828688622,0.0,10.0,1150,,,,,,,,
,,,10.0,1150,0.6946576237678528,0.8799019607843137,0.9141856392294221,450.7269,,,,
,,,10.0,1150,,,,450.4081,81.437,2.553,1545586770877056.0,0.2197927495966787
