loss,grad_norm,learning_rate,epoch,step,eval_loss,eval_accuracy,eval_f1,train_runtime,train_samples_per_second,train_steps_per_second,total_flos,train_loss
0.6801,0.5722379684448242,2.5e-06,0.0,1,,,,,,,,
0.7132,0.8215556144714355,6.25e-05,0.11,25,,,,,,,,
,,,0.11,25,0.6583871841430664,0.6838235294117647,0.8122270742358079,6.1081,,,,
0.6628,1.4643239974975586,0.000125,0.22,50,,,,,,,,
,,,0.22,50,0.6245729327201843,0.6838235294117647,0.8122270742358079,11.6763,,,,
0.6382,2.723968505859375,0.0001875,0.33,75,,,,,,,,
,,,0.33,75,0.621735692024231,0.6838235294117647,0.8122270742358079,17.4763,,,,
0.6394,0.6496635675430298,0.00025,0.43,100,,,,,,,,
,,,0.43,100,0.6158563494682312,0.6838235294117647,0.8122270742358079,23.1876,,,,
0.6003,1.0225554704666138,0.0003125,0.54,125,,,,,,,,
,,,0.54,125,0.6062326431274414,0.6838235294117647,0.8122270742358079,29.0183,,,,
0.6091,3.962510585784912,0.000375,0.65,150,,,,,,,,
,,,0.65,150,0.5408586859703064,0.7083333333333334,0.8172043010752688,34.7466,,,,
0.6018,3.027574062347412,0.0004375,0.76,175,,,,,,,,
,,,0.76,175,0.525402843952179,0.7377450980392157,0.8207705192629815,40.6603,,,,
0.5723,1.7915208339691162,0.0005,0.87,200,,,,,,,,
,,,0.87,200,0.5247061252593994,0.7279411764705882,0.8279069767441861,46.4267,,,,
0.5457,1.6867634057998657,0.0004940476190476191,0.98,225,,,,,,,,
,,,0.98,225,0.48771560192108154,0.7794117647058824,0.841549295774648,52.0946,,,,
0.5162,2.0814549922943115,0.0004880952380952381,1.09,250,,,,,,,,
,,,1.09,250,0.5369699001312256,0.7549019607843137,0.84472049689441,57.5555,,,,
0.488,1.682489037513733,0.00048214285714285715,1.2,275,,,,,,,,
,,,1.2,275,0.43193188309669495,0.7965686274509803,0.8654781199351703,63.1686,,,,
0.4722,2.5907747745513916,0.0004761904761904762,1.3,300,,,,,,,,
,,,1.3,300,0.4788071811199188,0.7867647058823529,0.8599033816425121,68.8739,,,,
0.4403,4.433232307434082,0.00047023809523809523,1.41,325,,,,,,,,
,,,1.41,325,0.5030627250671387,0.7573529411764706,0.7967145790554415,74.4719,,,,
0.5041,6.792965888977051,0.00046428571428571433,1.52,350,,,,,,,,
,,,1.52,350,0.4210096001625061,0.7965686274509803,0.8641571194762684,80.1487,,,,
0.412,1.3313630819320679,0.0004583333333333333,1.63,375,,,,,,,,
,,,1.63,375,0.3606167137622833,0.8480392156862745,0.8872727272727273,85.6453,,,,
0.3578,4.28538703918457,0.00045238095238095237,1.74,400,,,,,,,,
,,,1.74,400,0.400459885597229,0.8406862745098039,0.8861646234676007,91.2932,,,,
0.465,5.078773498535156,0.00044642857142857147,1.85,425,,,,,,,,
,,,1.85,425,0.34554073214530945,0.8431372549019608,0.8832116788321168,96.9682,,,,
0.4254,1.2035033702850342,0.00044047619047619046,1.96,450,,,,,,,,
,,,1.96,450,0.34544235467910767,0.8529411764705882,0.8936170212765957,102.7807,,,,
0.3885,3.634655237197876,0.00043452380952380956,2.07,475,,,,,,,,
,,,2.07,475,0.4703308641910553,0.8088235294117647,0.8717105263157895,108.2381,,,,
0.3816,2.1976585388183594,0.00042857142857142855,2.17,500,,,,,,,,
,,,2.17,500,0.34249141812324524,0.8480392156862745,0.8872727272727273,113.9901,,,,
0.3749,2.128779411315918,0.00042261904761904765,2.28,525,,,,,,,,
,,,2.28,525,0.34199920296669006,0.8529411764705882,0.8897058823529411,120.2347,,,,
0.3129,1.2730075120925903,0.0004166666666666667,2.39,550,,,,,,,,
,,,2.39,550,0.37039923667907715,0.8627450980392157,0.900709219858156,125.9257,,,,
0.3935,2.342806100845337,0.0004107142857142857,2.5,575,,,,,,,,
,,,2.5,575,0.3498322069644928,0.8357843137254902,0.8850771869639793,131.6199,,,,
0.3277,3.5422215461730957,0.0004047619047619048,2.61,600,,,,,,,,
,,,2.61,600,0.3388102054595947,0.8651960784313726,0.9016100178890876,137.3147,,,,
0.3469,2.29388427734375,0.00039880952380952383,2.72,625,,,,,,,,
,,,2.72,625,0.37719714641571045,0.8480392156862745,0.8963210702341137,143.1022,,,,
0.3885,4.633705139160156,0.0003928571428571429,2.83,650,,,,,,,,
,,,2.83,650,0.3351757824420929,0.8529411764705882,0.8961937716262977,148.8513,,,,
0.3377,3.400078296661377,0.0003869047619047619,2.93,675,,,,,,,,
,,,2.93,675,0.3283734917640686,0.8602941176470589,0.8965517241379312,154.5419,,,,
0.3043,4.478029727935791,0.00038095238095238096,3.04,700,,,,,,,,
,,,3.04,700,0.36736610531806946,0.8529411764705882,0.8954703832752613,159.9941,,,,
0.3419,2.920388698577881,0.000375,3.15,725,,,,,,,,
,,,3.15,725,0.4081953763961792,0.8406862745098039,0.8900169204737733,165.6253,,,,
0.349,3.013082981109619,0.00036904761904761905,3.26,750,,,,,,,,
,,,3.26,750,0.4948965311050415,0.8333333333333334,0.8888888888888888,171.3133,,,,
0.2775,5.324552059173584,0.0003630952380952381,3.37,775,,,,,,,,
,,,3.37,775,0.37414830923080444,0.8553921568627451,0.8955752212389381,176.8729,,,,
0.3249,5.792237758636475,0.00035714285714285714,3.48,800,,,,,,,,
,,,3.48,800,0.3797048032283783,0.8553921568627451,0.8952042628774423,182.513,,,,
0.3459,4.237766265869141,0.0003511904761904762,3.59,825,,,,,,,,
,,,3.59,825,0.3160134255886078,0.8651960784313726,0.9012567324955117,188.2336,,,,
0.3338,2.7051939964294434,0.00034523809523809523,3.7,850,,,,,,,,
,,,3.7,850,0.3209446966648102,0.8578431372549019,0.896797153024911,193.9962,,,,
0.296,6.16575288772583,0.00033928571428571433,3.8,875,,,,,,,,
,,,3.8,875,0.3415515720844269,0.8553921568627451,0.8944543828264758,199.7143,,,,
0.3117,3.384798765182495,0.0003333333333333333,3.91,900,,,,,,,,
,,,3.91,900,0.35546934604644775,0.8504901960784313,0.8950086058519794,205.4057,,,,
0.3328,9.408381462097168,0.00032738095238095237,4.02,925,,,,,,,,
,,,4.02,925,0.3561231195926666,0.8455882352941176,0.8908145580589255,210.9597,,,,
0.2561,1.729124665260315,0.00032142857142857147,4.13,950,,,,,,,,
,,,4.13,950,0.33821621537208557,0.8529411764705882,0.8954703832752613,216.6143,,,,
0.305,4.861904144287109,0.00031547619047619046,4.24,975,,,,,,,,
,,,4.24,975,0.40357255935668945,0.8480392156862745,0.8963210702341137,222.2056,,,,
0.3156,2.5369882583618164,0.00030952380952380956,4.35,1000,,,,,,,,
,,,4.35,1000,0.36928072571754456,0.8529411764705882,0.8989898989898989,227.7904,,,,
0.2955,3.8138749599456787,0.00030357142857142855,4.46,1025,,,,,,,,
,,,4.46,1025,0.32885944843292236,0.8602941176470589,0.8991150442477877,234.2606,,,,
0.2773,3.9971518516540527,0.00029761904761904765,4.57,1050,,,,,,,,
,,,4.57,1050,0.3301342725753784,0.8651960784313726,0.9043478260869565,239.9674,,,,
0.2561,1.4409441947937012,0.0002916666666666667,4.67,1075,,,,,,,,
,,,4.67,1075,0.3703240156173706,0.8700980392156863,0.9045045045045046,245.6529,,,,
0.242,3.963085651397705,0.0002857142857142857,4.78,1100,,,,,,,,
,,,4.78,1100,0.3746471107006073,0.8676470588235294,0.9045936395759717,251.3056,,,,
0.2929,4.850653648376465,0.0002797619047619048,4.89,1125,,,,,,,,
,,,4.89,1125,0.31851235032081604,0.8651960784313726,0.9016100178890876,257.0477,,,,
0.2533,0.12933044135570526,0.0002738095238095238,5.0,1150,,,,,,,,
,,,5.0,1150,0.33432063460350037,0.8578431372549019,0.8978873239436619,262.7051,,,,
0.2339,0.42777496576309204,0.00026785714285714287,5.11,1175,,,,,,,,
,,,5.11,1175,0.38734596967697144,0.8676470588235294,0.9072164948453608,268.3714,,,,
0.2813,9.54170036315918,0.0002619047619047619,5.22,1200,,,,,,,,
,,,5.22,1200,0.3694727420806885,0.8651960784313726,0.9056603773584906,274.0687,,,,
0.2311,2.209714889526367,0.00025595238095238096,5.33,1225,,,,,,,,
,,,5.33,1225,0.3481731116771698,0.8676470588235294,0.9059233449477352,279.8004,,,,
0.2804,3.440908193588257,0.00025,5.43,1250,,,,,,,,
,,,5.43,1250,0.3849278688430786,0.8651960784313726,0.9036777583187391,285.4032,,,,
0.2183,7.129541873931885,0.00024404761904761905,5.54,1275,,,,,,,,
,,,5.54,1275,0.37560760974884033,0.8676470588235294,0.9039145907473309,291.0864,,,,
0.2517,5.489756107330322,0.0002380952380952381,5.65,1300,,,,,,,,
,,,5.65,1300,0.39578333497047424,0.8553921568627451,0.897391304347826,296.7517,,,,
0.1989,1.1329214572906494,0.00023214285714285717,5.76,1325,,,,,,,,
,,,5.76,1325,0.39434105157852173,0.8553921568627451,0.8970331588132635,302.5502,,,,
0.2963,8.634501457214355,0.00022619047619047618,5.87,1350,,,,,,,,
,,,5.87,1350,0.354477196931839,0.8676470588235294,0.901098901098901,308.3033,,,,
0.2974,1.0045497417449951,0.00022023809523809523,5.98,1375,,,,,,,,
,,,5.98,1375,0.32027801871299744,0.8676470588235294,0.9025270758122744,314.1305,,,,
0.1752,7.097660064697266,0.00021428571428571427,6.09,1400,,,,,,,,
,,,6.09,1400,0.5714306831359863,0.8480392156862745,0.8973509933774835,319.6859,,,,
0.2428,4.844176292419434,0.00020833333333333335,6.2,1425,,,,,,,,
,,,6.2,1425,0.3950595557689667,0.8602941176470589,0.9025641025641027,325.557,,,,
0.2303,4.111236095428467,0.0002023809523809524,6.3,1450,,,,,,,,
,,,6.3,1450,0.3569053113460541,0.8602941176470589,0.8946395563770795,331.0929,,,,
0.2356,2.0176780223846436,0.00019642857142857144,6.41,1475,,,,,,,,
,,,6.41,1475,0.39350366592407227,0.8627450980392157,0.9047619047619047,336.7702,,,,
0.2594,1.6613373756408691,0.00019047619047619048,6.52,1500,,,,,,,,
,,,6.52,1500,0.36973321437835693,0.8676470588235294,0.9042553191489361,342.3776,,,,
0.1929,11.89107608795166,0.00018452380952380953,6.63,1525,,,,,,,,
,,,6.63,1525,0.4098030626773834,0.8676470588235294,0.9045936395759717,348.7067,,,,
0.2539,2.1798977851867676,0.00017857142857142857,6.74,1550,,,,,,,,
,,,6.74,1550,0.37185296416282654,0.8774509803921569,0.9100719424460433,354.3022,,,,
0.2172,3.345836877822876,0.00017261904761904762,6.85,1575,,,,,,,,
,,,6.85,1575,0.41099920868873596,0.8578431372549019,0.8989547038327526,359.9524,,,,
0.2365,2.3435473442077637,0.00016666666666666666,6.96,1600,,,,,,,,
,,,6.96,1600,0.36464276909828186,0.8725490196078431,0.9071428571428571,365.7189,,,,
0.1832,4.552542686462402,0.00016071428571428573,7.07,1625,,,,,,,,
,,,7.07,1625,0.3683207929134369,0.8774509803921569,0.911032028469751,371.2413,,,,
0.2209,3.3133227825164795,0.00015476190476190478,7.17,1650,,,,,,,,
,,,7.17,1650,0.37639936804771423,0.8774509803921569,0.911032028469751,376.9031,,,,
0.1834,2.5410680770874023,0.00014880952380952382,7.28,1675,,,,,,,,
,,,7.28,1675,0.45651793479919434,0.8627450980392157,0.9060402684563759,382.5215,,,,
0.2496,5.211180210113525,0.00014285714285714284,7.39,1700,,,,,,,,
,,,7.39,1700,0.38453781604766846,0.8651960784313726,0.9050086355785838,388.3077,,,,
0.2081,1.8188197612762451,0.0001369047619047619,7.5,1725,,,,,,,,
,,,7.5,1725,0.354971706867218,0.8725490196078431,0.9054545454545455,394.0373,,,,
0.2096,4.784738540649414,0.00013095238095238096,7.61,1750,,,,,,,,
,,,7.61,1750,0.355266273021698,0.8676470588235294,0.9065743944636677,399.7862,,,,
0.2242,6.454277038574219,0.000125,7.72,1775,,,,,,,,
,,,7.72,1775,0.387923926115036,0.8553921568627451,0.8991452991452993,405.4972,,,,
0.2319,3.2654190063476562,0.00011904761904761905,7.83,1800,,,,,,,,
,,,7.83,1800,0.3552512228488922,0.8651960784313726,0.9036777583187391,411.1702,,,,
0.238,2.373321771621704,0.00011309523809523809,7.93,1825,,,,,,,,
,,,7.93,1825,0.3390020430088043,0.8651960784313726,0.9026548672566371,417.0217,,,,
0.2545,3.1182940006256104,0.00010714285714285714,8.04,1850,,,,,,,,
,,,8.04,1850,0.3797207176685333,0.8578431372549019,0.9006849315068494,422.6206,,,,
0.2088,2.1429150104522705,0.0001011904761904762,8.15,1875,,,,,,,,
,,,8.15,1875,0.34469926357269287,0.8774509803921569,0.9113475177304964,428.2909,,,,
0.1556,0.2140442132949829,9.523809523809524e-05,8.26,1900,,,,,,,,
,,,8.26,1900,0.3792342245578766,0.8676470588235294,0.9059233449477352,434.0301,,,,
0.1916,2.4973387718200684,8.928571428571429e-05,8.37,1925,,,,,,,,
,,,8.37,1925,0.3590821623802185,0.8700980392156863,0.9065255731922399,439.7462,,,,
0.1966,5.381425380706787,8.333333333333333e-05,8.48,1950,,,,,,,,
,,,8.48,1950,0.3860611319541931,0.8676470588235294,0.9055944055944055,445.5347,,,,
0.1564,2.3500123023986816,7.738095238095239e-05,8.59,1975,,,,,,,,
,,,8.59,1975,0.4045596420764923,0.8627450980392157,0.9027777777777778,451.1279,,,,
0.1871,2.868677854537964,7.142857142857142e-05,8.7,2000,,,,,,,,
,,,8.7,2000,0.40250372886657715,0.8602941176470589,0.9015544041450777,456.8221,,,,
0.1981,5.450085163116455,6.547619047619048e-05,8.8,2025,,,,,,,,
,,,8.8,2025,0.3722960948944092,0.8700980392156863,0.9061946902654867,463.2672,,,,
0.2313,7.436855316162109,5.9523809523809524e-05,8.91,2050,,,,,,,,
,,,8.91,2050,0.3752763867378235,0.8700980392156863,0.9071803852889667,469.0214,,,,
0.2449,2.9534690380096436,5.357142857142857e-05,9.02,2075,,,,,,,,
,,,9.02,2075,0.37654900550842285,0.8627450980392157,0.902439024390244,474.5726,,,,
0.1644,2.0389554500579834,4.761904761904762e-05,9.13,2100,,,,,,,,
,,,9.13,2100,0.35919293761253357,0.8725490196078431,0.9071428571428571,480.2521,,,,
0.175,1.4720206260681152,4.1666666666666665e-05,9.24,2125,,,,,,,,
,,,9.24,2125,0.38608160614967346,0.8627450980392157,0.902439024390244,485.8957,,,,
0.2139,3.456321954727173,3.571428571428571e-05,9.35,2150,,,,,,,,
,,,9.35,2150,0.38725781440734863,0.8627450980392157,0.902439024390244,491.6034,,,,
0.1775,2.0159752368927,2.9761904761904762e-05,9.46,2175,,,,,,,,
,,,9.46,2175,0.38882845640182495,0.8651960784313726,0.9043478260869565,497.3239,,,,
0.1571,2.9863948822021484,2.380952380952381e-05,9.57,2200,,,,,,,,
,,,9.57,2200,0.3999376595020294,0.8651960784313726,0.9043478260869565,503.0308,,,,
0.2348,2.1740918159484863,1.7857142857142855e-05,9.67,2225,,,,,,,,
,,,9.67,2225,0.38750308752059937,0.8651960784313726,0.9043478260869565,508.6924,,,,
0.1858,2.0663983821868896,1.1904761904761905e-05,9.78,2250,,,,,,,,
,,,9.78,2250,0.3886684477329254,0.8651960784313726,0.9043478260869565,514.3814,,,,
0.1819,10.06609058380127,5.9523809523809525e-06,9.89,2275,,,,,,,,
,,,9.89,2275,0.3872743546962738,0.8700980392156863,0.9075043630017452,520.1378,,,,
0.1718,10.360387802124023,0.0,10.0,2300,,,,,,,,
,,,10.0,2300,0.3847711980342865,0.8700980392156863,0.9075043630017452,525.7586,,,,
,,,10.0,2300,,,,525.3736,69.817,4.378,1453534138652064.0,0.31081863136395166
