loss,grad_norm,learning_rate,epoch,step,eval_loss,eval_accuracy,eval_f1,train_runtime,train_samples_per_second,train_steps_per_second,total_flos,train_loss
0.7556,4.202945709228516,1e-05,0.008695652173913044,1,,,,,,,,
0.6809,2.0303938388824463,0.00025,0.21739130434782608,25,,,,,,,,
,,,0.21739130434782608,25,1.8827743530273438,0.6838235294117647,0.8122270742358079,12.776,,,,
0.6416,0.379468709230423,0.0005,0.43478260869565216,50,,,,,,,,
,,,0.43478260869565216,50,1.875975489616394,0.6838235294117647,0.8122270742358079,25.5121,,,,
0.6226,2.147411823272705,0.00075,0.6521739130434783,75,,,,,,,,
,,,0.6521739130434783,75,1.9921213388442993,0.7083333333333334,0.8215892053973014,37.7546,,,,
0.6062,0.5146868824958801,0.001,0.8695652173913043,100,,,,,,,,
,,,0.8695652173913043,100,2.5870282649993896,0.7377450980392157,0.8320251177394035,50.6744,,,,
0.5442,2.4018232822418213,0.00125,1.0869565217391304,125,,,,,,,,
,,,1.0869565217391304,125,4.009279251098633,0.8186274509803921,0.8770764119601329,62.898,,,,
0.484,1.2351789474487305,0.0015,1.3043478260869565,150,,,,,,,,
,,,1.3043478260869565,150,5.620458126068115,0.8431372549019608,0.888888888888889,75.3367,,,,
0.4378,2.76361346244812,0.00175,1.5217391304347827,175,,,,,,,,
,,,1.5217391304347827,175,7.279582977294922,0.7892156862745098,0.8621794871794871,88.0504,,,,
0.4439,0.6368748545646667,0.002,1.7391304347826086,200,,,,,,,,
,,,1.7391304347826086,200,8.674108505249023,0.8725490196078431,0.9071428571428571,100.7296,,,,
0.4689,0.7907867431640625,0.0019473684210526317,1.9565217391304348,225,,,,,,,,
,,,1.9565217391304348,225,10.210885047912598,0.8651960784313726,0.9050086355785838,113.2938,,,,
0.3605,0.6718515753746033,0.001894736842105263,2.1739130434782608,250,,,,,,,,
,,,2.1739130434782608,250,11.619916915893555,0.8799019607843137,0.9129662522202486,125.85,,,,
0.3169,0.30309271812438965,0.0018421052631578947,2.391304347826087,275,,,,,,,,
,,,2.391304347826087,275,13.111568450927734,0.8725490196078431,0.9078014184397164,138.1654,,,,
0.3339,0.9983817338943481,0.0017894736842105263,2.608695652173913,300,,,,,,,,
,,,2.608695652173913,300,14.69041633605957,0.875,0.9122203098106711,150.8321,,,,
0.3347,0.7594111561775208,0.001736842105263158,2.8260869565217392,325,,,,,,,,
,,,2.8260869565217392,325,15.964694023132324,0.8823529411764706,0.9151943462897526,163.5417,,,,
0.2832,0.507580041885376,0.0016842105263157893,3.0434782608695654,350,,,,,,,,
,,,3.0434782608695654,350,16.931867599487305,0.8357843137254902,0.8903436988543372,176.2589,,,,
0.2432,0.4990761876106262,0.001631578947368421,3.260869565217391,375,,,,,,,,
,,,3.260869565217391,375,17.933088302612305,0.8578431372549019,0.9023569023569024,188.7728,,,,
0.2105,0.5630196332931519,0.0015789473684210526,3.4782608695652173,400,,,,,,,,
,,,3.4782608695652173,400,19.03818130493164,0.8799019607843137,0.9170896785109983,201.3872,,,,
0.2582,1.0854517221450806,0.0015263157894736842,3.6956521739130435,425,,,,,,,,
,,,3.6956521739130435,425,20.088335037231445,0.8529411764705882,0.896551724137931,213.9361,,,,
0.2387,0.7176041603088379,0.0014736842105263158,3.9130434782608696,450,,,,,,,,
,,,3.9130434782608696,450,20.879514694213867,0.8455882352941176,0.8944723618090453,226.8198,,,,
0.1978,0.19143207371234894,0.0014210526315789475,4.130434782608695,475,,,,,,,,
,,,4.130434782608695,475,21.866212844848633,0.8651960784313726,0.905982905982906,239.0649,,,,
0.2007,0.782406747341156,0.001368421052631579,4.3478260869565215,500,,,,,,,,
,,,4.3478260869565215,500,22.781660079956055,0.8921568627450981,0.921146953405018,251.618,,,,
0.1844,0.37747353315353394,0.0013157894736842107,4.565217391304348,525,,,,,,,,
,,,4.565217391304348,525,23.389867782592773,0.8823529411764706,0.9166666666666667,264.6898,,,,
0.1342,1.293352484703064,0.0012631578947368421,4.782608695652174,550,,,,,,,,
,,,4.782608695652174,550,24.072690963745117,0.8774509803921569,0.9100719424460433,277.5107,,,,
0.1915,0.5071183443069458,0.0012105263157894737,5.0,575,,,,,,,,
,,,5.0,575,24.501861572265625,0.8970588235294118,0.9249999999999999,289.9158,,,,
0.1218,0.17866717278957367,0.0011578947368421054,5.217391304347826,600,,,,,,,,
,,,5.217391304347826,600,25.30996322631836,0.8897058823529411,0.9209138840070299,302.539,,,,
0.0955,0.4462481737136841,0.001105263157894737,5.434782608695652,625,,,,,,,,
,,,5.434782608695652,625,25.73383903503418,0.8823529411764706,0.9139784946236559,314.7735,,,,
0.1255,0.778121829032898,0.0010526315789473684,5.6521739130434785,650,,,,,,,,
,,,5.6521739130434785,650,26.016937255859375,0.8799019607843137,0.9144851657940662,327.4993,,,,
0.0988,0.5017551779747009,0.001,5.869565217391305,675,,,,,,,,
,,,5.869565217391305,675,26.637130737304688,0.8897058823529411,0.9200710479573712,340.0032,,,,
0.0663,0.3535143733024597,0.0009473684210526315,6.086956521739131,700,,,,,,,,
,,,6.086956521739131,700,26.926841735839844,0.8897058823529411,0.923076923076923,352.8494,,,,
0.0582,0.23308831453323364,0.0008947368421052632,6.304347826086957,725,,,,,,,,
,,,6.304347826086957,725,27.242948532104492,0.8848039215686274,0.9168141592920355,365.4142,,,,
0.0921,0.8937746286392212,0.0008421052631578947,6.521739130434782,750,,,,,,,,
,,,6.521739130434782,750,27.415529251098633,0.875,0.9064220183486239,378.1025,,,,
0.0521,0.25918328762054443,0.0007894736842105263,6.739130434782608,775,,,,,,,,
,,,6.739130434782608,775,27.741661071777344,0.875,0.9081081081081082,390.4375,,,,
0.0637,0.7140663266181946,0.0007368421052631579,6.956521739130435,800,,,,,,,,
,,,6.956521739130435,800,27.921314239501953,0.8823529411764706,0.9139784946236559,403.158,,,,
0.0633,0.07855375111103058,0.0006842105263157895,7.173913043478261,825,,,,,,,,
,,,7.173913043478261,825,27.947404861450195,0.8995098039215687,0.9279437609841829,415.3676,,,,
0.0633,0.3828185796737671,0.0006315789473684211,7.391304347826087,850,,,,,,,,
,,,7.391304347826087,850,28.08187484741211,0.8946078431372549,0.9228007181328547,428.0583,,,,
0.0385,0.07776608318090439,0.0005789473684210527,7.608695652173913,875,,,,,,,,
,,,7.608695652173913,875,28.199722290039062,0.8872549019607843,0.9184397163120569,440.5264,,,,
0.0509,0.2179037630558014,0.0005263157894736842,7.826086956521739,900,,,,,,,,
,,,7.826086956521739,900,28.346052169799805,0.8897058823529411,0.9211908931698775,453.267,,,,
0.0412,0.030517803505063057,0.00047368421052631577,8.043478260869565,925,,,,,,,,
,,,8.043478260869565,925,28.394115447998047,0.8897058823529411,0.9214659685863874,465.8595,,,,
0.0327,0.11508771777153015,0.00042105263157894734,8.26086956521739,950,,,,,,,,
,,,8.26086956521739,950,28.465829849243164,0.8848039215686274,0.9173989455184535,478.6813,,,,
0.0398,0.35424694418907166,0.00036842105263157896,8.478260869565217,975,,,,,,,,
,,,8.478260869565217,975,28.42498207092285,0.8897058823529411,0.9206349206349206,491.2142,,,,
0.0399,0.10021089017391205,0.00031578947368421053,8.695652173913043,1000,,,,,,,,
,,,8.695652173913043,1000,28.49335479736328,0.8970588235294118,0.926056338028169,503.9575,,,,
0.0336,0.49674198031425476,0.0002631578947368421,8.91304347826087,1025,,,,,,,,
,,,8.91304347826087,1025,28.59081268310547,0.8921568627450981,0.9217081850533807,516.8036,,,,
0.0126,0.026426127180457115,0.00021052631578947367,9.130434782608695,1050,,,,,,,,
,,,9.130434782608695,1050,28.638484954833984,0.9019607843137255,0.9298245614035087,529.2955,,,,
0.0169,0.01394980400800705,0.00015789473684210527,9.347826086956522,1075,,,,,,,,
,,,9.347826086956522,1075,28.68102264404297,0.8897058823529411,0.9203539823008849,541.5937,,,,
0.029,0.42131251096725464,0.00010526315789473683,9.565217391304348,1100,,,,,,,,
,,,9.565217391304348,1100,28.69910430908203,0.8995098039215687,0.928695652173913,554.2805,,,,
0.0174,0.009588794782757759,5.263157894736842e-05,9.782608695652174,1125,,,,,,,,
,,,9.782608695652174,1125,28.70313262939453,0.8946078431372549,0.9249563699825479,566.7243,,,,
0.0196,0.03407632187008858,0.0,10.0,1150,,,,,,,,
,,,10.0,1150,28.70243263244629,0.8921568627450981,0.9228070175438596,579.5418,,,,
,,,10.0,1150,,,,579.1626,63.333,1.986,1712519228536704.0,0.2107432857544526
