loss,grad_norm,learning_rate,epoch,step,eval_loss,eval_accuracy,train_runtime,train_samples_per_second,train_steps_per_second,total_flos,train_loss
0.718,1.697398066520691,3.5e-06,0.00641025641025641,1,,,,,,,
0.7041,1.0865675210952759,8.75e-05,0.16025641025641027,25,,,,,,,
,,,0.16025641025641027,25,0.7034891247749329,0.4729241877256318,10.7535,,,,
0.7259,0.9450300335884094,0.000175,0.32051282051282054,50,,,,,,,
,,,0.32051282051282054,50,0.6917146444320679,0.5270758122743683,21.0427,,,,
0.6946,0.6706151962280273,0.0002625,0.4807692307692308,75,,,,,,,
,,,0.4807692307692308,75,0.6976679563522339,0.5270758122743683,32.6135,,,,
0.7017,2.3876240253448486,0.00035,0.6410256410256411,100,,,,,,,
,,,0.6410256410256411,100,0.6934345960617065,0.4729241877256318,43.3792,,,,
0.7012,2.770564079284668,0.0004375,0.8012820512820513,125,,,,,,,
,,,0.8012820512820513,125,0.6890332698822021,0.5270758122743683,54.763,,,,
0.6972,1.8607691526412964,0.000525,0.9615384615384616,150,,,,,,,
,,,0.9615384615384616,150,0.6926456689834595,0.5270758122743683,65.3117,,,,
0.6925,3.1029579639434814,0.0006125,1.1217948717948718,175,,,,,,,
,,,1.1217948717948718,175,0.6849289536476135,0.5054151624548736,76.2415,,,,
0.6948,3.6393754482269287,0.0007,1.282051282051282,200,,,,,,,
,,,1.282051282051282,200,0.7142482995986938,0.5415162454873647,87.2006,,,,
0.7065,0.7994903922080994,0.0006871323529411764,1.4423076923076923,225,,,,,,,
,,,1.4423076923076923,225,0.6624447107315063,0.6209386281588448,97.8955,,,,
0.6704,1.7594373226165771,0.0006742647058823529,1.6025641025641026,250,,,,,,,
,,,1.6025641025641026,250,0.6720744371414185,0.628158844765343,108.7667,,,,
0.6911,1.9267752170562744,0.0006613970588235294,1.7628205128205128,275,,,,,,,
,,,1.7628205128205128,275,0.6457391381263733,0.6353790613718412,119.2224,,,,
0.6622,3.1908907890319824,0.0006485294117647059,1.9230769230769231,300,,,,,,,
,,,1.9230769230769231,300,0.6017656922340393,0.6895306859205776,130.2586,,,,
0.5695,1.8506700992584229,0.0006356617647058823,2.0833333333333335,325,,,,,,,
,,,2.0833333333333335,325,0.5935842990875244,0.6823104693140795,140.7651,,,,
0.5743,1.6222509145736694,0.0006227941176470587,2.2435897435897436,350,,,,,,,
,,,2.2435897435897436,350,0.5364360213279724,0.7328519855595668,151.3937,,,,
0.5282,2.381190538406372,0.0006099264705882353,2.4038461538461537,375,,,,,,,
,,,2.4038461538461537,375,0.6661598682403564,0.6823104693140795,162.1839,,,,
0.5795,2.7736499309539795,0.0005970588235294117,2.564102564102564,400,,,,,,,
,,,2.564102564102564,400,0.6173366904258728,0.6895306859205776,172.964,,,,
0.5425,2.0985612869262695,0.0005841911764705882,2.7243589743589745,425,,,,,,,
,,,2.7243589743589745,425,0.5713613033294678,0.6750902527075813,183.813,,,,
0.5501,2.5620226860046387,0.0005713235294117647,2.8846153846153846,450,,,,,,,
,,,2.8846153846153846,450,0.5556913614273071,0.703971119133574,194.7582,,,,
0.5193,4.336071491241455,0.0005584558823529412,3.0448717948717947,475,,,,,,,
,,,3.0448717948717947,475,0.6031673550605774,0.7256317689530686,205.4564,,,,
0.5969,2.567953109741211,0.0005455882352941177,3.2051282051282053,500,,,,,,,
,,,3.2051282051282053,500,0.5867721438407898,0.7256317689530686,216.4388,,,,
0.5061,2.378546953201294,0.0005327205882352941,3.3653846153846154,525,,,,,,,
,,,3.3653846153846154,525,0.5225014686584473,0.7111913357400722,227.7162,,,,
0.4684,3.4201316833496094,0.0005198529411764706,3.5256410256410255,550,,,,,,,
,,,3.5256410256410255,550,0.5497525334358215,0.7220216606498195,238.0445,,,,
0.4986,3.3975517749786377,0.0005069852941176471,3.685897435897436,575,,,,,,,
,,,3.685897435897436,575,0.5303221940994263,0.7292418772563177,248.4638,,,,
0.4813,4.135355472564697,0.0004941176470588236,3.8461538461538463,600,,,,,,,
,,,3.8461538461538463,600,0.580583393573761,0.7111913357400722,259.5947,,,,
0.4204,6.028075218200684,0.00048125,4.006410256410256,625,,,,,,,
,,,4.006410256410256,625,0.6854391098022461,0.7148014440433214,270.6173,,,,
0.4044,2.299631118774414,0.00046838235294117644,4.166666666666667,650,,,,,,,
,,,4.166666666666667,650,0.5801881551742554,0.7184115523465704,281.6514,,,,
0.4364,6.9152069091796875,0.00045551470588235297,4.326923076923077,675,,,,,,,
,,,4.326923076923077,675,0.6167057752609253,0.7256317689530686,292.0715,,,,
0.3583,4.052325248718262,0.0004426470588235294,4.487179487179487,700,,,,,,,
,,,4.487179487179487,700,0.617637038230896,0.7256317689530686,303.1062,,,,
0.4111,6.313348293304443,0.0004297794117647059,4.647435897435898,725,,,,,,,
,,,4.647435897435898,725,0.6846591234207153,0.7184115523465704,313.6491,,,,
0.4012,4.450156211853027,0.00041691176470588234,4.8076923076923075,750,,,,,,,
,,,4.8076923076923075,750,0.6396502256393433,0.7292418772563177,324.5001,,,,
0.3802,10.022709846496582,0.00040404411764705876,4.967948717948718,775,,,,,,,
,,,4.967948717948718,775,0.8307315111160278,0.6967509025270758,335.161,,,,
0.3309,4.899537086486816,0.0003911764705882353,5.128205128205128,800,,,,,,,
,,,5.128205128205128,800,0.6338141560554504,0.7472924187725631,346.1211,,,,
0.3528,4.261200428009033,0.00037830882352941176,5.288461538461538,825,,,,,,,
,,,5.288461538461538,825,0.7006465792655945,0.703971119133574,356.9355,,,,
0.357,2.4794933795928955,0.00036544117647058824,5.448717948717949,850,,,,,,,
,,,5.448717948717949,850,0.598115086555481,0.7509025270758123,368.1434,,,,
0.3959,5.716246128082275,0.0003525735294117647,5.608974358974359,875,,,,,,,
,,,5.608974358974359,875,0.5714909434318542,0.7509025270758123,379.1939,,,,
0.3135,5.888584613800049,0.0003397058823529412,5.769230769230769,900,,,,,,,
,,,5.769230769230769,900,0.6232689619064331,0.7148014440433214,389.7902,,,,
0.3901,6.80481481552124,0.00032683823529411766,5.92948717948718,925,,,,,,,
,,,5.92948717948718,925,0.6628036499023438,0.7364620938628159,400.4613,,,,
0.3547,3.280550003051758,0.00031397058823529414,6.089743589743589,950,,,,,,,
,,,6.089743589743589,950,0.5707418322563171,0.7364620938628159,411.1744,,,,
0.2871,3.129533052444458,0.0003011029411764706,6.25,975,,,,,,,
,,,6.25,975,0.7743992805480957,0.7328519855595668,422.1855,,,,
0.352,10.777018547058105,0.00028823529411764703,6.410256410256411,1000,,,,,,,
,,,6.410256410256411,1000,0.7726607918739319,0.7148014440433214,432.7643,,,,
0.2919,6.358029365539551,0.0002753676470588235,6.57051282051282,1025,,,,,,,
,,,6.57051282051282,1025,0.6870107054710388,0.7328519855595668,443.9108,,,,
0.2726,3.046226739883423,0.0002625,6.730769230769231,1050,,,,,,,
,,,6.730769230769231,1050,0.6226076483726501,0.7689530685920578,454.8108,,,,
0.2799,5.824770450592041,0.00024963235294117646,6.891025641025641,1075,,,,,,,
,,,6.891025641025641,1075,0.713158369064331,0.7617328519855595,466.2615,,,,
0.2446,2.915602922439575,0.00023676470588235296,7.051282051282051,1100,,,,,,,
,,,7.051282051282051,1100,0.8250508904457092,0.7256317689530686,476.8562,,,,
0.2819,7.440799713134766,0.00022389705882352938,7.211538461538462,1125,,,,,,,
,,,7.211538461538462,1125,0.7088444828987122,0.7545126353790613,487.3789,,,,
0.2298,7.576634883880615,0.00021102941176470586,7.371794871794872,1150,,,,,,,
,,,7.371794871794872,1150,0.7361934185028076,0.7617328519855595,498.9927,,,,
0.2572,8.016261100769043,0.00019816176470588236,7.532051282051282,1175,,,,,,,
,,,7.532051282051282,1175,0.7837291955947876,0.740072202166065,509.5221,,,,
0.2219,13.067255020141602,0.00018529411764705883,7.6923076923076925,1200,,,,,,,
,,,7.6923076923076925,1200,0.9085282683372498,0.7220216606498195,520.2137,,,,
0.3344,23.231752395629883,0.0001724264705882353,7.852564102564102,1225,,,,,,,
,,,7.852564102564102,1225,0.8338563442230225,0.740072202166065,531.1958,,,,
0.2758,8.034265518188477,0.00015955882352941176,8.012820512820513,1250,,,,,,,
,,,8.012820512820513,1250,0.8241936564445496,0.7256317689530686,541.9463,,,,
0.254,6.364051342010498,0.00014669117647058823,8.173076923076923,1275,,,,,,,
,,,8.173076923076923,1275,0.7175804376602173,0.7509025270758123,552.8487,,,,
0.2202,8.576616287231445,0.0001338235294117647,8.333333333333334,1300,,,,,,,
,,,8.333333333333334,1300,0.7960419654846191,0.7364620938628159,563.3978,,,,
0.2046,8.359672546386719,0.00012095588235294117,8.493589743589745,1325,,,,,,,
,,,8.493589743589745,1325,0.8891334533691406,0.7256317689530686,574.5758,,,,
0.2303,6.150615692138672,0.00010808823529411764,8.653846153846153,1350,,,,,,,
,,,8.653846153846153,1350,0.8338788151741028,0.7581227436823105,584.9087,,,,
0.1755,4.316697120666504,9.52205882352941e-05,8.814102564102564,1375,,,,,,,
,,,8.814102564102564,1375,0.8355474472045898,0.7617328519855595,595.6519,,,,
0.2025,7.342646598815918,8.235294117647058e-05,8.974358974358974,1400,,,,,,,
,,,8.974358974358974,1400,0.8297250270843506,0.7364620938628159,606.2636,,,,
0.1793,2.3510701656341553,6.948529411764706e-05,9.134615384615385,1425,,,,,,,
,,,9.134615384615385,1425,0.813519299030304,0.7581227436823105,616.9011,,,,
0.1892,5.09660005569458,5.661764705882353e-05,9.294871794871796,1450,,,,,,,
,,,9.294871794871796,1450,0.8315763473510742,0.7617328519855595,627.7733,,,,
0.1647,9.836494445800781,4.375e-05,9.455128205128204,1475,,,,,,,
,,,9.455128205128204,1475,0.8851805925369263,0.740072202166065,638.2882,,,,
0.222,10.615781784057617,3.0882352941176475e-05,9.615384615384615,1500,,,,,,,
,,,9.615384615384615,1500,0.8779383301734924,0.7509025270758123,649.5384,,,,
0.1743,11.440841674804688,1.801470588235294e-05,9.775641025641026,1525,,,,,,,
,,,9.775641025641026,1525,0.8937440514564514,0.740072202166065,660.6966,,,,
0.2738,7.19319486618042,5.147058823529411e-06,9.935897435897436,1550,,,,,,,
,,,9.935897435897436,1550,0.8642677068710327,0.7581227436823105,671.3824,,,,
,,,10.0,1560,,,674.1452,36.936,2.314,2110479545949120.0,0.4165433266988167
