loss,grad_norm,learning_rate,epoch,step,eval_loss,eval_accuracy,train_runtime,train_samples_per_second,train_steps_per_second,total_flos,train_loss
0.718,1.6968257427215576,3.5e-06,0.00641025641025641,1,,,,,,,
0.704,1.0851097106933594,8.75e-05,0.16025641025641027,25,,,,,,,
,,,0.16025641025641027,25,0.7038498520851135,0.4729241877256318,11.5308,,,,
0.7241,0.8673744201660156,0.000175,0.32051282051282054,50,,,,,,,
,,,0.32051282051282054,50,0.691968560218811,0.5270758122743683,22.5073,,,,
0.6957,0.4980778992176056,0.0002625,0.4807692307692308,75,,,,,,,
,,,0.4807692307692308,75,0.6944378018379211,0.5270758122743683,34.8728,,,,
0.7025,2.2107598781585693,0.00035,0.6410256410256411,100,,,,,,,
,,,0.6410256410256411,100,0.689098596572876,0.5595667870036101,46.2369,,,,
0.6825,1.2053563594818115,0.0004375,0.8012820512820513,125,,,,,,,
,,,0.8012820512820513,125,0.7309421896934509,0.4729241877256318,58.4106,,,,
0.7028,3.3318920135498047,0.000525,0.9615384615384616,150,,,,,,,
,,,0.9615384615384616,150,0.6799457669258118,0.5848375451263538,69.6704,,,,
0.6781,4.335147380828857,0.0006125,1.1217948717948718,175,,,,,,,
,,,1.1217948717948718,175,0.7133328318595886,0.48736462093862815,81.31,,,,
0.6856,2.4430806636810303,0.0007,1.282051282051282,200,,,,,,,
,,,1.282051282051282,200,0.6140787601470947,0.6823104693140795,93.0361,,,,
0.6492,1.4398361444473267,0.0006871323529411764,1.4423076923076923,225,,,,,,,
,,,1.4423076923076923,225,0.6459554433822632,0.6534296028880866,104.4351,,,,
0.6408,0.9068983197212219,0.0006742647058823529,1.6025641025641026,250,,,,,,,
,,,1.6025641025641026,250,0.6606098413467407,0.5848375451263538,116.0661,,,,
0.6602,0.8854874968528748,0.0006613970588235294,1.7628205128205128,275,,,,,,,
,,,1.7628205128205128,275,0.5936239957809448,0.6895306859205776,127.2983,,,,
0.6557,0.9245954751968384,0.0006485294117647059,1.9230769230769231,300,,,,,,,
,,,1.9230769230769231,300,0.6657353639602661,0.5595667870036101,139.1645,,,,
0.5906,0.7022655010223389,0.0006356617647058823,2.0833333333333335,325,,,,,,,
,,,2.0833333333333335,325,0.646751344203949,0.6859205776173285,150.4244,,,,
0.5629,1.7447354793548584,0.0006227941176470587,2.2435897435897436,350,,,,,,,
,,,2.2435897435897436,350,0.5625805258750916,0.6823104693140795,161.7675,,,,
0.5655,1.5175011157989502,0.0006099264705882353,2.4038461538461537,375,,,,,,,
,,,2.4038461538461537,375,0.6379237174987793,0.703971119133574,173.3115,,,,
0.5923,1.334275484085083,0.0005970588235294117,2.564102564102564,400,,,,,,,
,,,2.564102564102564,400,0.5779940485954285,0.7075812274368231,184.8987,,,,
0.546,2.156947135925293,0.0005841911764705882,2.7243589743589745,425,,,,,,,
,,,2.7243589743589745,425,0.6285644769668579,0.7075812274368231,196.5661,,,,
0.5333,1.016143560409546,0.0005713235294117647,2.8846153846153846,450,,,,,,,
,,,2.8846153846153846,450,0.622808575630188,0.703971119133574,208.2614,,,,
0.5103,1.0356322526931763,0.0005584558823529412,3.0448717948717947,475,,,,,,,
,,,3.0448717948717947,475,0.6545218229293823,0.740072202166065,219.7013,,,,
0.4756,3.4208176136016846,0.0005455882352941177,3.2051282051282053,500,,,,,,,
,,,3.2051282051282053,500,0.5770730376243591,0.7075812274368231,231.4223,,,,
0.4811,2.704160213470459,0.0005327205882352941,3.3653846153846154,525,,,,,,,
,,,3.3653846153846154,525,0.5313814282417297,0.740072202166065,243.5343,,,,
0.4748,1.9086885452270508,0.0005198529411764706,3.5256410256410255,550,,,,,,,
,,,3.5256410256410255,550,0.5233874320983887,0.7472924187725631,254.6156,,,,
0.479,1.2037104368209839,0.0005069852941176471,3.685897435897436,575,,,,,,,
,,,3.685897435897436,575,0.5839039087295532,0.7148014440433214,265.7056,,,,
0.4619,3.0460455417633057,0.0004941176470588236,3.8461538461538463,600,,,,,,,
,,,3.8461538461538463,600,0.6339744925498962,0.7328519855595668,277.5505,,,,
0.3882,2.6857850551605225,0.00048125,4.006410256410256,625,,,,,,,
,,,4.006410256410256,625,0.701087474822998,0.7256317689530686,289.2119,,,,
0.346,1.280536413192749,0.00046838235294117644,4.166666666666667,650,,,,,,,
,,,4.166666666666667,650,0.6040019392967224,0.7545126353790613,300.9479,,,,
0.4203,1.7147756814956665,0.00045551470588235297,4.326923076923077,675,,,,,,,
,,,4.326923076923077,675,0.5550954937934875,0.7364620938628159,312.1142,,,,
0.2971,1.5031365156173706,0.0004426470588235294,4.487179487179487,700,,,,,,,
,,,4.487179487179487,700,0.7667855024337769,0.7545126353790613,323.9844,,,,
0.3469,1.7964993715286255,0.0004297794117647059,4.647435897435898,725,,,,,,,
,,,4.647435897435898,725,0.7208918333053589,0.7509025270758123,335.2784,,,,
0.3564,2.0317790508270264,0.00041691176470588234,4.8076923076923075,750,,,,,,,
,,,4.8076923076923075,750,0.6334871649742126,0.7689530685920578,346.8833,,,,
0.3337,4.320158958435059,0.00040404411764705876,4.967948717948718,775,,,,,,,
,,,4.967948717948718,775,0.9164792895317078,0.7292418772563177,358.2249,,,,
0.2685,2.039367198944092,0.0003911764705882353,5.128205128205128,800,,,,,,,
,,,5.128205128205128,800,0.703463077545166,0.7364620938628159,369.9386,,,,
0.292,0.8935737609863281,0.00037830882352941176,5.288461538461538,825,,,,,,,
,,,5.288461538461538,825,0.6770604252815247,0.7509025270758123,381.6623,,,,
0.286,1.1138266324996948,0.00036544117647058824,5.448717948717949,850,,,,,,,
,,,5.448717948717949,850,0.6936971545219421,0.740072202166065,393.6871,,,,
0.3186,2.2032175064086914,0.0003525735294117647,5.608974358974359,875,,,,,,,
,,,5.608974358974359,875,0.672866702079773,0.7111913357400722,405.5457,,,,
0.3087,5.842899799346924,0.0003397058823529412,5.769230769230769,900,,,,,,,
,,,5.769230769230769,900,0.7205410599708557,0.740072202166065,416.8532,,,,
0.3376,2.5134494304656982,0.00032683823529411766,5.92948717948718,925,,,,,,,
,,,5.92948717948718,925,0.6665946245193481,0.7545126353790613,428.241,,,,
0.23,0.5743514895439148,0.00031397058823529414,6.089743589743589,950,,,,,,,
,,,6.089743589743589,950,0.8682334423065186,0.7436823104693141,439.6807,,,,
0.2056,1.445461630821228,0.0003011029411764706,6.25,975,,,,,,,
,,,6.25,975,0.963921308517456,0.7545126353790613,451.3788,,,,
0.2442,0.46713054180145264,0.00028823529411764703,6.410256410256411,1000,,,,,,,
,,,6.410256410256411,1000,0.766724169254303,0.740072202166065,462.6913,,,,
0.1865,2.7746002674102783,0.0002753676470588235,6.57051282051282,1025,,,,,,,
,,,6.57051282051282,1025,0.9411106705665588,0.7581227436823105,474.6952,,,,
0.2039,2.3685543537139893,0.0002625,6.730769230769231,1050,,,,,,,
,,,6.730769230769231,1050,0.8665034770965576,0.7617328519855595,486.3501,,,,
0.2053,1.9702479839324951,0.00024963235294117646,6.891025641025641,1075,,,,,,,
,,,6.891025641025641,1075,0.7920284271240234,0.7509025270758123,498.5638,,,,
0.2188,1.5407519340515137,0.00023676470588235296,7.051282051282051,1100,,,,,,,
,,,7.051282051282051,1100,0.814964234828949,0.740072202166065,509.8434,,,,
0.1635,1.6916182041168213,0.00022389705882352938,7.211538461538462,1125,,,,,,,
,,,7.211538461538462,1125,0.8772668838500977,0.7581227436823105,521.1096,,,,
0.1711,0.2664213180541992,0.00021102941176470586,7.371794871794872,1150,,,,,,,
,,,7.371794871794872,1150,1.0019643306732178,0.7472924187725631,533.519,,,,
0.1439,4.398157596588135,0.00019816176470588236,7.532051282051282,1175,,,,,,,
,,,7.532051282051282,1175,1.048949122428894,0.7436823104693141,544.7516,,,,
0.1257,3.642975091934204,0.00018529411764705883,7.6923076923076925,1200,,,,,,,
,,,7.6923076923076925,1200,1.032393455505371,0.7653429602888087,556.1647,,,,
0.1913,5.8101301193237305,0.0001724264705882353,7.852564102564102,1225,,,,,,,
,,,7.852564102564102,1225,0.926190197467804,0.7545126353790613,567.8836,,,,
0.1672,0.7975313663482666,0.00015955882352941176,8.012820512820513,1250,,,,,,,
,,,8.012820512820513,1250,0.9609348773956299,0.7689530685920578,579.4523,,,,
0.1332,2.096954822540283,0.00014669117647058823,8.173076923076923,1275,,,,,,,
,,,8.173076923076923,1275,1.0733882188796997,0.7545126353790613,591.1898,,,,
0.1237,1.923789620399475,0.0001338235294117647,8.333333333333334,1300,,,,,,,
,,,8.333333333333334,1300,1.0043456554412842,0.7472924187725631,602.4746,,,,
0.0776,1.8619102239608765,0.00012095588235294117,8.493589743589745,1325,,,,,,,
,,,8.493589743589745,1325,1.1728237867355347,0.7545126353790613,614.431,,,,
0.1118,3.3846123218536377,0.00010808823529411764,8.653846153846153,1350,,,,,,,
,,,8.653846153846153,1350,1.1147757768630981,0.7617328519855595,625.404,,,,
0.0618,1.3011205196380615,9.52205882352941e-05,8.814102564102564,1375,,,,,,,
,,,8.814102564102564,1375,1.2618361711502075,0.740072202166065,636.8589,,,,
0.1303,2.5686111450195312,8.235294117647058e-05,8.974358974358974,1400,,,,,,,
,,,8.974358974358974,1400,1.1648099422454834,0.7509025270758123,648.1442,,,,
0.0878,2.3505284786224365,6.948529411764706e-05,9.134615384615385,1425,,,,,,,
,,,9.134615384615385,1425,1.2457226514816284,0.7545126353790613,659.3504,,,,
0.0949,3.1331541538238525,5.661764705882353e-05,9.294871794871796,1450,,,,,,,
,,,9.294871794871796,1450,1.1670174598693848,0.7472924187725631,670.9021,,,,
0.1082,0.22932091355323792,4.375e-05,9.455128205128204,1475,,,,,,,
,,,9.455128205128204,1475,1.2731943130493164,0.7472924187725631,682.1297,,,,
0.1353,3.3679068088531494,3.0882352941176475e-05,9.615384615384615,1500,,,,,,,
,,,9.615384615384615,1500,1.2278333902359009,0.740072202166065,694.1314,,,,
0.0863,0.7128427028656006,1.801470588235294e-05,9.775641025641026,1525,,,,,,,
,,,9.775641025641026,1525,1.2336275577545166,0.7472924187725631,706.3272,,,,
0.1255,3.8747220039367676,5.147058823529411e-06,9.935897435897436,1550,,,,,,,
,,,9.935897435897436,1550,1.2212588787078857,0.7472924187725631,717.763,,,,
,,,10.0,1560,,,720.7135,34.549,2.165,2222153861192640.0,0.3610070533859424
