loss,grad_norm,learning_rate,epoch,step,eval_loss,eval_accuracy,eval_f1,train_runtime,train_samples_per_second,train_steps_per_second,total_flos,train_loss
2.3862,4.286147594451904,2e-05,0.0625,1,,,,,,,,
2.265,2.943427085876465,0.0002,0.625,10,,,,,,,,
,,,0.625,10,2.1646392345428467,0.4107142857142857,0.1940928270042194,4.5188,,,,
2.0348,2.804760694503784,0.0004,1.25,20,,,,,,,,
,,,1.25,20,1.9387351274490356,0.4107142857142857,0.1940928270042194,8.8737,,,,
1.775,2.545161247253418,0.0006,1.875,30,,,,,,,,
,,,1.875,30,1.6069151163101196,0.5,0.24617886178861784,13.0666,,,,
1.4168,0.9746187329292297,0.0008,2.5,40,,,,,,,,
,,,2.5,40,1.0002049207687378,0.6964285714285714,0.4868139700641481,17.1963,,,,
0.9372,2.243773937225342,0.001,3.125,50,,,,,,,,
,,,3.125,50,0.934350311756134,0.6785714285714286,0.47359617682198324,21.4049,,,,
0.9139,1.6293514966964722,0.0009629629629629629,3.75,60,,,,,,,,
,,,3.75,60,0.8461657762527466,0.6785714285714286,0.47478301665493783,25.7967,,,,
0.828,3.6068994998931885,0.000925925925925926,4.375,70,,,,,,,,
,,,4.375,70,0.7905739545822144,0.7142857142857143,0.49976359338061477,29.8994,,,,
0.7076,3.054673671722412,0.0008888888888888888,5.0,80,,,,,,,,
,,,5.0,80,0.7561017274856567,0.6964285714285714,0.48646125116713357,34.0476,,,,
0.7135,2.0384793281555176,0.0008518518518518519,5.625,90,,,,,,,,
,,,5.625,90,0.7383846044540405,0.6785714285714286,0.47478301665493783,38.6137,,,,
0.7702,1.9296947717666626,0.0008148148148148148,6.25,100,,,,,,,,
,,,6.25,100,0.7229072451591492,0.7321428571428571,0.5115440115440115,42.7309,,,,
0.6832,3.986354112625122,0.0007777777777777778,6.875,110,,,,,,,,
,,,6.875,110,0.7258449196815491,0.7142857142857143,0.4991636798088411,46.83,,,,
0.7583,1.4198086261749268,0.0007407407407407407,7.5,120,,,,,,,,
,,,7.5,120,0.7267248034477234,0.7142857142857143,0.4988344988344989,50.7124,,,,
0.536,2.14087176322937,0.0007037037037037038,8.125,130,,,,,,,,
,,,8.125,130,0.7005663514137268,0.7321428571428571,0.5087064676616916,55.1823,,,,
0.5066,1.0072526931762695,0.0006666666666666666,8.75,140,,,,,,,,
,,,8.75,140,0.6268202066421509,0.7321428571428571,0.5122807017543859,59.7773,,,,
0.4697,2.434396743774414,0.0006296296296296296,9.375,150,,,,,,,,
,,,9.375,150,0.6087773442268372,0.75,0.5239825581395349,64.01,,,,
0.3989,2.450360059738159,0.0005925925925925926,10.0,160,,,,,,,,
,,,10.0,160,0.5038045644760132,0.8035714285714286,0.561576354679803,68.1816,,,,
0.2328,1.5650585889816284,0.0005555555555555556,10.625,170,,,,,,,,
,,,10.625,170,0.4291975200176239,0.8214285714285714,0.5740350877192982,72.6551,,,,
0.334,1.9623908996582031,0.0005185185185185185,11.25,180,,,,,,,,
,,,11.25,180,0.45379766821861267,0.7857142857142857,0.6894918173987942,76.8672,,,,
0.2131,1.5686782598495483,0.00048148148148148144,11.875,190,,,,,,,,
,,,11.875,190,0.3703919053077698,0.8571428571428571,0.7026737967914438,81.4166,,,,
0.1396,2.0418453216552734,0.0004444444444444444,12.5,200,,,,,,,,
,,,12.5,200,0.3437517285346985,0.8571428571428571,0.6919610103762709,85.5409,,,,
0.1265,1.864493727684021,0.0004074074074074074,13.125,210,,,,,,,,
,,,13.125,210,0.32527413964271545,0.8392857142857143,0.6901587301587302,89.7721,,,,
0.1563,0.7796961665153503,0.00037037037037037035,13.75,220,,,,,,,,
,,,13.75,220,0.5137848258018494,0.8035714285714286,0.6515706515706515,94.3312,,,,
0.1268,0.33856022357940674,0.0003333333333333333,14.375,230,,,,,,,,
,,,14.375,230,0.26203447580337524,0.8928571428571429,0.8308080808080808,98.8267,,,,
0.1218,2.3745553493499756,0.0002962962962962963,15.0,240,,,,,,,,
,,,15.0,240,0.2581692636013031,0.8928571428571429,0.830337271015237,102.9497,,,,
0.0632,1.4416155815124512,0.00025925925925925926,15.625,250,,,,,,,,
,,,15.625,250,0.2093493491411209,0.9107142857142857,0.8128777556510499,107.1239,,,,
0.0485,1.8434406518936157,0.0002222222222222222,16.25,260,,,,,,,,
,,,16.25,260,0.30081799626350403,0.8928571428571429,0.8126984126984126,111.649,,,,
0.0601,1.307947039604187,0.00018518518518518518,16.875,270,,,,,,,,
,,,16.875,270,0.22464275360107422,0.9107142857142857,0.7941619585687382,115.9758,,,,
0.0746,0.5691221952438354,0.00014814814814814815,17.5,280,,,,,,,,
,,,17.5,280,0.16043904423713684,0.9464285714285714,0.9297816053135203,120.5037,,,,
0.0499,1.7647323608398438,0.0001111111111111111,18.125,290,,,,,,,,
,,,18.125,290,0.1660616099834442,0.9285714285714286,0.877846211272863,124.6395,,,,
0.0186,0.7831346392631531,7.407407407407407e-05,18.75,300,,,,,,,,
,,,18.75,300,0.18750622868537903,0.9107142857142857,0.7941619585687382,129.1701,,,,
0.0344,0.44721853733062744,3.7037037037037037e-05,19.375,310,,,,,,,,
,,,19.375,310,0.1758350282907486,0.9107142857142857,0.8269005847953217,133.0364,,,,
0.0257,0.23696523904800415,0.0,20.0,320,,,,,,,,
,,,20.0,320,0.16547426581382751,0.9285714285714286,0.8568522756165776,137.4934,,,,
,,,20.0,320,,,,137.1124,36.466,2.334,452243323863360.0,0.5485262989066542
