loss,grad_norm,learning_rate,epoch,step,eval_loss,eval_accuracy,train_runtime,train_samples_per_second,train_steps_per_second,total_flos,train_loss
0.718,1.6974462270736694,2.5000000000000004e-07,0.00641025641025641,1,,,,,,,
0.7201,2.0612480640411377,6.25e-06,0.16025641025641027,25,,,,,,,
,,,0.16025641025641027,25,0.6931023001670837,0.5270758122743683,10.6185,,,,
0.7028,0.9182683825492859,1.25e-05,0.32051282051282054,50,,,,,,,
,,,0.32051282051282054,50,0.6921864151954651,0.5270758122743683,20.6682,,,,
0.6874,0.9319900870323181,1.8750000000000002e-05,0.4807692307692308,75,,,,,,,
,,,0.4807692307692308,75,0.6918611526489258,0.5270758122743683,32.116,,,,
0.6945,2.4479994773864746,2.5e-05,0.6410256410256411,100,,,,,,,
,,,0.6410256410256411,100,0.6916302442550659,0.5270758122743683,42.4579,,,,
0.6936,2.755192995071411,3.125e-05,0.8012820512820513,125,,,,,,,
,,,0.8012820512820513,125,0.6927223205566406,0.5270758122743683,53.2951,,,,
0.7027,2.559581756591797,3.7500000000000003e-05,0.9615384615384616,150,,,,,,,
,,,0.9615384615384616,150,0.6944438815116882,0.4729241877256318,63.3214,,,,
0.6976,3.325054168701172,4.375e-05,1.1217948717948718,175,,,,,,,
,,,1.1217948717948718,175,0.6944454312324524,0.4729241877256318,73.7509,,,,
0.6946,3.4545645713806152,5e-05,1.282051282051282,200,,,,,,,
,,,1.282051282051282,200,0.6911540627479553,0.5270758122743683,84.1257,,,,
0.6997,0.758083701133728,4.908088235294118e-05,1.4423076923076923,225,,,,,,,
,,,1.4423076923076923,225,0.6980177760124207,0.4729241877256318,94.8265,,,,
0.7023,1.0422759056091309,4.816176470588236e-05,1.6025641025641026,250,,,,,,,
,,,1.6025641025641026,250,0.6914958357810974,0.5270758122743683,105.1656,,,,
0.6911,1.2559821605682373,4.7242647058823534e-05,1.7628205128205128,275,,,,,,,
,,,1.7628205128205128,275,0.6908274292945862,0.5270758122743683,115.2105,,,,
0.6967,2.5789787769317627,4.632352941176471e-05,1.9230769230769231,300,,,,,,,
,,,1.9230769230769231,300,0.6905843615531921,0.5270758122743683,125.8538,,,,
0.694,0.66689532995224,4.5404411764705883e-05,2.0833333333333335,325,,,,,,,
,,,2.0833333333333335,325,0.6941180229187012,0.4729241877256318,135.9713,,,,
0.6942,1.0717029571533203,4.448529411764706e-05,2.2435897435897436,350,,,,,,,
,,,2.2435897435897436,350,0.6919909119606018,0.5812274368231047,146.1225,,,,
0.6951,1.721794605255127,4.356617647058824e-05,2.4038461538461537,375,,,,,,,
,,,2.4038461538461537,375,0.6955887079238892,0.4729241877256318,156.3875,,,,
0.6968,2.017272710800171,4.2647058823529415e-05,2.564102564102564,400,,,,,,,
,,,2.564102564102564,400,0.6921007037162781,0.5126353790613718,166.7587,,,,
0.6898,0.8115701675415039,4.172794117647059e-05,2.7243589743589745,425,,,,,,,
,,,2.7243589743589745,425,0.6990419030189514,0.4729241877256318,177.2011,,,,
0.7023,0.6836406588554382,4.0808823529411765e-05,2.8846153846153846,450,,,,,,,
,,,2.8846153846153846,450,0.6907207369804382,0.5631768953068592,187.6496,,,,
0.6887,0.8795964121818542,3.9889705882352946e-05,3.0448717948717947,475,,,,,,,
,,,3.0448717948717947,475,0.6880896687507629,0.5270758122743683,197.7942,,,,
0.6935,1.7879714965820312,3.897058823529412e-05,3.2051282051282053,500,,,,,,,
,,,3.2051282051282053,500,0.6898184418678284,0.5523465703971119,208.2058,,,,
0.689,3.6034088134765625,3.8051470588235296e-05,3.3653846153846154,525,,,,,,,
,,,3.3653846153846154,525,0.6852362751960754,0.5270758122743683,218.9711,,,,
0.6909,1.8827844858169556,3.713235294117647e-05,3.5256410256410255,550,,,,,,,
,,,3.5256410256410255,550,0.6847731471061707,0.628158844765343,228.9374,,,,
0.6869,0.7272067666053772,3.6213235294117646e-05,3.685897435897436,575,,,,,,,
,,,3.685897435897436,575,0.6839495301246643,0.6245487364620939,238.789,,,,
0.6874,1.613102674484253,3.529411764705883e-05,3.8461538461538463,600,,,,,,,
,,,3.8461538461538463,600,0.6803820133209229,0.6353790613718412,249.4172,,,,
0.6764,2.885857105255127,3.4375e-05,4.006410256410256,625,,,,,,,
,,,4.006410256410256,625,0.6795198917388916,0.5667870036101083,259.8557,,,,
0.6671,1.251477837562561,3.345588235294118e-05,4.166666666666667,650,,,,,,,
,,,4.166666666666667,650,0.6630519032478333,0.631768953068592,270.3237,,,,
0.6562,1.5852266550064087,3.253676470588236e-05,4.326923076923077,675,,,,,,,
,,,4.326923076923077,675,0.6446488499641418,0.6570397111913358,280.3115,,,,
0.6662,3.691890001296997,3.161764705882353e-05,4.487179487179487,700,,,,,,,
,,,4.487179487179487,700,0.6355084776878357,0.6462093862815884,290.8464,,,,
0.6335,1.1867252588272095,3.069852941176471e-05,4.647435897435898,725,,,,,,,
,,,4.647435897435898,725,0.6334934234619141,0.6498194945848376,300.8822,,,,
0.6471,2.3809542655944824,2.9779411764705883e-05,4.8076923076923075,750,,,,,,,
,,,4.8076923076923075,750,0.6183398365974426,0.6750902527075813,311.2613,,,,
0.6135,3.472865343093872,2.8860294117647058e-05,4.967948717948718,775,,,,,,,
,,,4.967948717948718,775,0.6291295886039734,0.6678700361010831,321.463,,,,
0.6059,1.6590949296951294,2.7941176470588236e-05,5.128205128205128,800,,,,,,,
,,,5.128205128205128,800,0.6218780875205994,0.6678700361010831,331.9665,,,,
0.6103,3.854231119155884,2.702205882352941e-05,5.288461538461538,825,,,,,,,
,,,5.288461538461538,825,0.6207616925239563,0.6714801444043321,342.2659,,,,
0.6186,1.935086727142334,2.6102941176470593e-05,5.448717948717949,850,,,,,,,
,,,5.448717948717949,850,0.6011016368865967,0.6823104693140795,352.9605,,,,
0.6039,9.681032180786133,2.5183823529411764e-05,5.608974358974359,875,,,,,,,
,,,5.608974358974359,875,0.6245440244674683,0.6678700361010831,363.4903,,,,
0.5613,6.519495487213135,2.4264705882352942e-05,5.769230769230769,900,,,,,,,
,,,5.769230769230769,900,0.606866717338562,0.6787003610108303,373.659,,,,
0.6384,4.438027381896973,2.334558823529412e-05,5.92948717948718,925,,,,,,,
,,,5.92948717948718,925,0.6084856986999512,0.6823104693140795,383.8285,,,,
0.6491,2.170637845993042,2.2426470588235296e-05,6.089743589743589,950,,,,,,,
,,,6.089743589743589,950,0.6027244925498962,0.703971119133574,394.0127,,,,
0.574,2.6975948810577393,2.1507352941176474e-05,6.25,975,,,,,,,
,,,6.25,975,0.5972346067428589,0.6859205776173285,404.5965,,,,
0.6045,3.3100545406341553,2.058823529411765e-05,6.410256410256411,1000,,,,,,,
,,,6.410256410256411,1000,0.5985743999481201,0.6895306859205776,414.7142,,,,
0.567,2.850414514541626,1.9669117647058824e-05,6.57051282051282,1025,,,,,,,
,,,6.57051282051282,1025,0.5970054864883423,0.6895306859205776,425.3277,,,,
0.5959,3.5668439865112305,1.8750000000000002e-05,6.730769230769231,1050,,,,,,,
,,,6.730769230769231,1050,0.6030882596969604,0.6895306859205776,435.7492,,,,
0.5768,2.4078121185302734,1.7830882352941177e-05,6.891025641025641,1075,,,,,,,
,,,6.891025641025641,1075,0.6209456920623779,0.6931407942238267,446.6441,,,,
0.5288,5.053973197937012,1.6911764705882355e-05,7.051282051282051,1100,,,,,,,
,,,7.051282051282051,1100,0.6137502789497375,0.7003610108303249,456.8492,,,,
0.5866,5.047819137573242,1.599264705882353e-05,7.211538461538462,1125,,,,,,,
,,,7.211538461538462,1125,0.6006413698196411,0.6859205776173285,466.944,,,,
0.5485,2.02276349067688,1.5073529411764706e-05,7.371794871794872,1150,,,,,,,
,,,7.371794871794872,1150,0.6054039001464844,0.7003610108303249,478.0654,,,,
0.5686,3.035806655883789,1.4154411764705883e-05,7.532051282051282,1175,,,,,,,
,,,7.532051282051282,1175,0.607702374458313,0.6931407942238267,488.1174,,,,
0.5421,4.055441379547119,1.323529411764706e-05,7.6923076923076925,1200,,,,,,,
,,,7.6923076923076925,1200,0.6053265333175659,0.6823104693140795,498.2739,,,,
0.5867,4.551444053649902,1.2316176470588236e-05,7.852564102564102,1225,,,,,,,
,,,7.852564102564102,1225,0.6248849630355835,0.7003610108303249,508.7521,,,,
0.5949,5.5572404861450195,1.1397058823529412e-05,8.012820512820513,1250,,,,,,,
,,,8.012820512820513,1250,0.6015817523002625,0.6895306859205776,519.0672,,,,
0.5495,2.410398006439209,1.0477941176470589e-05,8.173076923076923,1275,,,,,,,
,,,8.173076923076923,1275,0.5977330207824707,0.6895306859205776,529.5385,,,,
0.5456,2.9365458488464355,9.558823529411764e-06,8.333333333333334,1300,,,,,,,
,,,8.333333333333334,1300,0.6046159267425537,0.6895306859205776,539.5761,,,,
0.5826,4.337350368499756,8.639705882352942e-06,8.493589743589745,1325,,,,,,,
,,,8.493589743589745,1325,0.6111547946929932,0.6895306859205776,550.28,,,,
0.5742,2.2784504890441895,7.720588235294119e-06,8.653846153846153,1350,,,,,,,
,,,8.653846153846153,1350,0.601495087146759,0.6931407942238267,560.126,,,,
0.5242,5.641879558563232,6.8014705882352935e-06,8.814102564102564,1375,,,,,,,
,,,8.814102564102564,1375,0.6072595715522766,0.6931407942238267,570.4228,,,,
0.5583,5.6734209060668945,5.882352941176471e-06,8.974358974358974,1400,,,,,,,
,,,8.974358974358974,1400,0.6065924763679504,0.6895306859205776,580.5496,,,,
0.5313,2.30938458442688,4.963235294117647e-06,9.134615384615385,1425,,,,,,,
,,,9.134615384615385,1425,0.6064209342002869,0.6931407942238267,590.651,,,,
0.5982,3.6251325607299805,4.044117647058824e-06,9.294871794871796,1450,,,,,,,
,,,9.294871794871796,1450,0.6113432049751282,0.6895306859205776,601.0318,,,,
0.5216,3.118593215942383,3.125e-06,9.455128205128204,1475,,,,,,,
,,,9.455128205128204,1475,0.6066599488258362,0.6859205776173285,611.1124,,,,
0.5713,4.962213039398193,2.2058823529411767e-06,9.615384615384615,1500,,,,,,,
,,,9.615384615384615,1500,0.6037194132804871,0.6895306859205776,621.9242,,,,
0.5113,6.259828567504883,1.286764705882353e-06,9.775641025641026,1525,,,,,,,
,,,9.775641025641026,1525,0.6033594012260437,0.6895306859205776,632.5379,,,,
0.5884,5.387082099914551,3.6764705882352943e-07,9.935897435897436,1550,,,,,,,
,,,9.935897435897436,1550,0.6032678484916687,0.6895306859205776,642.832,,,,
,,,10.0,1560,,,645.0757,38.6,2.418,2121286737746880.0,0.6296834643834677
