loss,grad_norm,learning_rate,epoch,step,eval_loss,eval_accuracy,eval_f1,train_runtime,train_samples_per_second,train_steps_per_second,total_flos,train_loss
0.7008,1.440354824066162,2.5e-06,0.004347826086956522,1,,,,,,,,
0.6567,0.8018060326576233,6.25e-05,0.10869565217391304,25,,,,,,,,
,,,0.10869565217391304,25,0.6360411047935486,0.6838235294117647,0.8122270742358079,6.3673,,,,
0.6603,1.2579500675201416,0.000125,0.21739130434782608,50,,,,,,,,
,,,0.21739130434782608,50,0.625419557094574,0.6838235294117647,0.8122270742358079,12.3912,,,,
0.6399,2.4681994915008545,0.0001875,0.32608695652173914,75,,,,,,,,
,,,0.32608695652173914,75,0.62147057056427,0.6838235294117647,0.8122270742358079,18.5206,,,,
0.6415,0.6198421120643616,0.00025,0.43478260869565216,100,,,,,,,,
,,,0.43478260869565216,100,0.6179205179214478,0.6838235294117647,0.8122270742358079,24.5768,,,,
0.6041,1.2304894924163818,0.0003125,0.5434782608695652,125,,,,,,,,
,,,0.5434782608695652,125,0.6138102412223816,0.6838235294117647,0.8122270742358079,30.6729,,,,
0.639,3.2316806316375732,0.000375,0.6521739130434783,150,,,,,,,,
,,,0.6521739130434783,150,0.6161530613899231,0.6911764705882353,0.8157894736842105,36.7675,,,,
0.6209,0.6253765821456909,0.0004375,0.7608695652173914,175,,,,,,,,
,,,0.7608695652173914,175,0.5672072768211365,0.6936274509803921,0.8159057437407953,42.9969,,,,
0.5923,1.5379401445388794,0.0005,0.8695652173913043,200,,,,,,,,
,,,0.8695652173913043,200,0.5378527045249939,0.7230392156862745,0.8220472440944881,49.1606,,,,
0.5879,1.297095775604248,0.0004940476190476191,0.9782608695652174,225,,,,,,,,
,,,0.9782608695652174,225,0.5349346995353699,0.7598039215686274,0.8366666666666667,55.254,,,,
0.5738,0.6851390600204468,0.0004880952380952381,1.0869565217391304,250,,,,,,,,
,,,1.0869565217391304,250,0.5195402503013611,0.7205882352941176,0.8267477203647416,61.1847,,,,
0.5246,0.5777382254600525,0.00048214285714285715,1.1956521739130435,275,,,,,,,,
,,,1.1956521739130435,275,0.4907708168029785,0.7450980392156863,0.8343949044585988,67.2409,,,,
0.5111,1.1844699382781982,0.0004761904761904762,1.3043478260869565,300,,,,,,,,
,,,1.3043478260869565,300,0.46317875385284424,0.7892156862745098,0.8566666666666668,73.4109,,,,
0.4774,2.5666277408599854,0.00047023809523809523,1.4130434782608696,325,,,,,,,,
,,,1.4130434782608696,325,0.5256770849227905,0.7205882352941176,0.7615062761506276,79.4498,,,,
0.5084,3.9847512245178223,0.00046428571428571433,1.5217391304347827,350,,,,,,,,
,,,1.5217391304347827,350,0.4559561014175415,0.7867647058823529,0.8566721581548599,85.6222,,,,
0.4482,0.8247615694999695,0.0004583333333333333,1.6304347826086958,375,,,,,,,,
,,,1.6304347826086958,375,0.41077250242233276,0.803921568627451,0.8513011152416357,91.6057,,,,
0.3944,1.376966118812561,0.00045238095238095237,1.7391304347826086,400,,,,,,,,
,,,1.7391304347826086,400,0.3997691571712494,0.8186274509803921,0.8715277777777779,97.7418,,,,
0.454,2.5691654682159424,0.00044642857142857147,1.8478260869565217,425,,,,,,,,
,,,1.8478260869565217,425,0.3797222673892975,0.8112745098039216,0.8688245315161841,103.8532,,,,
0.4268,1.1253138780593872,0.00044047619047619046,1.9565217391304348,450,,,,,,,,
,,,1.9565217391304348,450,0.3973596692085266,0.8186274509803921,0.8758389261744967,110.0539,,,,
0.4503,0.9326879382133484,0.00043452380952380956,2.0652173913043477,475,,,,,,,,
,,,2.0652173913043477,475,0.48550325632095337,0.7696078431372549,0.8522012578616351,115.9085,,,,
0.431,0.8643099665641785,0.00042857142857142855,2.1739130434782608,500,,,,,,,,
,,,2.1739130434782608,500,0.37789565324783325,0.821078431372549,0.8756388415672913,122.0255,,,,
0.3918,1.2330927848815918,0.00042261904761904765,2.282608695652174,525,,,,,,,,
,,,2.282608695652174,525,0.362385630607605,0.8529411764705882,0.8905109489051095,128.3931,,,,
0.3577,0.4535798132419586,0.0004166666666666667,2.391304347826087,550,,,,,,,,
,,,2.391304347826087,550,0.403053879737854,0.8235294117647058,0.8762886597938144,134.455,,,,
0.441,0.5750333666801453,0.0004107142857142857,2.5,575,,,,,,,,
,,,2.5,575,0.38621214032173157,0.8014705882352942,0.8661157024793389,140.5333,,,,
0.3649,0.45643022656440735,0.0004047619047619048,2.608695652173913,600,,,,,,,,
,,,2.608695652173913,600,0.3766046464443207,0.8431372549019608,0.889655172413793,146.5981,,,,
0.3932,0.4923776090145111,0.00039880952380952383,2.717391304347826,625,,,,,,,,
,,,2.717391304347826,625,0.4381919801235199,0.8112745098039216,0.8752025931928687,152.7367,,,,
0.463,1.7630178928375244,0.0003928571428571429,2.8260869565217392,650,,,,,,,,
,,,2.8260869565217392,650,0.34193748235702515,0.8431372549019608,0.889655172413793,158.8667,,,,
0.3433,0.9956305623054504,0.0003869047619047619,2.9347826086956523,675,,,,,,,,
,,,2.9347826086956523,675,0.3544848561286926,0.8406862745098039,0.8865619546247819,164.9925,,,,
0.3528,2.0960052013397217,0.00038095238095238096,3.0434782608695654,700,,,,,,,,
,,,3.0434782608695654,700,0.3864421844482422,0.8357843137254902,0.8862478777589134,170.8306,,,,
0.3814,1.5564268827438354,0.000375,3.1521739130434785,725,,,,,,,,
,,,3.1521739130434785,725,0.4337974190711975,0.8186274509803921,0.8798701298701299,176.902,,,,
0.3834,1.0775221586227417,0.00036904761904761905,3.260869565217391,750,,,,,,,,
,,,3.260869565217391,750,0.40379849076271057,0.8235294117647058,0.881578947368421,183.0194,,,,
0.3052,1.5325034856796265,0.0003630952380952381,3.369565217391304,775,,,,,,,,
,,,3.369565217391304,775,0.36581292748451233,0.8529411764705882,0.8983050847457628,188.9869,,,,
0.3529,2.6715245246887207,0.00035714285714285714,3.4782608695652173,800,,,,,,,,
,,,3.4782608695652173,800,0.4270983636379242,0.8406862745098039,0.8907563025210083,195.0552,,,,
0.4124,0.7779359221458435,0.0003511904761904762,3.5869565217391304,825,,,,,,,,
,,,3.5869565217391304,825,0.33552873134613037,0.8504901960784313,0.8967851099830796,201.1588,,,,
0.3706,0.7265838384628296,0.00034523809523809523,3.6956521739130435,850,,,,,,,,
,,,3.6956521739130435,850,0.32295891642570496,0.8480392156862745,0.8904593639575972,207.307,,,,
0.3451,2.387706995010376,0.00033928571428571433,3.8043478260869565,875,,,,,,,,
,,,3.8043478260869565,875,0.3287148177623749,0.8431372549019608,0.8873239436619718,213.4128,,,,
0.3713,0.6503213047981262,0.0003333333333333333,3.9130434782608696,900,,,,,,,,
,,,3.9130434782608696,900,0.3717367947101593,0.8308823529411765,0.8855721393034827,219.5367,,,,
0.3655,0.8889064788818359,0.00032738095238095237,4.021739130434782,925,,,,,,,,
,,,4.021739130434782,925,0.31996193528175354,0.8602941176470589,0.8983957219251337,225.448,,,,
0.3304,0.845496654510498,0.00032142857142857147,4.130434782608695,950,,,,,,,,
,,,4.130434782608695,950,0.3143742084503174,0.8627450980392157,0.9014084507042254,231.5617,,,,
0.3695,1.2931327819824219,0.00031547619047619046,4.239130434782608,975,,,,,,,,
,,,4.239130434782608,975,0.32871925830841064,0.8529411764705882,0.8976109215017065,237.5514,,,,
0.3495,0.7068232893943787,0.00030952380952380956,4.3478260869565215,1000,,,,,,,,
,,,4.3478260869565215,1000,0.34171879291534424,0.8504901960784313,0.8974789915966387,243.5619,,,,
0.3521,2.2450151443481445,0.00030357142857142855,4.456521739130435,1025,,,,,,,,
,,,4.456521739130435,1025,0.3167826235294342,0.8627450980392157,0.8974358974358974,250.0672,,,,
0.3175,1.6936982870101929,0.00029761904761904765,4.565217391304348,1050,,,,,,,,
,,,4.565217391304348,1050,0.3394148647785187,0.8529411764705882,0.8961937716262977,256.1564,,,,
0.2947,0.798547625541687,0.0002916666666666667,4.673913043478261,1075,,,,,,,,
,,,4.673913043478261,1075,0.33201226592063904,0.8651960784313726,0.9023090586145649,262.2277,,,,
0.2826,1.490418791770935,0.0002857142857142857,4.782608695652174,1100,,,,,,,,
,,,4.782608695652174,1100,0.32608646154403687,0.8578431372549019,0.8971631205673759,268.2744,,,,
0.3206,1.0475090742111206,0.0002797619047619048,4.891304347826087,1125,,,,,,,,
,,,4.891304347826087,1125,0.3128710985183716,0.8651960784313726,0.9016100178890876,274.3584,,,,
0.3141,0.09195628017187119,0.0002738095238095238,5.0,1150,,,,,,,,
,,,5.0,1150,0.31010499596595764,0.8676470588235294,0.9032258064516129,280.4218,,,,
0.3032,0.48955753445625305,0.00026785714285714287,5.108695652173913,1175,,,,,,,,
,,,5.108695652173913,1175,0.33988839387893677,0.8602941176470589,0.9032258064516129,286.4669,,,,
0.3013,2.326390266418457,0.0002619047619047619,5.217391304347826,1200,,,,,,,,
,,,5.217391304347826,1200,0.32830697298049927,0.8651960784313726,0.9053356282271946,292.5708,,,,
0.2957,0.7291883230209351,0.00025595238095238096,5.326086956521739,1225,,,,,,,,
,,,5.326086956521739,1225,0.3088672161102295,0.8725490196078431,0.907473309608541,298.6801,,,,
0.3542,0.7275912761688232,0.00025,5.434782608695652,1250,,,,,,,,
,,,5.434782608695652,1250,0.3098064363002777,0.8725490196078431,0.9071428571428571,304.659,,,,
0.2609,1.1292318105697632,0.00024404761904761905,5.543478260869565,1275,,,,,,,,
,,,5.543478260869565,1275,0.30976811051368713,0.8676470588235294,0.9018181818181817,310.7169,,,,
0.2797,0.8169267773628235,0.0002380952380952381,5.6521739130434785,1300,,,,,,,,
,,,5.6521739130434785,1300,0.31610092520713806,0.8676470588235294,0.9052631578947367,316.7957,,,,
0.2677,1.306908369064331,0.00023214285714285717,5.760869565217392,1325,,,,,,,,
,,,5.760869565217392,1325,0.3233344256877899,0.8553921568627451,0.8981001727115717,323.0064,,,,
0.317,1.402148723602295,0.00022619047619047618,5.869565217391305,1350,,,,,,,,
,,,5.869565217391305,1350,0.2994706630706787,0.8700980392156863,0.9051878354203935,329.1429,,,,
0.3261,0.46793726086616516,0.00022023809523809523,5.978260869565218,1375,,,,,,,,
,,,5.978260869565218,1375,0.3008691668510437,0.8725490196078431,0.9054545454545455,335.384,,,,
0.228,1.7200285196304321,0.00021428571428571427,6.086956521739131,1400,,,,,,,,
,,,6.086956521739131,1400,0.4313180446624756,0.8431372549019608,0.8954248366013072,341.3252,,,,
0.2952,0.4218209981918335,0.00020833333333333335,6.195652173913044,1425,,,,,,,,
,,,6.195652173913044,1425,0.31868481636047363,0.8529411764705882,0.8958333333333334,347.5941,,,,
0.2865,1.2267061471939087,0.0002023809523809524,6.304347826086957,1450,,,,,,,,
,,,6.304347826086957,1450,0.3318052887916565,0.8651960784313726,0.8964218455743879,353.5273,,,,
0.3443,0.8020147085189819,0.00019642857142857144,6.413043478260869,1475,,,,,,,,
,,,6.413043478260869,1475,0.311233788728714,0.8578431372549019,0.9003436426116839,359.651,,,,
0.3051,0.5779814124107361,0.00019047619047619048,6.521739130434782,1500,,,,,,,,
,,,6.521739130434782,1500,0.2974839210510254,0.8725490196078431,0.9068100358422939,365.6753,,,,
0.2572,3.06689453125,0.00018452380952380953,6.630434782608695,1525,,,,,,,,
,,,6.630434782608695,1525,0.34414052963256836,0.8627450980392157,0.9037800687285222,372.177,,,,
0.3172,0.5176164507865906,0.00017857142857142857,6.739130434782608,1550,,,,,,,,
,,,6.739130434782608,1550,0.3047468960285187,0.8725490196078431,0.9054545454545455,378.1958,,,,
0.2803,1.7495882511138916,0.00017261904761904762,6.8478260869565215,1575,,,,,,,,
,,,6.8478260869565215,1575,0.30542421340942383,0.875,0.9071038251366121,384.3284,,,,
0.2889,0.6580130457878113,0.00016666666666666666,6.956521739130435,1600,,,,,,,,
,,,6.956521739130435,1600,0.3180539608001709,0.8553921568627451,0.8966725043782837,390.4646,,,,
0.2533,0.9879106283187866,0.00016071428571428573,7.065217391304348,1625,,,,,,,,
,,,7.065217391304348,1625,0.323453426361084,0.8553921568627451,0.8963093145869947,396.4415,,,,
0.2657,0.9485617280006409,0.00015476190476190478,7.173913043478261,1650,,,,,,,,
,,,7.173913043478261,1650,0.309282124042511,0.875,0.9074410163339381,402.4587,,,,
0.2597,0.6393758654594421,0.00014880952380952382,7.282608695652174,1675,,,,,,,,
,,,7.282608695652174,1675,0.32502904534339905,0.8700980392156863,0.9090909090909091,408.5284,,,,
0.2688,0.8908623456954956,0.00014285714285714284,7.391304347826087,1700,,,,,,,,
,,,7.391304347826087,1700,0.29908859729766846,0.8700980392156863,0.9061946902654867,414.6777,,,,
0.2647,0.42446208000183105,0.0001369047619047619,7.5,1725,,,,,,,,
,,,7.5,1725,0.30247554183006287,0.8725490196078431,0.9071428571428571,420.898,,,,
0.2797,0.7849255800247192,0.00013095238095238096,7.608695652173913,1750,,,,,,,,
,,,7.608695652173913,1750,0.2989231050014496,0.8676470588235294,0.9039145907473309,426.9772,,,,
0.2991,1.5653386116027832,0.000125,7.717391304347826,1775,,,,,,,,
,,,7.717391304347826,1775,0.30325424671173096,0.8602941176470589,0.9001751313485115,433.1321,,,,
0.2594,0.7133349776268005,0.00011904761904761905,7.826086956521739,1800,,,,,,,,
,,,7.826086956521739,1800,0.31693094968795776,0.8529411764705882,0.8951048951048952,439.1438,,,,
0.2588,0.712572455406189,0.00011309523809523809,7.934782608695652,1825,,,,,,,,
,,,7.934782608695652,1825,0.3030162453651428,0.875,0.9071038251366121,445.4535,,,,
0.337,0.7504671812057495,0.00010714285714285714,8.043478260869565,1850,,,,,,,,
,,,8.043478260869565,1850,0.317304790019989,0.8602941176470589,0.9001751313485115,451.4045,,,,
0.264,0.978496253490448,0.0001011904761904762,8.152173913043478,1875,,,,,,,,
,,,8.152173913043478,1875,0.29825955629348755,0.8725490196078431,0.9071428571428571,457.5302,,,,
0.2433,0.23944124579429626,9.523809523809524e-05,8.26086956521739,1900,,,,,,,,
,,,8.26086956521739,1900,0.31682658195495605,0.8627450980392157,0.9017543859649123,463.6517,,,,
0.2703,0.7280790209770203,8.928571428571429e-05,8.369565217391305,1925,,,,,,,,
,,,8.369565217391305,1925,0.29722070693969727,0.875,0.9090909090909091,469.8448,,,,
0.2402,0.9157189130783081,8.333333333333333e-05,8.478260869565217,1950,,,,,,,,
,,,8.478260869565217,1950,0.3120129406452179,0.8676470588235294,0.9049295774647886,476.0232,,,,
0.2365,0.9548312425613403,7.738095238095239e-05,8.58695652173913,1975,,,,,,,,
,,,8.58695652173913,1975,0.327029287815094,0.8627450980392157,0.903448275862069,482.0344,,,,
0.2384,0.7177391052246094,7.142857142857142e-05,8.695652173913043,2000,,,,,,,,
,,,8.695652173913043,2000,0.3254610002040863,0.8651960784313726,0.9046793760831888,488.0836,,,,
0.2635,1.6588002443313599,6.547619047619048e-05,8.804347826086957,2025,,,,,,,,
,,,8.804347826086957,2025,0.30899035930633545,0.8700980392156863,0.905861456483126,494.5629,,,,
0.3078,1.3522239923477173,5.9523809523809524e-05,8.91304347826087,2050,,,,,,,,
,,,8.91304347826087,2050,0.30986854434013367,0.8700980392156863,0.9065255731922399,500.6816,,,,
0.3154,0.5448119640350342,5.357142857142857e-05,9.021739130434783,2075,,,,,,,,
,,,9.021739130434783,2075,0.31283292174339294,0.8578431372549019,0.8989547038327526,506.6074,,,,
0.2388,0.364274799823761,4.761904761904762e-05,9.130434782608695,2100,,,,,,,,
,,,9.130434782608695,2100,0.29839569330215454,0.8774509803921569,0.9100719424460433,512.6327,,,,
0.231,0.4763413965702057,4.1666666666666665e-05,9.23913043478261,2125,,,,,,,,
,,,9.23913043478261,2125,0.3042982220649719,0.8700980392156863,0.905861456483126,518.6742,,,,
0.2843,0.7093594670295715,3.571428571428571e-05,9.347826086956522,2150,,,,,,,,
,,,9.347826086956522,2150,0.30938130617141724,0.8627450980392157,0.9020979020979022,524.7222,,,,
0.2567,0.47076523303985596,2.9761904761904762e-05,9.456521739130435,2175,,,,,,,,
,,,9.456521739130435,2175,0.30525049567222595,0.8700980392156863,0.9068541300527241,530.8283,,,,
0.2597,0.5266775488853455,2.380952380952381e-05,9.565217391304348,2200,,,,,,,,
,,,9.565217391304348,2200,0.318500816822052,0.8578431372549019,0.8993055555555555,536.9127,,,,
0.2884,0.6767647862434387,1.7857142857142855e-05,9.673913043478262,2225,,,,,,,,
,,,9.673913043478262,2225,0.3084169328212738,0.8627450980392157,0.9020979020979022,542.994,,,,
0.2556,0.6170037388801575,1.1904761904761905e-05,9.782608695652174,2250,,,,,,,,
,,,9.782608695652174,2250,0.3056444823741913,0.8627450980392157,0.9020979020979022,549.0753,,,,
0.2468,1.7331889867782593,5.9523809523809525e-06,9.891304347826086,2275,,,,,,,,
,,,9.891304347826086,2275,0.30517059564590454,0.8651960784313726,0.9036777583187391,555.2167,,,,
0.2549,1.1784236431121826,0.0,10.0,2300,,,,,,,,
,,,10.0,2300,0.3043178617954254,0.8676470588235294,0.9052631578947367,561.2188,,,,
,,,10.0,2300,,,,560.8881,65.396,4.101,1490749903787424.0,0.3578416949251424
