loss,grad_norm,learning_rate,epoch,step,eval_loss,eval_accuracy,train_runtime,train_samples_per_second,train_steps_per_second,total_flos,train_loss
0.718,1.6974462270736694,5.000000000000001e-07,0.00641025641025641,1,,,,,,,
0.7179,1.8711961507797241,1.25e-05,0.16025641025641027,25,,,,,,,
,,,0.16025641025641027,25,0.6922595500946045,0.5270758122743683,11.1872,,,,
0.7028,0.8308834433555603,2.5e-05,0.32051282051282054,50,,,,,,,
,,,0.32051282051282054,50,0.6917202472686768,0.5270758122743683,20.6615,,,,
0.6887,0.9923670887947083,3.7500000000000003e-05,0.4807692307692308,75,,,,,,,
,,,0.4807692307692308,75,0.6916021108627319,0.5270758122743683,31.3311,,,,
0.6942,2.4086873531341553,5e-05,0.6410256410256411,100,,,,,,,
,,,0.6410256410256411,100,0.6914031505584717,0.5270758122743683,41.2532,,,,
0.6949,2.947962999343872,6.25e-05,0.8012820512820513,125,,,,,,,
,,,0.8012820512820513,125,0.6949810981750488,0.5270758122743683,51.9463,,,,
0.7046,1.894581913948059,7.500000000000001e-05,0.9615384615384616,150,,,,,,,
,,,0.9615384615384616,150,0.7061966061592102,0.4729241877256318,62.0388,,,,
0.7038,3.1586010456085205,8.75e-05,1.1217948717948718,175,,,,,,,
,,,1.1217948717948718,175,0.6932627558708191,0.5126353790613718,72.5199,,,,
0.6949,3.5771775245666504,0.0001,1.282051282051282,200,,,,,,,
,,,1.282051282051282,200,0.6910558938980103,0.5270758122743683,83.0985,,,,
0.6981,1.0019205808639526,9.816176470588235e-05,1.4423076923076923,225,,,,,,,
,,,1.4423076923076923,225,0.7057331800460815,0.4729241877256318,93.5582,,,,
0.7065,0.9111778736114502,9.632352941176472e-05,1.6025641025641026,250,,,,,,,
,,,1.6025641025641026,250,0.6898571252822876,0.5270758122743683,104.341,,,,
0.6924,1.0157150030136108,9.448529411764707e-05,1.7628205128205128,275,,,,,,,
,,,1.7628205128205128,275,0.6895711421966553,0.5306859205776173,114.7841,,,,
0.6944,2.508767604827881,9.264705882352942e-05,1.9230769230769231,300,,,,,,,
,,,1.9230769230769231,300,0.6880678534507751,0.5270758122743683,125.7803,,,,
0.6915,0.866817057132721,9.080882352941177e-05,2.0833333333333335,325,,,,,,,
,,,2.0833333333333335,325,0.6947805881500244,0.4729241877256318,136.1042,,,,
0.6888,1.6290464401245117,8.897058823529412e-05,2.2435897435897436,350,,,,,,,
,,,2.2435897435897436,350,0.681171178817749,0.5776173285198556,146.4972,,,,
0.6789,0.9832264184951782,8.713235294117648e-05,2.4038461538461537,375,,,,,,,
,,,2.4038461538461537,375,0.6646357774734497,0.6389891696750902,157.0727,,,,
0.6902,3.4558615684509277,8.529411764705883e-05,2.564102564102564,400,,,,,,,
,,,2.564102564102564,400,0.6723688840866089,0.592057761732852,167.6895,,,,
0.6567,1.0528496503829956,8.345588235294118e-05,2.7243589743589745,425,,,,,,,
,,,2.7243589743589745,425,0.6464034914970398,0.6389891696750902,178.3917,,,,
0.6578,1.039993166923523,8.161764705882353e-05,2.8846153846153846,450,,,,,,,
,,,2.8846153846153846,450,0.6413812041282654,0.6714801444043321,189.1468,,,,
0.6136,1.4846556186676025,7.977941176470589e-05,3.0448717948717947,475,,,,,,,
,,,3.0448717948717947,475,0.6177233457565308,0.6967509025270758,199.6499,,,,
0.6286,2.1807496547698975,7.794117647058824e-05,3.2051282051282053,500,,,,,,,
,,,3.2051282051282053,500,0.6167843341827393,0.6642599277978339,210.4222,,,,
0.6423,4.565515041351318,7.610294117647059e-05,3.3653846153846154,525,,,,,,,
,,,3.3653846153846154,525,0.6180437803268433,0.6570397111913358,221.949,,,,
0.6194,4.18321418762207,7.426470588235294e-05,3.5256410256410255,550,,,,,,,
,,,3.5256410256410255,550,0.6039915680885315,0.6678700361010831,232.155,,,,
0.6152,1.9034370183944702,7.242647058823529e-05,3.685897435897436,575,,,,,,,
,,,3.685897435897436,575,0.5935484170913696,0.6606498194945848,242.4307,,,,
0.62,4.011955261230469,7.058823529411765e-05,3.8461538461538463,600,,,,,,,
,,,3.8461538461538463,600,0.635050892829895,0.6606498194945848,253.3375,,,,
0.5794,2.8392868041992188,6.875e-05,4.006410256410256,625,,,,,,,
,,,4.006410256410256,625,0.5975305438041687,0.6714801444043321,264.1523,,,,
0.5696,1.5636769533157349,6.691176470588235e-05,4.166666666666667,650,,,,,,,
,,,4.166666666666667,650,0.6386443972587585,0.6642599277978339,275.0129,,,,
0.5843,2.898611545562744,6.507352941176472e-05,4.326923076923077,675,,,,,,,
,,,4.326923076923077,675,0.6198756098747253,0.6642599277978339,285.3111,,,,
0.5803,3.418112277984619,6.323529411764705e-05,4.487179487179487,700,,,,,,,
,,,4.487179487179487,700,0.6072337031364441,0.6678700361010831,296.2654,,,,
0.5486,2.8475377559661865,6.139705882352942e-05,4.647435897435898,725,,,,,,,
,,,4.647435897435898,725,0.6203278303146362,0.6714801444043321,306.6432,,,,
0.5942,4.3949408531188965,5.9558823529411766e-05,4.8076923076923075,750,,,,,,,
,,,4.8076923076923075,750,0.6110617518424988,0.6750902527075813,317.3285,,,,
0.5635,4.292582988739014,5.7720588235294116e-05,4.967948717948718,775,,,,,,,
,,,4.967948717948718,775,0.6348039507865906,0.6859205776173285,327.8408,,,,
0.5245,1.5126550197601318,5.588235294117647e-05,5.128205128205128,800,,,,,,,
,,,5.128205128205128,800,0.5891492962837219,0.7111913357400722,338.6853,,,,
0.524,2.1800599098205566,5.404411764705882e-05,5.288461538461538,825,,,,,,,
,,,5.288461538461538,825,0.6769022941589355,0.6823104693140795,349.4094,,,,
0.5828,2.3550686836242676,5.2205882352941185e-05,5.448717948717949,850,,,,,,,
,,,5.448717948717949,850,0.5711173415184021,0.6967509025270758,360.4505,,,,
0.5406,6.943122863769531,5.036764705882353e-05,5.608974358974359,875,,,,,,,
,,,5.608974358974359,875,0.6093711256980896,0.6714801444043321,371.3366,,,,
0.4834,9.995363235473633,4.8529411764705885e-05,5.769230769230769,900,,,,,,,
,,,5.769230769230769,900,0.6217169761657715,0.6895306859205776,381.8182,,,,
0.6206,5.827938556671143,4.669117647058824e-05,5.92948717948718,925,,,,,,,
,,,5.92948717948718,925,0.5748094916343689,0.6823104693140795,392.347,,,,
0.584,1.734917402267456,4.485294117647059e-05,6.089743589743589,950,,,,,,,
,,,6.089743589743589,950,0.5691216588020325,0.6823104693140795,402.9622,,,,
0.5051,2.3481650352478027,4.301470588235295e-05,6.25,975,,,,,,,
,,,6.25,975,0.5755960941314697,0.7075812274368231,413.7993,,,,
0.5547,5.071197032928467,4.11764705882353e-05,6.410256410256411,1000,,,,,,,
,,,6.410256410256411,1000,0.5699915885925293,0.703971119133574,424.203,,,,
0.5158,3.0140130519866943,3.933823529411765e-05,6.57051282051282,1025,,,,,,,
,,,6.57051282051282,1025,0.5921650528907776,0.7003610108303249,435.5832,,,,
0.532,1.7519192695617676,3.7500000000000003e-05,6.730769230769231,1050,,,,,,,
,,,6.730769230769231,1050,0.5672116279602051,0.703971119133574,446.3371,,,,
0.5136,2.9700474739074707,3.566176470588235e-05,6.891025641025641,1075,,,,,,,
,,,6.891025641025641,1075,0.5876337289810181,0.6787003610108303,457.6027,,,,
0.4668,3.354135036468506,3.382352941176471e-05,7.051282051282051,1100,,,,,,,
,,,7.051282051282051,1100,0.5817789435386658,0.6931407942238267,468.0998,,,,
0.5056,4.4376068115234375,3.198529411764706e-05,7.211538461538462,1125,,,,,,,
,,,7.211538461538462,1125,0.5738369226455688,0.6931407942238267,478.479,,,,
0.4863,2.4946253299713135,3.0147058823529413e-05,7.371794871794872,1150,,,,,,,
,,,7.371794871794872,1150,0.5826480984687805,0.6895306859205776,489.8628,,,,
0.5124,3.3250937461853027,2.8308823529411766e-05,7.532051282051282,1175,,,,,,,
,,,7.532051282051282,1175,0.5839811563491821,0.6931407942238267,500.2571,,,,
0.4647,3.2645013332366943,2.647058823529412e-05,7.6923076923076925,1200,,,,,,,
,,,7.6923076923076925,1200,0.5955187082290649,0.7003610108303249,510.788,,,,
0.5296,3.9484827518463135,2.4632352941176472e-05,7.852564102564102,1225,,,,,,,
,,,7.852564102564102,1225,0.6177743673324585,0.6823104693140795,521.5978,,,,
0.541,4.952493190765381,2.2794117647058825e-05,8.012820512820513,1250,,,,,,,
,,,8.012820512820513,1250,0.582817018032074,0.6967509025270758,532.2041,,,,
0.4811,3.4525253772735596,2.0955882352941178e-05,8.173076923076923,1275,,,,,,,
,,,8.173076923076923,1275,0.600860595703125,0.6823104693140795,542.914,,,,
0.4859,2.5540785789489746,1.9117647058823528e-05,8.333333333333334,1300,,,,,,,
,,,8.333333333333334,1300,0.5811662673950195,0.6967509025270758,553.3237,,,,
0.4845,4.649831295013428,1.7279411764705884e-05,8.493589743589745,1325,,,,,,,
,,,8.493589743589745,1325,0.6064839959144592,0.6895306859205776,564.3521,,,,
0.5075,2.1306331157684326,1.5441176470588237e-05,8.653846153846153,1350,,,,,,,
,,,8.653846153846153,1350,0.572820246219635,0.7075812274368231,574.5693,,,,
0.4472,6.197854995727539,1.3602941176470587e-05,8.814102564102564,1375,,,,,,,
,,,8.814102564102564,1375,0.625184953212738,0.6859205776173285,585.1811,,,,
0.4991,6.139435291290283,1.1764705882352942e-05,8.974358974358974,1400,,,,,,,
,,,8.974358974358974,1400,0.5916759967803955,0.6859205776173285,595.6167,,,,
0.4662,2.4150757789611816,9.926470588235293e-06,9.134615384615385,1425,,,,,,,
,,,9.134615384615385,1425,0.5893427729606628,0.6931407942238267,606.0666,,,,
0.5224,4.704694747924805,8.088235294117648e-06,9.294871794871796,1450,,,,,,,
,,,9.294871794871796,1450,0.6043631434440613,0.6823104693140795,616.7964,,,,
0.4216,2.919478178024292,6.25e-06,9.455128205128204,1475,,,,,,,
,,,9.455128205128204,1475,0.5947355628013611,0.6859205776173285,627.2195,,,,
0.4958,4.083820819854736,4.411764705882353e-06,9.615384615384615,1500,,,,,,,
,,,9.615384615384615,1500,0.5878697633743286,0.6895306859205776,638.3278,,,,
0.4466,5.6675567626953125,2.573529411764706e-06,9.775641025641026,1525,,,,,,,
,,,9.775641025641026,1525,0.5946799516677856,0.6895306859205776,649.6734,,,,
0.5137,3.5003907680511475,7.352941176470589e-07,9.935897435897436,1550,,,,,,,
,,,9.935897435897436,1550,0.5941820740699768,0.6895306859205776,660.2342,,,,
,,,10.0,1560,,,663.034,37.555,2.353,2121286737746880.0,0.5796468545993169
