loss,grad_norm,learning_rate,epoch,step,eval_loss,eval_accuracy,eval_f1,train_runtime,train_samples_per_second,train_steps_per_second,total_flos,train_loss
1.9032,1.4424785375595093,1e-05,0.004347826086956522,1,,,,,,,,
1.8129,1.5797101259231567,0.00025,0.10869565217391304,25,,,,,,,,
,,,0.10869565217391304,25,1.6897965669631958,0.6838235294117647,0.8122270742358079,6.7648,,,,
1.5294,2.5576229095458984,0.0005,0.21739130434782608,50,,,,,,,,
,,,0.21739130434782608,50,1.1139357089996338,0.6838235294117647,0.8122270742358079,13.0007,,,,
0.8526,0.496590793132782,0.00075,0.32608695652173914,75,,,,,,,,
,,,0.32608695652173914,75,0.6998441815376282,0.6838235294117647,0.8122270742358079,19.4525,,,,
0.7168,0.8775584697723389,0.001,0.43478260869565216,100,,,,,,,,
,,,0.43478260869565216,100,0.6301604509353638,0.6838235294117647,0.8122270742358079,25.7244,,,,
0.6449,2.0121212005615234,0.00125,0.5434782608695652,125,,,,,,,,
,,,0.5434782608695652,125,0.646931529045105,0.7107843137254902,0.822289156626506,32.1111,,,,
0.6617,3.4954147338867188,0.0015,0.6521739130434783,150,,,,,,,,
,,,0.6521739130434783,150,0.6327160000801086,0.7058823529411765,0.8208955223880596,38.3721,,,,
0.7001,0.6092732548713684,0.00175,0.7608695652173914,175,,,,,,,,
,,,0.7608695652173914,175,0.6103097796440125,0.6887254901960784,0.8145985401459854,44.8813,,,,
0.6301,0.9779207110404968,0.002,0.8695652173913043,200,,,,,,,,
,,,0.8695652173913043,200,0.553352415561676,0.7058823529411765,0.8170731707317074,51.2849,,,,
0.6107,1.5043448209762573,0.0019761904761904764,0.9782608695652174,225,,,,,,,,
,,,0.9782608695652174,225,0.6170083284378052,0.7107843137254902,0.7822878228782288,57.6252,,,,
0.6029,4.66206169128418,0.0019523809523809524,1.0869565217391304,250,,,,,,,,
,,,1.0869565217391304,250,0.833652138710022,0.5563725490196079,0.5249343832020997,63.8817,,,,
0.6404,0.7007375359535217,0.0019285714285714286,1.1956521739130435,275,,,,,,,,
,,,1.1956521739130435,275,0.5125550031661987,0.7205882352941176,0.822429906542056,70.2185,,,,
0.5588,1.6455656290054321,0.0019047619047619048,1.3043478260869565,300,,,,,,,,
,,,1.3043478260869565,300,0.5132820010185242,0.7573529411764706,0.8405797101449276,76.5887,,,,
0.4744,1.1542185544967651,0.001880952380952381,1.4130434782608696,325,,,,,,,,
,,,1.4130434782608696,325,0.43707871437072754,0.8235294117647058,0.8767123287671232,82.9166,,,,
0.5381,2.97306227684021,0.0018571428571428573,1.5217391304347827,350,,,,,,,,
,,,1.5217391304347827,350,0.4632636308670044,0.7965686274509803,0.8413001912045889,89.3219,,,,
0.4744,0.9373047351837158,0.0018333333333333333,1.6304347826086958,375,,,,,,,,
,,,1.6304347826086958,375,0.43848761916160583,0.7941176470588235,0.8339920948616601,95.5678,,,,
0.5666,2.4083545207977295,0.0018095238095238095,1.7391304347826086,400,,,,,,,,
,,,1.7391304347826086,400,0.647499680519104,0.7328431372549019,0.8365817091454272,101.9739,,,,
0.5402,3.0277292728424072,0.0017857142857142859,1.8478260869565217,425,,,,,,,,
,,,1.8478260869565217,425,0.40526407957077026,0.8406862745098039,0.8845470692717585,108.3457,,,,
0.499,6.048806190490723,0.0017619047619047618,1.9565217391304348,450,,,,,,,,
,,,1.9565217391304348,450,0.5004228949546814,0.8235294117647058,0.880794701986755,114.8633,,,,
0.473,1.4484666585922241,0.0017380952380952382,2.0652173913043477,475,,,,,,,,
,,,2.0652173913043477,475,0.4472147524356842,0.8063725490196079,0.871125611745514,120.9888,,,,
0.4783,0.8427795767784119,0.0017142857142857142,2.1739130434782608,500,,,,,,,,
,,,2.1739130434782608,500,0.36334332823753357,0.8431372549019608,0.8865248226950355,127.4549,,,,
0.4389,2.4075331687927246,0.0016904761904761906,2.282608695652174,525,,,,,,,,
,,,2.282608695652174,525,0.3577325940132141,0.8406862745098039,0.8820326678765881,133.9826,,,,
0.4405,1.2474838495254517,0.0016666666666666668,2.391304347826087,550,,,,,,,,
,,,2.391304347826087,550,0.3720676898956299,0.8431372549019608,0.8869257950530036,140.3682,,,,
0.4801,2.8885416984558105,0.0016428571428571427,2.5,575,,,,,,,,
,,,2.5,575,0.5441295504570007,0.7401960784313726,0.8403614457831325,146.6666,,,,
0.4236,1.5733660459518433,0.0016190476190476191,2.608695652173913,600,,,,,,,,
,,,2.608695652173913,600,0.34552428126335144,0.8578431372549019,0.8953068592057761,153.1252,,,,
0.4658,2.54500150680542,0.0015952380952380953,2.717391304347826,625,,,,,,,,
,,,2.717391304347826,625,0.4250006079673767,0.8063725490196079,0.8719611021069691,159.5363,,,,
0.4673,2.082693099975586,0.0015714285714285715,2.8260869565217392,650,,,,,,,,
,,,2.8260869565217392,650,0.3544589877128601,0.8480392156862745,0.8876811594202899,166.0482,,,,
0.38,2.6479105949401855,0.0015476190476190477,2.9347826086956523,675,,,,,,,,
,,,2.9347826086956523,675,0.3832330107688904,0.8504901960784313,0.8912655971479501,172.4654,,,,
0.393,1.492048978805542,0.0015238095238095239,3.0434782608695654,700,,,,,,,,
,,,3.0434782608695654,700,0.3574090898036957,0.8431372549019608,0.8857142857142857,178.7252,,,,
0.3825,1.1517385244369507,0.0015,3.1521739130434785,725,,,,,,,,
,,,3.1521739130434785,725,0.3714277148246765,0.8725490196078431,0.9078014184397164,185.0038,,,,
0.4015,2.1086127758026123,0.0014761904761904762,3.260869565217391,750,,,,,,,,
,,,3.260869565217391,750,0.36549049615859985,0.8504901960784313,0.8950086058519794,191.5226,,,,
0.3512,2.0264077186584473,0.0014523809523809524,3.369565217391304,775,,,,,,,,
,,,3.369565217391304,775,0.4541585445404053,0.8235294117647058,0.8811881188118812,197.7226,,,,
0.3626,4.989713191986084,0.0014285714285714286,3.4782608695652173,800,,,,,,,,
,,,3.4782608695652173,800,0.4240579903125763,0.8455882352941176,0.8892794376098417,204.2631,,,,
0.4448,2.7561798095703125,0.0014047619047619047,3.5869565217391304,825,,,,,,,,
,,,3.5869565217391304,825,0.35309407114982605,0.8431372549019608,0.8823529411764707,210.6474,,,,
0.3894,1.6492202281951904,0.001380952380952381,3.6956521739130435,850,,,,,,,,
,,,3.6956521739130435,850,0.34193113446235657,0.8529411764705882,0.88929889298893,217.2101,,,,
0.3696,5.848178386688232,0.0013571428571428573,3.8043478260869565,875,,,,,,,,
,,,3.8043478260869565,875,0.3814656734466553,0.8627450980392157,0.8974358974358974,223.524,,,,
0.4017,1.5340913534164429,0.0013333333333333333,3.9130434782608696,900,,,,,,,,
,,,3.9130434782608696,900,0.35382816195487976,0.8578431372549019,0.902027027027027,230.0154,,,,
0.4014,1.92278254032135,0.0013095238095238095,4.021739130434782,925,,,,,,,,
,,,4.021739130434782,925,0.35032832622528076,0.8480392156862745,0.89198606271777,236.216,,,,
0.3594,2.0092856884002686,0.0012857142857142859,4.130434782608695,950,,,,,,,,
,,,4.130434782608695,950,0.3202908933162689,0.8651960784313726,0.9019607843137256,242.7107,,,,
0.4051,4.0457987785339355,0.0012619047619047618,4.239130434782608,975,,,,,,,,
,,,4.239130434782608,975,0.3898094892501831,0.8382352941176471,0.8888888888888888,248.9145,,,,
0.3944,0.9212784767150879,0.0012380952380952382,4.3478260869565215,1000,,,,,,,,
,,,4.3478260869565215,1000,0.316942036151886,0.8578431372549019,0.8971631205673759,255.3177,,,,
0.3712,2.9797356128692627,0.0012142857142857142,4.456521739130435,1025,,,,,,,,
,,,4.456521739130435,1025,0.33418890833854675,0.8602941176470589,0.8946395563770795,261.9702,,,,
0.3374,4.915350914001465,0.0011904761904761906,4.565217391304348,1050,,,,,,,,
,,,4.565217391304348,1050,0.42372626066207886,0.8431372549019608,0.8926174496644296,268.5241,,,,
0.3803,1.12041175365448,0.0011666666666666668,4.673913043478261,1075,,,,,,,,
,,,4.673913043478261,1075,0.355052649974823,0.8578431372549019,0.8960573476702509,274.852,,,,
0.312,1.5971840620040894,0.0011428571428571427,4.782608695652174,1100,,,,,,,,
,,,4.782608695652174,1100,0.34243321418762207,0.8725490196078431,0.907473309608541,281.298,,,,
0.3849,3.9785406589508057,0.0011190476190476191,4.891304347826087,1125,,,,,,,,
,,,4.891304347826087,1125,0.328341007232666,0.875,0.9046728971962616,287.6094,,,,
0.3202,0.16938315331935883,0.0010952380952380953,5.0,1150,,,,,,,,
,,,5.0,1150,0.3270200788974762,0.8774509803921569,0.9116607773851589,294.1416,,,,
0.3143,1.148417353630066,0.0010714285714285715,5.108695652173913,1175,,,,,,,,
,,,5.108695652173913,1175,0.3379411995410919,0.8774509803921569,0.9116607773851589,300.3771,,,,
0.3207,1.647473692893982,0.0010476190476190477,5.217391304347826,1200,,,,,,,,
,,,5.217391304347826,1200,0.3235875070095062,0.8651960784313726,0.8987108655616944,306.9366,,,,
0.3026,2.600841999053955,0.0010238095238095238,5.326086956521739,1225,,,,,,,,
,,,5.326086956521739,1225,0.34645843505859375,0.8725490196078431,0.9061371841155236,313.2614,,,,
0.356,1.1466063261032104,0.001,5.434782608695652,1250,,,,,,,,
,,,5.434782608695652,1250,0.32670342922210693,0.8676470588235294,0.9035714285714286,319.6332,,,,
0.2781,2.1525866985321045,0.0009761904761904762,5.543478260869565,1275,,,,,,,,
,,,5.543478260869565,1275,0.3537224531173706,0.8553921568627451,0.8905380333951763,325.8915,,,,
0.3182,2.08292555809021,0.0009523809523809524,5.6521739130434785,1300,,,,,,,,
,,,5.6521739130434785,1300,0.3151249587535858,0.8700980392156863,0.9061946902654867,332.3401,,,,
0.2961,1.3519134521484375,0.0009285714285714287,5.760869565217392,1325,,,,,,,,
,,,5.760869565217392,1325,0.3438337743282318,0.8676470588235294,0.9039145907473309,338.7832,,,,
0.3491,1.4723695516586304,0.0009047619047619047,5.869565217391305,1350,,,,,,,,
,,,5.869565217391305,1350,0.3868608772754669,0.8553921568627451,0.9001692047377327,345.3401,,,,
0.3608,1.6557254791259766,0.0008809523809523809,5.978260869565218,1375,,,,,,,,
,,,5.978260869565218,1375,0.35900771617889404,0.8578431372549019,0.9023569023569024,351.8023,,,,
0.245,3.524535894393921,0.0008571428571428571,6.086956521739131,1400,,,,,,,,
,,,6.086956521739131,1400,0.4541836082935333,0.8578431372549019,0.9033333333333333,358.1458,,,,
0.3151,2.040548086166382,0.0008333333333333334,6.195652173913044,1425,,,,,,,,
,,,6.195652173913044,1425,0.33602023124694824,0.8725490196078431,0.9068100358422939,364.6701,,,,
0.2731,2.2232956886291504,0.0008095238095238096,6.304347826086957,1450,,,,,,,,
,,,6.304347826086957,1450,0.41642501950263977,0.8553921568627451,0.8871892925430209,370.9758,,,,
0.3462,1.5387169122695923,0.0007857142857142857,6.413043478260869,1475,,,,,,,,
,,,6.413043478260869,1475,0.3056008815765381,0.8700980392156863,0.9068541300527241,377.402,,,,
0.3192,2.3793532848358154,0.0007619047619047619,6.521739130434782,1500,,,,,,,,
,,,6.521739130434782,1500,0.324489027261734,0.8823529411764706,0.9117647058823529,383.7535,,,,
0.2653,6.045429706573486,0.0007380952380952381,6.630434782608695,1525,,,,,,,,
,,,6.630434782608695,1525,0.3492729067802429,0.8823529411764706,0.9157894736842105,390.4476,,,,
0.316,1.6792107820510864,0.0007142857142857143,6.739130434782608,1550,,,,,,,,
,,,6.739130434782608,1550,0.34945806860923767,0.875,0.9043151969981239,396.7769,,,,
0.3091,5.1629767417907715,0.0006904761904761905,6.8478260869565215,1575,,,,,,,,
,,,6.8478260869565215,1575,0.341548353433609,0.875,0.9050279329608939,403.1143,,,,
0.3035,1.4631166458129883,0.0006666666666666666,6.956521739130435,1600,,,,,,,,
,,,6.956521739130435,1600,0.3053179085254669,0.8823529411764706,0.9139784946236559,409.5755,,,,
0.2464,1.7805802822113037,0.0006428571428571429,7.065217391304348,1625,,,,,,,,
,,,7.065217391304348,1625,0.318040668964386,0.8774509803921569,0.9100719424460433,415.8263,,,,
0.2844,1.8727822303771973,0.0006190476190476191,7.173913043478261,1650,,,,,,,,
,,,7.173913043478261,1650,0.3940676748752594,0.8676470588235294,0.89811320754717,422.1281,,,,
0.2471,2.6003830432891846,0.0005952380952380953,7.282608695652174,1675,,,,,,,,
,,,7.282608695652174,1675,0.3111265301704407,0.8872549019607843,0.9198606271777002,428.5086,,,,
0.2795,2.9955365657806396,0.0005714285714285714,7.391304347826087,1700,,,,,,,,
,,,7.391304347826087,1700,0.3139278292655945,0.8872549019607843,0.9172661870503597,434.8876,,,,
0.2277,0.9430387020111084,0.0005476190476190477,7.5,1725,,,,,,,,
,,,7.5,1725,0.3426119089126587,0.8774509803921569,0.9080882352941176,441.4014,,,,
0.2801,1.2443333864212036,0.0005238095238095238,7.608695652173913,1750,,,,,,,,
,,,7.608695652173913,1750,0.30333375930786133,0.8921568627450981,0.9222614840989399,447.7913,,,,
0.2828,3.3104937076568604,0.0005,7.717391304347826,1775,,,,,,,,
,,,7.717391304347826,1775,0.3561929166316986,0.8725490196078431,0.9112627986348123,454.2925,,,,
0.2711,3.744727611541748,0.0004761904761904762,7.826086956521739,1800,,,,,,,,
,,,7.826086956521739,1800,0.3312138617038727,0.8799019607843137,0.9147826086956522,460.5632,,,,
0.2393,3.2160091400146484,0.00045238095238095237,7.934782608695652,1825,,,,,,,,
,,,7.934782608695652,1825,0.30898308753967285,0.9044117647058824,0.9289617486338798,467.2428,,,,
0.3258,1.8054388761520386,0.00042857142857142855,8.043478260869565,1850,,,,,,,,
,,,8.043478260869565,1850,0.29118695855140686,0.8995098039215687,0.927689594356261,473.4844,,,,
0.2311,1.3039125204086304,0.0004047619047619048,8.152173913043478,1875,,,,,,,,
,,,8.152173913043478,1875,0.29140257835388184,0.9044117647058824,0.9307282415630549,479.9939,,,,
0.1931,0.7432936429977417,0.00038095238095238096,8.26086956521739,1900,,,,,,,,
,,,8.26086956521739,1900,0.3144551217556,0.8921568627450981,0.9228070175438596,486.3694,,,,
0.2613,0.5649935007095337,0.00035714285714285714,8.369565217391305,1925,,,,,,,,
,,,8.369565217391305,1925,0.3015119433403015,0.9044117647058824,0.9307282415630549,492.919,,,,
0.2117,3.5319511890411377,0.0003333333333333333,8.478260869565217,1950,,,,,,,,
,,,8.478260869565217,1950,0.34406402707099915,0.8970588235294118,0.9275862068965517,499.3352,,,,
0.2097,4.277801990509033,0.00030952380952380956,8.58695652173913,1975,,,,,,,,
,,,8.58695652173913,1975,0.34379562735557556,0.8774509803921569,0.9137931034482758,505.7177,,,,
0.2481,3.966939926147461,0.0002857142857142857,8.695652173913043,2000,,,,,,,,
,,,8.695652173913043,2000,0.32160037755966187,0.8946078431372549,0.9244288224956063,512.0294,,,,
0.2181,3.342529535293579,0.0002619047619047619,8.804347826086957,2025,,,,,,,,
,,,8.804347826086957,2025,0.3436596393585205,0.8823529411764706,0.9127272727272728,518.7629,,,,
0.2622,2.218155860900879,0.0002380952380952381,8.91304347826087,2050,,,,,,,,
,,,8.91304347826087,2050,0.33194297552108765,0.8970588235294118,0.9263157894736843,525.1232,,,,
0.2743,1.1878845691680908,0.00021428571428571427,9.021739130434783,2075,,,,,,,,
,,,9.021739130434783,2075,0.30660873651504517,0.8970588235294118,0.9247311827956989,531.496,,,,
0.1849,1.8079684972763062,0.00019047619047619048,9.130434782608695,2100,,,,,,,,
,,,9.130434782608695,2100,0.31392452120780945,0.8995098039215687,0.9250457038391224,537.7635,,,,
0.1942,1.9686180353164673,0.00016666666666666666,9.23913043478261,2125,,,,,,,,
,,,9.23913043478261,2125,0.31801116466522217,0.8995098039215687,0.9261261261261262,544.1764,,,,
0.2346,2.9229063987731934,0.00014285714285714284,9.347826086956522,2150,,,,,,,,
,,,9.347826086956522,2150,0.3153321146965027,0.9044117647058824,0.9304812834224598,550.4939,,,,
0.1891,1.1544336080551147,0.00011904761904761905,9.456521739130435,2175,,,,,,,,
,,,9.456521739130435,2175,0.3073195219039917,0.9019607843137255,0.927536231884058,556.992,,,,
0.2258,2.173879861831665,9.523809523809524e-05,9.565217391304348,2200,,,,,,,,
,,,9.565217391304348,2200,0.3119891583919525,0.8946078431372549,0.9241622574955909,563.2991,,,,
0.2154,3.411219358444214,7.142857142857142e-05,9.673913043478262,2225,,,,,,,,
,,,9.673913043478262,2225,0.3065325915813446,0.9019607843137255,0.927536231884058,569.7101,,,,
0.2136,1.145591378211975,4.761904761904762e-05,9.782608695652174,2250,,,,,,,,
,,,9.782608695652174,2250,0.30701035261154175,0.8995098039215687,0.9266547406082289,575.9925,,,,
0.2006,5.7461371421813965,2.380952380952381e-05,9.891304347826086,2275,,,,,,,,
,,,9.891304347826086,2275,0.30991390347480774,0.9019607843137255,0.9288256227758006,582.5634,,,,
0.1687,2.965442657470703,0.0,10.0,2300,,,,,,,,
,,,10.0,2300,0.30930155515670776,0.8897058823529411,0.9192100538599641,588.882,,,,
,,,10.0,2300,,,,588.5113,62.327,3.908,1458501490289760.0,0.3964875221770743
