loss,grad_norm,learning_rate,epoch,step,eval_loss,eval_accuracy,eval_f1,train_runtime,train_samples_per_second,train_steps_per_second,total_flos,train_loss
0.6859,0.7387773394584656,1e-05,0.004347826086956522,1,,,,,,,,
0.677,0.7077950835227966,0.00025,0.10869565217391304,25,,,,,,,,
,,,0.10869565217391304,25,0.6257557272911072,0.6838235294117647,0.8122270742358079,5.9828,,,,
0.6977,1.2567229270935059,0.0005,0.21739130434782608,50,,,,,,,,
,,,0.21739130434782608,50,0.617838978767395,0.6838235294117647,0.8122270742358079,11.6144,,,,
0.6682,0.4493783414363861,0.00075,0.32608695652173914,75,,,,,,,,
,,,0.32608695652173914,75,0.6437404751777649,0.6838235294117647,0.8122270742358079,17.3838,,,,
0.6633,2.25524640083313,0.001,0.43478260869565216,100,,,,,,,,
,,,0.43478260869565216,100,0.6306366324424744,0.6838235294117647,0.8122270742358079,23.1598,,,,
0.6173,1.0753047466278076,0.00125,0.5434782608695652,125,,,,,,,,
,,,0.5434782608695652,125,0.5913148522377014,0.7009803921568627,0.8184523809523809,28.9884,,,,
0.6057,1.1230000257492065,0.0015,0.6521739130434783,150,,,,,,,,
,,,0.6521739130434783,150,0.5768667459487915,0.6985294117647058,0.8177777777777778,34.6788,,,,
0.6274,0.85308438539505,0.00175,0.7608695652173914,175,,,,,,,,
,,,0.7608695652173914,175,0.5530583262443542,0.7034313725490197,0.819672131147541,40.4931,,,,
0.5934,1.1316046714782715,0.002,0.8695652173913043,200,,,,,,,,
,,,0.8695652173913043,200,0.5467167496681213,0.7205882352941176,0.8262195121951219,46.1282,,,,
0.5787,1.2234421968460083,0.0019761904761904764,0.9782608695652174,225,,,,,,,,
,,,0.9782608695652174,225,0.5474210381507874,0.7549019607843137,0.8084291187739464,51.7749,,,,
0.5611,2.190664529800415,0.0019523809523809524,1.0869565217391304,250,,,,,,,,
,,,1.0869565217391304,250,0.5293288826942444,0.7426470588235294,0.8372093023255814,57.0951,,,,
0.5201,0.49692732095718384,0.0019285714285714286,1.1956521739130435,275,,,,,,,,
,,,1.1956521739130435,275,0.4727947413921356,0.7647058823529411,0.8446601941747574,62.6657,,,,
0.4903,2.4275922775268555,0.0019047619047619048,1.3043478260869565,300,,,,,,,,
,,,1.3043478260869565,300,0.45806944370269775,0.7769607843137255,0.8480801335559265,68.1534,,,,
0.4518,1.8948683738708496,0.001880952380952381,1.4130434782608696,325,,,,,,,,
,,,1.4130434782608696,325,0.4891999065876007,0.7818627450980392,0.8291746641074856,73.6275,,,,
0.5148,3.5251190662384033,0.0018571428571428573,1.5217391304347827,350,,,,,,,,
,,,1.5217391304347827,350,0.4314452111721039,0.7990196078431373,0.8628762541806019,79.1905,,,,
0.4599,0.7340409159660339,0.0018333333333333333,1.6304347826086958,375,,,,,,,,
,,,1.6304347826086958,375,0.4219455420970917,0.8063725490196079,0.8571428571428572,84.6315,,,,
0.4307,0.5166928768157959,0.0018095238095238095,1.7391304347826086,400,,,,,,,,
,,,1.7391304347826086,400,0.4156610071659088,0.8088235294117647,0.8686868686868686,90.2707,,,,
0.4905,2.827831745147705,0.0017857142857142859,1.8478260869565217,425,,,,,,,,
,,,1.8478260869565217,425,0.37887468934059143,0.8235294117647058,0.8758620689655173,95.8856,,,,
0.4834,3.06036639213562,0.0017619047619047618,1.9565217391304348,450,,,,,,,,
,,,1.9565217391304348,450,0.3938942849636078,0.8333333333333334,0.8874172185430463,101.6556,,,,
0.4095,0.6567699909210205,0.0017380952380952382,2.0652173913043477,475,,,,,,,,
,,,2.0652173913043477,475,0.3904217779636383,0.8137254901960784,0.8741721854304637,107.064,,,,
0.4049,0.9306663870811462,0.0017142857142857142,2.1739130434782608,500,,,,,,,,
,,,2.1739130434782608,500,0.3896211087703705,0.8284313725490197,0.8698884758364313,112.7343,,,,
0.4574,2.507129669189453,0.0016904761904761906,2.282608695652174,525,,,,,,,,
,,,2.282608695652174,525,0.39851948618888855,0.8161764705882353,0.8592870544090054,118.6039,,,,
0.3842,2.2431023120880127,0.0016666666666666668,2.391304347826087,550,,,,,,,,
,,,2.391304347826087,550,0.37075236439704895,0.8382352941176471,0.888135593220339,124.1559,,,,
0.3967,3.593327283859253,0.0016428571428571427,2.5,575,,,,,,,,
,,,2.5,575,0.3676438331604004,0.8406862745098039,0.8885077186963979,129.8368,,,,
0.3313,1.8848615884780884,0.0016190476190476191,2.608695652173913,600,,,,,,,,
,,,2.608695652173913,600,0.3952624797821045,0.8406862745098039,0.888888888888889,135.3606,,,,
0.3415,1.045539140701294,0.0015952380952380953,2.717391304347826,625,,,,,,,,
,,,2.717391304347826,625,0.38106364011764526,0.8382352941176471,0.8877551020408163,141.0462,,,,
0.438,2.6263303756713867,0.0015714285714285715,2.8260869565217392,650,,,,,,,,
,,,2.8260869565217392,650,0.3758658468723297,0.821078431372549,0.8777219430485762,146.6307,,,,
0.3698,1.7000806331634521,0.0015476190476190477,2.9347826086956523,675,,,,,,,,
,,,2.9347826086956523,675,0.374422550201416,0.8308823529411765,0.882051282051282,152.2615,,,,
0.3532,2.1716554164886475,0.0015238095238095239,3.0434782608695654,700,,,,,,,,
,,,3.0434782608695654,700,0.4523886740207672,0.803921568627451,0.867986798679868,157.7089,,,,
0.359,1.2815585136413574,0.0015,3.1521739130434785,725,,,,,,,,
,,,3.1521739130434785,725,0.40687456727027893,0.8235294117647058,0.8767123287671232,163.2517,,,,
0.3686,0.81562739610672,0.0014761904761904762,3.260869565217391,750,,,,,,,,
,,,3.260869565217391,750,0.4392986595630646,0.821078431372549,0.8777219430485762,168.9373,,,,
0.2654,1.173749566078186,0.0014523809523809524,3.369565217391304,775,,,,,,,,
,,,3.369565217391304,775,0.4101468324661255,0.8455882352941176,0.8934010152284263,174.4111,,,,
0.3729,2.1836464405059814,0.0014285714285714286,3.4782608695652173,800,,,,,,,,
,,,3.4782608695652173,800,0.422990620136261,0.8308823529411765,0.8855721393034827,180.006,,,,
0.3885,2.873157024383545,0.0014047619047619047,3.5869565217391304,825,,,,,,,,
,,,3.5869565217391304,825,0.3520657420158386,0.8455882352941176,0.8900523560209423,185.6463,,,,
0.3722,1.838205099105835,0.001380952380952381,3.6956521739130435,850,,,,,,,,
,,,3.6956521739130435,850,0.34090641140937805,0.8504901960784313,0.8946459412780656,191.3278,,,,
0.3251,2.2651419639587402,0.0013571428571428573,3.8043478260869565,875,,,,,,,,
,,,3.8043478260869565,875,0.3720148801803589,0.8455882352941176,0.8888888888888888,197.0172,,,,
0.3644,1.495879888534546,0.0013333333333333333,3.9130434782608696,900,,,,,,,,
,,,3.9130434782608696,900,0.3643510043621063,0.8431372549019608,0.8915254237288135,202.6437,,,,
0.3835,2.868561267852783,0.0013095238095238095,4.021739130434782,925,,,,,,,,
,,,4.021739130434782,925,0.3542863726615906,0.8431372549019608,0.8900343642611684,208.1609,,,,
0.3402,1.528394341468811,0.0012857142857142859,4.130434782608695,950,,,,,,,,
,,,4.130434782608695,950,0.4227561950683594,0.8382352941176471,0.8903654485049834,213.7609,,,,
0.3326,1.8486360311508179,0.0012619047619047618,4.239130434782608,975,,,,,,,,
,,,4.239130434782608,975,0.4377068877220154,0.8284313725490197,0.8825503355704698,219.2407,,,,
0.3852,1.9185280799865723,0.0012380952380952382,4.3478260869565215,1000,,,,,,,,
,,,4.3478260869565215,1000,0.36545267701148987,0.8357843137254902,0.8854700854700854,224.7842,,,,
0.3257,2.9052188396453857,0.0012142857142857142,4.456521739130435,1025,,,,,,,,
,,,4.456521739130435,1025,0.3657296895980835,0.8431372549019608,0.8840579710144927,230.6312,,,,
0.2892,1.314243197441101,0.0011904761904761906,4.565217391304348,1050,,,,,,,,
,,,4.565217391304348,1050,0.36411330103874207,0.8455882352941176,0.8877005347593583,236.3206,,,,
0.2879,0.9740755558013916,0.0011666666666666668,4.673913043478261,1075,,,,,,,,
,,,4.673913043478261,1075,0.3514164090156555,0.8480392156862745,0.8900709219858156,241.8419,,,,
0.2798,1.5772631168365479,0.0011428571428571427,4.782608695652174,1100,,,,,,,,
,,,4.782608695652174,1100,0.3728715479373932,0.8480392156862745,0.8931034482758621,247.4491,,,,
0.3314,3.4624524116516113,0.0011190476190476191,4.891304347826087,1125,,,,,,,,
,,,4.891304347826087,1125,0.3523949384689331,0.8480392156862745,0.8851851851851851,253.0003,,,,
0.2569,0.07812964916229248,0.0010952380952380953,5.0,1150,,,,,,,,
,,,5.0,1150,0.3864173889160156,0.8382352941176471,0.8786764705882353,258.5766,,,,
0.2739,0.7212154269218445,0.0010714285714285715,5.108695652173913,1175,,,,,,,,
,,,5.108695652173913,1175,0.3559935986995697,0.8602941176470589,0.8987566607460036,264.1613,,,,
0.3077,3.1974565982818604,0.0010476190476190477,5.217391304347826,1200,,,,,,,,
,,,5.217391304347826,1200,0.3755246698856354,0.8504901960784313,0.8953687821612349,269.7737,,,,
0.3134,0.986872673034668,0.0010238095238095238,5.326086956521739,1225,,,,,,,,
,,,5.326086956521739,1225,0.37833306193351746,0.8529411764705882,0.8958333333333334,275.4442,,,,
0.3116,1.775002360343933,0.001,5.434782608695652,1250,,,,,,,,
,,,5.434782608695652,1250,0.37645193934440613,0.8602941176470589,0.9008695652173914,280.975,,,,
0.2503,3.716017007827759,0.0009761904761904762,5.543478260869565,1275,,,,,,,,
,,,5.543478260869565,1275,0.3785032331943512,0.8504901960784313,0.893542757417103,286.5303,,,,
0.3046,1.9470139741897583,0.0009523809523809524,5.6521739130434785,1300,,,,,,,,
,,,5.6521739130434785,1300,0.3524080812931061,0.8529411764705882,0.8943661971830987,292.1327,,,,
0.2493,0.6591352224349976,0.0009285714285714287,5.760869565217392,1325,,,,,,,,
,,,5.760869565217392,1325,0.3499385714530945,0.8602941176470589,0.8987566607460036,297.7845,,,,
0.296,3.4947457313537598,0.0009047619047619047,5.869565217391305,1350,,,,,,,,
,,,5.869565217391305,1350,0.3565967082977295,0.8480392156862745,0.8880866425992779,303.4777,,,,
0.2926,1.79027259349823,0.0008809523809523809,5.978260869565218,1375,,,,,,,,
,,,5.978260869565218,1375,0.35735830664634705,0.8651960784313726,0.9036777583187391,309.1255,,,,
0.2074,3.3875534534454346,0.0008571428571428571,6.086956521739131,1400,,,,,,,,
,,,6.086956521739131,1400,0.5223062634468079,0.8382352941176471,0.89,314.6402,,,,
0.3128,1.2198386192321777,0.0008333333333333334,6.195652173913044,1425,,,,,,,,
,,,6.195652173913044,1425,0.3709516227245331,0.8553921568627451,0.8955752212389381,320.3839,,,,
0.2657,1.6696761846542358,0.0008095238095238096,6.304347826086957,1450,,,,,,,,
,,,6.304347826086957,1450,0.37569329142570496,0.8455882352941176,0.8880994671403197,325.8355,,,,
0.2879,1.3443727493286133,0.0007857142857142857,6.413043478260869,1475,,,,,,,,
,,,6.413043478260869,1475,0.3721911907196045,0.8480392156862745,0.8916083916083916,331.4253,,,,
0.3678,0.7298933267593384,0.0007619047619047619,6.521739130434782,1500,,,,,,,,
,,,6.521739130434782,1500,0.3408622443675995,0.8406862745098039,0.8841354723707666,336.9497,,,,
0.2982,1.752344012260437,0.0007380952380952381,6.630434782608695,1525,,,,,,,,
,,,6.630434782608695,1525,0.38061535358428955,0.8480392156862745,0.8934707903780068,342.9388,,,,
0.3234,0.8510453104972839,0.0007142857142857143,6.739130434782608,1550,,,,,,,,
,,,6.739130434782608,1550,0.33963602781295776,0.8480392156862745,0.8896797153024911,348.4411,,,,
0.2174,1.222263216972351,0.0006904761904761905,6.8478260869565215,1575,,,,,,,,
,,,6.8478260869565215,1575,0.38661476969718933,0.8480392156862745,0.8876811594202899,354.0623,,,,
0.3019,1.1442934274673462,0.0006666666666666666,6.956521739130435,1600,,,,,,,,
,,,6.956521739130435,1600,0.3945697247982025,0.8553921568627451,0.8984509466437176,359.6677,,,,
0.2035,1.4527418613433838,0.0006428571428571429,7.065217391304348,1625,,,,,,,,
,,,7.065217391304348,1625,0.39184248447418213,0.8455882352941176,0.8864864864864864,365.1063,,,,
0.2583,1.2910734415054321,0.0006190476190476191,7.173913043478261,1650,,,,,,,,
,,,7.173913043478261,1650,0.3830031454563141,0.8504901960784313,0.8892921960072594,370.9086,,,,
0.252,1.3098411560058594,0.0005952380952380953,7.282608695652174,1675,,,,,,,,
,,,7.282608695652174,1675,0.3764060437679291,0.8529411764705882,0.894736842105263,376.4262,,,,
0.262,2.7230522632598877,0.0005714285714285714,7.391304347826087,1700,,,,,,,,
,,,7.391304347826087,1700,0.3800864815711975,0.8480392156862745,0.8923611111111109,382.1153,,,,
0.2438,1.9476290941238403,0.0005476190476190477,7.5,1725,,,,,,,,
,,,7.5,1725,0.37818047404289246,0.8553921568627451,0.8936936936936937,387.7462,,,,
0.2671,0.9860864877700806,0.0005238095238095238,7.608695652173913,1750,,,,,,,,
,,,7.608695652173913,1750,0.3602484464645386,0.8553921568627451,0.8963093145869947,393.3424,,,,
0.2453,4.582647800445557,0.0005,7.717391304347826,1775,,,,,,,,
,,,7.717391304347826,1775,0.38244375586509705,0.8480392156862745,0.8916083916083916,399.0095,,,,
0.2493,1.0535722970962524,0.0004761904761904762,7.826086956521739,1800,,,,,,,,
,,,7.826086956521739,1800,0.3796467185020447,0.8529411764705882,0.8939929328621908,404.5415,,,,
0.2626,0.9192283749580383,0.00045238095238095237,7.934782608695652,1825,,,,,,,,
,,,7.934782608695652,1825,0.3700082004070282,0.8504901960784313,0.891651865008881,410.4163,,,,
0.3148,1.989739179611206,0.00042857142857142855,8.043478260869565,1850,,,,,,,,
,,,8.043478260869565,1850,0.37636318802833557,0.8480392156862745,0.8931034482758621,415.8683,,,,
0.2239,0.7247130870819092,0.0004047619047619048,8.152173913043478,1875,,,,,,,,
,,,8.152173913043478,1875,0.36692702770233154,0.8553921568627451,0.8952042628774423,421.5005,,,,
0.1981,0.7480985522270203,0.00038095238095238096,8.26086956521739,1900,,,,,,,,
,,,8.26086956521739,1900,0.3937009274959564,0.8480392156862745,0.8916083916083916,427.1274,,,,
0.2104,1.115653395652771,0.00035714285714285714,8.369565217391305,1925,,,,,,,,
,,,8.369565217391305,1925,0.388171911239624,0.8553921568627451,0.8948306595365418,432.7633,,,,
0.221,1.1926337480545044,0.0003333333333333333,8.478260869565217,1950,,,,,,,,
,,,8.478260869565217,1950,0.4057178795337677,0.8480392156862745,0.8916083916083916,438.548,,,,
0.2051,1.0930970907211304,0.00030952380952380956,8.58695652173913,1975,,,,,,,,
,,,8.58695652173913,1975,0.40810611844062805,0.8455882352941176,0.8900523560209423,444.0349,,,,
0.2495,1.2490416765213013,0.0002857142857142857,8.695652173913043,2000,,,,,,,,
,,,8.695652173913043,2000,0.40061163902282715,0.8553921568627451,0.8955752212389381,449.6996,,,,
0.2469,1.8269728422164917,0.0002619047619047619,8.804347826086957,2025,,,,,,,,
,,,8.804347826086957,2025,0.3985030949115753,0.8504901960784313,0.891651865008881,455.4919,,,,
0.2977,2.13118839263916,0.0002380952380952381,8.91304347826087,2050,,,,,,,,
,,,8.91304347826087,2050,0.398515522480011,0.8504901960784313,0.893169877408056,461.1543,,,,
0.2642,1.1454331874847412,0.00021428571428571427,9.021739130434783,2075,,,,,,,,
,,,9.021739130434783,2075,0.38616448640823364,0.8529411764705882,0.8943661971830987,466.6118,,,,
0.1815,0.9560878872871399,0.00019047619047619048,9.130434782608695,2100,,,,,,,,
,,,9.130434782608695,2100,0.3873828053474426,0.8529411764705882,0.8924731182795699,472.1502,,,,
0.1957,1.3761801719665527,0.00016666666666666666,9.23913043478261,2125,,,,,,,,
,,,9.23913043478261,2125,0.4020971357822418,0.8504901960784313,0.8920353982300885,477.8066,,,,
0.2497,1.7523140907287598,0.00014285714285714284,9.347826086956522,2150,,,,,,,,
,,,9.347826086956522,2150,0.416115939617157,0.8431372549019608,0.8885017421602788,483.3606,,,,
0.2316,0.6252884268760681,0.00011904761904761905,9.456521739130435,2175,,,,,,,,
,,,9.456521739130435,2175,0.40317466855049133,0.8480392156862745,0.8912280701754387,489.05,,,,
0.2334,1.1409776210784912,9.523809523809524e-05,9.565217391304348,2200,,,,,,,,
,,,9.565217391304348,2200,0.410629004240036,0.8431372549019608,0.8885017421602788,494.6158,,,,
0.2667,2.5992848873138428,7.142857142857142e-05,9.673913043478262,2225,,,,,,,,
,,,9.673913043478262,2225,0.4054691791534424,0.8455882352941176,0.8900523560209423,500.1874,,,,
0.2372,1.5940557718276978,4.761904761904762e-05,9.782608695652174,2250,,,,,,,,
,,,9.782608695652174,2250,0.39658689498901367,0.8529411764705882,0.894736842105263,505.8054,,,,
0.2537,2.943312168121338,2.380952380952381e-05,9.891304347826086,2275,,,,,,,,
,,,9.891304347826086,2275,0.3946834206581116,0.8578431372549019,0.8978873239436619,511.4311,,,,
0.2079,1.1821612119674683,0.0,10.0,2300,,,,,,,,
,,,10.0,2300,0.3948497772216797,0.8504901960784313,0.8920353982300885,517.0465,,,,
,,,10.0,2300,,,,516.6227,71.0,4.452,1451518284707232.0,0.34740836094255034
