loss,grad_norm,learning_rate,epoch,step,eval_loss,eval_accuracy,train_runtime,train_samples_per_second,train_steps_per_second,total_flos,train_loss
0.689,0.6433880925178528,3.5e-06,0.00641025641025641,1,,,,,,,
0.6963,0.6877970695495605,0.000175,0.32051282051282054,50,,,,,,,
,,,0.32051282051282054,50,0.6931177973747253,0.5270758122743683,20.3798,,,,
0.704,1.7012752294540405,0.00035,0.6410256410256411,100,,,,,,,
,,,0.6410256410256411,100,0.690891444683075,0.5270758122743683,41.8913,,,,
0.7031,1.961110234260559,0.000525,0.9615384615384616,150,,,,,,,
,,,0.9615384615384616,150,0.6910169124603271,0.5342960288808665,63.0417,,,,
0.7056,3.006417989730835,0.0007,1.282051282051282,200,,,,,,,
,,,1.282051282051282,200,0.670813798904419,0.592057761732852,84.2149,,,,
0.7164,0.4864661395549774,0.0006742647058823529,1.6025641025641026,250,,,,,,,
,,,1.6025641025641026,250,0.6865993738174438,0.5667870036101083,105.0975,,,,
0.6902,1.0551540851593018,0.0006485294117647059,1.9230769230769231,300,,,,,,,
,,,1.9230769230769231,300,0.6967530846595764,0.49458483754512633,125.9069,,,,
0.6567,1.4182029962539673,0.0006227941176470587,2.2435897435897436,350,,,,,,,
,,,2.2435897435897436,350,0.6339460611343384,0.6931407942238267,146.185,,,,
0.6431,2.2661030292510986,0.0005970588235294117,2.564102564102564,400,,,,,,,
,,,2.564102564102564,400,0.5747261047363281,0.7148014440433214,167.0026,,,,
0.6337,2.3719093799591064,0.0005713235294117647,2.8846153846153846,450,,,,,,,
,,,2.8846153846153846,450,0.6390423774719238,0.6750902527075813,188.0538,,,,
0.5707,2.510953187942505,0.0005455882352941177,3.2051282051282053,500,,,,,,,
,,,3.2051282051282053,500,0.6172886490821838,0.7148014440433214,209.0853,,,,
0.5605,4.432216167449951,0.0005198529411764706,3.5256410256410255,550,,,,,,,
,,,3.5256410256410255,550,0.6544015407562256,0.6823104693140795,229.7964,,,,
0.5249,5.269982814788818,0.0004941176470588236,3.8461538461538463,600,,,,,,,
,,,3.8461538461538463,600,0.5930892825126648,0.7509025270758123,250.5615,,,,
0.4174,6.791669845581055,0.00046838235294117644,4.166666666666667,650,,,,,,,
,,,4.166666666666667,650,0.5291664600372314,0.7364620938628159,271.7853,,,,
0.3563,3.833617925643921,0.0004426470588235294,4.487179487179487,700,,,,,,,
,,,4.487179487179487,700,0.8688455820083618,0.7581227436823105,292.4688,,,,
0.4308,6.374427795410156,0.00041691176470588234,4.8076923076923075,750,,,,,,,
,,,4.8076923076923075,750,0.6458882689476013,0.7509025270758123,313.067,,,,
0.3036,5.134792327880859,0.0003911764705882353,5.128205128205128,800,,,,,,,
,,,5.128205128205128,800,0.781143844127655,0.7472924187725631,333.8033,,,,
0.2869,5.420236110687256,0.00036544117647058824,5.448717948717949,850,,,,,,,
,,,5.448717948717949,850,0.6596958637237549,0.7436823104693141,355.1297,,,,
0.2478,4.102552890777588,0.0003397058823529412,5.769230769230769,900,,,,,,,
,,,5.769230769230769,900,0.6094046235084534,0.7725631768953068,376.1102,,,,
0.2844,2.6111643314361572,0.00031397058823529414,6.089743589743589,950,,,,,,,
,,,6.089743589743589,950,0.6524502038955688,0.7653429602888087,396.6954,,,,
0.1751,3.8762216567993164,0.00028823529411764703,6.410256410256411,1000,,,,,,,
,,,6.410256410256411,1000,1.1094725131988525,0.7292418772563177,417.5776,,,,
0.179,4.16305685043335,0.0002625,6.730769230769231,1050,,,,,,,
,,,6.730769230769231,1050,0.8876824378967285,0.7689530685920578,438.6896,,,,
0.1818,3.5913705825805664,0.00023676470588235296,7.051282051282051,1100,,,,,,,
,,,7.051282051282051,1100,0.9207966327667236,0.776173285198556,460.0694,,,,
0.1429,0.2951411008834839,0.00021102941176470586,7.371794871794872,1150,,,,,,,
,,,7.371794871794872,1150,0.9701471924781799,0.779783393501805,481.5084,,,,
0.1173,5.534198760986328,0.00018529411764705883,7.6923076923076925,1200,,,,,,,
,,,7.6923076923076925,1200,1.2104148864746094,0.7617328519855595,501.8225,,,,
0.1282,0.647799551486969,0.00015955882352941176,8.012820512820513,1250,,,,,,,
,,,8.012820512820513,1250,1.156393051147461,0.7581227436823105,522.7566,,,,
0.1066,1.2604628801345825,0.0001338235294117647,8.333333333333334,1300,,,,,,,
,,,8.333333333333334,1300,1.2417805194854736,0.7689530685920578,543.4218,,,,
0.0605,0.26325684785842896,0.00010808823529411764,8.653846153846153,1350,,,,,,,
,,,8.653846153846153,1350,1.3207566738128662,0.7725631768953068,564.1269,,,,
0.0776,17.650039672851562,8.235294117647058e-05,8.974358974358974,1400,,,,,,,
,,,8.974358974358974,1400,1.2932536602020264,0.7725631768953068,584.6496,,,,
0.0558,1.1284817457199097,5.661764705882353e-05,9.294871794871796,1450,,,,,,,
,,,9.294871794871796,1450,1.3576982021331787,0.7653429602888087,605.2469,,,,
0.0694,10.190337181091309,3.0882352941176475e-05,9.615384615384615,1500,,,,,,,
,,,9.615384615384615,1500,1.3201879262924194,0.7689530685920578,626.3031,,,,
0.0548,0.10419103503227234,5.147058823529411e-06,9.935897435897436,1550,,,,,,,
,,,9.935897435897436,1550,1.3000719547271729,0.7689530685920578,647.4361,,,,
,,,10.0,1560,,,650.513,38.277,2.398,2146503518608320.0,0.3688714946691807
