loss,grad_norm,learning_rate,epoch,step,eval_loss,eval_accuracy,eval_f1,train_runtime,train_samples_per_second,train_steps_per_second,total_flos,train_loss
0.6963,1.4430190324783325,2.5e-05,0.004347826086956522,1,,,,,,,,
0.6637,1.39495849609375,0.000625,0.10869565217391304,25,,,,,,,,
,,,0.10869565217391304,25,0.6514346599578857,0.6838235294117647,0.8122270742358079,6.2401,,,,
0.7532,2.015226125717163,0.00125,0.21739130434782608,50,,,,,,,,
,,,0.21739130434782608,50,0.6229260563850403,0.6838235294117647,0.8122270742358079,11.896,,,,
0.6962,1.278449535369873,0.001875,0.32608695652173914,75,,,,,,,,
,,,0.32608695652173914,75,0.6130130290985107,0.6936274509803921,0.8169838945827232,17.7116,,,,
0.616,1.0835331678390503,0.0025,0.43478260869565216,100,,,,,,,,
,,,0.43478260869565216,100,0.5759105682373047,0.7107843137254902,0.822289156626506,23.3368,,,,
0.559,2.4335458278656006,0.003125,0.5434782608695652,125,,,,,,,,
,,,0.5434782608695652,125,0.7117656469345093,0.696078431372549,0.8171091445427728,29.0639,,,,
0.6046,1.585710883140564,0.00375,0.6521739130434783,150,,,,,,,,
,,,0.6521739130434783,150,0.5601073503494263,0.7107843137254902,0.8212121212121212,34.655,,,,
0.5795,2.037318468093872,0.004375,0.7608695652173914,175,,,,,,,,
,,,0.7608695652173914,175,0.5293784141540527,0.7377450980392157,0.8361408882082696,40.5368,,,,
0.6091,1.0149924755096436,0.005,0.8695652173913043,200,,,,,,,,
,,,0.8695652173913043,200,0.6605992317199707,0.696078431372549,0.8181818181818181,46.2035,,,,
0.5965,5.322469234466553,0.0049404761904761904,0.9782608695652174,225,,,,,,,,
,,,0.9782608695652174,225,0.6407392621040344,0.6544117647058824,0.6728538283062645,51.8731,,,,
0.5286,2.1403157711029053,0.004880952380952381,1.0869565217391304,250,,,,,,,,
,,,1.0869565217391304,250,0.45521047711372375,0.7990196078431373,0.8546099290780141,57.3353,,,,
0.6387,3.377577781677246,0.004821428571428572,1.1956521739130435,275,,,,,,,,
,,,1.1956521739130435,275,0.4391654133796692,0.7965686274509803,0.848816029143898,62.9734,,,,
0.5024,1.9093855619430542,0.0047619047619047615,1.3043478260869565,300,,,,,,,,
,,,1.3043478260869565,300,0.6901357173919678,0.7181372549019608,0.8291233283803864,68.6831,,,,
0.4864,1.6635788679122925,0.004702380952380953,1.4130434782608696,325,,,,,,,,
,,,1.4130434782608696,325,0.4387624263763428,0.8137254901960784,0.8671328671328671,74.2967,,,,
0.4911,1.9088027477264404,0.004642857142857143,1.5217391304347827,350,,,,,,,,
,,,1.5217391304347827,350,0.44310206174850464,0.8063725490196079,0.8528864059590316,80.0526,,,,
0.517,1.5006020069122314,0.004583333333333333,1.6304347826086958,375,,,,,,,,
,,,1.6304347826086958,375,0.39679190516471863,0.8259803921568627,0.8756567425569177,85.6521,,,,
0.4986,0.9799618721008301,0.004523809523809524,1.7391304347826086,400,,,,,,,,
,,,1.7391304347826086,400,0.40112438797950745,0.8137254901960784,0.872053872053872,91.4101,,,,
0.6226,1.0260087251663208,0.004464285714285715,1.8478260869565217,425,,,,,,,,
,,,1.8478260869565217,425,0.7697161436080933,0.7303921568627451,0.8353293413173652,97.2094,,,,
0.6471,2.875809669494629,0.004404761904761904,1.9565217391304348,450,,,,,,,,
,,,1.9565217391304348,450,0.4706707298755646,0.803921568627451,0.8730158730158731,103.1131,,,,
0.4174,1.4619920253753662,0.004345238095238096,2.0652173913043477,475,,,,,,,,
,,,2.0652173913043477,475,0.866367518901825,0.7769607843137255,0.858034321372855,108.7562,,,,
0.4747,2.8961217403411865,0.004285714285714286,2.1739130434782608,500,,,,,,,,
,,,2.1739130434782608,500,0.515471875667572,0.8137254901960784,0.8785942492012779,114.5154,,,,
0.5236,1.8291128873825073,0.004226190476190476,2.282608695652174,525,,,,,,,,
,,,2.282608695652174,525,0.4316083788871765,0.8063725490196079,0.8707037643207856,120.8172,,,,
0.484,1.1859015226364136,0.004166666666666667,2.391304347826087,550,,,,,,,,
,,,2.391304347826087,550,0.3729015290737152,0.8284313725490197,0.8763250883392226,126.4795,,,,
0.4595,4.564054489135742,0.004107142857142857,2.5,575,,,,,,,,
,,,2.5,575,1.0668996572494507,0.7058823529411765,0.8230088495575222,132.2625,,,,
0.4431,2.1876213550567627,0.004047619047619048,2.608695652173913,600,,,,,,,,
,,,2.608695652173913,600,0.5872064232826233,0.821078431372549,0.8816855753646677,137.9011,,,,
0.3943,1.3370670080184937,0.0039880952380952385,2.717391304347826,625,,,,,,,,
,,,2.717391304347826,625,0.38323983550071716,0.8308823529411765,0.8795811518324608,143.7034,,,,
0.5104,1.7115916013717651,0.003928571428571429,2.8260869565217392,650,,,,,,,,
,,,2.8260869565217392,650,0.3659478425979614,0.8308823529411765,0.8808290155440415,149.3805,,,,
0.3963,5.359870433807373,0.003869047619047619,2.9347826086956523,675,,,,,,,,
,,,2.9347826086956523,675,0.6011831164360046,0.7745098039215687,0.8571428571428571,155.1174,,,,
0.3907,3.191009759902954,0.0038095238095238095,3.0434782608695654,700,,,,,,,,
,,,3.0434782608695654,700,0.49034425616264343,0.8333333333333334,0.8885245901639344,160.5505,,,,
0.354,0.6976331472396851,0.00375,3.1521739130434785,725,,,,,,,,
,,,3.1521739130434785,725,0.42938217520713806,0.8676470588235294,0.9075342465753423,166.2027,,,,
0.3611,4.27850341796875,0.0036904761904761906,3.260869565217391,750,,,,,,,,
,,,3.260869565217391,750,0.3619461953639984,0.8308823529411765,0.8743169398907102,171.9405,,,,
0.3211,0.9804015159606934,0.003630952380952381,3.369565217391304,775,,,,,,,,
,,,3.369565217391304,775,0.7023597955703735,0.8088235294117647,0.8753993610223643,177.4943,,,,
0.4199,1.7308692932128906,0.0035714285714285718,3.4782608695652173,800,,,,,,,,
,,,3.4782608695652173,800,0.3793509304523468,0.8406862745098039,0.888888888888889,183.2242,,,,
0.3881,1.637069582939148,0.0035119047619047617,3.5869565217391304,825,,,,,,,,
,,,3.5869565217391304,825,0.5157210230827332,0.7818627450980392,0.859399684044234,188.9619,,,,
0.4016,3.1738545894622803,0.0034523809523809524,3.6956521739130435,850,,,,,,,,
,,,3.6956521739130435,850,0.5124078989028931,0.821078431372549,0.87893864013267,194.8537,,,,
0.4041,2.058852434158325,0.003392857142857143,3.8043478260869565,875,,,,,,,,
,,,3.8043478260869565,875,0.36078882217407227,0.8333333333333334,0.8790035587188612,200.6151,,,,
0.3619,1.3043699264526367,0.003333333333333333,3.9130434782608696,900,,,,,,,,
,,,3.9130434782608696,900,0.37849441170692444,0.8284313725490197,0.8825503355704698,206.4355,,,,
0.3992,1.55903160572052,0.003273809523809524,4.021739130434782,925,,,,,,,,
,,,4.021739130434782,925,0.351532518863678,0.8382352941176471,0.8865979381443299,212.0992,,,,
0.3843,1.0172120332717896,0.0032142857142857147,4.130434782608695,950,,,,,,,,
,,,4.130434782608695,950,0.4453171491622925,0.8480392156862745,0.8970099667774086,217.8793,,,,
0.3327,2.2164597511291504,0.0031547619047619046,4.239130434782608,975,,,,,,,,
,,,4.239130434782608,975,0.47668296098709106,0.8406862745098039,0.8932676518883416,223.6135,,,,
0.3722,3.0552899837493896,0.0030952380952380953,4.3478260869565215,1000,,,,,,,,
,,,4.3478260869565215,1000,0.4012860357761383,0.8455882352941176,0.8934010152284263,229.2737,,,,
0.3796,2.170905113220215,0.0030357142857142857,4.456521739130435,1025,,,,,,,,
,,,4.456521739130435,1025,0.40797582268714905,0.8357843137254902,0.8858603066439524,235.6748,,,,
0.3162,2.36637282371521,0.002976190476190476,4.565217391304348,1050,,,,,,,,
,,,4.565217391304348,1050,0.5143455266952515,0.8382352941176471,0.8903654485049834,241.3711,,,,
0.3368,1.5934725999832153,0.002916666666666667,4.673913043478261,1075,,,,,,,,
,,,4.673913043478261,1075,0.3542713522911072,0.8382352941176471,0.8777777777777779,247.0372,,,,
0.3172,0.594708263874054,0.002857142857142857,4.782608695652174,1100,,,,,,,,
,,,4.782608695652174,1100,0.5788031220436096,0.8161764705882353,0.8792270531400967,252.697,,,,
0.431,3.6494388580322266,0.002797619047619048,4.891304347826087,1125,,,,,,,,
,,,4.891304347826087,1125,0.335479736328125,0.8284313725490197,0.8741007194244604,258.363,,,,
0.3028,0.031132826581597328,0.0027380952380952383,5.0,1150,,,,,,,,
,,,5.0,1150,0.41757455468177795,0.8480392156862745,0.8931034482758621,264.077,,,,
0.259,0.6951793432235718,0.0026785714285714286,5.108695652173913,1175,,,,,,,,
,,,5.108695652173913,1175,0.44709041714668274,0.8406862745098039,0.8885077186963979,269.6562,,,,
0.2675,1.1111724376678467,0.0026190476190476194,5.217391304347826,1200,,,,,,,,
,,,5.217391304347826,1200,0.44077861309051514,0.8406862745098039,0.8892674616695059,275.3926,,,,
0.3291,1.5067412853240967,0.0025595238095238093,5.326086956521739,1225,,,,,,,,
,,,5.326086956521739,1225,0.4501112997531891,0.8382352941176471,0.8892617449664431,281.0709,,,,
0.3097,1.1566108465194702,0.0025,5.434782608695652,1250,,,,,,,,
,,,5.434782608695652,1250,0.41611742973327637,0.8357843137254902,0.8866328257191202,286.7766,,,,
0.2383,2.5864720344543457,0.0024404761904761904,5.543478260869565,1275,,,,,,,,
,,,5.543478260869565,1275,0.5041524171829224,0.8382352941176471,0.8892617449664431,292.4545,,,,
0.339,1.8735896348953247,0.0023809523809523807,5.6521739130434785,1300,,,,,,,,
,,,5.6521739130434785,1300,0.3665083944797516,0.8333333333333334,0.8776978417266188,298.2049,,,,
0.3041,1.0880165100097656,0.0023214285714285715,5.760869565217392,1325,,,,,,,,
,,,5.760869565217392,1325,0.4287336468696594,0.8455882352941176,0.8930390492359932,304.1327,,,,
0.2969,1.6585763692855835,0.002261904761904762,5.869565217391305,1350,,,,,,,,
,,,5.869565217391305,1350,0.4393036365509033,0.8431372549019608,0.8943894389438943,310.0462,,,,
0.3641,3.334120035171509,0.002202380952380952,5.978260869565218,1375,,,,,,,,
,,,5.978260869565218,1375,0.6297011971473694,0.8137254901960784,0.8785942492012779,316.0387,,,,
0.2371,3.2865893840789795,0.002142857142857143,6.086956521739131,1400,,,,,,,,
,,,6.086956521739131,1400,0.6764448285102844,0.8161764705882353,0.8799999999999999,321.6817,,,,
0.2499,0.8234956860542297,0.0020833333333333333,6.195652173913044,1425,,,,,,,,
,,,6.195652173913044,1425,0.44663506746292114,0.8431372549019608,0.8900343642611684,327.6556,,,,
0.3213,2.953104257583618,0.002023809523809524,6.304347826086957,1450,,,,,,,,
,,,6.304347826086957,1450,0.38242945075035095,0.8431372549019608,0.8840579710144927,333.2198,,,,
0.2418,0.7688077688217163,0.0019642857142857144,6.413043478260869,1475,,,,,,,,
,,,6.413043478260869,1475,0.4234026074409485,0.8333333333333334,0.8855218855218856,338.9331,,,,
0.3286,0.9817607402801514,0.0019047619047619048,6.521739130434782,1500,,,,,,,,
,,,6.521739130434782,1500,0.36982765793800354,0.8333333333333334,0.8815331010452963,344.5616,,,,
0.3376,2.467219114303589,0.0018452380952380953,6.630434782608695,1525,,,,,,,,
,,,6.630434782608695,1525,0.5727002024650574,0.8161764705882353,0.8796147672552166,350.8598,,,,
0.31,1.1114039421081543,0.0017857142857142859,6.739130434782608,1550,,,,,,,,
,,,6.739130434782608,1550,0.3603336811065674,0.8504901960784313,0.8942807625649914,356.463,,,,
0.2399,2.3711440563201904,0.0017261904761904762,6.8478260869565215,1575,,,,,,,,
,,,6.8478260869565215,1575,0.3889789283275604,0.8553921568627451,0.8952042628774423,362.1013,,,,
0.2907,0.5955163836479187,0.0016666666666666666,6.956521739130435,1600,,,,,,,,
,,,6.956521739130435,1600,0.40016984939575195,0.8357843137254902,0.8892561983471075,367.8702,,,,
0.2054,1.524755597114563,0.0016071428571428573,7.065217391304348,1625,,,,,,,,
,,,7.065217391304348,1625,0.49009981751441956,0.8431372549019608,0.8915254237288135,373.3628,,,,
0.2928,2.441835880279541,0.0015476190476190477,7.173913043478261,1650,,,,,,,,
,,,7.173913043478261,1650,0.3965049386024475,0.8529411764705882,0.8951048951048952,379.0694,,,,
0.2433,1.551015019416809,0.001488095238095238,7.282608695652174,1675,,,,,,,,
,,,7.282608695652174,1675,0.42587152123451233,0.8333333333333334,0.8866666666666667,384.7288,,,,
0.243,1.553364872932434,0.0014285714285714286,7.391304347826087,1700,,,,,,,,
,,,7.391304347826087,1700,0.3845379650592804,0.8455882352941176,0.891566265060241,390.5704,,,,
0.2061,0.4438369572162628,0.0013690476190476191,7.5,1725,,,,,,,,
,,,7.5,1725,0.41481709480285645,0.8553921568627451,0.897391304347826,396.4347,,,,
0.277,1.2076818943023682,0.0013095238095238097,7.608695652173913,1750,,,,,,,,
,,,7.608695652173913,1750,0.45863351225852966,0.821078431372549,0.8801313628899835,402.238,,,,
0.3218,2.553892135620117,0.00125,7.717391304347826,1775,,,,,,,,
,,,7.717391304347826,1775,0.529811680316925,0.8186274509803921,0.8810289389067525,408.1297,,,,
0.238,2.324479103088379,0.0011904761904761904,7.826086956521739,1800,,,,,,,,
,,,7.826086956521739,1800,0.5687565207481384,0.8161764705882353,0.8792270531400967,413.8553,,,,
0.2507,1.1028337478637695,0.001130952380952381,7.934782608695652,1825,,,,,,,,
,,,7.934782608695652,1825,0.379446804523468,0.8504901960784313,0.8942807625649914,419.8552,,,,
0.2491,1.5343374013900757,0.0010714285714285715,8.043478260869565,1850,,,,,,,,
,,,8.043478260869565,1850,0.3957010805606842,0.8553921568627451,0.8991452991452993,425.4483,,,,
0.1673,0.43713080883026123,0.001011904761904762,8.152173913043478,1875,,,,,,,,
,,,8.152173913043478,1875,0.46007275581359863,0.8529411764705882,0.8983050847457628,431.2376,,,,
0.1945,0.3543689250946045,0.0009523809523809524,8.26086956521739,1900,,,,,,,,
,,,8.26086956521739,1900,0.5187674760818481,0.8406862745098039,0.8900169204737733,436.9347,,,,
0.2082,1.834701657295227,0.0008928571428571429,8.369565217391305,1925,,,,,,,,
,,,8.369565217391305,1925,0.4891970753669739,0.8333333333333334,0.8862876254180602,442.7239,,,,
0.1599,1.9354363679885864,0.0008333333333333333,8.478260869565217,1950,,,,,,,,
,,,8.478260869565217,1950,0.4943157136440277,0.8382352941176471,0.8892617449664431,448.4975,,,,
0.2352,1.4163076877593994,0.0007738095238095238,8.58695652173913,1975,,,,,,,,
,,,8.58695652173913,1975,0.42996227741241455,0.8504901960784313,0.893542757417103,454.1145,,,,
0.2483,0.8450033068656921,0.0007142857142857143,8.695652173913043,2000,,,,,,,,
,,,8.695652173913043,2000,0.457490473985672,0.8333333333333334,0.8870431893687708,459.8191,,,,
0.1875,1.3738702535629272,0.0006547619047619048,8.804347826086957,2025,,,,,,,,
,,,8.804347826086957,2025,0.4401886761188507,0.8504901960784313,0.8953687821612349,466.0061,,,,
0.2459,1.0621492862701416,0.0005952380952380952,8.91304347826087,2050,,,,,,,,
,,,8.91304347826087,2050,0.4981161653995514,0.8357843137254902,0.8892561983471075,471.7752,,,,
0.256,0.714968740940094,0.0005357142857142857,9.021739130434783,2075,,,,,,,,
,,,9.021739130434783,2075,0.41192495822906494,0.8431372549019608,0.8900343642611684,477.2576,,,,
0.1484,1.3308801651000977,0.0004761904761904762,9.130434782608695,2100,,,,,,,,
,,,9.130434782608695,2100,0.4506533741950989,0.8504901960784313,0.8960817717206134,482.9749,,,,
0.1733,2.596282482147217,0.00041666666666666664,9.23913043478261,2125,,,,,,,,
,,,9.23913043478261,2125,0.49563801288604736,0.8308823529411765,0.8851913477537438,488.6307,,,,
0.2599,1.2477947473526,0.00035714285714285714,9.347826086956522,2150,,,,,,,,
,,,9.347826086956522,2150,0.5011833310127258,0.8333333333333334,0.8874172185430463,494.3552,,,,
0.2395,2.451559066772461,0.0002976190476190476,9.456521739130435,2175,,,,,,,,
,,,9.456521739130435,2175,0.460468590259552,0.8308823529411765,0.8851913477537438,500.2089,,,,
0.1732,0.8978773355484009,0.0002380952380952381,9.565217391304348,2200,,,,,,,,
,,,9.565217391304348,2200,0.5060240626335144,0.8308823529411765,0.886326194398682,505.9819,,,,
0.2405,2.1510233879089355,0.00017857142857142857,9.673913043478262,2225,,,,,,,,
,,,9.673913043478262,2225,0.49042809009552,0.8333333333333334,0.8870431893687708,511.8157,,,,
0.235,0.7564801573753357,0.00011904761904761905,9.782608695652174,2250,,,,,,,,
,,,9.782608695652174,2250,0.4532861113548279,0.8455882352941176,0.893760539629005,517.5774,,,,
0.1966,1.2942266464233398,5.9523809523809524e-05,9.891304347826086,2275,,,,,,,,
,,,9.891304347826086,2275,0.4433998167514801,0.8357843137254902,0.8862478777589134,523.4086,,,,
0.1958,0.4822380840778351,0.0,10.0,2300,,,,,,,,
,,,10.0,2300,0.4412449896335602,0.8357843137254902,0.8862478777589134,529.0403,,,,
,,,10.0,2300,,,,528.5792,69.394,4.351,1451518284707232.0,0.36137134298034335
