loss,grad_norm,learning_rate,epoch,step,eval_loss,eval_accuracy,eval_f1,train_runtime,train_samples_per_second,train_steps_per_second,total_flos,train_loss
0.6801,0.5721016526222229,2.5e-06,0.0,1,,,,,,,,
0.7133,0.8235427737236023,6.25e-05,0.11,25,,,,,,,,
,,,0.11,25,0.6585710644721985,0.6838235294117647,0.8122270742358079,5.7123,,,,
0.6627,1.460196614265442,0.000125,0.22,50,,,,,,,,
,,,0.22,50,0.6247496604919434,0.6838235294117647,0.8122270742358079,11.1323,,,,
0.6385,2.683640956878662,0.0001875,0.33,75,,,,,,,,
,,,0.33,75,0.6222528219223022,0.6838235294117647,0.8122270742358079,16.5861,,,,
0.6396,0.6516270637512207,0.00025,0.43,100,,,,,,,,
,,,0.43,100,0.6173351407051086,0.6838235294117647,0.8122270742358079,22.062,,,,
0.6021,1.09774649143219,0.0003125,0.54,125,,,,,,,,
,,,0.54,125,0.6115541458129883,0.6838235294117647,0.8122270742358079,27.5832,,,,
0.633,3.6006405353546143,0.000375,0.65,150,,,,,,,,
,,,0.65,150,0.5974359512329102,0.7058823529411765,0.8208955223880596,33.1347,,,,
0.5977,1.8229769468307495,0.0004375,0.76,175,,,,,,,,
,,,0.76,175,0.5364961624145508,0.7303921568627451,0.8231511254019291,38.9449,,,,
0.5959,2.449198007583618,0.0005,0.87,200,,,,,,,,
,,,0.87,200,0.540291965007782,0.7377450980392157,0.8254486133768352,44.6699,,,,
0.5863,1.5592023134231567,0.0004940476190476191,0.98,225,,,,,,,,
,,,0.98,225,0.5342082381248474,0.7647058823529411,0.8394648829431438,50.3912,,,,
0.5653,1.2894364595413208,0.0004880952380952381,1.09,250,,,,,,,,
,,,1.09,250,0.5462679266929626,0.7107843137254902,0.8238805970149253,55.9639,,,,
0.5169,0.9088268876075745,0.00048214285714285715,1.2,275,,,,,,,,
,,,1.2,275,0.4456518292427063,0.7843137254901961,0.8538205980066446,61.8725,,,,
0.5322,0.8656936883926392,0.0004761904761904762,1.3,300,,,,,,,,
,,,1.3,300,0.46429702639579773,0.7647058823529411,0.8490566037735848,67.8325,,,,
0.4733,3.5298168659210205,0.00047023809523809523,1.41,325,,,,,,,,
,,,1.41,325,0.5876997113227844,0.6691176470588235,0.689655172413793,73.8368,,,,
0.4958,3.2737700939178467,0.00046428571428571433,1.52,350,,,,,,,,
,,,1.52,350,0.41627734899520874,0.803921568627451,0.8697068403908794,79.733,,,,
0.4303,0.8703868985176086,0.0004583333333333333,1.63,375,,,,,,,,
,,,1.63,375,0.38214224576950073,0.8161764705882353,0.8592870544090054,85.4929,,,,
0.3976,1.3920787572860718,0.00045238095238095237,1.74,400,,,,,,,,
,,,1.74,400,0.3401065766811371,0.8627450980392157,0.903448275862069,91.2108,,,,
0.436,2.795823812484741,0.00044642857142857147,1.85,425,,,,,,,,
,,,1.85,425,0.3592960238456726,0.8382352941176471,0.8869863013698631,97.0092,,,,
0.4303,1.6347129344940186,0.00044047619047619046,1.96,450,,,,,,,,
,,,1.96,450,0.3549537658691406,0.8504901960784313,0.896434634974533,102.7896,,,,
0.4266,1.0186649560928345,0.00043452380952380956,2.07,475,,,,,,,,
,,,2.07,475,0.42962899804115295,0.7941176470588235,0.8675078864353312,108.3307,,,,
0.4105,1.1168735027313232,0.00042857142857142855,2.17,500,,,,,,,,
,,,2.17,500,0.3073834180831909,0.875,0.9100529100529101,114.0009,,,,
0.3815,1.779381513595581,0.00042261904761904765,2.28,525,,,,,,,,
,,,2.28,525,0.3116709291934967,0.8651960784313726,0.9009009009009009,119.9877,,,,
0.3471,1.3028802871704102,0.0004166666666666667,2.39,550,,,,,,,,
,,,2.39,550,0.3058999478816986,0.8651960784313726,0.9033391915641477,125.6481,,,,
0.4203,0.7034251689910889,0.0004107142857142857,2.5,575,,,,,,,,
,,,2.5,575,0.32248806953430176,0.8651960784313726,0.9043478260869565,131.4247,,,,
0.3555,1.0607887506484985,0.0004047619047619048,2.61,600,,,,,,,,
,,,2.61,600,0.30218812823295593,0.8700980392156863,0.9061946902654867,137.1317,,,,
0.3696,0.7704375982284546,0.00039880952380952383,2.72,625,,,,,,,,
,,,2.72,625,0.30943188071250916,0.8651960784313726,0.9056603773584906,142.9838,,,,
0.4109,2.2838714122772217,0.0003928571428571429,2.83,650,,,,,,,,
,,,2.83,650,0.31887102127075195,0.8578431372549019,0.901360544217687,148.7771,,,,
0.3461,2.1522014141082764,0.0003869047619047619,2.93,675,,,,,,,,
,,,2.93,675,0.33725982904434204,0.8627450980392157,0.903114186851211,154.6343,,,,
0.3302,1.3723156452178955,0.00038095238095238096,3.04,700,,,,,,,,
,,,3.04,700,0.3398762047290802,0.8627450980392157,0.903114186851211,160.206,,,,
0.3646,1.794336199760437,0.000375,3.15,725,,,,,,,,
,,,3.15,725,0.39919984340667725,0.8357843137254902,0.8899835796387521,165.9891,,,,
0.3762,0.8184728622436523,0.00036904761904761905,3.26,750,,,,,,,,
,,,3.26,750,0.3617934286594391,0.8529411764705882,0.9000000000000001,171.8342,,,,
0.2939,2.134838104248047,0.0003630952380952381,3.37,775,,,,,,,,
,,,3.37,775,0.33714085817337036,0.8602941176470589,0.9028960817717206,177.5047,,,,
0.333,3.0973241329193115,0.00035714285714285714,3.48,800,,,,,,,,
,,,3.48,800,0.32782480120658875,0.8578431372549019,0.901360544217687,183.3151,,,,
0.374,1.5718400478363037,0.0003511904761904762,3.59,825,,,,,,,,
,,,3.59,825,0.28374409675598145,0.8799019607843137,0.9144851657940662,189.0779,,,,
0.3519,1.0091465711593628,0.00034523809523809523,3.7,850,,,,,,,,
,,,3.7,850,0.30006033182144165,0.8651960784313726,0.9053356282271946,194.9687,,,,
0.3233,2.491358518600464,0.00033928571428571433,3.8,875,,,,,,,,
,,,3.8,875,0.30321845412254333,0.8627450980392157,0.902439024390244,200.704,,,,
0.3304,1.3105647563934326,0.0003333333333333333,3.91,900,,,,,,,,
,,,3.91,900,0.32660922408103943,0.8578431372549019,0.901360544217687,206.563,,,,
0.352,1.9139572381973267,0.00032738095238095237,4.02,925,,,,,,,,
,,,4.02,925,0.3301803767681122,0.8676470588235294,0.909090909090909,212.1487,,,,
0.2809,1.0377434492111206,0.00032142857142857147,4.13,950,,,,,,,,
,,,4.13,950,0.3099457025527954,0.8725490196078431,0.9112627986348123,217.9933,,,,
0.3522,1.6766629219055176,0.00031547619047619046,4.24,975,,,,,,,,
,,,4.24,975,0.32674309611320496,0.8504901960784313,0.8974789915966387,223.6176,,,,
0.3499,0.9675878286361694,0.00030952380952380956,4.35,1000,,,,,,,,
,,,4.35,1000,0.3311801254749298,0.8529411764705882,0.8993288590604027,229.3806,,,,
0.3324,2.445835590362549,0.00030357142857142855,4.46,1025,,,,,,,,
,,,4.46,1025,0.29367345571517944,0.8700980392156863,0.9031078610603291,235.4645,,,,
0.2951,2.639246940612793,0.00029761904761904765,4.57,1050,,,,,,,,
,,,4.57,1050,0.3026755452156067,0.8774509803921569,0.9131944444444444,241.3101,,,,
0.2805,0.8219372630119324,0.0002916666666666667,4.67,1075,,,,,,,,
,,,4.67,1075,0.29501286149024963,0.8676470588235294,0.9039145907473309,247.0103,,,,
0.2407,2.1743574142456055,0.0002857142857142857,4.78,1100,,,,,,,,
,,,4.78,1100,0.30966243147850037,0.875,0.9097345132743363,252.8002,,,,
0.3173,1.3512529134750366,0.0002797619047619048,4.89,1125,,,,,,,,
,,,4.89,1125,0.29217517375946045,0.8774509803921569,0.9134948096885814,258.5527,,,,
0.2721,0.08779463917016983,0.0002738095238095238,5.0,1150,,,,,,,,
,,,5.0,1150,0.29195141792297363,0.8823529411764706,0.9157894736842105,264.3885,,,,
0.2666,0.8624567985534668,0.00026785714285714287,5.11,1175,,,,,,,,
,,,5.11,1175,0.33581364154815674,0.875,0.9134125636672327,270.0724,,,,
0.3128,2.143707036972046,0.0002619047619047619,5.22,1200,,,,,,,,
,,,5.22,1200,0.2994832694530487,0.875,0.9134125636672327,275.8845,,,,
0.2722,0.91471266746521,0.00025595238095238096,5.33,1225,,,,,,,,
,,,5.33,1225,0.2873307764530182,0.8848039215686274,0.9173989455184535,281.6601,,,,
0.3311,1.4136161804199219,0.00025,5.43,1250,,,,,,,,
,,,5.43,1250,0.30527201294898987,0.8921568627450981,0.9228070175438596,287.3478,,,,
0.2508,1.7147505283355713,0.00024404761904761905,5.54,1275,,,,,,,,
,,,5.54,1275,0.2998405694961548,0.8774509803921569,0.9107142857142857,293.1239,,,,
0.2727,1.594549298286438,0.0002380952380952381,5.65,1300,,,,,,,,
,,,5.65,1300,0.31278854608535767,0.875,0.9109947643979057,298.8667,,,,
0.2478,1.1944462060928345,0.00023214285714285717,5.76,1325,,,,,,,,
,,,5.76,1325,0.31222468614578247,0.8627450980392157,0.9020979020979022,304.7644,,,,
0.2964,2.760523796081543,0.00022619047619047618,5.87,1350,,,,,,,,
,,,5.87,1350,0.29420387744903564,0.8725490196078431,0.9068100358422939,310.5965,,,,
0.2944,0.8316439390182495,0.00022023809523809523,5.98,1375,,,,,,,,
,,,5.98,1375,0.2795044183731079,0.8799019607843137,0.9126559714795008,316.5515,,,,
0.1899,3.8750391006469727,0.00021428571428571427,6.09,1400,,,,,,,,
,,,6.09,1400,0.48183473944664,0.8406862745098039,0.8936170212765958,322.2191,,,,
0.2935,1.0052663087844849,0.00020833333333333335,6.2,1425,,,,,,,,
,,,6.2,1425,0.30554401874542236,0.875,0.9109947643979057,328.2203,,,,
0.2607,1.0583751201629639,0.0002023809523809524,6.3,1450,,,,,,,,
,,,6.3,1450,0.29362955689430237,0.8823529411764706,0.9124087591240876,333.8642,,,,
0.27,0.6946683526039124,0.00019642857142857144,6.41,1475,,,,,,,,
,,,6.41,1475,0.3114013373851776,0.8700980392156863,0.9090909090909091,339.7052,,,,
0.29,0.8610132336616516,0.00019047619047619048,6.52,1500,,,,,,,,
,,,6.52,1500,0.28429117798805237,0.8799019607843137,0.9123434704830053,345.4378,,,,
0.2332,3.9727466106414795,0.00018452380952380953,6.63,1525,,,,,,,,
,,,6.63,1525,0.3314567506313324,0.875,0.9122203098106711,351.6172,,,,
0.2816,0.658952534198761,0.00017857142857142857,6.74,1550,,,,,,,,
,,,6.74,1550,0.29032793641090393,0.8799019607843137,0.9129662522202486,357.3288,,,,
0.2648,1.2061339616775513,0.00017261904761904762,6.85,1575,,,,,,,,
,,,6.85,1575,0.30441027879714966,0.8799019607843137,0.9141856392294221,363.1473,,,,
0.2812,0.9163467884063721,0.00016666666666666666,6.96,1600,,,,,,,,
,,,6.96,1600,0.2982766926288605,0.8774509803921569,0.9113475177304964,368.9809,,,,
0.1864,1.3221158981323242,0.00016071428571428573,7.07,1625,,,,,,,,
,,,7.07,1625,0.3180575668811798,0.8872549019607843,0.9198606271777002,374.6906,,,,
0.256,1.4216136932373047,0.00015476190476190478,7.17,1650,,,,,,,,
,,,7.17,1650,0.30413714051246643,0.8946078431372549,0.9238938053097344,380.4203,,,,
0.2366,0.9678648710250854,0.00014880952380952382,7.28,1675,,,,,,,,
,,,7.28,1675,0.33414486050605774,0.8700980392156863,0.909710391822828,386.1902,,,,
0.2653,1.3577030897140503,0.00014285714285714284,7.39,1700,,,,,,,,
,,,7.39,1700,0.2844439446926117,0.8897058823529411,0.9211908931698775,392.0395,,,,
0.2444,0.798381507396698,0.0001369047619047619,7.5,1725,,,,,,,,
,,,7.5,1725,0.28286880254745483,0.8970588235294118,0.9247311827956989,397.9008,,,,
0.2694,1.1943509578704834,0.00013095238095238096,7.61,1750,,,,,,,,
,,,7.61,1750,0.27917444705963135,0.8823529411764706,0.916083916083916,403.6969,,,,
0.2644,2.2248928546905518,0.000125,7.72,1775,,,,,,,,
,,,7.72,1775,0.3216823637485504,0.875,0.9128205128205128,409.5148,,,,
0.258,1.3529789447784424,0.00011904761904761905,7.83,1800,,,,,,,,
,,,7.83,1800,0.2893199026584625,0.875,0.9100529100529101,415.2704,,,,
0.23,0.7438378930091858,0.00011309523809523809,7.93,1825,,,,,,,,
,,,7.93,1825,0.28988197445869446,0.8774509803921569,0.9125874125874125,421.2641,,,,
0.316,1.6287893056869507,0.00010714285714285714,8.04,1850,,,,,,,,
,,,8.04,1850,0.30891159176826477,0.8823529411764706,0.9172413793103448,426.9759,,,,
0.2522,2.2260942459106445,0.0001011904761904762,8.15,1875,,,,,,,,
,,,8.15,1875,0.2832435667514801,0.8897058823529411,0.9203539823008849,432.7503,,,,
0.2128,0.4208906888961792,9.523809523809524e-05,8.26,1900,,,,,,,,
,,,8.26,1900,0.30366790294647217,0.8872549019607843,0.9204152249134948,438.6194,,,,
0.2194,1.1361870765686035,8.928571428571429e-05,8.37,1925,,,,,,,,
,,,8.37,1925,0.2950124442577362,0.8872549019607843,0.9195804195804195,444.4717,,,,
0.2361,1.640647530555725,8.333333333333333e-05,8.48,1950,,,,,,,,
,,,8.48,1950,0.2953101098537445,0.8872549019607843,0.9198606271777002,450.4148,,,,
0.2318,2.6679904460906982,7.738095238095239e-05,8.59,1975,,,,,,,,
,,,8.59,1975,0.32371124625205994,0.8823529411764706,0.9180887372013652,456.0989,,,,
0.2306,0.9502246975898743,7.142857142857142e-05,8.7,2000,,,,,,,,
,,,8.7,2000,0.3038279116153717,0.8897058823529411,0.9220103986135182,461.9473,,,,
0.2346,2.046135425567627,6.547619047619048e-05,8.8,2025,,,,,,,,
,,,8.8,2025,0.2939179837703705,0.8872549019607843,0.9198606271777002,467.9348,,,,
0.2565,2.211027145385742,5.9523809523809524e-05,8.91,2050,,,,,,,,
,,,8.91,2050,0.30191463232040405,0.8872549019607843,0.9201388888888888,473.8256,,,,
0.2856,0.6745949387550354,5.357142857142857e-05,9.02,2075,,,,,,,,
,,,9.02,2075,0.2981780469417572,0.8872549019607843,0.9201388888888888,479.4423,,,,
0.2002,0.6595777273178101,4.761904761904762e-05,9.13,2100,,,,,,,,
,,,9.13,2100,0.2893901765346527,0.8848039215686274,0.9171075837742505,485.2611,,,,
0.2329,1.3560764789581299,4.1666666666666665e-05,9.24,2125,,,,,,,,
,,,9.24,2125,0.2911739647388458,0.8872549019607843,0.9190140845070423,490.9818,,,,
0.2581,0.8330232501029968,3.571428571428571e-05,9.35,2150,,,,,,,,
,,,9.35,2150,0.3077295124530792,0.8848039215686274,0.9188255613126081,496.7788,,,,
0.2307,0.9790209531784058,2.9761904761904762e-05,9.46,2175,,,,,,,,
,,,9.46,2175,0.3003579080104828,0.8799019607843137,0.9147826086956522,502.5629,,,,
0.2063,0.8412768244743347,2.380952380952381e-05,9.57,2200,,,,,,,,
,,,9.57,2200,0.3145633339881897,0.8848039215686274,0.919104991394148,508.3595,,,,
0.2611,1.4732197523117065,1.7857142857142855e-05,9.67,2225,,,,,,,,
,,,9.67,2225,0.3102499544620514,0.8872549019607843,0.9206896551724139,514.0942,,,,
0.2315,0.8428477644920349,1.1904761904761905e-05,9.78,2250,,,,,,,,
,,,9.78,2250,0.30482348799705505,0.8799019607843137,0.9150779896013865,519.8715,,,,
0.2323,2.6249613761901855,5.9523809523809525e-06,9.89,2275,,,,,,,,
,,,9.89,2275,0.3057272732257843,0.8799019607843137,0.9150779896013865,525.7029,,,,
0.2019,1.2025026082992554,0.0,10.0,2300,,,,,,,,
,,,10.0,2300,0.304982453584671,0.8848039215686274,0.9182608695652175,531.4135,,,,
,,,10.0,2300,,,,531.0627,69.069,4.331,1460977291679136.0,0.339292424062024
