loss,grad_norm,learning_rate,epoch,step,eval_loss,eval_accuracy,eval_f1,train_runtime,train_samples_per_second,train_steps_per_second,total_flos,train_loss
1.1672,4.064709186553955,2e-05,0.0625,1,,,,,,,,
0.9228,10.02377700805664,0.0002,0.625,10,,,,,,,,
,,,0.625,10,0.9897777438163757,0.6785714285714286,0.47391812865497074,5.898,,,,
0.8822,8.5695219039917,0.0004,1.25,20,,,,,,,,
,,,1.25,20,1.3484934568405151,0.5,0.23333333333333336,11.5572,,,,
1.0012,2.931119203567505,0.0006,1.875,30,,,,,,,,
,,,1.875,30,0.9442107081413269,0.5,0.2222222222222222,17.1278,,,,
0.9974,2.43300724029541,0.0008,2.5,40,,,,,,,,
,,,2.5,40,1.0380998849868774,0.4107142857142857,0.1940928270042194,22.7006,,,,
0.9564,2.7042293548583984,0.001,3.125,50,,,,,,,,
,,,3.125,50,0.9404191374778748,0.5,0.2222222222222222,28.4249,,,,
0.9464,1.5698176622390747,0.0009629629629629629,3.75,60,,,,,,,,
,,,3.75,60,1.0344107151031494,0.5,0.2222222222222222,34.3579,,,,
0.9504,0.8472843766212463,0.000925925925925926,4.375,70,,,,,,,,
,,,4.375,70,1.020850419998169,0.5,0.2222222222222222,39.8381,,,,
0.8913,1.6037273406982422,0.0008888888888888888,5.0,80,,,,,,,,
,,,5.0,80,1.1036531925201416,0.4107142857142857,0.1940928270042194,45.495,,,,
0.8979,2.977895736694336,0.0008518518518518519,5.625,90,,,,,,,,
,,,5.625,90,1.0318161249160767,0.4107142857142857,0.1940928270042194,51.5332,,,,
0.9547,2.9743385314941406,0.0008148148148148148,6.25,100,,,,,,,,
,,,6.25,100,0.9501307606697083,0.5,0.2222222222222222,56.9205,,,,
0.931,2.135490655899048,0.0007777777777777778,6.875,110,,,,,,,,
,,,6.875,110,0.9720790982246399,0.5,0.2222222222222222,62.3356,,,,
0.9664,3.3877174854278564,0.0007407407407407407,7.5,120,,,,,,,,
,,,7.5,120,0.9288676977157593,0.5,0.2222222222222222,67.3245,,,,
0.9171,2.6011390686035156,0.0007037037037037038,8.125,130,,,,,,,,
,,,8.125,130,1.0679231882095337,0.5,0.2222222222222222,72.9999,,,,
0.9913,6.651686668395996,0.0006666666666666666,8.75,140,,,,,,,,
,,,8.75,140,1.1539961099624634,0.4107142857142857,0.1940928270042194,78.9706,,,,
0.9984,4.109945774078369,0.0006296296296296296,9.375,150,,,,,,,,
,,,9.375,150,0.9716385006904602,0.5,0.2222222222222222,84.4308,,,,
0.9007,2.3809099197387695,0.0005925925925925926,10.0,160,,,,,,,,
,,,10.0,160,0.9409655928611755,0.4107142857142857,0.1940928270042194,89.8261,,,,
0.8324,0.9491056799888611,0.0005555555555555556,10.625,170,,,,,,,,
,,,10.625,170,0.9717980623245239,0.4107142857142857,0.1940928270042194,95.718,,,,
1.0041,2.0523147583007812,0.0005185185185185185,11.25,180,,,,,,,,
,,,11.25,180,0.9321074485778809,0.5,0.2222222222222222,101.0877,,,,
0.8863,0.8185852766036987,0.00048148148148148144,11.875,190,,,,,,,,
,,,11.875,190,0.9557327628135681,0.4107142857142857,0.1940928270042194,106.9874,,,,
0.9014,3.9556331634521484,0.0004444444444444444,12.5,200,,,,,,,,
,,,12.5,200,0.9600310921669006,0.4107142857142857,0.1940928270042194,112.344,,,,
0.8795,1.1756107807159424,0.0004074074074074074,13.125,210,,,,,,,,
,,,13.125,210,0.9500977396965027,0.4107142857142857,0.1940928270042194,117.7535,,,,
0.9141,2.803663492202759,0.00037037037037037035,13.75,220,,,,,,,,
,,,13.75,220,0.9611304402351379,0.4107142857142857,0.1940928270042194,123.8339,,,,
0.891,1.9495617151260376,0.0003333333333333333,14.375,230,,,,,,,,
,,,14.375,230,0.9378141760826111,0.5,0.2222222222222222,129.7421,,,,
0.9513,1.727003812789917,0.0002962962962962963,15.0,240,,,,,,,,
,,,15.0,240,0.9439911842346191,0.4107142857142857,0.1940928270042194,135.1264,,,,
0.8837,1.8327115774154663,0.00025925925925925926,15.625,250,,,,,,,,
,,,15.625,250,0.9506030678749084,0.4107142857142857,0.1940928270042194,140.7516,,,,
0.9035,1.1180318593978882,0.0002222222222222222,16.25,260,,,,,,,,
,,,16.25,260,0.9392280578613281,0.5,0.2222222222222222,146.5534,,,,
0.8654,3.2477567195892334,0.00018518518518518518,16.875,270,,,,,,,,
,,,16.875,270,0.94029700756073,0.5,0.2222222222222222,152.2744,,,,
0.945,1.647114634513855,0.00014814814814814815,17.5,280,,,,,,,,
,,,17.5,280,0.9382551312446594,0.4107142857142857,0.1940928270042194,158.1998,,,,
0.86,1.5405712127685547,0.0001111111111111111,18.125,290,,,,,,,,
,,,18.125,290,0.9338273406028748,0.5,0.2222222222222222,163.7045,,,,
0.9014,0.9508581161499023,7.407407407407407e-05,18.75,300,,,,,,,,
,,,18.75,300,0.9351031184196472,0.5,0.2222222222222222,169.6569,,,,
0.9063,1.3692270517349243,3.7037037037037037e-05,19.375,310,,,,,,,,
,,,19.375,310,0.9325351715087891,0.5,0.2222222222222222,174.7631,,,,
0.8785,4.670896053314209,0.0,20.0,320,,,,,,,,
,,,20.0,320,0.9327990412712097,0.5,0.2222222222222222,180.4776,,,,
,,,20.0,320,,,,180.0298,27.773,1.777,446840583950880.0,0.9229304935783148
