loss,grad_norm,learning_rate,epoch,step,eval_loss,eval_accuracy,train_runtime,train_samples_per_second,train_steps_per_second,total_flos,train_loss
1.9203,1.6982041597366333,1.0000000000000002e-06,0.00641025641025641,1,,,,,,,
1.8952,0.7989352941513062,5e-05,0.32051282051282054,50,,,,,,,
,,,0.32051282051282054,50,1.839723825454712,0.5270758122743683,19.8696,,,,
1.7591,2.2422878742218018,0.0001,0.6410256410256411,100,,,,,,,
,,,0.6410256410256411,100,1.6451406478881836,0.5270758122743683,40.8987,,,,
1.4623,1.2907551527023315,0.00015000000000000001,0.9615384615384616,150,,,,,,,
,,,0.9615384615384616,150,1.189062237739563,0.4729241877256318,61.8584,,,,
0.8519,3.7361361980438232,0.0002,1.282051282051282,200,,,,,,,
,,,1.282051282051282,200,0.7017027139663696,0.5270758122743683,82.497,,,,
0.705,0.8703988194465637,0.00019264705882352944,1.6025641025641026,250,,,,,,,
,,,1.6025641025641026,250,0.6926635503768921,0.5740072202166066,102.628,,,,
0.7016,2.2933239936828613,0.00018529411764705883,1.9230769230769231,300,,,,,,,
,,,1.9230769230769231,300,0.6909970641136169,0.5451263537906137,122.8233,,,,
0.6999,1.753126859664917,0.00017794117647058823,2.2435897435897436,350,,,,,,,
,,,2.2435897435897436,350,0.68906569480896,0.5379061371841155,142.4289,,,,
0.7023,1.7658499479293823,0.00017058823529411766,2.564102564102564,400,,,,,,,
,,,2.564102564102564,400,0.6915741562843323,0.5812274368231047,162.7308,,,,
0.6947,1.2932119369506836,0.00016323529411764706,2.8846153846153846,450,,,,,,,
,,,2.8846153846153846,450,0.6941272616386414,0.5270758122743683,183.0817,,,,
0.6979,1.0762207508087158,0.00015588235294117648,3.2051282051282053,500,,,,,,,
,,,3.2051282051282053,500,0.6871815919876099,0.555956678700361,203.36,,,,
0.6913,1.1765587329864502,0.00014852941176470588,3.5256410256410255,550,,,,,,,
,,,3.5256410256410255,550,0.6932822465896606,0.5018050541516246,223.3584,,,,
0.6984,1.4393930435180664,0.0001411764705882353,3.8461538461538463,600,,,,,,,
,,,3.8461538461538463,600,0.6888361573219299,0.5740072202166066,243.656,,,,
0.6904,1.0896782875061035,0.0001338235294117647,4.166666666666667,650,,,,,,,
,,,4.166666666666667,650,0.6856241226196289,0.5379061371841155,264.1825,,,,
0.6917,1.9102189540863037,0.0001264705882352941,4.487179487179487,700,,,,,,,
,,,4.487179487179487,700,0.688983142375946,0.5667870036101083,284.2732,,,,
0.6863,2.3780503273010254,0.00011911764705882353,4.8076923076923075,750,,,,,,,
,,,4.8076923076923075,750,0.6855030059814453,0.5631768953068592,304.1706,,,,
0.6913,0.5655292868614197,0.00011176470588235294,5.128205128205128,800,,,,,,,
,,,5.128205128205128,800,0.6845782995223999,0.5379061371841155,324.3965,,,,
0.6957,1.8892942667007446,0.00010441176470588237,5.448717948717949,850,,,,,,,
,,,5.448717948717949,850,0.6842840909957886,0.5451263537906137,345.0553,,,,
0.686,4.166591644287109,9.705882352941177e-05,5.769230769230769,900,,,,,,,
,,,5.769230769230769,900,0.687470555305481,0.5703971119133574,365.3533,,,,
0.6834,1.298754096031189,8.970588235294118e-05,6.089743589743589,950,,,,,,,
,,,6.089743589743589,950,0.6835030913352966,0.5884476534296029,385.3256,,,,
0.6832,2.323554515838623,8.23529411764706e-05,6.410256410256411,1000,,,,,,,
,,,6.410256410256411,1000,0.6868247389793396,0.5776173285198556,405.5326,,,,
0.6874,1.5289894342422485,7.500000000000001e-05,6.730769230769231,1050,,,,,,,
,,,6.730769230769231,1050,0.6865994334220886,0.5667870036101083,426.0659,,,,
0.6815,2.293931245803833,6.764705882352942e-05,7.051282051282051,1100,,,,,,,
,,,7.051282051282051,1100,0.6840729117393494,0.5776173285198556,446.8528,,,,
0.6771,1.2927272319793701,6.0294117647058825e-05,7.371794871794872,1150,,,,,,,
,,,7.371794871794872,1150,0.682859480381012,0.5956678700361011,467.6775,,,,
0.6868,1.8814373016357422,5.294117647058824e-05,7.6923076923076925,1200,,,,,,,
,,,7.6923076923076925,1200,0.6828305721282959,0.5992779783393501,487.3567,,,,
0.6806,1.2627068758010864,4.558823529411765e-05,8.012820512820513,1250,,,,,,,
,,,8.012820512820513,1250,0.6856301426887512,0.5812274368231047,507.7613,,,,
0.6759,2.009094715118408,3.8235294117647055e-05,8.333333333333334,1300,,,,,,,
,,,8.333333333333334,1300,0.6818339824676514,0.5812274368231047,527.7259,,,,
0.6796,0.734355628490448,3.0882352941176475e-05,8.653846153846153,1350,,,,,,,
,,,8.653846153846153,1350,0.6816390752792358,0.5812274368231047,547.7724,,,,
0.6827,1.528181791305542,2.3529411764705884e-05,8.974358974358974,1400,,,,,,,
,,,8.974358974358974,1400,0.681943416595459,0.5848375451263538,567.6445,,,,
0.6836,1.0013350248336792,1.6176470588235296e-05,9.294871794871796,1450,,,,,,,
,,,9.294871794871796,1450,0.6817201972007751,0.5848375451263538,587.652,,,,
0.679,0.8339383006095886,8.823529411764707e-06,9.615384615384615,1500,,,,,,,
,,,9.615384615384615,1500,0.6820410490036011,0.5884476534296029,608.0529,,,,
0.6763,0.7832485437393188,1.4705882352941177e-06,9.935897435897436,1550,,,,,,,
,,,9.935897435897436,1550,0.6816806197166443,0.5884476534296029,628.6572,,,,
,,,10.0,1560,,,631.5663,39.426,2.47,2117691962740800.0,0.7914883459225679
