loss,grad_norm,learning_rate,epoch,step,eval_loss,eval_accuracy,eval_f1,train_runtime,train_samples_per_second,train_steps_per_second,total_flos,train_loss
0.6963,1.4429776668548584,2.5e-05,0.004347826086956522,1,,,,,,,,
0.6643,1.4991614818572998,0.000625,0.10869565217391304,25,,,,,,,,
,,,0.10869565217391304,25,0.6602122187614441,0.6838235294117647,0.8122270742358079,5.9908,,,,
0.765,1.8518670797348022,0.00125,0.21739130434782608,50,,,,,,,,
,,,0.21739130434782608,50,0.6206609606742859,0.6838235294117647,0.8122270742358079,11.4736,,,,
0.6995,1.3311004638671875,0.001875,0.32608695652173914,75,,,,,,,,
,,,0.32608695652173914,75,0.6165947914123535,0.6838235294117647,0.8122270742358079,17.1774,,,,
0.623,0.8610185980796814,0.0025,0.43478260869565216,100,,,,,,,,
,,,0.43478260869565216,100,0.5856831073760986,0.7034313725490197,0.8191330343796712,22.6913,,,,
0.5691,2.318599224090576,0.003125,0.5434782608695652,125,,,,,,,,
,,,0.5434782608695652,125,0.6773933172225952,0.6936274509803921,0.8153618906942391,28.234,,,,
0.6429,2.0782995223999023,0.00375,0.6521739130434783,150,,,,,,,,
,,,0.6521739130434783,150,0.5487543940544128,0.696078431372549,0.812121212121212,33.8035,,,,
0.5893,1.3854831457138062,0.004375,0.7608695652173914,175,,,,,,,,
,,,0.7608695652173914,175,0.6327620148658752,0.696078431372549,0.8160237388724035,39.5493,,,,
0.7234,1.2696940898895264,0.005,0.8695652173913043,200,,,,,,,,
,,,0.8695652173913043,200,0.8618701100349426,0.6838235294117647,0.8122270742358079,45.315,,,,
0.6042,1.9299144744873047,0.0049404761904761904,0.9782608695652174,225,,,,,,,,
,,,0.9782608695652174,225,0.4696369469165802,0.7794117647058824,0.8524590163934427,50.9834,,,,
0.4857,1.3240150213241577,0.004880952380952381,1.0869565217391304,250,,,,,,,,
,,,1.0869565217391304,250,0.4372786581516266,0.803921568627451,0.8545454545454545,56.5187,,,,
0.6849,5.232904434204102,0.004821428571428572,1.1956521739130435,275,,,,,,,,
,,,1.1956521739130435,275,0.5268239378929138,0.75,0.7918367346938775,62.1914,,,,
0.5128,1.141541600227356,0.0047619047619047615,1.3043478260869565,300,,,,,,,,
,,,1.3043478260869565,300,0.6514156460762024,0.696078431372549,0.8181818181818181,67.9127,,,,
0.5148,0.808559238910675,0.004702380952380953,1.4130434782608696,325,,,,,,,,
,,,1.4130434782608696,325,0.43156829476356506,0.803921568627451,0.8666666666666666,73.5683,,,,
0.4916,2.1410868167877197,0.004642857142857143,1.5217391304347827,350,,,,,,,,
,,,1.5217391304347827,350,0.5080816745758057,0.75,0.7943548387096774,79.2368,,,,
0.574,1.7462228536605835,0.004583333333333333,1.6304347826086958,375,,,,,,,,
,,,1.6304347826086958,375,0.40825262665748596,0.8112745098039216,0.8723051409618573,84.8162,,,,
0.5016,0.8866554498672485,0.004523809523809524,1.7391304347826086,400,,,,,,,,
,,,1.7391304347826086,400,0.4192828834056854,0.8235294117647058,0.8783783783783784,90.4029,,,,
0.5396,2.5496602058410645,0.004464285714285715,1.8478260869565217,425,,,,,,,,
,,,1.8478260869565217,425,0.4758303165435791,0.7990196078431373,0.86984126984127,96.1219,,,,
0.5437,3.786902666091919,0.004404761904761904,1.9565217391304348,450,,,,,,,,
,,,1.9565217391304348,450,0.4812909960746765,0.7916666666666666,0.8665620094191523,101.8171,,,,
0.4669,0.8926021456718445,0.004345238095238096,2.0652173913043477,475,,,,,,,,
,,,2.0652173913043477,475,0.5504858493804932,0.8088235294117647,0.8733766233766234,107.2221,,,,
0.4698,2.559743642807007,0.004285714285714286,2.1739130434782608,500,,,,,,,,
,,,2.1739130434782608,500,0.43957796692848206,0.8186274509803921,0.8786885245901639,112.8419,,,,
0.5091,1.783250093460083,0.004226190476190476,2.282608695652174,525,,,,,,,,
,,,2.282608695652174,525,0.39642950892448425,0.8088235294117647,0.8712871287128714,118.9208,,,,
0.4322,2.41516375541687,0.004166666666666667,2.391304347826087,550,,,,,,,,
,,,2.391304347826087,550,0.3688142001628876,0.8161764705882353,0.8681898066783832,124.5134,,,,
0.4485,5.298437595367432,0.004107142857142857,2.5,575,,,,,,,,
,,,2.5,575,0.8436250686645508,0.7377450980392157,0.8390977443609023,130.0844,,,,
0.3787,1.5469838380813599,0.004047619047619048,2.608695652173913,600,,,,,,,,
,,,2.608695652173913,600,0.4518257677555084,0.8186274509803921,0.8770764119601329,135.7158,,,,
0.3861,1.346809983253479,0.0039880952380952385,2.717391304347826,625,,,,,,,,
,,,2.717391304347826,625,0.4080987572669983,0.8284313725490197,0.8736462093862816,141.4177,,,,
0.5127,4.255980968475342,0.003928571428571429,2.8260869565217392,650,,,,,,,,
,,,2.8260869565217392,650,0.385496586561203,0.8235294117647058,0.8779661016949152,147.1497,,,,
0.3884,4.493899345397949,0.003869047619047619,2.9347826086956523,675,,,,,,,,
,,,2.9347826086956523,675,0.6722759008407593,0.7009803921568627,0.8205882352941176,152.9068,,,,
0.4657,2.865791082382202,0.0038095238095238095,3.0434782608695654,700,,,,,,,,
,,,3.0434782608695654,700,0.4312855899333954,0.8112745098039216,0.8727272727272727,158.378,,,,
0.3694,0.7515600323677063,0.00375,3.1521739130434785,725,,,,,,,,
,,,3.1521739130434785,725,0.4690714180469513,0.8431372549019608,0.8892733564013842,164.1403,,,,
0.3733,1.4617531299591064,0.0036904761904761906,3.260869565217391,750,,,,,,,,
,,,3.260869565217391,750,0.3647095263004303,0.8308823529411765,0.88,169.8719,,,,
0.3043,2.371164560317993,0.003630952380952381,3.369565217391304,775,,,,,,,,
,,,3.369565217391304,775,0.5054395198822021,0.821078431372549,0.8793388429752065,175.5504,,,,
0.4001,1.420391321182251,0.0035714285714285718,3.4782608695652173,800,,,,,,,,
,,,3.4782608695652173,800,0.3768267035484314,0.8455882352941176,0.8923076923076922,181.2018,,,,
0.4036,1.216713309288025,0.0035119047619047617,3.5869565217391304,825,,,,,,,,
,,,3.5869565217391304,825,0.46234041452407837,0.8088235294117647,0.8753993610223643,186.9154,,,,
0.3976,2.349212884902954,0.0034523809523809524,3.6956521739130435,850,,,,,,,,
,,,3.6956521739130435,850,0.38916313648223877,0.8406862745098039,0.8885077186963979,192.6179,,,,
0.3693,2.534594774246216,0.003392857142857143,3.8043478260869565,875,,,,,,,,
,,,3.8043478260869565,875,0.40621665120124817,0.8382352941176471,0.8854166666666665,198.2742,,,,
0.3886,1.3671199083328247,0.003333333333333333,3.9130434782608696,900,,,,,,,,
,,,3.9130434782608696,900,0.40306785702705383,0.8333333333333334,0.8839590443686006,203.9477,,,,
0.4014,2.019296169281006,0.003273809523809524,4.021739130434782,925,,,,,,,,
,,,4.021739130434782,925,0.3835723400115967,0.8357843137254902,0.8877721943048577,209.3564,,,,
0.3963,1.4447693824768066,0.0032142857142857147,4.130434782608695,950,,,,,,,,
,,,4.130434782608695,950,0.38478851318359375,0.8529411764705882,0.8979591836734693,215.0452,,,,
0.3479,1.9676992893218994,0.0031547619047619046,4.239130434782608,975,,,,,,,,
,,,4.239130434782608,975,0.4627576768398285,0.8455882352941176,0.8944723618090453,220.5211,,,,
0.3891,1.3640427589416504,0.0030952380952380953,4.3478260869565215,1000,,,,,,,,
,,,4.3478260869565215,1000,0.3704984784126282,0.8431372549019608,0.8869257950530036,226.0943,,,,
0.3512,3.299506902694702,0.0030357142857142857,4.456521739130435,1025,,,,,,,,
,,,4.456521739130435,1025,0.38502252101898193,0.8431372549019608,0.8873239436619718,232.3158,,,,
0.3216,1.6769007444381714,0.002976190476190476,4.565217391304348,1050,,,,,,,,
,,,4.565217391304348,1050,0.40692925453186035,0.8431372549019608,0.8885017421602788,238.0067,,,,
0.3413,0.8250094652175903,0.002916666666666667,4.673913043478261,1075,,,,,,,,
,,,4.673913043478261,1075,0.34833765029907227,0.8382352941176471,0.8825622775800711,243.6492,,,,
0.3203,1.1510303020477295,0.002857142857142857,4.782608695652174,1100,,,,,,,,
,,,4.782608695652174,1100,0.4418632686138153,0.8406862745098039,0.8892674616695059,249.3475,,,,
0.4352,8.539541244506836,0.002797619047619048,4.891304347826087,1125,,,,,,,,
,,,4.891304347826087,1125,0.49270913004875183,0.7647058823529411,0.8024691358024693,255.1288,,,,
0.3947,0.054682690650224686,0.0027380952380952383,5.0,1150,,,,,,,,
,,,5.0,1150,0.4643670916557312,0.8382352941176471,0.8865979381443299,260.8776,,,,
0.3102,1.5855653285980225,0.0026785714285714286,5.108695652173913,1175,,,,,,,,
,,,5.108695652173913,1175,0.40047281980514526,0.8480392156862745,0.8888888888888888,266.607,,,,
0.2934,1.0331151485443115,0.0026190476190476194,5.217391304347826,1200,,,,,,,,
,,,5.217391304347826,1200,0.38281896710395813,0.8504901960784313,0.891651865008881,272.3616,,,,
0.3268,1.4001797437667847,0.0025595238095238093,5.326086956521739,1225,,,,,,,,
,,,5.326086956521739,1225,0.4214283525943756,0.8504901960784313,0.8939130434782607,278.0955,,,,
0.342,2.1195554733276367,0.0025,5.434782608695652,1250,,,,,,,,
,,,5.434782608695652,1250,0.45800691843032837,0.8455882352941176,0.8930390492359932,283.6521,,,,
0.2608,2.1721878051757812,0.0024404761904761904,5.543478260869565,1275,,,,,,,,
,,,5.543478260869565,1275,0.40217941999435425,0.8455882352941176,0.887298747763864,289.2508,,,,
0.3341,1.8156949281692505,0.0023809523809523807,5.6521739130434785,1300,,,,,,,,
,,,5.6521739130434785,1300,0.3728254735469818,0.8480392156862745,0.886029411764706,294.8384,,,,
0.2866,1.205885410308838,0.0023214285714285715,5.760869565217392,1325,,,,,,,,
,,,5.760869565217392,1325,0.451147198677063,0.8455882352941176,0.8900523560209423,300.5011,,,,
0.341,1.1125942468643188,0.002261904761904762,5.869565217391305,1350,,,,,,,,
,,,5.869565217391305,1350,0.47751370072364807,0.8431372549019608,0.8940397350993377,306.1916,,,,
0.4313,3.741013526916504,0.002202380952380952,5.978260869565218,1375,,,,,,,,
,,,5.978260869565218,1375,0.570833683013916,0.8063725490196079,0.8740031897926636,311.8921,,,,
0.2411,4.740223407745361,0.002142857142857143,6.086956521739131,1400,,,,,,,,
,,,6.086956521739131,1400,0.615661084651947,0.8333333333333334,0.8885245901639344,317.5112,,,,
0.3186,1.5629322528839111,0.0020833333333333333,6.195652173913044,1425,,,,,,,,
,,,6.195652173913044,1425,0.4161379337310791,0.8431372549019608,0.889655172413793,323.3018,,,,
0.3141,2.820749044418335,0.002023809523809524,6.304347826086957,1450,,,,,,,,
,,,6.304347826086957,1450,0.38984256982803345,0.8406862745098039,0.8824593128390597,328.8663,,,,
0.3018,0.8909862637519836,0.0019642857142857144,6.413043478260869,1475,,,,,,,,
,,,6.413043478260869,1475,0.3668968379497528,0.8455882352941176,0.8904347826086957,334.4885,,,,
0.352,1.2361093759536743,0.0019047619047619048,6.521739130434782,1500,,,,,,,,
,,,6.521739130434782,1500,0.36561375856399536,0.8529411764705882,0.8924731182795699,340.1094,,,,
0.3464,2.4733598232269287,0.0018452380952380953,6.630434782608695,1525,,,,,,,,
,,,6.630434782608695,1525,0.46466419100761414,0.8357843137254902,0.8896210873146623,346.4836,,,,
0.3526,1.524935245513916,0.0017857142857142859,6.739130434782608,1550,,,,,,,,
,,,6.739130434782608,1550,0.3624444007873535,0.8455882352941176,0.887298747763864,352.1072,,,,
0.231,1.950114369392395,0.0017261904761904762,6.8478260869565215,1575,,,,,,,,
,,,6.8478260869565215,1575,0.43199607729911804,0.8431372549019608,0.8861209964412811,357.8508,,,,
0.3318,1.4992822408676147,0.0016666666666666666,6.956521739130435,1600,,,,,,,,
,,,6.956521739130435,1600,0.4082038700580597,0.8406862745098039,0.8892674616695059,363.5854,,,,
0.2223,1.2397735118865967,0.0016071428571428573,7.065217391304348,1625,,,,,,,,
,,,7.065217391304348,1625,0.47354745864868164,0.8504901960784313,0.893542757417103,369.2137,,,,
0.271,1.1216732263565063,0.0015476190476190477,7.173913043478261,1650,,,,,,,,
,,,7.173913043478261,1650,0.41942232847213745,0.8529411764705882,0.8924731182795699,374.8547,,,,
0.2458,1.3965144157409668,0.001488095238095238,7.282608695652174,1675,,,,,,,,
,,,7.282608695652174,1675,0.4068279564380646,0.8529411764705882,0.8983050847457628,380.5051,,,,
0.2773,1.2636022567749023,0.0014285714285714286,7.391304347826087,1700,,,,,,,,
,,,7.391304347826087,1700,0.37126684188842773,0.8553921568627451,0.897391304347826,386.2134,,,,
0.237,2.458423614501953,0.0013690476190476191,7.5,1725,,,,,,,,
,,,7.5,1725,0.38649842143058777,0.8553921568627451,0.8955752212389381,391.9205,,,,
0.2935,1.4802298545837402,0.0013095238095238097,7.608695652173913,1750,,,,,,,,
,,,7.608695652173913,1750,0.4279135763645172,0.8504901960784313,0.8985024958402663,397.5791,,,,
0.2863,3.6056759357452393,0.00125,7.717391304347826,1775,,,,,,,,
,,,7.717391304347826,1775,0.4859446585178375,0.8455882352941176,0.8948247078464107,403.1996,,,,
0.2868,2.950786590576172,0.0011904761904761904,7.826086956521739,1800,,,,,,,,
,,,7.826086956521739,1800,0.4741872251033783,0.8504901960784313,0.8981636060100167,408.8358,,,,
0.2601,1.38138747215271,0.001130952380952381,7.934782608695652,1825,,,,,,,,
,,,7.934782608695652,1825,0.3882707953453064,0.8431372549019608,0.8877192982456141,414.6035,,,,
0.3033,1.5758936405181885,0.0010714285714285715,8.043478260869565,1850,,,,,,,,
,,,8.043478260869565,1850,0.3877965807914734,0.8504901960784313,0.8939130434782607,420.1314,,,,
0.2049,0.4660310447216034,0.001011904761904762,8.152173913043478,1875,,,,,,,,
,,,8.152173913043478,1875,0.4258239269256592,0.8480392156862745,0.8912280701754387,425.7367,,,,
0.225,0.20112155377864838,0.0009523809523809524,8.26086956521739,1900,,,,,,,,
,,,8.26086956521739,1900,0.5016319751739502,0.8504901960784313,0.8953687821612349,431.3491,,,,
0.2574,3.2177236080169678,0.0008928571428571429,8.369565217391305,1925,,,,,,,,
,,,8.369565217391305,1925,0.4889075458049774,0.8553921568627451,0.9001692047377327,437.0987,,,,
0.2247,1.5158144235610962,0.0008333333333333333,8.478260869565217,1950,,,,,,,,
,,,8.478260869565217,1950,0.4518865942955017,0.8578431372549019,0.8996539792387542,442.8185,,,,
0.2528,1.5560731887817383,0.0007738095238095238,8.58695652173913,1975,,,,,,,,
,,,8.58695652173913,1975,0.4524458348751068,0.8578431372549019,0.8996539792387542,448.477,,,,
0.269,0.8565217852592468,0.0007142857142857143,8.695652173913043,2000,,,,,,,,
,,,8.695652173913043,2000,0.40278637409210205,0.8578431372549019,0.8996539792387542,454.1584,,,,
0.2291,1.646943211555481,0.0006547619047619048,8.804347826086957,2025,,,,,,,,
,,,8.804347826086957,2025,0.4186675548553467,0.8431372549019608,0.8873239436619718,460.475,,,,
0.2889,1.3787299394607544,0.0005952380952380952,8.91304347826087,2050,,,,,,,,
,,,8.91304347826087,2050,0.4607837200164795,0.8455882352941176,0.8930390492359932,466.2509,,,,
0.2855,0.6744028329849243,0.0005357142857142857,9.021739130434783,2075,,,,,,,,
,,,9.021739130434783,2075,0.3862438499927521,0.8431372549019608,0.8861209964412811,471.8436,,,,
0.2063,1.0648075342178345,0.0004761904761904762,9.130434782608695,2100,,,,,,,,
,,,9.130434782608695,2100,0.4035927653312683,0.8357843137254902,0.88141592920354,477.5357,,,,
0.1927,0.9560402631759644,0.00041666666666666664,9.23913043478261,2125,,,,,,,,
,,,9.23913043478261,2125,0.45678094029426575,0.8553921568627451,0.8977469670710572,483.1311,,,,
0.2547,1.2710070610046387,0.00035714285714285714,9.347826086956522,2150,,,,,,,,
,,,9.347826086956522,2150,0.4580867886543274,0.8602941176470589,0.9018932874354562,488.8124,,,,
0.2506,1.9854763746261597,0.0002976190476190476,9.456521739130435,2175,,,,,,,,
,,,9.456521739130435,2175,0.41858360171318054,0.8529411764705882,0.8958333333333334,494.4088,,,,
0.2479,0.904608964920044,0.0002380952380952381,9.565217391304348,2200,,,,,,,,
,,,9.565217391304348,2200,0.4320375919342041,0.8553921568627451,0.8984509466437176,500.0442,,,,
0.2604,1.6082135438919067,0.00017857142857142857,9.673913043478262,2225,,,,,,,,
,,,9.673913043478262,2225,0.4199604094028473,0.8529411764705882,0.8958333333333334,505.6031,,,,
0.2519,0.6338867545127869,0.00011904761904761905,9.782608695652174,2250,,,,,,,,
,,,9.782608695652174,2250,0.4105280041694641,0.8529411764705882,0.8958333333333334,511.2167,,,,
0.2311,1.174509048461914,5.9523809523809524e-05,9.891304347826086,2275,,,,,,,,
,,,9.891304347826086,2275,0.4077489376068115,0.8529411764705882,0.8958333333333334,516.9,,,,
0.2207,0.14833790063858032,0.0,10.0,2300,,,,,,,,
,,,10.0,2300,0.4061518609523773,0.8553921568627451,0.897391304347826,522.4345,,,,
,,,10.0,2300,,,,522.0868,70.257,4.405,1451363219019168.0,0.3765942180156708
