loss,grad_norm,learning_rate,epoch,step,eval_loss,eval_accuracy,eval_f1,train_runtime,train_samples_per_second,train_steps_per_second,total_flos,train_loss
0.6801,0.64260333776474,2.5e-06,0.004347826086956522,1,,,,,,,,
0.7051,1.0816892385482788,6.25e-05,0.10869565217391304,25,,,,,,,,
,,,0.10869565217391304,25,0.6403498649597168,0.6838235294117647,0.8122270742358079,7.7565,,,,
0.664,2.6197922229766846,0.000125,0.21739130434782608,50,,,,,,,,
,,,0.21739130434782608,50,0.6168333292007446,0.6838235294117647,0.8122270742358079,12.7338,,,,
0.634,2.7741034030914307,0.0001875,0.32608695652173914,75,,,,,,,,
,,,0.32608695652173914,75,0.6286136507987976,0.6838235294117647,0.8122270742358079,17.8828,,,,
0.6477,2.745067596435547,0.00025,0.43478260869565216,100,,,,,,,,
,,,0.43478260869565216,100,0.5865798592567444,0.7034313725490197,0.8185907046476761,22.9918,,,,
0.5647,7.229867458343506,0.0003125,0.5434782608695652,125,,,,,,,,
,,,0.5434782608695652,125,0.4632342755794525,0.7818627450980392,0.8576,28.1233,,,,
0.5072,6.499161243438721,0.000375,0.6521739130434783,150,,,,,,,,
,,,0.6521739130434783,150,0.7191634774208069,0.7598039215686274,0.8496932515337425,33.3186,,,,
0.5348,16.82607650756836,0.0004375,0.7608695652173914,175,,,,,,,,
,,,0.7608695652173914,175,0.4208071231842041,0.8259803921568627,0.872072072072072,38.6221,,,,
0.5,17.89583969116211,0.0005,0.8695652173913043,200,,,,,,,,
,,,0.8695652173913043,200,0.4761233329772949,0.8186274509803921,0.8678571428571429,43.9267,,,,
0.5617,8.784459114074707,0.0004940476190476191,0.9782608695652174,225,,,,,,,,
,,,0.9782608695652174,225,0.5119171738624573,0.7450980392156863,0.7833333333333333,49.1688,,,,
0.533,43.71343231201172,0.0004880952380952381,1.0869565217391304,250,,,,,,,,
,,,1.0869565217391304,250,0.4520048201084137,0.8382352941176471,0.8888888888888888,54.2757,,,,
0.4742,15.742436408996582,0.00048214285714285715,1.1956521739130435,275,,,,,,,,
,,,1.1956521739130435,275,0.38797757029533386,0.8382352941176471,0.8865979381443299,59.6007,,,,
0.4498,19.689128875732422,0.0004761904761904762,1.3043478260869565,300,,,,,,,,
,,,1.3043478260869565,300,0.43269675970077515,0.8112745098039216,0.8752025931928687,65.0382,,,,
0.4413,11.089921951293945,0.00047023809523809523,1.4130434782608696,325,,,,,,,,
,,,1.4130434782608696,325,0.40888842940330505,0.8259803921568627,0.8652751423149905,70.4224,,,,
0.45,16.25319480895996,0.00046428571428571433,1.5217391304347827,350,,,,,,,,
,,,1.5217391304347827,350,0.4423392713069916,0.8284313725490197,0.8627450980392156,75.8164,,,,
0.46,8.6107759475708,0.0004583333333333333,1.6304347826086958,375,,,,,,,,
,,,1.6304347826086958,375,0.3291521370410919,0.8627450980392157,0.9003558718861211,81.2144,,,,
0.3715,6.614603042602539,0.00045238095238095237,1.7391304347826086,400,,,,,,,,
,,,1.7391304347826086,400,0.3523918688297272,0.8480392156862745,0.895973154362416,86.657,,,,
0.4153,14.218084335327148,0.00044642857142857147,1.8478260869565217,425,,,,,,,,
,,,1.8478260869565217,425,0.3392651081085205,0.8725490196078431,0.9081272084805654,92.2352,,,,
0.4026,17.71335220336914,0.00044047619047619046,1.9565217391304348,450,,,,,,,,
,,,1.9565217391304348,450,0.34458544850349426,0.8578431372549019,0.8953068592057761,97.8634,,,,
0.3277,17.057626724243164,0.00043452380952380956,2.0652173913043477,475,,,,,,,,
,,,2.0652173913043477,475,0.5594315528869629,0.8357843137254902,0.8881469115191986,103.2109,,,,
0.3975,18.667640686035156,0.00042857142857142855,2.1739130434782608,500,,,,,,,,
,,,2.1739130434782608,500,0.31753548979759216,0.8480392156862745,0.8834586466165414,108.8359,,,,
0.3129,15.903888702392578,0.00042261904761904765,2.282608695652174,525,,,,,,,,
,,,2.282608695652174,525,0.33335044980049133,0.8602941176470589,0.9001751313485115,114.6166,,,,
0.3329,23.897960662841797,0.0004166666666666667,2.391304347826087,550,,,,,,,,
,,,2.391304347826087,550,0.33481070399284363,0.8553921568627451,0.9001692047377327,120.2279,,,,
0.3687,17.66712188720703,0.0004107142857142857,2.5,575,,,,,,,,
,,,2.5,575,0.40324461460113525,0.8406862745098039,0.8914858096828046,125.7886,,,,
0.3558,24.450973510742188,0.0004047619047619048,2.608695652173913,600,,,,,,,,
,,,2.608695652173913,600,0.3488435447216034,0.8529411764705882,0.8996655518394648,131.3959,,,,
0.3445,15.070609092712402,0.00039880952380952383,2.717391304347826,625,,,,,,,,
,,,2.717391304347826,625,0.40800726413726807,0.8382352941176471,0.8925081433224756,136.9548,,,,
0.424,12.985051155090332,0.0003928571428571429,2.8260869565217392,650,,,,,,,,
,,,2.8260869565217392,650,0.32270416617393494,0.8480392156862745,0.8945578231292517,142.5683,,,,
0.3406,15.319853782653809,0.0003869047619047619,2.9347826086956523,675,,,,,,,,
,,,2.9347826086956523,675,0.3631960451602936,0.8676470588235294,0.9087837837837838,148.0786,,,,
0.3584,8.802985191345215,0.00038095238095238096,3.0434782608695654,700,,,,,,,,
,,,3.0434782608695654,700,0.402566134929657,0.8333333333333334,0.8859060402684563,153.4084,,,,
0.2482,20.902544021606445,0.000375,3.1521739130434785,725,,,,,,,,
,,,3.1521739130434785,725,0.4955630600452423,0.8504901960784313,0.897822445561139,158.8933,,,,
0.3618,5.52003812789917,0.00036904761904761905,3.260869565217391,750,,,,,,,,
,,,3.260869565217391,750,0.43159019947052,0.8431372549019608,0.893687707641196,164.4287,,,,
0.2986,21.831838607788086,0.0003630952380952381,3.369565217391304,775,,,,,,,,
,,,3.369565217391304,775,0.309417188167572,0.8872549019607843,0.9178571428571428,169.8269,,,,
0.2462,61.83403015136719,0.00035714285714285714,3.4782608695652173,800,,,,,,,,
,,,3.4782608695652173,800,0.6393868923187256,0.8259803921568627,0.88379705400982,175.315,,,,
0.3602,7.030636310577393,0.0003511904761904762,3.5869565217391304,825,,,,,,,,
,,,3.5869565217391304,825,0.3307094871997833,0.8651960784313726,0.9056603773584906,180.9296,,,,
0.3173,19.42533302307129,0.00034523809523809523,3.6956521739130435,850,,,,,,,,
,,,3.6956521739130435,850,0.33025360107421875,0.8676470588235294,0.9072164948453608,186.5323,,,,
0.3054,40.91941452026367,0.00033928571428571433,3.8043478260869565,875,,,,,,,,
,,,3.8043478260869565,875,0.3584860563278198,0.8725490196078431,0.9112627986348123,192.1313,,,,
0.3008,20.24598503112793,0.0003333333333333333,3.9130434782608696,900,,,,,,,,
,,,3.9130434782608696,900,0.4341627359390259,0.8823529411764706,0.9194630872483222,197.6811,,,,
0.2991,16.348766326904297,0.00032738095238095237,4.021739130434782,925,,,,,,,,
,,,4.021739130434782,925,0.3145093023777008,0.8725490196078431,0.9087719298245615,203.1714,,,,
0.188,12.936101913452148,0.00032142857142857147,4.130434782608695,950,,,,,,,,
,,,4.130434782608695,950,0.5196397304534912,0.8578431372549019,0.9033333333333333,208.7227,,,,
0.2976,73.55192565917969,0.00031547619047619046,4.239130434782608,975,,,,,,,,
,,,4.239130434782608,975,0.5655508041381836,0.8431372549019608,0.8943894389438943,214.2038,,,,
0.2561,12.888113021850586,0.00030952380952380956,4.3478260869565215,1000,,,,,,,,
,,,4.3478260869565215,1000,0.2917483448982239,0.8872549019607843,0.9195804195804195,219.6478,,,,
0.274,17.56145477294922,0.00030357142857142855,4.456521739130435,1025,,,,,,,,
,,,4.456521739130435,1025,0.3131330907344818,0.8848039215686274,0.9143897996357014,225.4229,,,,
0.2485,39.166542053222656,0.00029761904761904765,4.565217391304348,1050,,,,,,,,
,,,4.565217391304348,1050,0.41765326261520386,0.8872549019607843,0.9198606271777002,230.9557,,,,
0.2678,39.779666900634766,0.0002916666666666667,4.673913043478261,1075,,,,,,,,
,,,4.673913043478261,1075,0.41405901312828064,0.8823529411764706,0.9169550173010381,236.4473,,,,
0.2023,5.017014503479004,0.0002857142857142857,4.782608695652174,1100,,,,,,,,
,,,4.782608695652174,1100,0.3919362425804138,0.8799019607843137,0.9144851657940662,242.0101,,,,
0.2229,20.0567684173584,0.0002797619047619048,4.891304347826087,1125,,,,,,,,
,,,4.891304347826087,1125,0.33841562271118164,0.875,0.9097345132743363,247.5231,,,,
0.2385,0.20207101106643677,0.0002738095238095238,5.0,1150,,,,,,,,
,,,5.0,1150,0.34263932704925537,0.8872549019607843,0.9175627240143369,253.1095,,,,
0.1191,1.200891137123108,0.00026785714285714287,5.108695652173913,1175,,,,,,,,
,,,5.108695652173913,1175,0.42637693881988525,0.875,0.9081081081081082,258.5506,,,,
0.2415,39.98582458496094,0.0002619047619047619,5.217391304347826,1200,,,,,,,,
,,,5.217391304347826,1200,0.4219229221343994,0.8872549019607843,0.9172661870503597,264.1705,,,,
0.1738,28.298898696899414,0.00025595238095238096,5.326086956521739,1225,,,,,,,,
,,,5.326086956521739,1225,0.515028715133667,0.8774509803921569,0.9077490774907749,269.6958,,,,
0.2882,31.521841049194336,0.00025,5.434782608695652,1250,,,,,,,,
,,,5.434782608695652,1250,0.47590309381484985,0.8799019607843137,0.9113924050632911,275.1969,,,,
0.1759,73.9143295288086,0.00024404761904761905,5.543478260869565,1275,,,,,,,,
,,,5.543478260869565,1275,0.43720558285713196,0.8823529411764706,0.9139784946236559,280.6572,,,,
0.2138,2.8771069049835205,0.0002380952380952381,5.6521739130434785,1300,,,,,,,,
,,,5.6521739130434785,1300,0.4757663607597351,0.8872549019607843,0.9148148148148149,286.195,,,,
0.2169,1.074250340461731,0.00023214285714285717,5.760869565217392,1325,,,,,,,,
,,,5.760869565217392,1325,0.511285126209259,0.8700980392156863,0.9055258467023173,291.8025,,,,
0.2383,10.34192943572998,0.00022619047619047618,5.869565217391305,1350,,,,,,,,
,,,5.869565217391305,1350,0.4430374801158905,0.8700980392156863,0.9048473967684021,297.4052,,,,
0.1954,0.9963412284851074,0.00022023809523809523,5.978260869565218,1375,,,,,,,,
,,,5.978260869565218,1375,0.33506515622138977,0.8848039215686274,0.9168141592920355,303.083,,,,
0.1249,100.47061920166016,0.00021428571428571427,6.086956521739131,1400,,,,,,,,
,,,6.086956521739131,1400,0.7355049252510071,0.8700980392156863,0.9103214890016922,308.4938,,,,
0.1319,6.07542610168457,0.00020833333333333335,6.195652173913044,1425,,,,,,,,
,,,6.195652173913044,1425,0.6310227513313293,0.8872549019607843,0.9217687074829931,314.2362,,,,
0.1852,36.65642166137695,0.0002023809523809524,6.304347826086957,1450,,,,,,,,
,,,6.304347826086957,1450,0.4853172302246094,0.8848039215686274,0.9193825042881646,319.6118,,,,
0.1753,16.536012649536133,0.00019642857142857144,6.413043478260869,1475,,,,,,,,
,,,6.413043478260869,1475,0.4104253649711609,0.9044117647058824,0.9312169312169313,325.2144,,,,
0.142,14.745450973510742,0.00019047619047619048,6.521739130434782,1500,,,,,,,,
,,,6.521739130434782,1500,0.4280937910079956,0.8995098039215687,0.9271758436944938,330.681,,,,
0.1454,55.67257308959961,0.00018452380952380953,6.630434782608695,1525,,,,,,,,
,,,6.630434782608695,1525,0.5735542178153992,0.8823529411764706,0.9175257731958764,336.5414,,,,
0.217,24.907447814941406,0.00017857142857142857,6.739130434782608,1550,,,,,,,,
,,,6.739130434782608,1550,0.4841535687446594,0.8774509803921569,0.9100719424460433,341.978,,,,
0.1918,24.16478157043457,0.00017261904761904762,6.8478260869565215,1575,,,,,,,,
,,,6.8478260869565215,1575,0.475019633769989,0.8946078431372549,0.924693520140105,347.5299,,,,
0.1329,1.8578039407730103,0.00016666666666666666,6.956521739130435,1600,,,,,,,,
,,,6.956521739130435,1600,0.606249988079071,0.8725490196078431,0.9090909090909091,353.0961,,,,
0.117,47.791133880615234,0.00016071428571428573,7.065217391304348,1625,,,,,,,,
,,,7.065217391304348,1625,0.5738493204116821,0.8774509803921569,0.9107142857142857,358.4993,,,,
0.1518,28.853193283081055,0.00015476190476190478,7.173913043478261,1650,,,,,,,,
,,,7.173913043478261,1650,0.5678882598876953,0.875,0.9094138543516875,364.0229,,,,
0.0978,22.800193786621094,0.00014880952380952382,7.282608695652174,1675,,,,,,,,
,,,7.282608695652174,1675,0.5030091404914856,0.8799019607843137,0.9150779896013865,369.5073,,,,
0.1622,11.146220207214355,0.00014285714285714284,7.391304347826087,1700,,,,,,,,
,,,7.391304347826087,1700,0.49033668637275696,0.8823529411764706,0.916083916083916,375.1474,,,,
0.1495,0.5064126253128052,0.0001369047619047619,7.5,1725,,,,,,,,
,,,7.5,1725,0.49007371068000793,0.8799019607843137,0.9132743362831858,380.7324,,,,
0.1137,24.537120819091797,0.00013095238095238096,7.608695652173913,1750,,,,,,,,
,,,7.608695652173913,1750,0.4962555766105652,0.8946078431372549,0.9238938053097344,386.3545,,,,
0.1324,18.62904167175293,0.000125,7.717391304347826,1775,,,,,,,,
,,,7.717391304347826,1775,0.5902217626571655,0.8897058823529411,0.9228130360205832,391.927,,,,
0.0883,26.004077911376953,0.00011904761904761905,7.826086956521739,1800,,,,,,,,
,,,7.826086956521739,1800,0.5956453680992126,0.8848039215686274,0.9185441941074524,397.486,,,,
0.1221,59.54100036621094,0.00011309523809523809,7.934782608695652,1825,,,,,,,,
,,,7.934782608695652,1825,0.673989474773407,0.8823529411764706,0.9163763066202091,403.1746,,,,
0.1317,103.5557632446289,0.00010714285714285714,8.043478260869565,1850,,,,,,,,
,,,8.043478260869565,1850,0.5998774766921997,0.8921568627450981,0.9246575342465753,408.656,,,,
0.0876,2.8112945556640625,0.0001011904761904762,8.152173913043478,1875,,,,,,,,
,,,8.152173913043478,1875,0.5808047652244568,0.8970588235294118,0.9263157894736843,414.1809,,,,
0.0614,0.05803988128900528,9.523809523809524e-05,8.26086956521739,1900,,,,,,,,
,,,8.26086956521739,1900,0.5806207656860352,0.8921568627450981,0.9233449477351917,419.7806,,,,
0.0677,0.0064933388493955135,8.928571428571429e-05,8.369565217391305,1925,,,,,,,,
,,,8.369565217391305,1925,0.6385753154754639,0.8946078431372549,0.9244288224956063,425.3864,,,,
0.0779,45.33993911743164,8.333333333333333e-05,8.478260869565217,1950,,,,,,,,
,,,8.478260869565217,1950,0.6906642317771912,0.8897058823529411,0.9209138840070299,431.0049,,,,
0.0585,112.31554412841797,7.738095238095239e-05,8.58695652173913,1975,,,,,,,,
,,,8.58695652173913,1975,0.6758314967155457,0.8897058823529411,0.9220103986135182,436.4793,,,,
0.0853,0.21281632781028748,7.142857142857142e-05,8.695652173913043,2000,,,,,,,,
,,,8.695652173913043,2000,0.6823581457138062,0.8995098039215687,0.927689594356261,441.9692,,,,
0.1211,0.10397820919752121,6.547619047619048e-05,8.804347826086957,2025,,,,,,,,
,,,8.804347826086957,2025,0.6184465289115906,0.9019607843137255,0.9293286219081272,447.7383,,,,
0.0807,10.798883438110352,5.9523809523809524e-05,8.91304347826087,2050,,,,,,,,
,,,8.91304347826087,2050,0.6445643305778503,0.9019607843137255,0.930795847750865,453.2948,,,,
0.0983,0.6935043931007385,5.357142857142857e-05,9.021739130434783,2075,,,,,,,,
,,,9.021739130434783,2075,0.6135555505752563,0.8799019607843137,0.9123434704830053,458.7767,,,,
0.0819,0.018083473667502403,4.761904761904762e-05,9.130434782608695,2100,,,,,,,,
,,,9.130434782608695,2100,0.6487443447113037,0.8799019607843137,0.9120287253141832,464.2574,,,,
0.0452,0.8736157417297363,4.1666666666666665e-05,9.23913043478261,2125,,,,,,,,
,,,9.23913043478261,2125,0.6414070725440979,0.8872549019607843,0.9184397163120569,469.7932,,,,
0.1102,0.31495076417922974,3.571428571428571e-05,9.347826086956522,2150,,,,,,,,
,,,9.347826086956522,2150,0.6155368685722351,0.8946078431372549,0.9241622574955909,475.2977,,,,
0.0744,0.17168469727039337,2.9761904761904762e-05,9.456521739130435,2175,,,,,,,,
,,,9.456521739130435,2175,0.5933127403259277,0.8995098039215687,0.9281961471103327,480.8827,,,,
0.0454,0.520599901676178,2.380952380952381e-05,9.565217391304348,2200,,,,,,,,
,,,9.565217391304348,2200,0.5995066165924072,0.8995098039215687,0.9279437609841829,486.4012,,,,
0.1206,0.13746380805969238,1.7857142857142855e-05,9.673913043478262,2225,,,,,,,,
,,,9.673913043478262,2225,0.6136826872825623,0.8946078431372549,0.9241622574955909,491.9169,,,,
0.0299,0.012119749560952187,1.1904761904761905e-05,9.782608695652174,2250,,,,,,,,
,,,9.782608695652174,2250,0.6085426807403564,0.9019607843137255,0.9298245614035087,497.4673,,,,
0.028,0.014799061231315136,5.9523809523809525e-06,9.891304347826086,2275,,,,,,,,
,,,9.891304347826086,2275,0.6110200881958008,0.9019607843137255,0.9298245614035087,503.0518,,,,
0.0716,0.007669302634894848,0.0,10.0,2300,,,,,,,,
,,,10.0,2300,0.6115165948867798,0.9019607843137255,0.9298245614035087,508.5955,,,,
,,,10.0,2300,,,,508.1643,72.181,4.526,1456015189661088.0,0.257973561597907
