loss,grad_norm,learning_rate,epoch,step,eval_loss,eval_accuracy,train_runtime,train_samples_per_second,train_steps_per_second,total_flos,train_loss
1.7487,1.0246654748916626,1e-05,0.00641025641025641,1,,,,,,,
1.5692,0.7794071435928345,0.0005,0.32051282051282054,50,,,,,,,
,,,0.32051282051282054,50,1.0928150415420532,0.48375451263537905,22.9784,,,,
0.7975,1.7421579360961914,0.001,0.6410256410256411,100,,,,,,,
,,,0.6410256410256411,100,0.7140963077545166,0.5054151624548736,47.2619,,,,
0.7239,2.551471471786499,0.0015,0.9615384615384616,150,,,,,,,
,,,0.9615384615384616,150,0.7457687854766846,0.5270758122743683,71.2813,,,,
0.7351,3.3750686645507812,0.002,1.282051282051282,200,,,,,,,
,,,1.282051282051282,200,0.7221857905387878,0.5270758122743683,95.2613,,,,
0.7175,0.5919861793518066,0.0019264705882352942,1.6025641025641026,250,,,,,,,
,,,1.6025641025641026,250,0.6881017088890076,0.555956678700361,118.674,,,,
0.7738,1.0598461627960205,0.0018529411764705885,1.9230769230769231,300,,,,,,,
,,,1.9230769230769231,300,0.7505576610565186,0.5234657039711191,142.1402,,,,
0.7129,2.6722145080566406,0.0017794117647058822,2.2435897435897436,350,,,,,,,
,,,2.2435897435897436,350,0.7935259342193604,0.555956678700361,165.1308,,,,
0.6765,1.6979821920394897,0.0017058823529411764,2.564102564102564,400,,,,,,,
,,,2.564102564102564,400,0.6299072504043579,0.6895306859205776,188.4298,,,,
0.7027,1.077957034111023,0.0016323529411764706,2.8846153846153846,450,,,,,,,
,,,2.8846153846153846,450,0.6986215114593506,0.6606498194945848,211.9898,,,,
0.6122,1.4362943172454834,0.0015588235294117648,3.2051282051282053,500,,,,,,,
,,,3.2051282051282053,500,0.5997844338417053,0.6967509025270758,235.3932,,,,
0.6517,3.0517990589141846,0.0014852941176470588,3.5256410256410255,550,,,,,,,
,,,3.5256410256410255,550,0.7172228097915649,0.6750902527075813,258.911,,,,
0.606,1.70964515209198,0.001411764705882353,3.8461538461538463,600,,,,,,,
,,,3.8461538461538463,600,0.5793913006782532,0.7184115523465704,282.1862,,,,
0.5504,1.7790377140045166,0.001338235294117647,4.166666666666667,650,,,,,,,
,,,4.166666666666667,650,0.550033450126648,0.7436823104693141,306.0031,,,,
0.5556,1.7957520484924316,0.0012647058823529412,4.487179487179487,700,,,,,,,
,,,4.487179487179487,700,0.5053769946098328,0.7617328519855595,329.2264,,,,
0.5531,3.736893653869629,0.0011911764705882352,4.8076923076923075,750,,,,,,,
,,,4.8076923076923075,750,0.5414505004882812,0.7256317689530686,352.3375,,,,
0.4757,1.7690240144729614,0.0011176470588235294,5.128205128205128,800,,,,,,,
,,,5.128205128205128,800,0.4974154233932495,0.7689530685920578,375.6261,,,,
0.4816,1.1155245304107666,0.0010441176470588236,5.448717948717949,850,,,,,,,
,,,5.448717948717949,850,0.4873226583003998,0.7617328519855595,399.5298,,,,
0.4407,1.3139680624008179,0.0009705882352941176,5.769230769230769,900,,,,,,,
,,,5.769230769230769,900,0.5305842161178589,0.7364620938628159,422.9401,,,,
0.4948,0.9496066570281982,0.0008970588235294118,6.089743589743589,950,,,,,,,
,,,6.089743589743589,950,0.5796189308166504,0.740072202166065,445.9976,,,,
0.4076,3.026024580001831,0.0008235294117647058,6.410256410256411,1000,,,,,,,
,,,6.410256410256411,1000,0.5649824142456055,0.776173285198556,469.201,,,,
0.3978,1.1161670684814453,0.00075,6.730769230769231,1050,,,,,,,
,,,6.730769230769231,1050,0.5648068785667419,0.776173285198556,493.3858,,,,
0.3746,0.9579160213470459,0.0006764705882352942,7.051282051282051,1100,,,,,,,
,,,7.051282051282051,1100,0.5456414222717285,0.776173285198556,517.3271,,,,
0.3427,2.2117626667022705,0.0006029411764705882,7.371794871794872,1150,,,,,,,
,,,7.371794871794872,1150,0.6832308769226074,0.776173285198556,541.2989,,,,
0.328,3.6503350734710693,0.0005294117647058824,7.6923076923076925,1200,,,,,,,
,,,7.6923076923076925,1200,0.6342565417289734,0.7653429602888087,564.0164,,,,
0.38,1.6544156074523926,0.00045588235294117646,8.012820512820513,1250,,,,,,,
,,,8.012820512820513,1250,0.5077691674232483,0.7906137184115524,587.4204,,,,
0.3094,1.5794607400894165,0.00038235294117647055,8.333333333333334,1300,,,,,,,
,,,8.333333333333334,1300,0.6875916123390198,0.7617328519855595,610.4997,,,,
0.2582,2.8162713050842285,0.0003088235294117647,8.653846153846153,1350,,,,,,,
,,,8.653846153846153,1350,0.5598375797271729,0.7870036101083032,633.6038,,,,
0.2458,1.6720575094223022,0.00023529411764705883,8.974358974358974,1400,,,,,,,
,,,8.974358974358974,1400,0.623792827129364,0.7617328519855595,656.5932,,,,
0.1985,6.352205276489258,0.00016176470588235295,9.294871794871796,1450,,,,,,,
,,,9.294871794871796,1450,0.7613616585731506,0.7725631768953068,679.577,,,,
0.1607,5.166372299194336,8.823529411764706e-05,9.615384615384615,1500,,,,,,,
,,,9.615384615384615,1500,0.762191116809845,0.7653429602888087,703.0188,,,,
0.2415,4.2926106452941895,1.4705882352941177e-05,9.935897435897436,1550,,,,,,,
,,,9.935897435897436,1550,0.7226936221122742,0.776173285198556,726.8369,,,,
,,,10.0,1560,,,730.3465,34.093,2.136,2131204763617920.0,0.5298376382925571
