loss,grad_norm,learning_rate,epoch,step,eval_loss,eval_accuracy,eval_f1,train_runtime,train_samples_per_second,train_steps_per_second,total_flos,train_loss
0.6801,0.5727041959762573,2.5e-06,0.0,1,,,,,,,,
0.7124,0.8007948398590088,6.25e-05,0.11,25,,,,,,,,
,,,0.11,25,0.6567840576171875,0.6838235294117647,0.8122270742358079,5.9437,,,,
0.6627,1.500722050666809,0.000125,0.22,50,,,,,,,,
,,,0.22,50,0.6238805651664734,0.6838235294117647,0.8122270742358079,11.3072,,,,
0.638,2.6144866943359375,0.0001875,0.33,75,,,,,,,,
,,,0.33,75,0.6192241907119751,0.6838235294117647,0.8122270742358079,16.9005,,,,
0.6379,0.6365227699279785,0.00025,0.43,100,,,,,,,,
,,,0.43,100,0.6065689325332642,0.6838235294117647,0.8122270742358079,22.3402,,,,
0.5897,1.04811429977417,0.0003125,0.54,125,,,,,,,,
,,,0.54,125,0.5559027194976807,0.7083333333333334,0.8210526315789474,27.9153,,,,
0.5687,4.327754497528076,0.000375,0.65,150,,,,,,,,
,,,0.65,150,0.5015280842781067,0.7696078431372549,0.8422818791946309,33.3788,,,,
0.5943,4.39920711517334,0.0004375,0.76,175,,,,,,,,
,,,0.76,175,0.5327826142311096,0.8063725490196079,0.855045871559633,39.0644,,,,
0.5232,2.1596529483795166,0.0005,0.87,200,,,,,,,,
,,,0.87,200,0.44113898277282715,0.7794117647058824,0.8534201954397393,44.5676,,,,
0.5351,2.414613962173462,0.0004940476190476191,0.98,225,,,,,,,,
,,,0.98,225,0.525530219078064,0.8014705882352942,0.8433268858800774,50.0391,,,,
0.5163,2.226757049560547,0.0004880952380952381,1.09,250,,,,,,,,
,,,1.09,250,0.46080246567726135,0.8161764705882353,0.8743718592964823,55.2808,,,,
0.4608,3.0824289321899414,0.00048214285714285715,1.2,275,,,,,,,,
,,,1.2,275,0.3928460478782654,0.8063725490196079,0.8611599297012302,60.6791,,,,
0.4248,2.683210849761963,0.0004761904761904762,1.3,300,,,,,,,,
,,,1.3,300,0.4219560921192169,0.8504901960784313,0.8957264957264958,66.1453,,,,
0.4297,2.6371922492980957,0.00047023809523809523,1.41,325,,,,,,,,
,,,1.41,325,0.4097853899002075,0.8137254901960784,0.856060606060606,71.5157,,,,
0.4541,5.080386638641357,0.00046428571428571433,1.52,350,,,,,,,,
,,,1.52,350,0.3897022604942322,0.8259803921568627,0.8773747841105355,76.9833,,,,
0.402,3.2680578231811523,0.0004583333333333333,1.63,375,,,,,,,,
,,,1.63,375,0.34821709990501404,0.8529411764705882,0.8943661971830987,82.2765,,,,
0.3771,3.443091630935669,0.00045238095238095237,1.74,400,,,,,,,,
,,,1.74,400,0.46276089549064636,0.8382352941176471,0.8896321070234114,87.7378,,,,
0.4248,2.51412296295166,0.00044642857142857147,1.85,425,,,,,,,,
,,,1.85,425,0.36668694019317627,0.8431372549019608,0.891156462585034,93.1758,,,,
0.3777,3.5952370166778564,0.00044047619047619046,1.96,450,,,,,,,,
,,,1.96,450,0.4311145842075348,0.8357843137254902,0.8858603066439524,98.7393,,,,
0.3231,2.157752275466919,0.00043452380952380956,2.07,475,,,,,,,,
,,,2.07,475,0.4134025275707245,0.8480392156862745,0.8912280701754387,103.9657,,,,
0.3799,1.9739736318588257,0.00042857142857142855,2.17,500,,,,,,,,
,,,2.17,500,0.35176315903663635,0.8431372549019608,0.8844765342960288,109.4242,,,,
0.3403,3.9087440967559814,0.00042261904761904765,2.28,525,,,,,,,,
,,,2.28,525,0.33384719491004944,0.8553921568627451,0.8933092224231465,115.4568,,,,
0.2894,5.606192588806152,0.0004166666666666667,2.39,550,,,,,,,,
,,,2.39,550,0.41229456663131714,0.8651960784313726,0.9029982363315697,120.8553,,,,
0.3888,2.5708694458007812,0.0004107142857142857,2.5,575,,,,,,,,
,,,2.5,575,0.33727407455444336,0.8455882352941176,0.8896672504378283,126.3334,,,,
0.349,4.451260566711426,0.0004047619047619048,2.61,600,,,,,,,,
,,,2.61,600,0.3860519230365753,0.8602941176470589,0.9008695652173914,131.7835,,,,
0.3032,4.383468151092529,0.00039880952380952383,2.72,625,,,,,,,,
,,,2.72,625,0.44130629301071167,0.8406862745098039,0.8914858096828046,137.354,,,,
0.3678,5.709482192993164,0.0003928571428571429,2.83,650,,,,,,,,
,,,2.83,650,0.3978491723537445,0.8382352941176471,0.8888888888888888,142.806,,,,
0.308,4.972756862640381,0.0003869047619047619,2.93,675,,,,,,,,
,,,2.93,675,0.36624205112457275,0.8529411764705882,0.8951048951048952,148.3593,,,,
0.2556,2.001110315322876,0.00038095238095238096,3.04,700,,,,,,,,
,,,3.04,700,0.42076024413108826,0.8357843137254902,0.882249560632689,153.562,,,,
0.3121,0.8764218688011169,0.000375,3.15,725,,,,,,,,
,,,3.15,725,0.3998892903327942,0.8480392156862745,0.8908450704225351,159.0375,,,,
0.276,1.584423303604126,0.00036904761904761905,3.26,750,,,,,,,,
,,,3.26,750,0.3856041431427002,0.8578431372549019,0.9006849315068494,164.4918,,,,
0.2739,4.699550151824951,0.0003630952380952381,3.37,775,,,,,,,,
,,,3.37,775,0.3485950827598572,0.8578431372549019,0.894927536231884,169.8618,,,,
0.2668,5.047006607055664,0.00035714285714285714,3.48,800,,,,,,,,
,,,3.48,800,0.4302702844142914,0.8553921568627451,0.899488926746167,175.2638,,,,
0.3203,4.554612159729004,0.0003511904761904762,3.59,825,,,,,,,,
,,,3.59,825,0.32274284958839417,0.8627450980392157,0.9020979020979022,180.7194,,,,
0.2827,4.468050956726074,0.00034523809523809523,3.7,850,,,,,,,,
,,,3.7,850,0.3308500647544861,0.8602941176470589,0.8987566607460036,186.2629,,,,
0.2766,11.989644050598145,0.00033928571428571433,3.8,875,,,,,,,,
,,,3.8,875,0.3754124641418457,0.8602941176470589,0.8980322003577819,191.7296,,,,
0.3383,6.482143878936768,0.0003333333333333333,3.91,900,,,,,,,,
,,,3.91,900,0.33220961689949036,0.8529411764705882,0.8961937716262977,197.2934,,,,
0.2908,10.66502857208252,0.00032738095238095237,4.02,925,,,,,,,,
,,,4.02,925,0.4045928418636322,0.8529411764705882,0.8979591836734693,202.5987,,,,
0.1983,4.663519859313965,0.00032142857142857147,4.13,950,,,,,,,,
,,,4.13,950,0.37798944115638733,0.8627450980392157,0.903114186851211,208.131,,,,
0.2177,7.704239368438721,0.00031547619047619046,4.24,975,,,,,,,,
,,,4.24,975,0.5251883864402771,0.8431372549019608,0.8929765886287626,213.4794,,,,
0.2932,2.185365915298462,0.00030952380952380956,4.35,1000,,,,,,,,
,,,4.35,1000,0.3738359212875366,0.8700980392156863,0.9081455805892548,218.9442,,,,
0.282,1.633225440979004,0.00030357142857142855,4.46,1025,,,,,,,,
,,,4.46,1025,0.3259739577770233,0.8651960784313726,0.9023090586145649,225.142,,,,
0.1943,3.974674940109253,0.00029761904761904765,4.57,1050,,,,,,,,
,,,4.57,1050,0.40905439853668213,0.8578431372549019,0.901023890784983,230.7442,,,,
0.177,3.4115471839904785,0.0002916666666666667,4.67,1075,,,,,,,,
,,,4.67,1075,0.48448196053504944,0.8480392156862745,0.8952702702702703,236.2169,,,,
0.2152,5.186135768890381,0.0002857142857142857,4.78,1100,,,,,,,,
,,,4.78,1100,0.3828239440917969,0.8651960784313726,0.9043478260869565,241.7453,,,,
0.2228,4.277904033660889,0.0002797619047619048,4.89,1125,,,,,,,,
,,,4.89,1125,0.3761048913002014,0.8602941176470589,0.8980322003577819,247.2801,,,,
0.2157,0.08633489906787872,0.0002738095238095238,5.0,1150,,,,,,,,
,,,5.0,1150,0.3948078155517578,0.8602941176470589,0.8969258589511754,252.7864,,,,
0.1647,0.16305509209632874,0.00026785714285714287,5.11,1175,,,,,,,,
,,,5.11,1175,0.4692985713481903,0.8651960784313726,0.9023090586145649,258.2399,,,,
0.2131,7.077998161315918,0.0002619047619047619,5.22,1200,,,,,,,,
,,,5.22,1200,0.467221200466156,0.8529411764705882,0.8976109215017065,263.7254,,,,
0.1638,3.711779832839966,0.00025595238095238096,5.33,1225,,,,,,,,
,,,5.33,1225,0.40339913964271545,0.8774509803921569,0.910394265232975,269.2473,,,,
0.2252,4.0928874015808105,0.00025,5.43,1250,,,,,,,,
,,,5.43,1250,0.3929841220378876,0.8799019607843137,0.9120287253141832,274.6277,,,,
0.1478,2.341442108154297,0.00024404761904761905,5.54,1275,,,,,,,,
,,,5.54,1275,0.41965657472610474,0.8799019607843137,0.9117117117117116,280.0974,,,,
0.1694,8.73787784576416,0.0002380952380952381,5.65,1300,,,,,,,,
,,,5.65,1300,0.48337075114250183,0.8602941176470589,0.8998242530755711,285.541,,,,
0.1706,6.694092750549316,0.00023214285714285717,5.76,1325,,,,,,,,
,,,5.76,1325,0.41415172815322876,0.8700980392156863,0.9034608378870674,291.1293,,,,
0.2312,5.086531162261963,0.00022619047619047618,5.87,1350,,,,,,,,
,,,5.87,1350,0.3774804472923279,0.8651960784313726,0.8983364140480593,296.6387,,,,
0.2064,4.6040940284729,0.00022023809523809523,5.98,1375,,,,,,,,
,,,5.98,1375,0.3997906744480133,0.8553921568627451,0.8977469670710572,302.2194,,,,
0.1316,9.031245231628418,0.00021428571428571427,6.09,1400,,,,,,,,
,,,6.09,1400,0.6411401629447937,0.8455882352941176,0.8948247078464107,307.5664,,,,
0.2133,1.1921114921569824,0.00020833333333333335,6.2,1425,,,,,,,,
,,,6.2,1425,0.4383804202079773,0.8602941176470589,0.9001751313485115,313.2272,,,,
0.1545,8.022116661071777,0.0002023809523809524,6.3,1450,,,,,,,,
,,,6.3,1450,0.4347374737262726,0.8578431372549019,0.8929889298892988,318.6004,,,,
0.1581,1.0608755350112915,0.00019642857142857144,6.41,1475,,,,,,,,
,,,6.41,1475,0.46386921405792236,0.8774509803921569,0.9113475177304964,324.0456,,,,
0.2114,0.9589827060699463,0.00019047619047619048,6.52,1500,,,,,,,,
,,,6.52,1500,0.46371352672576904,0.8700980392156863,0.9038112522686026,329.5225,,,,
0.1314,8.213698387145996,0.00018452380952380953,6.63,1525,,,,,,,,
,,,6.63,1525,0.4669628143310547,0.8700980392156863,0.9045045045045046,335.6409,,,,
0.1799,0.2886269986629486,0.00017857142857142857,6.74,1550,,,,,,,,
,,,6.74,1550,0.46613237261772156,0.8676470588235294,0.9028776978417268,341.0846,,,,
0.143,5.828400611877441,0.00017261904761904762,6.85,1575,,,,,,,,
,,,6.85,1575,0.49124279618263245,0.8725490196078431,0.9087719298245615,346.533,,,,
0.1363,3.6087005138397217,0.00016666666666666666,6.96,1600,,,,,,,,
,,,6.96,1600,0.5238696932792664,0.8627450980392157,0.8985507246376813,352.1111,,,,
0.1167,5.304258346557617,0.00016071428571428573,7.07,1625,,,,,,,,
,,,7.07,1625,0.5528218150138855,0.8651960784313726,0.9005424954792043,357.4144,,,,
0.1454,4.105813026428223,0.00015476190476190478,7.17,1650,,,,,,,,
,,,7.17,1650,0.6000642776489258,0.8602941176470589,0.8954128440366973,362.8794,,,,
0.1523,2.3210344314575195,0.00014880952380952382,7.28,1675,,,,,,,,
,,,7.28,1675,0.5854023694992065,0.8602941176470589,0.9032258064516129,368.3007,,,,
0.1116,1.0326067209243774,0.00014285714285714284,7.39,1700,,,,,,,,
,,,7.39,1700,0.5773012638092041,0.8627450980392157,0.900709219858156,373.863,,,,
0.1566,0.13050130009651184,0.0001369047619047619,7.5,1725,,,,,,,,
,,,7.5,1725,0.5837610960006714,0.8725490196078431,0.9044117647058824,379.4117,,,,
0.1342,1.692366361618042,0.00013095238095238096,7.61,1750,,,,,,,,
,,,7.61,1750,0.5029100775718689,0.8676470588235294,0.9032258064516129,384.8905,,,,
0.1667,13.288325309753418,0.000125,7.72,1775,,,,,,,,
,,,7.72,1775,0.5344823002815247,0.8700980392156863,0.9078260869565218,390.4325,,,,
0.1198,1.4443089962005615,0.00011904761904761905,7.83,1800,,,,,,,,
,,,7.83,1800,0.5306022763252258,0.8627450980392157,0.8992805755395683,395.8259,,,,
0.1194,1.6074873208999634,0.00011309523809523809,7.93,1825,,,,,,,,
,,,7.93,1825,0.5278525948524475,0.8627450980392157,0.8985507246376813,401.5053,,,,
0.1114,9.107906341552734,0.00010714285714285714,8.04,1850,,,,,,,,
,,,8.04,1850,0.6060096025466919,0.8700980392156863,0.9071803852889667,406.843,,,,
0.1248,1.3380963802337646,0.0001011904761904762,8.15,1875,,,,,,,,
,,,8.15,1875,0.6078388690948486,0.8578431372549019,0.8945454545454546,412.3606,,,,
0.1088,0.06070994958281517,9.523809523809524e-05,8.26,1900,,,,,,,,
,,,8.26,1900,0.6284000277519226,0.8700980392156863,0.9055258467023173,417.8342,,,,
0.0882,0.04475940763950348,8.928571428571429e-05,8.37,1925,,,,,,,,
,,,8.37,1925,0.6120679378509521,0.8676470588235294,0.9021739130434783,423.3936,,,,
0.1039,5.530000686645508,8.333333333333333e-05,8.48,1950,,,,,,,,
,,,8.48,1950,0.645588755607605,0.8700980392156863,0.9061946902654867,428.9324,,,,
0.0766,9.934749603271484,7.738095238095239e-05,8.59,1975,,,,,,,,
,,,8.59,1975,0.6684721112251282,0.8627450980392157,0.9014084507042254,434.3663,,,,
0.1385,6.572911262512207,7.142857142857142e-05,8.7,2000,,,,,,,,
,,,8.7,2000,0.6595048904418945,0.8651960784313726,0.9016100178890876,439.7987,,,,
0.1074,11.606718063354492,6.547619047619048e-05,8.8,2025,,,,,,,,
,,,8.8,2025,0.6636627316474915,0.8651960784313726,0.9012567324955117,445.846,,,,
0.091,0.4130415916442871,5.9523809523809524e-05,8.91,2050,,,,,,,,
,,,8.91,2050,0.6697571873664856,0.8676470588235294,0.9042553191489361,451.3615,,,,
0.1562,1.9001988172531128,5.357142857142857e-05,9.02,2075,,,,,,,,
,,,9.02,2075,0.646644115447998,0.8676470588235294,0.9039145907473309,456.6756,,,,
0.0713,0.216827854514122,4.761904761904762e-05,9.13,2100,,,,,,,,
,,,9.13,2100,0.6382070779800415,0.8676470588235294,0.9032258064516129,462.1321,,,,
0.0741,1.8559279441833496,4.1666666666666665e-05,9.24,2125,,,,,,,,
,,,9.24,2125,0.6625593304634094,0.8676470588235294,0.9042553191489361,467.5403,,,,
0.1167,0.36205193400382996,3.571428571428571e-05,9.35,2150,,,,,,,,
,,,9.35,2150,0.6737014055252075,0.8676470588235294,0.9045936395759717,473.0267,,,,
0.0981,0.2742503881454468,2.9761904761904762e-05,9.46,2175,,,,,,,,
,,,9.46,2175,0.6714703440666199,0.8627450980392157,0.9,478.4971,,,,
0.0828,6.555571556091309,2.380952380952381e-05,9.57,2200,,,,,,,,
,,,9.57,2200,0.6711916327476501,0.8676470588235294,0.9039145907473309,483.9995,,,,
0.1347,9.56375503540039,1.7857142857142855e-05,9.67,2225,,,,,,,,
,,,9.67,2225,0.6573627591133118,0.8651960784313726,0.9019607843137256,489.4417,,,,
0.1186,0.3630293011665344,1.1904761904761905e-05,9.78,2250,,,,,,,,
,,,9.78,2250,0.6518315076828003,0.8676470588235294,0.9039145907473309,494.9375,,,,
0.1331,11.890883445739746,5.9523809523809525e-06,9.89,2275,,,,,,,,
,,,9.89,2275,0.6524572968482971,0.8700980392156863,0.905861456483126,500.418,,,,
0.0607,0.05781695246696472,0.0,10.0,2300,,,,,,,,
,,,10.0,2300,0.653394341468811,0.8700980392156863,0.905861456483126,505.8306,,,,
,,,10.0,2300,,,,505.4642,72.567,4.55,1460977291679136.0,0.2571595860823341
