loss,grad_norm,learning_rate,epoch,step,eval_loss,eval_accuracy,eval_f1,train_runtime,train_samples_per_second,train_steps_per_second,total_flos,train_loss
0.7008,1.440721035003662,2.5e-06,0.0,1,,,,,,,,
0.6559,0.8712761998176575,6.25e-05,0.11,25,,,,,,,,
,,,0.11,25,0.6343855261802673,0.6838235294117647,0.8122270742358079,6.1273,,,,
0.6611,1.3394832611083984,0.000125,0.22,50,,,,,,,,
,,,0.22,50,0.624248206615448,0.6838235294117647,0.8122270742358079,11.7322,,,,
0.6378,2.1263325214385986,0.0001875,0.33,75,,,,,,,,
,,,0.33,75,0.6142942309379578,0.6838235294117647,0.8122270742358079,17.5272,,,,
0.6258,0.688296377658844,0.00025,0.43,100,,,,,,,,
,,,0.43,100,0.5583613514900208,0.6985294117647058,0.8188512518409425,23.1449,,,,
0.5155,1.2984226942062378,0.0003125,0.54,125,,,,,,,,
,,,0.54,125,0.5423178672790527,0.7450980392156863,0.8385093167701864,28.8966,,,,
0.5461,4.331804275512695,0.000375,0.65,150,,,,,,,,
,,,0.65,150,0.4056251645088196,0.8088235294117647,0.8641114982578396,34.4952,,,,
0.5825,2.544074773788452,0.0004375,0.76,175,,,,,,,,
,,,0.76,175,0.4789618253707886,0.8186274509803921,0.8715277777777779,40.3611,,,,
0.4817,2.2021162509918213,0.0005,0.87,200,,,,,,,,
,,,0.87,200,0.38277480006217957,0.8382352941176471,0.8842105263157894,46.0717,,,,
0.4892,1.008397102355957,0.0004940476190476191,0.98,225,,,,,,,,
,,,0.98,225,0.5201365947723389,0.7107843137254902,0.7400881057268722,51.8201,,,,
0.4608,1.0478490591049194,0.0004880952380952381,1.09,250,,,,,,,,
,,,1.09,250,0.4095296561717987,0.8480392156862745,0.8876811594202899,57.2827,,,,
0.4916,0.5993636846542358,0.00048214285714285715,1.2,275,,,,,,,,
,,,1.2,275,0.46088919043540955,0.7549019607843137,0.8456790123456792,63.0039,,,,
0.4413,2.361414670944214,0.0004761904761904762,1.3,300,,,,,,,,
,,,1.3,300,0.37993618845939636,0.8382352941176471,0.8873720136518771,68.7044,,,,
0.3914,2.5261600017547607,0.00047023809523809523,1.41,325,,,,,,,,
,,,1.41,325,0.48567748069763184,0.7671568627450981,0.8024948024948025,74.391,,,,
0.4683,3.886873483657837,0.00046428571428571433,1.52,350,,,,,,,,
,,,1.52,350,0.4013570249080658,0.8137254901960784,0.8729096989966555,80.0804,,,,
0.4065,1.26677405834198,0.0004583333333333333,1.63,375,,,,,,,,
,,,1.63,375,0.350480318069458,0.8602941176470589,0.8954128440366973,85.7242,,,,
0.3121,1.9574679136276245,0.00045238095238095237,1.74,400,,,,,,,,
,,,1.74,400,0.45464226603507996,0.8602941176470589,0.8961748633879781,91.3877,,,,
0.4276,2.1583895683288574,0.00044642857142857147,1.85,425,,,,,,,,
,,,1.85,425,0.35776302218437195,0.8553921568627451,0.897391304347826,97.1163,,,,
0.4068,1.899245023727417,0.00044047619047619046,1.96,450,,,,,,,,
,,,1.96,450,0.3702026307582855,0.8553921568627451,0.8963093145869947,102.9474,,,,
0.3085,0.5907948017120361,0.00043452380952380956,2.07,475,,,,,,,,
,,,2.07,475,0.4644071161746979,0.8602941176470589,0.9032258064516129,108.4189,,,,
0.3622,2.0525739192962646,0.00042857142857142855,2.17,500,,,,,,,,
,,,2.17,500,0.3399975299835205,0.8504901960784313,0.8876611418047882,114.1595,,,,
0.3083,1.1267727613449097,0.00042261904761904765,2.28,525,,,,,,,,
,,,2.28,525,0.34383243322372437,0.8480392156862745,0.8888888888888888,120.4769,,,,
0.2965,1.1200684309005737,0.0004166666666666667,2.39,550,,,,,,,,
,,,2.39,550,0.3414618670940399,0.8578431372549019,0.8971631205673759,126.1754,,,,
0.364,2.1622467041015625,0.0004107142857142857,2.5,575,,,,,,,,
,,,2.5,575,0.3600931763648987,0.8186274509803921,0.8798701298701299,131.8607,,,,
0.2823,4.076886177062988,0.0004047619047619048,2.61,600,,,,,,,,
,,,2.61,600,0.4099438488483429,0.8627450980392157,0.903114186851211,137.5908,,,,
0.2825,2.1846375465393066,0.00039880952380952383,2.72,625,,,,,,,,
,,,2.72,625,0.41931214928627014,0.8480392156862745,0.8976897689768976,143.3463,,,,
0.3628,2.9086179733276367,0.0003928571428571429,2.83,650,,,,,,,,
,,,2.83,650,0.32253190875053406,0.8553921568627451,0.8966725043782837,149.1294,,,,
0.2935,1.2181254625320435,0.0003869047619047619,2.93,675,,,,,,,,
,,,2.93,675,0.36449313163757324,0.8480392156862745,0.8900709219858156,154.8594,,,,
0.2665,1.625549077987671,0.00038095238095238096,3.04,700,,,,,,,,
,,,3.04,700,0.37484273314476013,0.8553921568627451,0.8981001727115717,160.434,,,,
0.2773,0.8283221125602722,0.000375,3.15,725,,,,,,,,
,,,3.15,725,0.36716973781585693,0.8627450980392157,0.902439024390244,166.1312,,,,
0.2288,1.9594850540161133,0.00036904761904761905,3.26,750,,,,,,,,
,,,3.26,750,0.37849336862564087,0.8627450980392157,0.9047619047619047,171.9267,,,,
0.2434,2.214322566986084,0.0003630952380952381,3.37,775,,,,,,,,
,,,3.37,775,0.39640238881111145,0.8700980392156863,0.9084628670120898,177.514,,,,
0.1932,4.2861409187316895,0.00035714285714285714,3.48,800,,,,,,,,
,,,3.48,800,0.6577961444854736,0.8186274509803921,0.8794788273615635,183.2626,,,,
0.3098,1.4617388248443604,0.0003511904761904762,3.59,825,,,,,,,,
,,,3.59,825,0.3598048686981201,0.8627450980392157,0.9027777777777778,188.9721,,,,
0.2644,1.4435479640960693,0.00034523809523809523,3.7,850,,,,,,,,
,,,3.7,850,0.3426031470298767,0.8504901960784313,0.8950086058519794,194.8203,,,,
0.2477,7.979231834411621,0.00033928571428571433,3.8,875,,,,,,,,
,,,3.8,875,0.46024128794670105,0.8406862745098039,0.8892674616695059,200.5141,,,,
0.2931,6.473080158233643,0.0003333333333333333,3.91,900,,,,,,,,
,,,3.91,900,0.3590943515300751,0.8553921568627451,0.8991452991452993,206.3189,,,,
0.2427,3.9973738193511963,0.00032738095238095237,4.02,925,,,,,,,,
,,,4.02,925,0.38726627826690674,0.8676470588235294,0.90625,211.8652,,,,
0.1667,1.04338538646698,0.00032142857142857147,4.13,950,,,,,,,,
,,,4.13,950,0.4515746235847473,0.8774509803921569,0.9131944444444444,217.6125,,,,
0.2095,3.8943581581115723,0.00031547619047619046,4.24,975,,,,,,,,
,,,4.24,975,0.5280587077140808,0.8480392156862745,0.8976897689768976,223.207,,,,
0.2463,2.3645541667938232,0.00030952380952380956,4.35,1000,,,,,,,,
,,,4.35,1000,0.3815200626850128,0.8627450980392157,0.904109589041096,228.8651,,,,
0.2127,1.496678352355957,0.00030357142857142855,4.46,1025,,,,,,,,
,,,4.46,1025,0.36611855030059814,0.8627450980392157,0.8970588235294118,235.3382,,,,
0.1918,1.664057731628418,0.00029761904761904765,4.57,1050,,,,,,,,
,,,4.57,1050,0.40042197704315186,0.875,0.9090909090909091,241.079,,,,
0.2007,1.80224609375,0.0002916666666666667,4.67,1075,,,,,,,,
,,,4.67,1075,0.40188834071159363,0.8799019607843137,0.9132743362831858,246.7575,,,,
0.1767,2.793839693069458,0.0002857142857142857,4.78,1100,,,,,,,,
,,,4.78,1100,0.49449828267097473,0.8676470588235294,0.9025270758122744,252.462,,,,
0.1652,6.0111541748046875,0.0002797619047619048,4.89,1125,,,,,,,,
,,,4.89,1125,0.44479742646217346,0.8627450980392157,0.8970588235294118,258.1956,,,,
0.1786,0.02853316254913807,0.0002738095238095238,5.0,1150,,,,,,,,
,,,5.0,1150,0.48325806856155396,0.875,0.9077757685352622,263.9275,,,,
0.0984,0.07525420933961868,0.00026785714285714287,5.11,1175,,,,,,,,
,,,5.11,1175,0.4552832841873169,0.8823529411764706,0.9142857142857143,269.6154,,,,
0.1361,2.3389251232147217,0.0002619047619047619,5.22,1200,,,,,,,,
,,,5.22,1200,0.5590704679489136,0.8725490196078431,0.9081272084805654,275.373,,,,
0.1259,0.9232599139213562,0.00025595238095238096,5.33,1225,,,,,,,,
,,,5.33,1225,0.5197468400001526,0.8627450980392157,0.8985507246376813,281.1528,,,,
0.1631,1.6532853841781616,0.00025,5.43,1250,,,,,,,,
,,,5.43,1250,0.473449170589447,0.8676470588235294,0.9035714285714286,286.8021,,,,
0.1243,5.457699775695801,0.00024404761904761905,5.54,1275,,,,,,,,
,,,5.54,1275,0.5342230200767517,0.8700980392156863,0.9038112522686026,292.5163,,,,
0.1601,2.2252743244171143,0.0002380952380952381,5.65,1300,,,,,,,,
,,,5.65,1300,0.39030078053474426,0.8676470588235294,0.9032258064516129,298.2116,,,,
0.1219,8.280095100402832,0.00023214285714285717,5.76,1325,,,,,,,,
,,,5.76,1325,0.44394826889038086,0.8774509803921569,0.911032028469751,304.0579,,,,
0.1831,2.832418918609619,0.00022619047619047618,5.87,1350,,,,,,,,
,,,5.87,1350,0.4695216417312622,0.8774509803921569,0.910394265232975,309.8104,,,,
0.1496,1.7050257921218872,0.00022023809523809523,5.98,1375,,,,,,,,
,,,5.98,1375,0.40128257870674133,0.8602941176470589,0.8972972972972973,315.6743,,,,
0.099,2.5078346729278564,0.00021428571428571427,6.09,1400,,,,,,,,
,,,6.09,1400,0.5868145227432251,0.8553921568627451,0.9005059021922428,321.276,,,,
0.1416,1.2344685792922974,0.00020833333333333335,6.2,1425,,,,,,,,
,,,6.2,1425,0.4745526909828186,0.8774509803921569,0.9125874125874125,327.2494,,,,
0.1168,0.2759860157966614,0.0002023809523809524,6.3,1450,,,,,,,,
,,,6.3,1450,0.5025900602340698,0.8627450980392157,0.8981818181818181,332.8336,,,,
0.0838,0.66568922996521,0.00019642857142857144,6.41,1475,,,,,,,,
,,,6.41,1475,0.5829616785049438,0.8676470588235294,0.9045936395759717,338.588,,,,
0.1273,0.1673770248889923,0.00019047619047619048,6.52,1500,,,,,,,,
,,,6.52,1500,0.5326663255691528,0.875,0.9077757685352622,344.2563,,,,
0.0784,1.1673070192337036,0.00018452380952380953,6.63,1525,,,,,,,,
,,,6.63,1525,0.5366716384887695,0.8823529411764706,0.9142857142857143,350.8317,,,,
0.1127,0.24672521650791168,0.00017857142857142857,6.74,1550,,,,,,,,
,,,6.74,1550,0.5559753179550171,0.8651960784313726,0.9005424954792043,356.4653,,,,
0.1105,2.1283445358276367,0.00017261904761904762,6.85,1575,,,,,,,,
,,,6.85,1575,0.5313851237297058,0.8676470588235294,0.9049295774647886,362.226,,,,
0.0985,0.22710463404655457,0.00016666666666666666,6.96,1600,,,,,,,,
,,,6.96,1600,0.6064122319221497,0.8651960784313726,0.9043478260869565,367.9765,,,,
0.1004,7.707244396209717,0.00016071428571428573,7.07,1625,,,,,,,,
,,,7.07,1625,0.6219148635864258,0.875,0.9087656529516995,373.5803,,,,
0.1187,2.9286856651306152,0.00015476190476190478,7.17,1650,,,,,,,,
,,,7.17,1650,0.627472460269928,0.8602941176470589,0.8969258589511754,379.2436,,,,
0.0934,0.2897614538669586,0.00014880952380952382,7.28,1675,,,,,,,,
,,,7.28,1675,0.6465503573417664,0.8627450980392157,0.904109589041096,384.9828,,,,
0.1,4.790682792663574,0.00014285714285714284,7.39,1700,,,,,,,,
,,,7.39,1700,0.5627346634864807,0.8799019607843137,0.9132743362831858,390.761,,,,
0.0404,0.06471501290798187,0.0001369047619047619,7.5,1725,,,,,,,,
,,,7.5,1725,0.6173651218414307,0.8676470588235294,0.9025270758122744,396.5542,,,,
0.0773,2.208814859390259,0.00013095238095238096,7.61,1750,,,,,,,,
,,,7.61,1750,0.6641244888305664,0.8676470588235294,0.9032258064516129,402.3107,,,,
0.0687,5.312925815582275,0.000125,7.72,1775,,,,,,,,
,,,7.72,1775,0.6801236271858215,0.8725490196078431,0.9087719298245615,408.0902,,,,
0.0491,0.044169433414936066,0.00011904761904761905,7.83,1800,,,,,,,,
,,,7.83,1800,0.7184732556343079,0.875,0.9094138543516875,413.782,,,,
0.0857,0.7242369651794434,0.00011309523809523809,7.93,1825,,,,,,,,
,,,7.93,1825,0.7334447503089905,0.8774509803921569,0.9107142857142857,419.6769,,,,
0.0752,3.220776319503784,0.00010714285714285714,8.04,1850,,,,,,,,
,,,8.04,1850,0.724170446395874,0.8725490196078431,0.9087719298245615,425.2985,,,,
0.0446,0.08340037614107132,0.0001011904761904762,8.15,1875,,,,,,,,
,,,8.15,1875,0.6915175318717957,0.875,0.9090909090909091,431.006,,,,
0.0516,0.008700703270733356,9.523809523809524e-05,8.26,1900,,,,,,,,
,,,8.26,1900,0.7345964908599854,0.8799019607843137,0.913884007029877,436.7943,,,,
0.0492,0.015571167692542076,8.928571428571429e-05,8.37,1925,,,,,,,,
,,,8.37,1925,0.711678683757782,0.8651960784313726,0.9012567324955117,442.5518,,,,
0.0645,5.468238353729248,8.333333333333333e-05,8.48,1950,,,,,,,,
,,,8.48,1950,0.7572099566459656,0.8823529411764706,0.916083916083916,448.4362,,,,
0.0536,0.43248450756073,7.738095238095239e-05,8.59,1975,,,,,,,,
,,,8.59,1975,0.738399863243103,0.8823529411764706,0.9157894736842105,454.0669,,,,
0.094,4.962830543518066,7.142857142857142e-05,8.7,2000,,,,,,,,
,,,8.7,2000,0.7349820733070374,0.875,0.9094138543516875,459.8287,,,,
0.0617,4.481378555297852,6.547619047619048e-05,8.8,2025,,,,,,,,
,,,8.8,2025,0.7527281045913696,0.8725490196078431,0.907473309608541,466.2419,,,,
0.0432,0.14132845401763916,5.9523809523809524e-05,8.91,2050,,,,,,,,
,,,8.91,2050,0.743329644203186,0.8725490196078431,0.9078014184397164,472.0498,,,,
0.0544,4.5978617668151855,5.357142857142857e-05,9.02,2075,,,,,,,,
,,,9.02,2075,0.7509089708328247,0.8774509803921569,0.9116607773851589,477.618,,,,
0.0522,0.09235966205596924,4.761904761904762e-05,9.13,2100,,,,,,,,
,,,9.13,2100,0.7492923140525818,0.8774509803921569,0.9116607773851589,483.3483,,,,
0.0789,0.04976761341094971,4.1666666666666665e-05,9.24,2125,,,,,,,,
,,,9.24,2125,0.7632675766944885,0.8651960784313726,0.9019607843137256,489.0167,,,,
0.0696,0.008649678900837898,3.571428571428571e-05,9.35,2150,,,,,,,,
,,,9.35,2150,0.782154381275177,0.8774509803921569,0.9119718309859154,494.7794,,,,
0.0511,0.17242541909217834,2.9761904761904762e-05,9.46,2175,,,,,,,,
,,,9.46,2175,0.784410834312439,0.875,0.9097345132743363,500.4975,,,,
0.0218,0.6010029911994934,2.380952380952381e-05,9.57,2200,,,,,,,,
,,,9.57,2200,0.7823139429092407,0.875,0.9097345132743363,506.307,,,,
0.0775,0.3375941812992096,1.7857142857142855e-05,9.67,2225,,,,,,,,
,,,9.67,2225,0.7863690257072449,0.8774509803921569,0.9119718309859154,511.9807,,,,
0.0713,0.01868058368563652,1.1904761904761905e-05,9.78,2250,,,,,,,,
,,,9.78,2250,0.773713231086731,0.875,0.9103690685413005,517.7414,,,,
0.0353,0.03942462429404259,5.9523809523809525e-06,9.89,2275,,,,,,,,
,,,9.89,2275,0.7701855897903442,0.8774509803921569,0.9119718309859154,523.5023,,,,
0.0436,0.0044465214014053345,0.0,10.0,2300,,,,,,,,
,,,10.0,2300,0.7685627937316895,0.8774509803921569,0.9119718309859154,529.2178,,,,
,,,10.0,2300,,,,528.8456,69.359,4.349,1530446719931808.0,0.21997413775195246
