loss,grad_norm,learning_rate,epoch,step,eval_loss,eval_accuracy,eval_f1,train_runtime,train_samples_per_second,train_steps_per_second,total_flos,train_loss
1.1672,4.064709186553955,1e-05,0.0625,1,,,,,,,,
0.9871,3.941746711730957,0.0001,0.625,10,,,,,,,,
,,,0.625,10,0.8836870193481445,0.6785714285714286,0.47391812865497074,6.2314,,,,
0.8887,7.413777828216553,0.0002,1.25,20,,,,,,,,
,,,1.25,20,0.8999741673469543,0.5714285714285714,0.3793363499245852,12.2038,,,,
0.7653,4.987364292144775,0.0003,1.875,30,,,,,,,,
,,,1.875,30,0.8129675984382629,0.6785714285714286,0.4723212164409598,17.9627,,,,
0.9512,3.557908058166504,0.0004,2.5,40,,,,,,,,
,,,2.5,40,0.940588116645813,0.5,0.2222222222222222,23.6055,,,,
0.9506,4.452947616577148,0.0005,3.125,50,,,,,,,,
,,,3.125,50,1.0041849613189697,0.5,0.2222222222222222,29.3578,,,,
1.0229,0.6826514005661011,0.00048148148148148144,3.75,60,,,,,,,,
,,,3.75,60,0.9467175602912903,0.5,0.2222222222222222,35.2416,,,,
0.9518,1.327484130859375,0.000462962962962963,4.375,70,,,,,,,,
,,,4.375,70,0.9340530633926392,0.5,0.2222222222222222,40.7596,,,,
0.8866,1.0597699880599976,0.0004444444444444444,5.0,80,,,,,,,,
,,,5.0,80,1.1262978315353394,0.4107142857142857,0.1940928270042194,46.4891,,,,
0.9495,1.6597166061401367,0.00042592592592592595,5.625,90,,,,,,,,
,,,5.625,90,1.0861533880233765,0.4107142857142857,0.1940928270042194,52.7275,,,,
1.0457,2.426391363143921,0.0004074074074074074,6.25,100,,,,,,,,
,,,6.25,100,1.0123047828674316,0.5,0.2222222222222222,58.3024,,,,
0.9453,1.0533111095428467,0.0003888888888888889,6.875,110,,,,,,,,
,,,6.875,110,0.9815477132797241,0.4107142857142857,0.1940928270042194,63.9972,,,,
0.9932,2.905883550643921,0.00037037037037037035,7.5,120,,,,,,,,
,,,7.5,120,0.9539297819137573,0.5,0.2222222222222222,69.2544,,,,
0.9012,0.7946802377700806,0.0003518518518518519,8.125,130,,,,,,,,
,,,8.125,130,0.9340085387229919,0.5,0.2222222222222222,75.2574,,,,
0.9001,2.692873001098633,0.0003333333333333333,8.75,140,,,,,,,,
,,,8.75,140,0.9759355187416077,0.4107142857142857,0.1940928270042194,81.6093,,,,
0.9514,2.458930253982544,0.0003148148148148148,9.375,150,,,,,,,,
,,,9.375,150,0.9523714780807495,0.5,0.2222222222222222,87.4186,,,,
0.8917,2.4471981525421143,0.0002962962962962963,10.0,160,,,,,,,,
,,,10.0,160,0.9309651255607605,0.5,0.2222222222222222,93.1493,,,,
0.8349,0.7861539125442505,0.0002777777777777778,10.625,170,,,,,,,,
,,,10.625,170,0.9536299109458923,0.4107142857142857,0.1940928270042194,99.4055,,,,
1.0045,1.6626430749893188,0.00025925925925925926,11.25,180,,,,,,,,
,,,11.25,180,0.9292595982551575,0.5,0.2222222222222222,105.0657,,,,
0.8707,0.9585905075073242,0.00024074074074074072,11.875,190,,,,,,,,
,,,11.875,190,0.9402666687965393,0.4107142857142857,0.1940928270042194,111.2909,,,,
0.9184,5.231085300445557,0.0002222222222222222,12.5,200,,,,,,,,
,,,12.5,200,0.9624198079109192,0.4107142857142857,0.1940928270042194,116.8912,,,,
0.8722,0.8180397152900696,0.0002037037037037037,13.125,210,,,,,,,,
,,,13.125,210,0.9398484230041504,0.4107142857142857,0.1940928270042194,122.5537,,,,
0.9141,2.417839765548706,0.00018518518518518518,13.75,220,,,,,,,,
,,,13.75,220,0.9617829322814941,0.4107142857142857,0.1940928270042194,128.8746,,,,
0.8911,1.1647411584854126,0.00016666666666666666,14.375,230,,,,,,,,
,,,14.375,230,0.9351376891136169,0.5,0.2222222222222222,134.9956,,,,
0.9526,1.4983091354370117,0.00014814814814814815,15.0,240,,,,,,,,
,,,15.0,240,0.9371686577796936,0.4107142857142857,0.1940928270042194,140.5694,,,,
0.8776,1.4279605150222778,0.00012962962962962963,15.625,250,,,,,,,,
,,,15.625,250,0.9430771470069885,0.4107142857142857,0.1940928270042194,146.4081,,,,
0.8985,0.9155536890029907,0.0001111111111111111,16.25,260,,,,,,,,
,,,16.25,260,0.9372849464416504,0.5,0.2222222222222222,152.3828,,,,
0.8667,2.668081521987915,9.259259259259259e-05,16.875,270,,,,,,,,
,,,16.875,270,0.9408689737319946,0.5,0.2222222222222222,158.3094,,,,
0.9502,1.4306005239486694,7.407407407407407e-05,17.5,280,,,,,,,,
,,,17.5,280,0.939864993095398,0.4107142857142857,0.1940928270042194,164.4547,,,,
0.8608,1.655475378036499,5.555555555555555e-05,18.125,290,,,,,,,,
,,,18.125,290,0.9364652633666992,0.5,0.2222222222222222,170.1828,,,,
0.8978,1.0702091455459595,3.7037037037037037e-05,18.75,300,,,,,,,,
,,,18.75,300,0.9368801712989807,0.5,0.2222222222222222,176.4101,,,,
0.9115,1.3464231491088867,1.8518518518518518e-05,19.375,310,,,,,,,,
,,,19.375,310,0.9337428212165833,0.5,0.2222222222222222,181.7175,,,,
0.8774,3.7818500995635986,0.0,20.0,320,,,,,,,,
,,,20.0,320,0.9339703321456909,0.5,0.2222222222222222,187.7045,,,,
,,,20.0,320,,,,187.1596,26.715,1.71,446840583950880.0,0.9187303062528371
