loss,grad_norm,learning_rate,epoch,step,eval_loss,eval_accuracy,eval_f1,train_runtime,train_samples_per_second,train_steps_per_second,total_flos,train_loss
0.6859,0.7388206124305725,2.5e-05,0.004347826086956522,1,,,,,,,,
0.6809,1.4341869354248047,0.000625,0.10869565217391304,25,,,,,,,,
,,,0.10869565217391304,25,0.6574946641921997,0.6838235294117647,0.8122270742358079,6.3254,,,,
0.7415,1.8251583576202393,0.00125,0.21739130434782608,50,,,,,,,,
,,,0.21739130434782608,50,0.6153566837310791,0.6838235294117647,0.8122270742358079,12.0661,,,,
0.6748,1.1083532571792603,0.001875,0.32608695652173914,75,,,,,,,,
,,,0.32608695652173914,75,0.6010816693305969,0.7009803921568627,0.8195266272189349,18.0371,,,,
0.5943,1.4353107213974,0.0025,0.43478260869565216,100,,,,,,,,
,,,0.43478260869565216,100,0.5525826215744019,0.7107843137254902,0.8212121212121212,23.8069,,,,
0.5861,1.9347143173217773,0.003125,0.5434782608695652,125,,,,,,,,
,,,0.5434782608695652,125,0.7224211096763611,0.696078431372549,0.8181818181818181,29.6834,,,,
0.6057,1.4121389389038086,0.00375,0.6521739130434783,150,,,,,,,,
,,,0.6521739130434783,150,0.6066902875900269,0.6838235294117647,0.8122270742358079,35.4258,,,,
0.5672,3.095174551010132,0.004375,0.7608695652173914,175,,,,,,,,
,,,0.7608695652173914,175,0.5243985652923584,0.7352941176470589,0.8353658536585366,41.4597,,,,
0.6234,1.1654549837112427,0.005,0.8695652173913043,200,,,,,,,,
,,,0.8695652173913043,200,0.7516211867332458,0.6862745098039216,0.8134110787172011,47.3814,,,,
0.6055,5.135929584503174,0.0049404761904761904,0.9782608695652174,225,,,,,,,,
,,,0.9782608695652174,225,0.6540300250053406,0.6544117647058824,0.668235294117647,53.2439,,,,
0.5041,1.980025053024292,0.004880952380952381,1.0869565217391304,250,,,,,,,,
,,,1.0869565217391304,250,0.3951704502105713,0.8186274509803921,0.8715277777777779,58.9919,,,,
0.4931,1.6391754150390625,0.004821428571428572,1.1956521739130435,275,,,,,,,,
,,,1.1956521739130435,275,0.3851533830165863,0.8480392156862745,0.8923611111111109,64.8047,,,,
0.4653,1.8631237745285034,0.0047619047619047615,1.3043478260869565,300,,,,,,,,
,,,1.3043478260869565,300,0.42423513531684875,0.8014705882352942,0.8661157024793389,70.761,,,,
0.4648,2.5376200675964355,0.004702380952380953,1.4130434782608696,325,,,,,,,,
,,,1.4130434782608696,325,0.3810041844844818,0.8357843137254902,0.8738229755178907,76.5526,,,,
0.4511,2.468470335006714,0.004642857142857143,1.5217391304347827,350,,,,,,,,
,,,1.5217391304347827,350,0.41096216440200806,0.8284313725490197,0.8684210526315789,82.4875,,,,
0.4304,2.36860728263855,0.004583333333333333,1.6304347826086958,375,,,,,,,,
,,,1.6304347826086958,375,0.35036951303482056,0.8431372549019608,0.8819188191881918,88.212,,,,
0.4766,1.5825371742248535,0.004523809523809524,1.7391304347826086,400,,,,,,,,
,,,1.7391304347826086,400,0.35247156023979187,0.8455882352941176,0.8926746166950595,94.0786,,,,
0.5859,1.7397983074188232,0.004464285714285715,1.8478260869565217,425,,,,,,,,
,,,1.8478260869565217,425,0.6053377985954285,0.8014705882352942,0.8716323296354992,99.9496,,,,
0.5796,1.6615386009216309,0.004404761904761904,1.9565217391304348,450,,,,,,,,
,,,1.9565217391304348,450,0.4318338930606842,0.8137254901960784,0.8770226537216828,105.8945,,,,
0.3815,1.167936086654663,0.004345238095238096,2.0652173913043477,475,,,,,,,,
,,,2.0652173913043477,475,0.3788957893848419,0.8406862745098039,0.8896434634974534,111.5809,,,,
0.3929,1.9737164974212646,0.004285714285714286,2.1739130434782608,500,,,,,,,,
,,,2.1739130434782608,500,0.3603549301624298,0.8553921568627451,0.8981001727115717,117.432,,,,
0.3782,1.806990385055542,0.004226190476190476,2.282608695652174,525,,,,,,,,
,,,2.282608695652174,525,0.34135377407073975,0.8529411764705882,0.8954703832752613,123.8637,,,,
0.3787,1.2428258657455444,0.004166666666666667,2.391304347826087,550,,,,,,,,
,,,2.391304347826087,550,0.3228597342967987,0.8725490196078431,0.9061371841155236,129.6285,,,,
0.4149,3.077322244644165,0.004107142857142857,2.5,575,,,,,,,,
,,,2.5,575,0.5029317140579224,0.7720588235294118,0.8567026194144838,135.5676,,,,
0.361,2.3180994987487793,0.004047619047619048,2.608695652173913,600,,,,,,,,
,,,2.608695652173913,600,0.3892391324043274,0.8553921568627451,0.899488926746167,141.3546,,,,
0.4147,2.1484532356262207,0.0039880952380952385,2.717391304347826,625,,,,,,,,
,,,2.717391304347826,625,0.39114251732826233,0.8651960784313726,0.9040139616055847,147.3236,,,,
0.514,2.344560384750366,0.003928571428571429,2.8260869565217392,650,,,,,,,,
,,,2.8260869565217392,650,0.333354115486145,0.8651960784313726,0.9026548672566371,153.1987,,,,
0.3358,4.489187717437744,0.003869047619047619,2.9347826086956523,675,,,,,,,,
,,,2.9347826086956523,675,0.5930099487304688,0.8186274509803921,0.8794788273615635,159.1006,,,,
0.3783,1.350818157196045,0.0038095238095238095,3.0434782608695654,700,,,,,,,,
,,,3.0434782608695654,700,0.37159621715545654,0.8504901960784313,0.8892921960072594,164.6997,,,,
0.3142,1.5660079717636108,0.00375,3.1521739130434785,725,,,,,,,,
,,,3.1521739130434785,725,0.38563835620880127,0.8553921568627451,0.8984509466437176,170.5519,,,,
0.2776,4.450577259063721,0.0036904761904761906,3.260869565217391,750,,,,,,,,
,,,3.260869565217391,750,0.3292418122291565,0.8578431372549019,0.8937728937728937,176.4827,,,,
0.2614,3.7565152645111084,0.003630952380952381,3.369565217391304,775,,,,,,,,
,,,3.369565217391304,775,0.4338114261627197,0.8700980392156863,0.9081455805892548,182.2078,,,,
0.3595,1.5352659225463867,0.0035714285714285718,3.4782608695652173,800,,,,,,,,
,,,3.4782608695652173,800,0.4093995988368988,0.8504901960784313,0.8950086058519794,188.1444,,,,
0.3231,2.539032459259033,0.0035119047619047617,3.5869565217391304,825,,,,,,,,
,,,3.5869565217391304,825,0.31441816687583923,0.8823529411764706,0.916083916083916,194.0083,,,,
0.2823,1.9093098640441895,0.0034523809523809524,3.6956521739130435,850,,,,,,,,
,,,3.6956521739130435,850,0.3997105360031128,0.8431372549019608,0.8873239436619718,200.0023,,,,
0.3279,3.4695823192596436,0.003392857142857143,3.8043478260869565,875,,,,,,,,
,,,3.8043478260869565,875,0.4708688259124756,0.8504901960784313,0.8939130434782607,205.8451,,,,
0.3508,4.137908935546875,0.003333333333333333,3.9130434782608696,900,,,,,,,,
,,,3.9130434782608696,900,0.3663809895515442,0.8676470588235294,0.9021739130434783,211.7755,,,,
0.3309,3.251194953918457,0.003273809523809524,4.021739130434782,925,,,,,,,,
,,,4.021739130434782,925,0.39324623346328735,0.8406862745098039,0.888888888888889,217.4734,,,,
0.2394,0.22503723204135895,0.0032142857142857147,4.130434782608695,950,,,,,,,,
,,,4.130434782608695,950,0.40354934334754944,0.8504901960784313,0.8950086058519794,223.3483,,,,
0.271,3.538426399230957,0.0031547619047619046,4.239130434782608,975,,,,,,,,
,,,4.239130434782608,975,0.5320339798927307,0.8235294117647058,0.8827361563517915,229.1483,,,,
0.2912,1.088858723640442,0.0030952380952380953,4.3478260869565215,1000,,,,,,,,
,,,4.3478260869565215,1000,0.42081570625305176,0.8259803921568627,0.8760907504363002,234.9252,,,,
0.3157,3.7349977493286133,0.0030357142857142857,4.456521739130435,1025,,,,,,,,
,,,4.456521739130435,1025,0.412489116191864,0.8333333333333334,0.8811188811188811,241.5258,,,,
0.2427,5.420546054840088,0.002976190476190476,4.565217391304348,1050,,,,,,,,
,,,4.565217391304348,1050,0.7233427166938782,0.8161764705882353,0.8788368336025848,247.3762,,,,
0.2111,0.450924813747406,0.002916666666666667,4.673913043478261,1075,,,,,,,,
,,,4.673913043478261,1075,0.3814251720905304,0.8578431372549019,0.8993055555555555,253.2663,,,,
0.2421,1.0690494775772095,0.002857142857142857,4.782608695652174,1100,,,,,,,,
,,,4.782608695652174,1100,0.36706048250198364,0.8627450980392157,0.9017543859649123,259.1092,,,,
0.2365,3.040158987045288,0.002797619047619048,4.891304347826087,1125,,,,,,,,
,,,4.891304347826087,1125,0.37786996364593506,0.8602941176470589,0.8976660682226212,265.0154,,,,
0.2379,0.1885763555765152,0.0027380952380952383,5.0,1150,,,,,,,,
,,,5.0,1150,0.32591721415519714,0.8627450980392157,0.9017543859649123,270.8482,,,,
0.1677,0.12483444809913635,0.0026785714285714286,5.108695652173913,1175,,,,,,,,
,,,5.108695652173913,1175,0.4155322015285492,0.8553921568627451,0.8936936936936937,276.6653,,,,
0.2376,1.8720362186431885,0.0026190476190476194,5.217391304347826,1200,,,,,,,,
,,,5.217391304347826,1200,0.3847079277038574,0.8504901960784313,0.8912655971479501,282.5652,,,,
0.2138,2.225926637649536,0.0025595238095238093,5.326086956521739,1225,,,,,,,,
,,,5.326086956521739,1225,0.38160616159439087,0.8627450980392157,0.903448275862069,288.4266,,,,
0.2112,0.4064722955226898,0.0025,5.434782608695652,1250,,,,,,,,
,,,5.434782608695652,1250,0.39067065715789795,0.8578431372549019,0.901023890784983,294.231,,,,
0.1977,0.3748221695423126,0.0024404761904761904,5.543478260869565,1275,,,,,,,,
,,,5.543478260869565,1275,0.4322025179862976,0.8602941176470589,0.9008695652173914,300.0346,,,,
0.2269,2.2600057125091553,0.0023809523809523807,5.6521739130434785,1300,,,,,,,,
,,,5.6521739130434785,1300,0.35598015785217285,0.8651960784313726,0.9001814882032667,305.9704,,,,
0.1846,0.35677993297576904,0.0023214285714285715,5.760869565217392,1325,,,,,,,,
,,,5.760869565217392,1325,0.37487849593162537,0.8651960784313726,0.9016100178890876,311.8881,,,,
0.1867,1.8316724300384521,0.002261904761904762,5.869565217391305,1350,,,,,,,,
,,,5.869565217391305,1350,0.42756760120391846,0.8578431372549019,0.896797153024911,317.8884,,,,
0.2415,2.294846773147583,0.002202380952380952,5.978260869565218,1375,,,,,,,,
,,,5.978260869565218,1375,0.5283085107803345,0.8357843137254902,0.8896210873146623,323.8626,,,,
0.1751,3.427677869796753,0.002142857142857143,6.086956521739131,1400,,,,,,,,
,,,6.086956521739131,1400,0.7807261943817139,0.8284313725490197,0.8859934853420196,329.7005,,,,
0.2409,2.4140849113464355,0.0020833333333333333,6.195652173913044,1425,,,,,,,,
,,,6.195652173913044,1425,0.4951106905937195,0.8480392156862745,0.895973154362416,335.7112,,,,
0.1763,5.048811912536621,0.002023809523809524,6.304347826086957,1450,,,,,,,,
,,,6.304347826086957,1450,0.3988102972507477,0.8627450980392157,0.901060070671378,341.436,,,,
0.1478,0.17365522682666779,0.0019642857142857144,6.413043478260869,1475,,,,,,,,
,,,6.413043478260869,1475,0.44421377778053284,0.8602941176470589,0.8969258589511754,347.2894,,,,
0.2073,0.3371264338493347,0.0019047619047619048,6.521739130434782,1500,,,,,,,,
,,,6.521739130434782,1500,0.4526553153991699,0.8455882352941176,0.8896672504378283,353.0982,,,,
0.1684,2.623075008392334,0.0018452380952380953,6.630434782608695,1525,,,,,,,,
,,,6.630434782608695,1525,0.48218393325805664,0.8455882352941176,0.893760539629005,359.6627,,,,
0.2159,1.2766306400299072,0.0017857142857142859,6.739130434782608,1550,,,,,,,,
,,,6.739130434782608,1550,0.3736036717891693,0.8578431372549019,0.89568345323741,365.4348,,,,
0.1658,2.284466505050659,0.0017261904761904762,6.8478260869565215,1575,,,,,,,,
,,,6.8478260869565215,1575,0.5146958827972412,0.8529411764705882,0.8979591836734693,371.3476,,,,
0.193,0.5840897560119629,0.0016666666666666666,6.956521739130435,1600,,,,,,,,
,,,6.956521739130435,1600,0.42405977845191956,0.8578431372549019,0.9003436426116839,377.2148,,,,
0.0977,0.21146385371685028,0.0016071428571428573,7.065217391304348,1625,,,,,,,,
,,,7.065217391304348,1625,0.48487943410873413,0.8627450980392157,0.899641577060932,383.0243,,,,
0.1565,3.711928606033325,0.0015476190476190477,7.173913043478261,1650,,,,,,,,
,,,7.173913043478261,1650,0.5323101282119751,0.8578431372549019,0.8993055555555555,388.797,,,,
0.1198,1.8134340047836304,0.001488095238095238,7.282608695652174,1675,,,,,,,,
,,,7.282608695652174,1675,0.529486894607544,0.8529411764705882,0.8961937716262977,394.6768,,,,
0.1781,3.661447286605835,0.0014285714285714286,7.391304347826087,1700,,,,,,,,
,,,7.391304347826087,1700,0.5315530300140381,0.8676470588235294,0.9078498293515359,400.588,,,,
0.1174,0.4443505108356476,0.0013690476190476191,7.5,1725,,,,,,,,
,,,7.5,1725,0.5060468316078186,0.8504901960784313,0.891651865008881,406.5406,,,,
0.1658,0.6174377799034119,0.0013095238095238097,7.608695652173913,1750,,,,,,,,
,,,7.608695652173913,1750,0.46701857447624207,0.8480392156862745,0.8938356164383561,412.4053,,,,
0.1811,4.856350421905518,0.00125,7.717391304347826,1775,,,,,,,,
,,,7.717391304347826,1775,0.5127952694892883,0.8357843137254902,0.8877721943048577,418.2997,,,,
0.0926,1.110729694366455,0.0011904761904761904,7.826086956521739,1800,,,,,,,,
,,,7.826086956521739,1800,0.49967673420906067,0.8480392156862745,0.8904593639575972,424.1245,,,,
0.1653,2.318253993988037,0.001130952380952381,7.934782608695652,1825,,,,,,,,
,,,7.934782608695652,1825,0.5155742168426514,0.8602941176470589,0.8965517241379312,430.1524,,,,
0.1638,1.5166079998016357,0.0010714285714285715,8.043478260869565,1850,,,,,,,,
,,,8.043478260869565,1850,0.5311000347137451,0.8333333333333334,0.8831615120274915,435.9609,,,,
0.1368,0.4550386965274811,0.001011904761904762,8.152173913043478,1875,,,,,,,,
,,,8.152173913043478,1875,0.516301155090332,0.8406862745098039,0.8869565217391304,441.8216,,,,
0.1004,0.04043476656079292,0.0009523809523809524,8.26086956521739,1900,,,,,,,,
,,,8.26086956521739,1900,0.5343605279922485,0.8333333333333334,0.880701754385965,447.7795,,,,
0.103,0.186979278922081,0.0008928571428571429,8.369565217391305,1925,,,,,,,,
,,,8.369565217391305,1925,0.564137876033783,0.8382352941176471,0.88339222614841,453.6749,,,,
0.1507,1.5873827934265137,0.0008333333333333333,8.478260869565217,1950,,,,,,,,
,,,8.478260869565217,1950,0.5751850605010986,0.8382352941176471,0.8842105263157894,459.626,,,,
0.1451,2.3223869800567627,0.0007738095238095238,8.58695652173913,1975,,,,,,,,
,,,8.58695652173913,1975,0.5375228524208069,0.8455882352941176,0.8896672504378283,465.3705,,,,
0.1492,2.3762600421905518,0.0007142857142857143,8.695652173913043,2000,,,,,,,,
,,,8.695652173913043,2000,0.5132185816764832,0.8529411764705882,0.896551724137931,471.2074,,,,
0.0854,3.2612977027893066,0.0006547619047619048,8.804347826086957,2025,,,,,,,,
,,,8.804347826086957,2025,0.5367926955223083,0.8455882352941176,0.8877005347593583,477.6064,,,,
0.1331,2.0487489700317383,0.0005952380952380952,8.91304347826087,2050,,,,,,,,
,,,8.91304347826087,2050,0.6067724227905273,0.8431372549019608,0.891156462585034,483.4993,,,,
0.1577,0.3638943135738373,0.0005357142857142857,9.021739130434783,2075,,,,,,,,
,,,9.021739130434783,2075,0.5110983848571777,0.8504901960784313,0.8908765652951698,489.2374,,,,
0.0679,0.15465903282165527,0.0004761904761904762,9.130434782608695,2100,,,,,,,,
,,,9.130434782608695,2100,0.5504987835884094,0.8455882352941176,0.8900523560209423,495.0568,,,,
0.0909,0.5103963613510132,0.00041666666666666664,9.23913043478261,2125,,,,,,,,
,,,9.23913043478261,2125,0.5700534582138062,0.8529411764705882,0.896551724137931,500.9599,,,,
0.0756,2.5742380619049072,0.00035714285714285714,9.347826086956522,2150,,,,,,,,
,,,9.347826086956522,2150,0.5872374176979065,0.8553921568627451,0.8987993138936535,506.7827,,,,
0.1399,0.0933452695608139,0.0002976190476190476,9.456521739130435,2175,,,,,,,,
,,,9.456521739130435,2175,0.5517246127128601,0.8529411764705882,0.894736842105263,512.7222,,,,
0.0967,4.000223636627197,0.0002380952380952381,9.565217391304348,2200,,,,,,,,
,,,9.565217391304348,2200,0.5655809044837952,0.8529411764705882,0.8954703832752613,518.5533,,,,
0.1063,0.32233232259750366,0.00017857142857142857,9.673913043478262,2225,,,,,,,,
,,,9.673913043478262,2225,0.5559788942337036,0.8529411764705882,0.8951048951048952,524.4326,,,,
0.1029,0.09431668370962143,0.00011904761904761905,9.782608695652174,2250,,,,,,,,
,,,9.782608695652174,2250,0.5618537068367004,0.8529411764705882,0.8958333333333334,530.2506,,,,
0.1107,4.276920318603516,5.9523809523809524e-05,9.891304347826086,2275,,,,,,,,
,,,9.891304347826086,2275,0.5529917478561401,0.8529411764705882,0.8951048951048952,536.2083,,,,
0.0863,0.023893916979432106,0.0,10.0,2300,,,,,,,,
,,,10.0,2300,0.5487154126167297,0.8529411764705882,0.8951048951048952,542.0272,,,,
,,,10.0,2300,,,,541.6305,67.721,4.246,1451828416083360.0,0.28511379711005996
