loss,grad_norm,learning_rate,epoch,step,eval_loss,eval_accuracy,eval_f1,train_runtime,train_samples_per_second,train_steps_per_second,total_flos,train_loss
0.6859,0.8968190550804138,4e-08,0.004347826086956522,1,,,,,,,,
0.7415,2.6556499004364014,1.0000000000000002e-06,0.10869565217391304,25,,,,,,,,
,,,0.10869565217391304,25,0.7382049560546875,0.3161764705882353,0.0,8.6201,,,,
0.7191,2.4996848106384277,2.0000000000000003e-06,0.21739130434782608,50,,,,,,,,
,,,0.21739130434782608,50,0.7153130173683167,0.3161764705882353,0.0,16.779,,,,
0.6975,3.807781457901001,3e-06,0.32608695652173914,75,,,,,,,,
,,,0.32608695652173914,75,0.6824542880058289,0.6911764705882353,0.81524926686217,25.2766,,,,
0.6594,3.8919782638549805,4.000000000000001e-06,0.43478260869565216,100,,,,,,,,
,,,0.43478260869565216,100,0.6217543482780457,0.6838235294117647,0.8122270742358079,33.4103,,,,
0.5843,4.018309593200684,5e-06,0.5434782608695652,125,,,,,,,,
,,,0.5434782608695652,125,0.6030948758125305,0.6838235294117647,0.8122270742358079,41.6676,,,,
0.6008,5.467838287353516,6e-06,0.6521739130434783,150,,,,,,,,
,,,0.6521739130434783,150,0.5471450686454773,0.6985294117647058,0.8183161004431315,49.7709,,,,
0.5562,32.53176498413086,7e-06,0.7608695652173914,175,,,,,,,,
,,,0.7608695652173914,175,0.5361530184745789,0.6985294117647058,0.8177777777777778,58.1709,,,,
0.5836,12.425518989562988,8.000000000000001e-06,0.8695652173913043,200,,,,,,,,
,,,0.8695652173913043,200,0.5262950658798218,0.7083333333333334,0.8205128205128206,66.4291,,,,
0.5654,5.798825263977051,9e-06,0.9782608695652174,225,,,,,,,,
,,,0.9782608695652174,225,0.5536259412765503,0.7328431372549019,0.8299531981279251,74.5728,,,,
0.5091,6.466547012329102,1e-05,1.0869565217391304,250,,,,,,,,
,,,1.0869565217391304,250,0.45966973900794983,0.7818627450980392,0.8585055643879175,82.4888,,,,
0.4702,16.194795608520508,1.1000000000000001e-05,1.1956521739130435,275,,,,,,,,
,,,1.1956521739130435,275,0.4170718789100647,0.8063725490196079,0.8672268907563025,90.6118,,,,
0.492,10.693376541137695,1.2e-05,1.3043478260869565,300,,,,,,,,
,,,1.3043478260869565,300,0.39289212226867676,0.8431372549019608,0.8840579710144927,98.8471,,,,
0.4472,13.495043754577637,1.3000000000000001e-05,1.4130434782608696,325,,,,,,,,
,,,1.4130434782608696,325,0.3670833706855774,0.8529411764705882,0.88929889298893,107.0105,,,,
0.4616,31.875085830688477,1.4e-05,1.5217391304347827,350,,,,,,,,
,,,1.5217391304347827,350,0.3532366156578064,0.8602941176470589,0.8998242530755711,115.2572,,,,
0.4662,16.33762550354004,1.5000000000000002e-05,1.6304347826086958,375,,,,,,,,
,,,1.6304347826086958,375,0.33495643734931946,0.8725490196078431,0.9090909090909091,123.3892,,,,
0.3628,21.048059463500977,1.6000000000000003e-05,1.7391304347826086,400,,,,,,,,
,,,1.7391304347826086,400,0.4419015645980835,0.8333333333333334,0.8874172185430463,131.5807,,,,
0.4282,16.46879005432129,1.7e-05,1.8478260869565217,425,,,,,,,,
,,,1.8478260869565217,425,0.31363633275032043,0.8823529411764706,0.9136690647482014,139.8756,,,,
0.4237,21.09174346923828,1.8e-05,1.9565217391304348,450,,,,,,,,
,,,1.9565217391304348,450,0.33527329564094543,0.8676470588235294,0.9014598540145985,148.1957,,,,
0.3236,14.151308059692383,1.9e-05,2.0652173913043477,475,,,,,,,,
,,,2.0652173913043477,475,0.32851552963256836,0.8700980392156863,0.9055258467023173,156.0596,,,,
0.3445,31.92237663269043,2e-05,2.1739130434782608,500,,,,,,,,
,,,2.1739130434782608,500,0.33524706959724426,0.875,0.9057301293900184,164.2318,,,,
0.3281,17.125343322753906,1.9722222222222224e-05,2.282608695652174,525,,,,,,,,
,,,2.282608695652174,525,0.2996220886707306,0.8725490196078431,0.9057971014492753,178.2247,,,,
0.2954,24.524782180786133,1.9444444444444445e-05,2.391304347826087,550,,,,,,,,
,,,2.391304347826087,550,0.3202012777328491,0.8774509803921569,0.9084249084249084,186.3809,,,,
0.3075,18.60403060913086,1.916666666666667e-05,2.5,575,,,,,,,,
,,,2.5,575,0.33453378081321716,0.8578431372549019,0.9016949152542373,194.7754,,,,
0.3237,37.550025939941406,1.888888888888889e-05,2.608695652173913,600,,,,,,,,
,,,2.608695652173913,600,0.41350528597831726,0.8651960784313726,0.8998178506375228,203.1032,,,,
0.3464,19.65497589111328,1.8611111111111114e-05,2.717391304347826,625,,,,,,,,
,,,2.717391304347826,625,0.33522680401802063,0.8529411764705882,0.8989898989898989,211.5046,,,,
0.3862,27.935148239135742,1.8333333333333333e-05,2.8260869565217392,650,,,,,,,,
,,,2.8260869565217392,650,0.33815062046051025,0.8725490196078431,0.9100346020761245,219.7573,,,,
0.3287,14.846242904663086,1.8055555555555558e-05,2.9347826086956523,675,,,,,,,,
,,,2.9347826086956523,675,0.30251359939575195,0.8823529411764706,0.9151943462897526,228.0377,,,,
0.2125,17.890966415405273,1.7777777777777777e-05,3.0434782608695654,700,,,,,,,,
,,,3.0434782608695654,700,0.37348616123199463,0.8799019607843137,0.9129662522202486,235.8508,,,,
0.2504,1.0251253843307495,1.7500000000000002e-05,3.1521739130434785,725,,,,,,,,
,,,3.1521739130434785,725,0.3785090744495392,0.8799019607843137,0.9132743362831858,243.9841,,,,
0.1899,2.355426549911499,1.7222222222222224e-05,3.260869565217391,750,,,,,,,,
,,,3.260869565217391,750,0.3603537380695343,0.9019607843137255,0.9277978339350181,252.1981,,,,
0.202,61.17436218261719,1.6944444444444446e-05,3.369565217391304,775,,,,,,,,
,,,3.369565217391304,775,0.5356196165084839,0.8872549019607843,0.9181494661921709,260.1756,,,,
0.2599,32.207847595214844,1.6666666666666667e-05,3.4782608695652173,800,,,,,,,,
,,,3.4782608695652173,800,0.47026678919792175,0.8700980392156863,0.9100169779286927,268.3947,,,,
0.2911,27.580909729003906,1.638888888888889e-05,3.5869565217391304,825,,,,,,,,
,,,3.5869565217391304,825,0.35513022541999817,0.8872549019607843,0.9154411764705882,276.6144,,,,
0.1998,64.69996643066406,1.6111111111111115e-05,3.6956521739130435,850,,,,,,,,
,,,3.6956521739130435,850,0.419495165348053,0.8823529411764706,0.9130434782608696,284.9815,,,,
0.1839,48.4271354675293,1.5833333333333333e-05,3.8043478260869565,875,,,,,,,,
,,,3.8043478260869565,875,0.3902498185634613,0.875,0.9100529100529101,293.2459,,,,
0.1515,56.71123504638672,1.555555555555556e-05,3.9130434782608696,900,,,,,,,,
,,,3.9130434782608696,900,0.46597251296043396,0.8946078431372549,0.9244288224956063,301.5049,,,,
0.2294,31.167896270751953,1.5277777777777777e-05,4.021739130434782,925,,,,,,,,
,,,4.021739130434782,925,0.47619807720184326,0.9019607843137255,0.9293286219081272,309.6233,,,,
0.1053,2.9613802433013916,1.5000000000000002e-05,4.130434782608695,950,,,,,,,,
,,,4.130434782608695,950,0.5034298896789551,0.8921568627450981,0.9191176470588236,317.8756,,,,
0.1333,4.174961566925049,1.4722222222222224e-05,4.239130434782608,975,,,,,,,,
,,,4.239130434782608,975,0.4774102568626404,0.8970588235294118,0.9257950530035336,325.9393,,,,
0.1083,1.7859327793121338,1.4444444444444446e-05,4.3478260869565215,1000,,,,,,,,
,,,4.3478260869565215,1000,0.5004643201828003,0.8921568627450981,0.92,334.0295,,,,
0.1267,20.834735870361328,1.416666666666667e-05,4.456521739130435,1025,,,,,,,,
,,,4.456521739130435,1025,0.5682446360588074,0.8799019607843137,0.9066666666666666,348.4459,,,,
0.156,4.646785259246826,1.388888888888889e-05,4.565217391304348,1050,,,,,,,,
,,,4.565217391304348,1050,0.4648999869823456,0.9019607843137255,0.9285714285714286,356.6837,,,,
0.1535,0.11061902344226837,1.3611111111111113e-05,4.673913043478261,1075,,,,,,,,
,,,4.673913043478261,1075,0.4946274161338806,0.8872549019607843,0.9175627240143369,364.9481,,,,
0.0855,0.8331344723701477,1.3333333333333333e-05,4.782608695652174,1100,,,,,,,,
,,,4.782608695652174,1100,0.5131579637527466,0.8946078431372549,0.9225225225225226,373.3077,,,,
0.1358,1.333528995513916,1.3055555555555557e-05,4.891304347826087,1125,,,,,,,,
,,,4.891304347826087,1125,0.527301013469696,0.8897058823529411,0.9158878504672897,381.5969,,,,
0.1321,0.03529713675379753,1.2777777777777777e-05,5.0,1150,,,,,,,,
,,,5.0,1150,0.6293065547943115,0.8848039215686274,0.9118198874296435,389.7891,,,,
0.0798,0.09883306175470352,1.25e-05,5.108695652173913,1175,,,,,,,,
,,,5.108695652173913,1175,0.7153831720352173,0.875,0.9137055837563453,397.9077,,,,
0.098,0.05193726345896721,1.2222222222222224e-05,5.217391304347826,1200,,,,,,,,
,,,5.217391304347826,1200,0.551663339138031,0.8946078431372549,0.9228007181328547,406.0898,,,,
0.0687,0.14044451713562012,1.1944444444444444e-05,5.326086956521739,1225,,,,,,,,
,,,5.326086956521739,1225,0.7347394227981567,0.875,0.9046728971962616,414.2891,,,,
0.1119,4.434380531311035,1.1666666666666668e-05,5.434782608695652,1250,,,,,,,,
,,,5.434782608695652,1250,0.6445292234420776,0.8823529411764706,0.9130434782608696,422.3106,,,,
0.0697,0.07736111432313919,1.138888888888889e-05,5.543478260869565,1275,,,,,,,,
,,,5.543478260869565,1275,0.5713654160499573,0.8897058823529411,0.9211908931698775,430.4186,,,,
0.0541,0.7923224568367004,1.1111111111111113e-05,5.6521739130434785,1300,,,,,,,,
,,,5.6521739130434785,1300,0.6134880781173706,0.8946078431372549,0.9249563699825479,438.6036,,,,
0.0854,8.591177940368652,1.0833333333333334e-05,5.760869565217392,1325,,,,,,,,
,,,5.760869565217392,1325,0.6250678300857544,0.8872549019607843,0.916058394160584,446.8834,,,,
0.0852,52.48999786376953,1.0555555555555557e-05,5.869565217391305,1350,,,,,,,,
,,,5.869565217391305,1350,0.6195247769355774,0.9019607843137255,0.9288256227758006,455.2169,,,,
0.0903,0.07567573338747025,1.0277777777777777e-05,5.978260869565218,1375,,,,,,,,
,,,5.978260869565218,1375,0.6515834927558899,0.8848039215686274,0.9143897996357014,463.5701,,,,
0.0372,0.24627900123596191,1e-05,6.086956521739131,1400,,,,,,,,
,,,6.086956521739131,1400,0.6390175819396973,0.9019607843137255,0.9295774647887324,471.6349,,,,
0.0717,0.5212610960006714,9.722222222222223e-06,6.195652173913044,1425,,,,,,,,
,,,6.195652173913044,1425,0.6243467330932617,0.8946078431372549,0.9238938053097344,480.065,,,,
0.109,145.09503173828125,9.444444444444445e-06,6.304347826086957,1450,,,,,,,,
,,,6.304347826086957,1450,0.6808492541313171,0.8823529411764706,0.9120879120879121,488.0869,,,,
0.0863,0.028579404577612877,9.166666666666666e-06,6.413043478260869,1475,,,,,,,,
,,,6.413043478260869,1475,0.5555316209793091,0.9044117647058824,0.9304812834224598,496.323,,,,
0.0474,0.03039812482893467,8.888888888888888e-06,6.521739130434782,1500,,,,,,,,
,,,6.521739130434782,1500,0.562255859375,0.8946078431372549,0.9222423146473779,504.4203,,,,
0.0759,68.59264373779297,8.611111111111112e-06,6.630434782608695,1525,,,,,,,,
,,,6.630434782608695,1525,0.5563400387763977,0.8995098039215687,0.9271758436944938,527.2978,,,,
0.0621,3.8275372982025146,8.333333333333334e-06,6.739130434782608,1550,,,,,,,,
,,,6.739130434782608,1550,0.5386666059494019,0.8995098039215687,0.9269162210338681,535.4147,,,,
0.0361,1.3752549886703491,8.055555555555557e-06,6.8478260869565215,1575,,,,,,,,
,,,6.8478260869565215,1575,0.6177811622619629,0.8946078431372549,0.9225225225225226,543.8355,,,,
0.031,3.153383731842041,7.77777777777778e-06,6.956521739130435,1600,,,,,,,,
,,,6.956521739130435,1600,0.6251789331436157,0.9019607843137255,0.9298245614035087,552.4921,,,,
0.0348,55.19630813598633,7.500000000000001e-06,7.065217391304348,1625,,,,,,,,
,,,7.065217391304348,1625,0.6275293231010437,0.9044117647058824,0.9312169312169313,560.7145,,,,
0.0684,0.013035999611020088,7.222222222222223e-06,7.173913043478261,1650,,,,,,,,
,,,7.173913043478261,1650,0.6538079380989075,0.8995098039215687,0.9266547406082289,569.0002,,,,
0.0332,0.023766616359353065,6.944444444444445e-06,7.282608695652174,1675,,,,,,,,
,,,7.282608695652174,1675,0.6784193515777588,0.8921568627450981,0.9217081850533807,577.1257,,,,
0.0999,17.420392990112305,6.666666666666667e-06,7.391304347826087,1700,,,,,,,,
,,,7.391304347826087,1700,0.6838383674621582,0.8848039215686274,0.9193825042881646,585.3496,,,,
0.0583,0.02761727198958397,6.3888888888888885e-06,7.5,1725,,,,,,,,
,,,7.5,1725,0.6408200860023499,0.8970588235294118,0.9244604316546762,593.5767,,,,
0.0584,0.025038840249180794,6.111111111111112e-06,7.608695652173913,1750,,,,,,,,
,,,7.608695652173913,1750,0.643236517906189,0.8995098039215687,0.9269162210338681,601.7507,,,,
0.0235,146.69061279296875,5.833333333333334e-06,7.717391304347826,1775,,,,,,,,
,,,7.717391304347826,1775,0.6155107617378235,0.9068627450980392,0.9337979094076654,609.9659,,,,
0.024,0.6666748523712158,5.555555555555557e-06,7.826086956521739,1800,,,,,,,,
,,,7.826086956521739,1800,0.7400893568992615,0.8799019607843137,0.9097605893186004,618.0518,,,,
0.0155,0.02942671999335289,5.2777777777777785e-06,7.934782608695652,1825,,,,,,,,
,,,7.934782608695652,1825,0.6610575914382935,0.9068627450980392,0.9321428571428573,626.578,,,,
0.0187,0.013169016689062119,5e-06,8.043478260869565,1850,,,,,,,,
,,,8.043478260869565,1850,0.6811261773109436,0.8995098039215687,0.9266547406082289,634.6344,,,,
0.0215,0.013224438764154911,4.722222222222222e-06,8.152173913043478,1875,,,,,,,,
,,,8.152173913043478,1875,0.7227364182472229,0.8897058823529411,0.9183303085299456,642.9233,,,,
0.0208,0.009848778136074543,4.444444444444444e-06,8.26086956521739,1900,,,,,,,,
,,,8.26086956521739,1900,0.6977404356002808,0.8946078431372549,0.9233511586452763,651.1648,,,,
0.0369,0.020985180512070656,4.166666666666667e-06,8.369565217391305,1925,,,,,,,,
,,,8.369565217391305,1925,0.7396467328071594,0.8897058823529411,0.9180327868852459,659.4328,,,,
0.0226,0.00976111926138401,3.88888888888889e-06,8.478260869565217,1950,,,,,,,,
,,,8.478260869565217,1950,0.6924586296081543,0.8970588235294118,0.9252669039145908,667.7407,,,,
0.0283,0.011868318542838097,3.6111111111111115e-06,8.58695652173913,1975,,,,,,,,
,,,8.58695652173913,1975,0.6790013313293457,0.9044117647058824,0.9312169312169313,675.7754,,,,
0.0828,0.4260859787464142,3.3333333333333333e-06,8.695652173913043,2000,,,,,,,,
,,,8.695652173913043,2000,0.6788943409919739,0.9019607843137255,0.9293286219081272,683.947,,,,
0.0006,1.109273076057434,3.055555555555556e-06,8.804347826086957,2025,,,,,,,,
,,,8.804347826086957,2025,0.6753203272819519,0.9019607843137255,0.9295774647887324,705.0064,,,,
0.0011,0.023205209523439407,2.7777777777777783e-06,8.91304347826087,2050,,,,,,,,
,,,8.91304347826087,2050,0.7084811329841614,0.8995098039215687,0.9266547406082289,713.2707,,,,
0.0393,0.018933268263936043,2.5e-06,9.021739130434783,2075,,,,,,,,
,,,9.021739130434783,2075,0.7501768469810486,0.8848039215686274,0.9143897996357014,721.4951,,,,
0.0014,0.011919980868697166,2.222222222222222e-06,9.130434782608695,2100,,,,,,,,
,,,9.130434782608695,2100,0.7316092848777771,0.8921568627450981,0.9205776173285197,730.0245,,,,
0.019,0.02919723652303219,1.944444444444445e-06,9.23913043478261,2125,,,,,,,,
,,,9.23913043478261,2125,0.7268412113189697,0.8995098039215687,0.9266547406082289,738.5063,,,,
0.001,0.009148006327450275,1.6666666666666667e-06,9.347826086956522,2150,,,,,,,,
,,,9.347826086956522,2150,0.7043392658233643,0.9019607843137255,0.9285714285714286,746.7776,,,,
0.0062,0.07169165462255478,1.3888888888888892e-06,9.456521739130435,2175,,,,,,,,
,,,9.456521739130435,2175,0.7131662368774414,0.9019607843137255,0.9285714285714286,755.0004,,,,
0.0107,0.09638601541519165,1.111111111111111e-06,9.565217391304348,2200,,,,,,,,
,,,9.565217391304348,2200,0.7242045402526855,0.9019607843137255,0.9285714285714286,763.0735,,,,
0.0253,0.016622647643089294,8.333333333333333e-07,9.673913043478262,2225,,,,,,,,
,,,9.673913043478262,2225,0.7352089881896973,0.9019607843137255,0.9285714285714286,771.0497,,,,
0.0122,0.012597164139151573,5.555555555555555e-07,9.782608695652174,2250,,,,,,,,
,,,9.782608695652174,2250,0.7319195866584778,0.8995098039215687,0.9266547406082289,779.0937,,,,
0.0336,0.010478558950126171,2.7777777777777776e-07,9.891304347826086,2275,,,,,,,,
,,,9.891304347826086,2275,0.7298569083213806,0.8995098039215687,0.9266547406082289,787.2153,,,,
0.0191,0.008656097576022148,0.0,10.0,2300,,,,,,,,
,,,10.0,2300,0.7301389575004578,0.8995098039215687,0.9266547406082289,795.2864,,,,
,,,10.0,2300,,,,794.8908,46.145,2.893,1441090083533520.0,0.19755327609367668
