loss,grad_norm,learning_rate,epoch,step,eval_loss,eval_accuracy,eval_f1,train_runtime,train_samples_per_second,train_steps_per_second,total_flos,train_loss
1.1838,4.286253452301025,1e-05,0.0625,1,,,,,,,,
1.1012,3.5264101028442383,0.0001,0.625,10,,,,,,,,
,,,0.625,10,1.0551120042800903,0.4107142857142857,0.1940928270042194,4.7337,,,,
0.9654,3.2890326976776123,0.0002,1.25,20,,,,,,,,
,,,1.25,20,0.9392200112342834,0.4107142857142857,0.1940928270042194,9.1732,,,,
0.884,2.3345160484313965,0.0003,1.875,30,,,,,,,,
,,,1.875,30,0.8970626592636108,0.5892857142857143,0.3670995670995671,13.4492,,,,
0.9471,1.2496527433395386,0.0004,2.5,40,,,,,,,,
,,,2.5,40,0.8698628544807434,0.7142857142857143,0.49642769154964284,17.6681,,,,
0.762,4.891209125518799,0.0005,3.125,50,,,,,,,,
,,,3.125,50,0.7885403037071228,0.6785714285714286,0.47478301665493783,21.9637,,,,
0.7692,3.579118013381958,0.00048148148148148144,3.75,60,,,,,,,,
,,,3.75,60,0.7307680249214172,0.7142857142857143,0.49976359338061477,26.3335,,,,
0.5945,5.897843837738037,0.000462962962962963,4.375,70,,,,,,,,
,,,4.375,70,0.7681350708007812,0.6964285714285714,0.4872881355932203,30.4544,,,,
0.5116,4.999184608459473,0.0004444444444444444,5.0,80,,,,,,,,
,,,5.0,80,0.6385229229927063,0.75,0.5245098039215685,34.7395,,,,
0.3692,6.971562385559082,0.00042592592592592595,5.625,90,,,,,,,,
,,,5.625,90,0.5918521285057068,0.7857142857142857,0.5487179487179487,39.393,,,,
0.4332,8.480305671691895,0.0004074074074074074,6.25,100,,,,,,,,
,,,6.25,100,0.5026206374168396,0.8035714285714286,0.5630110630110631,43.5795,,,,
0.2412,5.822592735290527,0.0003888888888888889,6.875,110,,,,,,,,
,,,6.875,110,0.44954806566238403,0.8392857142857143,0.5866760497302369,47.7946,,,,
0.2016,5.739748001098633,0.00037037037037037035,7.5,120,,,,,,,,
,,,7.5,120,0.4008503556251526,0.8571428571428571,0.7747186147186148,51.6807,,,,
0.1129,2.2878315448760986,0.0003518518518518519,8.125,130,,,,,,,,
,,,8.125,130,0.3576129376888275,0.8571428571428571,0.693371232059515,56.1916,,,,
0.0732,2.374995470046997,0.0003333333333333333,8.75,140,,,,,,,,
,,,8.75,140,0.3483611047267914,0.875,0.7153968253968254,60.9084,,,,
0.13,10.750532150268555,0.0003148148148148148,9.375,150,,,,,,,,
,,,9.375,150,0.3154715597629547,0.8928571428571429,0.729951690821256,65.2129,,,,
0.0523,0.7432161569595337,0.0002962962962962963,10.0,160,,,,,,,,
,,,10.0,160,0.3099251091480255,0.9107142857142857,0.7430479659987856,69.5138,,,,
0.0152,2.76220703125,0.0002777777777777778,10.625,170,,,,,,,,
,,,10.625,170,0.3674651086330414,0.875,0.7153968253968254,74.1898,,,,
0.0738,8.80232048034668,0.00025925925925925926,11.25,180,,,,,,,,
,,,11.25,180,0.2963469922542572,0.8928571428571429,0.8016289786732398,78.4447,,,,
0.0201,0.07159124314785004,0.00024074074074074072,11.875,190,,,,,,,,
,,,11.875,190,0.15301397442817688,0.9107142857142857,0.8817537072856222,83.11,,,,
0.0204,0.09593533724546432,0.0002222222222222222,12.5,200,,,,,,,,
,,,12.5,200,0.19549265503883362,0.875,0.7874149659863946,87.2741,,,,
0.0046,0.12070061266422272,0.0002037037037037037,13.125,210,,,,,,,,
,,,13.125,210,0.19734835624694824,0.9464285714285714,0.9083820662768032,91.509,,,,
0.0088,0.3618052005767822,0.00018518518518518518,13.75,220,,,,,,,,
,,,13.75,220,0.2764356732368469,0.9107142857142857,0.8454887861667522,96.2357,,,,
0.0018,0.0711168423295021,0.00016666666666666666,14.375,230,,,,,,,,
,,,14.375,230,0.2533819377422333,0.9107142857142857,0.8454887861667522,100.82,,,,
0.0141,7.416450500488281,0.00014814814814814815,15.0,240,,,,,,,,
,,,15.0,240,0.15233214199543,0.9464285714285714,0.9083820662768032,104.9982,,,,
0.0113,0.06494082510471344,0.00012962962962962963,15.625,250,,,,,,,,
,,,15.625,250,0.14527522027492523,0.9464285714285714,0.9083820662768032,109.3492,,,,
0.0023,0.8624865412712097,0.0001111111111111111,16.25,260,,,,,,,,
,,,16.25,260,0.19495752453804016,0.9464285714285714,0.9083820662768032,113.8289,,,,
0.0016,0.0951036736369133,9.259259259259259e-05,16.875,270,,,,,,,,
,,,16.875,270,0.26765087246894836,0.9285714285714286,0.8792929292929292,118.2606,,,,
0.0218,0.018107598647475243,7.407407407407407e-05,17.5,280,,,,,,,,
,,,17.5,280,0.19102971255779266,0.9464285714285714,0.9083820662768032,122.8573,,,,
0.0008,1.121480107307434,5.555555555555555e-05,18.125,290,,,,,,,,
,,,18.125,290,0.16958944499492645,0.9464285714285714,0.9083820662768032,127.1155,,,,
0.0022,0.03802760690450668,3.7037037037037037e-05,18.75,300,,,,,,,,
,,,18.75,300,0.1848958432674408,0.9464285714285714,0.9083820662768032,131.7827,,,,
0.0034,3.6910483837127686,1.8518518518518518e-05,19.375,310,,,,,,,,
,,,19.375,310,0.19036759436130524,0.9464285714285714,0.9083820662768032,135.7205,,,,
0.0009,0.1038457602262497,0.0,20.0,320,,,,,,,,
,,,20.0,320,0.19411775469779968,0.9464285714285714,0.9083820662768032,140.2532,,,,
,,,20.0,320,,,,139.7808,35.77,2.289,450126133093440.0,0.2612539193447446
