loss,grad_norm,learning_rate,epoch,step,eval_loss,eval_accuracy,train_runtime,train_samples_per_second,train_steps_per_second,total_flos,train_loss
1.5696,0.9045401811599731,1e-05,0.00641025641025641,1,,,,,,,
1.3939,2.83154296875,0.0005,0.32051282051282054,50,,,,,,,
,,,0.32051282051282054,50,0.9717808365821838,0.5848375451263538,25.3918,,,,
0.7916,1.2589616775512695,0.001,0.6410256410256411,100,,,,,,,
,,,0.6410256410256411,100,0.6986137628555298,0.5306859205776173,52.2764,,,,
0.7157,2.180664539337158,0.0015,0.9615384615384616,150,,,,,,,
,,,0.9615384615384616,150,0.7058901190757751,0.5270758122743683,78.6081,,,,
0.7313,2.4647634029388428,0.002,1.282051282051282,200,,,,,,,
,,,1.282051282051282,200,0.7026799321174622,0.6389891696750902,104.9977,,,,
0.7245,0.5086511969566345,0.0019264705882352942,1.6025641025641026,250,,,,,,,
,,,1.6025641025641026,250,0.6988049745559692,0.5740072202166066,130.9992,,,,
0.7187,1.0394889116287231,0.0018529411764705885,1.9230769230769231,300,,,,,,,
,,,1.9230769230769231,300,0.7058295011520386,0.5306859205776173,156.9202,,,,
0.6814,0.839572548866272,0.0017794117647058822,2.2435897435897436,350,,,,,,,
,,,2.2435897435897436,350,0.6287877559661865,0.6931407942238267,182.4216,,,,
0.6395,2.3037455081939697,0.0017058823529411764,2.564102564102564,400,,,,,,,
,,,2.564102564102564,400,0.6322342753410339,0.6931407942238267,208.5795,,,,
0.6933,3.7492659091949463,0.0016323529411764706,2.8846153846153846,450,,,,,,,
,,,2.8846153846153846,450,0.7470108866691589,0.6570397111913358,234.9084,,,,
0.6064,2.5000200271606445,0.0015588235294117648,3.2051282051282053,500,,,,,,,
,,,3.2051282051282053,500,0.6025631427764893,0.7220216606498195,261.0271,,,,
0.5913,3.6397864818573,0.0014852941176470588,3.5256410256410255,550,,,,,,,
,,,3.5256410256410255,550,0.663189172744751,0.7111913357400722,287.2852,,,,
0.5719,2.191531181335449,0.001411764705882353,3.8461538461538463,600,,,,,,,
,,,3.8461538461538463,600,0.5731724500656128,0.7581227436823105,313.3528,,,,
0.5163,1.8165196180343628,0.001338235294117647,4.166666666666667,650,,,,,,,
,,,4.166666666666667,650,0.48275744915008545,0.779783393501805,340.147,,,,
0.4733,1.331377387046814,0.0012647058823529412,4.487179487179487,700,,,,,,,
,,,4.487179487179487,700,0.5501570701599121,0.7581227436823105,365.9952,,,,
0.4947,2.7336666584014893,0.0011911764705882352,4.8076923076923075,750,,,,,,,
,,,4.8076923076923075,750,0.5549960732460022,0.7653429602888087,391.678,,,,
0.4491,3.539276123046875,0.0011176470588235294,5.128205128205128,800,,,,,,,
,,,5.128205128205128,800,0.5484992861747742,0.7689530685920578,417.7174,,,,
0.4381,3.4129629135131836,0.0010441176470588236,5.448717948717949,850,,,,,,,
,,,5.448717948717949,850,0.5160000920295715,0.776173285198556,444.463,,,,
0.3981,2.7901699542999268,0.0009705882352941176,5.769230769230769,900,,,,,,,
,,,5.769230769230769,900,0.4961693286895752,0.8014440433212996,470.6546,,,,
0.4091,2.9778428077697754,0.0008970588235294118,6.089743589743589,950,,,,,,,
,,,6.089743589743589,950,0.6318293809890747,0.8014440433212996,496.7352,,,,
0.3358,3.315058946609497,0.0008235294117647058,6.410256410256411,1000,,,,,,,
,,,6.410256410256411,1000,0.747165858745575,0.7725631768953068,522.7502,,,,
0.319,2.715859889984131,0.00075,6.730769230769231,1050,,,,,,,
,,,6.730769230769231,1050,0.6846844553947449,0.7906137184115524,549.7252,,,,
0.3257,1.893863320350647,0.0006764705882352942,7.051282051282051,1100,,,,,,,
,,,7.051282051282051,1100,0.6222286224365234,0.8050541516245487,576.443,,,,
0.2121,4.40413236618042,0.0006029411764705882,7.371794871794872,1150,,,,,,,
,,,7.371794871794872,1150,0.8582900762557983,0.8014440433212996,603.2441,,,,
0.2264,5.072751998901367,0.0005294117647058824,7.6923076923076925,1200,,,,,,,
,,,7.6923076923076925,1200,0.7916486859321594,0.8050541516245487,628.8525,,,,
0.278,1.405686378479004,0.00045588235294117646,8.012820512820513,1250,,,,,,,
,,,8.012820512820513,1250,0.632610559463501,0.7942238267148014,655.3044,,,,
0.1535,7.586113452911377,0.00038235294117647055,8.333333333333334,1300,,,,,,,
,,,8.333333333333334,1300,1.053339958190918,0.7833935018050542,681.338,,,,
0.1719,5.863974094390869,0.0003088235294117647,8.653846153846153,1350,,,,,,,
,,,8.653846153846153,1350,0.9312611818313599,0.7942238267148014,707.3542,,,,
0.156,5.926945686340332,0.00023529411764705883,8.974358974358974,1400,,,,,,,
,,,8.974358974358974,1400,0.8480091094970703,0.8086642599277978,733.1403,,,,
0.0985,0.09924361109733582,0.00016176470588235295,9.294871794871796,1450,,,,,,,
,,,9.294871794871796,1450,0.947046160697937,0.8014440433212996,759.0518,,,,
0.1023,3.1089086532592773,8.823529411764706e-05,9.615384615384615,1500,,,,,,,
,,,9.615384615384615,1500,0.9555712342262268,0.7978339350180506,785.4727,,,,
0.0949,9.315388679504395,1.4705882352941177e-05,9.935897435897436,1550,,,,,,,
,,,9.935897435897436,1550,0.9152191281318665,0.8050541516245487,812.3347,,,,
,,,10.0,1560,,,816.2789,30.504,1.911,2139314554923840.0,0.46645014668122314
