loss,grad_norm,learning_rate,epoch,step,eval_loss,eval_accuracy,eval_f1,train_runtime,train_samples_per_second,train_steps_per_second,total_flos,train_loss
0.6801,0.573183536529541,2.5e-06,0.0,1,,,,,,,,
0.7129,0.8175134062767029,6.25e-05,0.11,25,,,,,,,,
,,,0.11,25,0.6577513217926025,0.6838235294117647,0.8122270742358079,5.8066,,,,
0.6627,1.4826074838638306,0.000125,0.22,50,,,,,,,,
,,,0.22,50,0.6244370937347412,0.6838235294117647,0.8122270742358079,11.0328,,,,
0.6383,2.63905668258667,0.0001875,0.33,75,,,,,,,,
,,,0.33,75,0.6210134625434875,0.6838235294117647,0.8122270742358079,16.4397,,,,
0.6382,0.6486926078796387,0.00025,0.43,100,,,,,,,,
,,,0.43,100,0.612642765045166,0.6838235294117647,0.8122270742358079,21.7903,,,,
0.596,2.381497383117676,0.0003125,0.54,125,,,,,,,,
,,,0.54,125,0.5908350348472595,0.6985294117647058,0.8183161004431315,27.1827,,,,
0.5622,16.627885818481445,0.000375,0.65,150,,,,,,,,
,,,0.65,150,0.5068901777267456,0.75,0.8338762214983714,32.6361,,,,
0.5844,5.611254692077637,0.0004375,0.76,175,,,,,,,,
,,,0.76,175,0.4691307842731476,0.7990196078431373,0.8591065292096219,38.2056,,,,
0.5044,7.685181140899658,0.0005,0.87,200,,,,,,,,
,,,0.87,200,0.42903339862823486,0.7965686274509803,0.8600337268128162,43.789,,,,
0.5339,2.4284024238586426,0.0004940476190476191,0.98,225,,,,,,,,
,,,0.98,225,0.4560714066028595,0.8137254901960784,0.8623188405797102,49.2823,,,,
0.4857,3.6308345794677734,0.0004880952380952381,1.09,250,,,,,,,,
,,,1.09,250,0.4320150315761566,0.7990196078431373,0.8633333333333334,54.7491,,,,
0.4619,4.141773223876953,0.00048214285714285715,1.2,275,,,,,,,,
,,,1.2,275,0.3898989260196686,0.8063725490196079,0.8611599297012302,60.3237,,,,
0.4655,2.736968994140625,0.0004761904761904762,1.3,300,,,,,,,,
,,,1.3,300,0.4384813606739044,0.8161764705882353,0.8747913188647747,65.8468,,,,
0.4169,6.403689384460449,0.00047023809523809523,1.41,325,,,,,,,,
,,,1.41,325,0.4970647692680359,0.7279411764705882,0.7602591792656588,71.3772,,,,
0.4802,11.943443298339844,0.00046428571428571433,1.52,350,,,,,,,,
,,,1.52,350,0.3754979074001312,0.8382352941176471,0.8846153846153846,76.8563,,,,
0.4274,2.157649517059326,0.0004583333333333333,1.63,375,,,,,,,,
,,,1.63,375,0.3489391803741455,0.8455882352941176,0.887298747763864,82.2964,,,,
0.344,8.452980041503906,0.00045238095238095237,1.74,400,,,,,,,,
,,,1.74,400,0.4030921161174774,0.8627450980392157,0.8981818181818181,87.7224,,,,
0.4211,4.333408832550049,0.00044642857142857147,1.85,425,,,,,,,,
,,,1.85,425,0.34305039048194885,0.8406862745098039,0.8885077186963979,93.2737,,,,
0.3972,3.3728907108306885,0.00044047619047619046,1.96,450,,,,,,,,
,,,1.96,450,0.3670733571052551,0.8480392156862745,0.8904593639575972,98.8049,,,,
0.3759,5.549561977386475,0.00043452380952380956,2.07,475,,,,,,,,
,,,2.07,475,0.42062437534332275,0.8455882352941176,0.8923076923076922,104.0762,,,,
0.3585,4.139537811279297,0.00042857142857142855,2.17,500,,,,,,,,
,,,2.17,500,0.33950042724609375,0.8578431372549019,0.89568345323741,109.5129,,,,
0.3721,5.6092705726623535,0.00042261904761904765,2.28,525,,,,,,,,
,,,2.28,525,0.3268664479255676,0.8406862745098039,0.8807339449541283,115.6238,,,,
0.3243,5.034773826599121,0.0004166666666666667,2.39,550,,,,,,,,
,,,2.39,550,0.3691190779209137,0.8406862745098039,0.8841354723707666,121.0636,,,,
0.348,6.582335472106934,0.0004107142857142857,2.5,575,,,,,,,,
,,,2.5,575,0.359261691570282,0.8382352941176471,0.8858131487889273,126.538,,,,
0.3192,6.6814141273498535,0.0004047619047619048,2.61,600,,,,,,,,
,,,2.61,600,0.372630774974823,0.8529411764705882,0.8961937716262977,132.0449,,,,
0.3116,7.19281530380249,0.00039880952380952383,2.72,625,,,,,,,,
,,,2.72,625,0.3780430853366852,0.8578431372549019,0.901023890784983,137.5931,,,,
0.4165,9.768965721130371,0.0003928571428571429,2.83,650,,,,,,,,
,,,2.83,650,0.3387981057167053,0.8553921568627451,0.8984509466437176,143.1768,,,,
0.338,5.8011674880981445,0.0003869047619047619,2.93,675,,,,,,,,
,,,2.93,675,0.34033647179603577,0.8676470588235294,0.9035714285714286,148.7256,,,,
0.3102,7.3477277755737305,0.00038095238095238096,3.04,700,,,,,,,,
,,,3.04,700,0.3712300658226013,0.8480392156862745,0.8931034482758621,154.0806,,,,
0.3379,8.376931190490723,0.000375,3.15,725,,,,,,,,
,,,3.15,725,0.5001654028892517,0.8382352941176471,0.8873720136518771,159.5457,,,,
0.3381,6.190194129943848,0.00036904761904761905,3.26,750,,,,,,,,
,,,3.26,750,0.47062450647354126,0.8553921568627451,0.9018302828618967,165.132,,,,
0.2587,6.675246238708496,0.0003630952380952381,3.37,775,,,,,,,,
,,,3.37,775,0.363465279340744,0.8504901960784313,0.8942807625649914,170.4838,,,,
0.2933,10.76733112335205,0.00035714285714285714,3.48,800,,,,,,,,
,,,3.48,800,0.3927684426307678,0.8455882352941176,0.8926746166950595,175.9599,,,,
0.3481,9.876885414123535,0.0003511904761904762,3.59,825,,,,,,,,
,,,3.59,825,0.29911336302757263,0.8651960784313726,0.9009009009009009,181.4357,,,,
0.3193,4.771409034729004,0.00034523809523809523,3.7,850,,,,,,,,
,,,3.7,850,0.3071485161781311,0.8504901960784313,0.8900900900900901,186.9956,,,,
0.291,20.465734481811523,0.00033928571428571433,3.8,875,,,,,,,,
,,,3.8,875,0.3466576337814331,0.8529411764705882,0.8909090909090909,192.4891,,,,
0.336,15.243385314941406,0.0003333333333333333,3.91,900,,,,,,,,
,,,3.91,900,0.35665276646614075,0.8627450980392157,0.9047619047619047,198.0196,,,,
0.3467,10.286996841430664,0.00032738095238095237,4.02,925,,,,,,,,
,,,4.02,925,0.38661298155784607,0.8333333333333334,0.8881578947368421,203.4281,,,,
0.2458,1.7586805820465088,0.00032142857142857147,4.13,950,,,,,,,,
,,,4.13,950,0.3681831359863281,0.8651960784313726,0.9046793760831888,208.928,,,,
0.2853,10.51568603515625,0.00031547619047619046,4.24,975,,,,,,,,
,,,4.24,975,0.35943588614463806,0.8602941176470589,0.9012131715771231,214.39,,,,
0.2986,2.5864171981811523,0.00030952380952380956,4.35,1000,,,,,,,,
,,,4.35,1000,0.33272695541381836,0.8529411764705882,0.8961937716262977,219.7997,,,,
0.3054,7.040248394012451,0.00030357142857142855,4.46,1025,,,,,,,,
,,,4.46,1025,0.29932013154029846,0.8627450980392157,0.8985507246376813,226.015,,,,
0.2496,6.3929338455200195,0.00029761904761904765,4.57,1050,,,,,,,,
,,,4.57,1050,0.3415481746196747,0.8725490196078431,0.9090909090909091,231.5126,,,,
0.2626,7.274807929992676,0.0002916666666666667,4.67,1075,,,,,,,,
,,,4.67,1075,0.36329522728919983,0.8676470588235294,0.9055944055944055,236.9899,,,,
0.2274,1.376147747039795,0.0002857142857142857,4.78,1100,,,,,,,,
,,,4.78,1100,0.3706181049346924,0.8799019607843137,0.9129662522202486,242.439,,,,
0.2912,5.599584579467773,0.0002797619047619048,4.89,1125,,,,,,,,
,,,4.89,1125,0.3149418532848358,0.8799019607843137,0.9129662522202486,247.9331,,,,
0.2576,0.1448030173778534,0.0002738095238095238,5.0,1150,,,,,,,,
,,,5.0,1150,0.3156103193759918,0.875,0.9077757685352622,253.4124,,,,
0.2238,0.8030497431755066,0.00026785714285714287,5.11,1175,,,,,,,,
,,,5.11,1175,0.34395352005958557,0.8700980392156863,0.9068541300527241,258.8044,,,,
0.2665,10.573529243469238,0.0002619047619047619,5.22,1200,,,,,,,,
,,,5.22,1200,0.3655093312263489,0.8627450980392157,0.9037800687285222,264.3455,,,,
0.2099,6.924939155578613,0.00025595238095238096,5.33,1225,,,,,,,,
,,,5.33,1225,0.3684520423412323,0.8676470588235294,0.9018181818181817,269.8232,,,,
0.2996,9.552706718444824,0.00025,5.43,1250,,,,,,,,
,,,5.43,1250,0.3464794456958771,0.8799019607843137,0.9132743362831858,275.3334,,,,
0.2276,7.773129463195801,0.00024404761904761905,5.54,1275,,,,,,,,
,,,5.54,1275,0.3273047208786011,0.8725490196078431,0.9064748201438848,280.7519,,,,
0.2118,7.079250812530518,0.0002380952380952381,5.65,1300,,,,,,,,
,,,5.65,1300,0.36636102199554443,0.875,0.9106830122591945,286.3002,,,,
0.2075,2.7620816230773926,0.00023214285714285717,5.76,1325,,,,,,,,
,,,5.76,1325,0.40018874406814575,0.8725490196078431,0.9094076655052264,291.8587,,,,
0.3118,8.699324607849121,0.00022619047619047618,5.87,1350,,,,,,,,
,,,5.87,1350,0.30778294801712036,0.8799019607843137,0.9117117117117116,297.4759,,,,
0.2669,5.422320365905762,0.00022023809523809523,5.98,1375,,,,,,,,
,,,5.98,1375,0.3134671151638031,0.8676470588235294,0.9049295774647886,303.0583,,,,
0.1687,9.361410140991211,0.00021428571428571427,6.09,1400,,,,,,,,
,,,6.09,1400,0.5632847547531128,0.8406862745098039,0.8925619834710743,308.4766,,,,
0.2698,2.332078218460083,0.00020833333333333335,6.2,1425,,,,,,,,
,,,6.2,1425,0.3625754415988922,0.8578431372549019,0.896797153024911,314.097,,,,
0.2046,6.750020503997803,0.0002023809523809524,6.3,1450,,,,,,,,
,,,6.3,1450,0.39718589186668396,0.8725490196078431,0.9037037037037037,319.4919,,,,
0.2321,7.629350662231445,0.00019642857142857144,6.41,1475,,,,,,,,
,,,6.41,1475,0.43316277861595154,0.8676470588235294,0.9075342465753423,324.9948,,,,
0.2654,1.4189499616622925,0.00019047619047619048,6.52,1500,,,,,,,,
,,,6.52,1500,0.39578306674957275,0.8602941176470589,0.9001751313485115,330.4494,,,,
0.1906,16.08860969543457,0.00018452380952380953,6.63,1525,,,,,,,,
,,,6.63,1525,0.42480728030204773,0.8602941176470589,0.8998242530755711,336.6455,,,,
0.2364,3.4942305088043213,0.00017857142857142857,6.74,1550,,,,,,,,
,,,6.74,1550,0.3802838921546936,0.8602941176470589,0.8980322003577819,342.0864,,,,
0.1742,8.082595825195312,0.00017261904761904762,6.85,1575,,,,,,,,
,,,6.85,1575,0.42484357953071594,0.8676470588235294,0.9055944055944055,347.649,,,,
0.2395,6.884323596954346,0.00016666666666666666,6.96,1600,,,,,,,,
,,,6.96,1600,0.40723860263824463,0.8627450980392157,0.9003558718861211,353.168,,,,
0.1777,10.801039695739746,0.00016071428571428573,7.07,1625,,,,,,,,
,,,7.07,1625,0.42948853969573975,0.8774509803921569,0.9087591240875913,358.6383,,,,
0.2124,6.035794258117676,0.00015476190476190478,7.17,1650,,,,,,,,
,,,7.17,1650,0.40216198563575745,0.8700980392156863,0.9055258467023173,364.0656,,,,
0.1967,4.842432498931885,0.00014880952380952382,7.28,1675,,,,,,,,
,,,7.28,1675,0.44259941577911377,0.8676470588235294,0.9075342465753423,369.6021,,,,
0.2236,10.657157897949219,0.00014285714285714284,7.39,1700,,,,,,,,
,,,7.39,1700,0.35814622044563293,0.8651960784313726,0.9050086355785838,375.1394,,,,
0.1578,6.039600372314453,0.0001369047619047619,7.5,1725,,,,,,,,
,,,7.5,1725,0.3642934560775757,0.8823529411764706,0.9127272727272728,380.7631,,,,
0.1916,10.144697189331055,0.00013095238095238096,7.61,1750,,,,,,,,
,,,7.61,1750,0.365793913602829,0.8676470588235294,0.9065743944636677,386.2543,,,,
0.2152,6.807297229766846,0.000125,7.72,1775,,,,,,,,
,,,7.72,1775,0.3762281835079193,0.8676470588235294,0.9049295774647886,391.8012,,,,
0.1858,4.886033535003662,0.00011904761904761905,7.83,1800,,,,,,,,
,,,7.83,1800,0.41954338550567627,0.8700980392156863,0.9078260869565218,397.2464,,,,
0.1996,3.159590721130371,0.00011309523809523809,7.93,1825,,,,,,,,
,,,7.93,1825,0.3803803324699402,0.8700980392156863,0.9041591320072333,402.9032,,,,
0.2753,7.736834526062012,0.00010714285714285714,8.04,1850,,,,,,,,
,,,8.04,1850,0.4160837233066559,0.8725490196078431,0.9094076655052264,408.3211,,,,
0.1508,6.300924777984619,0.0001011904761904762,8.15,1875,,,,,,,,
,,,8.15,1875,0.3979150652885437,0.8700980392156863,0.9065255731922399,413.8128,,,,
0.1441,0.15007111430168152,9.523809523809524e-05,8.26,1900,,,,,,,,
,,,8.26,1900,0.43350347876548767,0.8651960784313726,0.9029982363315697,419.3921,,,,
0.1998,5.778800964355469,8.928571428571429e-05,8.37,1925,,,,,,,,
,,,8.37,1925,0.404826283454895,0.8651960784313726,0.9026548672566371,424.9286,,,,
0.1394,10.44198226928711,8.333333333333333e-05,8.48,1950,,,,,,,,
,,,8.48,1950,0.4420681297779083,0.8651960784313726,0.9033391915641477,430.534,,,,
0.1464,11.791255950927734,7.738095238095239e-05,8.59,1975,,,,,,,,
,,,8.59,1975,0.45837506651878357,0.8700980392156863,0.9075043630017452,435.9602,,,,
0.2075,36.927066802978516,7.142857142857142e-05,8.7,2000,,,,,,,,
,,,8.7,2000,0.42339789867401123,0.8676470588235294,0.9042553191489361,441.5138,,,,
0.1686,12.644911766052246,6.547619047619048e-05,8.8,2025,,,,,,,,
,,,8.8,2025,0.4522666931152344,0.8651960784313726,0.9033391915641477,447.6062,,,,
0.2275,17.123600006103516,5.9523809523809524e-05,8.91,2050,,,,,,,,
,,,8.91,2050,0.43471238017082214,0.8676470588235294,0.9052631578947367,453.1901,,,,
0.2011,1.9519606828689575,5.357142857142857e-05,9.02,2075,,,,,,,,
,,,9.02,2075,0.40258100628852844,0.8700980392156863,0.905861456483126,458.5433,,,,
0.1101,3.2644970417022705,4.761904761904762e-05,9.13,2100,,,,,,,,
,,,9.13,2100,0.4115145206451416,0.8774509803921569,0.9107142857142857,464.0072,,,,
0.164,19.54863929748535,4.1666666666666665e-05,9.24,2125,,,,,,,,
,,,9.24,2125,0.4431407153606415,0.8725490196078431,0.9081272084805654,469.4694,,,,
0.1813,5.4897332191467285,3.571428571428571e-05,9.35,2150,,,,,,,,
,,,9.35,2150,0.4528883993625641,0.8700980392156863,0.9078260869565218,474.9416,,,,
0.1632,2.9671213626861572,2.9761904761904762e-05,9.46,2175,,,,,,,,
,,,9.46,2175,0.444100946187973,0.8700980392156863,0.9078260869565218,480.5137,,,,
0.1401,5.719951152801514,2.380952380952381e-05,9.57,2200,,,,,,,,
,,,9.57,2200,0.46349290013313293,0.8700980392156863,0.9081455805892548,485.9867,,,,
0.1675,7.126712322235107,1.7857142857142855e-05,9.67,2225,,,,,,,,
,,,9.67,2225,0.45086371898651123,0.8700980392156863,0.9071803852889667,491.5355,,,,
0.1775,2.1980788707733154,1.1904761904761905e-05,9.78,2250,,,,,,,,
,,,9.78,2250,0.4489947557449341,0.8725490196078431,0.9087719298245615,497.0586,,,,
0.1815,25.885595321655273,5.9523809523809525e-06,9.89,2275,,,,,,,,
,,,9.89,2275,0.44508466124534607,0.875,0.9103690685413005,502.6744,,,,
0.1524,0.46408700942993164,0.0,10.0,2300,,,,,,,,
,,,10.0,2300,0.4442172646522522,0.875,0.9103690685413005,508.1004,,,,
,,,10.0,2300,,,,507.7113,72.246,4.53,1452293613147552.0,0.29743283834146417
