loss,grad_norm,learning_rate,epoch,step,eval_loss,eval_accuracy,train_runtime,train_samples_per_second,train_steps_per_second,total_flos,train_loss
0.718,1.7081142663955688,3.5e-06,0.00641025641025641,1,,,,,,,
0.7038,1.4008961915969849,8.75e-05,0.16025641025641027,25,,,,,,,
,,,0.16025641025641027,25,0.7059957981109619,0.4729241877256318,11.2016,,,,
0.7199,0.9076247215270996,0.000175,0.32051282051282054,50,,,,,,,
,,,0.32051282051282054,50,0.6926906704902649,0.5270758122743683,21.7815,,,,
0.6997,0.47622495889663696,0.0002625,0.4807692307692308,75,,,,,,,
,,,0.4807692307692308,75,0.697699785232544,0.5270758122743683,33.7417,,,,
0.7018,1.691311240196228,0.00035,0.6410256410256411,100,,,,,,,
,,,0.6410256410256411,100,0.6884523034095764,0.5270758122743683,44.6971,,,,
0.6937,2.4886271953582764,0.0004375,0.8012820512820513,125,,,,,,,
,,,0.8012820512820513,125,0.6796773672103882,0.6245487364620939,56.4613,,,,
0.6974,3.966977596282959,0.000525,0.9615384615384616,150,,,,,,,
,,,0.9615384615384616,150,0.6960709095001221,0.5270758122743683,67.3712,,,,
0.6792,5.970941543579102,0.0006125,1.1217948717948718,175,,,,,,,
,,,1.1217948717948718,175,0.7372139096260071,0.49097472924187724,78.686,,,,
0.7122,3.189088821411133,0.0007,1.282051282051282,200,,,,,,,
,,,1.282051282051282,200,0.6552837491035461,0.6101083032490975,89.9527,,,,
0.6859,2.915325164794922,0.0006871323529411764,1.4423076923076923,225,,,,,,,
,,,1.4423076923076923,225,0.616461992263794,0.6353790613718412,100.9348,,,,
0.7132,2.310790777206421,0.0006742647058823529,1.6025641025641026,250,,,,,,,
,,,1.6025641025641026,250,0.6495190858840942,0.6389891696750902,112.1564,,,,
0.6664,2.493230104446411,0.0006613970588235294,1.7628205128205128,275,,,,,,,
,,,1.7628205128205128,275,0.599646806716919,0.6895306859205776,122.9502,,,,
0.6514,4.900742053985596,0.0006485294117647059,1.9230769230769231,300,,,,,,,
,,,1.9230769230769231,300,0.6079413294792175,0.6750902527075813,134.3875,,,,
0.5613,12.849871635437012,0.0006356617647058823,2.0833333333333335,325,,,,,,,
,,,2.0833333333333335,325,0.6261388659477234,0.6895306859205776,145.2383,,,,
0.6047,3.2839794158935547,0.0006227941176470587,2.2435897435897436,350,,,,,,,
,,,2.2435897435897436,350,0.5686666965484619,0.7003610108303249,156.1901,,,,
0.5649,3.845212697982788,0.0006099264705882353,2.4038461538461537,375,,,,,,,
,,,2.4038461538461537,375,0.6123526692390442,0.6678700361010831,167.2778,,,,
0.5534,13.74009895324707,0.0005970588235294117,2.564102564102564,400,,,,,,,
,,,2.564102564102564,400,0.5766428709030151,0.6967509025270758,178.4339,,,,
0.6169,7.143715858459473,0.0005841911764705882,2.7243589743589745,425,,,,,,,
,,,2.7243589743589745,425,0.5852993726730347,0.6895306859205776,189.6694,,,,
0.5966,7.8195271492004395,0.0005713235294117647,2.8846153846153846,450,,,,,,,
,,,2.8846153846153846,450,0.5764451026916504,0.703971119133574,200.9812,,,,
0.5276,11.668147087097168,0.0005584558823529412,3.0448717948717947,475,,,,,,,
,,,3.0448717948717947,475,0.6232009530067444,0.7184115523465704,212.0453,,,,
0.606,9.008256912231445,0.0005455882352941177,3.2051282051282053,500,,,,,,,
,,,3.2051282051282053,500,0.5947268009185791,0.7509025270758123,223.4104,,,,
0.5007,9.191287994384766,0.0005327205882352941,3.3653846153846154,525,,,,,,,
,,,3.3653846153846154,525,0.5806024074554443,0.7148014440433214,234.9186,,,,
0.4824,5.9478535652160645,0.0005198529411764706,3.5256410256410255,550,,,,,,,
,,,3.5256410256410255,550,0.5888296961784363,0.7256317689530686,245.5242,,,,
0.485,11.759081840515137,0.0005069852941176471,3.685897435897436,575,,,,,,,
,,,3.685897435897436,575,0.5537593364715576,0.7436823104693141,256.2837,,,,
0.4991,7.644995212554932,0.0004941176470588236,3.8461538461538463,600,,,,,,,
,,,3.8461538461538463,600,0.624566912651062,0.7184115523465704,267.752,,,,
0.4455,9.882674217224121,0.00048125,4.006410256410256,625,,,,,,,
,,,4.006410256410256,625,0.602908730506897,0.7292418772563177,279.0963,,,,
0.3676,4.219877243041992,0.00046838235294117644,4.166666666666667,650,,,,,,,
,,,4.166666666666667,650,0.5956167578697205,0.7328519855595668,290.4621,,,,
0.4291,14.450047492980957,0.00045551470588235297,4.326923076923077,675,,,,,,,
,,,4.326923076923077,675,0.652864396572113,0.7256317689530686,301.2648,,,,
0.3808,11.478623390197754,0.0004426470588235294,4.487179487179487,700,,,,,,,
,,,4.487179487179487,700,0.6576439738273621,0.7220216606498195,312.7359,,,,
0.3872,7.602162837982178,0.0004297794117647059,4.647435897435898,725,,,,,,,
,,,4.647435897435898,725,0.7003290057182312,0.6750902527075813,323.6218,,,,
0.3734,18.46457290649414,0.00041691176470588234,4.8076923076923075,750,,,,,,,
,,,4.8076923076923075,750,0.7678295373916626,0.703971119133574,334.8231,,,,
0.3257,10.216609001159668,0.00040404411764705876,4.967948717948718,775,,,,,,,
,,,4.967948717948718,775,0.6950461864471436,0.7148014440433214,345.8671,,,,
0.3378,13.974602699279785,0.0003911764705882353,5.128205128205128,800,,,,,,,
,,,5.128205128205128,800,0.6165013909339905,0.7581227436823105,357.1671,,,,
0.258,10.54987907409668,0.00037830882352941176,5.288461538461538,825,,,,,,,
,,,5.288461538461538,825,0.9081345200538635,0.7111913357400722,368.3923,,,,
0.3403,9.545071601867676,0.00036544117647058824,5.448717948717949,850,,,,,,,
,,,5.448717948717949,850,0.5850493907928467,0.7689530685920578,380.0157,,,,
0.303,10.237724304199219,0.0003525735294117647,5.608974358974359,875,,,,,,,
,,,5.608974358974359,875,0.685314953327179,0.7436823104693141,391.4078,,,,
0.2985,17.29902458190918,0.0003397058823529412,5.769230769230769,900,,,,,,,
,,,5.769230769230769,900,0.6556559205055237,0.7617328519855595,402.3063,,,,
0.2825,29.29456901550293,0.00032683823529411766,5.92948717948718,925,,,,,,,
,,,5.92948717948718,925,0.8647800087928772,0.7509025270758123,413.3284,,,,
0.2723,1.8754947185516357,0.00031397058823529414,6.089743589743589,950,,,,,,,
,,,6.089743589743589,950,0.7079461812973022,0.7292418772563177,424.4642,,,,
0.2389,11.30836009979248,0.0003011029411764706,6.25,975,,,,,,,
,,,6.25,975,0.9002153277397156,0.7472924187725631,435.8813,,,,
0.2315,10.834519386291504,0.00028823529411764703,6.410256410256411,1000,,,,,,,
,,,6.410256410256411,1000,0.8049933910369873,0.7545126353790613,446.7817,,,,
0.1939,35.203346252441406,0.0002753676470588235,6.57051282051282,1025,,,,,,,
,,,6.57051282051282,1025,1.1044381856918335,0.7653429602888087,458.2263,,,,
0.2557,20.069490432739258,0.0002625,6.730769230769231,1050,,,,,,,
,,,6.730769230769231,1050,0.8046360015869141,0.7472924187725631,469.4814,,,,
0.2128,10.000146865844727,0.00024963235294117646,6.891025641025641,1075,,,,,,,
,,,6.891025641025641,1075,0.8480064272880554,0.7653429602888087,481.2484,,,,
0.1953,11.894762992858887,0.00023676470588235296,7.051282051282051,1100,,,,,,,
,,,7.051282051282051,1100,1.2519605159759521,0.7509025270758123,492.212,,,,
0.2126,38.69214630126953,0.00022389705882352938,7.211538461538462,1125,,,,,,,
,,,7.211538461538462,1125,0.9392406940460205,0.7725631768953068,503.1769,,,,
0.137,0.40393611788749695,0.00021102941176470586,7.371794871794872,1150,,,,,,,
,,,7.371794871794872,1150,1.074772596359253,0.7617328519855595,515.1602,,,,
0.1282,21.566801071166992,0.00019816176470588236,7.532051282051282,1175,,,,,,,
,,,7.532051282051282,1175,1.2489945888519287,0.7436823104693141,526.0723,,,,
0.2374,24.913124084472656,0.00018529411764705883,7.6923076923076925,1200,,,,,,,
,,,7.6923076923076925,1200,1.1771912574768066,0.7472924187725631,537.0903,,,,
0.2314,31.433353424072266,0.0001724264705882353,7.852564102564102,1225,,,,,,,
,,,7.852564102564102,1225,0.8892444968223572,0.7545126353790613,548.3986,,,,
0.1335,0.39061468839645386,0.00015955882352941176,8.012820512820513,1250,,,,,,,
,,,8.012820512820513,1250,1.0328961610794067,0.7436823104693141,559.4898,,,,
0.123,12.388910293579102,0.00014669117647058823,8.173076923076923,1275,,,,,,,
,,,8.173076923076923,1275,1.2385189533233643,0.7472924187725631,570.7897,,,,
0.1808,33.57398223876953,0.0001338235294117647,8.333333333333334,1300,,,,,,,
,,,8.333333333333334,1300,1.1330773830413818,0.7581227436823105,581.7989,,,,
0.0985,31.652942657470703,0.00012095588235294117,8.493589743589745,1325,,,,,,,
,,,8.493589743589745,1325,1.241113543510437,0.7617328519855595,593.346,,,,
0.1074,0.9448578953742981,0.00010808823529411764,8.653846153846153,1350,,,,,,,
,,,8.653846153846153,1350,1.4584076404571533,0.7509025270758123,603.9979,,,,
0.1383,26.858036041259766,9.52205882352941e-05,8.814102564102564,1375,,,,,,,
,,,8.814102564102564,1375,1.411180853843689,0.7509025270758123,615.0674,,,,
0.1314,0.19023889303207397,8.235294117647058e-05,8.974358974358974,1400,,,,,,,
,,,8.974358974358974,1400,1.2890534400939941,0.7653429602888087,625.9982,,,,
0.1583,4.090314865112305,6.948529411764706e-05,9.134615384615385,1425,,,,,,,
,,,9.134615384615385,1425,1.3564156293869019,0.7581227436823105,636.8861,,,,
0.0588,2.9459800720214844,5.661764705882353e-05,9.294871794871796,1450,,,,,,,
,,,9.294871794871796,1450,1.3520333766937256,0.776173285198556,648.0734,,,,
0.0749,0.007902296259999275,4.375e-05,9.455128205128204,1475,,,,,,,
,,,9.455128205128204,1475,1.495710849761963,0.7581227436823105,658.9349,,,,
0.0883,22.08954620361328,3.0882352941176475e-05,9.615384615384615,1500,,,,,,,
,,,9.615384615384615,1500,1.5226444005966187,0.7725631768953068,670.5763,,,,
0.0948,23.268613815307617,1.801470588235294e-05,9.775641025641026,1525,,,,,,,
,,,9.775641025641026,1525,1.5693035125732422,0.7581227436823105,682.0932,,,,
0.1757,64.40535736083984,5.147058823529411e-06,9.935897435897436,1550,,,,,,,
,,,9.935897435897436,1550,1.5205860137939453,0.7725631768953068,693.1829,,,,
,,,10.0,1560,,,695.9584,35.778,2.242,2121286737746880.0,0.37891178941115355
