loss,grad_norm,learning_rate,epoch,step,eval_loss,eval_accuracy,eval_f1,train_runtime,train_samples_per_second,train_steps_per_second,total_flos,train_loss
0.6859,0.8968190550804138,4e-08,0.004347826086956522,1,,,,,,,,
0.7415,2.6556506156921387,1.0000000000000002e-06,0.10869565217391304,25,,,,,,,,
,,,0.10869565217391304,25,0.7382052540779114,0.3161764705882353,0.0,8.632,,,,
0.7191,2.4996848106384277,2.0000000000000003e-06,0.21739130434782608,50,,,,,,,,
,,,0.21739130434782608,50,0.7153134346008301,0.3161764705882353,0.0,16.7688,,,,
0.6975,3.8074731826782227,3e-06,0.32608695652173914,75,,,,,,,,
,,,0.32608695652173914,75,0.6824343800544739,0.6911764705882353,0.81524926686217,25.0856,,,,
0.6606,2.720477342605591,4.000000000000001e-06,0.43478260869565216,100,,,,,,,,
,,,0.43478260869565216,100,0.6305817365646362,0.6838235294117647,0.8122270742358079,33.2389,,,,
0.5877,4.009768009185791,5e-06,0.5434782608695652,125,,,,,,,,
,,,0.5434782608695652,125,0.5897108912467957,0.6838235294117647,0.8122270742358079,41.444,,,,
0.605,5.18858528137207,6e-06,0.6521739130434783,150,,,,,,,,
,,,0.6521739130434783,150,0.544044017791748,0.6838235294117647,0.8122270742358079,49.5829,,,,
0.5575,25.488603591918945,7e-06,0.7608695652173914,175,,,,,,,,
,,,0.7608695652173914,175,0.5271773338317871,0.696078431372549,0.8171091445427728,57.9078,,,,
0.5698,8.59841537475586,8.000000000000001e-06,0.8695652173913043,200,,,,,,,,
,,,0.8695652173913043,200,0.5196906924247742,0.696078431372549,0.8160237388724035,66.1248,,,,
0.5499,6.212173938751221,9e-06,0.9782608695652174,225,,,,,,,,
,,,0.9782608695652174,225,0.4919385015964508,0.7132352941176471,0.8202764976958526,74.2887,,,,
0.4941,8.107139587402344,1e-05,1.0869565217391304,250,,,,,,,,
,,,1.0869565217391304,250,0.46830397844314575,0.7426470588235294,0.8372093023255814,82.1452,,,,
0.4812,10.42300033569336,1.1000000000000001e-05,1.1956521739130435,275,,,,,,,,
,,,1.1956521739130435,275,0.46357959508895874,0.7941176470588235,0.8609271523178808,90.3145,,,,
0.5055,12.24819278717041,1.2e-05,1.3043478260869565,300,,,,,,,,
,,,1.3043478260869565,300,0.4386484920978546,0.8406862745098039,0.8794063079777366,98.49,,,,
0.4381,21.78709602355957,1.3000000000000001e-05,1.4130434782608696,325,,,,,,,,
,,,1.4130434782608696,325,0.3880693316459656,0.8406862745098039,0.8771266540642721,106.6498,,,,
0.4816,62.40447998046875,1.4e-05,1.5217391304347827,350,,,,,,,,
,,,1.5217391304347827,350,0.41238123178482056,0.8284313725490197,0.8821548821548822,114.8408,,,,
0.4322,30.35698699951172,1.5000000000000002e-05,1.6304347826086958,375,,,,,,,,
,,,1.6304347826086958,375,0.3605234920978546,0.875,0.9084380610412927,122.9219,,,,
0.3337,25.98896026611328,1.6000000000000003e-05,1.7391304347826086,400,,,,,,,,
,,,1.7391304347826086,400,0.34007030725479126,0.8627450980392157,0.9003558718861211,131.1385,,,,
0.4187,17.605220794677734,1.7e-05,1.8478260869565217,425,,,,,,,,
,,,1.8478260869565217,425,0.36010438203811646,0.8627450980392157,0.9014084507042254,139.3594,,,,
0.4541,17.698637008666992,1.8e-05,1.9565217391304348,450,,,,,,,,
,,,1.9565217391304348,450,0.3405461311340332,0.8578431372549019,0.8909774436090225,147.7219,,,,
0.3323,34.30293655395508,1.9e-05,2.0652173913043477,475,,,,,,,,
,,,2.0652173913043477,475,0.32927191257476807,0.8774509803921569,0.9107142857142857,155.6066,,,,
0.3222,10.6690034866333,2e-05,2.1739130434782608,500,,,,,,,,
,,,2.1739130434782608,500,0.3091653287410736,0.8676470588235294,0.9007352941176471,163.8262,,,,
0.3398,20.929882049560547,1.9722222222222224e-05,2.282608695652174,525,,,,,,,,
,,,2.282608695652174,525,0.4715643525123596,0.8578431372549019,0.8996539792387542,177.5443,,,,
0.3537,15.831844329833984,1.9444444444444445e-05,2.391304347826087,550,,,,,,,,
,,,2.391304347826087,550,0.31462374329566956,0.8799019607843137,0.9144851657940662,185.6632,,,,
0.3314,42.93025588989258,1.916666666666667e-05,2.5,575,,,,,,,,
,,,2.5,575,0.39935290813446045,0.8700980392156863,0.9090909090909091,193.9335,,,,
0.3093,30.703693389892578,1.888888888888889e-05,2.608695652173913,600,,,,,,,,
,,,2.608695652173913,600,0.33068159222602844,0.8848039215686274,0.9196581196581197,202.2326,,,,
0.2769,43.720706939697266,1.8611111111111114e-05,2.717391304347826,625,,,,,,,,
,,,2.717391304347826,625,0.4172572195529938,0.8651960784313726,0.9075630252100839,210.5687,,,,
0.3842,34.52686309814453,1.8333333333333333e-05,2.8260869565217392,650,,,,,,,,
,,,2.8260869565217392,650,0.38876399397850037,0.8651960784313726,0.9063032367972743,218.8616,,,,
0.2856,12.472709655761719,1.8055555555555558e-05,2.9347826086956523,675,,,,,,,,
,,,2.9347826086956523,675,0.38535526394844055,0.875,0.911917098445596,227.1291,,,,
0.2599,6.702839374542236,1.7777777777777777e-05,3.0434782608695654,700,,,,,,,,
,,,3.0434782608695654,700,0.3795638084411621,0.8774509803921569,0.9137931034482758,234.9667,,,,
0.2167,15.38542366027832,1.7500000000000002e-05,3.1521739130434785,725,,,,,,,,
,,,3.1521739130434785,725,0.4468074142932892,0.8823529411764706,0.9175257731958764,243.1326,,,,
0.2116,23.527799606323242,1.7222222222222224e-05,3.260869565217391,750,,,,,,,,
,,,3.260869565217391,750,0.44774237275123596,0.8823529411764706,0.9178082191780821,251.2897,,,,
0.1895,39.70157241821289,1.6944444444444446e-05,3.369565217391304,775,,,,,,,,
,,,3.369565217391304,775,0.4291960299015045,0.8921568627450981,0.9225352112676057,259.4247,,,,
0.2173,14.100886344909668,1.6666666666666667e-05,3.4782608695652173,800,,,,,,,,
,,,3.4782608695652173,800,0.5663017630577087,0.8455882352941176,0.8972267536704731,267.5707,,,,
0.2372,40.588565826416016,1.638888888888889e-05,3.5869565217391304,825,,,,,,,,
,,,3.5869565217391304,825,0.4068925082683563,0.8848039215686274,0.9171075837742505,275.8334,,,,
0.2555,93.9646224975586,1.6111111111111115e-05,3.6956521739130435,850,,,,,,,,
,,,3.6956521739130435,850,0.5308710932731628,0.8627450980392157,0.9054054054054055,284.1319,,,,
0.1851,16.88767433166504,1.5833333333333333e-05,3.8043478260869565,875,,,,,,,,
,,,3.8043478260869565,875,0.3884821832180023,0.8848039215686274,0.9153153153153154,292.3875,,,,
0.1809,61.505889892578125,1.555555555555556e-05,3.9130434782608696,900,,,,,,,,
,,,3.9130434782608696,900,0.49286311864852905,0.8676470588235294,0.9075342465753423,300.668,,,,
0.2991,9.538735389709473,1.5277777777777777e-05,4.021739130434782,925,,,,,,,,
,,,4.021739130434782,925,0.5904586911201477,0.8651960784313726,0.9046793760831888,308.6354,,,,
0.0875,0.055156245827674866,1.5000000000000002e-05,4.130434782608695,950,,,,,,,,
,,,4.130434782608695,950,0.5509499907493591,0.8921568627450981,0.921146953405018,316.9161,,,,
0.2026,6.432568550109863,1.4722222222222224e-05,4.239130434782608,975,,,,,,,,
,,,4.239130434782608,975,0.4757721722126007,0.875,0.9106830122591945,324.9347,,,,
0.1415,11.078700065612793,1.4444444444444446e-05,4.3478260869565215,1000,,,,,,,,
,,,4.3478260869565215,1000,0.5138070583343506,0.8970588235294118,0.926829268292683,333.0737,,,,
0.1202,152.85626220703125,1.416666666666667e-05,4.456521739130435,1025,,,,,,,,
,,,4.456521739130435,1025,0.5530917048454285,0.8872549019607843,0.9175627240143369,350.1893,,,,
0.1526,26.905254364013672,1.388888888888889e-05,4.565217391304348,1050,,,,,,,,
,,,4.565217391304348,1050,0.7631560564041138,0.8651960784313726,0.9075630252100839,358.436,,,,
0.1709,1.4567023515701294,1.3611111111111113e-05,4.673913043478261,1075,,,,,,,,
,,,4.673913043478261,1075,0.5437280535697937,0.8823529411764706,0.9145907473309609,366.7524,,,,
0.1045,2.994044065475464,1.3333333333333333e-05,4.782608695652174,1100,,,,,,,,
,,,4.782608695652174,1100,0.6773698925971985,0.8848039215686274,0.919104991394148,375.1771,,,,
0.1478,5.088771343231201,1.3055555555555557e-05,4.891304347826087,1125,,,,,,,,
,,,4.891304347826087,1125,0.5624527931213379,0.8700980392156863,0.9031078610603291,383.4817,,,,
0.1361,0.027362070977687836,1.2777777777777777e-05,5.0,1150,,,,,,,,
,,,5.0,1150,0.7060624957084656,0.8578431372549019,0.8905660377358491,391.7336,,,,
0.0925,0.08549278974533081,1.25e-05,5.108695652173913,1175,,,,,,,,
,,,5.108695652173913,1175,0.5911557674407959,0.8799019607843137,0.9100917431192661,399.8683,,,,
0.072,0.3139233887195587,1.2222222222222224e-05,5.217391304347826,1200,,,,,,,,
,,,5.217391304347826,1200,0.5802263617515564,0.8970588235294118,0.9236363636363636,408.0576,,,,
0.0855,0.2742408812046051,1.1944444444444444e-05,5.326086956521739,1225,,,,,,,,
,,,5.326086956521739,1225,0.5697799921035767,0.875,0.9064220183486239,416.2101,,,,
0.098,64.60379791259766,1.1666666666666668e-05,5.434782608695652,1250,,,,,,,,
,,,5.434782608695652,1250,0.5805903673171997,0.8946078431372549,0.9219600725952813,424.1946,,,,
0.0965,29.733713150024414,1.138888888888889e-05,5.543478260869565,1275,,,,,,,,
,,,5.543478260869565,1275,0.6165010333061218,0.8848039215686274,0.9173989455184535,432.2804,,,,
0.0416,0.11067313700914383,1.1111111111111113e-05,5.6521739130434785,1300,,,,,,,,
,,,5.6521739130434785,1300,0.6319833397865295,0.8823529411764706,0.9166666666666667,440.4356,,,,
0.0725,0.18874765932559967,1.0833333333333334e-05,5.760869565217392,1325,,,,,,,,
,,,5.760869565217392,1325,0.6382389664649963,0.8921568627450981,0.9225352112676057,448.7249,,,,
0.1239,20.861717224121094,1.0555555555555557e-05,5.869565217391305,1350,,,,,,,,
,,,5.869565217391305,1350,0.672789990901947,0.8725490196078431,0.9044117647058824,457.05,,,,
0.1346,27.37824821472168,1.0277777777777777e-05,5.978260869565218,1375,,,,,,,,
,,,5.978260869565218,1375,0.6641049981117249,0.8651960784313726,0.8975791433891992,465.4054,,,,
0.1327,145.2246856689453,1e-05,6.086956521739131,1400,,,,,,,,
,,,6.086956521739131,1400,0.6966767907142639,0.8774509803921569,0.9137931034482758,473.4826,,,,
0.0622,0.07209949195384979,9.722222222222223e-06,6.195652173913044,1425,,,,,,,,
,,,6.195652173913044,1425,0.6299417614936829,0.8872549019607843,0.9192982456140351,481.9205,,,,
0.0519,0.1500016450881958,9.444444444444445e-06,6.304347826086957,1450,,,,,,,,
,,,6.304347826086957,1450,0.6575968265533447,0.8872549019607843,0.9190140845070423,489.9331,,,,
0.0735,0.05007278174161911,9.166666666666666e-06,6.413043478260869,1475,,,,,,,,
,,,6.413043478260869,1475,0.629805326461792,0.8897058823529411,0.9194991055456172,498.1308,,,,
0.0607,0.07049302011728287,8.888888888888888e-06,6.521739130434782,1500,,,,,,,,
,,,6.521739130434782,1500,0.6429835557937622,0.8872549019607843,0.9163636363636363,506.2054,,,,
0.0708,152.4923858642578,8.611111111111112e-06,6.630434782608695,1525,,,,,,,,
,,,6.630434782608695,1525,0.6660338640213013,0.8799019607843137,0.9135802469135803,533.5214,,,,
0.0941,0.08737614005804062,8.333333333333334e-06,6.739130434782608,1550,,,,,,,,
,,,6.739130434782608,1550,0.6436620354652405,0.8823529411764706,0.9151943462897526,541.6712,,,,
0.0143,0.04600377008318901,8.055555555555557e-06,6.8478260869565215,1575,,,,,,,,
,,,6.8478260869565215,1575,0.6781284213066101,0.8799019607843137,0.9135802469135803,550.0988,,,,
0.033,90.37663269042969,7.77777777777778e-06,6.956521739130435,1600,,,,,,,,
,,,6.956521739130435,1600,0.7430087924003601,0.8848039215686274,0.9168141592920355,558.7949,,,,
0.0253,0.0682290643453598,7.500000000000001e-06,7.065217391304348,1625,,,,,,,,
,,,7.065217391304348,1625,0.7487455010414124,0.8848039215686274,0.91651865008881,567.0403,,,,
0.0328,0.012868140824139118,7.222222222222223e-06,7.173913043478261,1650,,,,,,,,
,,,7.173913043478261,1650,0.7645648121833801,0.8823529411764706,0.9151943462897526,575.2792,,,,
0.0054,91.0467529296875,6.944444444444445e-06,7.282608695652174,1675,,,,,,,,
,,,7.282608695652174,1675,0.7916228175163269,0.8872549019607843,0.9190140845070423,583.4413,,,,
0.0556,0.052043359726667404,6.666666666666667e-06,7.391304347826087,1700,,,,,,,,
,,,7.391304347826087,1700,0.7582679390907288,0.8872549019607843,0.9184397163120569,591.5819,,,,
0.017,0.011544015258550644,6.3888888888888885e-06,7.5,1725,,,,,,,,
,,,7.5,1725,0.7498764395713806,0.8823529411764706,0.916083916083916,599.7532,,,,
0.018,117.78740692138672,6.111111111111112e-06,7.608695652173913,1750,,,,,,,,
,,,7.608695652173913,1750,0.7923404574394226,0.8774509803921569,0.912280701754386,607.8019,,,,
0.0072,0.5561794638633728,5.833333333333334e-06,7.717391304347826,1775,,,,,,,,
,,,7.717391304347826,1775,0.7858929634094238,0.8799019607843137,0.9141856392294221,615.9443,,,,
0.0239,0.0244610495865345,5.555555555555557e-06,7.826086956521739,1800,,,,,,,,
,,,7.826086956521739,1800,0.7729620337486267,0.8921568627450981,0.9222614840989399,623.9984,,,,
0.0068,0.005780470557510853,5.2777777777777785e-06,7.934782608695652,1825,,,,,,,,
,,,7.934782608695652,1825,0.7924957275390625,0.8897058823529411,0.9214659685863874,632.4136,,,,
0.0003,0.005638353526592255,5e-06,8.043478260869565,1850,,,,,,,,
,,,8.043478260869565,1850,0.8275936245918274,0.8848039215686274,0.917975567190227,640.5062,,,,
0.0005,0.00792728178203106,4.722222222222222e-06,8.152173913043478,1875,,,,,,,,
,,,8.152173913043478,1875,0.8085527420043945,0.8848039215686274,0.91651865008881,648.7269,,,,
0.0194,0.004228703677654266,4.444444444444444e-06,8.26086956521739,1900,,,,,,,,
,,,8.26086956521739,1900,0.8190708756446838,0.8946078431372549,0.9238938053097344,657.0244,,,,
0.0192,0.006611318327486515,4.166666666666667e-06,8.369565217391305,1925,,,,,,,,
,,,8.369565217391305,1925,0.8425761461257935,0.8872549019607843,0.9195804195804195,665.3048,,,,
0.0303,0.003973816987127066,3.88888888888889e-06,8.478260869565217,1950,,,,,,,,
,,,8.478260869565217,1950,0.8543512225151062,0.8872549019607843,0.9198606271777002,673.5941,,,,
0.0002,0.005988159216940403,3.6111111111111115e-06,8.58695652173913,1975,,,,,,,,
,,,8.58695652173913,1975,0.8511267304420471,0.8872549019607843,0.9192982456140351,681.6969,,,,
0.0492,0.005285707302391529,3.3333333333333333e-06,8.695652173913043,2000,,,,,,,,
,,,8.695652173913043,2000,0.8417590260505676,0.8848039215686274,0.9171075837742505,689.7754,,,,
0.0216,0.005966951604932547,3.055555555555556e-06,8.804347826086957,2025,,,,,,,,
,,,8.804347826086957,2025,0.8328663110733032,0.8848039215686274,0.9173989455184535,704.5851,,,,
0.011,0.2217336744070053,2.7777777777777783e-06,8.91304347826087,2050,,,,,,,,
,,,8.91304347826087,2050,0.8170791864395142,0.8848039215686274,0.9173989455184535,712.8426,,,,
0.0128,0.008185275830328465,2.5e-06,9.021739130434783,2075,,,,,,,,
,,,9.021739130434783,2075,0.8834607005119324,0.8823529411764706,0.9163763066202091,720.9119,,,,
0.0116,0.005112921353429556,2.222222222222222e-06,9.130434782608695,2100,,,,,,,,
,,,9.130434782608695,2100,0.8588851690292358,0.8848039215686274,0.9173989455184535,729.2737,,,,
0.0353,0.005058849696069956,1.944444444444445e-06,9.23913043478261,2125,,,,,,,,
,,,9.23913043478261,2125,0.8490413427352905,0.8872549019607843,0.9190140845070423,737.5408,,,,
0.0003,0.005211277399212122,1.6666666666666667e-06,9.347826086956522,2150,,,,,,,,
,,,9.347826086956522,2150,0.8667867183685303,0.8823529411764706,0.9163763066202091,745.7243,,,,
0.0111,0.0049681281670928,1.3888888888888892e-06,9.456521739130435,2175,,,,,,,,
,,,9.456521739130435,2175,0.8565861582756042,0.8823529411764706,0.9157894736842105,753.9625,,,,
0.016,0.025213366374373436,1.111111111111111e-06,9.565217391304348,2200,,,,,,,,
,,,9.565217391304348,2200,0.8511677980422974,0.8848039215686274,0.9171075837742505,762.0336,,,,
0.0246,0.016463028267025948,8.333333333333333e-07,9.673913043478262,2225,,,,,,,,
,,,9.673913043478262,2225,0.8568295240402222,0.8897058823529411,0.9203539823008849,770.1323,,,,
0.0068,0.012212511152029037,5.555555555555555e-07,9.782608695652174,2250,,,,,,,,
,,,9.782608695652174,2250,0.8663491606712341,0.8823529411764706,0.915492957746479,778.205,,,,
0.0004,0.003924645483493805,2.7777777777777776e-07,9.891304347826086,2275,,,,,,,,
,,,9.891304347826086,2275,0.8678509593009949,0.8774509803921569,0.912280701754386,786.4116,,,,
0.0016,0.005071536637842655,0.0,10.0,2300,,,,,,,,
,,,10.0,2300,0.8677233457565308,0.8774509803921569,0.912280701754386,794.5014,,,,
,,,10.0,2300,,,,794.0963,46.191,2.896,1441090083533520.0,0.19620974148886844
