loss,grad_norm,learning_rate,epoch,step,eval_loss,eval_accuracy,eval_f1,train_runtime,train_samples_per_second,train_steps_per_second,total_flos,train_loss
1.1672,4.064709186553955,1.0000000000000002e-06,0.0625,1,,,,,,,,
1.126,5.107213497161865,1e-05,0.625,10,,,,,,,,
,,,0.625,10,1.0952318906784058,0.4107142857142857,0.1940928270042194,6.2931,,,,
1.0312,4.2190022468566895,2e-05,1.25,20,,,,,,,,
,,,1.25,20,0.9673309922218323,0.4107142857142857,0.1940928270042194,12.2751,,,,
0.8638,4.104649066925049,3e-05,1.875,30,,,,,,,,
,,,1.875,30,0.8291162848472595,0.6785714285714286,0.47391812865497074,18.1173,,,,
0.6916,5.16473913192749,4e-05,2.5,40,,,,,,,,
,,,2.5,40,0.690397322177887,0.7142857142857143,0.49976359338061477,23.8427,,,,
0.5735,5.311841011047363,5e-05,3.125,50,,,,,,,,
,,,3.125,50,0.6684104204177856,0.7678571428571429,0.535483870967742,29.6917,,,,
0.3684,12.991097450256348,4.814814814814815e-05,3.75,60,,,,,,,,
,,,3.75,60,0.5480605959892273,0.8214285714285714,0.5735930735930737,35.6643,,,,
0.2096,4.8943657875061035,4.62962962962963e-05,4.375,70,,,,,,,,
,,,4.375,70,0.3770808279514313,0.875,0.7154589371980676,41.3018,,,,
0.1452,0.48626309633255005,4.4444444444444447e-05,5.0,80,,,,,,,,
,,,5.0,80,0.25333261489868164,0.9107142857142857,0.8644712430426716,47.1341,,,,
0.135,10.679739952087402,4.259259259259259e-05,5.625,90,,,,,,,,
,,,5.625,90,0.4700635075569153,0.8571428571428571,0.7874741200828157,53.4527,,,,
0.0459,1.313514232635498,4.074074074074074e-05,6.25,100,,,,,,,,
,,,6.25,100,0.4836997389793396,0.9107142857142857,0.889709906951286,59.1173,,,,
0.0095,0.048629555851221085,3.888888888888889e-05,6.875,110,,,,,,,,
,,,6.875,110,0.4866946041584015,0.8928571428571429,0.849866590432628,64.8886,,,,
0.0044,0.06903552263975143,3.7037037037037037e-05,7.5,120,,,,,,,,
,,,7.5,120,0.4148414731025696,0.9285714285714286,0.9460317460317459,70.2282,,,,
0.0016,0.030178461223840714,3.518518518518519e-05,8.125,130,,,,,,,,
,,,8.125,130,0.39561206102371216,0.9285714285714286,0.9460317460317459,76.3014,,,,
0.001,0.017347140237689018,3.3333333333333335e-05,8.75,140,,,,,,,,
,,,8.75,140,0.3362891972064972,0.9285714285714286,0.9467084639498432,82.7303,,,,
0.0008,0.016485415399074554,3.148148148148148e-05,9.375,150,,,,,,,,
,,,9.375,150,0.3157173693180084,0.9285714285714286,0.9467084639498432,88.5863,,,,
0.0007,0.010280236601829529,2.962962962962963e-05,10.0,160,,,,,,,,
,,,10.0,160,0.3096642792224884,0.9285714285714286,0.9467084639498432,94.4013,,,,
0.0006,0.010449578054249287,2.777777777777778e-05,10.625,170,,,,,,,,
,,,10.625,170,0.3147256672382355,0.9285714285714286,0.9467084639498432,100.7457,,,,
0.0006,0.008334383368492126,2.5925925925925925e-05,11.25,180,,,,,,,,
,,,11.25,180,0.3202749192714691,0.9285714285714286,0.9467084639498432,106.501,,,,
0.0005,0.00902814045548439,2.4074074074074074e-05,11.875,190,,,,,,,,
,,,11.875,190,0.32377365231513977,0.9285714285714286,0.9467084639498432,112.7932,,,,
0.0005,0.0062800622545182705,2.2222222222222223e-05,12.5,200,,,,,,,,
,,,12.5,200,0.32654619216918945,0.9285714285714286,0.9467084639498432,118.4618,,,,
0.0005,0.007729002740234137,2.037037037037037e-05,13.125,210,,,,,,,,
,,,13.125,210,0.32961779832839966,0.9285714285714286,0.9467084639498432,124.1725,,,,
0.0005,0.007725920062512159,1.8518518518518518e-05,13.75,220,,,,,,,,
,,,13.75,220,0.33300796151161194,0.9285714285714286,0.9467084639498432,130.5712,,,,
0.0004,0.008895211853086948,1.6666666666666667e-05,14.375,230,,,,,,,,
,,,14.375,230,0.33573395013809204,0.9285714285714286,0.9467084639498432,136.7457,,,,
0.0004,0.00892881490290165,1.4814814814814815e-05,15.0,240,,,,,,,,
,,,15.0,240,0.3380308747291565,0.9285714285714286,0.9467084639498432,142.3993,,,,
0.0004,0.00607771473005414,1.2962962962962962e-05,15.625,250,,,,,,,,
,,,15.625,250,0.34009844064712524,0.9285714285714286,0.9467084639498432,148.2786,,,,
0.0004,0.006146782077848911,1.1111111111111112e-05,16.25,260,,,,,,,,
,,,16.25,260,0.34166887402534485,0.9285714285714286,0.9467084639498432,154.3501,,,,
0.0004,0.010356723330914974,9.259259259259259e-06,16.875,270,,,,,,,,
,,,16.875,270,0.34361082315444946,0.9285714285714286,0.9467084639498432,160.3302,,,,
0.0004,0.0055730040185153484,7.4074074074074075e-06,17.5,280,,,,,,,,
,,,17.5,280,0.34557995200157166,0.9285714285714286,0.9467084639498432,166.5524,,,,
0.0004,0.004996296018362045,5.555555555555556e-06,18.125,290,,,,,,,,
,,,18.125,290,0.3470574915409088,0.9285714285714286,0.9467084639498432,172.3262,,,,
0.0004,0.005562325939536095,3.7037037037037037e-06,18.75,300,,,,,,,,
,,,18.75,300,0.3480145037174225,0.9285714285714286,0.9467084639498432,178.6236,,,,
0.0004,0.006640342064201832,1.8518518518518519e-06,19.375,310,,,,,,,,
,,,19.375,310,0.34800800681114197,0.9285714285714286,0.9467084639498432,183.9838,,,,
0.0004,0.006292620673775673,0.0,20.0,320,,,,,,,,
,,,20.0,320,0.3480992317199707,0.9285714285714286,0.9467084639498432,190.0455,,,,
,,,20.0,320,,,,189.5327,26.381,1.688,446840583950880.0,0.16310856250784128
