loss,grad_norm,learning_rate,epoch,step,eval_loss,eval_accuracy,eval_f1,train_runtime,train_samples_per_second,train_steps_per_second,total_flos,train_loss
1.8908,1.152901291847229,1e-05,0.004347826086956522,1,,,,,,,,
1.8196,1.6075137853622437,0.00025,0.10869565217391304,25,,,,,,,,
,,,0.10869565217391304,25,1.6892733573913574,0.6838235294117647,0.8122270742358079,6.8745,,,,
1.5304,2.3184425830841064,0.0005,0.21739130434782608,50,,,,,,,,
,,,0.21739130434782608,50,1.1031407117843628,0.6838235294117647,0.8122270742358079,13.3341,,,,
0.8476,0.4804210960865021,0.00075,0.32608695652173914,75,,,,,,,,
,,,0.32608695652173914,75,0.7029271125793457,0.6838235294117647,0.8122270742358079,19.8046,,,,
0.7155,0.990268886089325,0.001,0.43478260869565216,100,,,,,,,,
,,,0.43478260869565216,100,0.6328492760658264,0.6838235294117647,0.8122270742358079,26.3144,,,,
0.6531,1.9172565937042236,0.00125,0.5434782608695652,125,,,,,,,,
,,,0.5434782608695652,125,0.648980975151062,0.7107843137254902,0.822289156626506,32.7281,,,,
0.6581,3.4343652725219727,0.0015,0.6521739130434783,150,,,,,,,,
,,,0.6521739130434783,150,0.637114405632019,0.7058823529411765,0.8208955223880596,39.128,,,,
0.7014,0.545876681804657,0.00175,0.7608695652173914,175,,,,,,,,
,,,0.7608695652173914,175,0.6108684539794922,0.6838235294117647,0.8122270742358079,45.6897,,,,
0.6418,1.1471421718597412,0.002,0.8695652173913043,200,,,,,,,,
,,,0.8695652173913043,200,0.5563191771507263,0.7254901960784313,0.8233438485804416,52.2196,,,,
0.6008,1.8497984409332275,0.0019761904761904764,0.9782608695652174,225,,,,,,,,
,,,0.9782608695652174,225,0.5899949669837952,0.7328431372549019,0.8077601410934745,58.6253,,,,
0.5942,2.947972297668457,0.0019523809523809524,1.0869565217391304,250,,,,,,,,
,,,1.0869565217391304,250,0.6284835934638977,0.678921568627451,0.7145969498910675,64.8699,,,,
0.6579,0.6276209354400635,0.0019285714285714286,1.1956521739130435,275,,,,,,,,
,,,1.1956521739130435,275,0.5416565537452698,0.7034313725490197,0.819672131147541,71.2843,,,,
0.5633,1.5471185445785522,0.0019047619047619048,1.3043478260869565,300,,,,,,,,
,,,1.3043478260869565,300,0.5564666390419006,0.7524509803921569,0.8404423380726699,77.6928,,,,
0.5013,1.032666563987732,0.001880952380952381,1.4130434782608696,325,,,,,,,,
,,,1.4130434782608696,325,0.4514980614185333,0.7769607843137255,0.8495867768595041,84.1438,,,,
0.5157,3.0014700889587402,0.0018571428571428573,1.5217391304347827,350,,,,,,,,
,,,1.5217391304347827,350,0.4600626528263092,0.8161764705882353,0.857142857142857,90.5126,,,,
0.4814,0.89527827501297,0.0018333333333333333,1.6304347826086958,375,,,,,,,,
,,,1.6304347826086958,375,0.4145931303501129,0.8284313725490197,0.8674242424242424,96.8661,,,,
0.5158,2.17742657661438,0.0018095238095238095,1.7391304347826086,400,,,,,,,,
,,,1.7391304347826086,400,0.4281124174594879,0.8063725490196079,0.8672268907563025,103.2273,,,,
0.571,2.706505537033081,0.0017857142857142859,1.8478260869565217,425,,,,,,,,
,,,1.8478260869565217,425,0.4183405637741089,0.8357843137254902,0.8797127468581688,109.76,,,,
0.4731,2.436312198638916,0.0017619047619047618,1.9565217391304348,450,,,,,,,,
,,,1.9565217391304348,450,0.39358723163604736,0.8284313725490197,0.8771929824561404,116.2405,,,,
0.478,1.3261849880218506,0.0017380952380952382,2.0652173913043477,475,,,,,,,,
,,,2.0652173913043477,475,0.42658743262290955,0.8088235294117647,0.8712871287128714,122.616,,,,
0.508,1.0553326606750488,0.0017142857142857142,2.1739130434782608,500,,,,,,,,
,,,2.1739130434782608,500,0.36822909116744995,0.8406862745098039,0.8807339449541283,129.0336,,,,
0.4319,1.7524077892303467,0.0016904761904761906,2.282608695652174,525,,,,,,,,
,,,2.282608695652174,525,0.3746780753135681,0.8431372549019608,0.8836363636363636,135.8257,,,,
0.4224,1.2687703371047974,0.0016666666666666668,2.391304347826087,550,,,,,,,,
,,,2.391304347826087,550,0.3751075565814972,0.8357843137254902,0.8797127468581688,142.1527,,,,
0.4347,3.75222110748291,0.0016428571428571427,2.5,575,,,,,,,,
,,,2.5,575,0.5979254245758057,0.7475490196078431,0.8437025796661609,148.7242,,,,
0.438,1.7804176807403564,0.0016190476190476191,2.608695652173913,600,,,,,,,,
,,,2.608695652173913,600,0.355472594499588,0.8504901960784313,0.8912655971479501,155.0579,,,,
0.4933,1.6235697269439697,0.0015952380952380953,2.717391304347826,625,,,,,,,,
,,,2.717391304347826,625,0.4625352621078491,0.7990196078431373,0.8681672025723474,161.7178,,,,
0.4773,3.685943603515625,0.0015714285714285715,2.8260869565217392,650,,,,,,,,
,,,2.8260869565217392,650,0.35861703753471375,0.8480392156862745,0.8872727272727273,168.1458,,,,
0.3863,3.1063833236694336,0.0015476190476190477,2.9347826086956523,675,,,,,,,,
,,,2.9347826086956523,675,0.4028173089027405,0.8406862745098039,0.8881239242685025,174.7901,,,,
0.3899,2.3011837005615234,0.0015238095238095239,3.0434782608695654,700,,,,,,,,
,,,3.0434782608695654,700,0.39067167043685913,0.8529411764705882,0.8920863309352518,180.9694,,,,
0.3965,0.8835916519165039,0.0015,3.1521739130434785,725,,,,,,,,
,,,3.1521739130434785,725,0.3868340849876404,0.8651960784313726,0.9043478260869565,187.5223,,,,
0.4045,2.479759454727173,0.0014761904761904762,3.260869565217391,750,,,,,,,,
,,,3.260869565217391,750,0.3562338650226593,0.8553921568627451,0.8963093145869947,193.9853,,,,
0.3436,1.3185511827468872,0.0014523809523809524,3.369565217391304,775,,,,,,,,
,,,3.369565217391304,775,0.46641311049461365,0.8357843137254902,0.8892561983471075,200.4172,,,,
0.3941,4.862198352813721,0.0014285714285714286,3.4782608695652173,800,,,,,,,,
,,,3.4782608695652173,800,0.4170375168323517,0.8333333333333334,0.8839590443686006,206.8321,,,,
0.438,2.2417194843292236,0.0014047619047619047,3.5869565217391304,825,,,,,,,,
,,,3.5869565217391304,825,0.345714271068573,0.8627450980392157,0.8985507246376813,213.4256,,,,
0.4228,2.0410192012786865,0.001380952380952381,3.6956521739130435,850,,,,,,,,
,,,3.6956521739130435,850,0.3671366274356842,0.8406862745098039,0.8761904761904761,219.9557,,,,
0.3796,6.716402530670166,0.0013571428571428573,3.8043478260869565,875,,,,,,,,
,,,3.8043478260869565,875,0.48658284544944763,0.8259803921568627,0.8672897196261682,226.5374,,,,
0.4417,1.8895251750946045,0.0013333333333333333,3.9130434782608696,900,,,,,,,,
,,,3.9130434782608696,900,0.350798636674881,0.8578431372549019,0.8996539792387542,232.9937,,,,
0.4191,1.0350509881973267,0.0013095238095238095,4.021739130434782,925,,,,,,,,
,,,4.021739130434782,925,0.3343198299407959,0.8651960784313726,0.8979591836734695,239.5152,,,,
0.3605,1.9995516538619995,0.0012857142857142859,4.130434782608695,950,,,,,,,,
,,,4.130434782608695,950,0.3284536302089691,0.8676470588235294,0.9042553191489361,246.0435,,,,
0.3786,3.640176296234131,0.0012619047619047618,4.239130434782608,975,,,,,,,,
,,,4.239130434782608,975,0.39975762367248535,0.8431372549019608,0.8915254237288135,252.5388,,,,
0.3928,1.0406626462936401,0.0012380952380952382,4.3478260869565215,1000,,,,,,,,
,,,4.3478260869565215,1000,0.327795147895813,0.8700980392156863,0.9065255731922399,258.834,,,,
0.3841,2.932274341583252,0.0012142857142857142,4.456521739130435,1025,,,,,,,,
,,,4.456521739130435,1025,0.34586769342422485,0.8602941176470589,0.8930581613508443,265.7763,,,,
0.3518,3.55645489692688,0.0011904761904761906,4.565217391304348,1050,,,,,,,,
,,,4.565217391304348,1050,0.36873918771743774,0.8676470588235294,0.9042553191489361,272.2325,,,,
0.3405,1.0632933378219604,0.0011666666666666668,4.673913043478261,1075,,,,,,,,
,,,4.673913043478261,1075,0.3704287111759186,0.8553921568627451,0.8955752212389381,278.7291,,,,
0.304,2.954566240310669,0.0011428571428571427,4.782608695652174,1100,,,,,,,,
,,,4.782608695652174,1100,0.3595372438430786,0.8529411764705882,0.8936170212765957,285.1507,,,,
0.3771,2.9464263916015625,0.0011190476190476191,4.891304347826087,1125,,,,,,,,
,,,4.891304347826087,1125,0.3241594433784485,0.8651960784313726,0.9005424954792043,291.6473,,,,
0.3317,0.29086384177207947,0.0010952380952380953,5.0,1150,,,,,,,,
,,,5.0,1150,0.3442074954509735,0.8651960784313726,0.8994515539305302,298.1341,,,,
0.3031,0.8417161703109741,0.0010714285714285715,5.108695652173913,1175,,,,,,,,
,,,5.108695652173913,1175,0.35012108087539673,0.8774509803921569,0.911032028469751,304.4961,,,,
0.3375,3.180603504180908,0.0010476190476190477,5.217391304347826,1200,,,,,,,,
,,,5.217391304347826,1200,0.33062079548835754,0.8774509803921569,0.9116607773851589,310.9784,,,,
0.301,1.754980444908142,0.0010238095238095238,5.326086956521739,1225,,,,,,,,
,,,5.326086956521739,1225,0.3471297323703766,0.8725490196078431,0.9068100358422939,317.3959,,,,
0.4009,1.2463393211364746,0.001,5.434782608695652,1250,,,,,,,,
,,,5.434782608695652,1250,0.3320799171924591,0.8651960784313726,0.9019607843137256,323.7839,,,,
0.2691,2.365260124206543,0.0009761904761904762,5.543478260869565,1275,,,,,,,,
,,,5.543478260869565,1275,0.38844433426856995,0.8480392156862745,0.8847583643122676,330.1533,,,,
0.3282,2.2575483322143555,0.0009523809523809524,5.6521739130434785,1300,,,,,,,,
,,,5.6521739130434785,1300,0.33233094215393066,0.8529411764705882,0.8920863309352518,336.6598,,,,
0.3123,1.5990252494812012,0.0009285714285714287,5.760869565217392,1325,,,,,,,,
,,,5.760869565217392,1325,0.34740492701530457,0.8602941176470589,0.8961748633879781,343.1527,,,,
0.3566,2.505948066711426,0.0009047619047619047,5.869565217391305,1350,,,,,,,,
,,,5.869565217391305,1350,0.33378180861473083,0.875,0.9094138543516875,349.7103,,,,
0.3475,1.600721001625061,0.0008809523809523809,5.978260869565218,1375,,,,,,,,
,,,5.978260869565218,1375,0.3345571756362915,0.8627450980392157,0.9020979020979022,356.2516,,,,
0.2506,6.1748223304748535,0.0008571428571428571,6.086956521739131,1400,,,,,,,,
,,,6.086956521739131,1400,0.5217288136482239,0.8284313725490197,0.8859934853420196,362.7738,,,,
0.3443,1.4867655038833618,0.0008333333333333334,6.195652173913044,1425,,,,,,,,
,,,6.195652173913044,1425,0.33702635765075684,0.8676470588235294,0.9032258064516129,369.3775,,,,
0.2904,3.48431134223938,0.0008095238095238096,6.304347826086957,1450,,,,,,,,
,,,6.304347826086957,1450,0.4468044936656952,0.8333333333333334,0.8687258687258687,375.8184,,,,
0.3257,1.0661615133285522,0.0007857142857142857,6.413043478260869,1475,,,,,,,,
,,,6.413043478260869,1475,0.31870076060295105,0.8529411764705882,0.8943661971830987,382.1833,,,,
0.3329,1.142601490020752,0.0007619047619047619,6.521739130434782,1500,,,,,,,,
,,,6.521739130434782,1500,0.3608027398586273,0.875,0.9071038251366121,388.7012,,,,
0.28,5.292001247406006,0.0007380952380952381,6.630434782608695,1525,,,,,,,,
,,,6.630434782608695,1525,0.3734152615070343,0.8602941176470589,0.900523560209424,395.4331,,,,
0.3095,1.196533203125,0.0007142857142857143,6.739130434782608,1550,,,,,,,,
,,,6.739130434782608,1550,0.3767842948436737,0.8651960784313726,0.8983364140480593,401.9653,,,,
0.2916,4.081274032592773,0.0006904761904761905,6.8478260869565215,1575,,,,,,,,
,,,6.8478260869565215,1575,0.33725371956825256,0.875,0.9064220183486239,408.3519,,,,
0.3024,1.4823979139328003,0.0006666666666666666,6.956521739130435,1600,,,,,,,,
,,,6.956521739130435,1600,0.33130761981010437,0.8553921568627451,0.8944543828264758,414.9655,,,,
0.2289,2.2242963314056396,0.0006428571428571429,7.065217391304348,1625,,,,,,,,
,,,7.065217391304348,1625,0.3855189383029938,0.8578431372549019,0.8975265017667844,421.2613,,,,
0.2873,2.1416192054748535,0.0006190476190476191,7.173913043478261,1650,,,,,,,,
,,,7.173913043478261,1650,0.44980183243751526,0.8504901960784313,0.8838095238095237,427.8037,,,,
0.2465,1.8017699718475342,0.0005952380952380953,7.282608695652174,1675,,,,,,,,
,,,7.282608695652174,1675,0.3277932107448578,0.875,0.9103690685413005,434.1839,,,,
0.2558,3.190401077270508,0.0005714285714285714,7.391304347826087,1700,,,,,,,,
,,,7.391304347826087,1700,0.34009766578674316,0.8725490196078431,0.9087719298245615,440.8201,,,,
0.2371,1.3475892543792725,0.0005476190476190477,7.5,1725,,,,,,,,
,,,7.5,1725,0.34452736377716064,0.8651960784313726,0.8994515539305302,447.3146,,,,
0.2632,1.7163605690002441,0.0005238095238095238,7.608695652173913,1750,,,,,,,,
,,,7.608695652173913,1750,0.32728660106658936,0.8700980392156863,0.9068541300527241,453.8438,,,,
0.2879,3.7724788188934326,0.0005,7.717391304347826,1775,,,,,,,,
,,,7.717391304347826,1775,0.39623093605041504,0.8578431372549019,0.901023890784983,460.2981,,,,
0.2802,3.39986515045166,0.0004761904761904762,7.826086956521739,1800,,,,,,,,
,,,7.826086956521739,1800,0.3684403598308563,0.8676470588235294,0.9052631578947367,466.7813,,,,
0.2367,2.410794258117676,0.00045238095238095237,7.934782608695652,1825,,,,,,,,
,,,7.934782608695652,1825,0.35535353422164917,0.8700980392156863,0.9020332717190389,473.408,,,,
0.3304,2.3055050373077393,0.00042857142857142855,8.043478260869565,1850,,,,,,,,
,,,8.043478260869565,1850,0.3148077130317688,0.8799019607843137,0.9126559714795008,479.8323,,,,
0.2258,1.2814947366714478,0.0004047619047619048,8.152173913043478,1875,,,,,,,,
,,,8.152173913043478,1875,0.32010534405708313,0.8823529411764706,0.9148936170212766,486.2655,,,,
0.2073,0.7413681745529175,0.00038095238095238096,8.26086956521739,1900,,,,,,,,
,,,8.26086956521739,1900,0.35193169116973877,0.8823529411764706,0.916083916083916,492.7864,,,,
0.244,1.0909837484359741,0.00035714285714285714,8.369565217391305,1925,,,,,,,,
,,,8.369565217391305,1925,0.33385443687438965,0.8848039215686274,0.9168141592920355,499.2832,,,,
0.2164,3.629956007003784,0.0003333333333333333,8.478260869565217,1950,,,,,,,,
,,,8.478260869565217,1950,0.36945289373397827,0.8823529411764706,0.9166666666666667,505.9345,,,,
0.2125,4.6328020095825195,0.00030952380952380956,8.58695652173913,1975,,,,,,,,
,,,8.58695652173913,1975,0.3808946907520294,0.8774509803921569,0.9140893470790378,512.3272,,,,
0.2562,3.1656460762023926,0.0002857142857142857,8.695652173913043,2000,,,,,,,,
,,,8.695652173913043,2000,0.3505602180957794,0.8897058823529411,0.9203539823008849,518.7052,,,,
0.2422,2.6347453594207764,0.0002619047619047619,8.804347826086957,2025,,,,,,,,
,,,8.804347826086957,2025,0.3729296624660492,0.8872549019607843,0.9198606271777002,525.4579,,,,
0.2757,2.537729024887085,0.0002380952380952381,8.91304347826087,2050,,,,,,,,
,,,8.91304347826087,2050,0.36046135425567627,0.8799019607843137,0.9150779896013865,531.9006,,,,
0.2531,2.3683383464813232,0.00021428571428571427,9.021739130434783,2075,,,,,,,,
,,,9.021739130434783,2075,0.3353712558746338,0.8848039215686274,0.9153153153153154,538.3181,,,,
0.186,0.7506354451179504,0.00019047619047619048,9.130434782608695,2100,,,,,,,,
,,,9.130434782608695,2100,0.3429502844810486,0.8799019607843137,0.9120287253141832,544.6707,,,,
0.2043,1.2376759052276611,0.00016666666666666666,9.23913043478261,2125,,,,,,,,
,,,9.23913043478261,2125,0.35277149081230164,0.8823529411764706,0.9139784946236559,551.2006,,,,
0.2297,2.2942023277282715,0.00014285714285714284,9.347826086956522,2150,,,,,,,,
,,,9.347826086956522,2150,0.35531362891197205,0.875,0.9109947643979057,557.5701,,,,
0.2079,1.6582415103912354,0.00011904761904761905,9.456521739130435,2175,,,,,,,,
,,,9.456521739130435,2175,0.3385671079158783,0.8823529411764706,0.9142857142857143,564.1719,,,,
0.2213,1.3233062028884888,9.523809523809524e-05,9.565217391304348,2200,,,,,,,,
,,,9.565217391304348,2200,0.35033389925956726,0.8774509803921569,0.9125874125874125,570.571,,,,
0.2033,3.796318769454956,7.142857142857142e-05,9.673913043478262,2225,,,,,,,,
,,,9.673913043478262,2225,0.3339133858680725,0.8848039215686274,0.9159212880143113,577.1107,,,,
0.2242,0.657062828540802,4.761904761904762e-05,9.782608695652174,2250,,,,,,,,
,,,9.782608695652174,2250,0.33647164702415466,0.8897058823529411,0.9197860962566845,583.5285,,,,
0.2042,4.903312683105469,2.380952380952381e-05,9.891304347826086,2275,,,,,,,,
,,,9.891304347826086,2275,0.33833253383636475,0.8848039215686274,0.9159212880143113,590.1826,,,,
0.1663,0.3245692253112793,0.0,10.0,2300,,,,,,,,
,,,10.0,2300,0.33861058950424194,0.8848039215686274,0.9159212880143113,596.5766,,,,
,,,10.0,2300,,,,596.1022,61.533,3.858,1458501490289760.0,0.398740523794423
