loss,grad_norm,learning_rate,epoch,step,eval_loss,eval_accuracy,eval_f1,train_runtime,train_samples_per_second,train_steps_per_second,total_flos,train_loss
1.1838,4.286464214324951,4.000000000000001e-06,0.0625,1,,,,,,,,
1.1206,3.9308907985687256,4e-05,0.625,10,,,,,,,,
,,,0.625,10,1.0977308750152588,0.4107142857142857,0.1940928270042194,4.4696,,,,
1.0355,3.9940714836120605,8e-05,1.25,20,,,,,,,,
,,,1.25,20,1.016194462776184,0.4107142857142857,0.1940928270042194,8.4653,,,,
0.9507,2.2175474166870117,0.00012,1.875,30,,,,,,,,
,,,1.875,30,0.9356502294540405,0.4107142857142857,0.1940928270042194,12.3347,,,,
0.9356,1.7720822095870972,0.00016,2.5,40,,,,,,,,
,,,2.5,40,0.8961982131004333,0.6428571428571429,0.4250614250614251,16.1944,,,,
0.8357,2.1793651580810547,0.0002,3.125,50,,,,,,,,
,,,3.125,50,0.8728520274162292,0.7321428571428571,0.5115440115440115,20.1056,,,,
0.8572,1.3917595148086548,0.0001925925925925926,3.75,60,,,,,,,,
,,,3.75,60,0.8038138151168823,0.6785714285714286,0.47478301665493783,24.0764,,,,
0.7153,3.344339609146118,0.0001851851851851852,4.375,70,,,,,,,,
,,,4.375,70,0.8024874329566956,0.6785714285714286,0.47478301665493783,27.8268,,,,
0.6629,3.101264715194702,0.00017777777777777779,5.0,80,,,,,,,,
,,,5.0,80,0.7441444396972656,0.6964285714285714,0.4872881355932203,31.7441,,,,
0.574,1.7015866041183472,0.00017037037037037037,5.625,90,,,,,,,,
,,,5.625,90,0.6590967774391174,0.7321428571428571,0.5122356854359705,35.9483,,,,
0.5343,4.103940486907959,0.00016296296296296295,6.25,100,,,,,,,,
,,,6.25,100,0.633611261844635,0.75,0.5227888642522789,39.7142,,,,
0.4585,3.3396880626678467,0.00015555555555555556,6.875,110,,,,,,,,
,,,6.875,110,0.5732311606407166,0.7678571428571429,0.5376647834274952,43.6254,,,,
0.3759,4.40036678314209,0.00014814814814814815,7.5,120,,,,,,,,
,,,7.5,120,0.5739186406135559,0.8214285714285714,0.5756501182033097,47.1454,,,,
0.3442,2.407142162322998,0.00014074074074074076,8.125,130,,,,,,,,
,,,8.125,130,0.5224141478538513,0.8035714285714286,0.563079116179615,51.1983,,,,
0.2066,1.4342283010482788,0.00013333333333333334,8.75,140,,,,,,,,
,,,8.75,140,0.42990031838417053,0.8392857142857143,0.6901587301587302,55.5095,,,,
0.2721,3.618549346923828,0.00012592592592592592,9.375,150,,,,,,,,
,,,9.375,150,0.5065706372261047,0.8214285714285714,0.5741525423728813,59.4204,,,,
0.1384,0.801523745059967,0.00011851851851851852,10.0,160,,,,,,,,
,,,10.0,160,0.4368651211261749,0.8392857142857143,0.6901340996168582,63.2748,,,,
0.0853,4.699126720428467,0.00011111111111111112,10.625,170,,,,,,,,
,,,10.625,170,0.4910047948360443,0.8214285714285714,0.5741525423728813,67.4729,,,,
0.2059,2.6393327713012695,0.0001037037037037037,11.25,180,,,,,,,,
,,,11.25,180,0.5035472512245178,0.8928571428571429,0.7303681981101335,71.3509,,,,
0.1452,0.44408920407295227,9.62962962962963e-05,11.875,190,,,,,,,,
,,,11.875,190,0.3401118814945221,0.8571428571428571,0.7757048527408029,75.5328,,,,
0.0805,1.4900561571121216,8.888888888888889e-05,12.5,200,,,,,,,,
,,,12.5,200,0.3895021975040436,0.8214285714285714,0.5741525423728813,79.3177,,,,
0.0658,0.7647347450256348,8.148148148148148e-05,13.125,210,,,,,,,,
,,,13.125,210,0.4274579584598541,0.875,0.717304189435337,83.1898,,,,
0.0775,2.5143282413482666,7.407407407407407e-05,13.75,220,,,,,,,,
,,,13.75,220,0.3241228461265564,0.8928571428571429,0.8015873015873015,87.4743,,,,
0.036,1.0766346454620361,6.666666666666667e-05,14.375,230,,,,,,,,
,,,14.375,230,0.3859799802303314,0.8928571428571429,0.8015873015873015,91.6109,,,,
0.1,8.107303619384766,5.925925925925926e-05,15.0,240,,,,,,,,
,,,15.0,240,0.27901723980903625,0.8928571428571429,0.8531984007996002,95.4257,,,,
0.0501,0.15936842560768127,5.185185185185185e-05,15.625,250,,,,,,,,
,,,15.625,250,0.32137760519981384,0.9107142857142857,0.866195856873823,99.367,,,,
0.0294,2.1494171619415283,4.4444444444444447e-05,16.25,260,,,,,,,,
,,,16.25,260,0.3402121365070343,0.9107142857142857,0.866195856873823,103.4173,,,,
0.0393,0.2545647621154785,3.7037037037037037e-05,16.875,270,,,,,,,,
,,,16.875,270,0.32663270831108093,0.9107142857142857,0.866195856873823,107.4209,,,,
0.0509,0.360877126455307,2.962962962962963e-05,17.5,280,,,,,,,,
,,,17.5,280,0.34622880816459656,0.9107142857142857,0.866195856873823,111.6269,,,,
0.0123,1.8938757181167603,2.2222222222222223e-05,18.125,290,,,,,,,,
,,,18.125,290,0.3239065110683441,0.9107142857142857,0.866195856873823,115.4549,,,,
0.0119,0.20657247304916382,1.4814814814814815e-05,18.75,300,,,,,,,,
,,,18.75,300,0.31668275594711304,0.9107142857142857,0.866195856873823,119.6457,,,,
0.0363,3.8591785430908203,7.4074074074074075e-06,19.375,310,,,,,,,,
,,,19.375,310,0.3152828812599182,0.9107142857142857,0.866195856873823,123.2933,,,,
0.0173,0.3463872969150543,0.0,20.0,320,,,,,,,,
,,,20.0,320,0.3224324882030487,0.9107142857142857,0.866195856873823,127.3112,,,,
,,,20.0,320,,,,126.7524,39.447,2.525,453010991768640.0,0.3458611929323524
