loss,grad_norm,learning_rate,epoch,step,eval_loss,eval_accuracy,eval_f1,train_runtime,train_samples_per_second,train_steps_per_second,total_flos,train_loss
1.1667,4.510630130767822,1e-05,0.0625,1,,,,,,,,
1.1046,3.2300291061401367,0.0001,0.625,10,,,,,,,,
,,,0.625,10,1.051466464996338,0.4107142857142857,0.1940928270042194,5.4352,,,,
0.9834,3.1114137172698975,0.0002,1.25,20,,,,,,,,
,,,1.25,20,0.9304553866386414,0.4107142857142857,0.1940928270042194,9.2701,,,,
0.885,1.2535674571990967,0.0003,1.875,30,,,,,,,,
,,,1.875,30,0.889107882976532,0.7321428571428571,0.5115440115440115,12.9562,,,,
0.83,3.624723434448242,0.0004,2.5,40,,,,,,,,
,,,2.5,40,0.8159037828445435,0.7321428571428571,0.5115440115440115,16.6523,,,,
0.7393,1.2906349897384644,0.0005,3.125,50,,,,,,,,
,,,3.125,50,0.7483302354812622,0.6785714285714286,0.47478301665493783,20.4542,,,,
0.6575,12.587337493896484,0.00048148148148148144,3.75,60,,,,,,,,
,,,3.75,60,0.7564157843589783,0.7142857142857143,0.49642769154964284,24.3688,,,,
0.486,2.6550188064575195,0.000462962962962963,4.375,70,,,,,,,,
,,,4.375,70,0.5753284096717834,0.7857142857142857,0.5490058479532164,28.0377,,,,
0.3688,1.8694254159927368,0.0004444444444444444,5.0,80,,,,,,,,
,,,5.0,80,0.4265215992927551,0.875,0.7874260815437286,31.8877,,,,
0.1799,1.3772209882736206,0.00042592592592592595,5.625,90,,,,,,,,
,,,5.625,90,0.35190698504447937,0.8571428571428571,0.7019810508182602,36.0645,,,,
0.1322,1.552294135093689,0.0004074074074074074,6.25,100,,,,,,,,
,,,6.25,100,0.24867722392082214,0.875,0.787199105614366,39.8118,,,,
0.0481,0.16188757121562958,0.0003888888888888889,6.875,110,,,,,,,,
,,,6.875,110,0.3123711943626404,0.8928571428571429,0.8001253132832081,43.7976,,,,
0.0657,0.1260949969291687,0.00037037037037037035,7.5,120,,,,,,,,
,,,7.5,120,0.30347368121147156,0.9107142857142857,0.8436781609195402,47.3659,,,,
0.0233,0.05383496358990669,0.0003518518518518519,8.125,130,,,,,,,,
,,,8.125,130,0.2508470118045807,0.9285714285714286,0.8935672514619885,51.478,,,,
0.0314,1.6107109785079956,0.0003333333333333333,8.75,140,,,,,,,,
,,,8.75,140,0.3560492694377899,0.8928571428571429,0.7999087623258588,56.0354,,,,
0.0134,0.09341936558485031,0.0003148148148148148,9.375,150,,,,,,,,
,,,9.375,150,0.328254759311676,0.8928571428571429,0.7999087623258588,60.0109,,,,
0.0138,0.045202020555734634,0.0002962962962962963,10.0,160,,,,,,,,
,,,10.0,160,0.2601827085018158,0.9464285714285714,0.9355699855699856,63.9976,,,,
0.0054,0.9612881541252136,0.0002777777777777778,10.625,170,,,,,,,,
,,,10.625,170,0.22791214287281036,0.9464285714285714,0.960233918128655,68.4162,,,,
0.0066,0.012974541634321213,0.00025925925925925926,11.25,180,,,,,,,,
,,,11.25,180,0.19167934358119965,0.9107142857142857,0.8646926536731634,72.418,,,,
0.0014,0.0700172409415245,0.00024074074074074072,11.875,190,,,,,,,,
,,,11.875,190,0.22704705595970154,0.9285714285714286,0.9177522349936144,76.8705,,,,
0.0007,0.0038712378591299057,0.0002222222222222222,12.5,200,,,,,,,,
,,,12.5,200,0.24976317584514618,0.9285714285714286,0.9177522349936144,81.0993,,,,
0.0031,0.013741671107709408,0.0002037037037037037,13.125,210,,,,,,,,
,,,13.125,210,0.1963004171848297,0.9107142857142857,0.9036924462456377,85.2222,,,,
0.0046,0.0489625446498394,0.00018518518518518518,13.75,220,,,,,,,,
,,,13.75,220,0.21016466617584229,0.9464285714285714,0.960233918128655,89.9745,,,,
0.0008,0.048152823001146317,0.00016666666666666666,14.375,230,,,,,,,,
,,,14.375,230,0.26624229550361633,0.9285714285714286,0.9177522349936144,94.7093,,,,
0.0006,0.059253793209791183,0.00014814814814814815,15.0,240,,,,,,,,
,,,15.0,240,0.27122732996940613,0.9285714285714286,0.9177522349936144,98.9386,,,,
0.0014,0.006954872515052557,0.00012962962962962963,15.625,250,,,,,,,,
,,,15.625,250,0.2632523477077484,0.9285714285714286,0.9177522349936144,103.3211,,,,
0.0006,0.05713542923331261,0.0001111111111111111,16.25,260,,,,,,,,
,,,16.25,260,0.24211479723453522,0.9285714285714286,0.9177522349936144,107.7596,,,,
0.0014,0.02709628827869892,9.259259259259259e-05,16.875,270,,,,,,,,
,,,16.875,270,0.24726057052612305,0.9285714285714286,0.9177522349936144,112.0788,,,,
0.0009,0.02221483550965786,7.407407407407407e-05,17.5,280,,,,,,,,
,,,17.5,280,0.25214147567749023,0.9285714285714286,0.9177522349936144,116.6198,,,,
0.0005,0.015082675963640213,5.555555555555555e-05,18.125,290,,,,,,,,
,,,18.125,290,0.24212315678596497,0.9285714285714286,0.9177522349936144,120.7381,,,,
0.0004,0.0073937890119850636,3.7037037037037037e-05,18.75,300,,,,,,,,
,,,18.75,300,0.23515060544013977,0.9285714285714286,0.9177522349936144,125.2384,,,,
0.0004,0.003992436919361353,1.8518518518518518e-05,19.375,310,,,,,,,,
,,,19.375,310,0.23425380885601044,0.9285714285714286,0.9177522349936144,129.1221,,,,
0.0007,0.0034128399565815926,0.0,20.0,320,,,,,,,,
,,,20.0,320,0.23304662108421326,0.9285714285714286,0.9177522349936144,133.4043,,,,
,,,20.0,320,,,,133.0395,37.583,2.405,454549583062080.0,0.20619266460271318
