loss,grad_norm,learning_rate,epoch,step,eval_loss,eval_accuracy,eval_f1,train_runtime,train_samples_per_second,train_steps_per_second,total_flos,train_loss
1.7279,0.9153369069099426,1e-05,0.004347826086956522,1,,,,,,,,
1.6659,3.1465837955474854,0.00025,0.10869565217391304,25,,,,,,,,
,,,0.10869565217391304,25,1.4930518865585327,0.6838235294117647,0.8122270742358079,8.5325,,,,
1.3919,0.9822772741317749,0.0005,0.21739130434782608,50,,,,,,,,
,,,0.21739130434782608,50,1.019055962562561,0.6838235294117647,0.8122270742358079,16.8983,,,,
0.8021,1.7907520532608032,0.00075,0.32608695652173914,75,,,,,,,,
,,,0.32608695652173914,75,0.6581723690032959,0.6838235294117647,0.8122270742358079,25.2352,,,,
0.6767,0.6177854537963867,0.001,0.43478260869565216,100,,,,,,,,
,,,0.43478260869565216,100,0.62982177734375,0.6838235294117647,0.8122270742358079,33.4157,,,,
0.6449,2.9950039386749268,0.00125,0.5434782608695652,125,,,,,,,,
,,,0.5434782608695652,125,0.632023811340332,0.7034313725490197,0.819672131147541,41.9373,,,,
0.6239,1.9278013706207275,0.0015,0.6521739130434783,150,,,,,,,,
,,,0.6521739130434783,150,0.5596189498901367,0.7156862745098039,0.8215384615384616,50.009,,,,
0.5878,4.741138458251953,0.00175,0.7608695652173914,175,,,,,,,,
,,,0.7608695652173914,175,0.5908059477806091,0.7598039215686274,0.8122605363984673,58.5965,,,,
0.5633,2.856419324874878,0.002,0.8695652173913043,200,,,,,,,,
,,,0.8695652173913043,200,0.5365390777587891,0.803921568627451,0.8591549295774649,67.101,,,,
0.684,2.4151432514190674,0.0019761904761904764,0.9782608695652174,225,,,,,,,,
,,,0.9782608695652174,225,0.7197321057319641,0.6323529411764706,0.6376811594202898,75.2767,,,,
0.6471,1.5965311527252197,0.0019523809523809524,1.0869565217391304,250,,,,,,,,
,,,1.0869565217391304,250,0.4666990339756012,0.8014705882352942,0.8687196110210698,83.5485,,,,
0.5248,2.230344772338867,0.0019285714285714286,1.1956521739130435,275,,,,,,,,
,,,1.1956521739130435,275,0.43229278922080994,0.8406862745098039,0.8881239242685025,91.905,,,,
0.5325,2.9061057567596436,0.0019047619047619048,1.3043478260869565,300,,,,,,,,
,,,1.3043478260869565,300,0.4350678622722626,0.8406862745098039,0.8802946593001841,100.114,,,,
0.5179,1.0395281314849854,0.001880952380952381,1.4130434782608696,325,,,,,,,,
,,,1.4130434782608696,325,0.5037910342216492,0.8357843137254902,0.8797127468581688,108.5857,,,,
0.5244,2.6663568019866943,0.0018571428571428573,1.5217391304347827,350,,,,,,,,
,,,1.5217391304347827,350,0.4883090853691101,0.8357843137254902,0.8699029126213592,116.8753,,,,
0.5125,0.841985821723938,0.0018333333333333333,1.6304347826086958,375,,,,,,,,
,,,1.6304347826086958,375,0.384678453207016,0.8725490196078431,0.9033457249070632,124.9665,,,,
0.4528,0.7581098079681396,0.0018095238095238095,1.7391304347826086,400,,,,,,,,
,,,1.7391304347826086,400,0.3629198372364044,0.8504901960784313,0.893542757417103,133.507,,,,
0.5668,2.3492791652679443,0.0017857142857142859,1.8478260869565217,425,,,,,,,,
,,,1.8478260869565217,425,0.3999423086643219,0.8333333333333334,0.8862876254180602,141.7385,,,,
0.4486,1.9784271717071533,0.0017619047619047618,1.9565217391304348,450,,,,,,,,
,,,1.9565217391304348,450,0.39609572291374207,0.8504901960784313,0.8888888888888888,150.2047,,,,
0.4138,0.8103173971176147,0.0017380952380952382,2.0652173913043477,475,,,,,,,,
,,,2.0652173913043477,475,0.40584033727645874,0.8455882352941176,0.8934010152284263,158.3482,,,,
0.4434,0.9286057353019714,0.0017142857142857142,2.1739130434782608,500,,,,,,,,
,,,2.1739130434782608,500,0.3783543109893799,0.8602941176470589,0.9015544041450777,166.5121,,,,
0.4087,1.616649866104126,0.0016904761904761906,2.282608695652174,525,,,,,,,,
,,,2.282608695652174,525,0.3447221517562866,0.8700980392156863,0.9068541300527241,175.2197,,,,
0.4197,1.0001143217086792,0.0016666666666666668,2.391304347826087,550,,,,,,,,
,,,2.391304347826087,550,0.3466692864894867,0.8651960784313726,0.9026548672566371,183.3892,,,,
0.4259,4.479609966278076,0.0016428571428571427,2.5,575,,,,,,,,
,,,2.5,575,0.5585667490959167,0.8357843137254902,0.8892561983471075,191.6173,,,,
0.4534,1.5583438873291016,0.0016190476190476191,2.608695652173913,600,,,,,,,,
,,,2.608695652173913,600,0.3826795816421509,0.8627450980392157,0.9037800687285222,200.088,,,,
0.3754,3.429910898208618,0.0015952380952380953,2.717391304347826,625,,,,,,,,
,,,2.717391304347826,625,0.4068634510040283,0.8823529411764706,0.9136690647482014,208.4081,,,,
0.4651,1.9181854724884033,0.0015714285714285715,2.8260869565217392,650,,,,,,,,
,,,2.8260869565217392,650,0.37089112401008606,0.8725490196078431,0.9040590405904059,216.9428,,,,
0.3808,1.1072567701339722,0.0015476190476190477,2.9347826086956523,675,,,,,,,,
,,,2.9347826086956523,675,0.3417500853538513,0.8872549019607843,0.9198606271777002,225.5435,,,,
0.3773,0.9787703156471252,0.0015238095238095239,3.0434782608695654,700,,,,,,,,
,,,3.0434782608695654,700,0.3876265585422516,0.8627450980392157,0.9027777777777778,233.4512,,,,
0.3891,0.57597815990448,0.0015,3.1521739130434785,725,,,,,,,,
,,,3.1521739130434785,725,0.3464380204677582,0.8602941176470589,0.8983957219251337,241.964,,,,
0.3575,2.0756850242614746,0.0014761904761904762,3.260869565217391,750,,,,,,,,
,,,3.260869565217391,750,0.354024201631546,0.8774509803921569,0.9100719424460433,250.3582,,,,
0.3706,1.0315592288970947,0.0014523809523809524,3.369565217391304,775,,,,,,,,
,,,3.369565217391304,775,0.505316436290741,0.8137254901960784,0.8754098360655738,258.4382,,,,
0.3448,2.8223259449005127,0.0014285714285714286,3.4782608695652173,800,,,,,,,,
,,,3.4782608695652173,800,0.3879263401031494,0.8651960784313726,0.9043478260869565,266.9518,,,,
0.4219,2.041896343231201,0.0014047619047619047,3.5869565217391304,825,,,,,,,,
,,,3.5869565217391304,825,0.32932499051094055,0.8676470588235294,0.9052631578947367,275.2599,,,,
0.3898,1.5728461742401123,0.001380952380952381,3.6956521739130435,850,,,,,,,,
,,,3.6956521739130435,850,0.32860109210014343,0.8897058823529411,0.9174311926605504,283.7226,,,,
0.3539,6.148096561431885,0.0013571428571428573,3.8043478260869565,875,,,,,,,,
,,,3.8043478260869565,875,0.37119436264038086,0.8848039215686274,0.9150090415913201,292.2652,,,,
0.3946,1.6687884330749512,0.0013333333333333333,3.9130434782608696,900,,,,,,,,
,,,3.9130434782608696,900,0.2980881631374359,0.8823529411764706,0.9139784946236559,300.5656,,,,
0.3642,1.1255532503128052,0.0013095238095238095,4.021739130434782,925,,,,,,,,
,,,4.021739130434782,925,0.33824434876441956,0.8700980392156863,0.9020332717190389,309.6395,,,,
0.295,1.8815983533859253,0.0012857142857142859,4.130434782608695,950,,,,,,,,
,,,4.130434782608695,950,0.32550573348999023,0.8774509803921569,0.911032028469751,317.9919,,,,
0.3351,2.1879732608795166,0.0012619047619047618,4.239130434782608,975,,,,,,,,
,,,4.239130434782608,975,0.38950249552726746,0.8578431372549019,0.901360544217687,326.0964,,,,
0.3825,2.0018320083618164,0.0012380952380952382,4.3478260869565215,1000,,,,,,,,
,,,4.3478260869565215,1000,0.33463361859321594,0.8774509803921569,0.9137931034482758,334.5503,,,,
0.3516,2.1245853900909424,0.0012142857142857142,4.456521739130435,1025,,,,,,,,
,,,4.456521739130435,1025,0.340964138507843,0.8627450980392157,0.900709219858156,343.0917,,,,
0.3176,3.5767247676849365,0.0011904761904761906,4.565217391304348,1050,,,,,,,,
,,,4.565217391304348,1050,0.43230438232421875,0.8578431372549019,0.9026845637583893,351.5963,,,,
0.2994,0.5991411805152893,0.0011666666666666668,4.673913043478261,1075,,,,,,,,
,,,4.673913043478261,1075,0.3393894135951996,0.8553921568627451,0.8987993138936535,360.0446,,,,
0.3293,2.7501235008239746,0.0011428571428571427,4.782608695652174,1100,,,,,,,,
,,,4.782608695652174,1100,0.36802950501441956,0.8774509803921569,0.9077490774907749,368.2647,,,,
0.302,2.141441583633423,0.0011190476190476191,4.891304347826087,1125,,,,,,,,
,,,4.891304347826087,1125,0.32613134384155273,0.8872549019607843,0.9184397163120569,376.7117,,,,
0.346,0.76082843542099,0.0010952380952380953,5.0,1150,,,,,,,,
,,,5.0,1150,0.31150779128074646,0.8823529411764706,0.9136690647482014,385.2457,,,,
0.2277,0.520220935344696,0.0010714285714285715,5.108695652173913,1175,,,,,,,,
,,,5.108695652173913,1175,0.3745688199996948,0.8799019607843137,0.9113924050632911,393.2762,,,,
0.2668,0.9907442331314087,0.0010476190476190477,5.217391304347826,1200,,,,,,,,
,,,5.217391304347826,1200,0.3413369357585907,0.8872549019607843,0.9198606271777002,401.832,,,,
0.285,1.255258321762085,0.0010238095238095238,5.326086956521739,1225,,,,,,,,
,,,5.326086956521739,1225,0.32495856285095215,0.8872549019607843,0.9172661870503597,410.1156,,,,
0.3614,1.7276010513305664,0.001,5.434782608695652,1250,,,,,,,,
,,,5.434782608695652,1250,0.3424886167049408,0.875,0.9094138543516875,418.2132,,,,
0.2766,4.2058820724487305,0.0009761904761904762,5.543478260869565,1275,,,,,,,,
,,,5.543478260869565,1275,0.35846033692359924,0.8848039215686274,0.9150090415913201,426.6629,,,,
0.264,1.674269437789917,0.0009523809523809524,5.6521739130434785,1300,,,,,,,,
,,,5.6521739130434785,1300,0.35153526067733765,0.8700980392156863,0.9051878354203935,434.8757,,,,
0.277,1.09388267993927,0.0009285714285714287,5.760869565217392,1325,,,,,,,,
,,,5.760869565217392,1325,0.35889726877212524,0.8725490196078431,0.9071428571428571,443.3681,,,,
0.308,1.364866018295288,0.0009047619047619047,5.869565217391305,1350,,,,,,,,
,,,5.869565217391305,1350,0.3463806211948395,0.8676470588235294,0.9049295774647886,451.9659,,,,
0.3117,1.0985147953033447,0.0008809523809523809,5.978260869565218,1375,,,,,,,,
,,,5.978260869565218,1375,0.3280322551727295,0.8774509803921569,0.9134948096885814,460.3231,,,,
0.184,3.776714563369751,0.0008571428571428571,6.086956521739131,1400,,,,,,,,
,,,6.086956521739131,1400,0.4463077485561371,0.8823529411764706,0.9157894736842105,468.7455,,,,
0.2346,3.915884256362915,0.0008333333333333334,6.195652173913044,1425,,,,,,,,
,,,6.195652173913044,1425,0.46927013993263245,0.8553921568627451,0.8984509466437176,477.4583,,,,
0.2413,2.7070953845977783,0.0008095238095238096,6.304347826086957,1450,,,,,,,,
,,,6.304347826086957,1450,0.4326258599758148,0.8602941176470589,0.8957952468007313,485.4373,,,,
0.2622,1.1248317956924438,0.0007857142857142857,6.413043478260869,1475,,,,,,,,
,,,6.413043478260869,1475,0.33205604553222656,0.8725490196078431,0.9084507042253521,494.0487,,,,
0.2694,2.0735905170440674,0.0007619047619047619,6.521739130434782,1500,,,,,,,,
,,,6.521739130434782,1500,0.34799474477767944,0.8970588235294118,0.9236363636363636,502.3408,,,,
0.2087,4.401698589324951,0.0007380952380952381,6.630434782608695,1525,,,,,,,,
,,,6.630434782608695,1525,0.39276060461997986,0.875,0.9074410163339381,510.8652,,,,
0.2351,2.0040013790130615,0.0007142857142857143,6.739130434782608,1550,,,,,,,,
,,,6.739130434782608,1550,0.35538169741630554,0.8848039215686274,0.9140767824497258,519.3436,,,,
0.2287,1.5984444618225098,0.0006904761904761905,6.8478260869565215,1575,,,,,,,,
,,,6.8478260869565215,1575,0.36657586693763733,0.8823529411764706,0.9130434782608696,527.602,,,,
0.2712,2.006309986114502,0.0006666666666666666,6.956521739130435,1600,,,,,,,,
,,,6.956521739130435,1600,0.3614467680454254,0.8897058823529411,0.9203539823008849,535.9899,,,,
0.1527,0.4161023199558258,0.0006428571428571429,7.065217391304348,1625,,,,,,,,
,,,7.065217391304348,1625,0.4195650815963745,0.8799019607843137,0.9104204753199269,544.325,,,,
0.2121,2.0039544105529785,0.0006190476190476191,7.173913043478261,1650,,,,,,,,
,,,7.173913043478261,1650,0.5403730869293213,0.8700980392156863,0.9001883239171374,552.5179,,,,
0.1912,1.5097681283950806,0.0005952380952380953,7.282608695652174,1675,,,,,,,,
,,,7.282608695652174,1675,0.40205076336860657,0.8970588235294118,0.9265734265734265,560.8686,,,,
0.2199,1.8134114742279053,0.0005714285714285714,7.391304347826087,1700,,,,,,,,
,,,7.391304347826087,1700,0.40619367361068726,0.8823529411764706,0.916083916083916,569.3554,,,,
0.1457,2.828580856323242,0.0005476190476190477,7.5,1725,,,,,,,,
,,,7.5,1725,0.39897218346595764,0.8774509803921569,0.9094202898550725,577.7251,,,,
0.1841,1.4903401136398315,0.0005238095238095238,7.608695652173913,1750,,,,,,,,
,,,7.608695652173913,1750,0.38968217372894287,0.8774509803921569,0.9113475177304964,586.2116,,,,
0.178,1.4224293231964111,0.0005,7.717391304347826,1775,,,,,,,,
,,,7.717391304347826,1775,0.3949819803237915,0.8872549019607843,0.9190140845070423,594.7229,,,,
0.1203,1.8778189420700073,0.0004761904761904762,7.826086956521739,1800,,,,,,,,
,,,7.826086956521739,1800,0.44834205508232117,0.875,0.9090909090909091,602.8508,,,,
0.1828,5.78231143951416,0.00045238095238095237,7.934782608695652,1825,,,,,,,,
,,,7.934782608695652,1825,0.4403025209903717,0.8774509803921569,0.9090909090909091,611.7318,,,,
0.1963,4.65974760055542,0.00042857142857142855,8.043478260869565,1850,,,,,,,,
,,,8.043478260869565,1850,0.4134548306465149,0.8799019607843137,0.9113924050632911,620.0525,,,,
0.0966,0.35120174288749695,0.0004047619047619048,8.152173913043478,1875,,,,,,,,
,,,8.152173913043478,1875,0.4701385498046875,0.875,0.9100529100529101,628.2683,,,,
0.1244,0.13603158295154572,0.00038095238095238096,8.26086956521739,1900,,,,,,,,
,,,8.26086956521739,1900,0.4850878119468689,0.875,0.9100529100529101,636.8307,,,,
0.1063,5.477433204650879,0.00035714285714285714,8.369565217391305,1925,,,,,,,,
,,,8.369565217391305,1925,0.5098602175712585,0.8578431372549019,0.8960573476702509,645.2408,,,,
0.0962,2.33101224899292,0.0003333333333333333,8.478260869565217,1950,,,,,,,,
,,,8.478260869565217,1950,0.5117335319519043,0.8774509803921569,0.9128919860627178,653.6391,,,,
0.0992,8.619303703308105,0.00030952380952380956,8.58695652173913,1975,,,,,,,,
,,,8.58695652173913,1975,0.5227364897727966,0.8799019607843137,0.9123434704830053,662.112,,,,
0.159,0.3039940595626831,0.0002857142857142857,8.695652173913043,2000,,,,,,,,
,,,8.695652173913043,2000,0.49702727794647217,0.8995098039215687,0.9284467713787086,670.3553,,,,
0.0952,0.9605252146720886,0.0002619047619047619,8.804347826086957,2025,,,,,,,,
,,,8.804347826086957,2025,0.5310302972793579,0.875,0.9077757685352622,679.1053,,,,
0.1499,3.423743963241577,0.0002380952380952381,8.91304347826087,2050,,,,,,,,
,,,8.91304347826087,2050,0.5349330306053162,0.875,0.9113043478260869,687.6226,,,,
0.1573,0.36336255073547363,0.00021428571428571427,9.021739130434783,2075,,,,,,,,
,,,9.021739130434783,2075,0.5081443190574646,0.875,0.9090909090909091,695.7727,,,,
0.0508,0.35385453701019287,0.00019047619047619048,9.130434782608695,2100,,,,,,,,
,,,9.130434782608695,2100,0.5228711366653442,0.875,0.9094138543516875,704.867,,,,
0.1138,2.2794463634490967,0.00016666666666666666,9.23913043478261,2125,,,,,,,,
,,,9.23913043478261,2125,0.517057478427887,0.875,0.9084380610412927,713.1256,,,,
0.0877,0.15416887402534485,0.00014285714285714284,9.347826086956522,2150,,,,,,,,
,,,9.347826086956522,2150,0.519961953163147,0.875,0.9087656529516995,721.4156,,,,
0.0762,0.5092630982398987,0.00011904761904761905,9.456521739130435,2175,,,,,,,,
,,,9.456521739130435,2175,0.5178852677345276,0.8799019607843137,0.9123434704830053,729.972,,,,
0.0703,0.1600852608680725,9.523809523809524e-05,9.565217391304348,2200,,,,,,,,
,,,9.565217391304348,2200,0.515805721282959,0.8848039215686274,0.9168141592920355,738.1679,,,,
0.097,2.638615369796753,7.142857142857142e-05,9.673913043478262,2225,,,,,,,,
,,,9.673913043478262,2225,0.5179815292358398,0.8872549019607843,0.9181494661921709,746.5017,,,,
0.0732,0.9708399176597595,4.761904761904762e-05,9.782608695652174,2250,,,,,,,,
,,,9.782608695652174,2250,0.5079302191734314,0.8897058823529411,0.9206349206349206,755.0586,,,,
0.1021,3.798100471496582,2.380952380952381e-05,9.891304347826086,2275,,,,,,,,
,,,9.891304347826086,2275,0.5093979835510254,0.8872549019607843,0.9181494661921709,763.361,,,,
0.0983,0.09188935160636902,0.0,10.0,2300,,,,,,,,
,,,10.0,2300,0.5102852582931519,0.8848039215686274,0.9162210338680927,771.8598,,,,
,,,10.0,2300,,,,771.4681,47.546,2.981,1480838823800448.0,0.33943943267283233
