loss,grad_norm,learning_rate,epoch,step,eval_loss,eval_accuracy,eval_f1,train_runtime,train_samples_per_second,train_steps_per_second,total_flos,train_loss
2.3862,4.286147594451904,1e-05,0.0625,1,,,,,,,,
2.2985,3.5304746627807617,0.0001,0.625,10,,,,,,,,
,,,0.625,10,2.239867925643921,0.4107142857142857,0.1940928270042194,4.5957,,,,
2.1265,3.2396650314331055,0.0002,1.25,20,,,,,,,,
,,,1.25,20,2.061399221420288,0.4107142857142857,0.1940928270042194,8.9312,,,,
1.9556,2.256294012069702,0.0003,1.875,30,,,,,,,,
,,,1.875,30,1.8872578144073486,0.5,0.24617886178861784,13.0861,,,,
1.8411,1.2924755811691284,0.0004,2.5,40,,,,,,,,
,,,2.5,40,1.644659161567688,0.5535714285714286,0.323086196503918,17.2996,,,,
1.4276,2.3056013584136963,0.0005,3.125,50,,,,,,,,
,,,3.125,50,1.2646270990371704,0.6964285714285714,0.4872514619883041,21.5342,,,,
1.0857,1.2602343559265137,0.00048148148148148144,3.75,60,,,,,,,,
,,,3.75,60,0.9132769703865051,0.6964285714285714,0.4872881355932203,25.8318,,,,
0.9112,2.8550865650177,0.000462962962962963,4.375,70,,,,,,,,
,,,4.375,70,0.870905339717865,0.6607142857142857,0.46037296037296044,30.0225,,,,
0.7873,3.9758846759796143,0.0004444444444444444,5.0,80,,,,,,,,
,,,5.0,80,0.8144093155860901,0.6964285714285714,0.48424908424908425,34.1691,,,,
0.7386,1.4754267930984497,0.00042592592592592595,5.625,90,,,,,,,,
,,,5.625,90,0.8213942646980286,0.6964285714285714,0.4872514619883041,38.6579,,,,
0.8244,1.8169350624084473,0.0004074074074074074,6.25,100,,,,,,,,
,,,6.25,100,0.7868961095809937,0.6785714285714286,0.47478301665493783,42.8993,,,,
0.7486,4.381040573120117,0.0003888888888888889,6.875,110,,,,,,,,
,,,6.875,110,0.7802384495735168,0.7142857142857143,0.49642769154964284,47.0121,,,,
0.8434,0.7137844562530518,0.00037037037037037035,7.5,120,,,,,,,,
,,,7.5,120,0.8006776571273804,0.6964285714285714,0.4861402282785931,50.9148,,,,
0.7059,1.7271803617477417,0.0003518518518518519,8.125,130,,,,,,,,
,,,8.125,130,0.7488592863082886,0.6964285714285714,0.48424908424908425,55.3777,,,,
0.7423,0.9320328235626221,0.0003333333333333333,8.75,140,,,,,,,,
,,,8.75,140,0.7311776280403137,0.7142857142857143,0.4991636798088411,59.972,,,,
0.6143,1.3727145195007324,0.0003148148148148148,9.375,150,,,,,,,,
,,,9.375,150,0.7459731698036194,0.6964285714285714,0.48646125116713357,64.1261,,,,
0.7089,2.4964652061462402,0.0002962962962962963,10.0,160,,,,,,,,
,,,10.0,160,0.7117906212806702,0.6785714285714286,0.47478301665493783,68.3468,,,,
0.6032,0.7159298658370972,0.0002777777777777778,10.625,170,,,,,,,,
,,,10.625,170,0.7016414999961853,0.6964285714285714,0.4872881355932203,72.8098,,,,
0.7008,1.100715160369873,0.00025925925925925926,11.25,180,,,,,,,,
,,,11.25,180,0.6927968859672546,0.7142857142857143,0.4991636798088411,76.9634,,,,
0.5686,0.6614869236946106,0.00024074074074074072,11.875,190,,,,,,,,
,,,11.875,190,0.6846548914909363,0.7321428571428571,0.5122356854359705,81.5966,,,,
0.5291,5.066290855407715,0.0002222222222222222,12.5,200,,,,,,,,
,,,12.5,200,0.688757061958313,0.6785714285714286,0.47478301665493783,85.6848,,,,
0.6442,1.413322925567627,0.0002037037037037037,13.125,210,,,,,,,,
,,,13.125,210,0.6703682541847229,0.6964285714285714,0.4872881355932203,89.8518,,,,
0.5715,1.4199416637420654,0.00018518518518518518,13.75,220,,,,,,,,
,,,13.75,220,0.67025226354599,0.6964285714285714,0.4872881355932203,94.4845,,,,
0.5249,2.016047954559326,0.00016666666666666666,14.375,230,,,,,,,,
,,,14.375,230,0.6648654341697693,0.7142857142857143,0.49976359338061477,98.9348,,,,
0.6111,3.1566414833068848,0.00014814814814814815,15.0,240,,,,,,,,
,,,15.0,240,0.6534938216209412,0.6964285714285714,0.4872881355932203,103.0029,,,,
0.5047,1.6657510995864868,0.00012962962962962963,15.625,250,,,,,,,,
,,,15.625,250,0.6407398581504822,0.6964285714285714,0.4872881355932203,107.3445,,,,
0.5267,1.4178369045257568,0.0001111111111111111,16.25,260,,,,,,,,
,,,16.25,260,0.6413806080818176,0.6964285714285714,0.4868139700641481,111.8514,,,,
0.4889,3.544198751449585,9.259259259259259e-05,16.875,270,,,,,,,,
,,,16.875,270,0.6430451273918152,0.7142857142857143,0.4991636798088411,116.1079,,,,
0.5827,1.4076427221298218,7.407407407407407e-05,17.5,280,,,,,,,,
,,,17.5,280,0.6280661821365356,0.7142857142857143,0.49976359338061477,120.6662,,,,
0.4293,1.390741229057312,5.555555555555555e-05,18.125,290,,,,,,,,
,,,18.125,290,0.6212640404701233,0.6964285714285714,0.4872881355932203,124.8227,,,,
0.4784,3.133805990219116,3.7037037037037037e-05,18.75,300,,,,,,,,
,,,18.75,300,0.6176290512084961,0.6964285714285714,0.4872881355932203,129.2991,,,,
0.5018,3.1227009296417236,1.8518518518518518e-05,19.375,310,,,,,,,,
,,,19.375,310,0.6139620542526245,0.6964285714285714,0.4872881355932203,133.2275,,,,
0.4544,3.7185537815093994,0.0,20.0,320,,,,,,,,
,,,20.0,320,0.6126025915145874,0.6964285714285714,0.4872881355932203,137.8189,,,,
,,,20.0,320,,,,137.4309,36.382,2.328,452243323863360.0,0.8465277343988419
