loss,grad_norm,learning_rate,epoch,step,eval_loss,eval_accuracy,eval_f1,train_runtime,train_samples_per_second,train_steps_per_second,total_flos,train_loss
0.7555,4.198652267456055,1e-05,0.008695652173913044,1,,,,,,,,
0.6808,2.017242908477783,0.00025,0.21739130434782608,25,,,,,,,,
,,,0.21739130434782608,25,1.241348147392273,0.6838235294117647,0.8122270742358079,12.29,,,,
0.6412,0.3727165758609772,0.0005,0.43478260869565216,50,,,,,,,,
,,,0.43478260869565216,50,1.2326247692108154,0.6838235294117647,0.8122270742358079,24.5212,,,,
0.596,0.6175003051757812,0.00075,0.6521739130434783,75,,,,,,,,
,,,0.6521739130434783,75,1.2371690273284912,0.7377450980392157,0.8298887122416534,36.3869,,,,
0.5573,2.0288279056549072,0.001,0.8695652173913043,100,,,,,,,,
,,,0.8695652173913043,100,1.1325210332870483,0.7818627450980392,0.8278529980657641,48.8328,,,,
0.4853,1.0236244201660156,0.00125,1.0869565217391304,125,,,,,,,,
,,,1.0869565217391304,125,1.1590944528579712,0.8431372549019608,0.8805970149253732,60.6189,,,,
0.4983,1.3590764999389648,0.0015,1.3043478260869565,150,,,,,,,,
,,,1.3043478260869565,150,1.3280566930770874,0.8112745098039216,0.8735632183908046,72.5909,,,,
0.4453,0.6669137477874756,0.00175,1.5217391304347827,175,,,,,,,,
,,,1.5217391304347827,175,1.4280929565429688,0.8651960784313726,0.9026548672566371,84.8397,,,,
0.3901,0.849000096321106,0.002,1.7391304347826086,200,,,,,,,,
,,,1.7391304347826086,200,1.644371747970581,0.8725490196078431,0.9078014184397164,97.0559,,,,
0.4627,2.3327629566192627,0.0019473684210526317,1.9565217391304348,225,,,,,,,,
,,,1.9565217391304348,225,1.962141752243042,0.8872549019607843,0.9198606271777002,109.1153,,,,
0.3662,1.5474060773849487,0.001894736842105263,2.1739130434782608,250,,,,,,,,
,,,2.1739130434782608,250,2.1311590671539307,0.8700980392156863,0.9061946902654867,121.1755,,,,
0.3166,0.6315587759017944,0.0018421052631578947,2.391304347826087,275,,,,,,,,
,,,2.391304347826087,275,2.378884792327881,0.8848039215686274,0.9147005444646098,133.0581,,,,
0.3316,2.6851444244384766,0.0017894736842105263,2.608695652173913,300,,,,,,,,
,,,2.608695652173913,300,2.679471254348755,0.8676470588235294,0.9081632653061223,145.2449,,,,
0.3508,1.2616603374481201,0.001736842105263158,2.8260869565217392,325,,,,,,,,
,,,2.8260869565217392,325,2.7746663093566895,0.8799019607843137,0.9141856392294221,157.3848,,,,
0.2603,1.012069821357727,0.0016842105263157893,3.0434782608695654,350,,,,,,,,
,,,3.0434782608695654,350,3.07840633392334,0.8382352941176471,0.8903654485049834,169.6068,,,,
0.2416,1.50978422164917,0.001631578947368421,3.260869565217391,375,,,,,,,,
,,,3.260869565217391,375,3.330599546432495,0.8382352941176471,0.8932038834951458,181.6134,,,,
0.2115,1.7290220260620117,0.0015789473684210526,3.4782608695652173,400,,,,,,,,
,,,3.4782608695652173,400,3.514033555984497,0.8406862745098039,0.8929159802306424,193.7656,,,,
0.258,2.078583002090454,0.0015263157894736842,3.6956521739130435,425,,,,,,,,
,,,3.6956521739130435,425,3.5000736713409424,0.8848039215686274,0.9182608695652175,205.825,,,,
0.256,1.0247225761413574,0.0014736842105263158,3.9130434782608696,450,,,,,,,,
,,,3.9130434782608696,450,3.657890796661377,0.8774509803921569,0.9146757679180888,218.2242,,,,
0.2197,2.783313274383545,0.0014210526315789475,4.130434782608695,475,,,,,,,,
,,,4.130434782608695,475,3.8954341411590576,0.8725490196078431,0.9118644067796611,230.1108,,,,
0.2204,1.334874153137207,0.001368421052631579,4.3478260869565215,500,,,,,,,,
,,,4.3478260869565215,500,3.9056475162506104,0.8897058823529411,0.922279792746114,242.1953,,,,
0.2129,0.931560754776001,0.0013157894736842107,4.565217391304348,525,,,,,,,,
,,,4.565217391304348,525,3.9700019359588623,0.8872549019607843,0.9169675090252707,254.5734,,,,
0.1356,0.6887416839599609,0.0012631578947368421,4.782608695652174,550,,,,,,,,
,,,4.782608695652174,550,4.132272720336914,0.8921568627450981,0.9228070175438596,266.9089,,,,
0.1423,1.9013375043869019,0.0012105263157894737,5.0,575,,,,,,,,
,,,5.0,575,4.226968288421631,0.8946078431372549,0.9238938053097344,278.8506,,,,
0.1093,3.8224058151245117,0.0011578947368421054,5.217391304347826,600,,,,,,,,
,,,5.217391304347826,600,4.360489368438721,0.8848039215686274,0.9188255613126081,291.092,,,,
0.095,1.3799591064453125,0.001105263157894737,5.434782608695652,625,,,,,,,,
,,,5.434782608695652,625,4.436017036437988,0.8921568627450981,0.921146953405018,302.9378,,,,
0.1016,1.3050720691680908,0.0010526315789473684,5.6521739130434785,650,,,,,,,,
,,,5.6521739130434785,650,4.56760311126709,0.8897058823529411,0.922279792746114,315.1931,,,,
0.1159,1.328342080116272,0.001,5.869565217391305,675,,,,,,,,
,,,5.869565217391305,675,4.538997173309326,0.8921568627450981,0.921146953405018,327.3128,,,,
0.0739,1.078535795211792,0.0009473684210526315,6.086956521739131,700,,,,,,,,
,,,6.086956521739131,700,4.723983287811279,0.8823529411764706,0.9163763066202091,339.6444,,,,
0.0827,1.115012288093567,0.0008947368421052632,6.304347826086957,725,,,,,,,,
,,,6.304347826086957,725,4.710214138031006,0.8995098039215687,0.9274336283185841,351.8065,,,,
0.1018,0.5239185094833374,0.0008421052631578947,6.521739130434782,750,,,,,,,,
,,,6.521739130434782,750,4.676294326782227,0.8872549019607843,0.9192982456140351,364.0439,,,,
0.0559,1.002845048904419,0.0007894736842105263,6.739130434782608,775,,,,,,,,
,,,6.739130434782608,775,4.878196716308594,0.8799019607843137,0.9132743362831858,376.0126,,,,
0.0677,3.023479700088501,0.0007368421052631579,6.956521739130435,800,,,,,,,,
,,,6.956521739130435,800,4.862998962402344,0.8725490196078431,0.9090909090909091,388.3182,,,,
0.0439,0.10854003578424454,0.0006842105263157895,7.173913043478261,825,,,,,,,,
,,,7.173913043478261,825,5.004112243652344,0.875,0.9113043478260869,400.0714,,,,
0.0379,1.3101110458374023,0.0006315789473684211,7.391304347826087,850,,,,,,,,
,,,7.391304347826087,850,5.045000076293945,0.8799019607843137,0.9153713298791019,412.2807,,,,
0.0331,0.14427068829536438,0.0005789473684210527,7.608695652173913,875,,,,,,,,
,,,7.608695652173913,875,4.99587869644165,0.8823529411764706,0.9163763066202091,424.3091,,,,
0.0665,0.08617754280567169,0.0005263157894736842,7.826086956521739,900,,,,,,,,
,,,7.826086956521739,900,4.91873025894165,0.8897058823529411,0.9211908931698775,436.5222,,,,
0.0322,0.06644417345523834,0.00047368421052631577,8.043478260869565,925,,,,,,,,
,,,8.043478260869565,925,4.972989082336426,0.8799019607843137,0.9141856392294221,448.7787,,,,
0.0133,0.06252309679985046,0.00042105263157894734,8.26086956521739,950,,,,,,,,
,,,8.26086956521739,950,5.031116008758545,0.8799019607843137,0.9147826086956522,460.7928,,,,
0.017,0.08047989010810852,0.00036842105263157896,8.478260869565217,975,,,,,,,,
,,,8.478260869565217,975,5.067348003387451,0.8823529411764706,0.9145907473309609,473.237,,,,
0.0287,0.01949976570904255,0.00031578947368421053,8.695652173913043,1000,,,,,,,,
,,,8.695652173913043,1000,5.104073524475098,0.8799019607843137,0.9141856392294221,485.4882,,,,
0.0286,4.843263626098633,0.0002631578947368421,8.91304347826087,1025,,,,,,,,
,,,8.91304347826087,1025,5.081377983093262,0.8872549019607843,0.9175627240143369,497.6918,,,,
0.0456,0.005711553152650595,0.00021052631578947367,9.130434782608695,1050,,,,,,,,
,,,9.130434782608695,1050,5.125563621520996,0.8823529411764706,0.9166666666666667,509.8157,,,,
0.0168,0.10400383919477463,0.00015789473684210527,9.347826086956522,1075,,,,,,,,
,,,9.347826086956522,1075,5.079626560211182,0.8872549019607843,0.9190140845070423,521.6665,,,,
0.0177,0.014665512368083,0.00010526315789473683,9.565217391304348,1100,,,,,,,,
,,,9.565217391304348,1100,5.068564414978027,0.8921568627450981,0.9219858156028369,533.9459,,,,
0.0223,0.007220144849270582,5.263157894736842e-05,9.782608695652174,1125,,,,,,,,
,,,9.782608695652174,1125,5.077467918395996,0.8872549019607843,0.9190140845070423,545.9003,,,,
0.0116,0.012001275084912777,0.0,10.0,1150,,,,,,,,
,,,10.0,1150,5.077388763427734,0.8872549019607843,0.9190140845070423,558.2201,,,,
,,,10.0,1150,,,,557.8283,65.755,2.062,1571678679222144.0,0.20656711451385332
