loss,grad_norm,learning_rate,epoch,step,eval_loss,eval_accuracy,eval_f1,train_runtime,train_samples_per_second,train_steps_per_second,total_flos,train_loss
0.7008,1.440354347229004,2.5e-06,0.004347826086956522,1,,,,,,,,
0.6567,0.8018246293067932,6.25e-05,0.10869565217391304,25,,,,,,,,
,,,0.10869565217391304,25,0.6360417604446411,0.6838235294117647,0.8122270742358079,6.412,,,,
0.6603,1.2579537630081177,0.000125,0.21739130434782608,50,,,,,,,,
,,,0.21739130434782608,50,0.6254213452339172,0.6838235294117647,0.8122270742358079,12.4429,,,,
0.6399,2.469275712966919,0.0001875,0.32608695652173914,75,,,,,,,,
,,,0.32608695652173914,75,0.6214825510978699,0.6838235294117647,0.8122270742358079,18.5774,,,,
0.6415,0.6210871338844299,0.00025,0.43478260869565216,100,,,,,,,,
,,,0.43478260869565216,100,0.6179996728897095,0.6838235294117647,0.8122270742358079,24.6395,,,,
0.6046,1.2452856302261353,0.0003125,0.5434782608695652,125,,,,,,,,
,,,0.5434782608695652,125,0.6144010424613953,0.6838235294117647,0.8122270742358079,30.7358,,,,
0.6425,3.2244560718536377,0.000375,0.6521739130434783,150,,,,,,,,
,,,0.6521739130434783,150,0.6202142238616943,0.6838235294117647,0.8122270742358079,36.8131,,,,
0.6253,0.5130378603935242,0.0004375,0.7608695652173914,175,,,,,,,,
,,,0.7608695652173914,175,0.600200891494751,0.6838235294117647,0.8122270742358079,43.0533,,,,
0.6019,0.6909956336021423,0.0005,0.8695652173913043,200,,,,,,,,
,,,0.8695652173913043,200,0.5321212410926819,0.7058823529411765,0.8153846153846155,49.2495,,,,
0.5819,1.1619412899017334,0.0004940476190476191,0.9782608695652174,225,,,,,,,,
,,,0.9782608695652174,225,0.5181677341461182,0.75,0.8344155844155844,55.3594,,,,
0.5558,1.328644871711731,0.0004880952380952381,1.0869565217391304,250,,,,,,,,
,,,1.0869565217391304,250,0.5502021908760071,0.6936274509803921,0.814264487369985,61.292,,,,
0.5145,0.8080822825431824,0.00048214285714285715,1.1956521739130435,275,,,,,,,,
,,,1.1956521739130435,275,0.4660499393939972,0.7769607843137255,0.8505747126436781,67.3892,,,,
0.509,1.2079473733901978,0.0004761904761904762,1.3043478260869565,300,,,,,,,,
,,,1.3043478260869565,300,0.48025259375572205,0.7622549019607843,0.8452950558213715,73.5486,,,,
0.4639,1.5303764343261719,0.00047023809523809523,1.4130434782608696,325,,,,,,,,
,,,1.4130434782608696,325,0.4710269272327423,0.7671568627450981,0.8140900195694717,79.6037,,,,
0.5022,4.696986675262451,0.00046428571428571433,1.5217391304347827,350,,,,,,,,
,,,1.5217391304347827,350,0.507418692111969,0.7598039215686274,0.8434504792332268,85.7246,,,,
0.4887,1.038194179534912,0.0004583333333333333,1.6304347826086958,375,,,,,,,,
,,,1.6304347826086958,375,0.4193609654903412,0.8014705882352942,0.8586387434554974,91.7289,,,,
0.4246,0.6961526870727539,0.00045238095238095237,1.7391304347826086,400,,,,,,,,
,,,1.7391304347826086,400,0.41481301188468933,0.7965686274509803,0.8637110016420361,97.8604,,,,
0.4762,3.4964711666107178,0.00044642857142857147,1.8478260869565217,425,,,,,,,,
,,,1.8478260869565217,425,0.3874587118625641,0.8137254901960784,0.8637992831541219,104.0087,,,,
0.4489,0.4752849340438843,0.00044047619047619046,1.9565217391304348,450,,,,,,,,
,,,1.9565217391304348,450,0.3793122470378876,0.8137254901960784,0.870307167235495,110.2215,,,,
0.4509,1.3741188049316406,0.00043452380952380956,2.0652173913043477,475,,,,,,,,
,,,2.0652173913043477,475,0.44885528087615967,0.7696078431372549,0.8522012578616351,116.0948,,,,
0.4185,0.6840434074401855,0.00042857142857142855,2.1739130434782608,500,,,,,,,,
,,,2.1739130434782608,500,0.37832653522491455,0.8161764705882353,0.8726655348047537,122.2392,,,,
0.4033,1.1001070737838745,0.00042261904761904765,2.282608695652174,525,,,,,,,,
,,,2.282608695652174,525,0.3640698492527008,0.8333333333333334,0.8776978417266188,128.6061,,,,
0.3656,0.5208178758621216,0.0004166666666666667,2.391304347826087,550,,,,,,,,
,,,2.391304347826087,550,0.3885771334171295,0.8308823529411765,0.8783068783068784,134.7003,,,,
0.4437,0.4835156500339508,0.0004107142857142857,2.5,575,,,,,,,,
,,,2.5,575,0.38041236996650696,0.803921568627451,0.8666666666666666,140.8407,,,,
0.3841,0.49801427125930786,0.0004047619047619048,2.608695652173913,600,,,,,,,,
,,,2.608695652173913,600,0.36240723729133606,0.8406862745098039,0.8873483535528597,146.9222,,,,
0.4069,0.5670469403266907,0.00039880952380952383,2.717391304347826,625,,,,,,,,
,,,2.717391304347826,625,0.380933940410614,0.8235294117647058,0.8803986710963455,153.1142,,,,
0.4534,1.3221293687820435,0.0003928571428571429,2.8260869565217392,650,,,,,,,,
,,,2.8260869565217392,650,0.3373253345489502,0.8553921568627451,0.8959435626102292,159.2848,,,,
0.3543,1.3794022798538208,0.0003869047619047619,2.9347826086956523,675,,,,,,,,
,,,2.9347826086956523,675,0.3489737808704376,0.8431372549019608,0.888888888888889,165.5073,,,,
0.3679,2.442117929458618,0.00038095238095238096,3.0434782608695654,700,,,,,,,,
,,,3.0434782608695654,700,0.39900490641593933,0.8161764705882353,0.8756218905472636,171.3852,,,,
0.3921,1.4587156772613525,0.000375,3.1521739130434785,725,,,,,,,,
,,,3.1521739130434785,725,0.4350784122943878,0.8014705882352942,0.8687196110210698,177.5315,,,,
0.3963,0.6837209463119507,0.00036904761904761905,3.260869565217391,750,,,,,,,,
,,,3.260869565217391,750,0.4377167224884033,0.8088235294117647,0.8741935483870967,183.6665,,,,
0.3138,1.5591192245483398,0.0003630952380952381,3.369565217391304,775,,,,,,,,
,,,3.369565217391304,775,0.37040063738822937,0.8529411764705882,0.8976109215017065,189.691,,,,
0.3535,2.1403231620788574,0.00035714285714285714,3.4782608695652173,800,,,,,,,,
,,,3.4782608695652173,800,0.4012145698070526,0.8357843137254902,0.8873949579831933,195.7973,,,,
0.4096,0.7291417121887207,0.0003511904761904762,3.5869565217391304,825,,,,,,,,
,,,3.5869565217391304,825,0.33356237411499023,0.8431372549019608,0.8915254237288135,201.9384,,,,
0.3733,0.7914581894874573,0.00034523809523809523,3.6956521739130435,850,,,,,,,,
,,,3.6956521739130435,850,0.3187377452850342,0.8651960784313726,0.9019607843137256,208.137,,,,
0.3538,2.37198805809021,0.00033928571428571433,3.8043478260869565,875,,,,,,,,
,,,3.8043478260869565,875,0.3242763876914978,0.8480392156862745,0.8912280701754387,214.2733,,,,
0.3689,0.8780400156974792,0.0003333333333333333,3.9130434782608696,900,,,,,,,,
,,,3.9130434782608696,900,0.3443232774734497,0.8553921568627451,0.899488926746167,220.41,,,,
0.3647,0.9008651375770569,0.00032738095238095237,4.021739130434782,925,,,,,,,,
,,,4.021739130434782,925,0.3265879154205322,0.8553921568627451,0.8966725043782837,226.3661,,,,
0.325,0.6575402021408081,0.00032142857142857147,4.130434782608695,950,,,,,,,,
,,,4.130434782608695,950,0.3212105631828308,0.8725490196078431,0.9094076655052264,232.4907,,,,
0.3787,1.1482152938842773,0.00031547619047619046,4.239130434782608,975,,,,,,,,
,,,4.239130434782608,975,0.32134127616882324,0.8627450980392157,0.903114186851211,238.4769,,,,
0.3573,0.637625515460968,0.00030952380952380956,4.3478260869565215,1000,,,,,,,,
,,,4.3478260869565215,1000,0.3280806541442871,0.8504901960784313,0.8950086058519794,244.5132,,,,
0.3547,2.3768632411956787,0.00030357142857142855,4.456521739130435,1025,,,,,,,,
,,,4.456521739130435,1025,0.3185463845729828,0.8602941176470589,0.8961748633879781,251.1054,,,,
0.3209,1.4267387390136719,0.00029761904761904765,4.565217391304348,1050,,,,,,,,
,,,4.565217391304348,1050,0.3363613188266754,0.8627450980392157,0.902439024390244,257.2437,,,,
0.2957,0.6257628798484802,0.0002916666666666667,4.673913043478261,1075,,,,,,,,
,,,4.673913043478261,1075,0.3209857642650604,0.8676470588235294,0.9025270758122744,263.3486,,,,
0.2867,1.3549484014511108,0.0002857142857142857,4.782608695652174,1100,,,,,,,,
,,,4.782608695652174,1100,0.31551918387413025,0.8725490196078431,0.907473309608541,269.4546,,,,
0.3235,0.8635954856872559,0.0002797619047619048,4.891304347826087,1125,,,,,,,,
,,,4.891304347826087,1125,0.3110368847846985,0.8700980392156863,0.9061946902654867,275.5871,,,,
0.3169,0.10178032517433167,0.0002738095238095238,5.0,1150,,,,,,,,
,,,5.0,1150,0.3030988872051239,0.8700980392156863,0.9048473967684021,281.6697,,,,
0.3083,0.4245508909225464,0.00026785714285714287,5.108695652173913,1175,,,,,,,,
,,,5.108695652173913,1175,0.34439435601234436,0.8504901960784313,0.8974789915966387,287.7513,,,,
0.3141,1.5438027381896973,0.0002619047619047619,5.217391304347826,1200,,,,,,,,
,,,5.217391304347826,1200,0.31227827072143555,0.8725490196078431,0.9094076655052264,293.8973,,,,
0.3075,0.7147532105445862,0.00025595238095238096,5.326086956521739,1225,,,,,,,,
,,,5.326086956521739,1225,0.30163756012916565,0.8725490196078431,0.907473309608541,300.0283,,,,
0.3494,0.5991581678390503,0.00025,5.434782608695652,1250,,,,,,,,
,,,5.434782608695652,1250,0.302511602640152,0.875,0.9090909090909091,306.0478,,,,
0.2593,1.0309418439865112,0.00024404761904761905,5.543478260869565,1275,,,,,,,,
,,,5.543478260869565,1275,0.31062400341033936,0.8799019607843137,0.9113924050632911,312.1349,,,,
0.2883,0.6477072834968567,0.0002380952380952381,5.6521739130434785,1300,,,,,,,,
,,,5.6521739130434785,1300,0.31378382444381714,0.8651960784313726,0.9023090586145649,318.2343,,,,
0.2767,1.4218170642852783,0.00023214285714285717,5.760869565217392,1325,,,,,,,,
,,,5.760869565217392,1325,0.3256695568561554,0.8602941176470589,0.9012131715771231,324.4791,,,,
0.3144,1.2332650423049927,0.00022619047619047618,5.869565217391305,1350,,,,,,,,
,,,5.869565217391305,1350,0.29936012625694275,0.8725490196078431,0.9061371841155236,330.6552,,,,
0.3338,0.4518362879753113,0.00022023809523809523,5.978260869565218,1375,,,,,,,,
,,,5.978260869565218,1375,0.3014052212238312,0.875,0.9064220183486239,336.9357,,,,
0.2278,1.3852595090866089,0.00021428571428571427,6.086956521739131,1400,,,,,,,,
,,,6.086956521739131,1400,0.4132373332977295,0.8357843137254902,0.8907014681892333,342.9453,,,,
0.3086,0.4824303388595581,0.00020833333333333335,6.195652173913044,1425,,,,,,,,
,,,6.195652173913044,1425,0.30538812279701233,0.8676470588235294,0.9039145907473309,349.3124,,,,
0.295,0.8763183951377869,0.0002023809523809524,6.304347826086957,1450,,,,,,,,
,,,6.304347826086957,1450,0.3361547887325287,0.8676470588235294,0.8984962406015039,355.2975,,,,
0.3457,0.7437376379966736,0.00019642857142857144,6.413043478260869,1475,,,,,,,,
,,,6.413043478260869,1475,0.3159823715686798,0.8602941176470589,0.9012131715771231,361.4728,,,,
0.3159,0.565791130065918,0.00019047619047619048,6.521739130434782,1500,,,,,,,,
,,,6.521739130434782,1500,0.2972729206085205,0.8725490196078431,0.9047619047619048,367.5117,,,,
0.2745,3.0277633666992188,0.00018452380952380953,6.630434782608695,1525,,,,,,,,
,,,6.630434782608695,1525,0.34114527702331543,0.8504901960784313,0.8953687821612349,374.1372,,,,
0.315,0.45068496465682983,0.00017857142857142857,6.739130434782608,1550,,,,,,,,
,,,6.739130434782608,1550,0.30285438895225525,0.875,0.9077757685352622,380.1612,,,,
0.2765,1.6173408031463623,0.00017261904761904762,6.8478260869565215,1575,,,,,,,,
,,,6.8478260869565215,1575,0.30572882294654846,0.8725490196078431,0.9054545454545455,386.3052,,,,
0.2964,0.49115121364593506,0.00016666666666666666,6.956521739130435,1600,,,,,,,,
,,,6.956521739130435,1600,0.3086879253387451,0.8676470588235294,0.9028776978417268,392.4386,,,,
0.2536,0.6889810562133789,0.00016071428571428573,7.065217391304348,1625,,,,,,,,
,,,7.065217391304348,1625,0.3167426884174347,0.8676470588235294,0.9039145907473309,398.4765,,,,
0.276,0.9210523962974548,0.00015476190476190478,7.173913043478261,1650,,,,,,,,
,,,7.173913043478261,1650,0.3038026690483093,0.8725490196078431,0.9064748201438848,404.5307,,,,
0.2602,0.8566161394119263,0.00014880952380952382,7.282608695652174,1675,,,,,,,,
,,,7.282608695652174,1675,0.3075108528137207,0.8627450980392157,0.9020979020979022,410.6575,,,,
0.2697,0.6450194120407104,0.00014285714285714284,7.391304347826087,1700,,,,,,,,
,,,7.391304347826087,1700,0.29478999972343445,0.8774509803921569,0.9097472924187725,416.8266,,,,
0.2782,0.44728603959083557,0.0001369047619047619,7.5,1725,,,,,,,,
,,,7.5,1725,0.3001275062561035,0.8799019607843137,0.9113924050632911,423.0538,,,,
0.2872,0.7935081720352173,0.00013095238095238096,7.608695652173913,1750,,,,,,,,
,,,7.608695652173913,1750,0.29757481813430786,0.8725490196078431,0.9068100358422939,429.1491,,,,
0.3062,1.4833343029022217,0.000125,7.717391304347826,1775,,,,,,,,
,,,7.717391304347826,1775,0.2994009852409363,0.8676470588235294,0.9045936395759717,435.3254,,,,
0.2622,0.5628422498703003,0.00011904761904761905,7.826086956521739,1800,,,,,,,,
,,,7.826086956521739,1800,0.3077102303504944,0.8651960784313726,0.9029982363315697,441.3703,,,,
0.2559,0.7030118107795715,0.00011309523809523809,7.934782608695652,1825,,,,,,,,
,,,7.934782608695652,1825,0.2993936538696289,0.8774509803921569,0.9097472924187725,447.6619,,,,
0.34,0.6022865176200867,0.00010714285714285714,8.043478260869565,1850,,,,,,,,
,,,8.043478260869565,1850,0.31266987323760986,0.8602941176470589,0.900523560209424,453.6341,,,,
0.2773,1.0125418901443481,0.0001011904761904762,8.152173913043478,1875,,,,,,,,
,,,8.152173913043478,1875,0.2975284159183502,0.8774509803921569,0.9100719424460433,459.8309,,,,
0.2385,0.32818734645843506,9.523809523809524e-05,8.26086956521739,1900,,,,,,,,
,,,8.26086956521739,1900,0.31711265444755554,0.8627450980392157,0.9020979020979022,465.9753,,,,
0.2816,0.7873092889785767,8.928571428571429e-05,8.369565217391305,1925,,,,,,,,
,,,8.369565217391305,1925,0.2975434958934784,0.8799019607843137,0.9117117117117116,472.219,,,,
0.2637,0.8968167901039124,8.333333333333333e-05,8.478260869565217,1950,,,,,,,,
,,,8.478260869565217,1950,0.3054553270339966,0.8676470588235294,0.9052631578947367,478.4075,,,,
0.2396,1.0844781398773193,7.738095238095239e-05,8.58695652173913,1975,,,,,,,,
,,,8.58695652173913,1975,0.3152998089790344,0.8651960784313726,0.9043478260869565,484.5047,,,,
0.2518,1.0317180156707764,7.142857142857142e-05,8.695652173913043,2000,,,,,,,,
,,,8.695652173913043,2000,0.3137388825416565,0.8700980392156863,0.9071803852889667,490.5646,,,,
0.2733,1.4468060731887817,6.547619047619048e-05,8.804347826086957,2025,,,,,,,,
,,,8.804347826086957,2025,0.30857452750205994,0.8799019607843137,0.9123434704830053,497.154,,,,
0.3034,1.4344829320907593,5.9523809523809524e-05,8.91304347826087,2050,,,,,,,,
,,,8.91304347826087,2050,0.30425190925598145,0.875,0.9090909090909091,503.2993,,,,
0.3074,0.41428112983703613,5.357142857142857e-05,9.021739130434783,2075,,,,,,,,
,,,9.021739130434783,2075,0.30613887310028076,0.8676470588235294,0.9049295774647886,509.2858,,,,
0.2375,0.2996586859226227,4.761904761904762e-05,9.130434782608695,2100,,,,,,,,
,,,9.130434782608695,2100,0.2977236807346344,0.875,0.9084380610412927,515.3767,,,,
0.2401,0.49661964178085327,4.1666666666666665e-05,9.23913043478261,2125,,,,,,,,
,,,9.23913043478261,2125,0.2996543049812317,0.875,0.9084380610412927,521.4879,,,,
0.2939,0.5411943793296814,3.571428571428571e-05,9.347826086956522,2150,,,,,,,,
,,,9.347826086956522,2150,0.3032073378562927,0.8725490196078431,0.9081272084805654,527.5586,,,,
0.2559,0.4576215445995331,2.9761904761904762e-05,9.456521739130435,2175,,,,,,,,
,,,9.456521739130435,2175,0.2998259365558624,0.8725490196078431,0.907473309608541,533.7446,,,,
0.2609,0.4817241430282593,2.380952380952381e-05,9.565217391304348,2200,,,,,,,,
,,,9.565217391304348,2200,0.3101288378238678,0.8676470588235294,0.9052631578947367,539.826,,,,
0.3033,0.4788542687892914,1.7857142857142855e-05,9.673913043478262,2225,,,,,,,,
,,,9.673913043478262,2225,0.30321940779685974,0.8700980392156863,0.9065255731922399,545.9535,,,,
0.2561,0.3548131585121155,1.1904761904761905e-05,9.782608695652174,2250,,,,,,,,
,,,9.782608695652174,2250,0.301630437374115,0.8700980392156863,0.9065255731922399,552.0395,,,,
0.251,1.9382268190383911,5.9523809523809525e-06,9.891304347826086,2275,,,,,,,,
,,,9.891304347826086,2275,0.3015436828136444,0.8700980392156863,0.9065255731922399,558.2245,,,,
0.2525,0.7204861640930176,0.0,10.0,2300,,,,,,,,
,,,10.0,2300,0.3010006546974182,0.8725490196078431,0.9081272084805654,564.2466,,,,
,,,10.0,2300,,,,563.924,65.044,4.079,1530446719931808.0,0.36259351237960485
