loss,grad_norm,learning_rate,epoch,step,eval_loss,eval_accuracy,eval_f1,train_runtime,train_samples_per_second,train_steps_per_second,total_flos,train_loss
0.6801,0.6104013919830322,2.5e-06,0.0,1,,,,,,,,
0.705,0.8738372921943665,6.25e-05,0.11,25,,,,,,,,
,,,0.11,25,0.6408571600914001,0.6838235294117647,0.8122270742358079,6.2176,,,,
0.6649,2.227273464202881,0.000125,0.22,50,,,,,,,,
,,,0.22,50,0.6177059412002563,0.6838235294117647,0.8122270742358079,11.9414,,,,
0.638,1.5121432542800903,0.0001875,0.33,75,,,,,,,,
,,,0.33,75,0.6260072588920593,0.6838235294117647,0.8122270742358079,17.9363,,,,
0.6277,1.7509191036224365,0.00025,0.43,100,,,,,,,,
,,,0.43,100,0.5285820960998535,0.7156862745098039,0.8258258258258258,23.8687,,,,
0.4859,10.108784675598145,0.0003125,0.54,125,,,,,,,,
,,,0.54,125,0.48245900869369507,0.8088235294117647,0.8641114982578396,29.9355,,,,
0.5159,9.00595474243164,0.000375,0.65,150,,,,,,,,
,,,0.65,150,0.4600570797920227,0.8137254901960784,0.870307167235495,35.8405,,,,
0.5481,13.73690414428711,0.0004375,0.76,175,,,,,,,,
,,,0.76,175,0.4802948534488678,0.7818627450980392,0.8552845528455285,41.8681,,,,
0.4969,8.508251190185547,0.0005,0.87,200,,,,,,,,
,,,0.87,200,0.38685914874076843,0.8455882352941176,0.8934010152284263,47.7216,,,,
0.5641,2.515275239944458,0.0004940476190476191,0.98,225,,,,,,,,
,,,0.98,225,0.5259206295013428,0.7401960784313726,0.777310924369748,53.5235,,,,
0.5178,5.282895565032959,0.0004880952380952381,1.09,250,,,,,,,,
,,,1.09,250,0.45487159490585327,0.7671568627450981,0.8527131782945736,59.0213,,,,
0.4522,6.024319171905518,0.00048214285714285715,1.2,275,,,,,,,,
,,,1.2,275,0.4034806191921234,0.8161764705882353,0.8700173310225303,64.7881,,,,
0.4503,5.109963893890381,0.0004761904761904762,1.3,300,,,,,,,,
,,,1.3,300,0.35589927434921265,0.8529411764705882,0.8969072164948454,70.4777,,,,
0.3777,7.5775909423828125,0.00047023809523809523,1.41,325,,,,,,,,
,,,1.41,325,0.42228689789772034,0.8259803921568627,0.8765217391304347,76.2152,,,,
0.4239,13.29896354675293,0.00046428571428571433,1.52,350,,,,,,,,
,,,1.52,350,0.357076495885849,0.8578431372549019,0.8975265017667844,81.9285,,,,
0.4733,5.574113368988037,0.0004583333333333333,1.63,375,,,,,,,,
,,,1.63,375,0.3228732943534851,0.8627450980392157,0.9003558718861211,87.6461,,,,
0.3752,12.192788124084473,0.00045238095238095237,1.74,400,,,,,,,,
,,,1.74,400,0.42603230476379395,0.8553921568627451,0.8987993138936535,93.3511,,,,
0.4248,5.452356338500977,0.00044642857142857147,1.85,425,,,,,,,,
,,,1.85,425,0.37642040848731995,0.8504901960784313,0.8950086058519794,99.2444,,,,
0.4087,44.341094970703125,0.00044047619047619046,1.96,450,,,,,,,,
,,,1.96,450,0.47228068113327026,0.8553921568627451,0.8955752212389381,105.1427,,,,
0.3322,12.724285125732422,0.00043452380952380956,2.07,475,,,,,,,,
,,,2.07,475,0.35230734944343567,0.8627450980392157,0.8970588235294118,110.782,,,,
0.3708,15.544506072998047,0.00042857142857142855,2.17,500,,,,,,,,
,,,2.17,500,0.44289401173591614,0.8651960784313726,0.8987108655616944,116.5931,,,,
0.3175,4.522457122802734,0.00042261904761904765,2.28,525,,,,,,,,
,,,2.28,525,0.3176520764827728,0.8700980392156863,0.9055258467023173,122.6208,,,,
0.2995,5.70619010925293,0.0004166666666666667,2.39,550,,,,,,,,
,,,2.39,550,0.38800156116485596,0.8651960784313726,0.9005424954792043,128.3713,,,,
0.3581,21.481290817260742,0.0004107142857142857,2.5,575,,,,,,,,
,,,2.5,575,0.49066606163978577,0.8235294117647058,0.8819672131147541,134.1754,,,,
0.3385,12.142547607421875,0.0004047619047619048,2.61,600,,,,,,,,
,,,2.61,600,0.42363619804382324,0.8578431372549019,0.9033333333333333,139.9065,,,,
0.2907,9.605765342712402,0.00039880952380952383,2.72,625,,,,,,,,
,,,2.72,625,0.3527946472167969,0.8651960784313726,0.9069373942470389,145.7613,,,,
0.3633,13.748784065246582,0.0003928571428571429,2.83,650,,,,,,,,
,,,2.83,650,0.3215988874435425,0.8651960784313726,0.9033391915641477,151.5782,,,,
0.3322,5.945389270782471,0.0003869047619047619,2.93,675,,,,,,,,
,,,2.93,675,0.3194553256034851,0.8872549019607843,0.9192982456140351,157.3818,,,,
0.272,5.9721221923828125,0.00038095238095238096,3.04,700,,,,,,,,
,,,3.04,700,0.4548315405845642,0.8774509803921569,0.9128919860627178,162.9301,,,,
0.2862,10.523117065429688,0.000375,3.15,725,,,,,,,,
,,,3.15,725,0.3790818154811859,0.8700980392156863,0.9051878354203935,168.6851,,,,
0.2682,4.482978820800781,0.00036904761904761905,3.26,750,,,,,,,,
,,,3.26,750,0.32804542779922485,0.875,0.9094138543516875,174.5638,,,,
0.2727,11.43571949005127,0.0003630952380952381,3.37,775,,,,,,,,
,,,3.37,775,0.3421860635280609,0.8700980392156863,0.9075043630017452,180.2083,,,,
0.2912,15.873913764953613,0.00035714285714285714,3.48,800,,,,,,,,
,,,3.48,800,0.35871416330337524,0.8676470588235294,0.9065743944636677,186.0369,,,,
0.3167,14.399714469909668,0.0003511904761904762,3.59,825,,,,,,,,
,,,3.59,825,0.38740450143814087,0.8823529411764706,0.9157894736842105,191.841,,,,
0.266,9.342771530151367,0.00034523809523809523,3.7,850,,,,,,,,
,,,3.7,850,0.32305437326431274,0.8848039215686274,0.91651865008881,197.8069,,,,
0.2334,37.64398193359375,0.00033928571428571433,3.8,875,,,,,,,,
,,,3.8,875,0.44345220923423767,0.8725490196078431,0.9068100358422939,203.5872,,,,
0.268,23.405559539794922,0.0003333333333333333,3.91,900,,,,,,,,
,,,3.91,900,0.4089641571044922,0.8799019607843137,0.913884007029877,209.4841,,,,
0.2811,12.65292739868164,0.00032738095238095237,4.02,925,,,,,,,,
,,,4.02,925,0.3756392300128937,0.875,0.9103690685413005,215.1153,,,,
0.1554,17.721147537231445,0.00032142857142857147,4.13,950,,,,,,,,
,,,4.13,950,0.4074321389198303,0.8897058823529411,0.9220103986135182,221.0164,,,,
0.2039,26.016372680664062,0.00031547619047619046,4.24,975,,,,,,,,
,,,4.24,975,0.48306402564048767,0.8578431372549019,0.9026845637583893,226.6759,,,,
0.2436,8.825870513916016,0.00030952380952380956,4.35,1000,,,,,,,,
,,,4.35,1000,0.3306961953639984,0.8897058823529411,0.9225473321858865,232.443,,,,
0.2652,10.529184341430664,0.00030357142857142855,4.46,1025,,,,,,,,
,,,4.46,1025,0.29798898100852966,0.8897058823529411,0.9206349206349206,238.5748,,,,
0.1638,15.559832572937012,0.00029761904761904765,4.57,1050,,,,,,,,
,,,4.57,1050,0.4930897653102875,0.8602941176470589,0.9035532994923857,244.4201,,,,
0.2324,2.8309762477874756,0.0002916666666666667,4.67,1075,,,,,,,,
,,,4.67,1075,0.4809953272342682,0.8651960784313726,0.9012567324955117,250.1656,,,,
0.1734,11.751187324523926,0.0002857142857142857,4.78,1100,,,,,,,,
,,,4.78,1100,0.5470421314239502,0.8553921568627451,0.8963093145869947,255.9764,,,,
0.2038,22.518465042114258,0.0002797619047619048,4.89,1125,,,,,,,,
,,,4.89,1125,0.42509713768959045,0.8578431372549019,0.8996539792387542,261.7813,,,,
0.2436,0.8281856179237366,0.0002738095238095238,5.0,1150,,,,,,,,
,,,5.0,1150,0.49516284465789795,0.8700980392156863,0.9051878354203935,267.5945,,,,
0.1714,0.4108588695526123,0.00026785714285714287,5.11,1175,,,,,,,,
,,,5.11,1175,0.4921022653579712,0.8725490196078431,0.9100346020761245,273.3264,,,,
0.1451,31.918935775756836,0.0002619047619047619,5.22,1200,,,,,,,,
,,,5.22,1200,0.47426822781562805,0.8823529411764706,0.9148936170212766,279.1823,,,,
0.1008,7.606995582580566,0.00025595238095238096,5.33,1225,,,,,,,,
,,,5.33,1225,0.5549293160438538,0.875,0.9064220183486239,285.0327,,,,
0.2193,22.07790756225586,0.00025,5.43,1250,,,,,,,,
,,,5.43,1250,0.4984503388404846,0.8651960784313726,0.8998178506375228,290.7604,,,,
0.1951,1.4594738483428955,0.00024404761904761905,5.54,1275,,,,,,,,
,,,5.54,1275,0.49424153566360474,0.8627450980392157,0.8989169675090252,296.5917,,,,
0.179,19.184036254882812,0.0002380952380952381,5.65,1300,,,,,,,,
,,,5.65,1300,0.5247551798820496,0.8799019607843137,0.9107468123861567,302.3562,,,,
0.1835,5.922356128692627,0.00023214285714285717,5.76,1325,,,,,,,,
,,,5.76,1325,0.5536668300628662,0.875,0.9106830122591945,308.3443,,,,
0.2273,2.647779703140259,0.00022619047619047618,5.87,1350,,,,,,,,
,,,5.87,1350,0.4425365924835205,0.8602941176470589,0.8961748633879781,314.2053,,,,
0.1538,23.570634841918945,0.00022023809523809523,5.98,1375,,,,,,,,
,,,5.98,1375,0.45191657543182373,0.8872549019607843,0.9192982456140351,320.1952,,,,
0.0408,13.77878189086914,0.00021428571428571427,6.09,1400,,,,,,,,
,,,6.09,1400,0.678210437297821,0.8700980392156863,0.9090909090909091,325.8816,,,,
0.1706,31.217100143432617,0.00020833333333333335,6.2,1425,,,,,,,,
,,,6.2,1425,0.5826873183250427,0.8970588235294118,0.9252669039145908,331.9316,,,,
0.1584,17.751224517822266,0.0002023809523809524,6.3,1450,,,,,,,,
,,,6.3,1450,0.513910174369812,0.8946078431372549,0.9233511586452763,337.6006,,,,
0.1516,5.919478416442871,0.00019642857142857144,6.41,1475,,,,,,,,
,,,6.41,1475,0.5359429717063904,0.8946078431372549,0.9241622574955909,343.4992,,,,
0.1525,18.48663902282715,0.00019047619047619048,6.52,1500,,,,,,,,
,,,6.52,1500,0.6305148601531982,0.8823529411764706,0.9157894736842105,349.2439,,,,
0.1148,0.9415216445922852,0.00018452380952380953,6.63,1525,,,,,,,,
,,,6.63,1525,0.6455550789833069,0.8799019607843137,0.9147826086956522,355.636,,,,
0.138,4.079329013824463,0.00017857142857142857,6.74,1550,,,,,,,,
,,,6.74,1550,0.6931824684143066,0.8700980392156863,0.9075043630017452,361.3498,,,,
0.118,41.70646667480469,0.00017261904761904762,6.85,1575,,,,,,,,
,,,6.85,1575,0.63002610206604,0.8848039215686274,0.9168141592920355,367.2285,,,,
0.1345,4.026839256286621,0.00016666666666666666,6.96,1600,,,,,,,,
,,,6.96,1600,0.5579055547714233,0.8921568627450981,0.9222614840989399,373.0825,,,,
0.0852,42.327762603759766,0.00016071428571428573,7.07,1625,,,,,,,,
,,,7.07,1625,0.5785150527954102,0.8799019607843137,0.9117117117117116,378.8094,,,,
0.122,0.792660117149353,0.00015476190476190478,7.17,1650,,,,,,,,
,,,7.17,1650,0.5481408834457397,0.8848039215686274,0.9168141592920355,384.5756,,,,
0.0633,27.705636978149414,0.00014880952380952382,7.28,1675,,,,,,,,
,,,7.28,1675,0.6006572246551514,0.8897058823529411,0.9209138840070299,390.3739,,,,
0.0845,2.99796462059021,0.00014285714285714284,7.39,1700,,,,,,,,
,,,7.39,1700,0.6703870892524719,0.8872549019607843,0.9201388888888888,396.2603,,,,
0.1118,0.010397860780358315,0.0001369047619047619,7.5,1725,,,,,,,,
,,,7.5,1725,0.5890459418296814,0.9068627450980392,0.9316546762589928,402.1556,,,,
0.1274,0.6898884177207947,0.00013095238095238096,7.61,1750,,,,,,,,
,,,7.61,1750,0.6134438514709473,0.8946078431372549,0.9222423146473779,407.9806,,,,
0.0886,25.22906494140625,0.000125,7.72,1775,,,,,,,,
,,,7.72,1775,0.8290397524833679,0.8676470588235294,0.9075342465753423,413.8664,,,,
0.0751,0.12231648713350296,0.00011904761904761905,7.83,1800,,,,,,,,
,,,7.83,1800,0.8212298154830933,0.8725490196078431,0.9097222222222222,419.6696,,,,
0.0991,0.4783709943294525,0.00011309523809523809,7.93,1825,,,,,,,,
,,,7.93,1825,0.7389952540397644,0.8848039215686274,0.9171075837742505,425.6457,,,,
0.0743,0.41640615463256836,0.00010714285714285714,8.04,1850,,,,,,,,
,,,8.04,1850,0.7261791825294495,0.8627450980392157,0.903448275862069,431.384,,,,
0.0548,0.016672633588314056,0.0001011904761904762,8.15,1875,,,,,,,,
,,,8.15,1875,0.652632474899292,0.8823529411764706,0.9148936170212766,437.198,,,,
0.0735,0.00794683862477541,9.523809523809524e-05,8.26,1900,,,,,,,,
,,,8.26,1900,0.6636347770690918,0.875,0.9094138543516875,443.0715,,,,
0.0815,0.01061140839010477,8.928571428571429e-05,8.37,1925,,,,,,,,
,,,8.37,1925,0.6531856656074524,0.8921568627450981,0.9208633093525179,448.9246,,,,
0.0835,31.73208236694336,8.333333333333333e-05,8.48,1950,,,,,,,,
,,,8.48,1950,0.6960992217063904,0.8774509803921569,0.9119718309859154,454.8763,,,,
0.0608,16.120254516601562,7.738095238095239e-05,8.59,1975,,,,,,,,
,,,8.59,1975,0.7621931433677673,0.8676470588235294,0.906896551724138,460.603,,,,
0.1183,0.07688543200492859,7.142857142857142e-05,8.7,2000,,,,,,,,
,,,8.7,2000,0.7408769130706787,0.8651960784313726,0.9056603773584906,466.4336,,,,
0.029,52.38536071777344,6.547619047619048e-05,8.8,2025,,,,,,,,
,,,8.8,2025,0.7413435578346252,0.8700980392156863,0.9068541300527241,472.448,,,,
0.0785,30.520511627197266,5.9523809523809524e-05,8.91,2050,,,,,,,,
,,,8.91,2050,0.7635591626167297,0.875,0.9094138543516875,478.3816,,,,
0.0866,25.20796012878418,5.357142857142857e-05,9.02,2075,,,,,,,,
,,,9.02,2075,0.7422206997871399,0.8725490196078431,0.9081272084805654,484.0131,,,,
0.0582,0.011868525296449661,4.761904761904762e-05,9.13,2100,,,,,,,,
,,,9.13,2100,0.7222230434417725,0.8774509803921569,0.9113475177304964,489.8844,,,,
0.0359,0.011291158385574818,4.1666666666666665e-05,9.24,2125,,,,,,,,
,,,9.24,2125,0.76972496509552,0.8676470588235294,0.9059233449477352,495.6421,,,,
0.0322,0.06873167306184769,3.571428571428571e-05,9.35,2150,,,,,,,,
,,,9.35,2150,0.7623951435089111,0.8725490196078431,0.9084507042253521,501.4709,,,,
0.0451,0.019810449331998825,2.9761904761904762e-05,9.46,2175,,,,,,,,
,,,9.46,2175,0.7591060400009155,0.8774509803921569,0.9116607773851589,507.286,,,,
0.0211,0.039027512073516846,2.380952380952381e-05,9.57,2200,,,,,,,,
,,,9.57,2200,0.7605223059654236,0.875,0.9100529100529101,513.112,,,,
0.0694,0.03795083984732628,1.7857142857142855e-05,9.67,2225,,,,,,,,
,,,9.67,2225,0.7650784254074097,0.8700980392156863,0.9068541300527241,518.8907,,,,
0.0583,0.01243108045309782,1.1904761904761905e-05,9.78,2250,,,,,,,,
,,,9.78,2250,0.7387365698814392,0.8725490196078431,0.9084507042253521,524.7124,,,,
0.0312,0.03729387745261192,5.9523809523809525e-06,9.89,2275,,,,,,,,
,,,9.89,2275,0.7352769374847412,0.8774509803921569,0.9116607773851589,530.5694,,,,
0.0389,0.018260903656482697,0.0,10.0,2300,,,,,,,,
,,,10.0,2300,0.735282838344574,0.8799019607843137,0.9132743362831858,536.3279,,,,
,,,10.0,2300,,,,535.8429,68.453,4.292,1460977291679136.0,0.23408003001109415
