loss,grad_norm,learning_rate,epoch,step,eval_loss,eval_accuracy,eval_f1,train_runtime,train_samples_per_second,train_steps_per_second,total_flos,train_loss
1.1838,4.284961700439453,1e-05,0.0625,1,,,,,,,,
1.1014,3.5264508724212646,0.0001,0.625,10,,,,,,,,
,,,0.625,10,1.0554965734481812,0.4107142857142857,0.1940928270042194,4.7937,,,,
0.9666,3.2498016357421875,0.0002,1.25,20,,,,,,,,
,,,1.25,20,0.9415972828865051,0.4107142857142857,0.1940928270042194,9.3332,,,,
0.8887,2.2732558250427246,0.0003,1.875,30,,,,,,,,
,,,1.875,30,0.9023853540420532,0.5,0.24617886178861784,13.6805,,,,
0.9536,1.2005928754806519,0.0004,2.5,40,,,,,,,,
,,,2.5,40,0.8892868161201477,0.6607142857142857,0.44265377383830246,17.9895,,,,
0.8154,2.3280370235443115,0.0005,3.125,50,,,,,,,,
,,,3.125,50,0.857024073600769,0.6964285714285714,0.4872514619883041,22.4001,,,,
0.8476,1.5642743110656738,0.00048148148148148144,3.75,60,,,,,,,,
,,,3.75,60,0.7799314856529236,0.7142857142857143,0.49976359338061477,26.8756,,,,
0.7137,2.791081190109253,0.000462962962962963,4.375,70,,,,,,,,
,,,4.375,70,0.7325450778007507,0.6785714285714286,0.47391812865497074,31.0632,,,,
0.7032,3.439302921295166,0.0004444444444444444,5.0,80,,,,,,,,
,,,5.0,80,0.7243418097496033,0.6785714285714286,0.47478301665493783,35.4396,,,,
0.5862,1.529994249343872,0.00042592592592592595,5.625,90,,,,,,,,
,,,5.625,90,0.6689364314079285,0.7142857142857143,0.49976359338061477,40.1868,,,,
0.5773,2.2497994899749756,0.0004074074074074074,6.25,100,,,,,,,,
,,,6.25,100,0.6247054934501648,0.7321428571428571,0.5115440115440115,44.4371,,,,
0.4454,1.380252718925476,0.0003888888888888889,6.875,110,,,,,,,,
,,,6.875,110,0.5559622049331665,0.7678571428571429,0.5376647834274952,48.7604,,,,
0.3683,1.9317576885223389,0.00037037037037037035,7.5,120,,,,,,,,
,,,7.5,120,0.46494796872138977,0.8035714285714286,0.5613912231559289,52.7465,,,,
0.2955,2.3575119972229004,0.0003518518518518519,8.125,130,,,,,,,,
,,,8.125,130,0.5109891891479492,0.7857142857142857,0.5480140774258421,57.3207,,,,
0.1592,0.9216892123222351,0.0003333333333333333,8.75,140,,,,,,,,
,,,8.75,140,0.3439665734767914,0.8392857142857143,0.7620085071065463,62.1488,,,,
0.1758,1.3794454336166382,0.0003148148148148148,9.375,150,,,,,,,,
,,,9.375,150,0.32645878195762634,0.8392857142857143,0.5916576511599952,66.5165,,,,
0.0908,0.2966620624065399,0.0002962962962962963,10.0,160,,,,,,,,
,,,10.0,160,0.36209067702293396,0.8571428571428571,0.5993408662900189,70.9089,,,,
0.0473,1.2102125883102417,0.0002777777777777778,10.625,170,,,,,,,,
,,,10.625,170,0.39194855093955994,0.8571428571428571,0.5993408662900189,75.6341,,,,
0.1212,1.459531307220459,0.00025925925925925926,11.25,180,,,,,,,,
,,,11.25,180,0.3970339596271515,0.8571428571428571,0.7627257799671593,79.9628,,,,
0.0661,0.015479978173971176,0.00024074074074074072,11.875,190,,,,,,,,
,,,11.875,190,0.25072813034057617,0.9107142857142857,0.8128777556510499,84.7348,,,,
0.0408,0.46074140071868896,0.0002222222222222222,12.5,200,,,,,,,,
,,,12.5,200,0.2566004693508148,0.9107142857142857,0.8650793650793651,88.9756,,,,
0.0176,0.10674382001161575,0.0002037037037037037,13.125,210,,,,,,,,
,,,13.125,210,0.1949569433927536,0.9107142857142857,0.8128777556510499,93.2963,,,,
0.0354,0.7422717213630676,0.00018518518518518518,13.75,220,,,,,,,,
,,,13.75,220,0.18329814076423645,0.9285714285714286,0.877846211272863,98.1079,,,,
0.0144,0.04131320118904114,0.00016666666666666666,14.375,230,,,,,,,,
,,,14.375,230,0.215464249253273,0.9107142857142857,0.8128777556510499,102.7721,,,,
0.0245,0.4615305960178375,0.00014814814814814815,15.0,240,,,,,,,,
,,,15.0,240,0.1720040887594223,0.9285714285714286,0.877846211272863,107.0449,,,,
0.0103,0.06197742745280266,0.00012962962962962963,15.625,250,,,,,,,,
,,,15.625,250,0.1579173058271408,0.9464285714285714,0.9297816053135203,111.4803,,,,
0.0097,0.36629045009613037,0.0001111111111111111,16.25,260,,,,,,,,
,,,16.25,260,0.1560375988483429,0.9464285714285714,0.9297816053135203,116.035,,,,
0.0105,0.08141392469406128,9.259259259259259e-05,16.875,270,,,,,,,,
,,,16.875,270,0.17797382175922394,0.9285714285714286,0.877846211272863,120.5487,,,,
0.0154,0.043249305337667465,7.407407407407407e-05,17.5,280,,,,,,,,
,,,17.5,280,0.1733255386352539,0.9285714285714286,0.877846211272863,125.2444,,,,
0.0101,1.231860637664795,5.555555555555555e-05,18.125,290,,,,,,,,
,,,18.125,290,0.16124141216278076,0.9285714285714286,0.877846211272863,129.5973,,,,
0.0106,0.08507663011550903,3.7037037037037037e-05,18.75,300,,,,,,,,
,,,18.75,300,0.17218072712421417,0.9285714285714286,0.877846211272863,134.3221,,,,
0.0113,0.23836441338062286,1.8518518518518518e-05,19.375,310,,,,,,,,
,,,19.375,310,0.17029595375061035,0.9285714285714286,0.877846211272863,138.3524,,,,
0.0075,0.0902673751115799,0.0,20.0,320,,,,,,,,
,,,20.0,320,0.16881033778190613,0.9285714285714286,0.877846211272863,142.9536,,,,
,,,20.0,320,,,,142.4527,35.099,2.246,456088174355520.0,0.31717650801874697
