loss,grad_norm,learning_rate,epoch,step,eval_loss,eval_accuracy,eval_f1,train_runtime,train_samples_per_second,train_steps_per_second,total_flos,train_loss
0.6987,1.063956618309021,2.5e-06,0.0,1,,,,,,,,
0.6713,0.7429989576339722,6.25e-05,0.11,25,,,,,,,,
,,,0.11,25,0.6408345103263855,0.6838235294117647,0.8122270742358079,6.1802,,,,
0.6592,1.3054887056350708,0.000125,0.22,50,,,,,,,,
,,,0.22,50,0.6245364546775818,0.6838235294117647,0.8122270742358079,11.8616,,,,
0.6411,2.451404571533203,0.0001875,0.33,75,,,,,,,,
,,,0.33,75,0.6203009486198425,0.6838235294117647,0.8122270742358079,17.8122,,,,
0.6391,1.0877997875213623,0.00025,0.43,100,,,,,,,,
,,,0.43,100,0.6111547350883484,0.6838235294117647,0.8122270742358079,23.7474,,,,
0.5949,0.8161952495574951,0.0003125,0.54,125,,,,,,,,
,,,0.54,125,0.5765654444694519,0.7009803921568627,0.8189910979228486,29.7246,,,,
0.5565,8.099868774414062,0.000375,0.65,150,,,,,,,,
,,,0.65,150,0.5329801440238953,0.7598039215686274,0.8429487179487178,35.6376,,,,
0.5534,4.83113956451416,0.0004375,0.76,175,,,,,,,,
,,,0.76,175,0.4361920952796936,0.8137254901960784,0.867595818815331,41.589,,,,
0.4832,4.1486968994140625,0.0005,0.87,200,,,,,,,,
,,,0.87,200,0.45916852355003357,0.7990196078431373,0.8633333333333334,47.4525,,,,
0.5447,2.663036584854126,0.0004940476190476191,0.98,225,,,,,,,,
,,,0.98,225,0.44627663493156433,0.8186274509803921,0.8576923076923076,53.1555,,,,
0.4913,2.456873893737793,0.0004880952380952381,1.09,250,,,,,,,,
,,,1.09,250,0.47173136472702026,0.8014705882352942,0.8704000000000001,58.7104,,,,
0.4804,0.9595860242843628,0.00048214285714285715,1.2,275,,,,,,,,
,,,1.2,275,0.44332489371299744,0.7794117647058824,0.8575949367088608,64.3536,,,,
0.4588,2.492527961730957,0.0004761904761904762,1.3,300,,,,,,,,
,,,1.3,300,0.4050973951816559,0.8235294117647058,0.8783783783783784,70.0532,,,,
0.4103,3.0272929668426514,0.00047023809523809523,1.41,325,,,,,,,,
,,,1.41,325,0.3861369788646698,0.821078431372549,0.8588007736943907,75.7103,,,,
0.4411,4.059892654418945,0.00046428571428571433,1.52,350,,,,,,,,
,,,1.52,350,0.38342317938804626,0.8455882352941176,0.8892794376098417,81.3956,,,,
0.4257,1.4758261442184448,0.0004583333333333333,1.63,375,,,,,,,,
,,,1.63,375,0.3424082100391388,0.8578431372549019,0.8945454545454546,87.1202,,,,
0.3255,2.9634578227996826,0.00045238095238095237,1.74,400,,,,,,,,
,,,1.74,400,0.4393835663795471,0.8627450980392157,0.8985507246376813,92.8154,,,,
0.4412,3.2380030155181885,0.00044642857142857147,1.85,425,,,,,,,,
,,,1.85,425,0.3395649790763855,0.8602941176470589,0.8994708994708994,98.7317,,,,
0.3884,1.5290130376815796,0.00044047619047619046,1.96,450,,,,,,,,
,,,1.96,450,0.36738279461860657,0.8480392156862745,0.8916083916083916,104.6239,,,,
0.3348,3.5165181159973145,0.00043452380952380956,2.07,475,,,,,,,,
,,,2.07,475,0.5319709777832031,0.8406862745098039,0.8925619834710743,110.236,,,,
0.3794,1.3696283102035522,0.00042857142857142855,2.17,500,,,,,,,,
,,,2.17,500,0.3338184654712677,0.8431372549019608,0.8805970149253732,116.0843,,,,
0.3564,3.9108033180236816,0.00042261904761904765,2.28,525,,,,,,,,
,,,2.28,525,0.3463484048843384,0.8406862745098039,0.8766603415559773,122.37,,,,
0.3067,1.8505653142929077,0.0004166666666666667,2.39,550,,,,,,,,
,,,2.39,550,0.3658551871776581,0.8602941176470589,0.900523560209424,128.1632,,,,
0.354,2.846888303756714,0.0004107142857142857,2.5,575,,,,,,,,
,,,2.5,575,0.3423509895801544,0.8529411764705882,0.8979591836734693,133.9079,,,,
0.3276,3.3860361576080322,0.0004047619047619048,2.61,600,,,,,,,,
,,,2.61,600,0.35669660568237305,0.8529411764705882,0.894736842105263,139.7709,,,,
0.3025,3.77241587638855,0.00039880952380952383,2.72,625,,,,,,,,
,,,2.72,625,0.4488722085952759,0.8480392156862745,0.8973509933774835,145.5848,,,,
0.4164,5.377674579620361,0.0003928571428571429,2.83,650,,,,,,,,
,,,2.83,650,0.3395529091358185,0.8529411764705882,0.8976109215017065,151.4409,,,,
0.3135,3.5482683181762695,0.0003869047619047619,2.93,675,,,,,,,,
,,,2.93,675,0.39805158972740173,0.8553921568627451,0.8977469670710572,157.2244,,,,
0.2781,5.423565864562988,0.00038095238095238096,3.04,700,,,,,,,,
,,,3.04,700,0.457440048456192,0.8627450980392157,0.9037800687285222,162.7475,,,,
0.3399,7.681245803833008,0.000375,3.15,725,,,,,,,,
,,,3.15,725,0.5316119194030762,0.8308823529411765,0.886326194398682,168.5066,,,,
0.3452,1.8074052333831787,0.00036904761904761905,3.26,750,,,,,,,,
,,,3.26,750,0.45427030324935913,0.8504901960784313,0.8991735537190082,174.2767,,,,
0.2478,3.8767781257629395,0.0003630952380952381,3.37,775,,,,,,,,
,,,3.37,775,0.3899388909339905,0.8553921568627451,0.8970331588132635,179.9972,,,,
0.2822,5.629022598266602,0.00035714285714285714,3.48,800,,,,,,,,
,,,3.48,800,0.4054666757583618,0.8627450980392157,0.9037800687285222,185.7276,,,,
0.3462,2.7596611976623535,0.0003511904761904762,3.59,825,,,,,,,,
,,,3.59,825,0.3068414330482483,0.8921568627450981,0.9219858156028369,191.6092,,,,
0.3044,2.8998234272003174,0.00034523809523809523,3.7,850,,,,,,,,
,,,3.7,850,0.3256829082965851,0.8700980392156863,0.9078260869565218,197.4541,,,,
0.2764,12.779533386230469,0.00033928571428571433,3.8,875,,,,,,,,
,,,3.8,875,0.40189555287361145,0.8529411764705882,0.894736842105263,203.3047,,,,
0.3009,7.235073089599609,0.0003333333333333333,3.91,900,,,,,,,,
,,,3.91,900,0.42376387119293213,0.8382352941176471,0.89,209.1213,,,,
0.3187,5.737918376922607,0.00032738095238095237,4.02,925,,,,,,,,
,,,4.02,925,0.3793414235115051,0.8455882352941176,0.8934010152284263,214.7621,,,,
0.2244,1.025006890296936,0.00032142857142857147,4.13,950,,,,,,,,
,,,4.13,950,0.37052130699157715,0.8578431372549019,0.8978873239436619,220.6224,,,,
0.2806,9.317699432373047,0.00031547619047619046,4.24,975,,,,,,,,
,,,4.24,975,0.3849542737007141,0.8529411764705882,0.8976109215017065,226.2773,,,,
0.2917,1.9830958843231201,0.00030952380952380956,4.35,1000,,,,,,,,
,,,4.35,1000,0.36452019214630127,0.8504901960784313,0.8953687821612349,232.0692,,,,
0.2887,3.4684958457946777,0.00030357142857142855,4.46,1025,,,,,,,,
,,,4.46,1025,0.31867966055870056,0.8651960784313726,0.9009009009009009,238.5071,,,,
0.2314,5.018388271331787,0.00029761904761904765,4.57,1050,,,,,,,,
,,,4.57,1050,0.37982648611068726,0.8602941176470589,0.8994708994708994,244.4213,,,,
0.2145,2.8903918266296387,0.0002916666666666667,4.67,1075,,,,,,,,
,,,4.67,1075,0.4035443365573883,0.8504901960784313,0.8920353982300885,250.1308,,,,
0.2268,2.8955624103546143,0.0002857142857142857,4.78,1100,,,,,,,,
,,,4.78,1100,0.3992260992527008,0.8504901960784313,0.893169877408056,255.9977,,,,
0.2455,2.9230093955993652,0.0002797619047619048,4.89,1125,,,,,,,,
,,,4.89,1125,0.35293465852737427,0.8676470588235294,0.9032258064516129,261.7283,,,,
0.2057,0.039544396102428436,0.0002738095238095238,5.0,1150,,,,,,,,
,,,5.0,1150,0.3800088167190552,0.8700980392156863,0.9055258467023173,267.526,,,,
0.1727,2.063763380050659,0.00026785714285714287,5.11,1175,,,,,,,,
,,,5.11,1175,0.383783221244812,0.8725490196078431,0.9064748201438848,273.2613,,,,
0.2253,4.869729518890381,0.0002619047619047619,5.22,1200,,,,,,,,
,,,5.22,1200,0.4079126715660095,0.8455882352941176,0.893760539629005,279.073,,,,
0.1965,4.877779006958008,0.00025595238095238096,5.33,1225,,,,,,,,
,,,5.33,1225,0.35789623856544495,0.8848039215686274,0.9150090415913201,284.9346,,,,
0.2416,2.761261224746704,0.00025,5.43,1250,,,,,,,,
,,,5.43,1250,0.4614398777484894,0.8602941176470589,0.9008695652173914,290.62,,,,
0.2079,6.328742980957031,0.00024404761904761905,5.54,1275,,,,,,,,
,,,5.54,1275,0.4222441613674164,0.8676470588235294,0.9049295774647886,296.4392,,,,
0.2016,2.958820343017578,0.0002380952380952381,5.65,1300,,,,,,,,
,,,5.65,1300,0.40005606412887573,0.8774509803921569,0.9097472924187725,302.1814,,,,
0.1695,2.14128041267395,0.00023214285714285717,5.76,1325,,,,,,,,
,,,5.76,1325,0.45009544491767883,0.8774509803921569,0.9116607773851589,308.102,,,,
0.2386,7.215339660644531,0.00022619047619047618,5.87,1350,,,,,,,,
,,,5.87,1350,0.394015371799469,0.8725490196078431,0.9054545454545455,313.9602,,,,
0.2268,2.13346004486084,0.00022023809523809523,5.98,1375,,,,,,,,
,,,5.98,1375,0.3730729818344116,0.8823529411764706,0.9139784946236559,319.8275,,,,
0.1311,10.783767700195312,0.00021428571428571427,6.09,1400,,,,,,,,
,,,6.09,1400,0.7410345077514648,0.8357843137254902,0.8896210873146623,325.5311,,,,
0.2507,2.511042356491089,0.00020833333333333335,6.2,1425,,,,,,,,
,,,6.2,1425,0.42366746068000793,0.8553921568627451,0.8981001727115717,331.4641,,,,
0.1961,3.921457052230835,0.0002023809523809524,6.3,1450,,,,,,,,
,,,6.3,1450,0.4667486250400543,0.8676470588235294,0.8984962406015039,337.225,,,,
0.2238,2.292081832885742,0.00019642857142857144,6.41,1475,,,,,,,,
,,,6.41,1475,0.42040976881980896,0.8700980392156863,0.905861456483126,342.9868,,,,
0.2405,3.37502384185791,0.00019047619047619048,6.52,1500,,,,,,,,
,,,6.52,1500,0.43225860595703125,0.8651960784313726,0.9029982363315697,348.8138,,,,
0.1547,7.977438926696777,0.00018452380952380953,6.63,1525,,,,,,,,
,,,6.63,1525,0.4849305748939514,0.8627450980392157,0.900709219858156,355.2267,,,,
0.2106,0.7877016067504883,0.00017857142857142857,6.74,1550,,,,,,,,
,,,6.74,1550,0.465772807598114,0.8676470588235294,0.9032258064516129,360.9958,,,,
0.1663,1.4914237260818481,0.00017261904761904762,6.85,1575,,,,,,,,
,,,6.85,1575,0.4667551815509796,0.8799019607843137,0.913884007029877,366.7317,,,,
0.2051,3.3168323040008545,0.00016666666666666666,6.96,1600,,,,,,,,
,,,6.96,1600,0.4539821147918701,0.8799019607843137,0.9135802469135803,372.5655,,,,
0.193,4.765890121459961,0.00016071428571428573,7.07,1625,,,,,,,,
,,,7.07,1625,0.4385239779949188,0.8848039215686274,0.9150090415913201,378.2521,,,,
0.178,3.487474203109741,0.00015476190476190478,7.17,1650,,,,,,,,
,,,7.17,1650,0.40259477496147156,0.8799019607843137,0.9113924050632911,383.9764,,,,
0.1737,2.8061838150024414,0.00014880952380952382,7.28,1675,,,,,,,,
,,,7.28,1675,0.4953911602497101,0.8676470588235294,0.909090909090909,389.7951,,,,
0.1785,4.126197814941406,0.00014285714285714284,7.39,1700,,,,,,,,
,,,7.39,1700,0.4317333698272705,0.8700980392156863,0.9071803852889667,395.6277,,,,
0.1405,1.2914613485336304,0.0001369047619047619,7.5,1725,,,,,,,,
,,,7.5,1725,0.452345609664917,0.8823529411764706,0.9130434782608696,401.6061,,,,
0.1698,7.703888416290283,0.00013095238095238096,7.61,1750,,,,,,,,
,,,7.61,1750,0.43168461322784424,0.8725490196078431,0.9078014184397164,407.3915,,,,
0.2055,3.680518627166748,0.000125,7.72,1775,,,,,,,,
,,,7.72,1775,0.46045416593551636,0.8602941176470589,0.8998242530755711,413.2613,,,,
0.1476,2.4408581256866455,0.00011904761904761905,7.83,1800,,,,,,,,
,,,7.83,1800,0.4705665409564972,0.8651960784313726,0.9026548672566371,418.9938,,,,
0.1527,2.12845778465271,0.00011309523809523809,7.93,1825,,,,,,,,
,,,7.93,1825,0.4428025782108307,0.8799019607843137,0.9117117117117116,424.9529,,,,
0.2367,7.038829326629639,0.00010714285714285714,8.04,1850,,,,,,,,
,,,8.04,1850,0.49981191754341125,0.8578431372549019,0.8999999999999999,430.6719,,,,
0.1519,0.9206593036651611,0.0001011904761904762,8.15,1875,,,,,,,,
,,,8.15,1875,0.45528119802474976,0.8774509803921569,0.9107142857142857,436.4396,,,,
0.1111,0.936974287033081,9.523809523809524e-05,8.26,1900,,,,,,,,
,,,8.26,1900,0.49895134568214417,0.8700980392156863,0.9061946902654867,442.3581,,,,
0.1434,0.34268930554389954,8.928571428571429e-05,8.37,1925,,,,,,,,
,,,8.37,1925,0.4784337282180786,0.8676470588235294,0.9045936395759717,448.2005,,,,
0.1394,3.603355884552002,8.333333333333333e-05,8.48,1950,,,,,,,,
,,,8.48,1950,0.4908370077610016,0.8700980392156863,0.9061946902654867,454.1923,,,,
0.1066,2.3018105030059814,7.738095238095239e-05,8.59,1975,,,,,,,,
,,,8.59,1975,0.5424215793609619,0.8602941176470589,0.9018932874354562,459.878,,,,
0.1896,3.7256886959075928,7.142857142857142e-05,8.7,2000,,,,,,,,
,,,8.7,2000,0.5121651887893677,0.8725490196078431,0.9087719298245615,465.7206,,,,
0.1432,2.367936372756958,6.547619047619048e-05,8.8,2025,,,,,,,,
,,,8.8,2025,0.5057266354560852,0.8799019607843137,0.9126559714795008,472.0355,,,,
0.213,5.154065132141113,5.9523809523809524e-05,8.91,2050,,,,,,,,
,,,8.91,2050,0.500175952911377,0.8651960784313726,0.9036777583187391,477.848,,,,
0.1938,2.1956114768981934,5.357142857142857e-05,9.02,2075,,,,,,,,
,,,9.02,2075,0.47851914167404175,0.8676470588235294,0.90625,483.5428,,,,
0.1223,5.973573207855225,4.761904761904762e-05,9.13,2100,,,,,,,,
,,,9.13,2100,0.4758917987346649,0.8799019607843137,0.9126559714795008,489.2837,,,,
0.1565,1.6092967987060547,4.1666666666666665e-05,9.24,2125,,,,,,,,
,,,9.24,2125,0.49302318692207336,0.8725490196078431,0.907473309608541,495.1679,,,,
0.1875,3.9343605041503906,3.571428571428571e-05,9.35,2150,,,,,,,,
,,,9.35,2150,0.5409775376319885,0.8676470588235294,0.9065743944636677,500.9125,,,,
0.1581,0.4745118319988251,2.9761904761904762e-05,9.46,2175,,,,,,,,
,,,9.46,2175,0.5013930797576904,0.875,0.9100529100529101,506.8075,,,,
0.1303,3.791409969329834,2.380952380952381e-05,9.57,2200,,,,,,,,
,,,9.57,2200,0.49882787466049194,0.8725490196078431,0.9081272084805654,512.5402,,,,
0.1543,5.7433037757873535,1.7857142857142855e-05,9.67,2225,,,,,,,,
,,,9.67,2225,0.49115219712257385,0.875,0.9097345132743363,518.373,,,,
0.1363,0.6198594570159912,1.1904761904761905e-05,9.78,2250,,,,,,,,
,,,9.78,2250,0.4955865442752838,0.8700980392156863,0.9068541300527241,524.1603,,,,
0.1532,2.037513256072998,5.9523809523809525e-06,9.89,2275,,,,,,,,
,,,9.89,2275,0.490661084651947,0.8725490196078431,0.9081272084805654,529.973,,,,
0.114,0.1300312876701355,0.0,10.0,2300,,,,,,,,
,,,10.0,2300,0.49095460772514343,0.8725490196078431,0.9081272084805654,535.7472,,,,
,,,10.0,2300,,,,535.3426,68.517,4.296,1456015189661088.0,0.2792107491907866
