loss,grad_norm,learning_rate,epoch,step,eval_loss,eval_accuracy,eval_f1,train_runtime,train_samples_per_second,train_steps_per_second,total_flos,train_loss
0.7008,1.4820126295089722,2.5e-06,0.0,1,,,,,,,,
0.6546,1.1043918132781982,6.25e-05,0.11,25,,,,,,,,
,,,0.11,25,0.62975013256073,0.6838235294117647,0.8122270742358079,6.1188,,,,
0.6672,4.113409042358398,0.000125,0.22,50,,,,,,,,
,,,0.22,50,0.6296817660331726,0.6838235294117647,0.8122270742358079,11.802,,,,
0.6395,1.7782044410705566,0.0001875,0.33,75,,,,,,,,
,,,0.33,75,0.617772102355957,0.6838235294117647,0.8122270742358079,17.6366,,,,
0.6309,2.4092838764190674,0.00025,0.43,100,,,,,,,,
,,,0.43,100,0.533141553401947,0.7009803921568627,0.8173652694610778,23.3358,,,,
0.5289,4.069233417510986,0.0003125,0.54,125,,,,,,,,
,,,0.54,125,0.5309581160545349,0.7377450980392157,0.833592534992224,29.1402,,,,
0.5181,9.803467750549316,0.000375,0.65,150,,,,,,,,
,,,0.65,150,0.7884671092033386,0.7622549019607843,0.8519083969465648,34.8263,,,,
0.5582,7.388417720794678,0.0004375,0.76,175,,,,,,,,
,,,0.76,175,0.4775911569595337,0.8063725490196079,0.8581687612208259,40.8071,,,,
0.5011,9.353845596313477,0.0005,0.87,200,,,,,,,,
,,,0.87,200,0.6157435178756714,0.7598039215686274,0.848297213622291,46.6189,,,,
0.4694,7.703218936920166,0.0004940476190476191,0.98,225,,,,,,,,
,,,0.98,225,0.4472910463809967,0.7696078431372549,0.8057851239669421,52.4709,,,,
0.4775,4.800248622894287,0.0004880952380952381,1.09,250,,,,,,,,
,,,1.09,250,0.407947838306427,0.8161764705882353,0.8549323017408125,58.0443,,,,
0.4541,5.985515117645264,0.00048214285714285715,1.2,275,,,,,,,,
,,,1.2,275,0.3912788927555084,0.8235294117647058,0.8779661016949152,63.8808,,,,
0.4384,12.632344245910645,0.0004761904761904762,1.3,300,,,,,,,,
,,,1.3,300,0.601450502872467,0.7818627450980392,0.8528925619834711,69.671,,,,
0.5172,15.253883361816406,0.00047023809523809523,1.41,325,,,,,,,,
,,,1.41,325,0.503970742225647,0.8235294117647058,0.8827361563517915,75.473,,,,
0.4551,11.207893371582031,0.00046428571428571433,1.52,350,,,,,,,,
,,,1.52,350,0.42053428292274475,0.8529411764705882,0.8939929328621908,81.2514,,,,
0.4625,6.718011379241943,0.0004583333333333333,1.63,375,,,,,,,,
,,,1.63,375,0.3999346196651459,0.8382352941176471,0.8740458015267176,86.9934,,,,
0.4077,3.559673309326172,0.00045238095238095237,1.74,400,,,,,,,,
,,,1.74,400,0.41229256987571716,0.8382352941176471,0.89,92.7467,,,,
0.4366,8.114221572875977,0.00044642857142857147,1.85,425,,,,,,,,
,,,1.85,425,0.39146777987480164,0.8259803921568627,0.8830313014827017,98.6151,,,,
0.4476,7.009061336517334,0.00044047619047619046,1.96,450,,,,,,,,
,,,1.96,450,0.38253313302993774,0.8553921568627451,0.8917431192660551,104.4949,,,,
0.3837,29.316980361938477,0.00043452380952380956,2.07,475,,,,,,,,
,,,2.07,475,0.38162901997566223,0.8553921568627451,0.8921389396709324,110.0786,,,,
0.4018,7.881264686584473,0.00042857142857142855,2.17,500,,,,,,,,
,,,2.17,500,0.3496546745300293,0.8406862745098039,0.8841354723707666,115.8446,,,,
0.3637,6.3157782554626465,0.00042261904761904765,2.28,525,,,,,,,,
,,,2.28,525,0.3583084046840668,0.8308823529411765,0.8824531516183987,121.9866,,,,
0.4049,7.918057441711426,0.0004166666666666667,2.39,550,,,,,,,,
,,,2.39,550,0.351080060005188,0.8480392156862745,0.8812260536398467,127.7087,,,,
0.3528,16.125566482543945,0.0004107142857142857,2.5,575,,,,,,,,
,,,2.5,575,0.3506275713443756,0.8602941176470589,0.9028960817717206,133.4744,,,,
0.3642,17.17704963684082,0.0004047619047619048,2.61,600,,,,,,,,
,,,2.61,600,0.3419417142868042,0.8651960784313726,0.9040139616055847,139.2275,,,,
0.3423,8.578471183776855,0.00039880952380952383,2.72,625,,,,,,,,
,,,2.72,625,0.35980507731437683,0.8480392156862745,0.89198606271777,145.0715,,,,
0.3517,18.19857406616211,0.0003928571428571429,2.83,650,,,,,,,,
,,,2.83,650,0.36285272240638733,0.8725490196078431,0.9090909090909091,150.9026,,,,
0.3268,13.705150604248047,0.0003869047619047619,2.93,675,,,,,,,,
,,,2.93,675,0.3945745825767517,0.8529411764705882,0.8983050847457628,156.7417,,,,
0.2905,7.2150349617004395,0.00038095238095238096,3.04,700,,,,,,,,
,,,3.04,700,0.4788190424442291,0.8455882352941176,0.893760539629005,162.3187,,,,
0.3155,8.837620735168457,0.000375,3.15,725,,,,,,,,
,,,3.15,725,0.31772464513778687,0.8700980392156863,0.9045045045045046,168.0729,,,,
0.283,6.028304576873779,0.00036904761904761905,3.26,750,,,,,,,,
,,,3.26,750,0.3374879062175751,0.8725490196078431,0.9081272084805654,173.9548,,,,
0.2925,30.997072219848633,0.0003630952380952381,3.37,775,,,,,,,,
,,,3.37,775,0.4372844994068146,0.8676470588235294,0.9032258064516129,179.6147,,,,
0.2591,14.795342445373535,0.00035714285714285714,3.48,800,,,,,,,,
,,,3.48,800,0.4540707767009735,0.8161764705882353,0.8772504091653027,185.4668,,,,
0.4356,18.628416061401367,0.0003511904761904762,3.59,825,,,,,,,,
,,,3.59,825,0.36451196670532227,0.8602941176470589,0.8998242530755711,191.2643,,,,
0.3145,5.662686347961426,0.00034523809523809523,3.7,850,,,,,,,,
,,,3.7,850,0.31066831946372986,0.8602941176470589,0.8983957219251337,197.1952,,,,
0.3062,37.954078674316406,0.00033928571428571433,3.8,875,,,,,,,,
,,,3.8,875,0.5499464273452759,0.8553921568627451,0.899488926746167,202.9913,,,,
0.3631,10.350504875183105,0.0003333333333333333,3.91,900,,,,,,,,
,,,3.91,900,0.3736629784107208,0.8455882352941176,0.8941176470588236,208.9371,,,,
0.303,7.8959174156188965,0.00032738095238095237,4.02,925,,,,,,,,
,,,4.02,925,0.3489997982978821,0.8676470588235294,0.9039145907473309,214.5723,,,,
0.1946,3.7929389476776123,0.00032142857142857147,4.13,950,,,,,,,,
,,,4.13,950,0.45852166414260864,0.8774509803921569,0.9113475177304964,220.4595,,,,
0.2165,18.024702072143555,0.00031547619047619046,4.24,975,,,,,,,,
,,,4.24,975,0.5706209540367126,0.8308823529411765,0.8855721393034827,226.1087,,,,
0.2913,22.536924362182617,0.00030952380952380956,4.35,1000,,,,,,,,
,,,4.35,1000,0.4147443473339081,0.8627450980392157,0.903114186851211,231.8733,,,,
0.2553,11.316154479980469,0.00030357142857142855,4.46,1025,,,,,,,,
,,,4.46,1025,0.3797900676727295,0.8553921568627451,0.8955752212389381,238.0127,,,,
0.2256,5.5835981369018555,0.00029761904761904765,4.57,1050,,,,,,,,
,,,4.57,1050,0.512381911277771,0.8602941176470589,0.9015544041450777,243.8791,,,,
0.276,0.444105863571167,0.0002916666666666667,4.67,1075,,,,,,,,
,,,4.67,1075,0.4920971393585205,0.8676470588235294,0.9052631578947367,249.6256,,,,
0.2119,12.908209800720215,0.0002857142857142857,4.78,1100,,,,,,,,
,,,4.78,1100,0.5432060956954956,0.8602941176470589,0.8998242530755711,255.4282,,,,
0.2186,15.864242553710938,0.0002797619047619048,4.89,1125,,,,,,,,
,,,4.89,1125,0.4365256428718567,0.8627450980392157,0.9014084507042254,261.2549,,,,
0.2319,46.689842224121094,0.0002738095238095238,5.0,1150,,,,,,,,
,,,5.0,1150,0.44892418384552,0.8651960784313726,0.8983364140480593,267.0625,,,,
0.1921,2.8720219135284424,0.00026785714285714287,5.11,1175,,,,,,,,
,,,5.11,1175,0.5320387482643127,0.8799019607843137,0.9135802469135803,272.8338,,,,
0.3136,18.96051025390625,0.0002619047619047619,5.22,1200,,,,,,,,
,,,5.22,1200,0.610783576965332,0.875,0.9084380610412927,278.6907,,,,
0.2573,13.613093376159668,0.00025595238095238096,5.33,1225,,,,,,,,
,,,5.33,1225,0.41392719745635986,0.8578431372549019,0.8929889298892988,284.5716,,,,
0.2266,13.83932113647461,0.00025,5.43,1250,,,,,,,,
,,,5.43,1250,0.3933531939983368,0.8700980392156863,0.9031078610603291,290.2772,,,,
0.2047,23.011198043823242,0.00024404761904761905,5.54,1275,,,,,,,,
,,,5.54,1275,0.424437016248703,0.8676470588235294,0.9035714285714286,296.1113,,,,
0.1718,23.056238174438477,0.0002380952380952381,5.65,1300,,,,,,,,
,,,5.65,1300,0.44443219900131226,0.8700980392156863,0.9048473967684021,301.869,,,,
0.2097,1.250205397605896,0.00023214285714285717,5.76,1325,,,,,,,,
,,,5.76,1325,0.5893455147743225,0.8602941176470589,0.9018932874354562,307.8331,,,,
0.2148,17.052614212036133,0.00022619047619047618,5.87,1350,,,,,,,,
,,,5.87,1350,0.47735288739204407,0.8725490196078431,0.9084507042253521,313.6895,,,,
0.1689,9.878989219665527,0.00022023809523809523,5.98,1375,,,,,,,,
,,,5.98,1375,0.48596641421318054,0.8700980392156863,0.9084628670120898,319.6885,,,,
0.1566,22.71916961669922,0.00021428571428571427,6.09,1400,,,,,,,,
,,,6.09,1400,0.6799726486206055,0.8651960784313726,0.9072512647554806,325.3667,,,,
0.1613,35.605289459228516,0.00020833333333333335,6.2,1425,,,,,,,,
,,,6.2,1425,0.6443513035774231,0.8627450980392157,0.904109589041096,331.4337,,,,
0.0926,14.576847076416016,0.0002023809523809524,6.3,1450,,,,,,,,
,,,6.3,1450,0.6340454816818237,0.8725490196078431,0.907473309608541,337.099,,,,
0.1873,0.6523507237434387,0.00019642857142857144,6.41,1475,,,,,,,,
,,,6.41,1475,0.5052988529205322,0.8725490196078431,0.9100346020761245,342.9454,,,,
0.1495,0.2791096568107605,0.00019047619047619048,6.52,1500,,,,,,,,
,,,6.52,1500,0.4539729952812195,0.8946078431372549,0.9213893967093236,348.6824,,,,
0.1946,21.8125,0.00018452380952380953,6.63,1525,,,,,,,,
,,,6.63,1525,0.5845616459846497,0.8823529411764706,0.9178082191780821,354.8364,,,,
0.2155,13.150105476379395,0.00017857142857142857,6.74,1550,,,,,,,,
,,,6.74,1550,0.47369271516799927,0.8921568627450981,0.9205776173285197,360.5686,,,,
0.1448,7.874109745025635,0.00017261904761904762,6.85,1575,,,,,,,,
,,,6.85,1575,0.6634921431541443,0.875,0.9116117850953207,366.3855,,,,
0.1867,18.758180618286133,0.00016666666666666666,6.96,1600,,,,,,,,
,,,6.96,1600,0.8234552145004272,0.8602941176470589,0.9038785834738617,372.2211,,,,
0.151,23.262990951538086,0.00016071428571428573,7.07,1625,,,,,,,,
,,,7.07,1625,0.5290312170982361,0.8823529411764706,0.9133574007220215,377.8919,,,,
0.1285,15.295166015625,0.00015476190476190478,7.17,1650,,,,,,,,
,,,7.17,1650,0.6131090521812439,0.8676470588235294,0.906896551724138,383.6512,,,,
0.123,27.742021560668945,0.00014880952380952382,7.28,1675,,,,,,,,
,,,7.28,1675,0.797389030456543,0.8578431372549019,0.901023890784983,389.3991,,,,
0.1672,28.360584259033203,0.00014285714285714284,7.39,1700,,,,,,,,
,,,7.39,1700,0.6499826908111572,0.8700980392156863,0.9081455805892548,395.3027,,,,
0.099,0.543173611164093,0.0001369047619047619,7.5,1725,,,,,,,,
,,,7.5,1725,0.7233433723449707,0.8676470588235294,0.9078498293515359,401.1679,,,,
0.1442,1.5976159572601318,0.00013095238095238096,7.61,1750,,,,,,,,
,,,7.61,1750,0.6054832339286804,0.8602941176470589,0.8965517241379312,407.0259,,,,
0.1658,50.39030838012695,0.000125,7.72,1775,,,,,,,,
,,,7.72,1775,0.6693345904350281,0.8651960784313726,0.9066213921901529,412.8444,,,,
0.0825,5.367617607116699,0.00011904761904761905,7.83,1800,,,,,,,,
,,,7.83,1800,0.6177182793617249,0.8700980392156863,0.9045045045045046,418.6475,,,,
0.1036,7.862044334411621,0.00011309523809523809,7.93,1825,,,,,,,,
,,,7.93,1825,0.6632076501846313,0.8725490196078431,0.9087719298245615,424.6368,,,,
0.1166,0.21021734178066254,0.00010714285714285714,8.04,1850,,,,,,,,
,,,8.04,1850,0.797632098197937,0.8553921568627451,0.8987993138936535,430.4374,,,,
0.0367,18.808992385864258,0.0001011904761904762,8.15,1875,,,,,,,,
,,,8.15,1875,0.8202446699142456,0.8651960784313726,0.9033391915641477,436.2302,,,,
0.0801,0.006345114205032587,9.523809523809524e-05,8.26,1900,,,,,,,,
,,,8.26,1900,0.8550214767456055,0.8651960784313726,0.905982905982906,442.1492,,,,
0.0318,4.016319751739502,8.928571428571429e-05,8.37,1925,,,,,,,,
,,,8.37,1925,1.0295023918151855,0.8529411764705882,0.8993288590604027,447.9956,,,,
0.0784,0.05522436276078224,8.333333333333333e-05,8.48,1950,,,,,,,,
,,,8.48,1950,0.7763231992721558,0.8774509803921569,0.9131944444444444,453.9369,,,,
0.0557,0.047957681119441986,7.738095238095239e-05,8.59,1975,,,,,,,,
,,,8.59,1975,0.9005412459373474,0.8602941176470589,0.9028960817717206,459.66,,,,
0.153,0.13825958967208862,7.142857142857142e-05,8.7,2000,,,,,,,,
,,,8.7,2000,0.9012427926063538,0.8529411764705882,0.8986486486486487,465.4969,,,,
0.086,0.02661031298339367,6.547619047619048e-05,8.8,2025,,,,,,,,
,,,8.8,2025,0.7742788195610046,0.8504901960784313,0.8957264957264958,471.5088,,,,
0.0839,7.644893169403076,5.9523809523809524e-05,8.91,2050,,,,,,,,
,,,8.91,2050,0.7724102139472961,0.8627450980392157,0.903114186851211,477.4183,,,,
0.0831,0.03362097591161728,5.357142857142857e-05,9.02,2075,,,,,,,,
,,,9.02,2075,0.7621850371360779,0.8725490196078431,0.9097222222222222,483.0623,,,,
0.0313,0.06895241886377335,4.761904761904762e-05,9.13,2100,,,,,,,,
,,,9.13,2100,0.8744927048683167,0.8651960784313726,0.9056603773584906,488.8817,,,,
0.0636,0.6245413422584534,4.1666666666666665e-05,9.24,2125,,,,,,,,
,,,9.24,2125,0.7762190103530884,0.8725490196078431,0.9094076655052264,494.6342,,,,
0.0954,0.02656109817326069,3.571428571428571e-05,9.35,2150,,,,,,,,
,,,9.35,2150,0.7380479574203491,0.8725490196078431,0.9094076655052264,500.4156,,,,
0.0459,0.14365695416927338,2.9761904761904762e-05,9.46,2175,,,,,,,,
,,,9.46,2175,0.7410266995429993,0.875,0.9113043478260869,506.2616,,,,
0.0391,2.495755195617676,2.380952380952381e-05,9.57,2200,,,,,,,,
,,,9.57,2200,0.7838132977485657,0.8651960784313726,0.9050086355785838,512.0558,,,,
0.0581,1.0026530027389526,1.7857142857142855e-05,9.67,2225,,,,,,,,
,,,9.67,2225,0.8353689312934875,0.8651960784313726,0.9056603773584906,517.8699,,,,
0.0699,0.03582917898893356,1.1904761904761905e-05,9.78,2250,,,,,,,,
,,,9.78,2250,0.8358109593391418,0.8627450980392157,0.904109589041096,523.6824,,,,
0.0486,0.6640900373458862,5.9523809523809525e-06,9.89,2275,,,,,,,,
,,,9.89,2275,0.8427444696426392,0.8651960784313726,0.905982905982906,529.5709,,,,
0.0482,0.021487263962626457,0.0,10.0,2300,,,,,,,,
,,,10.0,2300,0.8427255153656006,0.8627450980392157,0.904109589041096,535.3144,,,,
,,,10.0,2300,,,,534.9413,68.568,4.3,1460977291679136.0,0.2582782439563585
