loss,grad_norm,learning_rate,epoch,step,eval_loss,eval_accuracy,eval_f1,train_runtime,train_samples_per_second,train_steps_per_second,total_flos,train_loss
0.6905,0.9666206240653992,2.5e-06,0.0,1,,,,,,,,
0.6704,0.7251235246658325,6.25e-05,0.11,25,,,,,,,,
,,,0.11,25,0.6449338793754578,0.6838235294117647,0.8122270742358079,6.0475,,,,
0.6584,0.9641712307929993,0.000125,0.22,50,,,,,,,,
,,,0.22,50,0.6235647201538086,0.6838235294117647,0.8122270742358079,11.5832,,,,
0.6405,2.849321126937866,0.0001875,0.33,75,,,,,,,,
,,,0.33,75,0.6239005327224731,0.6838235294117647,0.8122270742358079,17.2474,,,,
0.6369,2.277411699295044,0.00025,0.43,100,,,,,,,,
,,,0.43,100,0.6172191500663757,0.6838235294117647,0.8122270742358079,22.7814,,,,
0.5686,2.190154790878296,0.0003125,0.54,125,,,,,,,,
,,,0.54,125,0.5955706834793091,0.7083333333333334,0.8160741885625965,28.4176,,,,
0.527,2.195199728012085,0.000375,0.65,150,,,,,,,,
,,,0.65,150,0.5133787989616394,0.7671568627450981,0.8508634222919937,33.9468,,,,
0.5353,6.672016620635986,0.0004375,0.76,175,,,,,,,,
,,,0.76,175,0.47597721219062805,0.7867647058823529,0.8492201039861352,39.7156,,,,
0.4973,3.638383150100708,0.0005,0.87,200,,,,,,,,
,,,0.87,200,0.3974134922027588,0.8235294117647058,0.8762886597938144,45.3572,,,,
0.5606,4.784533977508545,0.0004940476190476191,0.98,225,,,,,,,,
,,,0.98,225,0.540942907333374,0.6715686274509803,0.6898148148148149,51.0333,,,,
0.5112,2.301607370376587,0.0004880952380952381,1.09,250,,,,,,,,
,,,1.09,250,0.4940252900123596,0.7647058823529411,0.8518518518518517,56.4148,,,,
0.4729,1.7673574686050415,0.00048214285714285715,1.2,275,,,,,,,,
,,,1.2,275,0.36828964948654175,0.8308823529411765,0.881646655231561,62.5125,,,,
0.485,2.0606906414031982,0.0004761904761904762,1.3,300,,,,,,,,
,,,1.3,300,0.41586577892303467,0.7818627450980392,0.8576,68.5087,,,,
0.439,7.775753021240234,0.00047023809523809523,1.41,325,,,,,,,,
,,,1.41,325,0.4707602560520172,0.7720588235294118,0.8066528066528066,75.4878,,,,
0.5067,5.132295608520508,0.00046428571428571433,1.52,350,,,,,,,,
,,,1.52,350,0.39161771535873413,0.8063725490196079,0.8715447154471545,81.3541,,,,
0.4002,1.581182837486267,0.0004583333333333333,1.63,375,,,,,,,,
,,,1.63,375,0.31025204062461853,0.8700980392156863,0.9041591320072333,86.9572,,,,
0.3689,2.0777266025543213,0.00045238095238095237,1.74,400,,,,,,,,
,,,1.74,400,0.33985114097595215,0.8480392156862745,0.8938356164383561,92.529,,,,
0.4159,8.266005516052246,0.00044642857142857147,1.85,425,,,,,,,,
,,,1.85,425,0.3150304853916168,0.8627450980392157,0.9014084507042254,98.2149,,,,
0.4472,3.176682233810425,0.00044047619047619046,1.96,450,,,,,,,,
,,,1.96,450,0.3233053982257843,0.8602941176470589,0.9018932874354562,103.9258,,,,
0.3597,1.5041561126708984,0.00043452380952380956,2.07,475,,,,,,,,
,,,2.07,475,0.4476903975009918,0.8161764705882353,0.8772504091653027,109.3589,,,,
0.4337,1.991629958152771,0.00042857142857142855,2.17,500,,,,,,,,
,,,2.17,500,0.311445951461792,0.875,0.9097345132743363,114.9951,,,,
0.36,3.8428642749786377,0.00042261904761904765,2.28,525,,,,,,,,
,,,2.28,525,0.3263612687587738,0.8504901960784313,0.8859813084112149,120.7496,,,,
0.3414,5.0998663902282715,0.0004166666666666667,2.39,550,,,,,,,,
,,,2.39,550,0.37940138578414917,0.8676470588235294,0.9035714285714286,126.3347,,,,
0.3828,4.038302898406982,0.0004107142857142857,2.5,575,,,,,,,,
,,,2.5,575,0.35559210181236267,0.8480392156862745,0.8980263157894737,131.9527,,,,
0.3459,3.511021137237549,0.0004047619047619048,2.61,600,,,,,,,,
,,,2.61,600,0.3757404685020447,0.8578431372549019,0.902027027027027,137.7523,,,,
0.3317,5.128563404083252,0.00039880952380952383,2.72,625,,,,,,,,
,,,2.72,625,0.5682492256164551,0.8088235294117647,0.875,143.4452,,,,
0.4214,5.534822463989258,0.0003928571428571429,2.83,650,,,,,,,,
,,,2.83,650,0.34377244114875793,0.8406862745098039,0.8911222780569515,149.1644,,,,
0.3666,2.5019173622131348,0.0003869047619047619,2.93,675,,,,,,,,
,,,2.93,675,0.32207196950912476,0.8700980392156863,0.9065255731922399,154.8362,,,,
0.2954,2.3179445266723633,0.00038095238095238096,3.04,700,,,,,,,,
,,,3.04,700,0.42635098099708557,0.8529411764705882,0.8989898989898989,160.2989,,,,
0.3489,4.883763790130615,0.000375,3.15,725,,,,,,,,
,,,3.15,725,0.3739401400089264,0.8627450980392157,0.9027777777777778,165.8952,,,,
0.2735,2.9514174461364746,0.00036904761904761905,3.26,750,,,,,,,,
,,,3.26,750,0.35031038522720337,0.8676470588235294,0.9042553191489361,171.5932,,,,
0.2985,8.174560546875,0.0003630952380952381,3.37,775,,,,,,,,
,,,3.37,775,0.33912193775177,0.8406862745098039,0.8845470692717585,177.1037,,,,
0.3181,6.138599395751953,0.00035714285714285714,3.48,800,,,,,,,,
,,,3.48,800,0.4346555173397064,0.8308823529411765,0.8866995073891626,182.7894,,,,
0.3673,4.406978130340576,0.0003511904761904762,3.59,825,,,,,,,,
,,,3.59,825,0.2897387742996216,0.8774509803921569,0.9119718309859154,188.4422,,,,
0.3351,2.257655143737793,0.00034523809523809523,3.7,850,,,,,,,,
,,,3.7,850,0.3028360605239868,0.8578431372549019,0.89568345323741,194.1942,,,,
0.2856,3.9659762382507324,0.00033928571428571433,3.8,875,,,,,,,,
,,,3.8,875,0.39810124039649963,0.8676470588235294,0.9032258064516129,199.8228,,,,
0.3297,4.594576835632324,0.0003333333333333333,3.91,900,,,,,,,,
,,,3.91,900,0.3534397780895233,0.8651960784313726,0.905982905982906,205.5291,,,,
0.3369,3.7478725910186768,0.00032738095238095237,4.02,925,,,,,,,,
,,,4.02,925,0.3420044481754303,0.8651960784313726,0.9050086355785838,211.0283,,,,
0.2507,4.102707862854004,0.00032142857142857147,4.13,950,,,,,,,,
,,,4.13,950,0.35653525590896606,0.8774509803921569,0.9137931034482758,216.7044,,,,
0.2954,4.290630340576172,0.00031547619047619046,4.24,975,,,,,,,,
,,,4.24,975,0.4737975299358368,0.821078431372549,0.8828250401284109,222.2318,,,,
0.3363,2.7804207801818848,0.00030952380952380956,4.35,1000,,,,,,,,
,,,4.35,1000,0.322852224111557,0.8553921568627451,0.8977469670710572,227.8169,,,,
0.2943,4.368920803070068,0.00030357142857142855,4.46,1025,,,,,,,,
,,,4.46,1025,0.31687572598457336,0.8651960784313726,0.9001814882032667,233.7615,,,,
0.2396,3.1778883934020996,0.00029761904761904765,4.57,1050,,,,,,,,
,,,4.57,1050,0.3780607283115387,0.8799019607843137,0.9141856392294221,239.4214,,,,
0.2639,0.8175495862960815,0.0002916666666666667,4.67,1075,,,,,,,,
,,,4.67,1075,0.38043013215065,0.8799019607843137,0.9132743362831858,245.077,,,,
0.2338,3.2219696044921875,0.0002857142857142857,4.78,1100,,,,,,,,
,,,4.78,1100,0.36456814408302307,0.8921568627450981,0.9228070175438596,250.6929,,,,
0.3103,4.101800918579102,0.0002797619047619048,4.89,1125,,,,,,,,
,,,4.89,1125,0.28564903140068054,0.8921568627450981,0.9222614840989399,256.3526,,,,
0.2525,0.44276687502861023,0.0002738095238095238,5.0,1150,,,,,,,,
,,,5.0,1150,0.3105483651161194,0.875,0.9077757685352622,261.9863,,,,
0.2127,0.6001463532447815,0.00026785714285714287,5.11,1175,,,,,,,,
,,,5.11,1175,0.3619633913040161,0.8774509803921569,0.911032028469751,267.5948,,,,
0.3173,7.516200065612793,0.0002619047619047619,5.22,1200,,,,,,,,
,,,5.22,1200,0.3365373909473419,0.8725490196078431,0.9130434782608697,273.2729,,,,
0.2322,3.902106523513794,0.00025595238095238096,5.33,1225,,,,,,,,
,,,5.33,1225,0.326965868473053,0.8676470588235294,0.9021739130434783,278.9638,,,,
0.3139,2.309135913848877,0.00025,5.43,1250,,,,,,,,
,,,5.43,1250,0.2949630618095398,0.8848039215686274,0.9171075837742505,284.5101,,,,
0.2138,3.7407190799713135,0.00024404761904761905,5.54,1275,,,,,,,,
,,,5.54,1275,0.36408382654190063,0.8872549019607843,0.9181494661921709,290.1561,,,,
0.2675,3.941633701324463,0.0002380952380952381,5.65,1300,,,,,,,,
,,,5.65,1300,0.3251170814037323,0.8700980392156863,0.9084628670120898,295.7743,,,,
0.2018,1.2566770315170288,0.00023214285714285717,5.76,1325,,,,,,,,
,,,5.76,1325,0.3865140378475189,0.8725490196078431,0.9097222222222222,301.5247,,,,
0.3184,3.386162042617798,0.00022619047619047618,5.87,1350,,,,,,,,
,,,5.87,1350,0.33524811267852783,0.8799019607843137,0.9147826086956522,307.2264,,,,
0.2586,2.2604117393493652,0.00022023809523809523,5.98,1375,,,,,,,,
,,,5.98,1375,0.2940441071987152,0.8823529411764706,0.9145907473309609,313.0066,,,,
0.1773,14.542160987854004,0.00021428571428571427,6.09,1400,,,,,,,,
,,,6.09,1400,0.5404772758483887,0.8504901960784313,0.8998357963875206,318.5249,,,,
0.3071,3.6819636821746826,0.00020833333333333335,6.2,1425,,,,,,,,
,,,6.2,1425,0.3509199023246765,0.8700980392156863,0.9094017094017094,324.3748,,,,
0.2445,8.421004295349121,0.0002023809523809524,6.3,1450,,,,,,,,
,,,6.3,1450,0.35538288950920105,0.8602941176470589,0.893854748603352,329.8818,,,,
0.2731,6.250778675079346,0.00019642857142857144,6.41,1475,,,,,,,,
,,,6.41,1475,0.31101295351982117,0.8725490196078431,0.9106529209621993,335.502,,,,
0.2678,4.3669819831848145,0.00019047619047619048,6.52,1500,,,,,,,,
,,,6.52,1500,0.3727063238620758,0.8651960784313726,0.905982905982906,341.1088,,,,
0.2078,5.208950042724609,0.00018452380952380953,6.63,1525,,,,,,,,
,,,6.63,1525,0.3352077305316925,0.8848039215686274,0.9193825042881646,347.0547,,,,
0.2075,1.1284699440002441,0.00017857142857142857,6.74,1550,,,,,,,,
,,,6.74,1550,0.3443107604980469,0.8676470588235294,0.9028776978417268,352.653,,,,
0.228,3.096360683441162,0.00017261904761904762,6.85,1575,,,,,,,,
,,,6.85,1575,0.3427197337150574,0.8725490196078431,0.9090909090909091,358.2849,,,,
0.2751,2.140761137008667,0.00016666666666666666,6.96,1600,,,,,,,,
,,,6.96,1600,0.31528592109680176,0.8799019607843137,0.9126559714795008,364.0521,,,,
0.1804,11.005501747131348,0.00016071428571428573,7.07,1625,,,,,,,,
,,,7.07,1625,0.3527472913265228,0.8823529411764706,0.9151943462897526,369.5358,,,,
0.1818,1.4276337623596191,0.00015476190476190478,7.17,1650,,,,,,,,
,,,7.17,1650,0.37528157234191895,0.8848039215686274,0.9156193895870736,375.177,,,,
0.1911,4.764626979827881,0.00014880952380952382,7.28,1675,,,,,,,,
,,,7.28,1675,0.3741230070590973,0.8823529411764706,0.9163763066202091,380.7734,,,,
0.2149,6.187915325164795,0.00014285714285714284,7.39,1700,,,,,,,,
,,,7.39,1700,0.34890231490135193,0.8848039215686274,0.9176882661996497,386.545,,,,
0.2143,4.868869781494141,0.0001369047619047619,7.5,1725,,,,,,,,
,,,7.5,1725,0.35047614574432373,0.8823529411764706,0.9136690647482014,392.2548,,,,
0.1928,2.524146795272827,0.00013095238095238096,7.61,1750,,,,,,,,
,,,7.61,1750,0.32871636748313904,0.8774509803921569,0.911032028469751,397.9802,,,,
0.2113,2.029588222503662,0.000125,7.72,1775,,,,,,,,
,,,7.72,1775,0.35363030433654785,0.8799019607843137,0.9156626506024096,403.6713,,,,
0.1936,1.34978449344635,0.00011904761904761905,7.83,1800,,,,,,,,
,,,7.83,1800,0.36260706186294556,0.875,0.9116117850953207,409.2989,,,,
0.1713,3.5528109073638916,0.00011309523809523809,7.93,1825,,,,,,,,
,,,7.93,1825,0.36370089650154114,0.8725490196078431,0.9064748201438848,415.1433,,,,
0.2236,8.07303524017334,0.00010714285714285714,8.04,1850,,,,,,,,
,,,8.04,1850,0.36286216974258423,0.8725490196078431,0.9094076655052264,420.6919,,,,
0.1485,1.7511188983917236,0.0001011904761904762,8.15,1875,,,,,,,,
,,,8.15,1875,0.3852086663246155,0.8725490196078431,0.907473309608541,426.3484,,,,
0.1631,0.06586692482233047,9.523809523809524e-05,8.26,1900,,,,,,,,
,,,8.26,1900,0.42872411012649536,0.8700980392156863,0.9075043630017452,432.0447,,,,
0.1446,1.1831928491592407,8.928571428571429e-05,8.37,1925,,,,,,,,
,,,8.37,1925,0.40266916155815125,0.875,0.9097345132743363,437.7479,,,,
0.2009,5.250555992126465,8.333333333333333e-05,8.48,1950,,,,,,,,
,,,8.48,1950,0.40852442383766174,0.875,0.9103690685413005,443.4904,,,,
0.149,0.5356557965278625,7.738095238095239e-05,8.59,1975,,,,,,,,
,,,8.59,1975,0.4295715391635895,0.8651960784313726,0.905982905982906,449.0791,,,,
0.2027,1.2227121591567993,7.142857142857142e-05,8.7,2000,,,,,,,,
,,,8.7,2000,0.39498430490493774,0.8725490196078431,0.9087719298245615,454.6874,,,,
0.1675,5.065330505371094,6.547619047619048e-05,8.8,2025,,,,,,,,
,,,8.8,2025,0.398016095161438,0.8676470588235294,0.9052631578947367,460.5675,,,,
0.1974,9.011622428894043,5.9523809523809524e-05,8.91,2050,,,,,,,,
,,,8.91,2050,0.3917403817176819,0.8651960784313726,0.9029982363315697,466.2347,,,,
0.1943,1.4098098278045654,5.357142857142857e-05,9.02,2075,,,,,,,,
,,,9.02,2075,0.37850984930992126,0.8700980392156863,0.9065255731922399,471.7448,,,,
0.1197,8.05684757232666,4.761904761904762e-05,9.13,2100,,,,,,,,
,,,9.13,2100,0.4134848713874817,0.8774509803921569,0.9100719424460433,477.3334,,,,
0.2044,4.6688737869262695,4.1666666666666665e-05,9.24,2125,,,,,,,,
,,,9.24,2125,0.4064033329486847,0.8725490196078431,0.9087719298245615,483.0263,,,,
0.2028,0.9199607372283936,3.571428571428571e-05,9.35,2150,,,,,,,,
,,,9.35,2150,0.40486669540405273,0.875,0.911917098445596,488.6243,,,,
0.1698,1.0586549043655396,2.9761904761904762e-05,9.46,2175,,,,,,,,
,,,9.46,2175,0.3905971348285675,0.875,0.9106830122591945,494.3184,,,,
0.176,2.05298113822937,2.380952380952381e-05,9.57,2200,,,,,,,,
,,,9.57,2200,0.38941019773483276,0.8725490196078431,0.9087719298245615,499.9313,,,,
0.2197,9.756195068359375,1.7857142857142855e-05,9.67,2225,,,,,,,,
,,,9.67,2225,0.38342076539993286,0.875,0.9106830122591945,505.5676,,,,
0.208,1.7688554525375366,1.1904761904761905e-05,9.78,2250,,,,,,,,
,,,9.78,2250,0.37866008281707764,0.875,0.9106830122591945,511.1924,,,,
0.1751,5.137426853179932,5.9523809523809525e-06,9.89,2275,,,,,,,,
,,,9.89,2275,0.3773270547389984,0.875,0.9106830122591945,516.8834,,,,
0.1439,1.0495524406433105,0.0,10.0,2300,,,,,,,,
,,,10.0,2300,0.3770703375339508,0.875,0.9106830122591945,522.4352,,,,
,,,10.0,2300,,,,521.9883,70.27,4.406,1456015189661088.0,0.3047641554604406
