loss,grad_norm,learning_rate,epoch,step,eval_loss,eval_accuracy,train_runtime,train_samples_per_second,train_steps_per_second,total_flos,train_loss
0.718,1.6974462270736694,2.5e-06,0.00641025641025641,1,,,,,,,
0.7067,1.018855094909668,6.25e-05,0.16025641025641027,25,,,,,,,
,,,0.16025641025641027,25,0.6977320909500122,0.4729241877256318,10.9913,,,,
0.718,0.8558871746063232,0.000125,0.32051282051282054,50,,,,,,,
,,,0.32051282051282054,50,0.6914846897125244,0.5270758122743683,21.2052,,,,
0.694,0.7153030037879944,0.0001875,0.4807692307692308,75,,,,,,,
,,,0.4807692307692308,75,0.6934167742729187,0.5270758122743683,32.6199,,,,
0.699,2.125612258911133,0.00025,0.6410256410256411,100,,,,,,,
,,,0.6410256410256411,100,0.6904330253601074,0.5523465703971119,43.1183,,,,
0.7042,3.1989223957061768,0.0003125,0.8012820512820513,125,,,,,,,
,,,0.8012820512820513,125,0.7042287588119507,0.5270758122743683,54.3113,,,,
0.6977,2.013093948364258,0.000375,0.9615384615384616,150,,,,,,,
,,,0.9615384615384616,150,0.6926460862159729,0.5234657039711191,64.7627,,,,
0.7258,6.618412494659424,0.0004375,1.1217948717948718,175,,,,,,,
,,,1.1217948717948718,175,0.9495946764945984,0.4729241877256318,75.6097,,,,
0.7282,2.8716533184051514,0.0005,1.282051282051282,200,,,,,,,
,,,1.282051282051282,200,0.6915270090103149,0.5234657039711191,86.4455,,,,
0.6975,0.5523540377616882,0.0004908088235294118,1.4423076923076923,225,,,,,,,
,,,1.4423076923076923,225,0.6954947710037231,0.4729241877256318,97.0182,,,,
0.6986,0.5425649881362915,0.00048161764705882356,1.6025641025641026,250,,,,,,,
,,,1.6025641025641026,250,0.692248523235321,0.5018050541516246,107.7693,,,,
0.6958,1.4509615898132324,0.0004724264705882353,1.7628205128205128,275,,,,,,,
,,,1.7628205128205128,275,0.6901653409004211,0.5270758122743683,118.0492,,,,
0.6892,1.8433327674865723,0.0004632352941176471,1.9230769230769231,300,,,,,,,
,,,1.9230769230769231,300,0.6845735907554626,0.5667870036101083,129.005,,,,
0.6708,1.0449717044830322,0.00045404411764705883,2.0833333333333335,325,,,,,,,
,,,2.0833333333333335,325,0.6525700688362122,0.628158844765343,139.4417,,,,
0.6357,2.2870161533355713,0.00044485294117647056,2.2435897435897436,350,,,,,,,
,,,2.2435897435897436,350,0.6317851543426514,0.6498194945848376,149.9547,,,,
0.6329,2.034734010696411,0.0004356617647058824,2.4038461538461537,375,,,,,,,
,,,2.4038461538461537,375,0.7069470286369324,0.5992779783393501,160.6444,,,,
0.6367,4.460417747497559,0.0004264705882352941,2.564102564102564,400,,,,,,,
,,,2.564102564102564,400,0.6110081076622009,0.6750902527075813,171.2821,,,,
0.6239,1.617104411125183,0.0004172794117647059,2.7243589743589745,425,,,,,,,
,,,2.7243589743589745,425,0.60233074426651,0.7111913357400722,182.0494,,,,
0.6214,1.3204541206359863,0.00040808823529411766,2.8846153846153846,450,,,,,,,
,,,2.8846153846153846,450,0.5840223431587219,0.6787003610108303,192.891,,,,
0.5498,3.5549802780151367,0.00039889705882352943,3.0448717948717947,475,,,,,,,
,,,3.0448717948717947,475,0.585462749004364,0.6859205776173285,203.4727,,,,
0.5998,2.911679983139038,0.0003897058823529412,3.2051282051282053,500,,,,,,,
,,,3.2051282051282053,500,0.5946812629699707,0.6859205776173285,214.373,,,,
0.5705,4.008334636688232,0.00038051470588235293,3.3653846153846154,525,,,,,,,
,,,3.3653846153846154,525,0.5795418620109558,0.7148014440433214,225.7464,,,,
0.5357,3.2493209838867188,0.0003713235294117647,3.5256410256410255,550,,,,,,,
,,,3.5256410256410255,550,0.6303676962852478,0.6931407942238267,235.9554,,,,
0.5983,2.245366334915161,0.0003621323529411765,3.685897435897436,575,,,,,,,
,,,3.685897435897436,575,0.5870115160942078,0.6967509025270758,246.3163,,,,
0.5048,4.755748748779297,0.00035294117647058826,3.8461538461538463,600,,,,,,,
,,,3.8461538461538463,600,0.6522176861763,0.6750902527075813,257.3018,,,,
0.482,7.4292378425598145,0.00034375,4.006410256410256,625,,,,,,,
,,,4.006410256410256,625,0.703847348690033,0.6859205776173285,268.1798,,,,
0.4609,4.879884719848633,0.00033455882352941176,4.166666666666667,650,,,,,,,
,,,4.166666666666667,650,0.6226215958595276,0.7184115523465704,279.045,,,,
0.4878,7.596267223358154,0.00032536764705882353,4.326923076923077,675,,,,,,,
,,,4.326923076923077,675,0.6561813354492188,0.7148014440433214,289.3056,,,,
0.4627,3.277256965637207,0.0003161764705882353,4.487179487179487,700,,,,,,,
,,,4.487179487179487,700,0.6242179870605469,0.7075812274368231,300.2262,,,,
0.4339,1.9959362745285034,0.0003069852941176471,4.647435897435898,725,,,,,,,
,,,4.647435897435898,725,0.6478510499000549,0.7148014440433214,310.6899,,,,
0.4532,4.4951629638671875,0.0002977941176470588,4.8076923076923075,750,,,,,,,
,,,4.8076923076923075,750,0.6283707022666931,0.7256317689530686,321.3618,,,,
0.428,7.9901018142700195,0.0002886029411764706,4.967948717948718,775,,,,,,,
,,,4.967948717948718,775,0.7423638105392456,0.6895306859205776,331.8407,,,,
0.3632,2.864123821258545,0.00027941176470588236,5.128205128205128,800,,,,,,,
,,,5.128205128205128,800,0.6554169058799744,0.7472924187725631,342.6216,,,,
0.3712,4.053983688354492,0.00027022058823529413,5.288461538461538,825,,,,,,,
,,,5.288461538461538,825,0.8176036477088928,0.7184115523465704,353.3387,,,,
0.3965,2.687037467956543,0.0002610294117647059,5.448717948717949,850,,,,,,,
,,,5.448717948717949,850,0.6369589567184448,0.7292418772563177,364.447,,,,
0.4027,6.090387344360352,0.00025183823529411763,5.608974358974359,875,,,,,,,
,,,5.608974358974359,875,0.6487187743186951,0.7328519855595668,375.4154,,,,
0.3733,10.855754852294922,0.0002426470588235294,5.769230769230769,900,,,,,,,
,,,5.769230769230769,900,0.6973176002502441,0.7328519855595668,385.9432,,,,
0.4012,2.5054266452789307,0.00023345588235294118,5.92948717948718,925,,,,,,,
,,,5.92948717948718,925,0.6385596394538879,0.7436823104693141,396.4682,,,,
0.3431,4.937689781188965,0.00022426470588235296,6.089743589743589,950,,,,,,,
,,,6.089743589743589,950,0.708503782749176,0.7111913357400722,407.0888,,,,
0.3357,3.6008923053741455,0.00021507352941176473,6.25,975,,,,,,,
,,,6.25,975,0.7210994958877563,0.7148014440433214,418.0497,,,,
0.3324,5.309572696685791,0.00020588235294117645,6.410256410256411,1000,,,,,,,
,,,6.410256410256411,1000,0.7800194025039673,0.7148014440433214,428.538,,,,
0.3565,2.45249605178833,0.00019669117647058823,6.57051282051282,1025,,,,,,,
,,,6.57051282051282,1025,0.6973450779914856,0.7220216606498195,439.9144,,,,
0.3068,2.0238311290740967,0.0001875,6.730769230769231,1050,,,,,,,
,,,6.730769230769231,1050,0.7351723313331604,0.7256317689530686,450.6913,,,,
0.3093,4.7523579597473145,0.00017830882352941178,6.891025641025641,1075,,,,,,,
,,,6.891025641025641,1075,0.758271336555481,0.7436823104693141,462.0095,,,,
0.2741,2.6697070598602295,0.00016911764705882356,7.051282051282051,1100,,,,,,,
,,,7.051282051282051,1100,0.7269868850708008,0.7436823104693141,472.4915,,,,
0.3002,3.5303797721862793,0.00015992647058823528,7.211538461538462,1125,,,,,,,
,,,7.211538461538462,1125,0.7013221383094788,0.7472924187725631,482.9643,,,,
0.2019,1.7454514503479004,0.00015073529411764705,7.371794871794872,1150,,,,,,,
,,,7.371794871794872,1150,0.9075822830200195,0.7364620938628159,494.4595,,,,
0.2547,11.515203475952148,0.00014154411764705883,7.532051282051282,1175,,,,,,,
,,,7.532051282051282,1175,1.0432847738265991,0.7256317689530686,504.9048,,,,
0.2531,6.859762668609619,0.0001323529411764706,7.6923076923076925,1200,,,,,,,
,,,7.6923076923076925,1200,0.8915688395500183,0.7256317689530686,515.4423,,,,
0.3261,10.659860610961914,0.00012316176470588235,7.852564102564102,1225,,,,,,,
,,,7.852564102564102,1225,0.822193443775177,0.7328519855595668,526.2475,,,,
0.3055,7.081676959991455,0.00011397058823529411,8.012820512820513,1250,,,,,,,
,,,8.012820512820513,1250,0.7890899181365967,0.7328519855595668,536.8984,,,,
0.2175,3.564701557159424,0.00010477941176470589,8.173076923076923,1275,,,,,,,
,,,8.173076923076923,1275,0.8776777982711792,0.7436823104693141,547.7122,,,,
0.2195,4.3231377601623535,9.558823529411764e-05,8.333333333333334,1300,,,,,,,
,,,8.333333333333334,1300,0.9355173707008362,0.7436823104693141,558.1959,,,,
0.2238,6.320390224456787,8.639705882352941e-05,8.493589743589745,1325,,,,,,,
,,,8.493589743589745,1325,0.9339639544487,0.7436823104693141,569.2696,,,,
0.2917,11.459304809570312,7.720588235294118e-05,8.653846153846153,1350,,,,,,,
,,,8.653846153846153,1350,0.9602171778678894,0.740072202166065,579.4127,,,,
0.2445,10.767868041992188,6.801470588235294e-05,8.814102564102564,1375,,,,,,,
,,,8.814102564102564,1375,0.9114869832992554,0.7436823104693141,590.0439,,,,
0.2518,6.934256553649902,5.882352941176471e-05,8.974358974358974,1400,,,,,,,
,,,8.974358974358974,1400,0.8844292759895325,0.740072202166065,600.5586,,,,
0.2362,1.1416465044021606,4.963235294117647e-05,9.134615384615385,1425,,,,,,,
,,,9.134615384615385,1425,0.9078348875045776,0.740072202166065,611.0584,,,,
0.2337,4.747060298919678,4.044117647058824e-05,9.294871794871796,1450,,,,,,,
,,,9.294871794871796,1450,0.8824734091758728,0.7436823104693141,621.7952,,,,
0.1509,0.694562554359436,3.125e-05,9.455128205128204,1475,,,,,,,
,,,9.455128205128204,1475,0.9638490080833435,0.7256317689530686,632.1632,,,,
0.214,13.247129440307617,2.2058823529411766e-05,9.615384615384615,1500,,,,,,,
,,,9.615384615384615,1500,0.9731553196907043,0.7328519855595668,643.2985,,,,
0.2013,12.262761116027832,1.2867647058823528e-05,9.775641025641026,1525,,,,,,,
,,,9.775641025641026,1525,0.9767587184906006,0.740072202166065,654.7038,,,,
0.2509,5.589723587036133,3.6764705882352942e-06,9.935897435897436,1550,,,,,,,
,,,9.935897435897436,1550,0.9623779058456421,0.740072202166065,665.3447,,,,
,,,10.0,1560,,,667.8594,37.283,2.336,2121286737746880.0,0.44680384344015367
