loss,grad_norm,learning_rate,epoch,step,eval_loss,eval_accuracy,train_runtime,train_samples_per_second,train_steps_per_second,total_flos,train_loss
1.9327,0.9038857221603394,1e-05,0.00641025641025641,1,,,,,,,
1.6813,2.8235065937042236,0.0005,0.32051282051282054,50,,,,,,,
,,,0.32051282051282054,50,1.0950031280517578,0.5812274368231047,25.6961,,,,
0.8184,1.1971139907836914,0.001,0.6410256410256411,100,,,,,,,
,,,0.6410256410256411,100,0.7036066651344299,0.5270758122743683,52.6391,,,,
0.7205,1.7959643602371216,0.0015,0.9615384615384616,150,,,,,,,
,,,0.9615384615384616,150,0.7107909917831421,0.5270758122743683,79.3324,,,,
0.7409,2.5699357986450195,0.002,1.282051282051282,200,,,,,,,
,,,1.282051282051282,200,0.7130019068717957,0.5487364620938628,106.2842,,,,
0.7283,0.6082788705825806,0.0019264705882352942,1.6025641025641026,250,,,,,,,
,,,1.6025641025641026,250,0.7066498398780823,0.5667870036101083,132.5855,,,,
0.7144,1.0946601629257202,0.0018529411764705885,1.9230769230769231,300,,,,,,,
,,,1.9230769230769231,300,0.7096278071403503,0.6462093862815884,158.8739,,,,
0.6901,1.073958396911621,0.0017794117647058822,2.2435897435897436,350,,,,,,,
,,,2.2435897435897436,350,0.6283001899719238,0.7509025270758123,184.7182,,,,
0.6657,1.27080237865448,0.0017058823529411764,2.564102564102564,400,,,,,,,
,,,2.564102564102564,400,0.5802665948867798,0.7148014440433214,210.9719,,,,
0.6287,2.229478359222412,0.0016323529411764706,2.8846153846153846,450,,,,,,,
,,,2.8846153846153846,450,0.7541511654853821,0.6606498194945848,237.6583,,,,
0.615,2.3074417114257812,0.0015588235294117648,3.2051282051282053,500,,,,,,,
,,,3.2051282051282053,500,0.6013367176055908,0.7436823104693141,264.0796,,,,
0.6221,4.106372356414795,0.0014852941176470588,3.5256410256410255,550,,,,,,,
,,,3.5256410256410255,550,0.6894844770431519,0.7545126353790613,290.6146,,,,
0.5616,2.3297946453094482,0.001411764705882353,3.8461538461538463,600,,,,,,,
,,,3.8461538461538463,600,0.5501435995101929,0.7472924187725631,316.9238,,,,
0.5087,1.7005035877227783,0.001338235294117647,4.166666666666667,650,,,,,,,
,,,4.166666666666667,650,0.48102831840515137,0.8050541516245487,343.841,,,,
0.492,1.940407633781433,0.0012647058823529412,4.487179487179487,700,,,,,,,
,,,4.487179487179487,700,0.5424852967262268,0.776173285198556,370.0209,,,,
0.4759,2.00634503364563,0.0011911764705882352,4.8076923076923075,750,,,,,,,
,,,4.8076923076923075,750,0.4918283522129059,0.8267148014440433,396.2386,,,,
0.4318,2.0105955600738525,0.0011176470588235294,5.128205128205128,800,,,,,,,
,,,5.128205128205128,800,0.48505112528800964,0.8050541516245487,422.5606,,,,
0.4068,1.3609378337860107,0.0010441176470588236,5.448717948717949,850,,,,,,,
,,,5.448717948717949,850,0.5340968370437622,0.7942238267148014,449.5498,,,,
0.3543,2.1561570167541504,0.0009705882352941176,5.769230769230769,900,,,,,,,
,,,5.769230769230769,900,0.6475242376327515,0.776173285198556,476.0069,,,,
0.4086,0.8446961045265198,0.0008970588235294118,6.089743589743589,950,,,,,,,
,,,6.089743589743589,950,0.5766749978065491,0.7906137184115524,502.0767,,,,
0.3154,1.3209904432296753,0.0008235294117647058,6.410256410256411,1000,,,,,,,
,,,6.410256410256411,1000,0.8981619477272034,0.7653429602888087,528.5077,,,,
0.3162,1.5683058500289917,0.00075,6.730769230769231,1050,,,,,,,
,,,6.730769230769231,1050,0.7040743827819824,0.7870036101083032,555.7023,,,,
0.3323,1.1707595586776733,0.0006764705882352942,7.051282051282051,1100,,,,,,,
,,,7.051282051282051,1100,0.6186485886573792,0.7978339350180506,582.6482,,,,
0.2439,4.086731910705566,0.0006029411764705882,7.371794871794872,1150,,,,,,,
,,,7.371794871794872,1150,0.7139959931373596,0.8158844765342961,609.7031,,,,
0.2408,3.0989553928375244,0.0005294117647058824,7.6923076923076925,1200,,,,,,,
,,,7.6923076923076925,1200,0.7332828640937805,0.8014440433212996,635.5125,,,,
0.2587,1.173965334892273,0.00045588235294117646,8.012820512820513,1250,,,,,,,
,,,8.012820512820513,1250,0.6304611563682556,0.8194945848375451,662.0721,,,,
0.1523,6.876190185546875,0.00038235294117647055,8.333333333333334,1300,,,,,,,
,,,8.333333333333334,1300,0.9670502543449402,0.7906137184115524,688.2448,,,,
0.1244,5.062053203582764,0.0003088235294117647,8.653846153846153,1350,,,,,,,
,,,8.653846153846153,1350,1.0108551979064941,0.7906137184115524,714.4316,,,,
0.1402,0.37742727994918823,0.00023529411764705883,8.974358974358974,1400,,,,,,,
,,,8.974358974358974,1400,1.012575387954712,0.7906137184115524,740.4137,,,,
0.0996,0.39094874262809753,0.00016176470588235295,9.294871794871796,1450,,,,,,,
,,,9.294871794871796,1450,0.9932275414466858,0.7942238267148014,766.4943,,,,
0.1018,1.3616430759429932,8.823529411764706e-05,9.615384615384615,1500,,,,,,,
,,,9.615384615384615,1500,0.9476596117019653,0.7978339350180506,792.96,,,,
0.0915,2.16169810295105,1.4705882352941177e-05,9.935897435897436,1550,,,,,,,
,,,9.935897435897436,1550,0.9759492874145508,0.8086642599277978,820.187,,,,
,,,10.0,1560,,,824.2531,30.209,1.893,2171750202181440.0,0.47185014020173977
