loss,grad_norm,learning_rate,epoch,step,eval_loss,eval_accuracy,eval_f1,train_runtime,train_samples_per_second,train_steps_per_second,total_flos,train_loss
0.6801,0.5720922350883484,2.5e-06,0.004347826086956522,1,,,,,,,,
0.7133,0.8256388902664185,6.25e-05,0.10869565217391304,25,,,,,,,,
,,,0.10869565217391304,25,0.6587057709693909,0.6838235294117647,0.8122270742358079,8.2276,,,,
0.6627,1.4572339057922363,0.000125,0.21739130434782608,50,,,,,,,,
,,,0.21739130434782608,50,0.6248162388801575,0.6838235294117647,0.8122270742358079,13.8669,,,,
0.6386,2.6898257732391357,0.0001875,0.32608695652173914,75,,,,,,,,
,,,0.32608695652173914,75,0.6224523186683655,0.6838235294117647,0.8122270742358079,19.7904,,,,
0.6398,0.6553450226783752,0.00025,0.43478260869565216,100,,,,,,,,
,,,0.43478260869565216,100,0.6180691123008728,0.6838235294117647,0.8122270742358079,25.5701,,,,
0.603,1.162230372428894,0.0003125,0.5434782608695652,125,,,,,,,,
,,,0.5434782608695652,125,0.614303708076477,0.6838235294117647,0.8122270742358079,31.5626,,,,
0.6439,3.296346426010132,0.000375,0.6521739130434783,150,,,,,,,,
,,,0.6521739130434783,150,0.6193761825561523,0.6887254901960784,0.8145985401459854,37.4834,,,,
0.6241,0.5060500502586365,0.0004375,0.7608695652173914,175,,,,,,,,
,,,0.7608695652173914,175,0.5914313197135925,0.6838235294117647,0.8122270742358079,43.7653,,,,
0.5922,1.3026323318481445,0.0005,0.8695652173913043,200,,,,,,,,
,,,0.8695652173913043,200,0.5307509303092957,0.7254901960784313,0.8233438485804416,49.9755,,,,
0.5851,0.5255190134048462,0.0004940476190476191,0.9782608695652174,225,,,,,,,,
,,,0.9782608695652174,225,0.5140721201896667,0.7279411764705882,0.8251968503937007,56.275,,,,
0.5414,1.6962902545928955,0.0004880952380952381,1.0869565217391304,250,,,,,,,,
,,,1.0869565217391304,250,0.5410584807395935,0.7230392156862745,0.8290468986384266,62.3486,,,,
0.5203,0.8484113216400146,0.00048214285714285715,1.1956521739130435,275,,,,,,,,
,,,1.1956521739130435,275,0.4733785092830658,0.7598039215686274,0.8419354838709678,68.6149,,,,
0.5157,0.8800035715103149,0.0004761904761904762,1.3043478260869565,300,,,,,,,,
,,,1.3043478260869565,300,0.49978628754615784,0.7549019607843137,0.8417721518987341,74.7985,,,,
0.47,0.9113585352897644,0.00047023809523809523,1.4130434782608696,325,,,,,,,,
,,,1.4130434782608696,325,0.4455552101135254,0.7916666666666666,0.8440366972477065,80.8998,,,,
0.4806,4.177889347076416,0.00046428571428571433,1.5217391304347827,350,,,,,,,,
,,,1.5217391304347827,350,0.450011670589447,0.803921568627451,0.8653198653198654,86.9497,,,,
0.467,0.6641355752944946,0.0004583333333333333,1.6304347826086958,375,,,,,,,,
,,,1.6304347826086958,375,0.43149828910827637,0.8014705882352942,0.8485981308411216,92.9007,,,,
0.4063,0.6532161831855774,0.00045238095238095237,1.7391304347826086,400,,,,,,,,
,,,1.7391304347826086,400,0.4072583019733429,0.8088235294117647,0.8673469387755103,98.8902,,,,
0.474,3.5536460876464844,0.00044642857142857147,1.8478260869565217,425,,,,,,,,
,,,1.8478260869565217,425,0.3882412612438202,0.8259803921568627,0.873440285204991,104.957,,,,
0.4214,0.8058479428291321,0.00044047619047619046,1.9565217391304348,450,,,,,,,,
,,,1.9565217391304348,450,0.391522079706192,0.8161764705882353,0.8730964467005077,111.0399,,,,
0.4482,0.995277464389801,0.00043452380952380956,2.0652173913043477,475,,,,,,,,
,,,2.0652173913043477,475,0.48189952969551086,0.7671568627450981,0.8527131782945736,116.8742,,,,
0.4243,0.9726736545562744,0.00042857142857142855,2.1739130434782608,500,,,,,,,,
,,,2.1739130434782608,500,0.365246444940567,0.8259803921568627,0.8773747841105355,122.9234,,,,
0.4168,0.9951361417770386,0.00042261904761904765,2.282608695652174,525,,,,,,,,
,,,2.282608695652174,525,0.3552347719669342,0.8431372549019608,0.8844765342960288,129.353,,,,
0.3589,0.5803197622299194,0.0004166666666666667,2.391304347826087,550,,,,,,,,
,,,2.391304347826087,550,0.3644329905509949,0.8333333333333334,0.8811188811188811,135.3911,,,,
0.4343,0.4621248245239258,0.0004107142857142857,2.5,575,,,,,,,,
,,,2.5,575,0.3676825761795044,0.8112745098039216,0.8714524207011687,141.5804,,,,
0.3655,0.4186273217201233,0.0004047619047619048,2.608695652173913,600,,,,,,,,
,,,2.608695652173913,600,0.3543911874294281,0.8382352941176471,0.8862068965517241,147.7047,,,,
0.3874,0.3701356053352356,0.00039880952380952383,2.717391304347826,625,,,,,,,,
,,,2.717391304347826,625,0.40421661734580994,0.821078431372549,0.87893864013267,153.9892,,,,
0.453,1.4561376571655273,0.0003928571428571429,2.8260869565217392,650,,,,,,,,
,,,2.8260869565217392,650,0.33127862215042114,0.8504901960784313,0.8942807625649914,160.195,,,,
0.3437,1.2151602506637573,0.0003869047619047619,2.9347826086956523,675,,,,,,,,
,,,2.9347826086956523,675,0.33626100420951843,0.8529411764705882,0.8939929328621908,166.4312,,,,
0.3472,1.8224050998687744,0.00038095238095238096,3.0434782608695654,700,,,,,,,,
,,,3.0434782608695654,700,0.35373252630233765,0.8431372549019608,0.8877192982456141,172.2821,,,,
0.3791,1.2275642156600952,0.000375,3.1521739130434785,725,,,,,,,,
,,,3.1521739130434785,725,0.39054131507873535,0.8333333333333334,0.8870431893687708,178.4511,,,,
0.3818,1.109599232673645,0.00036904761904761905,3.260869565217391,750,,,,,,,,
,,,3.260869565217391,750,0.38671064376831055,0.8333333333333334,0.8874172185430463,184.5444,,,,
0.2982,1.1394766569137573,0.0003630952380952381,3.369565217391304,775,,,,,,,,
,,,3.369565217391304,775,0.34990394115448,0.8480392156862745,0.8938356164383561,190.5521,,,,
0.3576,2.842226505279541,0.00035714285714285714,3.4782608695652173,800,,,,,,,,
,,,3.4782608695652173,800,0.40077081322669983,0.8406862745098039,0.8907563025210083,196.6284,,,,
0.3961,0.6811390519142151,0.0003511904761904762,3.5869565217391304,825,,,,,,,,
,,,3.5869565217391304,825,0.32470688223838806,0.8504901960784313,0.8960817717206134,202.7753,,,,
0.3667,0.6044145226478577,0.00034523809523809523,3.6956521739130435,850,,,,,,,,
,,,3.6956521739130435,850,0.3116905689239502,0.8602941176470589,0.8998242530755711,208.913,,,,
0.3461,2.231677532196045,0.00033928571428571433,3.8043478260869565,875,,,,,,,,
,,,3.8043478260869565,875,0.3132651746273041,0.8529411764705882,0.8936170212765957,215.0365,,,,
0.3573,0.7646425366401672,0.0003333333333333333,3.9130434782608696,900,,,,,,,,
,,,3.9130434782608696,900,0.3538039028644562,0.8504901960784313,0.8974789915966387,221.1664,,,,
0.3569,0.700553834438324,0.00032738095238095237,4.021739130434782,925,,,,,,,,
,,,4.021739130434782,925,0.31050312519073486,0.875,0.9087656529516995,227.1501,,,,
0.3229,0.954678475856781,0.00032142857142857147,4.130434782608695,950,,,,,,,,
,,,4.130434782608695,950,0.3017192482948303,0.8725490196078431,0.9078014184397164,233.2746,,,,
0.377,1.27056884765625,0.00031547619047619046,4.239130434782608,975,,,,,,,,
,,,4.239130434782608,975,0.3124448359012604,0.8676470588235294,0.906896551724138,239.2944,,,,
0.3573,0.6280196309089661,0.00030952380952380956,4.3478260869565215,1000,,,,,,,,
,,,4.3478260869565215,1000,0.31818869709968567,0.8602941176470589,0.9025641025641027,245.3648,,,,
0.3515,2.510939836502075,0.00030357142857142855,4.456521739130435,1025,,,,,,,,
,,,4.456521739130435,1025,0.3114941120147705,0.8651960784313726,0.8979591836734695,252.0376,,,,
0.3196,1.4486451148986816,0.00029761904761904765,4.565217391304348,1050,,,,,,,,
,,,4.565217391304348,1050,0.3228060305118561,0.8676470588235294,0.906896551724138,258.1781,,,,
0.2949,0.6037569046020508,0.0002916666666666667,4.673913043478261,1075,,,,,,,,
,,,4.673913043478261,1075,0.30736204981803894,0.8725490196078431,0.907473309608541,264.2617,,,,
0.2755,1.4944415092468262,0.0002857142857142857,4.782608695652174,1100,,,,,,,,
,,,4.782608695652174,1100,0.3048277795314789,0.875,0.9094138543516875,270.371,,,,
0.3149,1.0150628089904785,0.0002797619047619048,4.891304347826087,1125,,,,,,,,
,,,4.891304347826087,1125,0.2937502861022949,0.8774509803921569,0.9094202898550725,276.4934,,,,
0.3105,0.10740964859724045,0.0002738095238095238,5.0,1150,,,,,,,,
,,,5.0,1150,0.29160547256469727,0.8774509803921569,0.9090909090909091,282.5955,,,,
0.2951,0.5218725800514221,0.00026785714285714287,5.108695652173913,1175,,,,,,,,
,,,5.108695652173913,1175,0.31955742835998535,0.8676470588235294,0.9078498293515359,288.6411,,,,
0.299,1.7806564569473267,0.0002619047619047619,5.217391304347826,1200,,,,,,,,
,,,5.217391304347826,1200,0.3002777397632599,0.875,0.9116117850953207,294.7927,,,,
0.294,0.7160530686378479,0.00025595238095238096,5.326086956521739,1225,,,,,,,,
,,,5.326086956521739,1225,0.2906816005706787,0.8848039215686274,0.9168141592920355,300.9042,,,,
0.3427,0.7549836039543152,0.00025,5.434782608695652,1250,,,,,,,,
,,,5.434782608695652,1250,0.2915373742580414,0.8799019607843137,0.9113924050632911,306.9749,,,,
0.2633,0.9200884699821472,0.00024404761904761905,5.543478260869565,1275,,,,,,,,
,,,5.543478260869565,1275,0.2977443337440491,0.8774509803921569,0.9087591240875913,313.0749,,,,
0.2898,0.7125974297523499,0.0002380952380952381,5.6521739130434785,1300,,,,,,,,
,,,5.6521739130434785,1300,0.29843926429748535,0.8725490196078431,0.9084507042253521,319.2144,,,,
0.2785,1.0180186033248901,0.00023214285714285717,5.760869565217392,1325,,,,,,,,
,,,5.760869565217392,1325,0.30559220910072327,0.8651960784313726,0.9046793760831888,325.4112,,,,
0.326,1.4142885208129883,0.00022619047619047618,5.869565217391305,1350,,,,,,,,
,,,5.869565217391305,1350,0.2885999381542206,0.8799019607843137,0.9117117117117116,331.6469,,,,
0.311,0.510902464389801,0.00022023809523809523,5.978260869565218,1375,,,,,,,,
,,,5.978260869565218,1375,0.2939554750919342,0.8700980392156863,0.9020332717190389,337.8643,,,,
0.2231,1.6415477991104126,0.00021428571428571427,6.086956521739131,1400,,,,,,,,
,,,6.086956521739131,1400,0.40185537934303284,0.8431372549019608,0.8950819672131148,343.8549,,,,
0.2834,0.3833770155906677,0.00020833333333333335,6.195652173913044,1425,,,,,,,,
,,,6.195652173913044,1425,0.3039862811565399,0.8700980392156863,0.9078260869565218,350.1028,,,,
0.2798,0.7508946061134338,0.0002023809523809524,6.304347826086957,1450,,,,,,,,
,,,6.304347826086957,1450,0.31370118260383606,0.8578431372549019,0.8905660377358491,356.0918,,,,
0.3217,0.6401244401931763,0.00019642857142857144,6.413043478260869,1475,,,,,,,,
,,,6.413043478260869,1475,0.2985031008720398,0.8676470588235294,0.906896551724138,362.1804,,,,
0.3168,0.5672993659973145,0.00019047619047619048,6.521739130434782,1500,,,,,,,,
,,,6.521739130434782,1500,0.28402382135391235,0.8774509803921569,0.9100719424460433,368.2699,,,,
0.2669,3.0572876930236816,0.00018452380952380953,6.630434782608695,1525,,,,,,,,
,,,6.630434782608695,1525,0.3185279071331024,0.8676470588235294,0.9078498293515359,374.7836,,,,
0.3174,0.4311542510986328,0.00017857142857142857,6.739130434782608,1550,,,,,,,,
,,,6.739130434782608,1550,0.2866649031639099,0.8823529411764706,0.9133574007220215,380.8452,,,,
0.2753,1.3980977535247803,0.00017261904761904762,6.8478260869565215,1575,,,,,,,,
,,,6.8478260869565215,1575,0.29139915108680725,0.8774509803921569,0.9094202898550725,386.9023,,,,
0.2891,0.5120363831520081,0.00016666666666666666,6.956521739130435,1600,,,,,,,,
,,,6.956521739130435,1600,0.2918190360069275,0.875,0.9094138543516875,393.0816,,,,
0.2438,1.0167558193206787,0.00016071428571428573,7.065217391304348,1625,,,,,,,,
,,,7.065217391304348,1625,0.30302515625953674,0.8700980392156863,0.9068541300527241,399.0319,,,,
0.2611,0.9592405557632446,0.00015476190476190478,7.173913043478261,1650,,,,,,,,
,,,7.173913043478261,1650,0.29286834597587585,0.8725490196078431,0.9071428571428571,405.1069,,,,
0.2538,0.7732508182525635,0.00014880952380952382,7.282608695652174,1675,,,,,,,,
,,,7.282608695652174,1675,0.30222028493881226,0.8700980392156863,0.9084628670120898,411.1412,,,,
0.2725,0.7885910272598267,0.00014285714285714284,7.391304347826087,1700,,,,,,,,
,,,7.391304347826087,1700,0.2825814485549927,0.8823529411764706,0.9145907473309609,417.3617,,,,
0.2734,0.45911887288093567,0.0001369047619047619,7.5,1725,,,,,,,,
,,,7.5,1725,0.2832547128200531,0.8823529411764706,0.9145907473309609,423.5649,,,,
0.2782,0.8510746955871582,0.00013095238095238096,7.608695652173913,1750,,,,,,,,
,,,7.608695652173913,1750,0.28376758098602295,0.8823529411764706,0.9148936170212766,429.7524,,,,
0.2901,1.3146116733551025,0.000125,7.717391304347826,1775,,,,,,,,
,,,7.717391304347826,1775,0.2904118299484253,0.875,0.9100529100529101,435.9079,,,,
0.2674,0.6778232455253601,0.00011904761904761905,7.826086956521739,1800,,,,,,,,
,,,7.826086956521739,1800,0.2988334000110626,0.8651960784313726,0.9043478260869565,442.0189,,,,
0.2662,0.6535109877586365,0.00011309523809523809,7.934782608695652,1825,,,,,,,,
,,,7.934782608695652,1825,0.2856772840023041,0.8799019607843137,0.9110707803992741,448.3164,,,,
0.3522,0.5545294284820557,0.00010714285714285714,8.043478260869565,1850,,,,,,,,
,,,8.043478260869565,1850,0.2952672243118286,0.8627450980392157,0.902439024390244,454.3914,,,,
0.2624,0.49631765484809875,0.0001011904761904762,8.152173913043478,1875,,,,,,,,
,,,8.152173913043478,1875,0.28179341554641724,0.8799019607843137,0.9117117117117116,460.5454,,,,
0.2373,0.2922742962837219,9.523809523809524e-05,8.26086956521739,1900,,,,,,,,
,,,8.26086956521739,1900,0.2963625490665436,0.8676470588235294,0.9059233449477352,466.7335,,,,
0.2763,0.8674335479736328,8.928571428571429e-05,8.369565217391305,1925,,,,,,,,
,,,8.369565217391305,1925,0.28243449330329895,0.8823529411764706,0.9148936170212766,472.9099,,,,
0.2497,1.021263599395752,8.333333333333333e-05,8.478260869565217,1950,,,,,,,,
,,,8.478260869565217,1950,0.29161661863327026,0.8700980392156863,0.9068541300527241,479.1493,,,,
0.2355,0.7339260578155518,7.738095238095239e-05,8.58695652173913,1975,,,,,,,,
,,,8.58695652173913,1975,0.3122459053993225,0.8676470588235294,0.9072164948453608,485.1873,,,,
0.2348,0.42542773485183716,7.142857142857142e-05,8.695652173913043,2000,,,,,,,,
,,,8.695652173913043,2000,0.30793246626853943,0.8651960784313726,0.9046793760831888,491.3727,,,,
0.2832,1.4449914693832397,6.547619047619048e-05,8.804347826086957,2025,,,,,,,,
,,,8.804347826086957,2025,0.28993067145347595,0.8823529411764706,0.9148936170212766,497.8327,,,,
0.3134,1.4559779167175293,5.9523809523809524e-05,8.91304347826087,2050,,,,,,,,
,,,8.91304347826087,2050,0.289705753326416,0.8700980392156863,0.9071803852889667,504.0525,,,,
0.3116,0.4449310600757599,5.357142857142857e-05,9.021739130434783,2075,,,,,,,,
,,,9.021739130434783,2075,0.29533764719963074,0.8676470588235294,0.90625,510.0194,,,,
0.2458,0.33643025159835815,4.761904761904762e-05,9.130434782608695,2100,,,,,,,,
,,,9.130434782608695,2100,0.28218910098075867,0.8823529411764706,0.9142857142857143,516.1602,,,,
0.2346,0.5736089944839478,4.1666666666666665e-05,9.23913043478261,2125,,,,,,,,
,,,9.23913043478261,2125,0.2868707776069641,0.8799019607843137,0.9132743362831858,522.2265,,,,
0.2778,0.5402777791023254,3.571428571428571e-05,9.347826086956522,2150,,,,,,,,
,,,9.347826086956522,2150,0.2951388955116272,0.8725490196078431,0.9090909090909091,528.3653,,,,
0.2476,0.5404864549636841,2.9761904761904762e-05,9.456521739130435,2175,,,,,,,,
,,,9.456521739130435,2175,0.2921520173549652,0.875,0.9106830122591945,534.5074,,,,
0.2533,0.41828295588493347,2.380952380952381e-05,9.565217391304348,2200,,,,,,,,
,,,9.565217391304348,2200,0.2993077337741852,0.8700980392156863,0.9078260869565218,540.7088,,,,
0.2805,0.6017510294914246,1.7857142857142855e-05,9.673913043478262,2225,,,,,,,,
,,,9.673913043478262,2225,0.29185590147972107,0.875,0.9106830122591945,546.8219,,,,
0.2492,0.3727644979953766,1.1904761904761905e-05,9.782608695652174,2250,,,,,,,,
,,,9.782608695652174,2250,0.29051050543785095,0.875,0.9103690685413005,553.0068,,,,
0.2437,1.6878246068954468,5.9523809523809525e-06,9.891304347826086,2275,,,,,,,,
,,,9.891304347826086,2275,0.29093238711357117,0.8725490196078431,0.9087719298245615,559.1705,,,,
0.2405,1.9918746948242188,0.0,10.0,2300,,,,,,,,
,,,10.0,2300,0.2902996838092804,0.875,0.9103690685413005,565.2717,,,,
,,,10.0,2300,,,,564.9841,64.922,4.071,1530446719931808.0,0.3570655899721643
