loss,grad_norm,learning_rate,epoch,step,eval_loss,eval_accuracy,eval_f1,train_runtime,train_samples_per_second,train_steps_per_second,total_flos,train_loss
0.7008,1.4404122829437256,2.5e-06,0.004347826086956522,1,,,,,,,,
0.6567,0.8004788160324097,6.25e-05,0.10869565217391304,25,,,,,,,,
,,,0.10869565217391304,25,0.636138916015625,0.6838235294117647,0.8122270742358079,6.3246,,,,
0.6603,1.2612322568893433,0.000125,0.21739130434782608,50,,,,,,,,
,,,0.21739130434782608,50,0.6254404187202454,0.6838235294117647,0.8122270742358079,12.0911,,,,
0.6397,2.4611458778381348,0.0001875,0.32608695652173914,75,,,,,,,,
,,,0.32608695652173914,75,0.6213513016700745,0.6838235294117647,0.8122270742358079,18.0792,,,,
0.6411,0.6256940960884094,0.00025,0.43478260869565216,100,,,,,,,,
,,,0.43478260869565216,100,0.6172465085983276,0.6838235294117647,0.8122270742358079,23.8942,,,,
0.6033,1.2052786350250244,0.0003125,0.5434782608695652,125,,,,,,,,
,,,0.5434782608695652,125,0.6102768182754517,0.6838235294117647,0.8122270742358079,29.8435,,,,
0.6215,4.140098571777344,0.000375,0.6521739130434783,150,,,,,,,,
,,,0.6521739130434783,150,0.5755526423454285,0.7058823529411765,0.8198198198198199,35.6942,,,,
0.5894,2.4899239540100098,0.0004375,0.7608695652173914,175,,,,,,,,
,,,0.7608695652173914,175,0.5277182459831238,0.7303921568627451,0.8264984227129337,41.7689,,,,
0.5895,3.5631775856018066,0.0005,0.8695652173913043,200,,,,,,,,
,,,0.8695652173913043,200,0.5532841682434082,0.7524509803921569,0.8206039076376554,47.7833,,,,
0.5867,1.8202369213104248,0.0004940476190476191,0.9782608695652174,225,,,,,,,,
,,,0.9782608695652174,225,0.5550681352615356,0.7843137254901961,0.8487972508591065,53.6949,,,,
0.5857,1.4747990369796753,0.0004880952380952381,1.0869565217391304,250,,,,,,,,
,,,1.0869565217391304,250,0.490738183259964,0.7475490196078431,0.838810641627543,59.5054,,,,
0.5413,1.9481693506240845,0.00048214285714285715,1.1956521739130435,275,,,,,,,,
,,,1.1956521739130435,275,0.5162003636360168,0.7524509803921569,0.842433697347894,65.3739,,,,
0.4989,3.2840259075164795,0.0004761904761904762,1.3043478260869565,300,,,,,,,,
,,,1.3043478260869565,300,0.43089547753334045,0.8014705882352942,0.8586387434554974,71.3788,,,,
0.4491,4.5076904296875,0.00047023809523809523,1.4130434782608696,325,,,,,,,,
,,,1.4130434782608696,325,0.4858030378818512,0.7426470588235294,0.7789473684210526,77.2182,,,,
0.4976,7.946427345275879,0.00046428571428571433,1.5217391304347827,350,,,,,,,,
,,,1.5217391304347827,350,0.42203521728515625,0.7990196078431373,0.8655737704918033,83.1229,,,,
0.4572,2.237855911254883,0.0004583333333333333,1.6304347826086958,375,,,,,,,,
,,,1.6304347826086958,375,0.3831055462360382,0.8308823529411765,0.880415944540728,88.8877,,,,
0.4107,7.380457401275635,0.00045238095238095237,1.7391304347826086,400,,,,,,,,
,,,1.7391304347826086,400,0.40414145588874817,0.8259803921568627,0.8798646362098139,94.7206,,,,
0.4707,6.324627876281738,0.00044642857142857147,1.8478260869565217,425,,,,,,,,
,,,1.8478260869565217,425,0.35637933015823364,0.8529411764705882,0.8951048951048952,100.6928,,,,
0.433,3.37503981590271,0.00044047619047619046,1.9565217391304348,450,,,,,,,,
,,,1.9565217391304348,450,0.35410863161087036,0.8431372549019608,0.8814814814814815,106.6626,,,,
0.4068,4.462675094604492,0.00043452380952380956,2.0652173913043477,475,,,,,,,,
,,,2.0652173913043477,475,0.394048810005188,0.821078431372549,0.8785357737104825,112.4125,,,,
0.4295,2.8189051151275635,0.00042857142857142855,2.1739130434782608,500,,,,,,,,
,,,2.1739130434782608,500,0.3480139970779419,0.8455882352941176,0.8900523560209423,118.2685,,,,
0.3893,5.595088005065918,0.00042261904761904765,2.282608695652174,525,,,,,,,,
,,,2.282608695652174,525,0.34648025035858154,0.8504901960784313,0.8864059590316573,124.262,,,,
0.3409,1.9459006786346436,0.0004166666666666667,2.391304347826087,550,,,,,,,,
,,,2.391304347826087,550,0.3484140932559967,0.8455882352941176,0.8860759493670886,130.0689,,,,
0.4328,4.272423267364502,0.0004107142857142857,2.5,575,,,,,,,,
,,,2.5,575,0.34560516476631165,0.8431372549019608,0.8892733564013842,136.0061,,,,
0.3537,3.3168091773986816,0.0004047619047619048,2.608695652173913,600,,,,,,,,
,,,2.608695652173913,600,0.33834072947502136,0.8529411764705882,0.8958333333333334,141.8515,,,,
0.3633,3.3393373489379883,0.00039880952380952383,2.717391304347826,625,,,,,,,,
,,,2.717391304347826,625,0.3576112985610962,0.8529411764705882,0.8976109215017065,147.7776,,,,
0.4458,8.219322204589844,0.0003928571428571429,2.8260869565217392,650,,,,,,,,
,,,2.8260869565217392,650,0.32664623856544495,0.8651960784313726,0.9040139616055847,153.7422,,,,
0.3237,4.766887664794922,0.0003869047619047619,2.9347826086956523,675,,,,,,,,
,,,2.9347826086956523,675,0.3443572223186493,0.8529411764705882,0.8932384341637011,159.6695,,,,
0.348,7.192641735076904,0.00038095238095238096,3.0434782608695654,700,,,,,,,,
,,,3.0434782608695654,700,0.3926037549972534,0.8406862745098039,0.8900169204737733,165.3927,,,,
0.3794,7.839042663574219,0.000375,3.1521739130434785,725,,,,,,,,
,,,3.1521739130434785,725,0.4733765125274658,0.821078431372549,0.8809135399673736,171.2615,,,,
0.3855,3.913724184036255,0.00036904761904761905,3.260869565217391,750,,,,,,,,
,,,3.260869565217391,750,0.4061577618122101,0.8431372549019608,0.8933333333333334,177.2377,,,,
0.2953,8.752837181091309,0.0003630952380952381,3.369565217391304,775,,,,,,,,
,,,3.369565217391304,775,0.3594212234020233,0.875,0.9097345132743363,183.0073,,,,
0.3426,10.327311515808105,0.00035714285714285714,3.4782608695652173,800,,,,,,,,
,,,3.4782608695652173,800,0.3786732256412506,0.8676470588235294,0.906896551724138,188.8895,,,,
0.3662,5.670139312744141,0.0003511904761904762,3.5869565217391304,825,,,,,,,,
,,,3.5869565217391304,825,0.31137070059776306,0.8504901960784313,0.891651865008881,194.7952,,,,
0.3636,3.6559367179870605,0.00034523809523809523,3.6956521739130435,850,,,,,,,,
,,,3.6956521739130435,850,0.3049134314060211,0.8725490196078431,0.9078014184397164,200.775,,,,
0.3084,9.704187393188477,0.00033928571428571433,3.8043478260869565,875,,,,,,,,
,,,3.8043478260869565,875,0.3277212381362915,0.8627450980392157,0.8992805755395683,206.7158,,,,
0.3279,5.013140678405762,0.0003333333333333333,3.9130434782608696,900,,,,,,,,
,,,3.9130434782608696,900,0.3639625906944275,0.8504901960784313,0.8967851099830796,212.6337,,,,
0.3534,4.038208484649658,0.00032738095238095237,4.021739130434782,925,,,,,,,,
,,,4.021739130434782,925,0.31487858295440674,0.8651960784313726,0.9012567324955117,218.5037,,,,
0.2981,4.341172695159912,0.00032142857142857147,4.130434782608695,950,,,,,,,,
,,,4.130434782608695,950,0.3213009238243103,0.8627450980392157,0.9014084507042254,224.4282,,,,
0.354,6.361081123352051,0.00031547619047619046,4.239130434782608,975,,,,,,,,
,,,4.239130434782608,975,0.33934786915779114,0.8504901960784313,0.896434634974533,230.2855,,,,
0.3444,4.427347660064697,0.00030952380952380956,4.3478260869565215,1000,,,,,,,,
,,,4.3478260869565215,1000,0.3116953670978546,0.8651960784313726,0.9033391915641477,236.0703,,,,
0.3147,6.977764129638672,0.00030357142857142855,4.456521739130435,1025,,,,,,,,
,,,4.456521739130435,1025,0.3191697299480438,0.8578431372549019,0.8941605839416058,242.2395,,,,
0.2884,5.328129291534424,0.00029761904761904765,4.565217391304348,1050,,,,,,,,
,,,4.565217391304348,1050,0.3317885398864746,0.8627450980392157,0.9003558718861211,248.158,,,,
0.2665,4.818884372711182,0.0002916666666666667,4.673913043478261,1075,,,,,,,,
,,,4.673913043478261,1075,0.3581571877002716,0.8627450980392157,0.8989169675090252,253.9831,,,,
0.2523,5.903728485107422,0.0002857142857142857,4.782608695652174,1100,,,,,,,,
,,,4.782608695652174,1100,0.333692729473114,0.8578431372549019,0.8964285714285715,259.9225,,,,
0.3116,4.960147857666016,0.0002797619047619048,4.891304347826087,1125,,,,,,,,
,,,4.891304347826087,1125,0.3177618980407715,0.8602941176470589,0.8994708994708994,265.8021,,,,
0.2792,0.11905794590711594,0.0002738095238095238,5.0,1150,,,,,,,,
,,,5.0,1150,0.3238273561000824,0.8627450980392157,0.9003558718861211,271.752,,,,
0.2805,1.6758933067321777,0.00026785714285714287,5.108695652173913,1175,,,,,,,,
,,,5.108695652173913,1175,0.35377082228660583,0.8578431372549019,0.9003436426116839,277.5523,,,,
0.3017,8.573188781738281,0.0002619047619047619,5.217391304347826,1200,,,,,,,,
,,,5.217391304347826,1200,0.35035470128059387,0.8602941176470589,0.902229845626072,283.5722,,,,
0.2785,4.286166191101074,0.00025595238095238096,5.326086956521739,1225,,,,,,,,
,,,5.326086956521739,1225,0.3328920006752014,0.8725490196078431,0.9087719298245615,289.4679,,,,
0.3507,4.470948696136475,0.00025,5.434782608695652,1250,,,,,,,,
,,,5.434782608695652,1250,0.33621659874916077,0.8602941176470589,0.9008695652173914,295.3255,,,,
0.258,8.681215286254883,0.00024404761904761905,5.543478260869565,1275,,,,,,,,
,,,5.543478260869565,1275,0.33532288670539856,0.8774509803921569,0.911032028469751,301.1776,,,,
0.2754,6.754309177398682,0.0002380952380952381,5.6521739130434785,1300,,,,,,,,
,,,5.6521739130434785,1300,0.36222323775291443,0.8627450980392157,0.9037800687285222,307.045,,,,
0.2425,3.0257441997528076,0.00023214285714285717,5.760869565217392,1325,,,,,,,,
,,,5.760869565217392,1325,0.3736145794391632,0.8651960784313726,0.9029982363315697,313.0436,,,,
0.3096,11.443248748779297,0.00022619047619047618,5.869565217391305,1350,,,,,,,,
,,,5.869565217391305,1350,0.35002079606056213,0.8700980392156863,0.9041591320072333,319.0253,,,,
0.3248,1.4343560934066772,0.00022023809523809523,5.978260869565218,1375,,,,,,,,
,,,5.978260869565218,1375,0.3219407796859741,0.875,0.9090909090909091,325.1212,,,,
0.2157,10.466242790222168,0.00021428571428571427,6.086956521739131,1400,,,,,,,,
,,,6.086956521739131,1400,0.5442532300949097,0.8382352941176471,0.892156862745098,330.8708,,,,
0.3191,3.5619871616363525,0.00020833333333333335,6.195652173913044,1425,,,,,,,,
,,,6.195652173913044,1425,0.3424983322620392,0.8627450980392157,0.9014084507042254,337.0159,,,,
0.2866,6.805622577667236,0.0002023809523809524,6.304347826086957,1450,,,,,,,,
,,,6.304347826086957,1450,0.34012043476104736,0.8651960784313726,0.8983364140480593,342.7479,,,,
0.2798,2.819606065750122,0.00019642857142857144,6.413043478260869,1475,,,,,,,,
,,,6.413043478260869,1475,0.3593389391899109,0.8578431372549019,0.9003436426116839,348.6826,,,,
0.301,1.9676942825317383,0.00019047619047619048,6.521739130434782,1500,,,,,,,,
,,,6.521739130434782,1500,0.3335505425930023,0.8725490196078431,0.9061371841155236,354.5154,,,,
0.2352,14.369023323059082,0.00018452380952380953,6.630434782608695,1525,,,,,,,,
,,,6.630434782608695,1525,0.378473162651062,0.8578431372549019,0.8986013986013986,360.6564,,,,
0.2993,2.1921868324279785,0.00017857142857142857,6.739130434782608,1550,,,,,,,,
,,,6.739130434782608,1550,0.3517410457134247,0.875,0.9077757685352622,366.5092,,,,
0.2645,4.861628532409668,0.00017261904761904762,6.8478260869565215,1575,,,,,,,,
,,,6.8478260869565215,1575,0.3820446729660034,0.8578431372549019,0.8975265017667844,372.4274,,,,
0.3131,2.8192803859710693,0.00016666666666666666,6.956521739130435,1600,,,,,,,,
,,,6.956521739130435,1600,0.34953221678733826,0.8676470588235294,0.9049295774647886,378.4177,,,,
0.2147,6.501904487609863,0.00016071428571428573,7.065217391304348,1625,,,,,,,,
,,,7.065217391304348,1625,0.3721509873867035,0.8676470588235294,0.9035714285714286,384.1398,,,,
0.2797,3.556422710418701,0.00015476190476190478,7.173913043478261,1650,,,,,,,,
,,,7.173913043478261,1650,0.36065950989723206,0.8700980392156863,0.905861456483126,390.0429,,,,
0.2473,3.6695337295532227,0.00014880952380952382,7.282608695652174,1675,,,,,,,,
,,,7.282608695652174,1675,0.39588257670402527,0.8651960784313726,0.905982905982906,395.8617,,,,
0.2825,7.067277431488037,0.00014285714285714284,7.391304347826087,1700,,,,,,,,
,,,7.391304347826087,1700,0.34475839138031006,0.8578431372549019,0.8996539792387542,401.9167,,,,
0.2778,2.265681266784668,0.0001369047619047619,7.5,1725,,,,,,,,
,,,7.5,1725,0.3116112947463989,0.8676470588235294,0.9045936395759717,407.8992,,,,
0.2441,6.949475288391113,0.00013095238095238096,7.608695652173913,1750,,,,,,,,
,,,7.608695652173913,1750,0.32278579473495483,0.8627450980392157,0.902439024390244,413.8781,,,,
0.2815,6.632157802581787,0.000125,7.717391304347826,1775,,,,,,,,
,,,7.717391304347826,1775,0.3355918824672699,0.8627450980392157,0.902439024390244,419.7947,,,,
0.2639,3.0622661113739014,0.00011904761904761905,7.826086956521739,1800,,,,,,,,
,,,7.826086956521739,1800,0.3359968662261963,0.8602941176470589,0.9001751313485115,425.6319,,,,
0.2608,3.9979124069213867,0.00011309523809523809,7.934782608695652,1825,,,,,,,,
,,,7.934782608695652,1825,0.32505470514297485,0.8700980392156863,0.9051878354203935,431.6826,,,,
0.3413,3.662801742553711,0.00010714285714285714,8.043478260869565,1850,,,,,,,,
,,,8.043478260869565,1850,0.33122357726097107,0.8578431372549019,0.8986013986013986,437.4212,,,,
0.2434,1.9787847995758057,0.0001011904761904762,8.152173913043478,1875,,,,,,,,
,,,8.152173913043478,1875,0.33051225543022156,0.8578431372549019,0.8986013986013986,443.3023,,,,
0.2074,1.4044780731201172,9.523809523809524e-05,8.26086956521739,1900,,,,,,,,
,,,8.26086956521739,1900,0.35797378420829773,0.8602941176470589,0.900523560209424,449.1515,,,,
0.2225,4.139929294586182,8.928571428571429e-05,8.369565217391305,1925,,,,,,,,
,,,8.369565217391305,1925,0.3450362980365753,0.8602941176470589,0.8998242530755711,455.1258,,,,
0.224,7.043043613433838,8.333333333333333e-05,8.478260869565217,1950,,,,,,,,
,,,8.478260869565217,1950,0.36506035923957825,0.8578431372549019,0.8989547038327526,461.0345,,,,
0.2261,4.499454498291016,7.738095238095239e-05,8.58695652173913,1975,,,,,,,,
,,,8.58695652173913,1975,0.3672816753387451,0.8627450980392157,0.9027777777777778,466.8956,,,,
0.2403,3.675640344619751,7.142857142857142e-05,8.695652173913043,2000,,,,,,,,
,,,8.695652173913043,2000,0.36019620299339294,0.8627450980392157,0.9027777777777778,472.673,,,,
0.2565,5.516969680786133,6.547619047619048e-05,8.804347826086957,2025,,,,,,,,
,,,8.804347826086957,2025,0.34790846705436707,0.8651960784313726,0.9029982363315697,478.6914,,,,
0.2825,6.786958694458008,5.9523809523809524e-05,8.91304347826087,2050,,,,,,,,
,,,8.91304347826087,2050,0.3554818034172058,0.8627450980392157,0.9020979020979022,484.5455,,,,
0.282,3.4496307373046875,5.357142857142857e-05,9.021739130434783,2075,,,,,,,,
,,,9.021739130434783,2075,0.34842488169670105,0.8627450980392157,0.9020979020979022,490.2747,,,,
0.1981,4.122338771820068,4.761904761904762e-05,9.130434782608695,2100,,,,,,,,
,,,9.130434782608695,2100,0.3405189514160156,0.8700980392156863,0.9055258467023173,496.1181,,,,
0.2167,2.777285099029541,4.1666666666666665e-05,9.23913043478261,2125,,,,,,,,
,,,9.23913043478261,2125,0.3592808246612549,0.8651960784313726,0.9029982363315697,501.9666,,,,
0.2838,5.851570129394531,3.571428571428571e-05,9.347826086956522,2150,,,,,,,,
,,,9.347826086956522,2150,0.3661607503890991,0.8627450980392157,0.9017543859649123,507.85,,,,
0.244,2.3198394775390625,2.9761904761904762e-05,9.456521739130435,2175,,,,,,,,
,,,9.456521739130435,2175,0.3593147099018097,0.8627450980392157,0.9017543859649123,513.7358,,,,
0.2406,5.239176273345947,2.380952380952381e-05,9.565217391304348,2200,,,,,,,,
,,,9.565217391304348,2200,0.36905431747436523,0.8602941176470589,0.900523560209424,519.6738,,,,
0.2583,7.573066234588623,1.7857142857142855e-05,9.673913043478262,2225,,,,,,,,
,,,9.673913043478262,2225,0.3565880358219147,0.8651960784313726,0.9036777583187391,525.5301,,,,
0.2542,3.1185357570648193,1.1904761904761905e-05,9.782608695652174,2250,,,,,,,,
,,,9.782608695652174,2250,0.35673728585243225,0.8627450980392157,0.9020979020979022,531.4708,,,,
0.2237,8.874493598937988,5.9523809523809525e-06,9.891304347826086,2275,,,,,,,,
,,,9.891304347826086,2275,0.3547919690608978,0.8627450980392157,0.9017543859649123,537.3973,,,,
0.2342,12.614847183227539,0.0,10.0,2300,,,,,,,,
,,,10.0,2300,0.35264939069747925,0.8627450980392157,0.9017543859649123,543.2688,,,,
,,,10.0,2300,,,,542.9072,67.562,4.236,1451673350395296.0,0.3452908497789632
