loss,grad_norm,learning_rate,epoch,step,eval_loss,eval_accuracy,eval_f1,train_runtime,train_samples_per_second,train_steps_per_second,total_flos,train_loss
1.1838,4.28834867477417,1e-05,0.0625,1,,,,,,,,
1.1009,3.51887583732605,0.0001,0.625,10,,,,,,,,
,,,0.625,10,1.0543090105056763,0.4107142857142857,0.1940928270042194,4.8058,,,,
0.9643,3.2821061611175537,0.0002,1.25,20,,,,,,,,
,,,1.25,20,0.9378422498703003,0.4107142857142857,0.1940928270042194,9.356,,,,
0.8834,2.3632380962371826,0.0003,1.875,30,,,,,,,,
,,,1.875,30,0.8977346420288086,0.5714285714285714,0.34571175950486294,13.7022,,,,
0.9477,1.2004399299621582,0.0004,2.5,40,,,,,,,,
,,,2.5,40,0.869602620601654,0.7321428571428571,0.5087064676616916,18.012,,,,
0.765,3.488518714904785,0.0005,3.125,50,,,,,,,,
,,,3.125,50,0.7861028909683228,0.6785714285714286,0.47391812865497074,22.3839,,,,
0.7622,3.546295404434204,0.00048148148148148144,3.75,60,,,,,,,,
,,,3.75,60,0.7245818376541138,0.7321428571428571,0.5122356854359705,26.839,,,,
0.5616,4.649919509887695,0.000462962962962963,4.375,70,,,,,,,,
,,,4.375,70,0.7279416918754578,0.6964285714285714,0.4872881355932203,31.0529,,,,
0.4797,4.06374979019165,0.0004444444444444444,5.0,80,,,,,,,,
,,,5.0,80,0.5785139799118042,0.7857142857142857,0.5487179487179487,35.4052,,,,
0.3614,7.263327598571777,0.00042592592592592595,5.625,90,,,,,,,,
,,,5.625,90,0.46936097741127014,0.8392857142857143,0.5866760497302369,40.1289,,,,
0.2842,6.549557209014893,0.0004074074074074074,6.25,100,,,,,,,,
,,,6.25,100,0.36858147382736206,0.875,0.7085018806330282,44.3726,,,,
0.1643,3.0371651649475098,0.0003888888888888889,6.875,110,,,,,,,,
,,,6.875,110,0.45428380370140076,0.875,0.6120567375886524,48.6732,,,,
0.1611,4.400310516357422,0.00037037037037037035,7.5,120,,,,,,,,
,,,7.5,120,0.29215750098228455,0.8928571428571429,0.8523500309214596,52.6436,,,,
0.0807,6.788435935974121,0.0003518518518518519,8.125,130,,,,,,,,
,,,8.125,130,0.3206767141819,0.875,0.7785987958401751,57.2156,,,,
0.0652,0.25319087505340576,0.0003333333333333333,8.75,140,,,,,,,,
,,,8.75,140,0.26804351806640625,0.8928571428571429,0.8001253132832081,62.0195,,,,
0.0785,1.4491633176803589,0.0003148148148148148,9.375,150,,,,,,,,
,,,9.375,150,0.1812756359577179,0.9285714285714286,0.8950310559006213,66.4106,,,,
0.0406,0.2753979563713074,0.0002962962962962963,10.0,160,,,,,,,,
,,,10.0,160,0.22048668563365936,0.8928571428571429,0.8519659076769939,70.7565,,,,
0.0142,0.4795013964176178,0.0002777777777777778,10.625,170,,,,,,,,
,,,10.625,170,0.427900105714798,0.8571428571428571,0.7027687622711064,75.4552,,,,
0.0613,2.8550071716308594,0.00025925925925925926,11.25,180,,,,,,,,
,,,11.25,180,0.2593884766101837,0.9107142857142857,0.8818713450292398,79.7817,,,,
0.0156,0.028174353763461113,0.00024074074074074072,11.875,190,,,,,,,,
,,,11.875,190,0.22518159449100494,0.8928571428571429,0.8519659076769939,84.4858,,,,
0.0104,0.07092815637588501,0.0002222222222222222,12.5,200,,,,,,,,
,,,12.5,200,0.3262653648853302,0.9285714285714286,0.8780766852195424,88.7241,,,,
0.0044,0.05753500387072563,0.0002037037037037037,13.125,210,,,,,,,,
,,,13.125,210,0.2265120893716812,0.8928571428571429,0.8519659076769939,93.0219,,,,
0.0025,0.13588598370552063,0.00018518518518518518,13.75,220,,,,,,,,
,,,13.75,220,0.2397899627685547,0.8928571428571429,0.8519659076769939,97.7918,,,,
0.0012,0.0240334365516901,0.00016666666666666666,14.375,230,,,,,,,,
,,,14.375,230,0.24793587625026703,0.8928571428571429,0.8519659076769939,102.4483,,,,
0.0115,2.3392279148101807,0.00014814814814814815,15.0,240,,,,,,,,
,,,15.0,240,0.23054756224155426,0.8928571428571429,0.8519659076769939,106.6744,,,,
0.0014,0.012947378680109978,0.00012962962962962963,15.625,250,,,,,,,,
,,,15.625,250,0.21306121349334717,0.8928571428571429,0.8519659076769939,111.0722,,,,
0.0009,0.17739051580429077,0.0001111111111111111,16.25,260,,,,,,,,
,,,16.25,260,0.2132824808359146,0.8928571428571429,0.8519659076769939,115.6403,,,,
0.0017,0.030084989964962006,9.259259259259259e-05,16.875,270,,,,,,,,
,,,16.875,270,0.23561358451843262,0.8928571428571429,0.8519659076769939,120.0957,,,,
0.0023,0.010347875766456127,7.407407407407407e-05,17.5,280,,,,,,,,
,,,17.5,280,0.2436775416135788,0.8928571428571429,0.8519659076769939,124.7365,,,,
0.0034,4.262847423553467,5.555555555555555e-05,18.125,290,,,,,,,,
,,,18.125,290,0.24390292167663574,0.8928571428571429,0.8519659076769939,129.0637,,,,
0.002,0.0684162899851799,3.7037037037037037e-05,18.75,300,,,,,,,,
,,,18.75,300,0.2465452402830124,0.8928571428571429,0.8519659076769939,133.7802,,,,
0.0015,0.06154972314834595,1.8518518518518518e-05,19.375,310,,,,,,,,
,,,19.375,310,0.2450285106897354,0.9107142857142857,0.9047376896347149,137.7714,,,,
0.0006,0.021446269005537033,0.0,20.0,320,,,,,,,,
,,,20.0,320,0.2448129951953888,0.9107142857142857,0.9047376896347149,142.3573,,,,
,,,20.0,320,,,,141.8829,35.24,2.255,450318457005120.0,0.2451338205675711
