loss,grad_norm,learning_rate,epoch,step,eval_loss,eval_accuracy,eval_f1,train_runtime,train_samples_per_second,train_steps_per_second,total_flos,train_loss
0.7008,1.4410141706466675,5.000000000000001e-07,0.004347826086956522,1,,,,,,,,
0.6656,0.8330132961273193,1.25e-05,0.10869565217391304,25,,,,,,,,
,,,0.10869565217391304,25,0.6613008975982666,0.6838235294117647,0.8122270742358079,5.8255,,,,
0.6639,0.9160748720169067,2.5e-05,0.21739130434782608,50,,,,,,,,
,,,0.21739130434782608,50,0.645098090171814,0.6838235294117647,0.8122270742358079,11.2454,,,,
0.643,3.0768485069274902,3.7500000000000003e-05,0.32608695652173914,75,,,,,,,,
,,,0.32608695652173914,75,0.6327306628227234,0.6838235294117647,0.8122270742358079,16.7973,,,,
0.6489,0.7941566109657288,5e-05,0.43478260869565216,100,,,,,,,,
,,,0.43478260869565216,100,0.626823902130127,0.6838235294117647,0.8122270742358079,22.2259,,,,
0.6016,1.4207109212875366,6.25e-05,0.5434782608695652,125,,,,,,,,
,,,0.5434782608695652,125,0.621687114238739,0.6838235294117647,0.8122270742358079,27.8392,,,,
0.6281,2.507341146469116,7.500000000000001e-05,0.6521739130434783,150,,,,,,,,
,,,0.6521739130434783,150,0.6207225918769836,0.6838235294117647,0.8122270742358079,33.2534,,,,
0.6341,0.9840674996376038,8.75e-05,0.7608695652173914,175,,,,,,,,
,,,0.7608695652173914,175,0.6154053211212158,0.6838235294117647,0.8122270742358079,38.9623,,,,
0.6272,1.6474987268447876,0.0001,0.8695652173913043,200,,,,,,,,
,,,0.8695652173913043,200,0.5887983441352844,0.6838235294117647,0.8122270742358079,44.5049,,,,
0.5855,1.845770239830017,9.880952380952381e-05,0.9782608695652174,225,,,,,,,,
,,,0.9782608695652174,225,0.5841428637504578,0.7058823529411765,0.8181818181818181,50.0204,,,,
0.5812,1.7403051853179932,9.761904761904762e-05,1.0869565217391304,250,,,,,,,,
,,,1.0869565217391304,250,0.5293592810630798,0.696078431372549,0.8165680473372782,55.4187,,,,
0.5331,1.7244383096694946,9.642857142857143e-05,1.1956521739130435,275,,,,,,,,
,,,1.1956521739130435,275,0.5337651371955872,0.7426470588235294,0.8335974643423137,60.892,,,,
0.5143,1.8097434043884277,9.523809523809524e-05,1.3043478260869565,300,,,,,,,,
,,,1.3043478260869565,300,0.45998144149780273,0.7916666666666666,0.8571428571428571,66.5128,,,,
0.4627,3.7129030227661133,9.404761904761905e-05,1.4130434782608696,325,,,,,,,,
,,,1.4130434782608696,325,0.49630221724510193,0.7450980392156863,0.7868852459016392,71.9594,,,,
0.5176,11.338955879211426,9.285714285714286e-05,1.5217391304347827,350,,,,,,,,
,,,1.5217391304347827,350,0.48380547761917114,0.7941176470588235,0.8613861386138614,77.4875,,,,
0.4829,2.0182855129241943,9.166666666666667e-05,1.6304347826086958,375,,,,,,,,
,,,1.6304347826086958,375,0.4213845431804657,0.803921568627451,0.8625429553264605,82.901,,,,
0.4387,3.8425683975219727,9.047619047619048e-05,1.7391304347826086,400,,,,,,,,
,,,1.7391304347826086,400,0.5346324443817139,0.7671568627450981,0.8508634222919937,88.3677,,,,
0.484,3.7831740379333496,8.92857142857143e-05,1.8478260869565217,425,,,,,,,,
,,,1.8478260869565217,425,0.4970056116580963,0.7769607843137255,0.8544,93.978,,,,
0.4438,1.7894989252090454,8.80952380952381e-05,1.9565217391304348,450,,,,,,,,
,,,1.9565217391304348,450,0.3814906179904938,0.8308823529411765,0.8729281767955801,99.5742,,,,
0.4244,2.7416832447052,8.690476190476192e-05,2.0652173913043477,475,,,,,,,,
,,,2.0652173913043477,475,0.4494796097278595,0.803921568627451,0.869281045751634,104.9275,,,,
0.4313,3.439657688140869,8.571428571428571e-05,2.1739130434782608,500,,,,,,,,
,,,2.1739130434782608,500,0.38368338346481323,0.8357843137254902,0.8838821490467937,110.4337,,,,
0.3983,4.0568952560424805,8.452380952380952e-05,2.282608695652174,525,,,,,,,,
,,,2.282608695652174,525,0.37220925092697144,0.8259803921568627,0.8652751423149905,116.1654,,,,
0.3708,1.7846282720565796,8.333333333333334e-05,2.391304347826087,550,,,,,,,,
,,,2.391304347826087,550,0.37184813618659973,0.8553921568627451,0.8944543828264758,121.6106,,,,
0.4268,2.1036784648895264,8.214285714285714e-05,2.5,575,,,,,,,,
,,,2.5,575,0.3678904175758362,0.8406862745098039,0.8861646234676007,127.1307,,,,
0.3784,2.9638195037841797,8.095238095238096e-05,2.608695652173913,600,,,,,,,,
,,,2.608695652173913,600,0.38726112246513367,0.8333333333333334,0.8843537414965985,132.6816,,,,
0.3846,2.1007566452026367,7.976190476190477e-05,2.717391304347826,625,,,,,,,,
,,,2.717391304347826,625,0.4070863425731659,0.8308823529411765,0.883248730964467,138.2334,,,,
0.4959,3.6327483654022217,7.857142857142858e-05,2.8260869565217392,650,,,,,,,,
,,,2.8260869565217392,650,0.34869810938835144,0.8431372549019608,0.8805970149253732,143.8969,,,,
0.3714,5.011755466461182,7.738095238095239e-05,2.9347826086956523,675,,,,,,,,
,,,2.9347826086956523,675,0.3805690109729767,0.8455882352941176,0.8919382504288165,149.4349,,,,
0.3604,5.55109167098999,7.619047619047618e-05,3.0434782608695654,700,,,,,,,,
,,,3.0434782608695654,700,0.39649680256843567,0.8480392156862745,0.8927335640138409,154.7174,,,,
0.3942,1.608876347541809,7.500000000000001e-05,3.1521739130434785,725,,,,,,,,
,,,3.1521739130434785,725,0.4089977741241455,0.8382352941176471,0.8865979381443299,160.2383,,,,
0.3984,3.656216621398926,7.380952380952382e-05,3.260869565217391,750,,,,,,,,
,,,3.260869565217391,750,0.4136190116405487,0.8455882352941176,0.8923076923076922,165.7551,,,,
0.3224,7.044024467468262,7.261904761904762e-05,3.369565217391304,775,,,,,,,,
,,,3.369565217391304,775,0.3639001250267029,0.8602941176470589,0.8991150442477877,171.2446,,,,
0.3605,8.113592147827148,7.142857142857143e-05,3.4782608695652173,800,,,,,,,,
,,,3.4782608695652173,800,0.3548634946346283,0.8725490196078431,0.9068100358422939,176.7371,,,,
0.4057,4.252660274505615,7.023809523809524e-05,3.5869565217391304,825,,,,,,,,
,,,3.5869565217391304,825,0.33890801668167114,0.8676470588235294,0.9032258064516129,182.3307,,,,
0.3927,3.275217294692993,6.904761904761905e-05,3.6956521739130435,850,,,,,,,,
,,,3.6956521739130435,850,0.3382241129875183,0.8700980392156863,0.9048473967684021,187.9081,,,,
0.3512,9.927303314208984,6.785714285714286e-05,3.8043478260869565,875,,,,,,,,
,,,3.8043478260869565,875,0.3433462083339691,0.8676470588235294,0.9032258064516129,193.4616,,,,
0.3758,6.4464111328125,6.666666666666667e-05,3.9130434782608696,900,,,,,,,,
,,,3.9130434782608696,900,0.357461154460907,0.8504901960784313,0.8946459412780656,199.0949,,,,
0.3622,3.5382795333862305,6.547619047619048e-05,4.021739130434782,925,,,,,,,,
,,,4.021739130434782,925,0.33096304535865784,0.8578431372549019,0.8960573476702509,204.4801,,,,
0.3475,3.1742403507232666,6.428571428571429e-05,4.130434782608695,950,,,,,,,,
,,,4.130434782608695,950,0.3275716006755829,0.8725490196078431,0.9068100358422939,210.1385,,,,
0.408,4.196343421936035,6.30952380952381e-05,4.239130434782608,975,,,,,,,,
,,,4.239130434782608,975,0.3267127275466919,0.8774509803921569,0.9097472924187725,215.5671,,,,
0.3577,2.8359334468841553,6.19047619047619e-05,4.3478260869565215,1000,,,,,,,,
,,,4.3478260869565215,1000,0.34742337465286255,0.8529411764705882,0.8951048951048952,221.0951,,,,
0.364,5.276382923126221,6.0714285714285715e-05,4.456521739130435,1025,,,,,,,,
,,,4.456521739130435,1025,0.3267609477043152,0.8700980392156863,0.9034608378870674,226.9825,,,,
0.3247,6.413325786590576,5.9523809523809524e-05,4.565217391304348,1050,,,,,,,,
,,,4.565217391304348,1050,0.3586084842681885,0.8627450980392157,0.9017543859649123,232.5562,,,,
0.3233,4.093204975128174,5.833333333333334e-05,4.673913043478261,1075,,,,,,,,
,,,4.673913043478261,1075,0.3384232521057129,0.8725490196078431,0.9064748201438848,238.1052,,,,
0.2946,3.1748900413513184,5.714285714285714e-05,4.782608695652174,1100,,,,,,,,
,,,4.782608695652174,1100,0.35635116696357727,0.8627450980392157,0.9014084507042254,243.6445,,,,
0.3541,6.193274021148682,5.595238095238096e-05,4.891304347826087,1125,,,,,,,,
,,,4.891304347826087,1125,0.32101869583129883,0.875,0.9074410163339381,249.276,,,,
0.3292,0.2884417474269867,5.4761904761904766e-05,5.0,1150,,,,,,,,
,,,5.0,1150,0.31583887338638306,0.8651960784313726,0.8998178506375228,254.822,,,,
0.3105,1.6817362308502197,5.3571428571428575e-05,5.108695652173913,1175,,,,,,,,
,,,5.108695652173913,1175,0.40814557671546936,0.8455882352941176,0.8941176470588236,260.3728,,,,
0.334,5.878891468048096,5.2380952380952384e-05,5.217391304347826,1200,,,,,,,,
,,,5.217391304347826,1200,0.33318883180618286,0.8602941176470589,0.8991150442477877,265.9415,,,,
0.3105,3.826359748840332,5.119047619047619e-05,5.326086956521739,1225,,,,,,,,
,,,5.326086956521739,1225,0.32504525780677795,0.875,0.9077757685352622,271.4971,,,,
0.3633,4.114953517913818,5e-05,5.434782608695652,1250,,,,,,,,
,,,5.434782608695652,1250,0.3332751393318176,0.8651960784313726,0.9009009009009009,277.0,,,,
0.2973,8.709178924560547,4.880952380952381e-05,5.543478260869565,1275,,,,,,,,
,,,5.543478260869565,1275,0.3386862576007843,0.8676470588235294,0.9018181818181817,282.4835,,,,
0.2923,5.674617767333984,4.761904761904762e-05,5.6521739130434785,1300,,,,,,,,
,,,5.6521739130434785,1300,0.3470832109451294,0.8578431372549019,0.8982456140350877,288.0726,,,,
0.2877,3.5512185096740723,4.642857142857143e-05,5.760869565217392,1325,,,,,,,,
,,,5.760869565217392,1325,0.3369039297103882,0.8676470588235294,0.9042553191489361,293.655,,,,
0.3187,3.9893083572387695,4.523809523809524e-05,5.869565217391305,1350,,,,,,,,
,,,5.869565217391305,1350,0.32522788643836975,0.8602941176470589,0.8969258589511754,299.3146,,,,
0.3439,1.6544989347457886,4.404761904761905e-05,5.978260869565218,1375,,,,,,,,
,,,5.978260869565218,1375,0.32178834080696106,0.8676470588235294,0.9014598540145985,304.9266,,,,
0.232,6.175318717956543,4.2857142857142856e-05,6.086956521739131,1400,,,,,,,,
,,,6.086956521739131,1400,0.5090435743331909,0.8284313725490197,0.8874598070739549,310.3654,,,,
0.3717,3.1678385734558105,4.166666666666667e-05,6.195652173913044,1425,,,,,,,,
,,,6.195652173913044,1425,0.326610267162323,0.8676470588235294,0.9028776978417268,316.0706,,,,
0.329,2.9548747539520264,4.047619047619048e-05,6.304347826086957,1450,,,,,,,,
,,,6.304347826086957,1450,0.3292365074157715,0.8627450980392157,0.8978102189781021,321.4647,,,,
0.348,1.9969136714935303,3.928571428571429e-05,6.413043478260869,1475,,,,,,,,
,,,6.413043478260869,1475,0.322134405374527,0.875,0.9087656529516995,327.0803,,,,
0.3379,2.8629212379455566,3.809523809523809e-05,6.521739130434782,1500,,,,,,,,
,,,6.521739130434782,1500,0.32628482580184937,0.8651960784313726,0.897196261682243,332.5376,,,,
0.292,11.2982759475708,3.690476190476191e-05,6.630434782608695,1525,,,,,,,,
,,,6.630434782608695,1525,0.3771821856498718,0.8578431372549019,0.9006849315068494,338.434,,,,
0.3145,1.6634547710418701,3.571428571428572e-05,6.739130434782608,1550,,,,,,,,
,,,6.739130434782608,1550,0.327894926071167,0.8602941176470589,0.8965517241379312,343.8849,,,,
0.2829,5.051109313964844,3.4523809523809526e-05,6.8478260869565215,1575,,,,,,,,
,,,6.8478260869565215,1575,0.3365175724029541,0.8578431372549019,0.894927536231884,349.4276,,,,
0.3363,7.784639835357666,3.3333333333333335e-05,6.956521739130435,1600,,,,,,,,
,,,6.956521739130435,1600,0.3532474637031555,0.8651960784313726,0.9026548672566371,354.9979,,,,
0.263,4.595182418823242,3.2142857142857144e-05,7.065217391304348,1625,,,,,,,,
,,,7.065217391304348,1625,0.34935805201530457,0.8676470588235294,0.9049295774647886,360.3777,,,,
0.2945,3.633301258087158,3.095238095238095e-05,7.173913043478261,1650,,,,,,,,
,,,7.173913043478261,1650,0.33534860610961914,0.8651960784313726,0.9001814882032667,365.9223,,,,
0.2871,3.534102439880371,2.9761904761904762e-05,7.282608695652174,1675,,,,,,,,
,,,7.282608695652174,1675,0.3694073259830475,0.8602941176470589,0.902229845626072,371.4108,,,,
0.2943,5.34909725189209,2.857142857142857e-05,7.391304347826087,1700,,,,,,,,
,,,7.391304347826087,1700,0.3223797678947449,0.8627450980392157,0.8989169675090252,377.0565,,,,
0.2702,1.6368495225906372,2.7380952380952383e-05,7.5,1725,,,,,,,,
,,,7.5,1725,0.3225898742675781,0.8627450980392157,0.8989169675090252,382.6477,,,,
0.3004,4.296142101287842,2.6190476190476192e-05,7.608695652173913,1750,,,,,,,,
,,,7.608695652173913,1750,0.32457631826400757,0.8627450980392157,0.9014084507042254,388.2232,,,,
0.3154,2.8338546752929688,2.5e-05,7.717391304347826,1775,,,,,,,,
,,,7.717391304347826,1775,0.3162493109703064,0.875,0.9084380610412927,393.7667,,,,
0.303,4.851162433624268,2.380952380952381e-05,7.826086956521739,1800,,,,,,,,
,,,7.826086956521739,1800,0.32433244585990906,0.8725490196078431,0.9078014184397164,399.2432,,,,
0.2814,4.451986312866211,2.261904761904762e-05,7.934782608695652,1825,,,,,,,,
,,,7.934782608695652,1825,0.31772127747535706,0.8676470588235294,0.9032258064516129,404.99,,,,
0.3511,4.6202921867370605,2.1428571428571428e-05,8.043478260869565,1850,,,,,,,,
,,,8.043478260869565,1850,0.32751306891441345,0.875,0.9106830122591945,410.3957,,,,
0.2912,2.5944676399230957,2.023809523809524e-05,8.152173913043478,1875,,,,,,,,
,,,8.152173913043478,1875,0.3159344494342804,0.8725490196078431,0.9064748201438848,415.9939,,,,
0.2572,0.8144407272338867,1.9047619047619046e-05,8.26086956521739,1900,,,,,,,,
,,,8.26086956521739,1900,0.32759079337120056,0.8725490196078431,0.9078014184397164,421.5002,,,,
0.2935,2.977794885635376,1.785714285714286e-05,8.369565217391305,1925,,,,,,,,
,,,8.369565217391305,1925,0.3143135607242584,0.8676470588235294,0.9018181818181817,427.1262,,,,
0.2547,5.802999019622803,1.6666666666666667e-05,8.478260869565217,1950,,,,,,,,
,,,8.478260869565217,1950,0.3303508460521698,0.8700980392156863,0.9071803852889667,432.7011,,,,
0.2604,4.03405237197876,1.5476190476190476e-05,8.58695652173913,1975,,,,,,,,
,,,8.58695652173913,1975,0.33349254727363586,0.8602941176470589,0.900523560209424,438.1823,,,,
0.2504,3.1145694255828857,1.4285714285714285e-05,8.695652173913043,2000,,,,,,,,
,,,8.695652173913043,2000,0.32488879561424255,0.8774509803921569,0.9116607773851589,443.6831,,,,
0.297,7.410760402679443,1.3095238095238096e-05,8.804347826086957,2025,,,,,,,,
,,,8.804347826086957,2025,0.3239820897579193,0.8725490196078431,0.9068100358422939,449.4165,,,,
0.3137,6.04626989364624,1.1904761904761905e-05,8.91304347826087,2050,,,,,,,,
,,,8.91304347826087,2050,0.32311779260635376,0.8725490196078431,0.9068100358422939,455.0383,,,,
0.33,2.374737024307251,1.0714285714285714e-05,9.021739130434783,2075,,,,,,,,
,,,9.021739130434783,2075,0.3287794888019562,0.8725490196078431,0.9084507042253521,460.4004,,,,
0.2597,3.580275774002075,9.523809523809523e-06,9.130434782608695,2100,,,,,,,,
,,,9.130434782608695,2100,0.3163096606731415,0.8651960784313726,0.9009009009009009,465.9373,,,,
0.2695,5.545376300811768,8.333333333333334e-06,9.23913043478261,2125,,,,,,,,
,,,9.23913043478261,2125,0.3188849091529846,0.8725490196078431,0.9068100358422939,471.4043,,,,
0.3016,3.6937408447265625,7.142857142857143e-06,9.347826086956522,2150,,,,,,,,
,,,9.347826086956522,2150,0.3250575065612793,0.875,0.9097345132743363,476.9433,,,,
0.2592,3.108582019805908,5.9523809523809525e-06,9.456521739130435,2175,,,,,,,,
,,,9.456521739130435,2175,0.3276560604572296,0.8725490196078431,0.9081272084805654,482.4841,,,,
0.2813,5.111842155456543,4.7619047619047615e-06,9.565217391304348,2200,,,,,,,,
,,,9.565217391304348,2200,0.3310643434524536,0.8700980392156863,0.9068541300527241,487.9779,,,,
0.3128,6.0068888664245605,3.5714285714285714e-06,9.673913043478262,2225,,,,,,,,
,,,9.673913043478262,2225,0.3263491094112396,0.8700980392156863,0.9065255731922399,493.5385,,,,
0.2908,3.9058258533477783,2.3809523809523808e-06,9.782608695652174,2250,,,,,,,,
,,,9.782608695652174,2250,0.3251906633377075,0.8725490196078431,0.9081272084805654,499.036,,,,
0.2692,6.007136344909668,1.1904761904761904e-06,9.891304347826086,2275,,,,,,,,
,,,9.891304347826086,2275,0.3223706781864166,0.8725490196078431,0.9078014184397164,504.6887,,,,
0.2731,3.0738282203674316,0.0,10.0,2300,,,,,,,,
,,,10.0,2300,0.3215561807155609,0.8725490196078431,0.907473309608541,510.1469,,,,
,,,10.0,2300,,,,509.7783,71.953,4.512,1460977291679136.0,0.3738519598608432
