loss,grad_norm,learning_rate,epoch,step,eval_loss,eval_accuracy,eval_f1,train_runtime,train_samples_per_second,train_steps_per_second,total_flos,train_loss
0.6859,0.7388112545013428,2.5e-05,0.004347826086956522,1,,,,,,,,
0.6809,1.4302984476089478,0.000625,0.10869565217391304,25,,,,,,,,
,,,0.10869565217391304,25,0.657328724861145,0.6838235294117647,0.8122270742358079,6.0048,,,,
0.7398,1.8298296928405762,0.00125,0.21739130434782608,50,,,,,,,,
,,,0.21739130434782608,50,0.6158612370491028,0.6838235294117647,0.8122270742358079,11.6697,,,,
0.6807,1.1797523498535156,0.001875,0.32608695652173914,75,,,,,,,,
,,,0.32608695652173914,75,0.6088817715644836,0.6985294117647058,0.8183161004431315,17.4505,,,,
0.585,1.071873664855957,0.0025,0.43478260869565216,100,,,,,,,,
,,,0.43478260869565216,100,0.5430931448936462,0.7230392156862745,0.8253477588871715,23.0755,,,,
0.5401,1.4976624250411987,0.003125,0.5434782608695652,125,,,,,,,,
,,,0.5434782608695652,125,0.5753156542778015,0.7058823529411765,0.8203592814371258,28.8599,,,,
0.5536,0.9378649592399597,0.00375,0.6521739130434783,150,,,,,,,,
,,,0.6521739130434783,150,0.5309740900993347,0.75,0.8416149068322981,34.4414,,,,
0.5596,3.6233718395233154,0.004375,0.7608695652173914,175,,,,,,,,
,,,0.7608695652173914,175,0.43083322048187256,0.8161764705882353,0.8686514886164624,40.4088,,,,
0.4848,1.1034389734268188,0.005,0.8695652173913043,200,,,,,,,,
,,,0.8695652173913043,200,0.7071205377578735,0.7745098039215687,0.8566978193146417,46.1699,,,,
0.4877,1.3122857809066772,0.0049404761904761904,0.9782608695652174,225,,,,,,,,
,,,0.9782608695652174,225,0.39409154653549194,0.8308823529411765,0.8747731397459164,51.9372,,,,
0.4179,1.9138749837875366,0.004880952380952381,1.0869565217391304,250,,,,,,,,
,,,1.0869565217391304,250,0.3888603150844574,0.8235294117647058,0.8779661016949152,57.4554,,,,
0.4872,0.8136650323867798,0.004821428571428572,1.1956521739130435,275,,,,,,,,
,,,1.1956521739130435,275,0.478289395570755,0.8014705882352942,0.8704000000000001,63.1879,,,,
0.4843,3.2200493812561035,0.0047619047619047615,1.3043478260869565,300,,,,,,,,
,,,1.3043478260869565,300,0.3885367810726166,0.8308823529411765,0.883248730964467,68.9241,,,,
0.4182,1.3028793334960938,0.004702380952380953,1.4130434782608696,325,,,,,,,,
,,,1.4130434782608696,325,0.3549138307571411,0.8578431372549019,0.8971631205673759,74.6086,,,,
0.432,1.6988348960876465,0.004642857142857143,1.5217391304347827,350,,,,,,,,
,,,1.5217391304347827,350,0.39876556396484375,0.8406862745098039,0.8780487804878049,80.4155,,,,
0.4152,1.9688230752944946,0.004583333333333333,1.6304347826086958,375,,,,,,,,
,,,1.6304347826086958,375,0.4107391834259033,0.8382352941176471,0.8745247148288973,86.0082,,,,
0.554,1.5258395671844482,0.004523809523809524,1.7391304347826086,400,,,,,,,,
,,,1.7391304347826086,400,0.4082571268081665,0.8504901960784313,0.8939130434782607,91.8416,,,,
0.5127,1.1686984300613403,0.004464285714285715,1.8478260869565217,425,,,,,,,,
,,,1.8478260869565217,425,0.5204722881317139,0.7745098039215687,0.8580246913580246,97.5993,,,,
0.4523,2.310122013092041,0.004404761904761904,1.9565217391304348,450,,,,,,,,
,,,1.9565217391304348,450,0.3948618173599243,0.8333333333333334,0.8785714285714286,103.4491,,,,
0.3358,1.417755365371704,0.004345238095238096,2.0652173913043477,475,,,,,,,,
,,,2.0652173913043477,475,0.3978777527809143,0.8529411764705882,0.88929889298893,108.9637,,,,
0.4072,1.3150863647460938,0.004285714285714286,2.1739130434782608,500,,,,,,,,
,,,2.1739130434782608,500,0.3380846381187439,0.8553921568627451,0.8948306595365418,114.6945,,,,
0.3416,2.3843305110931396,0.004226190476190476,2.282608695652174,525,,,,,,,,
,,,2.282608695652174,525,0.37168094515800476,0.8529411764705882,0.888888888888889,120.734,,,,
0.361,2.586881637573242,0.004166666666666667,2.391304347826087,550,,,,,,,,
,,,2.391304347826087,550,0.3353893458843231,0.8602941176470589,0.8976660682226212,126.3746,,,,
0.3684,3.0190775394439697,0.004107142857142857,2.5,575,,,,,,,,
,,,2.5,575,0.5016391277313232,0.8284313725490197,0.8859934853420196,132.1667,,,,
0.3476,2.3717377185821533,0.004047619047619048,2.608695652173913,600,,,,,,,,
,,,2.608695652173913,600,0.34508001804351807,0.875,0.9084380610412927,137.83,,,,
0.3152,2.0929999351501465,0.0039880952380952385,2.717391304347826,625,,,,,,,,
,,,2.717391304347826,625,0.4874793291091919,0.8602941176470589,0.9018932874354562,143.7025,,,,
0.4251,2.452075481414795,0.003928571428571429,2.8260869565217392,650,,,,,,,,
,,,2.8260869565217392,650,0.36193493008613586,0.8602941176470589,0.8965517241379312,149.45,,,,
0.3337,2.838374614715576,0.003869047619047619,2.9347826086956523,675,,,,,,,,
,,,2.9347826086956523,675,0.4209787845611572,0.8480392156862745,0.8956228956228957,155.2766,,,,
0.3458,1.1863799095153809,0.0038095238095238095,3.0434782608695654,700,,,,,,,,
,,,3.0434782608695654,700,0.36946654319763184,0.8529411764705882,0.8943661971830987,160.7989,,,,
0.3124,0.6849207282066345,0.00375,3.1521739130434785,725,,,,,,,,
,,,3.1521739130434785,725,0.3668695390224457,0.8455882352941176,0.8839779005524862,166.5036,,,,
0.2628,3.3893678188323975,0.0036904761904761906,3.260869565217391,750,,,,,,,,
,,,3.260869565217391,750,0.4141983985900879,0.8578431372549019,0.894927536231884,172.3573,,,,
0.2658,2.194474697113037,0.003630952380952381,3.369565217391304,775,,,,,,,,
,,,3.369565217391304,775,0.4504227340221405,0.8627450980392157,0.9020979020979022,177.9272,,,,
0.2717,2.342622756958008,0.0035714285714285718,3.4782608695652173,800,,,,,,,,
,,,3.4782608695652173,800,0.5466850996017456,0.8602941176470589,0.900523560209424,183.7361,,,,
0.3588,2.2187883853912354,0.0035119047619047617,3.5869565217391304,825,,,,,,,,
,,,3.5869565217391304,825,0.32912400364875793,0.8725490196078431,0.9090909090909091,189.4638,,,,
0.3638,2.748638391494751,0.0034523809523809524,3.6956521739130435,850,,,,,,,,
,,,3.6956521739130435,850,0.3658849000930786,0.8553921568627451,0.8917431192660551,195.3188,,,,
0.3159,2.057927131652832,0.003392857142857143,3.8043478260869565,875,,,,,,,,
,,,3.8043478260869565,875,0.3713536262512207,0.8676470588235294,0.9039145907473309,201.0059,,,,
0.3034,1.7534900903701782,0.003333333333333333,3.9130434782608696,900,,,,,,,,
,,,3.9130434782608696,900,0.4300859868526459,0.8676470588235294,0.9065743944636677,206.7692,,,,
0.2538,0.9616703987121582,0.003273809523809524,4.021739130434782,925,,,,,,,,
,,,4.021739130434782,925,0.44796591997146606,0.8676470588235294,0.9025270758122744,212.3868,,,,
0.1858,4.3412322998046875,0.0032142857142857147,4.130434782608695,950,,,,,,,,
,,,4.130434782608695,950,0.527226984500885,0.8578431372549019,0.8986013986013986,218.126,,,,
0.2807,4.679084300994873,0.0031547619047619046,4.239130434782608,975,,,,,,,,
,,,4.239130434782608,975,0.5883859992027283,0.8259803921568627,0.8845528455284551,223.8173,,,,
0.2693,1.4310194253921509,0.0030952380952380953,4.3478260869565215,1000,,,,,,,,
,,,4.3478260869565215,1000,0.35808974504470825,0.8602941176470589,0.8965517241379312,229.4692,,,,
0.31,4.127911567687988,0.0030357142857142857,4.456521739130435,1025,,,,,,,,
,,,4.456521739130435,1025,0.42884403467178345,0.8455882352941176,0.8813559322033899,235.5762,,,,
0.2418,3.8127050399780273,0.002976190476190476,4.565217391304348,1050,,,,,,,,
,,,4.565217391304348,1050,0.5632017254829407,0.8259803921568627,0.8845528455284551,241.324,,,,
0.2462,0.12890850007534027,0.002916666666666667,4.673913043478261,1075,,,,,,,,
,,,4.673913043478261,1075,0.42457252740859985,0.8725490196078431,0.9051094890510949,247.1232,,,,
0.1621,1.1384550333023071,0.002857142857142857,4.782608695652174,1100,,,,,,,,
,,,4.782608695652174,1100,0.4905189871788025,0.8725490196078431,0.9084507042253521,252.8119,,,,
0.2465,1.63264000415802,0.002797619047619048,4.891304347826087,1125,,,,,,,,
,,,4.891304347826087,1125,0.38450413942337036,0.8578431372549019,0.8941605839416058,258.5493,,,,
0.1853,0.10719370096921921,0.0027380952380952383,5.0,1150,,,,,,,,
,,,5.0,1150,0.39795631170272827,0.8725490196078431,0.9068100358422939,264.3385,,,,
0.1549,0.5053901076316833,0.0026785714285714286,5.108695652173913,1175,,,,,,,,
,,,5.108695652173913,1175,0.4135909378528595,0.8676470588235294,0.9059233449477352,269.947,,,,
0.1845,0.7320120930671692,0.0026190476190476194,5.217391304347826,1200,,,,,,,,
,,,5.217391304347826,1200,0.4091484248638153,0.8700980392156863,0.9041591320072333,275.766,,,,
0.1784,1.3718440532684326,0.0025595238095238093,5.326086956521739,1225,,,,,,,,
,,,5.326086956521739,1225,0.41672050952911377,0.8651960784313726,0.9026548672566371,281.4815,,,,
0.207,0.5475724935531616,0.0025,5.434782608695652,1250,,,,,,,,
,,,5.434782608695652,1250,0.43971797823905945,0.8602941176470589,0.9008695652173914,287.2401,,,,
0.1256,0.3885234594345093,0.0024404761904761904,5.543478260869565,1275,,,,,,,,
,,,5.543478260869565,1275,0.6471953988075256,0.8553921568627451,0.8970331588132635,292.9067,,,,
0.2101,1.367190957069397,0.0023809523809523807,5.6521739130434785,1300,,,,,,,,
,,,5.6521739130434785,1300,0.5623168349266052,0.8333333333333334,0.8731343283582089,298.6801,,,,
0.1737,0.9473288059234619,0.0023214285714285715,5.760869565217392,1325,,,,,,,,
,,,5.760869565217392,1325,0.5518530011177063,0.8357843137254902,0.8738229755178907,304.4858,,,,
0.236,2.1138644218444824,0.002261904761904762,5.869565217391305,1350,,,,,,,,
,,,5.869565217391305,1350,0.41374504566192627,0.8529411764705882,0.8905109489051095,310.2961,,,,
0.1914,0.18670496344566345,0.002202380952380952,5.978260869565218,1375,,,,,,,,
,,,5.978260869565218,1375,0.46289220452308655,0.8406862745098039,0.8824593128390597,316.156,,,,
0.0842,3.6104719638824463,0.002142857142857143,6.086956521739131,1400,,,,,,,,
,,,6.086956521739131,1400,0.74724942445755,0.8480392156862745,0.8949152542372881,321.7703,,,,
0.1588,1.752176284790039,0.0020833333333333333,6.195652173913044,1425,,,,,,,,
,,,6.195652173913044,1425,0.49682480096817017,0.8529411764705882,0.8943661971830987,327.7658,,,,
0.1324,2.380887746810913,0.002023809523809524,6.304347826086957,1450,,,,,,,,
,,,6.304347826086957,1450,0.5028417110443115,0.8627450980392157,0.9017543859649123,333.3436,,,,
0.1572,0.26132461428642273,0.0019642857142857144,6.413043478260869,1475,,,,,,,,
,,,6.413043478260869,1475,0.43650609254837036,0.8578431372549019,0.896797153024911,339.206,,,,
0.1428,0.14950519800186157,0.0019047619047619048,6.521739130434782,1500,,,,,,,,
,,,6.521739130434782,1500,0.4844290018081665,0.8651960784313726,0.9019607843137256,344.9319,,,,
0.1038,2.1858272552490234,0.0018452380952380953,6.630434782608695,1525,,,,,,,,
,,,6.630434782608695,1525,0.4794996678829193,0.8627450980392157,0.9014084507042254,351.0534,,,,
0.1515,0.5704103112220764,0.0017857142857142859,6.739130434782608,1550,,,,,,,,
,,,6.739130434782608,1550,0.4441302716732025,0.8553921568627451,0.8936936936936937,356.6882,,,,
0.1108,1.4602266550064087,0.0017261904761904762,6.8478260869565215,1575,,,,,,,,
,,,6.8478260869565215,1575,0.618107795715332,0.8553921568627451,0.899488926746167,362.4163,,,,
0.2046,1.2245585918426514,0.0016666666666666666,6.956521739130435,1600,,,,,,,,
,,,6.956521739130435,1600,0.48804083466529846,0.8578431372549019,0.8993055555555555,368.24,,,,
0.0778,0.22334103286266327,0.0016071428571428573,7.065217391304348,1625,,,,,,,,
,,,7.065217391304348,1625,0.5362677574157715,0.8529411764705882,0.8924731182795699,373.799,,,,
0.12,1.9701669216156006,0.0015476190476190477,7.173913043478261,1650,,,,,,,,
,,,7.173913043478261,1650,0.5657869577407837,0.8578431372549019,0.896797153024911,379.56,,,,
0.1028,0.7401543855667114,0.001488095238095238,7.282608695652174,1675,,,,,,,,
,,,7.282608695652174,1675,0.4842855930328369,0.8627450980392157,0.9020979020979022,385.1988,,,,
0.092,0.5392900705337524,0.0014285714285714286,7.391304347826087,1700,,,,,,,,
,,,7.391304347826087,1700,0.6223978996276855,0.8578431372549019,0.8999999999999999,391.0177,,,,
0.0826,1.3045203685760498,0.0013690476190476191,7.5,1725,,,,,,,,
,,,7.5,1725,0.6667184829711914,0.8529411764705882,0.8924731182795699,396.8261,,,,
0.1109,0.24193774163722992,0.0013095238095238097,7.608695652173913,1750,,,,,,,,
,,,7.608695652173913,1750,0.5449163317680359,0.8578431372549019,0.8971631205673759,402.5864,,,,
0.0805,0.4339187741279602,0.00125,7.717391304347826,1775,,,,,,,,
,,,7.717391304347826,1775,0.5681355595588684,0.8480392156862745,0.8904593639575972,408.3873,,,,
0.0858,0.15043014287948608,0.0011904761904761904,7.826086956521739,1800,,,,,,,,
,,,7.826086956521739,1800,0.6472410559654236,0.8357843137254902,0.8858603066439524,414.0355,,,,
0.1328,1.6018223762512207,0.001130952380952381,7.934782608695652,1825,,,,,,,,
,,,7.934782608695652,1825,0.5258708000183105,0.8406862745098039,0.8816029143897995,420.0533,,,,
0.1068,1.9991110563278198,0.0010714285714285715,8.043478260869565,1850,,,,,,,,
,,,8.043478260869565,1850,0.4889354407787323,0.8504901960784313,0.8904847396768403,425.6901,,,,
0.0633,0.4721468687057495,0.001011904761904762,8.152173913043478,1875,,,,,,,,
,,,8.152173913043478,1875,0.5724226832389832,0.8504901960784313,0.8927943760984183,431.5212,,,,
0.0414,0.011208653450012207,0.0009523809523809524,8.26086956521739,1900,,,,,,,,
,,,8.26086956521739,1900,0.6540395617485046,0.8529411764705882,0.8928571428571429,437.245,,,,
0.0604,0.1626487374305725,0.0008928571428571429,8.369565217391305,1925,,,,,,,,
,,,8.369565217391305,1925,0.6908360123634338,0.8553921568627451,0.8944543828264758,443.0869,,,,
0.1018,1.8504664897918701,0.0008333333333333333,8.478260869565217,1950,,,,,,,,
,,,8.478260869565217,1950,0.6507894396781921,0.8553921568627451,0.8952042628774423,448.8601,,,,
0.039,0.021644076332449913,0.0007738095238095238,8.58695652173913,1975,,,,,,,,
,,,8.58695652173913,1975,0.6847882866859436,0.8578431372549019,0.8978873239436619,454.5692,,,,
0.1131,0.13624811172485352,0.0007142857142857143,8.695652173913043,2000,,,,,,,,
,,,8.695652173913043,2000,0.6440176367759705,0.8627450980392157,0.9027777777777778,460.3265,,,,
0.0773,2.5987067222595215,0.0006547619047619048,8.804347826086957,2025,,,,,,,,
,,,8.804347826086957,2025,0.6623502969741821,0.8382352941176471,0.8786764705882353,466.2663,,,,
0.084,2.887763261795044,0.0005952380952380952,8.91304347826087,2050,,,,,,,,
,,,8.91304347826087,2050,0.6486353874206543,0.8455882352941176,0.8884955752212389,472.0654,,,,
0.0618,0.11584025621414185,0.0005357142857142857,9.021739130434783,2075,,,,,,,,
,,,9.021739130434783,2075,0.660653829574585,0.8455882352941176,0.8860759493670886,477.6505,,,,
0.0503,0.2383183240890503,0.0004761904761904762,9.130434782608695,2100,,,,,,,,
,,,9.130434782608695,2100,0.6633497476577759,0.8431372549019608,0.8853046594982079,483.3997,,,,
0.0302,0.1701085865497589,0.00041666666666666664,9.23913043478261,2125,,,,,,,,
,,,9.23913043478261,2125,0.6661936640739441,0.8504901960784313,0.8924162257495591,489.0672,,,,
0.0553,0.09940607100725174,0.00035714285714285714,9.347826086956522,2150,,,,,,,,
,,,9.347826086956522,2150,0.6744989156723022,0.8529411764705882,0.8936170212765957,494.832,,,,
0.105,1.689212441444397,0.0002976190476190476,9.456521739130435,2175,,,,,,,,
,,,9.456521739130435,2175,0.6539074778556824,0.8480392156862745,0.8900709219858156,500.5634,,,,
0.0476,1.683445692062378,0.0002380952380952381,9.565217391304348,2200,,,,,,,,
,,,9.565217391304348,2200,0.6502550840377808,0.8529411764705882,0.8939929328621908,506.2747,,,,
0.0687,1.8593374490737915,0.00017857142857142857,9.673913043478262,2225,,,,,,,,
,,,9.673913043478262,2225,0.6404222846031189,0.8406862745098039,0.8833034111310593,511.9669,,,,
0.0615,0.5711952447891235,0.00011904761904761905,9.782608695652174,2250,,,,,,,,
,,,9.782608695652174,2250,0.6337274312973022,0.8504901960784313,0.8920353982300885,517.6917,,,,
0.0437,1.4038112163543701,5.9523809523809524e-05,9.891304347826086,2275,,,,,,,,
,,,9.891304347826086,2275,0.6370997428894043,0.8504901960784313,0.8920353982300885,523.5287,,,,
0.067,0.005960404872894287,0.0,10.0,2300,,,,,,,,
,,,10.0,2300,0.6384826898574829,0.8529411764705882,0.8936170212765957,529.2115,,,,
,,,10.0,2300,,,,528.8793,69.354,4.349,1452293613147552.0,0.24972628391307333
