loss,grad_norm,learning_rate,epoch,step,eval_loss,eval_accuracy,eval_f1,train_runtime,train_samples_per_second,train_steps_per_second,total_flos,train_loss
0.7028,1.9963057041168213,2.5e-06,0.004347826086956522,1,,,,,,,,
0.6766,1.0219014883041382,6.25e-05,0.10869565217391304,25,,,,,,,,
,,,0.10869565217391304,25,0.6451417803764343,0.6838235294117647,0.8122270742358079,6.5735,,,,
0.6483,0.663578450679779,0.000125,0.21739130434782608,50,,,,,,,,
,,,0.21739130434782608,50,0.6227529644966125,0.6838235294117647,0.8122270742358079,12.6357,,,,
0.6297,2.106428861618042,0.0001875,0.32608695652173914,75,,,,,,,,
,,,0.32608695652173914,75,0.6157771944999695,0.6838235294117647,0.8122270742358079,18.9072,,,,
0.6482,1.8346424102783203,0.00025,0.43478260869565216,100,,,,,,,,
,,,0.43478260869565216,100,0.578141450881958,0.6985294117647058,0.8183161004431315,24.9638,,,,
0.5285,1.1051592826843262,0.0003125,0.5434782608695652,125,,,,,,,,
,,,0.5434782608695652,125,0.5772876143455505,0.7401960784313726,0.8333333333333334,31.1619,,,,
0.5736,3.414210557937622,0.000375,0.6521739130434783,150,,,,,,,,
,,,0.6521739130434783,150,0.43398723006248474,0.803921568627451,0.8648648648648648,37.225,,,,
0.6385,1.1100080013275146,0.0004375,0.7608695652173914,175,,,,,,,,
,,,0.7608695652173914,175,0.44786500930786133,0.7426470588235294,0.8387096774193549,43.5629,,,,
0.4836,1.781245231628418,0.0005,0.8695652173913043,200,,,,,,,,
,,,0.8695652173913043,200,0.5002799034118652,0.7990196078431373,0.8655737704918033,49.7492,,,,
0.5626,1.0418704748153687,0.0004940476190476191,0.9782608695652174,225,,,,,,,,
,,,0.9782608695652174,225,0.444018691778183,0.803921568627451,0.8529411764705882,55.9732,,,,
0.4184,3.3770668506622314,0.0004880952380952381,1.0869565217391304,250,,,,,,,,
,,,1.0869565217391304,250,0.4800472557544708,0.8137254901960784,0.8754098360655738,61.8897,,,,
0.4634,1.887087345123291,0.00048214285714285715,1.1956521739130435,275,,,,,,,,
,,,1.1956521739130435,275,0.3742586672306061,0.8406862745098039,0.8900169204737733,68.1221,,,,
0.4585,2.7433969974517822,0.0004761904761904762,1.3043478260869565,300,,,,,,,,
,,,1.3043478260869565,300,0.38258931040763855,0.8161764705882353,0.8598130841121495,74.269,,,,
0.4148,3.9983813762664795,0.00047023809523809523,1.4130434782608696,325,,,,,,,,
,,,1.4130434782608696,325,0.327708899974823,0.8602941176470589,0.8957952468007313,80.4592,,,,
0.4294,3.294312000274658,0.00046428571428571433,1.5217391304347827,350,,,,,,,,
,,,1.5217391304347827,350,0.3174974024295807,0.8578431372549019,0.89568345323741,86.5914,,,,
0.4112,1.2187713384628296,0.0004583333333333333,1.6304347826086958,375,,,,,,,,
,,,1.6304347826086958,375,0.3340894281864166,0.8627450980392157,0.8970588235294118,92.6927,,,,
0.3371,1.576756238937378,0.00045238095238095237,1.7391304347826086,400,,,,,,,,
,,,1.7391304347826086,400,0.46222373843193054,0.8455882352941176,0.8930390492359932,98.8015,,,,
0.4351,3.0020296573638916,0.00044642857142857147,1.8478260869565217,425,,,,,,,,
,,,1.8478260869565217,425,0.3132014274597168,0.8848039215686274,0.9153153153153154,105.1438,,,,
0.3891,1.6210956573486328,0.00044047619047619046,1.9565217391304348,450,,,,,,,,
,,,1.9565217391304348,450,0.3232376277446747,0.8823529411764706,0.9151943462897526,111.3814,,,,
0.3268,3.9261136054992676,0.00043452380952380956,2.0652173913043477,475,,,,,,,,
,,,2.0652173913043477,475,0.43264830112457275,0.8357843137254902,0.8873949579831933,117.4147,,,,
0.3569,2.6869468688964844,0.00042857142857142855,2.1739130434782608,500,,,,,,,,
,,,2.1739130434782608,500,0.3563578128814697,0.8455882352941176,0.8776699029126214,123.5646,,,,
0.3131,1.9825185537338257,0.00042261904761904765,2.282608695652174,525,,,,,,,,
,,,2.282608695652174,525,0.29309698939323425,0.8823529411764706,0.9127272727272728,130.0285,,,,
0.3099,1.079355239868164,0.0004166666666666667,2.391304347826087,550,,,,,,,,
,,,2.391304347826087,550,0.2877534329891205,0.8921568627450981,0.9219858156028369,136.1214,,,,
0.2906,2.6208653450012207,0.0004107142857142857,2.5,575,,,,,,,,
,,,2.5,575,0.3229278028011322,0.8799019607843137,0.9156626506024096,142.3774,,,,
0.2986,3.264472246170044,0.0004047619047619048,2.608695652173913,600,,,,,,,,
,,,2.608695652173913,600,0.4680485427379608,0.8137254901960784,0.8774193548387096,148.4794,,,,
0.3034,3.5161004066467285,0.00039880952380952383,2.717391304347826,625,,,,,,,,
,,,2.717391304347826,625,0.5246553421020508,0.8504901960784313,0.899505766062603,154.7851,,,,
0.4056,4.510213851928711,0.0003928571428571429,2.8260869565217392,650,,,,,,,,
,,,2.8260869565217392,650,0.3159756660461426,0.8823529411764706,0.9178082191780821,160.9625,,,,
0.2967,2.2304303646087646,0.0003869047619047619,2.9347826086956523,675,,,,,,,,
,,,2.9347826086956523,675,0.32553526759147644,0.8676470588235294,0.9072164948453608,167.2554,,,,
0.2552,2.486928939819336,0.00038095238095238096,3.0434782608695654,700,,,,,,,,
,,,3.0434782608695654,700,0.38124996423721313,0.8676470588235294,0.9078498293515359,173.1718,,,,
0.2393,0.700610876083374,0.000375,3.1521739130434785,725,,,,,,,,
,,,3.1521739130434785,725,0.3505585491657257,0.8848039215686274,0.9168141592920355,179.4118,,,,
0.2162,1.931967854499817,0.00036904761904761905,3.260869565217391,750,,,,,,,,
,,,3.260869565217391,750,0.38634324073791504,0.8725490196078431,0.9103448275862069,185.6112,,,,
0.2295,3.428628921508789,0.0003630952380952381,3.369565217391304,775,,,,,,,,
,,,3.369565217391304,775,0.4359278976917267,0.8602941176470589,0.9038785834738617,191.7522,,,,
0.2102,4.224956512451172,0.00035714285714285714,3.4782608695652173,800,,,,,,,,
,,,3.4782608695652173,800,0.49505817890167236,0.8676470588235294,0.9093959731543624,197.8883,,,,
0.2622,1.3636075258255005,0.0003511904761904762,3.5869565217391304,825,,,,,,,,
,,,3.5869565217391304,825,0.33120375871658325,0.8725490196078431,0.9106529209621993,204.1892,,,,
0.273,3.3333637714385986,0.00034523809523809523,3.6956521739130435,850,,,,,,,,
,,,3.6956521739130435,850,0.34743162989616394,0.8553921568627451,0.9011725293132328,210.4369,,,,
0.2179,7.828327178955078,0.00033928571428571433,3.8043478260869565,875,,,,,,,,
,,,3.8043478260869565,875,0.45778700709342957,0.8799019607843137,0.915951972555746,216.6563,,,,
0.2724,4.574834823608398,0.0003333333333333333,3.9130434782608696,900,,,,,,,,
,,,3.9130434782608696,900,0.36419394612312317,0.8725490196078431,0.9109589041095889,222.88,,,,
0.2422,7.504577159881592,0.00032738095238095237,4.021739130434782,925,,,,,,,,
,,,4.021739130434782,925,0.40731287002563477,0.8799019607843137,0.9153713298791019,228.955,,,,
0.1488,0.17606642842292786,0.00032142857142857147,4.130434782608695,950,,,,,,,,
,,,4.130434782608695,950,0.42670395970344543,0.8774509803921569,0.9143835616438356,235.1368,,,,
0.19,4.779874801635742,0.00031547619047619046,4.239130434782608,975,,,,,,,,
,,,4.239130434782608,975,0.4381423890590668,0.8676470588235294,0.9087837837837838,241.2319,,,,
0.1971,5.4270124435424805,0.00030952380952380956,4.3478260869565215,1000,,,,,,,,
,,,4.3478260869565215,1000,0.4450467824935913,0.8848039215686274,0.919104991394148,247.3185,,,,
0.227,2.4170448780059814,0.00030357142857142855,4.456521739130435,1025,,,,,,,,
,,,4.456521739130435,1025,0.34835121035575867,0.8627450980392157,0.901060070671378,253.9557,,,,
0.1499,1.2091648578643799,0.00029761904761904765,4.565217391304348,1050,,,,,,,,
,,,4.565217391304348,1050,0.3481776714324951,0.8897058823529411,0.9203539823008849,260.1485,,,,
0.138,0.5353483557701111,0.0002916666666666667,4.673913043478261,1075,,,,,,,,
,,,4.673913043478261,1075,0.49659085273742676,0.875,0.9122203098106711,266.2671,,,,
0.2002,4.28163480758667,0.0002857142857142857,4.782608695652174,1100,,,,,,,,
,,,4.782608695652174,1100,0.38659003376960754,0.8872549019607843,0.9209621993127148,272.4365,,,,
0.2092,1.9835301637649536,0.0002797619047619048,4.891304347826087,1125,,,,,,,,
,,,4.891304347826087,1125,0.32824328541755676,0.8799019607843137,0.9135802469135803,278.5985,,,,
0.1573,0.06067715585231781,0.0002738095238095238,5.0,1150,,,,,,,,
,,,5.0,1150,0.3412736654281616,0.9019607843137255,0.9288256227758006,284.8185,,,,
0.0981,0.10495082288980484,0.00026785714285714287,5.108695652173913,1175,,,,,,,,
,,,5.108695652173913,1175,0.5292285084724426,0.8897058823529411,0.9217391304347826,290.9062,,,,
0.1753,3.469149589538574,0.0002619047619047619,5.217391304347826,1200,,,,,,,,
,,,5.217391304347826,1200,0.4446694850921631,0.8774509803921569,0.9134948096885814,297.1627,,,,
0.1065,2.0970802307128906,0.00025595238095238096,5.326086956521739,1225,,,,,,,,
,,,5.326086956521739,1225,0.46124032139778137,0.8725490196078431,0.9061371841155236,303.3405,,,,
0.1304,3.064880847930908,0.00025,5.434782608695652,1250,,,,,,,,
,,,5.434782608695652,1250,0.42168116569519043,0.8921568627450981,0.921146953405018,309.4926,,,,
0.103,13.381791114807129,0.00024404761904761905,5.543478260869565,1275,,,,,,,,
,,,5.543478260869565,1275,0.49283677339553833,0.8946078431372549,0.9236234458259325,315.5971,,,,
0.1457,3.8446574211120605,0.0002380952380952381,5.6521739130434785,1300,,,,,,,,
,,,5.6521739130434785,1300,0.5197399854660034,0.8700980392156863,0.9078260869565218,321.8868,,,,
0.1135,5.542849540710449,0.00023214285714285717,5.760869565217392,1325,,,,,,,,
,,,5.760869565217392,1325,0.4797203242778778,0.8676470588235294,0.90625,328.1033,,,,
0.1485,5.213303089141846,0.00022619047619047618,5.869565217391305,1350,,,,,,,,
,,,5.869565217391305,1350,0.466707706451416,0.8676470588235294,0.9045936395759717,334.4156,,,,
0.1367,0.14291203022003174,0.00022023809523809523,5.978260869565218,1375,,,,,,,,
,,,5.978260869565218,1375,0.44316527247428894,0.8823529411764706,0.9163763066202091,340.6846,,,,
0.0773,5.031725883483887,0.00021428571428571427,6.086956521739131,1400,,,,,,,,
,,,6.086956521739131,1400,0.5686163306236267,0.8700980392156863,0.9094017094017094,346.8101,,,,
0.0795,6.558984756469727,0.00020833333333333335,6.195652173913044,1425,,,,,,,,
,,,6.195652173913044,1425,0.5725036859512329,0.8799019607843137,0.9150779896013865,353.1314,,,,
0.0933,14.31553840637207,0.0002023809523809524,6.304347826086957,1450,,,,,,,,
,,,6.304347826086957,1450,0.6370860934257507,0.8799019607843137,0.9129662522202486,359.2421,,,,
0.1411,3.8428471088409424,0.00019642857142857144,6.413043478260869,1475,,,,,,,,
,,,6.413043478260869,1475,0.5848966240882874,0.8799019607843137,0.9144851657940662,365.372,,,,
0.1276,0.05094597861170769,0.00019047619047619048,6.521739130434782,1500,,,,,,,,
,,,6.521739130434782,1500,0.5305244326591492,0.8897058823529411,0.9206349206349206,371.5763,,,,
0.0848,1.3188396692276,0.00018452380952380953,6.630434782608695,1525,,,,,,,,
,,,6.630434782608695,1525,0.522756814956665,0.8897058823529411,0.9206349206349206,378.0947,,,,
0.1363,0.1553872972726822,0.00017857142857142857,6.739130434782608,1550,,,,,,,,
,,,6.739130434782608,1550,0.4962542653083801,0.8799019607843137,0.9129662522202486,384.3035,,,,
0.0807,3.114417791366577,0.00017261904761904762,6.8478260869565215,1575,,,,,,,,
,,,6.8478260869565215,1575,0.5200129747390747,0.8799019607843137,0.9147826086956522,390.4261,,,,
0.0913,5.49946928024292,0.00016666666666666666,6.956521739130435,1600,,,,,,,,
,,,6.956521739130435,1600,0.6764889359474182,0.875,0.9137055837563453,396.7156,,,,
0.1119,4.30837869644165,0.00016071428571428573,7.065217391304348,1625,,,,,,,,
,,,7.065217391304348,1625,0.5721575617790222,0.8799019607843137,0.9144851657940662,402.7166,,,,
0.1362,1.7018895149230957,0.00015476190476190478,7.173913043478261,1650,,,,,,,,
,,,7.173913043478261,1650,0.5180745124816895,0.8823529411764706,0.9169550173010381,408.9219,,,,
0.0563,3.368061065673828,0.00014880952380952382,7.282608695652174,1675,,,,,,,,
,,,7.282608695652174,1675,0.561696469783783,0.8774509803921569,0.9146757679180888,415.0446,,,,
0.0747,3.2283778190612793,0.00014285714285714284,7.391304347826087,1700,,,,,,,,
,,,7.391304347826087,1700,0.6649841070175171,0.8700980392156863,0.9100169779286927,421.3523,,,,
0.0932,5.780806064605713,0.0001369047619047619,7.5,1725,,,,,,,,
,,,7.5,1725,0.6143081188201904,0.8823529411764706,0.9172413793103448,427.5928,,,,
0.1187,0.07709117233753204,0.00013095238095238096,7.608695652173913,1750,,,,,,,,
,,,7.608695652173913,1750,0.5215631127357483,0.875,0.9109947643979057,433.8702,,,,
0.0614,3.0287768840789795,0.000125,7.717391304347826,1775,,,,,,,,
,,,7.717391304347826,1775,0.5425813794136047,0.8774509803921569,0.9131944444444444,440.0668,,,,
0.0627,0.22332480549812317,0.00011904761904761905,7.826086956521739,1800,,,,,,,,
,,,7.826086956521739,1800,0.6003971695899963,0.8774509803921569,0.9128919860627178,446.2768,,,,
0.0554,0.16896779835224152,0.00011309523809523809,7.934782608695652,1825,,,,,,,,
,,,7.934782608695652,1825,0.6119950413703918,0.8725490196078431,0.9090909090909091,452.6017,,,,
0.0649,3.637295961380005,0.00010714285714285714,8.043478260869565,1850,,,,,,,,
,,,8.043478260869565,1850,0.6381474137306213,0.8799019607843137,0.9147826086956522,458.7214,,,,
0.0212,0.05527392402291298,0.0001011904761904762,8.152173913043478,1875,,,,,,,,
,,,8.152173913043478,1875,0.6516131162643433,0.8897058823529411,0.9203539823008849,464.891,,,,
0.0486,0.009475448168814182,9.523809523809524e-05,8.26086956521739,1900,,,,,,,,
,,,8.26086956521739,1900,0.6817409992218018,0.8872549019607843,0.9190140845070423,471.166,,,,
0.0658,0.11943201720714569,8.928571428571429e-05,8.369565217391305,1925,,,,,,,,
,,,8.369565217391305,1925,0.6555829644203186,0.8848039215686274,0.9182608695652175,477.3871,,,,
0.0314,0.028330521658062935,8.333333333333333e-05,8.478260869565217,1950,,,,,,,,
,,,8.478260869565217,1950,0.6388444900512695,0.8823529411764706,0.9148936170212766,483.6973,,,,
0.0625,5.883401393890381,7.738095238095239e-05,8.58695652173913,1975,,,,,,,,
,,,8.58695652173913,1975,0.6659361124038696,0.8799019607843137,0.9153713298791019,489.7985,,,,
0.0766,0.9716046452522278,7.142857142857142e-05,8.695652173913043,2000,,,,,,,,
,,,8.695652173913043,2000,0.6584498882293701,0.8848039215686274,0.9168141592920355,496.0152,,,,
0.0409,0.03147376328706741,6.547619047619048e-05,8.804347826086957,2025,,,,,,,,
,,,8.804347826086957,2025,0.6862654089927673,0.8848039215686274,0.9168141592920355,502.4635,,,,
0.0818,2.0462183952331543,5.9523809523809524e-05,8.91304347826087,2050,,,,,,,,
,,,8.91304347826087,2050,0.6922317147254944,0.8897058823529411,0.9206349206349206,508.7287,,,,
0.0943,0.07948850095272064,5.357142857142857e-05,9.021739130434783,2075,,,,,,,,
,,,9.021739130434783,2075,0.6705717444419861,0.8897058823529411,0.9197860962566845,514.7547,,,,
0.0397,0.014198518358170986,4.761904761904762e-05,9.130434782608695,2100,,,,,,,,
,,,9.130434782608695,2100,0.6719605922698975,0.8897058823529411,0.9206349206349206,520.916,,,,
0.0942,1.0453786849975586,4.1666666666666665e-05,9.23913043478261,2125,,,,,,,,
,,,9.23913043478261,2125,0.6480036973953247,0.8823529411764706,0.9157894736842105,527.0692,,,,
0.049,0.015276888385415077,3.571428571428571e-05,9.347826086956522,2150,,,,,,,,
,,,9.347826086956522,2150,0.6517828106880188,0.8823529411764706,0.916083916083916,533.2818,,,,
0.051,0.7870262861251831,2.9761904761904762e-05,9.456521739130435,2175,,,,,,,,
,,,9.456521739130435,2175,0.6468647718429565,0.875,0.9103690685413005,539.5225,,,,
0.0165,0.151984304189682,2.380952380952381e-05,9.565217391304348,2200,,,,,,,,
,,,9.565217391304348,2200,0.6597586274147034,0.875,0.9103690685413005,545.7348,,,,
0.0407,0.14265716075897217,1.7857142857142855e-05,9.673913043478262,2225,,,,,,,,
,,,9.673913043478262,2225,0.6712572574615479,0.875,0.9106830122591945,551.9225,,,,
0.0576,0.011282914318144321,1.1904761904761905e-05,9.782608695652174,2250,,,,,,,,
,,,9.782608695652174,2250,0.6762285232543945,0.8774509803921569,0.9128919860627178,558.1133,,,,
0.0225,2.017136335372925,5.9523809523809525e-06,9.891304347826086,2275,,,,,,,,
,,,9.891304347826086,2275,0.6733512282371521,0.8799019607843137,0.9141856392294221,564.3466,,,,
0.0405,0.010138927027583122,0.0,10.0,2300,,,,,,,,
,,,10.0,2300,0.673559844493866,0.8799019607843137,0.9141856392294221,570.4713,,,,
,,,10.0,2300,,,,570.1011,64.339,4.034,1470901495715232.0,0.2165720695257187
