loss,grad_norm,learning_rate,epoch,step,eval_loss,eval_accuracy,eval_f1,train_runtime,train_samples_per_second,train_steps_per_second,total_flos,train_loss
0.7556,4.200543403625488,1e-05,0.008695652173913044,1,,,,,,,,
0.6809,2.0311734676361084,0.00025,0.21739130434782608,25,,,,,,,,
,,,0.21739130434782608,25,1.241369605064392,0.6838235294117647,0.8122270742358079,12.4309,,,,
0.6416,0.37775418162345886,0.0005,0.43478260869565216,50,,,,,,,,
,,,0.43478260869565216,50,1.2340015172958374,0.6838235294117647,0.8122270742358079,24.7961,,,,
0.6239,2.1923630237579346,0.00075,0.6521739130434783,75,,,,,,,,
,,,0.6521739130434783,75,1.2393181324005127,0.7083333333333334,0.8215892053973014,36.7321,,,,
0.599,0.622524619102478,0.001,0.8695652173913043,100,,,,,,,,
,,,0.8695652173913043,100,1.24888014793396,0.7401960784313726,0.8333333333333334,49.3195,,,,
0.5385,2.5668303966522217,0.00125,1.0869565217391304,125,,,,,,,,
,,,1.0869565217391304,125,1.4496804475784302,0.7990196078431373,0.8642384105960265,61.2482,,,,
0.5131,1.4281306266784668,0.0015,1.3043478260869565,150,,,,,,,,
,,,1.3043478260869565,150,1.7650790214538574,0.8455882352941176,0.8822429906542055,73.3467,,,,
0.4313,2.8272740840911865,0.00175,1.5217391304347827,175,,,,,,,,
,,,1.5217391304347827,175,2.266343116760254,0.8259803921568627,0.8830313014827017,85.6872,,,,
0.4311,0.49809587001800537,0.002,1.7391304347826086,200,,,,,,,,
,,,1.7391304347826086,200,2.5635673999786377,0.8725490196078431,0.9071428571428571,97.9601,,,,
0.4284,0.6545798778533936,0.0019473684210526317,1.9565217391304348,225,,,,,,,,
,,,1.9565217391304348,225,3.0068836212158203,0.8725490196078431,0.9100346020761245,110.2213,,,,
0.3408,0.4894748330116272,0.001894736842105263,2.1739130434782608,250,,,,,,,,
,,,2.1739130434782608,250,3.474720001220703,0.8627450980392157,0.8974358974358974,122.4427,,,,
0.3128,0.557095468044281,0.0018421052631578947,2.391304347826087,275,,,,,,,,
,,,2.391304347826087,275,3.845787525177002,0.875,0.9106830122591945,134.4188,,,,
0.3422,1.6188384294509888,0.0017894736842105263,2.608695652173913,300,,,,,,,,
,,,2.608695652173913,300,4.321840763092041,0.8700980392156863,0.9087779690189328,146.6596,,,,
0.3479,1.266527533531189,0.001736842105263158,2.8260869565217392,325,,,,,,,,
,,,2.8260869565217392,325,4.485131740570068,0.8799019607843137,0.9150779896013865,158.8517,,,,
0.2904,0.4843011796474457,0.0016842105263157893,3.0434782608695654,350,,,,,,,,
,,,3.0434782608695654,350,4.763222694396973,0.8431372549019608,0.893687707641196,171.1974,,,,
0.2663,0.5171806812286377,0.001631578947368421,3.260869565217391,375,,,,,,,,
,,,3.260869565217391,375,5.030511379241943,0.8455882352941176,0.8955223880597015,183.3054,,,,
0.2311,0.8391727805137634,0.0015789473684210526,3.4782608695652173,400,,,,,,,,
,,,3.4782608695652173,400,5.293269634246826,0.8627450980392157,0.9060402684563759,195.4699,,,,
0.2721,1.2714173793792725,0.0015263157894736842,3.6956521739130435,425,,,,,,,,
,,,3.6956521739130435,425,5.438514232635498,0.875,0.9106830122591945,207.5598,,,,
0.2604,0.8423746824264526,0.0014736842105263158,3.9130434782608696,450,,,,,,,,
,,,3.9130434782608696,450,5.666256904602051,0.8504901960784313,0.897822445561139,219.9132,,,,
0.2171,0.7343674302101135,0.0014210526315789475,4.130434782608695,475,,,,,,,,
,,,4.130434782608695,475,5.930624485015869,0.8602941176470589,0.9042016806722689,231.7215,,,,
0.241,1.615392804145813,0.001368421052631579,4.3478260869565215,500,,,,,,,,
,,,4.3478260869565215,500,6.089052677154541,0.8529411764705882,0.8863636363636364,243.8369,,,,
0.1996,0.5584423542022705,0.0013157894736842107,4.565217391304348,525,,,,,,,,
,,,4.565217391304348,525,6.272330284118652,0.8774509803921569,0.9143835616438356,256.142,,,,
0.1437,1.1368261575698853,0.0012631578947368421,4.782608695652174,550,,,,,,,,
,,,4.782608695652174,550,6.411271572113037,0.8799019607843137,0.9129662522202486,268.4335,,,,
0.1712,0.7764395475387573,0.0012105263157894737,5.0,575,,,,,,,,
,,,5.0,575,6.525826454162598,0.8897058823529411,0.9209138840070299,280.4311,,,,
0.1125,3.191279888153076,0.0011578947368421054,5.217391304347826,600,,,,,,,,
,,,5.217391304347826,600,6.840370178222656,0.8774509803921569,0.9134948096885814,292.5654,,,,
0.108,1.3558475971221924,0.001105263157894737,5.434782608695652,625,,,,,,,,
,,,5.434782608695652,625,6.901158332824707,0.8700980392156863,0.9055258467023173,304.4371,,,,
0.1248,0.3596246838569641,0.0010526315789473684,5.6521739130434785,650,,,,,,,,
,,,5.6521739130434785,650,6.982903957366943,0.8774509803921569,0.9113475177304964,316.6479,,,,
0.1029,0.8913373351097107,0.001,5.869565217391305,675,,,,,,,,
,,,5.869565217391305,675,7.292647838592529,0.8627450980392157,0.8981818181818181,328.7428,,,,
0.0964,0.5125277042388916,0.0009473684210526315,6.086956521739131,700,,,,,,,,
,,,6.086956521739131,700,7.286356449127197,0.8725490196078431,0.9100346020761245,341.1096,,,,
0.0826,1.6518324613571167,0.0008947368421052632,6.304347826086957,725,,,,,,,,
,,,6.304347826086957,725,7.346297740936279,0.8774509803921569,0.9116607773851589,353.2494,,,,
0.0939,0.25446972250938416,0.0008421052631578947,6.521739130434782,750,,,,,,,,
,,,6.521739130434782,750,7.373288631439209,0.8725490196078431,0.9071428571428571,365.4823,,,,
0.0782,0.5486528277397156,0.0007894736842105263,6.739130434782608,775,,,,,,,,
,,,6.739130434782608,775,7.522418975830078,0.8676470588235294,0.8996282527881041,377.3635,,,,
0.0856,1.1674765348434448,0.0007368421052631579,6.956521739130435,800,,,,,,,,
,,,6.956521739130435,800,7.496305465698242,0.8725490196078431,0.9081272084805654,389.6598,,,,
0.0486,0.046150028705596924,0.0006842105263157895,7.173913043478261,825,,,,,,,,
,,,7.173913043478261,825,7.652266979217529,0.8774509803921569,0.9128919860627178,401.3498,,,,
0.0405,0.31124943494796753,0.0006315789473684211,7.391304347826087,850,,,,,,,,
,,,7.391304347826087,850,7.675816059112549,0.8774509803921569,0.9107142857142857,413.5683,,,,
0.0457,2.4194579124450684,0.0005789473684210527,7.608695652173913,875,,,,,,,,
,,,7.608695652173913,875,7.811569690704346,0.8725490196078431,0.9100346020761245,425.5891,,,,
0.0651,0.21850694715976715,0.0005263157894736842,7.826086956521739,900,,,,,,,,
,,,7.826086956521739,900,7.671144008636475,0.8774509803921569,0.9125874125874125,437.8714,,,,
0.0285,0.3504570424556732,0.00047368421052631577,8.043478260869565,925,,,,,,,,
,,,8.043478260869565,925,7.770074367523193,0.8725490196078431,0.9090909090909091,450.0212,,,,
0.0298,0.026083549484610558,0.00042105263157894734,8.26086956521739,950,,,,,,,,
,,,8.26086956521739,950,7.802350997924805,0.8627450980392157,0.900709219858156,462.2624,,,,
0.0284,0.531980574131012,0.00036842105263157896,8.478260869565217,975,,,,,,,,
,,,8.478260869565217,975,7.820108890533447,0.8700980392156863,0.9065255731922399,474.3071,,,,
0.0403,1.6758391857147217,0.00031578947368421053,8.695652173913043,1000,,,,,,,,
,,,8.695652173913043,1000,7.823798179626465,0.8700980392156863,0.9078260869565218,486.6404,,,,
0.0278,0.5116775631904602,0.0002631578947368421,8.91304347826087,1025,,,,,,,,
,,,8.91304347826087,1025,7.815308094024658,0.8676470588235294,0.9049295774647886,498.9139,,,,
0.0297,0.032458025962114334,0.00021052631578947367,9.130434782608695,1050,,,,,,,,
,,,9.130434782608695,1050,7.828304290771484,0.8700980392156863,0.9065255731922399,511.0545,,,,
0.0329,0.012521665543317795,0.00015789473684210527,9.347826086956522,1075,,,,,,,,
,,,9.347826086956522,1075,7.849672317504883,0.8774509803921569,0.9113475177304964,522.9647,,,,
0.0133,0.08021165430545807,0.00010526315789473683,9.565217391304348,1100,,,,,,,,
,,,9.565217391304348,1100,7.879781246185303,0.8676470588235294,0.9049295774647886,535.1835,,,,
0.0258,0.010533872991800308,5.263157894736842e-05,9.782608695652174,1125,,,,,,,,
,,,9.782608695652174,1125,7.873394966125488,0.8725490196078431,0.9084507042253521,547.1163,,,,
0.0182,2.606318235397339,0.0,10.0,1150,,,,,,,,
,,,10.0,1150,7.875654697418213,0.875,0.9097345132743363,559.5398,,,,
,,,10.0,1150,,,,559.1454,65.6,2.057,1571678679222144.0,0.21493306014848793
