loss,grad_norm,learning_rate,epoch,step,eval_loss,eval_accuracy,eval_f1,train_runtime,train_samples_per_second,train_steps_per_second,total_flos,train_loss
1.1672,4.064709186553955,1.0000000000000002e-06,0.0625,1,,,,,,,,
1.126,5.1072540283203125,1e-05,0.625,10,,,,,,,,
,,,0.625,10,1.0952321290969849,0.4107142857142857,0.1940928270042194,5.7914,,,,
1.0311,4.217813014984131,2e-05,1.25,20,,,,,,,,
,,,1.25,20,0.967224657535553,0.4107142857142857,0.1940928270042194,11.5007,,,,
0.8707,3.9533238410949707,1.9333333333333333e-05,1.875,30,,,,,,,,
,,,1.875,30,0.832469642162323,0.6785714285714286,0.47391812865497074,16.9712,,,,
0.7047,3.8545374870300293,1.866666666666667e-05,2.5,40,,,,,,,,
,,,2.5,40,0.7686688303947449,0.6785714285714286,0.47391812865497074,22.4106,,,,
0.6043,5.84109354019165,1.8e-05,3.125,50,,,,,,,,
,,,3.125,50,0.7605420351028442,0.6964285714285714,0.48646125116713357,27.9482,,,,
0.4895,12.560748100280762,1.7333333333333336e-05,3.75,60,,,,,,,,
,,,3.75,60,0.6552378535270691,0.7142857142857143,0.49642769154964284,33.5744,,,,
0.347,16.518470764160156,1.6666666666666667e-05,4.375,70,,,,,,,,
,,,4.375,70,0.6098288893699646,0.7857142857142857,0.5483193277310924,38.9194,,,,
0.1854,4.586129188537598,1.6000000000000003e-05,5.0,80,,,,,,,,
,,,5.0,80,0.5301128029823303,0.8035714285714286,0.5595153243050606,44.3843,,,,
0.1492,9.841629028320312,1.5333333333333334e-05,5.625,90,,,,,,,,
,,,5.625,90,0.4630246162414551,0.8392857142857143,0.5849370396768828,50.3303,,,,
0.1559,1.5341862440109253,1.4666666666666666e-05,6.25,100,,,,,,,,
,,,6.25,100,0.415143758058548,0.8392857142857143,0.6893124796350603,55.713,,,,
0.089,0.7925463318824768,1.4e-05,6.875,110,,,,,,,,
,,,6.875,110,0.3289077877998352,0.8928571428571429,0.8306636155606407,61.1521,,,,
0.0866,2.2333083152770996,1.3333333333333333e-05,7.5,120,,,,,,,,
,,,7.5,120,0.4200802147388458,0.9107142857142857,0.9044113450893111,66.1523,,,,
0.029,0.5249881148338318,1.2666666666666667e-05,8.125,130,,,,,,,,
,,,8.125,130,0.35814157128334045,0.875,0.8378522062732587,71.8697,,,,
0.0184,13.543011665344238,1.2e-05,8.75,140,,,,,,,,
,,,8.75,140,0.35480421781539917,0.875,0.8173690932311621,77.9413,,,,
0.0074,0.2379738837480545,1.1333333333333334e-05,9.375,150,,,,,,,,
,,,9.375,150,0.4004345238208771,0.875,0.8173690932311621,83.4472,,,,
0.0045,0.10746079683303833,1.0666666666666667e-05,10.0,160,,,,,,,,
,,,10.0,160,0.4824400842189789,0.8571428571428571,0.8038863208354733,88.9342,,,,
0.003,0.25050053000450134,1e-05,10.625,170,,,,,,,,
,,,10.625,170,0.4725903868675232,0.875,0.8378787878787879,94.8137,,,,
0.0031,0.0652829259634018,9.333333333333334e-06,11.25,180,,,,,,,,
,,,11.25,180,0.4697868525981903,0.875,0.8378787878787879,100.2524,,,,
0.0022,0.04364316165447235,8.666666666666668e-06,11.875,190,,,,,,,,
,,,11.875,190,0.4801468253135681,0.875,0.8378787878787879,106.1467,,,,
0.0022,0.027118967846035957,8.000000000000001e-06,12.5,200,,,,,,,,
,,,12.5,200,0.48945602774620056,0.875,0.8378787878787879,111.5234,,,,
0.0019,0.035906966775655746,7.333333333333333e-06,13.125,210,,,,,,,,
,,,13.125,210,0.5044440031051636,0.875,0.8378787878787879,116.9793,,,,
0.0017,0.05389585718512535,6.666666666666667e-06,13.75,220,,,,,,,,
,,,13.75,220,0.5047474503517151,0.875,0.8378787878787879,123.0312,,,,
0.0016,0.03263586387038231,6e-06,14.375,230,,,,,,,,
,,,14.375,230,0.5025336146354675,0.875,0.8378787878787879,128.88,,,,
0.0016,0.04098417982459068,5.333333333333334e-06,15.0,240,,,,,,,,
,,,15.0,240,0.5052245259284973,0.875,0.8378787878787879,134.2365,,,,
0.0015,0.022177910432219505,4.666666666666667e-06,15.625,250,,,,,,,,
,,,15.625,250,0.5015097856521606,0.875,0.8378787878787879,139.7462,,,,
0.0015,0.05094597116112709,4.000000000000001e-06,16.25,260,,,,,,,,
,,,16.25,260,0.5032293200492859,0.875,0.8378787878787879,145.5246,,,,
0.0014,0.03909352794289589,3.3333333333333333e-06,16.875,270,,,,,,,,
,,,16.875,270,0.5100499987602234,0.875,0.8378787878787879,151.1759,,,,
0.0015,0.025563953444361687,2.666666666666667e-06,17.5,280,,,,,,,,
,,,17.5,280,0.5233929753303528,0.875,0.8378787878787879,157.109,,,,
0.0014,0.02554924599826336,2.0000000000000003e-06,18.125,290,,,,,,,,
,,,18.125,290,0.527193546295166,0.875,0.8378787878787879,162.5623,,,,
0.0013,0.02085251733660698,1.3333333333333334e-06,18.75,300,,,,,,,,
,,,18.75,300,0.5286182165145874,0.875,0.8378787878787879,168.4424,,,,
0.0013,0.042370252311229706,6.666666666666667e-07,19.375,310,,,,,,,,
,,,19.375,310,0.5295780897140503,0.875,0.8378787878787879,173.5701,,,,
0.0014,0.02890155278146267,0.0,20.0,320,,,,,,,,
,,,20.0,320,0.5297091603279114,0.875,0.8378787878787879,179.3345,,,,
,,,20.0,320,,,,178.9694,27.938,1.788,446840583950880.0,0.18535420945263467
