loss,grad_norm,learning_rate,epoch,step,eval_loss,eval_accuracy,eval_f1,train_runtime,train_samples_per_second,train_steps_per_second,total_flos,train_loss
0.7008,1.440388560295105,2.5e-06,0.004347826086956522,1,,,,,,,,
0.6567,0.8023431897163391,6.25e-05,0.10869565217391304,25,,,,,,,,
,,,0.10869565217391304,25,0.636021614074707,0.6838235294117647,0.8122270742358079,6.2469,,,,
0.6603,1.258530855178833,0.000125,0.21739130434782608,50,,,,,,,,
,,,0.21739130434782608,50,0.6254451870918274,0.6838235294117647,0.8122270742358079,12.1213,,,,
0.6399,2.4575743675231934,0.0001875,0.32608695652173914,75,,,,,,,,
,,,0.32608695652173914,75,0.6214285492897034,0.6838235294117647,0.8122270742358079,18.114,,,,
0.6415,0.6200554966926575,0.00025,0.43478260869565216,100,,,,,,,,
,,,0.43478260869565216,100,0.6178903579711914,0.6838235294117647,0.8122270742358079,23.9856,,,,
0.6049,1.3013005256652832,0.0003125,0.5434782608695652,125,,,,,,,,
,,,0.5434782608695652,125,0.6139143705368042,0.6838235294117647,0.8122270742358079,29.9972,,,,
0.6387,3.2998781204223633,0.000375,0.6521739130434783,150,,,,,,,,
,,,0.6521739130434783,150,0.617237389087677,0.6887254901960784,0.8145985401459854,35.8608,,,,
0.6215,0.5329412221908569,0.0004375,0.7608695652173914,175,,,,,,,,
,,,0.7608695652173914,175,0.5802682042121887,0.6936274509803921,0.8169838945827232,42.022,,,,
0.5884,1.6193263530731201,0.0005,0.8695652173913043,200,,,,,,,,
,,,0.8695652173913043,200,0.5245633721351624,0.7401960784313726,0.8306709265175718,48.0038,,,,
0.5822,1.6980599164962769,0.0004940476190476191,0.9782608695652174,225,,,,,,,,
,,,0.9782608695652174,225,0.5227375626564026,0.7720588235294118,0.8436974789915965,54.0532,,,,
0.5667,1.2373034954071045,0.0004880952380952381,1.0869565217391304,250,,,,,,,,
,,,1.0869565217391304,250,0.5267214179039001,0.7132352941176471,0.8240601503759398,59.785,,,,
0.5216,1.1736429929733276,0.00048214285714285715,1.1956521739130435,275,,,,,,,,
,,,1.1956521739130435,275,0.4978100657463074,0.7475490196078431,0.8372827804107424,65.7897,,,,
0.5165,2.3602397441864014,0.0004761904761904762,1.3043478260869565,300,,,,,,,,
,,,1.3043478260869565,300,0.4508674740791321,0.7818627450980392,0.8446771378708552,71.7258,,,,
0.4505,2.174175262451172,0.00047023809523809523,1.4130434782608696,325,,,,,,,,
,,,1.4130434782608696,325,0.48997288942337036,0.7598039215686274,0.8047808764940239,77.6187,,,,
0.5105,8.558317184448242,0.00046428571428571433,1.5217391304347827,350,,,,,,,,
,,,1.5217391304347827,350,0.48268043994903564,0.7794117647058824,0.8519736842105263,83.5898,,,,
0.4547,1.2116583585739136,0.0004583333333333333,1.6304347826086958,375,,,,,,,,
,,,1.6304347826086958,375,0.41490891575813293,0.8014705882352942,0.8513761467889908,89.4322,,,,
0.3757,1.8343063592910767,0.00045238095238095237,1.7391304347826086,400,,,,,,,,
,,,1.7391304347826086,400,0.4163368344306946,0.8063725490196079,0.8635578583765113,95.4341,,,,
0.4672,4.18831205368042,0.00044642857142857147,1.8478260869565217,425,,,,,,,,
,,,1.8478260869565217,425,0.37590184807777405,0.8308823529411765,0.8787346221441125,101.4231,,,,
0.4102,1.5970149040222168,0.00044047619047619046,1.9565217391304348,450,,,,,,,,
,,,1.9565217391304348,450,0.391559898853302,0.8235294117647058,0.8783783783783784,107.5654,,,,
0.4401,1.1591547727584839,0.00043452380952380956,2.0652173913043477,475,,,,,,,,
,,,2.0652173913043477,475,0.4882674217224121,0.7745098039215687,0.8548895899053627,113.2809,,,,
0.4264,1.6059008836746216,0.00042857142857142855,2.1739130434782608,500,,,,,,,,
,,,2.1739130434782608,500,0.36741384863853455,0.8333333333333334,0.8823529411764706,119.3319,,,,
0.4025,2.0887207984924316,0.00042261904761904765,2.282608695652174,525,,,,,,,,
,,,2.282608695652174,525,0.3611752986907959,0.8406862745098039,0.8785046728971962,125.3414,,,,
0.3575,0.9370511770248413,0.0004166666666666667,2.391304347826087,550,,,,,,,,
,,,2.391304347826087,550,0.37294715642929077,0.8455882352941176,0.8892794376098417,131.3014,,,,
0.4258,1.2512717247009277,0.0004107142857142857,2.5,575,,,,,,,,
,,,2.5,575,0.37473973631858826,0.8112745098039216,0.8705882352941176,137.2782,,,,
0.3522,1.176137089729309,0.0004047619047619048,2.608695652173913,600,,,,,,,,
,,,2.608695652173913,600,0.35791510343551636,0.8431372549019608,0.8892733564013842,143.2138,,,,
0.403,1.211378812789917,0.00039880952380952383,2.717391304347826,625,,,,,,,,
,,,2.717391304347826,625,0.3883289694786072,0.8186274509803921,0.8766666666666666,149.2697,,,,
0.4845,1.8801274299621582,0.0003928571428571429,2.8260869565217392,650,,,,,,,,
,,,2.8260869565217392,650,0.32930701971054077,0.8676470588235294,0.9025270758122744,155.2598,,,,
0.3539,1.8566511869430542,0.0003869047619047619,2.9347826086956523,675,,,,,,,,
,,,2.9347826086956523,675,0.3412461280822754,0.8553921568627451,0.8959435626102292,161.3396,,,,
0.3427,4.584324836730957,0.00038095238095238096,3.0434782608695654,700,,,,,,,,
,,,3.0434782608695654,700,0.39340800046920776,0.8382352941176471,0.8862068965517241,167.0637,,,,
0.3933,3.9078621864318848,0.000375,3.1521739130434785,725,,,,,,,,
,,,3.1521739130434785,725,0.48619377613067627,0.8161764705882353,0.8784440842787682,173.1281,,,,
0.3864,2.498229503631592,0.00036904761904761905,3.260869565217391,750,,,,,,,,
,,,3.260869565217391,750,0.4003804624080658,0.8308823529411765,0.8855721393034827,179.1025,,,,
0.3081,4.394359111785889,0.0003630952380952381,3.369565217391304,775,,,,,,,,
,,,3.369565217391304,775,0.35344943404197693,0.8602941176470589,0.9001751313485115,185.0162,,,,
0.3777,4.93834924697876,0.00035714285714285714,3.4782608695652173,800,,,,,,,,
,,,3.4782608695652173,800,0.3471809923648834,0.8578431372549019,0.896797153024911,190.9512,,,,
0.4039,4.743434429168701,0.0003511904761904762,3.5869565217391304,825,,,,,,,,
,,,3.5869565217391304,825,0.32293933629989624,0.8602941176470589,0.8987566607460036,196.9725,,,,
0.3784,1.6139274835586548,0.00034523809523809523,3.6956521739130435,850,,,,,,,,
,,,3.6956521739130435,850,0.3255336582660675,0.8602941176470589,0.8983957219251337,203.0636,,,,
0.3533,5.0596022605896,0.00033928571428571433,3.8043478260869565,875,,,,,,,,
,,,3.8043478260869565,875,0.32634150981903076,0.8602941176470589,0.8987566607460036,209.0458,,,,
0.3647,2.0654006004333496,0.0003333333333333333,3.9130434782608696,900,,,,,,,,
,,,3.9130434782608696,900,0.3546767830848694,0.8431372549019608,0.8915254237288135,215.1131,,,,
0.3552,3.334226131439209,0.00032738095238095237,4.021739130434782,925,,,,,,,,
,,,4.021739130434782,925,0.3314436376094818,0.8602941176470589,0.8994708994708994,220.9215,,,,
0.3386,2.065903663635254,0.00032142857142857147,4.130434782608695,950,,,,,,,,
,,,4.130434782608695,950,0.3251241445541382,0.8700980392156863,0.9051878354203935,227.0389,,,,
0.3776,2.6462666988372803,0.00031547619047619046,4.239130434782608,975,,,,,,,,
,,,4.239130434782608,975,0.32469093799591064,0.8529411764705882,0.894736842105263,232.872,,,,
0.3538,1.6453485488891602,0.00030952380952380956,4.3478260869565215,1000,,,,,,,,
,,,4.3478260869565215,1000,0.33454903960227966,0.8504901960784313,0.8946459412780656,238.8341,,,,
0.3549,4.504879951477051,0.00030357142857142855,4.456521739130435,1025,,,,,,,,
,,,4.456521739130435,1025,0.3300710916519165,0.8602941176470589,0.8946395563770795,245.2031,,,,
0.3239,4.792445659637451,0.00029761904761904765,4.565217391304348,1050,,,,,,,,
,,,4.565217391304348,1050,0.3529660701751709,0.8480392156862745,0.8931034482758621,251.2279,,,,
0.3038,2.2781121730804443,0.0002916666666666667,4.673913043478261,1075,,,,,,,,
,,,4.673913043478261,1075,0.34522658586502075,0.8676470588235294,0.9028776978417268,257.1139,,,,
0.2917,2.7378487586975098,0.0002857142857142857,4.782608695652174,1100,,,,,,,,
,,,4.782608695652174,1100,0.3273054361343384,0.8651960784313726,0.9012567324955117,263.0683,,,,
0.3289,2.5375702381134033,0.0002797619047619048,4.891304347826087,1125,,,,,,,,
,,,4.891304347826087,1125,0.31422147154808044,0.8651960784313726,0.9016100178890876,269.0513,,,,
0.3255,0.13539734482765198,0.0002738095238095238,5.0,1150,,,,,,,,
,,,5.0,1150,0.31310930848121643,0.8700980392156863,0.9045045045045046,275.0146,,,,
0.3047,1.0351064205169678,0.00026785714285714287,5.108695652173913,1175,,,,,,,,
,,,5.108695652173913,1175,0.34444403648376465,0.8480392156862745,0.8934707903780068,280.9636,,,,
0.293,4.7262701988220215,0.0002619047619047619,5.217391304347826,1200,,,,,,,,
,,,5.217391304347826,1200,0.3330727517604828,0.8676470588235294,0.9052631578947367,286.9587,,,,
0.3207,1.7930818796157837,0.00025595238095238096,5.326086956521739,1225,,,,,,,,
,,,5.326086956521739,1225,0.310489296913147,0.875,0.9084380610412927,293.0099,,,,
0.3525,1.8623464107513428,0.00025,5.434782608695652,1250,,,,,,,,
,,,5.434782608695652,1250,0.32010987401008606,0.8725490196078431,0.9061371841155236,298.9089,,,,
0.2702,3.4896583557128906,0.00024404761904761905,5.543478260869565,1275,,,,,,,,
,,,5.543478260869565,1275,0.3229120969772339,0.8700980392156863,0.9034608378870674,304.9027,,,,
0.2889,3.7117674350738525,0.0002380952380952381,5.6521739130434785,1300,,,,,,,,
,,,5.6521739130434785,1300,0.32917672395706177,0.8676470588235294,0.9039145907473309,310.8678,,,,
0.2723,2.851112127304077,0.00023214285714285717,5.760869565217392,1325,,,,,,,,
,,,5.760869565217392,1325,0.35103899240493774,0.8529411764705882,0.896551724137931,316.9816,,,,
0.3397,3.327813148498535,0.00022619047619047618,5.869565217391305,1350,,,,,,,,
,,,5.869565217391305,1350,0.31469300389289856,0.8676470588235294,0.9018181818181817,323.0483,,,,
0.3296,3.1398873329162598,0.00022023809523809523,5.978260869565218,1375,,,,,,,,
,,,5.978260869565218,1375,0.31391361355781555,0.8700980392156863,0.9034608378870674,329.1657,,,,
0.2248,3.206922769546509,0.00021428571428571427,6.086956521739131,1400,,,,,,,,
,,,6.086956521739131,1400,0.4715171158313751,0.8431372549019608,0.8957654723127035,335.0902,,,,
0.3238,1.6777104139328003,0.00020833333333333335,6.195652173913044,1425,,,,,,,,
,,,6.195652173913044,1425,0.32435721158981323,0.875,0.9071038251366121,341.2573,,,,
0.2932,2.426480293273926,0.0002023809523809524,6.304347826086957,1450,,,,,,,,
,,,6.304347826086957,1450,0.35124942660331726,0.8553921568627451,0.8888888888888888,347.1793,,,,
0.3576,1.3425753116607666,0.00019642857142857144,6.413043478260869,1475,,,,,,,,
,,,6.413043478260869,1475,0.3221887946128845,0.8578431372549019,0.8989547038327526,353.1353,,,,
0.317,1.0213289260864258,0.00019047619047619048,6.521739130434782,1500,,,,,,,,
,,,6.521739130434782,1500,0.3131643831729889,0.8823529411764706,0.9133574007220215,359.1248,,,,
0.2746,8.549860000610352,0.00018452380952380953,6.630434782608695,1525,,,,,,,,
,,,6.630434782608695,1525,0.36420774459838867,0.8553921568627451,0.8991452991452993,365.3314,,,,
0.3367,2.282325506210327,0.00017857142857142857,6.739130434782608,1550,,,,,,,,
,,,6.739130434782608,1550,0.322992205619812,0.875,0.9064220183486239,371.2889,,,,
0.2751,3.729358673095703,0.00017261904761904762,6.8478260869565215,1575,,,,,,,,
,,,6.8478260869565215,1575,0.3305090069770813,0.8725490196078431,0.9047619047619048,377.2427,,,,
0.3093,2.8277997970581055,0.00016666666666666666,6.956521739130435,1600,,,,,,,,
,,,6.956521739130435,1600,0.34281501173973083,0.8578431372549019,0.8975265017667844,383.3121,,,,
0.2624,1.9686070680618286,0.00016071428571428573,7.065217391304348,1625,,,,,,,,
,,,7.065217391304348,1625,0.34213727712631226,0.8774509803921569,0.9090909090909091,389.0987,,,,
0.2765,2.5207340717315674,0.00015476190476190478,7.173913043478261,1650,,,,,,,,
,,,7.173913043478261,1650,0.3313666582107544,0.8799019607843137,0.9107468123861567,395.0115,,,,
0.2766,2.0226798057556152,0.00014880952380952382,7.282608695652174,1675,,,,,,,,
,,,7.282608695652174,1675,0.35939595103263855,0.8602941176470589,0.9035532994923857,400.961,,,,
0.2809,2.904174327850342,0.00014285714285714284,7.391304347826087,1700,,,,,,,,
,,,7.391304347826087,1700,0.31199175119400024,0.8799019607843137,0.9113924050632911,406.9852,,,,
0.2674,1.7852246761322021,0.0001369047619047619,7.5,1725,,,,,,,,
,,,7.5,1725,0.3174237608909607,0.8823529411764706,0.9127272727272728,413.1219,,,,
0.2969,1.913954257965088,0.00013095238095238096,7.608695652173913,1750,,,,,,,,
,,,7.608695652173913,1750,0.31130924820899963,0.875,0.9081081081081082,419.1069,,,,
0.321,3.4279322624206543,0.000125,7.717391304347826,1775,,,,,,,,
,,,7.717391304347826,1775,0.31213831901550293,0.8700980392156863,0.9055258467023173,425.2058,,,,
0.2626,2.238680839538574,0.00011904761904761905,7.826086956521739,1800,,,,,,,,
,,,7.826086956521739,1800,0.32086533308029175,0.8676470588235294,0.9035714285714286,431.0934,,,,
0.2546,2.409428358078003,0.00011309523809523809,7.934782608695652,1825,,,,,,,,
,,,7.934782608695652,1825,0.3162250816822052,0.8823529411764706,0.9124087591240876,437.302,,,,
0.3462,1.8760218620300293,0.00010714285714285714,8.043478260869565,1850,,,,,,,,
,,,8.043478260869565,1850,0.3268977999687195,0.8627450980392157,0.9020979020979022,443.1248,,,,
0.2918,4.323668003082275,0.0001011904761904762,8.152173913043478,1875,,,,,,,,
,,,8.152173913043478,1875,0.31281155347824097,0.8700980392156863,0.9045045045045046,449.1378,,,,
0.2408,0.6287611126899719,9.523809523809524e-05,8.26086956521739,1900,,,,,,,,
,,,8.26086956521739,1900,0.3201502859592438,0.8651960784313726,0.9012567324955117,455.1422,,,,
0.2695,2.338268995285034,8.928571428571429e-05,8.369565217391305,1925,,,,,,,,
,,,8.369565217391305,1925,0.3152003586292267,0.8823529411764706,0.9124087591240876,461.1883,,,,
0.2556,2.5972113609313965,8.333333333333333e-05,8.478260869565217,1950,,,,,,,,
,,,8.478260869565217,1950,0.3271424472332001,0.8651960784313726,0.9023090586145649,467.2827,,,,
0.2501,2.7015089988708496,7.738095238095239e-05,8.58695652173913,1975,,,,,,,,
,,,8.58695652173913,1975,0.3329791724681854,0.8602941176470589,0.8998242530755711,473.18,,,,
0.2625,2.975989580154419,7.142857142857142e-05,8.695652173913043,2000,,,,,,,,
,,,8.695652173913043,2000,0.3212563693523407,0.8725490196078431,0.9068100358422939,479.2467,,,,
0.2702,3.6373627185821533,6.547619047619048e-05,8.804347826086957,2025,,,,,,,,
,,,8.804347826086957,2025,0.32458505034446716,0.8774509803921569,0.9094202898550725,485.3641,,,,
0.3219,4.201168537139893,5.9523809523809524e-05,8.91304347826087,2050,,,,,,,,
,,,8.91304347826087,2050,0.3196788430213928,0.8700980392156863,0.9045045045045046,491.4529,,,,
0.3191,1.5042661428451538,5.357142857142857e-05,9.021739130434783,2075,,,,,,,,
,,,9.021739130434783,2075,0.31947794556617737,0.8725490196078431,0.9068100358422939,497.2637,,,,
0.2404,1.3865736722946167,4.761904761904762e-05,9.130434782608695,2100,,,,,,,,
,,,9.130434782608695,2100,0.31639155745506287,0.8848039215686274,0.9143897996357014,503.2677,,,,
0.2336,1.0775686502456665,4.1666666666666665e-05,9.23913043478261,2125,,,,,,,,
,,,9.23913043478261,2125,0.31900712847709656,0.8823529411764706,0.9127272727272728,509.2101,,,,
0.2981,2.257507562637329,3.571428571428571e-05,9.347826086956522,2150,,,,,,,,
,,,9.347826086956522,2150,0.32124412059783936,0.8725490196078431,0.9068100358422939,515.1913,,,,
0.2644,1.6814405918121338,2.9761904761904762e-05,9.456521739130435,2175,,,,,,,,
,,,9.456521739130435,2175,0.3192797899246216,0.875,0.9084380610412927,521.2122,,,,
0.2708,2.767378330230713,2.380952380952381e-05,9.565217391304348,2200,,,,,,,,
,,,9.565217391304348,2200,0.3247221112251282,0.8627450980392157,0.901060070671378,527.1417,,,,
0.3077,2.7108657360076904,1.7857142857142855e-05,9.673913043478262,2225,,,,,,,,
,,,9.673913043478262,2225,0.31812816858291626,0.8725490196078431,0.9068100358422939,533.1088,,,,
0.2739,1.6690343618392944,1.1904761904761905e-05,9.782608695652174,2250,,,,,,,,
,,,9.782608695652174,2250,0.3163352310657501,0.8725490196078431,0.9068100358422939,539.0034,,,,
0.2524,5.608117580413818,5.9523809523809525e-06,9.891304347826086,2275,,,,,,,,
,,,9.891304347826086,2275,0.31680828332901,0.8725490196078431,0.9068100358422939,545.0772,,,,
0.258,1.4536980390548706,0.0,10.0,2300,,,,,,,,
,,,10.0,2300,0.3164384365081787,0.8725490196078431,0.9068100358422939,550.9364,,,,
,,,10.0,2300,,,,550.5967,66.619,4.177,1452293613147552.0,0.36334126995957416
