loss,grad_norm,learning_rate,epoch,step,eval_loss,eval_accuracy,train_runtime,train_samples_per_second,train_steps_per_second,total_flos,train_loss
0.718,1.7023580074310303,3.5e-06,0.00641025641025641,1,,,,,,,
0.704,1.2002613544464111,8.75e-05,0.16025641025641027,25,,,,,,,
,,,0.16025641025641027,25,0.7045286893844604,0.4729241877256318,11.4149,,,,
0.7222,0.8863083720207214,0.000175,0.32051282051282054,50,,,,,,,
,,,0.32051282051282054,50,0.6927273869514465,0.5270758122743683,22.275,,,,
0.6995,0.50226229429245,0.0002625,0.4807692307692308,75,,,,,,,
,,,0.4807692307692308,75,0.6944118738174438,0.5270758122743683,34.4914,,,,
0.7019,2.0636823177337646,0.00035,0.6410256410256411,100,,,,,,,
,,,0.6410256410256411,100,0.6880926489830017,0.5451263537906137,45.7457,,,,
0.6811,1.3590620756149292,0.0004375,0.8012820512820513,125,,,,,,,
,,,0.8012820512820513,125,0.7401440739631653,0.4729241877256318,57.7713,,,,
0.7052,1.7936367988586426,0.000525,0.9615384615384616,150,,,,,,,
,,,0.9615384615384616,150,0.6982942223548889,0.4693140794223827,68.9612,,,,
0.695,3.1933207511901855,0.0006125,1.1217948717948718,175,,,,,,,
,,,1.1217948717948718,175,0.6962953805923462,0.48375451263537905,80.6254,,,,
0.7009,3.3953566551208496,0.0007,1.282051282051282,200,,,,,,,
,,,1.282051282051282,200,0.6722990870475769,0.5956678700361011,92.1812,,,,
0.6846,1.6319663524627686,0.0006871323529411764,1.4423076923076923,225,,,,,,,
,,,1.4423076923076923,225,0.667576014995575,0.5956678700361011,103.433,,,,
0.6601,1.4758347272872925,0.0006742647058823529,1.6025641025641026,250,,,,,,,
,,,1.6025641025641026,250,0.6586872339248657,0.6209386281588448,114.8993,,,,
0.6912,1.4084409475326538,0.0006613970588235294,1.7628205128205128,275,,,,,,,
,,,1.7628205128205128,275,0.6217625737190247,0.6714801444043321,125.9474,,,,
0.7233,3.1362993717193604,0.0006485294117647059,1.9230769230769231,300,,,,,,,
,,,1.9230769230769231,300,0.6144399046897888,0.6714801444043321,137.6196,,,,
0.624,2.8897104263305664,0.0006356617647058823,2.0833333333333335,325,,,,,,,
,,,2.0833333333333335,325,0.5928987860679626,0.6750902527075813,148.7196,,,,
0.6164,4.965073108673096,0.0006227941176470587,2.2435897435897436,350,,,,,,,
,,,2.2435897435897436,350,0.5493675470352173,0.7111913357400722,159.9452,,,,
0.5749,16.246061325073242,0.0006099264705882353,2.4038461538461537,375,,,,,,,
,,,2.4038461538461537,375,0.5888686180114746,0.6787003610108303,171.3572,,,,
0.543,13.999601364135742,0.0005970588235294117,2.564102564102564,400,,,,,,,
,,,2.564102564102564,400,0.651393711566925,0.7148014440433214,182.7677,,,,
0.6604,1.7914329767227173,0.0005841911764705882,2.7243589743589745,425,,,,,,,
,,,2.7243589743589745,425,0.6178934574127197,0.6859205776173285,194.2671,,,,
0.6169,3.1983084678649902,0.0005713235294117647,2.8846153846153846,450,,,,,,,
,,,2.8846153846153846,450,0.6370651125907898,0.6462093862815884,205.8322,,,,
0.5908,6.376408576965332,0.0005584558823529412,3.0448717948717947,475,,,,,,,
,,,3.0448717948717947,475,0.5985855460166931,0.7003610108303249,217.1367,,,,
0.5731,7.558961868286133,0.0005455882352941177,3.2051282051282053,500,,,,,,,
,,,3.2051282051282053,500,0.5586111545562744,0.7184115523465704,228.693,,,,
0.533,4.0890655517578125,0.0005327205882352941,3.3653846153846154,525,,,,,,,
,,,3.3653846153846154,525,0.5371807813644409,0.7184115523465704,240.4257,,,,
0.5456,7.749505996704102,0.0005198529411764706,3.5256410256410255,550,,,,,,,
,,,3.5256410256410255,550,0.5993467569351196,0.7292418772563177,251.3282,,,,
0.5573,13.10252571105957,0.0005069852941176471,3.685897435897436,575,,,,,,,
,,,3.685897435897436,575,0.5745276808738708,0.7328519855595668,262.3074,,,,
0.577,8.796587944030762,0.0004941176470588236,3.8461538461538463,600,,,,,,,
,,,3.8461538461538463,600,0.6391240954399109,0.6967509025270758,274.0226,,,,
0.5154,8.059040069580078,0.00048125,4.006410256410256,625,,,,,,,
,,,4.006410256410256,625,0.5898051261901855,0.7184115523465704,285.5685,,,,
0.4324,6.69244909286499,0.00046838235294117644,4.166666666666667,650,,,,,,,
,,,4.166666666666667,650,0.5907430648803711,0.7256317689530686,297.1147,,,,
0.4703,4.378142356872559,0.00045551470588235297,4.326923076923077,675,,,,,,,
,,,4.326923076923077,675,0.577558696269989,0.7653429602888087,308.1334,,,,
0.4376,3.995755910873413,0.0004426470588235294,4.487179487179487,700,,,,,,,
,,,4.487179487179487,700,0.6145902872085571,0.7328519855595668,319.8292,,,,
0.4455,4.933724403381348,0.0004297794117647059,4.647435897435898,725,,,,,,,
,,,4.647435897435898,725,0.620242714881897,0.7292418772563177,330.9757,,,,
0.4242,10.941134452819824,0.00041691176470588234,4.8076923076923075,750,,,,,,,
,,,4.8076923076923075,750,0.6540921926498413,0.7292418772563177,342.4628,,,,
0.4037,9.681073188781738,0.00040404411764705876,4.967948717948718,775,,,,,,,
,,,4.967948717948718,775,0.7677169442176819,0.7184115523465704,353.7186,,,,
0.3909,15.444697380065918,0.0003911764705882353,5.128205128205128,800,,,,,,,
,,,5.128205128205128,800,0.6136381030082703,0.7545126353790613,365.279,,,,
0.3523,8.141801834106445,0.00037830882352941176,5.288461538461538,825,,,,,,,
,,,5.288461538461538,825,0.7111925482749939,0.740072202166065,376.6936,,,,
0.3922,8.350617408752441,0.00036544117647058824,5.448717948717949,850,,,,,,,
,,,5.448717948717949,850,0.5871279239654541,0.7653429602888087,388.5502,,,,
0.374,8.145852088928223,0.0003525735294117647,5.608974358974359,875,,,,,,,
,,,5.608974358974359,875,0.6057126522064209,0.7545126353790613,400.2142,,,,
0.3536,26.071496963500977,0.0003397058823529412,5.769230769230769,900,,,,,,,
,,,5.769230769230769,900,0.7180132865905762,0.7292418772563177,411.393,,,,
0.4538,15.213421821594238,0.00032683823529411766,5.92948717948718,925,,,,,,,
,,,5.92948717948718,925,0.6788403987884521,0.7436823104693141,422.6774,,,,
0.3535,6.692579746246338,0.00031397058823529414,6.089743589743589,950,,,,,,,
,,,6.089743589743589,950,0.7162821888923645,0.7328519855595668,434.004,,,,
0.2683,13.80520248413086,0.0003011029411764706,6.25,975,,,,,,,
,,,6.25,975,0.8042774200439453,0.7328519855595668,445.6674,,,,
0.3274,10.376290321350098,0.00028823529411764703,6.410256410256411,1000,,,,,,,
,,,6.410256410256411,1000,0.7342075109481812,0.7364620938628159,456.8289,,,,
0.24,7.038075923919678,0.0002753676470588235,6.57051282051282,1025,,,,,,,
,,,6.57051282051282,1025,0.8918607831001282,0.7292418772563177,468.644,,,,
0.2701,14.699719429016113,0.0002625,6.730769230769231,1050,,,,,,,
,,,6.730769230769231,1050,0.9051287770271301,0.7436823104693141,480.1448,,,,
0.3146,8.566728591918945,0.00024963235294117646,6.891025641025641,1075,,,,,,,
,,,6.891025641025641,1075,0.8569733500480652,0.7328519855595668,492.1769,,,,
0.2607,11.28131103515625,0.00023676470588235296,7.051282051282051,1100,,,,,,,
,,,7.051282051282051,1100,0.9499970078468323,0.7292418772563177,503.3267,,,,
0.2469,13.1854248046875,0.00022389705882352938,7.211538461538462,1125,,,,,,,
,,,7.211538461538462,1125,0.8637529015541077,0.7292418772563177,514.4596,,,,
0.2017,13.19020938873291,0.00021102941176470586,7.371794871794872,1150,,,,,,,
,,,7.371794871794872,1150,1.0205134153366089,0.7364620938628159,526.7181,,,,
0.2073,14.640942573547363,0.00019816176470588236,7.532051282051282,1175,,,,,,,
,,,7.532051282051282,1175,1.1698436737060547,0.7328519855595668,537.8401,,,,
0.2235,19.382402420043945,0.00018529411764705883,7.6923076923076925,1200,,,,,,,
,,,7.6923076923076925,1200,1.1331470012664795,0.740072202166065,549.0925,,,,
0.2954,15.125456809997559,0.0001724264705882353,7.852564102564102,1225,,,,,,,
,,,7.852564102564102,1225,1.0009984970092773,0.740072202166065,560.67,,,,
0.2343,2.3966102600097656,0.00015955882352941176,8.012820512820513,1250,,,,,,,
,,,8.012820512820513,1250,0.8588833808898926,0.7472924187725631,572.072,,,,
0.1656,14.405893325805664,0.00014669117647058823,8.173076923076923,1275,,,,,,,
,,,8.173076923076923,1275,1.08173406124115,0.7617328519855595,583.6305,,,,
0.1714,10.466572761535645,0.0001338235294117647,8.333333333333334,1300,,,,,,,
,,,8.333333333333334,1300,1.138500452041626,0.7509025270758123,594.7956,,,,
0.2032,8.028922080993652,0.00012095588235294117,8.493589743589745,1325,,,,,,,
,,,8.493589743589745,1325,0.9937230944633484,0.7545126353790613,606.5563,,,,
0.2173,19.16922378540039,0.00010808823529411764,8.653846153846153,1350,,,,,,,
,,,8.653846153846153,1350,0.9336455464363098,0.7617328519855595,617.3901,,,,
0.138,11.283685684204102,9.52205882352941e-05,8.814102564102564,1375,,,,,,,
,,,8.814102564102564,1375,1.163083791732788,0.7256317689530686,628.7547,,,,
0.2109,11.110771179199219,8.235294117647058e-05,8.974358974358974,1400,,,,,,,
,,,8.974358974358974,1400,1.0435268878936768,0.7689530685920578,639.9656,,,,
0.1378,2.5597012042999268,6.948529411764706e-05,9.134615384615385,1425,,,,,,,
,,,9.134615384615385,1425,1.227926254272461,0.7328519855595668,651.1084,,,,
0.1341,15.452847480773926,5.661764705882353e-05,9.294871794871796,1450,,,,,,,
,,,9.294871794871796,1450,1.250214695930481,0.7509025270758123,662.5414,,,,
0.1008,6.235767364501953,4.375e-05,9.455128205128204,1475,,,,,,,
,,,9.455128205128204,1475,1.386596918106079,0.7256317689530686,673.6398,,,,
0.144,25.16437530517578,3.0882352941176475e-05,9.615384615384615,1500,,,,,,,
,,,9.615384615384615,1500,1.3473310470581055,0.7472924187725631,685.5565,,,,
0.1197,31.855466842651367,1.801470588235294e-05,9.775641025641026,1525,,,,,,,
,,,9.775641025641026,1525,1.351942539215088,0.7509025270758123,697.3411,,,,
0.2424,3.0920255184173584,5.147058823529411e-06,9.935897435897436,1550,,,,,,,
,,,9.935897435897436,1550,1.2918893098831177,0.7509025270758123,708.6752,,,,
,,,10.0,1560,,,711.5627,34.993,2.192,2114081943215040.0,0.4221182345579832
