loss,grad_norm,learning_rate,epoch,step,eval_loss,eval_accuracy,train_runtime,train_samples_per_second,train_steps_per_second,total_flos,train_loss
1.8896,1.0178216695785522,1e-05,0.00641025641025641,1,,,,,,,
1.7112,2.405789852142334,0.0005,0.32051282051282054,50,,,,,,,
,,,0.32051282051282054,50,1.1357951164245605,0.48375451263537905,17.7262,,,,
0.8131,0.7140565514564514,0.001,0.6410256410256411,100,,,,,,,
,,,0.6410256410256411,100,0.706797182559967,0.5234657039711191,36.4483,,,,
0.7356,1.8081051111221313,0.0015,0.9615384615384616,150,,,,,,,
,,,0.9615384615384616,150,0.7086100578308105,0.51985559566787,55.0742,,,,
0.7369,1.6956844329833984,0.002,1.282051282051282,200,,,,,,,
,,,1.282051282051282,200,0.7317261695861816,0.4729241877256318,73.5559,,,,
0.7272,1.039236068725586,0.0019264705882352942,1.6025641025641026,250,,,,,,,
,,,1.6025641025641026,250,0.7645650506019592,0.4729241877256318,91.6756,,,,
0.7268,0.8584081530570984,0.0018529411764705885,1.9230769230769231,300,,,,,,,
,,,1.9230769230769231,300,0.7348244786262512,0.4729241877256318,109.7224,,,,
0.7126,1.4400187730789185,0.0017794117647058822,2.2435897435897436,350,,,,,,,
,,,2.2435897435897436,350,0.7049580216407776,0.5631768953068592,127.4387,,,,
0.6892,0.8243308067321777,0.0017058823529411764,2.564102564102564,400,,,,,,,
,,,2.564102564102564,400,0.6729122996330261,0.6209386281588448,145.5924,,,,
0.7054,0.6892896294593811,0.0016323529411764706,2.8846153846153846,450,,,,,,,
,,,2.8846153846153846,450,0.7229105830192566,0.592057761732852,163.9808,,,,
0.7048,2.0063204765319824,0.0015588235294117648,3.2051282051282053,500,,,,,,,
,,,3.2051282051282053,500,0.6452140212059021,0.6570397111913358,182.2586,,,,
0.686,1.7325761318206787,0.0014852941176470588,3.5256410256410255,550,,,,,,,
,,,3.5256410256410255,550,0.6645301580429077,0.6101083032490975,200.33,,,,
0.6455,1.2336868047714233,0.001411764705882353,3.8461538461538463,600,,,,,,,
,,,3.8461538461538463,600,0.5818809866905212,0.6895306859205776,218.4258,,,,
0.6237,2.1584579944610596,0.001338235294117647,4.166666666666667,650,,,,,,,
,,,4.166666666666667,650,0.5901143550872803,0.7256317689530686,236.8872,,,,
0.6223,3.631603479385376,0.0012647058823529412,4.487179487179487,700,,,,,,,
,,,4.487179487179487,700,0.5661988854408264,0.7003610108303249,254.9162,,,,
0.6273,3.0535531044006348,0.0011911764705882352,4.8076923076923075,750,,,,,,,
,,,4.8076923076923075,750,0.6027342677116394,0.7003610108303249,272.7851,,,,
0.567,2.8706657886505127,0.0011176470588235294,5.128205128205128,800,,,,,,,
,,,5.128205128205128,800,0.5872547030448914,0.7003610108303249,290.882,,,,
0.5686,2.2302098274230957,0.0010441176470588236,5.448717948717949,850,,,,,,,
,,,5.448717948717949,850,0.5487373471260071,0.7075812274368231,309.5553,,,,
0.5346,3.0728046894073486,0.0009705882352941176,5.769230769230769,900,,,,,,,
,,,5.769230769230769,900,0.6411051154136658,0.7184115523465704,327.7441,,,,
0.6209,1.3646944761276245,0.0008970588235294118,6.089743589743589,950,,,,,,,
,,,6.089743589743589,950,0.5598838329315186,0.6967509025270758,345.7085,,,,
0.5584,2.4481706619262695,0.0008235294117647058,6.410256410256411,1000,,,,,,,
,,,6.410256410256411,1000,0.5443536043167114,0.7075812274368231,363.7956,,,,
0.5293,1.8716812133789062,0.00075,6.730769230769231,1050,,,,,,,
,,,6.730769230769231,1050,0.5454087853431702,0.7148014440433214,382.4711,,,,
0.4958,1.6105155944824219,0.0006764705882352942,7.051282051282051,1100,,,,,,,
,,,7.051282051282051,1100,0.5353569984436035,0.7075812274368231,401.0856,,,,
0.4774,3.558847427368164,0.0006029411764705882,7.371794871794872,1150,,,,,,,
,,,7.371794871794872,1150,0.511188268661499,0.7581227436823105,419.7649,,,,
0.5245,4.167787075042725,0.0005294117647058824,7.6923076923076925,1200,,,,,,,
,,,7.6923076923076925,1200,0.5641033053398132,0.7220216606498195,437.6013,,,,
0.513,2.7739336490631104,0.00045588235294117646,8.012820512820513,1250,,,,,,,
,,,8.012820512820513,1250,0.4940965473651886,0.7653429602888087,455.8504,,,,
0.4549,2.60817813873291,0.00038235294117647055,8.333333333333334,1300,,,,,,,
,,,8.333333333333334,1300,0.5798020362854004,0.7220216606498195,473.8803,,,,
0.4753,1.6989809274673462,0.0003088235294117647,8.653846153846153,1350,,,,,,,
,,,8.653846153846153,1350,0.48198944330215454,0.7653429602888087,491.9248,,,,
0.4339,6.336061477661133,0.00023529411764705883,8.974358974358974,1400,,,,,,,
,,,8.974358974358974,1400,0.511105477809906,0.7436823104693141,509.7717,,,,
0.4552,2.7099640369415283,0.00016176470588235295,9.294871794871796,1450,,,,,,,
,,,9.294871794871796,1450,0.5056766271591187,0.7617328519855595,527.7392,,,,
0.4084,3.8992652893066406,8.823529411764706e-05,9.615384615384615,1500,,,,,,,
,,,9.615384615384615,1500,0.495390921831131,0.7689530685920578,546.0047,,,,
0.4611,2.978822708129883,1.4705882352941177e-05,9.935897435897436,1550,,,,,,,
,,,9.935897435897436,1550,0.5011047124862671,0.7689530685920578,564.6012,,,,
,,,10.0,1560,,,567.211,43.899,2.75,2112284555712000.0,0.6293811699518791
