loss,grad_norm,learning_rate,epoch,step,eval_loss,eval_accuracy,eval_f1,train_runtime,train_samples_per_second,train_steps_per_second,total_flos,train_loss
1.1838,4.497276306152344,1e-05,0.0625,1,,,,,,,,
1.0961,3.6170654296875,0.0001,0.625,10,,,,,,,,
,,,0.625,10,1.0429694652557373,0.4107142857142857,0.1940928270042194,4.9136,,,,
0.9453,4.050658226013184,0.0002,1.25,20,,,,,,,,
,,,1.25,20,0.9068446755409241,0.42857142857142855,0.21956970232832299,9.3845,,,,
0.8749,3.881330728530884,0.0003,1.875,30,,,,,,,,
,,,1.875,30,0.8784348368644714,0.6964285714285714,0.4872881355932203,13.7377,,,,
0.8285,5.9563446044921875,0.0004,2.5,40,,,,,,,,
,,,2.5,40,0.7327027320861816,0.6964285714285714,0.4872881355932203,18.0446,,,,
0.683,10.141275405883789,0.0005,3.125,50,,,,,,,,
,,,3.125,50,0.6964392066001892,0.6785714285714286,0.47478301665493783,22.4006,,,,
0.5741,9.129777908325195,0.00048148148148148144,3.75,60,,,,,,,,
,,,3.75,60,0.5549419522285461,0.7857142857142857,0.5490058479532164,26.9004,,,,
0.3086,7.987557888031006,0.000462962962962963,4.375,70,,,,,,,,
,,,4.375,70,0.5266841053962708,0.7857142857142857,0.5489642184557438,31.0858,,,,
0.2329,19.89076042175293,0.0004444444444444444,5.0,80,,,,,,,,
,,,5.0,80,0.401915580034256,0.8392857142857143,0.5866760497302369,35.4259,,,,
0.2016,18.598264694213867,0.00042592592592592595,5.625,90,,,,,,,,
,,,5.625,90,0.6101459860801697,0.8035714285714286,0.5603197674418604,40.2044,,,,
0.0855,3.9738807678222656,0.0004074074074074074,6.25,100,,,,,,,,
,,,6.25,100,0.5525742173194885,0.8392857142857143,0.771504731440757,44.4625,,,,
0.0625,0.5216426849365234,0.0003888888888888889,6.875,110,,,,,,,,
,,,6.875,110,0.6417220234870911,0.8928571428571429,0.8523500309214596,48.7587,,,,
0.0977,3.803882122039795,0.00037037037037037035,7.5,120,,,,,,,,
,,,7.5,120,0.6305640935897827,0.875,0.8785490295787778,52.7777,,,,
0.0247,2.5168402194976807,0.0003518518518518519,8.125,130,,,,,,,,
,,,8.125,130,0.7485405206680298,0.875,0.8533960292580983,57.3179,,,,
0.0475,2.4866034984588623,0.0003333333333333333,8.75,140,,,,,,,,
,,,8.75,140,0.6459847688674927,0.875,0.8387056471764117,62.1471,,,,
0.0255,1.108209252357483,0.0003148148148148148,9.375,150,,,,,,,,
,,,9.375,150,0.7109053730964661,0.8928571428571429,0.849744503862151,66.52,,,,
0.0268,0.00617799861356616,0.0002962962962962963,10.0,160,,,,,,,,
,,,10.0,160,0.4162493348121643,0.9107142857142857,0.9042579994960948,70.8411,,,,
0.0007,1.918042778968811,0.0002777777777777778,10.625,170,,,,,,,,
,,,10.625,170,0.460176020860672,0.8928571428571429,0.890993265993266,75.5727,,,,
0.0014,1.5003464221954346,0.00025925925925925926,11.25,180,,,,,,,,
,,,11.25,180,0.4668581485748291,0.8928571428571429,0.890993265993266,79.8601,,,,
0.0002,0.016350731253623962,0.00024074074074074072,11.875,190,,,,,,,,
,,,11.875,190,0.4727754592895508,0.9285714285714286,0.9472049689440993,84.5648,,,,
0.0002,0.001511789159849286,0.0002222222222222222,12.5,200,,,,,,,,
,,,12.5,200,0.49183130264282227,0.9107142857142857,0.9036924462456377,88.8394,,,,
0.0002,0.007496736943721771,0.0002037037037037037,13.125,210,,,,,,,,
,,,13.125,210,0.5349735617637634,0.8928571428571429,0.890993265993266,93.0927,,,,
0.0001,0.010350563563406467,0.00018518518518518518,13.75,220,,,,,,,,
,,,13.75,220,0.5510006546974182,0.8928571428571429,0.890993265993266,97.9117,,,,
0.0005,0.007631760090589523,0.00016666666666666666,14.375,230,,,,,,,,
,,,14.375,230,0.6810445785522461,0.9107142857142857,0.9042579994960948,102.5463,,,,
0.0001,0.017089443281292915,0.00014814814814814815,15.0,240,,,,,,,,
,,,15.0,240,0.6795350909233093,0.9107142857142857,0.9042579994960948,106.7385,,,,
0.0001,0.005512651521712542,0.00012962962962962963,15.625,250,,,,,,,,
,,,15.625,250,0.6507329344749451,0.9107142857142857,0.9042579994960948,111.1756,,,,
0.0,0.005323849618434906,0.0001111111111111111,16.25,260,,,,,,,,
,,,16.25,260,0.6299816370010376,0.9107142857142857,0.9042579994960948,115.7156,,,,
0.0001,0.0037170101422816515,9.259259259259259e-05,16.875,270,,,,,,,,
,,,16.875,270,0.6317700147628784,0.9107142857142857,0.9042579994960948,120.1694,,,,
0.0013,0.005861513316631317,7.407407407407407e-05,17.5,280,,,,,,,,
,,,17.5,280,0.6865701675415039,0.9107142857142857,0.9042579994960948,124.8646,,,,
0.0001,0.0010723157320171595,5.555555555555555e-05,18.125,290,,,,,,,,
,,,18.125,290,0.7290234565734863,0.9107142857142857,0.9042579994960948,129.1609,,,,
0.0,0.004196456633508205,3.7037037037037037e-05,18.75,300,,,,,,,,
,,,18.75,300,0.7210201025009155,0.9107142857142857,0.9042579994960948,133.8882,,,,
0.0001,0.0027647772803902626,1.8518518518518518e-05,19.375,310,,,,,,,,
,,,19.375,310,0.7174927592277527,0.9107142857142857,0.9042579994960948,137.9011,,,,
0.0001,0.0031727126333862543,0.0,20.0,320,,,,,,,,
,,,20.0,320,0.7154375314712524,0.9107142857142857,0.9042579994960948,142.4691,,,,
,,,20.0,320,,,,141.9058,35.235,2.255,450318457005120.0,0.19153253625026992
