loss,grad_norm,learning_rate,epoch,step,eval_loss,eval_accuracy,eval_f1,train_runtime,train_samples_per_second,train_steps_per_second,total_flos,train_loss
0.6715,3.035057783126831,3.5e-06,0.008695652173913044,1,,,,,,,,
0.6699,1.714303970336914,8.75e-05,0.21739130434782608,25,,,,,,,,
,,,0.21739130434782608,25,0.6288262009620667,0.6838235294117647,0.8122270742358079,11.2329,,,,
0.6394,0.41682636737823486,0.000175,0.43478260869565216,50,,,,,,,,
,,,0.43478260869565216,50,0.617058277130127,0.6838235294117647,0.8122270742358079,22.0416,,,,
0.5898,1.9940128326416016,0.0002625,0.6521739130434783,75,,,,,,,,
,,,0.6521739130434783,75,0.5631613731384277,0.7107843137254902,0.8201219512195123,32.9428,,,,
0.5481,1.0865410566329956,0.00035,0.8695652173913043,100,,,,,,,,
,,,0.8695652173913043,100,0.5413376092910767,0.7598039215686274,0.848297213622291,43.9174,,,,
0.5073,1.9042617082595825,0.0004375,1.0869565217391304,125,,,,,,,,
,,,1.0869565217391304,125,0.44058024883270264,0.8553921568627451,0.8966725043782837,54.8861,,,,
0.4827,2.882589340209961,0.000525,1.3043478260869565,150,,,,,,,,
,,,1.3043478260869565,150,0.4335189461708069,0.7867647058823529,0.827037773359841,65.6932,,,,
0.4432,4.3713154792785645,0.0006125,1.5217391304347827,175,,,,,,,,
,,,1.5217391304347827,175,0.458062082529068,0.8014705882352942,0.8656716417910448,76.5547,,,,
0.4416,1.9978972673416138,0.0007,1.7391304347826086,200,,,,,,,,
,,,1.7391304347826086,200,0.3320416510105133,0.8602941176470589,0.8991150442477877,87.615,,,,
0.4558,2.3363006114959717,0.0006815789473684211,1.9565217391304348,225,,,,,,,,
,,,1.9565217391304348,225,0.3070479929447174,0.8651960784313726,0.8998178506375228,98.4958,,,,
0.3611,1.0511914491653442,0.0006631578947368421,2.1739130434782608,250,,,,,,,,
,,,2.1739130434782608,250,0.3170239329338074,0.8602941176470589,0.8930581613508443,109.463,,,,
0.3065,1.1773178577423096,0.0006447368421052632,2.391304347826087,275,,,,,,,,
,,,2.391304347826087,275,0.308151513338089,0.8725490196078431,0.9081272084805654,120.1124,,,,
0.3239,3.2080817222595215,0.0006263157894736842,2.608695652173913,300,,,,,,,,
,,,2.608695652173913,300,0.5211097598075867,0.8602941176470589,0.9045226130653267,131.0804,,,,
0.4355,1.2146013975143433,0.0006078947368421053,2.8260869565217392,325,,,,,,,,
,,,2.8260869565217392,325,0.30844831466674805,0.8700980392156863,0.9071803852889667,142.1019,,,,
0.2936,0.907092273235321,0.0005894736842105263,3.0434782608695654,350,,,,,,,,
,,,3.0434782608695654,350,0.36851203441619873,0.8504901960784313,0.8988391376451078,152.8782,,,,
0.2689,1.0126652717590332,0.0005710526315789473,3.260869565217391,375,,,,,,,,
,,,3.260869565217391,375,0.45354992151260376,0.8553921568627451,0.9018302828618967,164.079,,,,
0.222,1.993841290473938,0.0005526315789473684,3.4782608695652173,400,,,,,,,,
,,,3.4782608695652173,400,0.4245185852050781,0.8578431372549019,0.9026845637583893,174.7546,,,,
0.254,2.13248348236084,0.0005342105263157895,3.6956521739130435,425,,,,,,,,
,,,3.6956521739130435,425,0.29182717204093933,0.8848039215686274,0.9173989455184535,186.0433,,,,
0.2453,3.863252878189087,0.0005157894736842105,3.9130434782608696,450,,,,,,,,
,,,3.9130434782608696,450,0.42712607979774475,0.8553921568627451,0.9024793388429753,196.9529,,,,
0.2128,0.784570574760437,0.0004973684210526315,4.130434782608695,475,,,,,,,,
,,,4.130434782608695,475,0.3878876864910126,0.8823529411764706,0.9180887372013652,207.6584,,,,
0.1893,1.5314854383468628,0.00047894736842105264,4.3478260869565215,500,,,,,,,,
,,,4.3478260869565215,500,0.3418947160243988,0.8700980392156863,0.9041591320072333,218.6796,,,,
0.1551,1.5616192817687988,0.00046052631578947373,4.565217391304348,525,,,,,,,,
,,,4.565217391304348,525,0.42668601870536804,0.8848039215686274,0.9188255613126081,229.8678,,,,
0.1476,2.71366024017334,0.0004421052631578947,4.782608695652174,550,,,,,,,,
,,,4.782608695652174,550,0.3800157904624939,0.8897058823529411,0.918918918918919,241.1369,,,,
0.1592,3.0836620330810547,0.0004236842105263158,5.0,575,,,,,,,,
,,,5.0,575,0.3680186867713928,0.8823529411764706,0.9178082191780821,252.0534,,,,
0.1036,0.5015640258789062,0.00040526315789473684,5.217391304347826,600,,,,,,,,
,,,5.217391304347826,600,0.41568273305892944,0.8946078431372549,0.9241622574955909,262.7892,,,,
0.099,2.0412614345550537,0.0003868421052631579,5.434782608695652,625,,,,,,,,
,,,5.434782608695652,625,0.3945368826389313,0.8921568627450981,0.9222614840989399,273.7702,,,,
0.0772,0.9252138733863831,0.0003684210526315789,5.6521739130434785,650,,,,,,,,
,,,5.6521739130434785,650,0.5477012395858765,0.8848039215686274,0.9188255613126081,284.5681,,,,
0.1208,0.7917532920837402,0.00035,5.869565217391305,675,,,,,,,,
,,,5.869565217391305,675,0.4664320945739746,0.8651960784313726,0.905982905982906,295.8373,,,,
0.0803,0.9013473987579346,0.00033157894736842103,6.086956521739131,700,,,,,,,,
,,,6.086956521739131,700,0.42001304030418396,0.8921568627450981,0.9225352112676057,306.7033,,,,
0.0527,0.7911129593849182,0.0003131578947368421,6.304347826086957,725,,,,,,,,
,,,6.304347826086957,725,0.46058374643325806,0.8921568627450981,0.9222614840989399,318.0012,,,,
0.0776,3.4563188552856445,0.00029473684210526316,6.521739130434782,750,,,,,,,,
,,,6.521739130434782,750,0.5083327293395996,0.8823529411764706,0.9157894736842105,328.9381,,,,
0.0634,2.21765398979187,0.0002763157894736842,6.739130434782608,775,,,,,,,,
,,,6.739130434782608,775,0.5024225115776062,0.8897058823529411,0.9211908931698775,339.7783,,,,
0.0599,2.2829580307006836,0.00025789473684210523,6.956521739130435,800,,,,,,,,
,,,6.956521739130435,800,0.49850592017173767,0.8774509803921569,0.9155405405405406,351.0355,,,,
0.028,0.027525583282113075,0.00023947368421052632,7.173913043478261,825,,,,,,,,
,,,7.173913043478261,825,0.6302242875099182,0.8799019607843137,0.9150779896013865,361.8602,,,,
0.0336,1.2075858116149902,0.00022105263157894735,7.391304347826087,850,,,,,,,,
,,,7.391304347826087,850,0.573243260383606,0.8897058823529411,0.9183303085299456,372.7646,,,,
0.0378,0.16584065556526184,0.00020263157894736842,7.608695652173913,875,,,,,,,,
,,,7.608695652173913,875,0.5662076473236084,0.8848039215686274,0.917975567190227,384.1099,,,,
0.037,0.06832330673933029,0.00018421052631578945,7.826086956521739,900,,,,,,,,
,,,7.826086956521739,900,0.5814111232757568,0.8872549019607843,0.9204152249134948,395.1402,,,,
0.0298,0.08310766518115997,0.00016578947368421052,8.043478260869565,925,,,,,,,,
,,,8.043478260869565,925,0.5250659584999084,0.8921568627450981,0.9219858156028369,406.5453,,,,
0.0136,0.01002987939864397,0.00014736842105263158,8.26086956521739,950,,,,,,,,
,,,8.26086956521739,950,0.5747048854827881,0.8921568627450981,0.9222614840989399,417.5657,,,,
0.0328,0.28844308853149414,0.00012894736842105261,8.478260869565217,975,,,,,,,,
,,,8.478260869565217,975,0.6031737327575684,0.8921568627450981,0.9217081850533807,428.8505,,,,
0.0291,0.04651059955358505,0.00011052631578947368,8.695652173913043,1000,,,,,,,,
,,,8.695652173913043,1000,0.5698192715644836,0.8946078431372549,0.9244288224956063,439.762,,,,
0.0098,0.024542186409235,9.210526315789473e-05,8.91304347826087,1025,,,,,,,,
,,,8.91304347826087,1025,0.5717172026634216,0.8823529411764706,0.9157894736842105,450.913,,,,
0.03,0.00921635515987873,7.368421052631579e-05,9.130434782608695,1050,,,,,,,,
,,,9.130434782608695,1050,0.5990159511566162,0.8897058823529411,0.9214659685863874,461.8502,,,,
0.0215,0.031084073707461357,5.526315789473684e-05,9.347826086956522,1075,,,,,,,,
,,,9.347826086956522,1075,0.5884155035018921,0.8823529411764706,0.915492957746479,472.9704,,,,
0.0249,2.0946853160858154,3.6842105263157895e-05,9.565217391304348,1100,,,,,,,,
,,,9.565217391304348,1100,0.6008522510528564,0.8848039215686274,0.9176882661996497,483.8514,,,,
0.0229,1.8870254755020142,1.8421052631578947e-05,9.782608695652174,1125,,,,,,,,
,,,9.782608695652174,1125,0.6007220149040222,0.8872549019607843,0.9195804195804195,494.771,,,,
0.0078,0.024683788418769836,0.0,10.0,1150,,,,,,,,
,,,10.0,1150,0.6077477335929871,0.8897058823529411,0.9214659685863874,505.8586,,,,
,,,10.0,1150,,,,505.481,72.565,2.275,1571657038862976.0,0.20533326378335123
