loss,grad_norm,learning_rate,epoch,step,eval_loss,eval_accuracy,eval_f1,train_runtime,train_samples_per_second,train_steps_per_second,total_flos,train_loss
0.6801,0.5727102756500244,2.5e-05,0.004347826086956522,1,,,,,,,,
0.6788,1.1570605039596558,0.000625,0.10869565217391304,25,,,,,,,,
,,,0.10869565217391304,25,0.6191315054893494,0.6838235294117647,0.8122270742358079,5.9687,,,,
0.6518,1.9462296962738037,0.00125,0.21739130434782608,50,,,,,,,,
,,,0.21739130434782608,50,0.6823833584785461,0.5980392156862745,0.6733067729083665,11.5466,,,,
0.6548,4.284177780151367,0.001875,0.32608695652173914,75,,,,,,,,
,,,0.32608695652173914,75,0.5994885563850403,0.6936274509803921,0.8068006182380216,17.1582,,,,
0.6719,0.7675188779830933,0.0025,0.43478260869565216,100,,,,,,,,
,,,0.43478260869565216,100,0.5776393413543701,0.696078431372549,0.8181818181818181,22.6843,,,,
0.7102,5.982885360717773,0.003125,0.5434782608695652,125,,,,,,,,
,,,0.5434782608695652,125,0.6429909467697144,0.6936274509803921,0.814264487369985,28.3327,,,,
0.6843,0.8082640171051025,0.00375,0.6521739130434783,150,,,,,,,,
,,,0.6521739130434783,150,0.7018139362335205,0.6838235294117647,0.8122270742358079,33.7858,,,,
0.6695,1.4535795450210571,0.004375,0.7608695652173914,175,,,,,,,,
,,,0.7608695652173914,175,0.6533823013305664,0.6838235294117647,0.8122270742358079,39.559,,,,
0.7544,1.6000508069992065,0.005,0.8695652173913043,200,,,,,,,,
,,,0.8695652173913043,200,0.6251869797706604,0.6838235294117647,0.8122270742358079,45.1417,,,,
0.6648,2.7063632011413574,0.0049404761904761904,0.9782608695652174,225,,,,,,,,
,,,0.9782608695652174,225,0.6532296538352966,0.6838235294117647,0.8122270742358079,50.7472,,,,
0.7129,2.973339080810547,0.004880952380952381,1.0869565217391304,250,,,,,,,,
,,,1.0869565217391304,250,0.6775122880935669,0.6838235294117647,0.8122270742358079,56.0784,,,,
0.6642,1.314398169517517,0.004821428571428572,1.1956521739130435,275,,,,,,,,
,,,1.1956521739130435,275,0.7048873901367188,0.6838235294117647,0.8122270742358079,61.6139,,,,
0.6832,0.8369938135147095,0.0047619047619047615,1.3043478260869565,300,,,,,,,,
,,,1.3043478260869565,300,0.6239539980888367,0.6838235294117647,0.8122270742358079,67.2557,,,,
0.7212,0.7915858030319214,0.004702380952380953,1.4130434782608696,325,,,,,,,,
,,,1.4130434782608696,325,0.6322372555732727,0.6838235294117647,0.8122270742358079,72.7382,,,,
0.7,1.3408135175704956,0.004642857142857143,1.5217391304347827,350,,,,,,,,
,,,1.5217391304347827,350,0.6649569272994995,0.6838235294117647,0.8122270742358079,78.351,,,,
0.6486,1.397840976715088,0.004583333333333333,1.6304347826086958,375,,,,,,,,
,,,1.6304347826086958,375,0.667759120464325,0.6838235294117647,0.8122270742358079,83.7672,,,,
0.7033,5.999499797821045,0.004523809523809524,1.7391304347826086,400,,,,,,,,
,,,1.7391304347826086,400,0.7065283060073853,0.3161764705882353,0.0,89.2838,,,,
0.7273,4.8411712646484375,0.004464285714285715,1.8478260869565217,425,,,,,,,,
,,,1.8478260869565217,425,0.6942130923271179,0.3161764705882353,0.0,94.9345,,,,
0.7635,4.151956081390381,0.004404761904761904,1.9565217391304348,450,,,,,,,,
,,,1.9565217391304348,450,0.6688314080238342,0.6838235294117647,0.8122270742358079,100.5959,,,,
0.7498,0.6345099210739136,0.004345238095238096,2.0652173913043477,475,,,,,,,,
,,,2.0652173913043477,475,0.6244562864303589,0.6838235294117647,0.8122270742358079,106.0656,,,,
0.742,1.8213133811950684,0.004285714285714286,2.1739130434782608,500,,,,,,,,
,,,2.1739130434782608,500,0.6252314448356628,0.6838235294117647,0.8122270742358079,111.5931,,,,
0.6486,1.830525517463684,0.004226190476190476,2.282608695652174,525,,,,,,,,
,,,2.282608695652174,525,0.646059513092041,0.6838235294117647,0.8122270742358079,117.5012,,,,
0.6541,1.7276124954223633,0.004166666666666667,2.391304347826087,550,,,,,,,,
,,,2.391304347826087,550,0.6360358595848083,0.6838235294117647,0.8122270742358079,123.0018,,,,
0.6617,2.0941524505615234,0.004107142857142857,2.5,575,,,,,,,,
,,,2.5,575,0.9766959547996521,0.6838235294117647,0.8122270742358079,128.5533,,,,
0.7249,1.9938722848892212,0.004047619047619048,2.608695652173913,600,,,,,,,,
,,,2.608695652173913,600,1.171613335609436,0.6838235294117647,0.8122270742358079,134.1116,,,,
0.7743,0.463295578956604,0.0039880952380952385,2.717391304347826,625,,,,,,,,
,,,2.717391304347826,625,0.6421464085578918,0.6838235294117647,0.8122270742358079,139.699,,,,
0.7077,2.504432201385498,0.003928571428571429,2.8260869565217392,650,,,,,,,,
,,,2.8260869565217392,650,0.6331878304481506,0.6838235294117647,0.8122270742358079,145.3947,,,,
0.653,2.6460564136505127,0.003869047619047619,2.9347826086956523,675,,,,,,,,
,,,2.9347826086956523,675,0.7369933724403381,0.6838235294117647,0.8122270742358079,150.9978,,,,
0.7121,0.6345189213752747,0.0038095238095238095,3.0434782608695654,700,,,,,,,,
,,,3.0434782608695654,700,0.7033826112747192,0.6838235294117647,0.8122270742358079,156.4438,,,,
0.6942,0.8769276738166809,0.00375,3.1521739130434785,725,,,,,,,,
,,,3.1521739130434785,725,0.6394802331924438,0.6838235294117647,0.8122270742358079,161.9815,,,,
0.678,3.903796911239624,0.0036904761904761906,3.260869565217391,750,,,,,,,,
,,,3.260869565217391,750,0.6836938261985779,0.6838235294117647,0.8122270742358079,167.578,,,,
0.6866,0.5265357494354248,0.003630952380952381,3.369565217391304,775,,,,,,,,
,,,3.369565217391304,775,0.6496626734733582,0.6838235294117647,0.8122270742358079,173.0888,,,,
0.6714,1.980501413345337,0.0035714285714285718,3.4782608695652173,800,,,,,,,,
,,,3.4782608695652173,800,0.637839674949646,0.6838235294117647,0.8122270742358079,178.6145,,,,
0.6607,1.0247704982757568,0.0035119047619047617,3.5869565217391304,825,,,,,,,,
,,,3.5869565217391304,825,0.6319618225097656,0.6838235294117647,0.8122270742358079,184.2801,,,,
0.669,1.9498279094696045,0.0034523809523809524,3.6956521739130435,850,,,,,,,,
,,,3.6956521739130435,850,0.6272166967391968,0.6838235294117647,0.8122270742358079,189.926,,,,
0.6517,1.5009208917617798,0.003392857142857143,3.8043478260869565,875,,,,,,,,
,,,3.8043478260869565,875,0.6249505877494812,0.6838235294117647,0.8122270742358079,195.5374,,,,
0.678,1.6794207096099854,0.003333333333333333,3.9130434782608696,900,,,,,,,,
,,,3.9130434782608696,900,0.6240852475166321,0.6838235294117647,0.8122270742358079,201.1468,,,,
0.7156,1.4271031618118286,0.003273809523809524,4.021739130434782,925,,,,,,,,
,,,4.021739130434782,925,0.6240842938423157,0.6838235294117647,0.8122270742358079,206.576,,,,
0.6436,0.4346748888492584,0.0032142857142857147,4.130434782608695,950,,,,,,,,
,,,4.130434782608695,950,0.6308116316795349,0.6838235294117647,0.8122270742358079,212.2966,,,,
0.6504,3.930203914642334,0.0031547619047619046,4.239130434782608,975,,,,,,,,
,,,4.239130434782608,975,0.7946550846099854,0.6838235294117647,0.8122270742358079,217.7424,,,,
0.6636,0.7382223010063171,0.0030952380952380953,4.3478260869565215,1000,,,,,,,,
,,,4.3478260869565215,1000,0.627339243888855,0.6838235294117647,0.8122270742358079,223.3713,,,,
0.6362,0.9223652482032776,0.0030357142857142857,4.456521739130435,1025,,,,,,,,
,,,4.456521739130435,1025,0.6299731731414795,0.6838235294117647,0.8122270742358079,229.3529,,,,
0.6673,2.6998329162597656,0.002976190476190476,4.565217391304348,1050,,,,,,,,
,,,4.565217391304348,1050,0.78774094581604,0.6838235294117647,0.8122270742358079,234.9484,,,,
0.7157,1.529954433441162,0.002916666666666667,4.673913043478261,1075,,,,,,,,
,,,4.673913043478261,1075,0.652096152305603,0.6838235294117647,0.8122270742358079,240.5006,,,,
0.6546,1.133018136024475,0.002857142857142857,4.782608695652174,1100,,,,,,,,
,,,4.782608695652174,1100,0.6661849021911621,0.6838235294117647,0.8122270742358079,246.0219,,,,
0.6986,4.511935710906982,0.002797619047619048,4.891304347826087,1125,,,,,,,,
,,,4.891304347826087,1125,0.6950889229774475,0.3161764705882353,0.0,251.7028,,,,
0.6573,2.6837167739868164,0.0027380952380952383,5.0,1150,,,,,,,,
,,,5.0,1150,0.6350187659263611,0.6838235294117647,0.8122270742358079,257.2492,,,,
0.6976,1.9205330610275269,0.0026785714285714286,5.108695652173913,1175,,,,,,,,
,,,5.108695652173913,1175,0.654863715171814,0.6838235294117647,0.8122270742358079,262.8088,,,,
0.653,3.387152671813965,0.0026190476190476194,5.217391304347826,1200,,,,,,,,
,,,5.217391304347826,1200,0.6433730721473694,0.6838235294117647,0.8122270742358079,268.3974,,,,
0.6909,0.42842423915863037,0.0025595238095238093,5.326086956521739,1225,,,,,,,,
,,,5.326086956521739,1225,0.6495456099510193,0.6838235294117647,0.8122270742358079,273.9944,,,,
0.6727,1.2346601486206055,0.0025,5.434782608695652,1250,,,,,,,,
,,,5.434782608695652,1250,0.6383833289146423,0.6838235294117647,0.8122270742358079,279.5496,,,,
0.6502,0.6322330832481384,0.0024404761904761904,5.543478260869565,1275,,,,,,,,
,,,5.543478260869565,1275,0.6618450880050659,0.6838235294117647,0.8122270742358079,285.0494,,,,
0.6347,1.9325698614120483,0.0023809523809523807,5.6521739130434785,1300,,,,,,,,
,,,5.6521739130434785,1300,0.6540515422821045,0.6838235294117647,0.8122270742358079,290.751,,,,
0.6416,1.5466234683990479,0.0023214285714285715,5.760869565217392,1325,,,,,,,,
,,,5.760869565217392,1325,0.6292000412940979,0.6838235294117647,0.8122270742358079,296.3625,,,,
0.617,0.548856794834137,0.002261904761904762,5.869565217391305,1350,,,,,,,,
,,,5.869565217391305,1350,0.6241772770881653,0.6838235294117647,0.8122270742358079,302.0822,,,,
0.6426,0.6488637924194336,0.002202380952380952,5.978260869565218,1375,,,,,,,,
,,,5.978260869565218,1375,0.6278826594352722,0.6838235294117647,0.8122270742358079,307.7455,,,,
0.6029,2.1551640033721924,0.002142857142857143,6.086956521739131,1400,,,,,,,,
,,,6.086956521739131,1400,0.6526036858558655,0.6838235294117647,0.8122270742358079,313.2173,,,,
0.6376,0.39330148696899414,0.0020833333333333333,6.195652173913044,1425,,,,,,,,
,,,6.195652173913044,1425,0.6421476602554321,0.6838235294117647,0.8122270742358079,318.9659,,,,
0.665,0.7196685671806335,0.002023809523809524,6.304347826086957,1450,,,,,,,,
,,,6.304347826086957,1450,0.6401680111885071,0.6838235294117647,0.8122270742358079,324.3581,,,,
0.6374,0.535314679145813,0.0019642857142857144,6.413043478260869,1475,,,,,,,,
,,,6.413043478260869,1475,0.6268272995948792,0.6838235294117647,0.8122270742358079,330.0074,,,,
0.6739,1.3928440809249878,0.0019047619047619048,6.521739130434782,1500,,,,,,,,
,,,6.521739130434782,1500,0.6606521606445312,0.6838235294117647,0.8122270742358079,335.4363,,,,
0.6424,1.4073381423950195,0.0018452380952380953,6.630434782608695,1525,,,,,,,,
,,,6.630434782608695,1525,0.6258914470672607,0.6838235294117647,0.8122270742358079,341.4002,,,,
0.6347,0.5000090003013611,0.0017857142857142859,6.739130434782608,1550,,,,,,,,
,,,6.739130434782608,1550,0.6286451816558838,0.6838235294117647,0.8122270742358079,346.83,,,,
0.6774,1.4008616209030151,0.0017261904761904762,6.8478260869565215,1575,,,,,,,,
,,,6.8478260869565215,1575,0.6374112963676453,0.6838235294117647,0.8122270742358079,352.324,,,,
0.6266,0.844308078289032,0.0016666666666666666,6.956521739130435,1600,,,,,,,,
,,,6.956521739130435,1600,0.6240770816802979,0.6838235294117647,0.8122270742358079,357.974,,,,
0.6836,1.407917857170105,0.0016071428571428573,7.065217391304348,1625,,,,,,,,
,,,7.065217391304348,1625,0.6366457343101501,0.6838235294117647,0.8122270742358079,363.3654,,,,
0.6354,0.6427695155143738,0.0015476190476190477,7.173913043478261,1650,,,,,,,,
,,,7.173913043478261,1650,0.629210889339447,0.6838235294117647,0.8122270742358079,368.9917,,,,
0.6216,0.4415542483329773,0.001488095238095238,7.282608695652174,1675,,,,,,,,
,,,7.282608695652174,1675,0.6243743300437927,0.6838235294117647,0.8122270742358079,374.4995,,,,
0.6404,0.5818616151809692,0.0014285714285714286,7.391304347826087,1700,,,,,,,,
,,,7.391304347826087,1700,0.6254667043685913,0.6838235294117647,0.8122270742358079,380.1914,,,,
0.6566,0.6528822183609009,0.0013690476190476191,7.5,1725,,,,,,,,
,,,7.5,1725,0.6453269720077515,0.6838235294117647,0.8122270742358079,385.7987,,,,
0.6526,0.362088143825531,0.0013095238095238097,7.608695652173913,1750,,,,,,,,
,,,7.608695652173913,1750,0.6325868368148804,0.6838235294117647,0.8122270742358079,391.359,,,,
0.6419,0.47212696075439453,0.00125,7.717391304347826,1775,,,,,,,,
,,,7.717391304347826,1775,0.6240345239639282,0.6838235294117647,0.8122270742358079,397.024,,,,
0.6515,0.8151047825813293,0.0011904761904761904,7.826086956521739,1800,,,,,,,,
,,,7.826086956521739,1800,0.624412477016449,0.6838235294117647,0.8122270742358079,402.5454,,,,
0.6287,0.37536191940307617,0.001130952380952381,7.934782608695652,1825,,,,,,,,
,,,7.934782608695652,1825,0.6276964545249939,0.6838235294117647,0.8122270742358079,408.3688,,,,
0.6168,0.659469723701477,0.0010714285714285715,8.043478260869565,1850,,,,,,,,
,,,8.043478260869565,1850,0.6241111159324646,0.6838235294117647,0.8122270742358079,413.7852,,,,
0.67,0.38118433952331543,0.001011904761904762,8.152173913043478,1875,,,,,,,,
,,,8.152173913043478,1875,0.6256877183914185,0.6838235294117647,0.8122270742358079,419.3178,,,,
0.6082,1.238499641418457,0.0009523809523809524,8.26086956521739,1900,,,,,,,,
,,,8.26086956521739,1900,0.6273308396339417,0.6838235294117647,0.8122270742358079,424.8958,,,,
0.6365,0.8704747557640076,0.0008928571428571429,8.369565217391305,1925,,,,,,,,
,,,8.369565217391305,1925,0.6258330345153809,0.6838235294117647,0.8122270742358079,430.4487,,,,
0.6509,0.8723708987236023,0.0008333333333333333,8.478260869565217,1950,,,,,,,,
,,,8.478260869565217,1950,0.6239884495735168,0.6838235294117647,0.8122270742358079,436.1223,,,,
0.6221,0.5674121975898743,0.0007738095238095238,8.58695652173913,1975,,,,,,,,
,,,8.58695652173913,1975,0.6239804029464722,0.6838235294117647,0.8122270742358079,441.5852,,,,
0.6448,0.5311514735221863,0.0007142857142857143,8.695652173913043,2000,,,,,,,,
,,,8.695652173913043,2000,0.6239712834358215,0.6838235294117647,0.8122270742358079,447.1629,,,,
0.6479,0.3353476822376251,0.0006547619047619048,8.804347826086957,2025,,,,,,,,
,,,8.804347826086957,2025,0.6259658932685852,0.6838235294117647,0.8122270742358079,452.9078,,,,
0.6044,0.9236400127410889,0.0005952380952380952,8.91304347826087,2050,,,,,,,,
,,,8.91304347826087,2050,0.6268032789230347,0.6838235294117647,0.8122270742358079,458.4683,,,,
0.6279,0.2727998197078705,0.0005357142857142857,9.021739130434783,2075,,,,,,,,
,,,9.021739130434783,2075,0.6239541172981262,0.6838235294117647,0.8122270742358079,463.9133,,,,
0.6271,1.113788366317749,0.0004761904761904762,9.130434782608695,2100,,,,,,,,
,,,9.130434782608695,2100,0.6240809559822083,0.6838235294117647,0.8122270742358079,469.375,,,,
0.6352,0.8304067254066467,0.00041666666666666664,9.23913043478261,2125,,,,,,,,
,,,9.23913043478261,2125,0.6250069737434387,0.6838235294117647,0.8122270742358079,475.0095,,,,
0.6087,0.6866386532783508,0.00035714285714285714,9.347826086956522,2150,,,,,,,,
,,,9.347826086956522,2150,0.6251094937324524,0.6838235294117647,0.8122270742358079,480.529,,,,
0.6379,0.5934165120124817,0.0002976190476190476,9.456521739130435,2175,,,,,,,,
,,,9.456521739130435,2175,0.6246578693389893,0.6838235294117647,0.8122270742358079,486.1676,,,,
0.6302,0.4515010714530945,0.0002380952380952381,9.565217391304348,2200,,,,,,,,
,,,9.565217391304348,2200,0.6239687204360962,0.6838235294117647,0.8122270742358079,491.709,,,,
0.6326,0.362399160861969,0.00017857142857142857,9.673913043478262,2225,,,,,,,,
,,,9.673913043478262,2225,0.6240026354789734,0.6838235294117647,0.8122270742358079,497.2632,,,,
0.6371,0.4042111039161682,0.00011904761904761905,9.782608695652174,2250,,,,,,,,
,,,9.782608695652174,2250,0.6240703463554382,0.6838235294117647,0.8122270742358079,502.9125,,,,
0.6436,0.46954140067100525,5.9523809523809524e-05,9.891304347826086,2275,,,,,,,,
,,,9.891304347826086,2275,0.6245284080505371,0.6838235294117647,0.8122270742358079,508.5014,,,,
0.6541,1.1219556331634521,0.0,10.0,2300,,,,,,,,
,,,10.0,2300,0.6243957281112671,0.6838235294117647,0.8122270742358079,514.1564,,,,
,,,10.0,2300,,,,513.7405,71.398,4.477,1460977291679136.0,0.6644791186633318
