loss,grad_norm,learning_rate,epoch,step,eval_loss,eval_accuracy,train_runtime,train_samples_per_second,train_steps_per_second,total_flos,train_loss
0.718,1.696732997894287,3.5e-06,0.00641025641025641,1,,,,,,,
0.7041,1.0565555095672607,8.75e-05,0.16025641025641027,25,,,,,,,
,,,0.16025641025641027,25,0.7032046318054199,0.4729241877256318,11.5282,,,,
0.7265,0.9967880249023438,0.000175,0.32051282051282054,50,,,,,,,
,,,0.32051282051282054,50,0.6914907693862915,0.5270758122743683,22.498,,,,
0.6938,0.837478518486023,0.0002625,0.4807692307692308,75,,,,,,,
,,,0.4807692307692308,75,0.7008314728736877,0.5270758122743683,34.9177,,,,
0.7048,2.776784896850586,0.00035,0.6410256410256411,100,,,,,,,
,,,0.6410256410256411,100,0.6977446675300598,0.4729241877256318,46.2762,,,,
0.7194,3.9116623401641846,0.0004375,0.8012820512820513,125,,,,,,,
,,,0.8012820512820513,125,0.7252668738365173,0.5270758122743683,58.4489,,,,
0.7039,1.8654561042785645,0.000525,0.9615384615384616,150,,,,,,,
,,,0.9615384615384616,150,0.6955747008323669,0.4729241877256318,69.7165,,,,
0.702,2.5099711418151855,0.0006125,1.1217948717948718,175,,,,,,,
,,,1.1217948717948718,175,0.691291868686676,0.5595667870036101,81.4191,,,,
0.6953,3.074396848678589,0.0007,1.282051282051282,200,,,,,,,
,,,1.282051282051282,200,0.6809366345405579,0.5740072202166066,93.1128,,,,
0.6896,0.8152827024459839,0.0006871323529411764,1.4423076923076923,225,,,,,,,
,,,1.4423076923076923,225,0.6952441930770874,0.49458483754512633,104.4902,,,,
0.6995,0.6250622272491455,0.0006742647058823529,1.6025641025641026,250,,,,,,,
,,,1.6025641025641026,250,0.6744944453239441,0.5848375451263538,116.0887,,,,
0.6966,1.3394347429275513,0.0006613970588235294,1.7628205128205128,275,,,,,,,
,,,1.7628205128205128,275,0.6744298934936523,0.5487364620938628,127.2476,,,,
0.6637,1.3365520238876343,0.0006485294117647059,1.9230769230769231,300,,,,,,,
,,,1.9230769230769231,300,0.685593843460083,0.5667870036101083,139.0422,,,,
0.6483,0.6707462668418884,0.0006356617647058823,2.0833333333333335,325,,,,,,,
,,,2.0833333333333335,325,0.6239204406738281,0.6606498194945848,150.2804,,,,
0.6103,1.7316170930862427,0.0006227941176470587,2.2435897435897436,350,,,,,,,
,,,2.2435897435897436,350,0.612181544303894,0.6750902527075813,161.5947,,,,
0.5875,0.9240463972091675,0.0006099264705882353,2.4038461538461537,375,,,,,,,
,,,2.4038461538461537,375,0.6719484925270081,0.6534296028880866,173.1183,,,,
0.6442,0.8479501008987427,0.0005970588235294117,2.564102564102564,400,,,,,,,
,,,2.564102564102564,400,0.5974658727645874,0.6859205776173285,184.6729,,,,
0.6188,0.7344573140144348,0.0005841911764705882,2.7243589743589745,425,,,,,,,
,,,2.7243589743589745,425,0.5793344378471375,0.6967509025270758,196.3386,,,,
0.6079,0.73396897315979,0.0005713235294117647,2.8846153846153846,450,,,,,,,
,,,2.8846153846153846,450,0.6769126057624817,0.6462093862815884,208.0228,,,,
0.5758,1.1607624292373657,0.0005584558823529412,3.0448717948717947,475,,,,,,,
,,,3.0448717948717947,475,0.6237338781356812,0.6859205776173285,219.4313,,,,
0.6245,1.1572322845458984,0.0005455882352941177,3.2051282051282053,500,,,,,,,
,,,3.2051282051282053,500,0.5911513566970825,0.6931407942238267,231.1051,,,,
0.5963,1.1255348920822144,0.0005327205882352941,3.3653846153846154,525,,,,,,,
,,,3.3653846153846154,525,0.5631276369094849,0.6967509025270758,243.2265,,,,
0.5616,1.842038631439209,0.0005198529411764706,3.5256410256410255,550,,,,,,,
,,,3.5256410256410255,550,0.5584052205085754,0.7184115523465704,254.3812,,,,
0.539,0.9287099838256836,0.0005069852941176471,3.685897435897436,575,,,,,,,
,,,3.685897435897436,575,0.5528376698493958,0.7256317689530686,265.53,,,,
0.5822,2.991619110107422,0.0004941176470588236,3.8461538461538463,600,,,,,,,
,,,3.8461538461538463,600,0.6358281373977661,0.7003610108303249,277.4019,,,,
0.5118,1.6433980464935303,0.00048125,4.006410256410256,625,,,,,,,
,,,4.006410256410256,625,0.6692018508911133,0.703971119133574,289.1611,,,,
0.4964,1.27077317237854,0.00046838235294117644,4.166666666666667,650,,,,,,,
,,,4.166666666666667,650,0.5692616701126099,0.703971119133574,300.9046,,,,
0.5291,1.6375330686569214,0.00045551470588235297,4.326923076923077,675,,,,,,,
,,,4.326923076923077,675,0.5752620697021484,0.7184115523465704,312.0222,,,,
0.4751,0.620566725730896,0.0004426470588235294,4.487179487179487,700,,,,,,,
,,,4.487179487179487,700,0.593743622303009,0.7256317689530686,323.8525,,,,
0.4744,1.1476547718048096,0.0004297794117647059,4.647435897435898,725,,,,,,,
,,,4.647435897435898,725,0.6317951083183289,0.7292418772563177,335.0839,,,,
0.5139,3.08132266998291,0.00041691176470588234,4.8076923076923075,750,,,,,,,
,,,4.8076923076923075,750,0.6123990416526794,0.7220216606498195,346.6625,,,,
0.508,2.18361234664917,0.00040404411764705876,4.967948717948718,775,,,,,,,
,,,4.967948717948718,775,0.6593295335769653,0.6967509025270758,357.9948,,,,
0.4731,1.1162062883377075,0.0003911764705882353,5.128205128205128,800,,,,,,,
,,,5.128205128205128,800,0.5591582655906677,0.7256317689530686,369.7268,,,,
0.4494,1.552436113357544,0.00037830882352941176,5.288461538461538,825,,,,,,,
,,,5.288461538461538,825,0.596300482749939,0.7184115523465704,381.2725,,,,
0.491,0.8810562491416931,0.00036544117647058824,5.448717948717949,850,,,,,,,
,,,5.448717948717949,850,0.5594010949134827,0.7292418772563177,393.2656,,,,
0.4672,1.898445725440979,0.0003525735294117647,5.608974358974359,875,,,,,,,
,,,5.608974358974359,875,0.5679019093513489,0.7111913357400722,405.0712,,,,
0.4376,2.5353517532348633,0.0003397058823529412,5.769230769230769,900,,,,,,,
,,,5.769230769230769,900,0.5992718935012817,0.7003610108303249,416.3735,,,,
0.5341,2.2048277854919434,0.00032683823529411766,5.92948717948718,925,,,,,,,
,,,5.92948717948718,925,0.5885718464851379,0.7148014440433214,427.7402,,,,
0.4964,0.491769939661026,0.00031397058823529414,6.089743589743589,950,,,,,,,
,,,6.089743589743589,950,0.5833802223205566,0.7220216606498195,439.1229,,,,
0.4291,0.7072805166244507,0.0003011029411764706,6.25,975,,,,,,,
,,,6.25,975,0.6542186737060547,0.7184115523465704,450.8432,,,,
0.5228,1.97646963596344,0.00028823529411764703,6.410256410256411,1000,,,,,,,
,,,6.410256410256411,1000,0.5886923670768738,0.7148014440433214,462.1092,,,,
0.4491,1.3517024517059326,0.0002753676470588235,6.57051282051282,1025,,,,,,,
,,,6.57051282051282,1025,0.6347724795341492,0.7111913357400722,474.1165,,,,
0.4678,0.6354951858520508,0.0002625,6.730769230769231,1050,,,,,,,
,,,6.730769230769231,1050,0.5752938985824585,0.7328519855595668,485.847,,,,
0.42,2.62644624710083,0.00024963235294117646,6.891025641025641,1075,,,,,,,
,,,6.891025641025641,1075,0.5970949530601501,0.7220216606498195,498.0666,,,,
0.3914,0.660637617111206,0.00023676470588235296,7.051282051282051,1100,,,,,,,
,,,7.051282051282051,1100,0.621217668056488,0.7292418772563177,509.3717,,,,
0.4509,1.5491317510604858,0.00022389705882352938,7.211538461538462,1125,,,,,,,
,,,7.211538461538462,1125,0.5784376859664917,0.7184115523465704,520.6711,,,,
0.3838,0.7406442165374756,0.00021102941176470586,7.371794871794872,1150,,,,,,,
,,,7.371794871794872,1150,0.6302797198295593,0.7220216606498195,533.0534,,,,
0.4396,1.380602478981018,0.00019816176470588236,7.532051282051282,1175,,,,,,,
,,,7.532051282051282,1175,0.6795430779457092,0.7256317689530686,544.3046,,,,
0.3817,1.1312541961669922,0.00018529411764705883,7.6923076923076925,1200,,,,,,,
,,,7.6923076923076925,1200,0.6552091240882874,0.7184115523465704,555.6556,,,,
0.4555,2.383516550064087,0.0001724264705882353,7.852564102564102,1225,,,,,,,
,,,7.852564102564102,1225,0.6042650938034058,0.7328519855595668,567.3677,,,,
0.4696,2.201855421066284,0.00015955882352941176,8.012820512820513,1250,,,,,,,
,,,8.012820512820513,1250,0.6257902383804321,0.7292418772563177,578.8886,,,,
0.4063,0.9015315175056458,0.00014669117647058823,8.173076923076923,1275,,,,,,,
,,,8.173076923076923,1275,0.6265667676925659,0.7184115523465704,590.58,,,,
0.425,0.6507853269577026,0.0001338235294117647,8.333333333333334,1300,,,,,,,
,,,8.333333333333334,1300,0.6127634644508362,0.7220216606498195,601.8114,,,,
0.3705,0.9470669031143188,0.00012095588235294117,8.493589743589745,1325,,,,,,,
,,,8.493589743589745,1325,0.6514711380004883,0.7220216606498195,613.7957,,,,
0.4048,0.6630215644836426,0.00010808823529411764,8.653846153846153,1350,,,,,,,
,,,8.653846153846153,1350,0.6412575244903564,0.7220216606498195,624.7898,,,,
0.3567,2.3224565982818604,9.52205882352941e-05,8.814102564102564,1375,,,,,,,
,,,8.814102564102564,1375,0.7142699956893921,0.7184115523465704,636.237,,,,
0.3948,1.4602441787719727,8.235294117647058e-05,8.974358974358974,1400,,,,,,,
,,,8.974358974358974,1400,0.6408652663230896,0.7292418772563177,647.5192,,,,
0.384,0.6772462725639343,6.948529411764706e-05,9.134615384615385,1425,,,,,,,
,,,9.134615384615385,1425,0.6452310681343079,0.7220216606498195,658.7583,,,,
0.4217,0.8333712220191956,5.661764705882353e-05,9.294871794871796,1450,,,,,,,
,,,9.294871794871796,1450,0.6397993564605713,0.7256317689530686,670.3151,,,,
0.3187,0.5733770132064819,4.375e-05,9.455128205128204,1475,,,,,,,
,,,9.455128205128204,1475,0.6623488664627075,0.7292418772563177,681.5512,,,,
0.3944,1.5095428228378296,3.0882352941176475e-05,9.615384615384615,1500,,,,,,,
,,,9.615384615384615,1500,0.6553173661231995,0.7292418772563177,693.5775,,,,
0.3756,1.623658537864685,1.801470588235294e-05,9.775641025641026,1525,,,,,,,
,,,9.775641025641026,1525,0.6420844197273254,0.7220216606498195,705.8198,,,,
0.4306,1.0009195804595947,5.147058823529411e-06,9.935897435897436,1550,,,,,,,
,,,9.935897435897436,1550,0.6347415447235107,0.7256317689530686,717.2699,,,,
,,,10.0,1560,,,720.2274,34.572,2.166,2222153861192640.0,0.5215709155186629
