loss,grad_norm,learning_rate,epoch,step,eval_loss,eval_accuracy,train_runtime,train_samples_per_second,train_steps_per_second,total_flos,train_loss
0.718,1.7189979553222656,3.5e-06,0.00641025641025641,1,,,,,,,
0.7039,1.471260905265808,8.75e-05,0.16025641025641027,25,,,,,,,
,,,0.16025641025641027,25,0.7047716379165649,0.4729241877256318,10.8066,,,,
0.7237,0.9622716307640076,0.000175,0.32051282051282054,50,,,,,,,
,,,0.32051282051282054,50,0.6933607459068298,0.5270758122743683,21.1159,,,,
0.7031,0.5715321898460388,0.0002625,0.4807692307692308,75,,,,,,,
,,,0.4807692307692308,75,0.6947875022888184,0.5270758122743683,32.6134,,,,
0.7026,2.5266480445861816,0.00035,0.6410256410256411,100,,,,,,,
,,,0.6410256410256411,100,0.6909863948822021,0.5848375451263538,43.1762,,,,
0.6895,3.9459409713745117,0.0004375,0.8012820512820513,125,,,,,,,
,,,0.8012820512820513,125,0.69622403383255,0.49458483754512633,54.5504,,,,
0.692,8.134434700012207,0.000525,0.9615384615384616,150,,,,,,,
,,,0.9615384615384616,150,0.6973009705543518,0.5595667870036101,65.1545,,,,
0.7091,4.875908374786377,0.0006125,1.1217948717948718,175,,,,,,,
,,,1.1217948717948718,175,0.7075968980789185,0.4693140794223827,76.1136,,,,
0.6927,4.739118576049805,0.0007,1.282051282051282,200,,,,,,,
,,,1.282051282051282,200,0.6611387133598328,0.6245487364620939,87.0604,,,,
0.6508,3.6161956787109375,0.0006871323529411764,1.4423076923076923,225,,,,,,,
,,,1.4423076923076923,225,0.6361756920814514,0.6498194945848376,97.6737,,,,
0.6732,2.742706537246704,0.0006742647058823529,1.6025641025641026,250,,,,,,,
,,,1.6025641025641026,250,0.6738789081573486,0.5379061371841155,108.5116,,,,
0.6789,5.5415730476379395,0.0006613970588235294,1.7628205128205128,275,,,,,,,
,,,1.7628205128205128,275,0.6262859106063843,0.6895306859205776,118.9906,,,,
0.6959,5.2189106941223145,0.0006485294117647059,1.9230769230769231,300,,,,,,,
,,,1.9230769230769231,300,0.6155657768249512,0.6714801444043321,130.1134,,,,
0.5858,11.260890007019043,0.0006356617647058823,2.0833333333333335,325,,,,,,,
,,,2.0833333333333335,325,0.5510918498039246,0.6895306859205776,140.6476,,,,
0.5859,6.176849365234375,0.0006227941176470587,2.2435897435897436,350,,,,,,,
,,,2.2435897435897436,350,0.5570448637008667,0.6931407942238267,151.2662,,,,
0.5784,10.313365936279297,0.0006099264705882353,2.4038461538461537,375,,,,,,,
,,,2.4038461538461537,375,0.5797415971755981,0.6931407942238267,161.994,,,,
0.5853,6.128376483917236,0.0005970588235294117,2.564102564102564,400,,,,,,,
,,,2.564102564102564,400,0.5719707608222961,0.6823104693140795,172.7872,,,,
0.5838,5.098258972167969,0.0005841911764705882,2.7243589743589745,425,,,,,,,
,,,2.7243589743589745,425,0.5595635771751404,0.6967509025270758,183.6508,,,,
0.58,5.258427143096924,0.0005713235294117647,2.8846153846153846,450,,,,,,,
,,,2.8846153846153846,450,0.5689109563827515,0.6931407942238267,194.5977,,,,
0.5353,18.924823760986328,0.0005584558823529412,3.0448717948717947,475,,,,,,,
,,,3.0448717948717947,475,0.679475724697113,0.6787003610108303,205.2616,,,,
0.6042,10.26353645324707,0.0005455882352941177,3.2051282051282053,500,,,,,,,
,,,3.2051282051282053,500,0.5432122945785522,0.703971119133574,216.1824,,,,
0.5527,7.075006484985352,0.0005327205882352941,3.3653846153846154,525,,,,,,,
,,,3.3653846153846154,525,0.569938600063324,0.7075812274368231,227.4279,,,,
0.548,17.385761260986328,0.0005198529411764706,3.5256410256410255,550,,,,,,,
,,,3.5256410256410255,550,0.5806514620780945,0.7184115523465704,237.7986,,,,
0.5175,7.709227561950684,0.0005069852941176471,3.685897435897436,575,,,,,,,
,,,3.685897435897436,575,0.5597657561302185,0.7220216606498195,248.2435,,,,
0.5231,13.60434341430664,0.0004941176470588236,3.8461538461538463,600,,,,,,,
,,,3.8461538461538463,600,0.6090909242630005,0.7003610108303249,259.3481,,,,
0.4446,21.21978187561035,0.00048125,4.006410256410256,625,,,,,,,
,,,4.006410256410256,625,0.6315324306488037,0.740072202166065,270.3341,,,,
0.4125,13.91904067993164,0.00046838235294117644,4.166666666666667,650,,,,,,,
,,,4.166666666666667,650,0.5933583974838257,0.7184115523465704,281.2345,,,,
0.45,25.70030975341797,0.00045551470588235297,4.326923076923077,675,,,,,,,
,,,4.326923076923077,675,0.6147508025169373,0.7292418772563177,291.6119,,,,
0.45,11.639137268066406,0.0004426470588235294,4.487179487179487,700,,,,,,,
,,,4.487179487179487,700,0.5980955362319946,0.7364620938628159,302.6499,,,,
0.4675,14.955597877502441,0.0004297794117647059,4.647435897435898,725,,,,,,,
,,,4.647435897435898,725,0.6517132520675659,0.6787003610108303,313.2491,,,,
0.47,21.33567237854004,0.00041691176470588234,4.8076923076923075,750,,,,,,,
,,,4.8076923076923075,750,0.6256363391876221,0.7111913357400722,324.0945,,,,
0.453,21.309080123901367,0.00040404411764705876,4.967948717948718,775,,,,,,,
,,,4.967948717948718,775,0.6941430568695068,0.6895306859205776,334.7314,,,,
0.4149,3.579930067062378,0.0003911764705882353,5.128205128205128,800,,,,,,,
,,,5.128205128205128,800,0.5477441549301147,0.7472924187725631,345.684,,,,
0.4244,14.530911445617676,0.00037830882352941176,5.288461538461538,825,,,,,,,
,,,5.288461538461538,825,0.6228823065757751,0.7328519855595668,356.5471,,,,
0.3647,8.649694442749023,0.00036544117647058824,5.448717948717949,850,,,,,,,
,,,5.448717948717949,850,0.6234955191612244,0.7509025270758123,367.7535,,,,
0.3505,19.704038619995117,0.0003525735294117647,5.608974358974359,875,,,,,,,
,,,5.608974358974359,875,0.633185625076294,0.7509025270758123,378.7868,,,,
0.3544,34.282081604003906,0.0003397058823529412,5.769230769230769,900,,,,,,,
,,,5.769230769230769,900,0.6498364806175232,0.7256317689530686,389.4211,,,,
0.4491,20.775117874145508,0.00032683823529411766,5.92948717948718,925,,,,,,,
,,,5.92948717948718,925,0.6210837364196777,0.703971119133574,400.0723,,,,
0.4081,6.705875873565674,0.00031397058823529414,6.089743589743589,950,,,,,,,
,,,6.089743589743589,950,0.6268467307090759,0.703971119133574,410.7671,,,,
0.3162,12.468230247497559,0.0003011029411764706,6.25,975,,,,,,,
,,,6.25,975,0.782319188117981,0.6967509025270758,421.7564,,,,
0.3463,42.37757873535156,0.00028823529411764703,6.410256410256411,1000,,,,,,,
,,,6.410256410256411,1000,0.7210447788238525,0.7328519855595668,432.2978,,,,
0.2763,90.63854217529297,0.0002753676470588235,6.57051282051282,1025,,,,,,,
,,,6.57051282051282,1025,0.7792686820030212,0.7328519855595668,443.4587,,,,
0.3716,22.115156173706055,0.0002625,6.730769230769231,1050,,,,,,,
,,,6.730769230769231,1050,0.6903451681137085,0.740072202166065,454.3659,,,,
0.3336,17.238033294677734,0.00024963235294117646,6.891025641025641,1075,,,,,,,
,,,6.891025641025641,1075,0.6351233124732971,0.7509025270758123,465.7847,,,,
0.285,5.128057479858398,0.00023676470588235296,7.051282051282051,1100,,,,,,,
,,,7.051282051282051,1100,0.6690384149551392,0.7509025270758123,476.4103,,,,
0.2927,17.453441619873047,0.00022389705882352938,7.211538461538462,1125,,,,,,,
,,,7.211538461538462,1125,0.6701551079750061,0.7436823104693141,486.9512,,,,
0.228,28.29075050354004,0.00021102941176470586,7.371794871794872,1150,,,,,,,
,,,7.371794871794872,1150,0.7837199568748474,0.7364620938628159,498.5166,,,,
0.2844,19.52210807800293,0.00019816176470588236,7.532051282051282,1175,,,,,,,
,,,7.532051282051282,1175,1.0562634468078613,0.7148014440433214,509.0239,,,,
0.2289,23.045509338378906,0.00018529411764705883,7.6923076923076925,1200,,,,,,,
,,,7.6923076923076925,1200,0.8292964696884155,0.7545126353790613,519.6943,,,,
0.3326,24.255956649780273,0.0001724264705882353,7.852564102564102,1225,,,,,,,
,,,7.852564102564102,1225,0.703950822353363,0.7617328519855595,530.6,,,,
0.2801,24.687044143676758,0.00015955882352941176,8.012820512820513,1250,,,,,,,
,,,8.012820512820513,1250,0.7657814025878906,0.7256317689530686,541.2908,,,,
0.2693,17.826839447021484,0.00014669117647058823,8.173076923076923,1275,,,,,,,
,,,8.173076923076923,1275,0.8545645475387573,0.7075812274368231,552.1915,,,,
0.2446,7.51701021194458,0.0001338235294117647,8.333333333333334,1300,,,,,,,
,,,8.333333333333334,1300,0.8100675344467163,0.7328519855595668,562.7794,,,,
0.2242,26.777130126953125,0.00012095588235294117,8.493589743589745,1325,,,,,,,
,,,8.493589743589745,1325,0.903408408164978,0.7256317689530686,573.9999,,,,
0.2429,32.53995132446289,0.00010808823529411764,8.653846153846153,1350,,,,,,,
,,,8.653846153846153,1350,0.8683850765228271,0.7581227436823105,584.3009,,,,
0.1834,22.06402587890625,9.52205882352941e-05,8.814102564102564,1375,,,,,,,
,,,8.814102564102564,1375,0.8914951086044312,0.7472924187725631,595.006,,,,
0.2589,37.964111328125,8.235294117647058e-05,8.974358974358974,1400,,,,,,,
,,,8.974358974358974,1400,0.8684189319610596,0.740072202166065,605.5897,,,,
0.2106,11.074189186096191,6.948529411764706e-05,9.134615384615385,1425,,,,,,,
,,,9.134615384615385,1425,0.8651509881019592,0.740072202166065,616.1911,,,,
0.2002,9.742385864257812,5.661764705882353e-05,9.294871794871796,1450,,,,,,,
,,,9.294871794871796,1450,0.8262863159179688,0.7509025270758123,627.0612,,,,
0.1639,2.166245937347412,4.375e-05,9.455128205128204,1475,,,,,,,
,,,9.455128205128204,1475,0.8865171670913696,0.7509025270758123,637.5796,,,,
0.2043,53.10122299194336,3.0882352941176475e-05,9.615384615384615,1500,,,,,,,
,,,9.615384615384615,1500,0.8620206713676453,0.7581227436823105,648.8544,,,,
0.1691,23.700122833251953,1.801470588235294e-05,9.775641025641026,1525,,,,,,,
,,,9.775641025641026,1525,0.9028990864753723,0.7653429602888087,660.0339,,,,
0.3003,34.77299880981445,5.147058823529411e-06,9.935897435897436,1550,,,,,,,
,,,9.935897435897436,1550,0.9029229879379272,0.7653429602888087,670.7398,,,,
,,,10.0,1560,,,673.5155,36.97,2.316,2108678347316160.0,0.43871893279063395
