loss,grad_norm,learning_rate,epoch,step,eval_loss,eval_accuracy,eval_f1,train_runtime,train_samples_per_second,train_steps_per_second,total_flos,train_loss
0.6859,0.8968190550804138,1.0000000000000001e-07,0.004347826086956522,1,,,,,,,,
0.7372,2.504951238632202,2.5e-06,0.10869565217391304,25,,,,,,,,
,,,0.10869565217391304,25,0.7266995906829834,0.3161764705882353,0.0,8.29,,,,
0.6997,1.9337379932403564,5e-06,0.21739130434782608,50,,,,,,,,
,,,0.21739130434782608,50,0.6773632168769836,0.6838235294117647,0.8122270742358079,16.0948,,,,
0.6517,5.490890979766846,7.500000000000001e-06,0.32608695652173914,75,,,,,,,,
,,,0.32608695652173914,75,0.6112872362136841,0.6838235294117647,0.8122270742358079,24.1137,,,,
0.6144,5.690864086151123,1e-05,0.43478260869565216,100,,,,,,,,
,,,0.43478260869565216,100,0.5685005784034729,0.6838235294117647,0.8122270742358079,31.9354,,,,
0.5274,5.5085649490356445,1.25e-05,0.5434782608695652,125,,,,,,,,
,,,0.5434782608695652,125,0.527174174785614,0.696078431372549,0.8171091445427728,39.9558,,,,
0.5019,8.548577308654785,1.5000000000000002e-05,0.6521739130434783,150,,,,,,,,
,,,0.6521739130434783,150,0.5352507829666138,0.7450980392156863,0.8414634146341464,47.7953,,,,
0.4889,20.35755729675293,1.7500000000000002e-05,0.7608695652173914,175,,,,,,,,
,,,0.7608695652173914,175,0.4488432705402374,0.7941176470588235,0.8631921824104234,55.9519,,,,
0.4677,11.009819030761719,2e-05,0.8695652173913043,200,,,,,,,,
,,,0.8695652173913043,200,0.48315417766571045,0.8382352941176471,0.8903654485049834,63.9212,,,,
0.5159,9.67829704284668,1.9761904761904763e-05,0.9782608695652174,225,,,,,,,,
,,,0.9782608695652174,225,0.4000820219516754,0.8382352941176471,0.8877551020408163,71.7706,,,,
0.3686,5.675379276275635,1.9523809523809524e-05,1.0869565217391304,250,,,,,,,,
,,,1.0869565217391304,250,0.37662261724472046,0.8627450980392157,0.899641577060932,79.4059,,,,
0.4496,10.588467597961426,1.928571428571429e-05,1.1956521739130435,275,,,,,,,,
,,,1.1956521739130435,275,0.3841898441314697,0.8382352941176471,0.8850174216027874,87.2469,,,,
0.4231,13.86994457244873,1.904761904761905e-05,1.3043478260869565,300,,,,,,,,
,,,1.3043478260869565,300,0.3912801444530487,0.8357843137254902,0.8873949579831933,95.168,,,,
0.3605,10.983902931213379,1.880952380952381e-05,1.4130434782608696,325,,,,,,,,
,,,1.4130434782608696,325,0.3734867572784424,0.8406862745098039,0.8761904761904761,103.0281,,,,
0.4108,31.498384475708008,1.8571428571428575e-05,1.5217391304347827,350,,,,,,,,
,,,1.5217391304347827,350,0.3855555057525635,0.8504901960784313,0.8960817717206134,110.9045,,,,
0.413,21.72545051574707,1.8333333333333333e-05,1.6304347826086958,375,,,,,,,,
,,,1.6304347826086958,375,0.33630919456481934,0.8676470588235294,0.9039145907473309,118.6808,,,,
0.2836,24.496431350708008,1.8095238095238097e-05,1.7391304347826086,400,,,,,,,,
,,,1.7391304347826086,400,0.36037811636924744,0.875,0.9116117850953207,126.5385,,,,
0.4108,41.72899627685547,1.785714285714286e-05,1.8478260869565217,425,,,,,,,,
,,,1.8478260869565217,425,0.3023888170719147,0.8774509803921569,0.9090909090909091,134.4991,,,,
0.403,15.109001159667969,1.761904761904762e-05,1.9565217391304348,450,,,,,,,,
,,,1.9565217391304348,450,0.3032468855381012,0.8700980392156863,0.9061946902654867,142.5694,,,,
0.2402,21.254657745361328,1.7380952380952384e-05,2.0652173913043477,475,,,,,,,,
,,,2.0652173913043477,475,0.4689001441001892,0.8578431372549019,0.9006849315068494,150.1582,,,,
0.2761,29.259862899780273,1.7142857142857142e-05,2.1739130434782608,500,,,,,,,,
,,,2.1739130434782608,500,0.38109099864959717,0.8431372549019608,0.8904109589041096,158.169,,,,
0.2639,15.879392623901367,1.6904761904761906e-05,2.282608695652174,525,,,,,,,,
,,,2.282608695652174,525,0.2858264446258545,0.8897058823529411,0.9168207024029574,172.0295,,,,
0.2335,29.761096954345703,1.6666666666666667e-05,2.391304347826087,550,,,,,,,,
,,,2.391304347826087,550,0.4083438217639923,0.8799019607843137,0.913884007029877,179.8732,,,,
0.2336,71.63490295410156,1.642857142857143e-05,2.5,575,,,,,,,,
,,,2.5,575,0.43129467964172363,0.8676470588235294,0.9081632653061223,187.8617,,,,
0.2575,18.902179718017578,1.6190476190476193e-05,2.608695652173913,600,,,,,,,,
,,,2.608695652173913,600,0.31347712874412537,0.8897058823529411,0.922279792746114,195.8552,,,,
0.2288,40.803104400634766,1.5952380952380954e-05,2.717391304347826,625,,,,,,,,
,,,2.717391304347826,625,0.4287243187427521,0.8700980392156863,0.9103214890016922,203.9125,,,,
0.3133,17.346290588378906,1.5714285714285715e-05,2.8260869565217392,650,,,,,,,,
,,,2.8260869565217392,650,0.3365453779697418,0.875,0.9071038251366121,211.9277,,,,
0.2583,7.958923816680908,1.5476190476190476e-05,2.9347826086956523,675,,,,,,,,
,,,2.9347826086956523,675,0.31192708015441895,0.8921568627450981,0.9233449477351917,219.9553,,,,
0.153,2.8846781253814697,1.523809523809524e-05,3.0434782608695654,700,,,,,,,,
,,,3.0434782608695654,700,0.49785998463630676,0.8848039215686274,0.9173989455184535,227.4859,,,,
0.2512,0.5112253427505493,1.5000000000000002e-05,3.1521739130434785,725,,,,,,,,
,,,3.1521739130434785,725,0.4651482105255127,0.8823529411764706,0.9130434782608696,235.3699,,,,
0.1922,2.303378105163574,1.4761904761904763e-05,3.260869565217391,750,,,,,,,,
,,,3.260869565217391,750,0.5304591655731201,0.8897058823529411,0.922279792746114,243.2419,,,,
0.1551,0.6715534925460815,1.4523809523809524e-05,3.369565217391304,775,,,,,,,,
,,,3.369565217391304,775,0.6806144118309021,0.8627450980392157,0.9063545150501673,250.9464,,,,
0.1575,110.66746520996094,1.4285714285714287e-05,3.4782608695652173,800,,,,,,,,
,,,3.4782608695652173,800,0.6536094546318054,0.8553921568627451,0.9018302828618967,258.8084,,,,
0.222,129.625732421875,1.4047619047619048e-05,3.5869565217391304,825,,,,,,,,
,,,3.5869565217391304,825,0.49635785818099976,0.8823529411764706,0.9117647058823529,266.7375,,,,
0.1876,8.3340425491333,1.3809523809523811e-05,3.6956521739130435,850,,,,,,,,
,,,3.6956521739130435,850,0.4600887596607208,0.8946078431372549,0.9225225225225226,274.7964,,,,
0.1459,26.000764846801758,1.3571428571428574e-05,3.8043478260869565,875,,,,,,,,
,,,3.8043478260869565,875,0.45526713132858276,0.9019607843137255,0.9293286219081272,282.7247,,,,
0.1732,64.34203338623047,1.3333333333333333e-05,3.9130434782608696,900,,,,,,,,
,,,3.9130434782608696,900,0.5380879640579224,0.8995098039215687,0.9266547406082289,290.7322,,,,
0.2422,0.3175261914730072,1.3095238095238096e-05,4.021739130434782,925,,,,,,,,
,,,4.021739130434782,925,0.4804139733314514,0.8995098039215687,0.9279437609841829,298.4562,,,,
0.0889,0.23853127658367157,1.2857142857142859e-05,4.130434782608695,950,,,,,,,,
,,,4.130434782608695,950,0.6333703994750977,0.8725490196078431,0.9112627986348123,306.3936,,,,
0.1545,4.836944103240967,1.261904761904762e-05,4.239130434782608,975,,,,,,,,
,,,4.239130434782608,975,0.5551444888114929,0.8848039215686274,0.917975567190227,314.172,,,,
0.1265,1.9772512912750244,1.2380952380952383e-05,4.3478260869565215,1000,,,,,,,,
,,,4.3478260869565215,1000,0.5077994465827942,0.8970588235294118,0.9249999999999999,321.9862,,,,
0.1025,9.571892738342285,1.2142857142857142e-05,4.456521739130435,1025,,,,,,,,
,,,4.456521739130435,1025,0.42981117963790894,0.9044117647058824,0.9289617486338798,344.1661,,,,
0.0846,0.07815529406070709,1.1904761904761905e-05,4.565217391304348,1050,,,,,,,,
,,,4.565217391304348,1050,0.4972902834415436,0.8970588235294118,0.9265734265734265,352.097,,,,
0.1377,0.8364452719688416,1.1666666666666668e-05,4.673913043478261,1075,,,,,,,,
,,,4.673913043478261,1075,0.5495443344116211,0.8946078431372549,0.9252173913043479,360.0261,,,,
0.1093,6.987264633178711,1.1428571428571429e-05,4.782608695652174,1100,,,,,,,,
,,,4.782608695652174,1100,0.541325569152832,0.8921568627450981,0.9228070175438596,368.0914,,,,
0.1237,5.529964923858643,1.1190476190476192e-05,4.891304347826087,1125,,,,,,,,
,,,4.891304347826087,1125,0.3716171085834503,0.9117647058823529,0.9354838709677419,376.1577,,,,
0.0971,0.03645932674407959,1.0952380952380955e-05,5.0,1150,,,,,,,,
,,,5.0,1150,0.5519710183143616,0.9068627450980392,0.9335664335664335,384.0732,,,,
0.0433,0.04625837132334709,1.0714285714285714e-05,5.108695652173913,1175,,,,,,,,
,,,5.108695652173913,1175,0.5443964004516602,0.9093137254901961,0.9347442680776014,391.9209,,,,
0.1272,100.72332000732422,1.0476190476190477e-05,5.217391304347826,1200,,,,,,,,
,,,5.217391304347826,1200,0.5091013312339783,0.9019607843137255,0.9305555555555555,399.874,,,,
0.0354,9.045167922973633,1.0238095238095238e-05,5.326086956521739,1225,,,,,,,,
,,,5.326086956521739,1225,0.553047776222229,0.9093137254901961,0.9345132743362833,407.7313,,,,
0.0697,25.63240623474121,1e-05,5.434782608695652,1250,,,,,,,,
,,,5.434782608695652,1250,0.5497573018074036,0.9044117647058824,0.9302325581395349,415.5703,,,,
0.0604,0.03133757412433624,9.761904761904762e-06,5.543478260869565,1275,,,,,,,,
,,,5.543478260869565,1275,0.6199086308479309,0.8872549019607843,0.9192982456140351,423.3593,,,,
0.0533,0.15675920248031616,9.523809523809525e-06,5.6521739130434785,1300,,,,,,,,
,,,5.6521739130434785,1300,0.6171891689300537,0.8921568627450981,0.9228070175438596,431.2513,,,,
0.0722,1.9306584596633911,9.285714285714288e-06,5.760869565217392,1325,,,,,,,,
,,,5.760869565217392,1325,0.5456278324127197,0.9068627450980392,0.9321428571428573,439.238,,,,
0.1046,20.63650894165039,9.047619047619049e-06,5.869565217391305,1350,,,,,,,,
,,,5.869565217391305,1350,0.5700156092643738,0.8970588235294118,0.9252669039145908,447.2589,,,,
0.0579,0.12452848255634308,8.80952380952381e-06,5.978260869565218,1375,,,,,,,,
,,,5.978260869565218,1375,0.5649791955947876,0.8946078431372549,0.9213893967093236,455.3417,,,,
0.0679,13.295865058898926,8.571428571428571e-06,6.086956521739131,1400,,,,,,,,
,,,6.086956521739131,1400,0.6187583208084106,0.8995098039215687,0.9294320137693632,463.101,,,,
0.0389,0.02988334372639656,8.333333333333334e-06,6.195652173913044,1425,,,,,,,,
,,,6.195652173913044,1425,0.5938878655433655,0.9044117647058824,0.9314586994727592,471.2548,,,,
0.0639,0.025893451645970345,8.095238095238097e-06,6.304347826086957,1450,,,,,,,,
,,,6.304347826086957,1450,0.6372302174568176,0.9019607843137255,0.93006993006993,478.9686,,,,
0.0561,0.07319949567317963,7.857142857142858e-06,6.413043478260869,1475,,,,,,,,
,,,6.413043478260869,1475,0.5744717121124268,0.9093137254901961,0.9347442680776014,486.862,,,,
0.0965,0.05534355714917183,7.61904761904762e-06,6.521739130434782,1500,,,,,,,,
,,,6.521739130434782,1500,0.548805296421051,0.9068627450980392,0.9321428571428573,494.6932,,,,
0.0724,36.46073532104492,7.380952380952382e-06,6.630434782608695,1525,,,,,,,,
,,,6.630434782608695,1525,0.5351611375808716,0.9019607843137255,0.93006993006993,508.5539,,,,
0.0531,0.1085379347205162,7.1428571428571436e-06,6.739130434782608,1550,,,,,,,,
,,,6.739130434782608,1550,0.5517818331718445,0.8995098039215687,0.927689594356261,516.2795,,,,
0.0242,1.9407395124435425,6.9047619047619055e-06,6.8478260869565215,1575,,,,,,,,
,,,6.8478260869565215,1575,0.6191962957382202,0.8970588235294118,0.9265734265734265,524.2098,,,,
0.0177,90.0376968383789,6.666666666666667e-06,6.956521739130435,1600,,,,,,,,
,,,6.956521739130435,1600,0.6470037698745728,0.9019607843137255,0.9298245614035087,532.2177,,,,
0.0191,2.9067294597625732,6.4285714285714295e-06,7.065217391304348,1625,,,,,,,,
,,,7.065217391304348,1625,0.6470767855644226,0.8995098039215687,0.927689594356261,540.0211,,,,
0.0233,0.012087451294064522,6.1904761904761914e-06,7.173913043478261,1650,,,,,,,,
,,,7.173913043478261,1650,0.6809495091438293,0.8946078431372549,0.9238938053097344,547.9289,,,,
0.0067,0.0183599591255188,5.9523809523809525e-06,7.282608695652174,1675,,,,,,,,
,,,7.282608695652174,1675,0.7251824736595154,0.8970588235294118,0.9270833333333334,555.793,,,,
0.0526,0.4845758080482483,5.7142857142857145e-06,7.391304347826087,1700,,,,,,,,
,,,7.391304347826087,1700,0.6842610836029053,0.9044117647058824,0.9309734513274337,563.8358,,,,
0.014,0.01300679612904787,5.476190476190477e-06,7.5,1725,,,,,,,,
,,,7.5,1725,0.6959272027015686,0.8995098039215687,0.9271758436944938,571.8351,,,,
0.0593,0.011543330736458302,5.2380952380952384e-06,7.608695652173913,1750,,,,,,,,
,,,7.608695652173913,1750,0.7382267117500305,0.8897058823529411,0.9217391304347826,579.7774,,,,
0.0407,110.9592514038086,5e-06,7.717391304347826,1775,,,,,,,,
,,,7.717391304347826,1775,0.6904793381690979,0.8946078431372549,0.924693520140105,587.7336,,,,
0.0278,0.21367359161376953,4.761904761904762e-06,7.826086956521739,1800,,,,,,,,
,,,7.826086956521739,1800,0.6665461659431458,0.8995098039215687,0.9271758436944938,595.4864,,,,
0.0006,0.0119361886754632,4.523809523809524e-06,7.934782608695652,1825,,,,,,,,
,,,7.934782608695652,1825,0.6990495324134827,0.9044117647058824,0.9314586994727592,603.6582,,,,
0.0303,0.013934030197560787,4.2857142857142855e-06,8.043478260869565,1850,,,,,,,,
,,,8.043478260869565,1850,0.715147078037262,0.9019607843137255,0.9298245614035087,611.3744,,,,
0.0022,0.010268913581967354,4.047619047619048e-06,8.152173913043478,1875,,,,,,,,
,,,8.152173913043478,1875,0.7450038194656372,0.9019607843137255,0.9298245614035087,619.2931,,,,
0.0206,0.009087733924388885,3.80952380952381e-06,8.26086956521739,1900,,,,,,,,
,,,8.26086956521739,1900,0.740777850151062,0.9019607843137255,0.9298245614035087,627.2383,,,,
0.0033,0.014370698481798172,3.5714285714285718e-06,8.369565217391305,1925,,,,,,,,
,,,8.369565217391305,1925,0.7407088875770569,0.9019607843137255,0.9298245614035087,635.2162,,,,
0.0006,0.009737592190504074,3.3333333333333333e-06,8.478260869565217,1950,,,,,,,,
,,,8.478260869565217,1950,0.753989040851593,0.9019607843137255,0.9298245614035087,643.2576,,,,
0.0015,0.007618221919983625,3.0952380952380957e-06,8.58695652173913,1975,,,,,,,,
,,,8.58695652173913,1975,0.7411572337150574,0.9044117647058824,0.9314586994727592,651.0799,,,,
0.0395,0.01336846873164177,2.8571428571428573e-06,8.695652173913043,2000,,,,,,,,
,,,8.695652173913043,2000,0.7576135396957397,0.9019607843137255,0.9298245614035087,658.9447,,,,
0.0009,0.009068161249160767,2.6190476190476192e-06,8.804347826086957,2025,,,,,,,,
,,,8.804347826086957,2025,0.7699247002601624,0.9019607843137255,0.9298245614035087,672.624,,,,
0.0019,0.011461176909506321,2.380952380952381e-06,8.91304347826087,2050,,,,,,,,
,,,8.91304347826087,2050,0.768464207649231,0.9019607843137255,0.9298245614035087,680.5905,,,,
0.0733,0.019755182787775993,2.1428571428571427e-06,9.021739130434783,2075,,,,,,,,
,,,9.021739130434783,2075,0.7348213195800781,0.8995098039215687,0.9279437609841829,688.336,,,,
0.0004,0.0093071348965168,1.904761904761905e-06,9.130434782608695,2100,,,,,,,,
,,,9.130434782608695,2100,0.7375667691230774,0.8995098039215687,0.9279437609841829,696.3135,,,,
0.022,0.010367732495069504,1.6666666666666667e-06,9.23913043478261,2125,,,,,,,,
,,,9.23913043478261,2125,0.76027911901474,0.9019607843137255,0.9298245614035087,704.2991,,,,
0.0085,0.009831924922764301,1.4285714285714286e-06,9.347826086956522,2150,,,,,,,,
,,,9.347826086956522,2150,0.7606239318847656,0.9019607843137255,0.9298245614035087,712.2158,,,,
0.0006,0.008209062740206718,1.1904761904761906e-06,9.456521739130435,2175,,,,,,,,
,,,9.456521739130435,2175,0.7403194308280945,0.8970588235294118,0.9257950530035336,720.2454,,,,
0.0011,0.048750776797533035,9.523809523809525e-07,9.565217391304348,2200,,,,,,,,
,,,9.565217391304348,2200,0.7462910413742065,0.8970588235294118,0.9257950530035336,728.135,,,,
0.0298,0.013259491883218288,7.142857142857143e-07,9.673913043478262,2225,,,,,,,,
,,,9.673913043478262,2225,0.7476886510848999,0.8970588235294118,0.9257950530035336,736.0137,,,,
0.0004,0.011988233774900436,4.7619047619047623e-07,9.782608695652174,2250,,,,,,,,
,,,9.782608695652174,2250,0.7504774928092957,0.8970588235294118,0.9257950530035336,743.861,,,,
0.0111,0.035143300890922546,2.3809523809523811e-07,9.891304347826086,2275,,,,,,,,
,,,9.891304347826086,2275,0.7505971193313599,0.8995098039215687,0.927689594356261,751.7599,,,,
0.0165,0.006381411105394363,0.0,10.0,2300,,,,,,,,
,,,10.0,2300,0.7509393095970154,0.8995098039215687,0.927689594356261,759.5759,,,,
,,,10.0,2300,,,,759.0746,48.322,3.03,1441090083533520.0,0.16912201989604078
