loss,grad_norm,learning_rate,epoch,step,eval_loss,eval_accuracy,eval_f1,train_runtime,train_samples_per_second,train_steps_per_second,total_flos,train_loss
1.0935,3.448720693588257,1e-05,0.0625,1,,,,,,,,
0.9832,3.949045181274414,0.0001,0.625,10,,,,,,,,
,,,0.625,10,0.8703054189682007,0.6964285714285714,0.4872881355932203,6.0513,,,,
0.8618,4.108856678009033,0.0002,1.25,20,,,,,,,,
,,,1.25,20,0.9092196822166443,0.6071428571428571,0.377247273798998,11.9125,,,,
0.8369,3.4538702964782715,0.0003,1.875,30,,,,,,,,
,,,1.875,30,0.8921303749084473,0.6785714285714286,0.472141472868217,17.5756,,,,
0.8793,1.4340252876281738,0.0004,2.5,40,,,,,,,,
,,,2.5,40,0.9591922760009766,0.4107142857142857,0.1940928270042194,23.1569,,,,
0.9437,2.3901312351226807,0.0005,3.125,50,,,,,,,,
,,,3.125,50,0.9488080143928528,0.5,0.2222222222222222,28.8186,,,,
0.9498,0.9225422739982605,0.00048148148148148144,3.75,60,,,,,,,,
,,,3.75,60,0.9512725472450256,0.5,0.2222222222222222,34.6095,,,,
0.9602,2.0502912998199463,0.000462962962962963,4.375,70,,,,,,,,
,,,4.375,70,0.9504286050796509,0.4107142857142857,0.1940928270042194,40.0524,,,,
0.9096,2.794874429702759,0.0004444444444444444,5.0,80,,,,,,,,
,,,5.0,80,0.9777148962020874,0.4107142857142857,0.1940928270042194,45.7153,,,,
0.8879,1.78862464427948,0.00042592592592592595,5.625,90,,,,,,,,
,,,5.625,90,0.9945148825645447,0.4107142857142857,0.1940928270042194,51.8462,,,,
0.9804,1.864726185798645,0.0004074074074074074,6.25,100,,,,,,,,
,,,6.25,100,0.9555009007453918,0.5,0.2222222222222222,57.3296,,,,
0.8921,0.9702385663986206,0.0003888888888888889,6.875,110,,,,,,,,
,,,6.875,110,0.9905270934104919,0.4107142857142857,0.1940928270042194,62.9289,,,,
0.9866,3.054858684539795,0.00037037037037037035,7.5,120,,,,,,,,
,,,7.5,120,0.9586291313171387,0.5,0.2222222222222222,68.0878,,,,
0.8931,0.9782277345657349,0.0003518518518518519,8.125,130,,,,,,,,
,,,8.125,130,0.9478495717048645,0.5,0.2222222222222222,73.9918,,,,
0.9089,4.3430585861206055,0.0003333333333333333,8.75,140,,,,,,,,
,,,8.75,140,1.0336703062057495,0.4107142857142857,0.1940928270042194,80.2042,,,,
0.9654,2.9351086616516113,0.0003148148148148148,9.375,150,,,,,,,,
,,,9.375,150,0.9531880617141724,0.5,0.2222222222222222,85.8968,,,,
0.8875,2.15085768699646,0.0002962962962962963,10.0,160,,,,,,,,
,,,10.0,160,0.9329859614372253,0.5,0.2222222222222222,91.5349,,,,
0.8405,0.7975335121154785,0.0002777777777777778,10.625,170,,,,,,,,
,,,10.625,170,0.9724254608154297,0.4107142857142857,0.1940928270042194,97.6481,,,,
1.0067,1.7774887084960938,0.00025925925925925926,11.25,180,,,,,,,,
,,,11.25,180,0.9284458756446838,0.5,0.2222222222222222,103.2202,,,,
0.8745,0.7993302941322327,0.00024074074074074072,11.875,190,,,,,,,,
,,,11.875,190,0.9534745812416077,0.4107142857142857,0.1940928270042194,109.3008,,,,
0.8988,4.3662638664245605,0.0002222222222222222,12.5,200,,,,,,,,
,,,12.5,200,0.9573830366134644,0.4107142857142857,0.1940928270042194,114.8076,,,,
0.8809,1.141717553138733,0.0002037037037037037,13.125,210,,,,,,,,
,,,13.125,210,0.9509314298629761,0.4107142857142857,0.1940928270042194,120.3366,,,,
0.9119,2.306396245956421,0.00018518518518518518,13.75,220,,,,,,,,
,,,13.75,220,0.9617609977722168,0.4107142857142857,0.1940928270042194,126.5291,,,,
0.8916,1.6523308753967285,0.00016666666666666666,14.375,230,,,,,,,,
,,,14.375,230,0.9358027577400208,0.5,0.2222222222222222,132.5184,,,,
0.9723,1.983075737953186,0.00014814814814814815,15.0,240,,,,,,,,
,,,15.0,240,0.9510535597801208,0.4107142857142857,0.1940928270042194,137.9665,,,,
0.8864,1.5633288621902466,0.00012962962962962963,15.625,250,,,,,,,,
,,,15.625,250,0.9507725834846497,0.4107142857142857,0.1940928270042194,143.6778,,,,
0.896,1.0034738779067993,0.0001111111111111111,16.25,260,,,,,,,,
,,,16.25,260,0.9365299344062805,0.5,0.2222222222222222,149.5347,,,,
0.8594,2.8138203620910645,9.259259259259259e-05,16.875,270,,,,,,,,
,,,16.875,270,0.9386960864067078,0.5,0.2222222222222222,155.3575,,,,
0.9443,1.556784749031067,7.407407407407407e-05,17.5,280,,,,,,,,
,,,17.5,280,0.94499671459198,0.4107142857142857,0.1940928270042194,161.3495,,,,
0.8649,1.8991107940673828,5.555555555555555e-05,18.125,290,,,,,,,,
,,,18.125,290,0.9392404556274414,0.4107142857142857,0.1940928270042194,166.9775,,,,
0.9083,0.9571852684020996,3.7037037037037037e-05,18.75,300,,,,,,,,
,,,18.75,300,0.9407989382743835,0.4107142857142857,0.1940928270042194,173.0741,,,,
0.9154,1.329225778579712,1.8518518518518518e-05,19.375,310,,,,,,,,
,,,19.375,310,0.9354814291000366,0.4107142857142857,0.1940928270042194,178.3017,,,,
0.8853,4.0922770500183105,0.0,20.0,320,,,,,,,,
,,,20.0,320,0.9357833862304688,0.4107142857142857,0.1940928270042194,184.2285,,,,
,,,20.0,320,,,,183.7521,27.211,1.741,446840583950880.0,0.9116978075355291
