loss,grad_norm,learning_rate,epoch,step,eval_loss,eval_accuracy,eval_f1,train_runtime,train_samples_per_second,train_steps_per_second,total_flos,train_loss
0.6737,0.6874945163726807,2.5e-06,0.0,1,,,,,,,,
0.7079,0.9585791826248169,6.25e-05,0.11,25,,,,,,,,
,,,0.11,25,0.6582050919532776,0.6838235294117647,0.8122270742358079,6.5297,,,,
0.6618,0.8619256615638733,0.000125,0.22,50,,,,,,,,
,,,0.22,50,0.6254218220710754,0.6838235294117647,0.8122270742358079,12.7192,,,,
0.6399,0.9710482954978943,0.0001875,0.33,75,,,,,,,,
,,,0.33,75,0.618682324886322,0.6838235294117647,0.8122270742358079,19.0602,,,,
0.6284,3.9292962551116943,0.00025,0.43,100,,,,,,,,
,,,0.43,100,0.6498193144798279,0.6838235294117647,0.8122270742358079,25.3713,,,,
0.5769,0.8054096698760986,0.0003125,0.54,125,,,,,,,,
,,,0.54,125,0.6465424299240112,0.6985294117647058,0.8177777777777778,31.5745,,,,
0.5742,4.874808311462402,0.000375,0.65,150,,,,,,,,
,,,0.65,150,0.5197452306747437,0.7573529411764706,0.8278260869565217,37.6646,,,,
0.5798,2.143947124481201,0.0004375,0.76,175,,,,,,,,
,,,0.76,175,0.4947948753833771,0.7524509803921569,0.8414442700156985,43.8562,,,,
0.5419,3.2683491706848145,0.0005,0.87,200,,,,,,,,
,,,0.87,200,0.47536954283714294,0.7450980392156863,0.8385093167701864,49.9682,,,,
0.5411,2.149868965148926,0.0004940476190476191,0.98,225,,,,,,,,
,,,0.98,225,0.47282281517982483,0.7990196078431373,0.8435114503816794,55.9481,,,,
0.4755,1.7875672578811646,0.0004880952380952381,1.09,250,,,,,,,,
,,,1.09,250,0.49538537859916687,0.7941176470588235,0.8670886075949368,61.8796,,,,
0.4881,2.0018179416656494,0.00048214285714285715,1.2,275,,,,,,,,
,,,1.2,275,0.40725257992744446,0.8186274509803921,0.8758389261744967,67.8957,,,,
0.4403,3.3868446350097656,0.0004761904761904762,1.3,300,,,,,,,,
,,,1.3,300,0.394173800945282,0.8308823529411765,0.8795811518324608,73.9202,,,,
0.4655,3.905996322631836,0.00047023809523809523,1.41,325,,,,,,,,
,,,1.41,325,0.3465389311313629,0.8382352941176471,0.88,79.8187,,,,
0.4306,6.160769462585449,0.00046428571428571433,1.52,350,,,,,,,,
,,,1.52,350,0.3695327639579773,0.8137254901960784,0.8694158075601375,85.8594,,,,
0.4018,2.4699273109436035,0.0004583333333333333,1.63,375,,,,,,,,
,,,1.63,375,0.3527239263057709,0.8504901960784313,0.8967851099830796,91.7404,,,,
0.3306,2.7249929904937744,0.00045238095238095237,1.74,400,,,,,,,,
,,,1.74,400,0.44198739528656006,0.8578431372549019,0.8989547038327526,97.7824,,,,
0.4419,3.1583902835845947,0.00044642857142857147,1.85,425,,,,,,,,
,,,1.85,425,0.3504318594932556,0.8553921568627451,0.8987993138936535,103.87,,,,
0.4119,2.593350887298584,0.00044047619047619046,1.96,450,,,,,,,,
,,,1.96,450,0.3862684667110443,0.8529411764705882,0.8928571428571429,110.1367,,,,
0.3149,0.9805818200111389,0.00043452380952380956,2.07,475,,,,,,,,
,,,2.07,475,0.3832845091819763,0.8455882352941176,0.8948247078464107,116.0406,,,,
0.3736,1.1034291982650757,0.00042857142857142855,2.17,500,,,,,,,,
,,,2.17,500,0.3164251446723938,0.8700980392156863,0.9034608378870674,122.1947,,,,
0.324,4.430286407470703,0.00042261904761904765,2.28,525,,,,,,,,
,,,2.28,525,0.3092312514781952,0.8651960784313726,0.9012567324955117,128.3862,,,,
0.2795,2.2199697494506836,0.0004166666666666667,2.39,550,,,,,,,,
,,,2.39,550,0.3500705659389496,0.8406862745098039,0.8881239242685025,134.4725,,,,
0.3013,3.2163684368133545,0.0004107142857142857,2.5,575,,,,,,,,
,,,2.5,575,0.3132438063621521,0.8725490196078431,0.9078014184397164,140.5128,,,,
0.2597,6.243285179138184,0.0004047619047619048,2.61,600,,,,,,,,
,,,2.61,600,0.41606512665748596,0.8676470588235294,0.9075342465753423,146.5866,,,,
0.2996,5.025451183319092,0.00039880952380952383,2.72,625,,,,,,,,
,,,2.72,625,0.5289597511291504,0.8235294117647058,0.883495145631068,152.6598,,,,
0.3838,5.8947577476501465,0.0003928571428571429,2.83,650,,,,,,,,
,,,2.83,650,0.3490685224533081,0.8700980392156863,0.9084628670120898,158.7734,,,,
0.3085,2.46688175201416,0.0003869047619047619,2.93,675,,,,,,,,
,,,2.93,675,0.31660357117652893,0.8553921568627451,0.8984509466437176,164.8199,,,,
0.254,2.539039134979248,0.00038095238095238096,3.04,700,,,,,,,,
,,,3.04,700,0.4000051021575928,0.8602941176470589,0.9025641025641027,170.6872,,,,
0.2786,2.5519449710845947,0.000375,3.15,725,,,,,,,,
,,,3.15,725,0.4031022787094116,0.8529411764705882,0.9006622516556292,176.6876,,,,
0.2805,2.7145745754241943,0.00036904761904761905,3.26,750,,,,,,,,
,,,3.26,750,0.4728122055530548,0.8578431372549019,0.9042904290429044,182.8005,,,,
0.2244,2.105877637863159,0.0003630952380952381,3.37,775,,,,,,,,
,,,3.37,775,0.39423930644989014,0.8578431372549019,0.901023890784983,188.7138,,,,
0.2437,2.724064588546753,0.00035714285714285714,3.48,800,,,,,,,,
,,,3.48,800,0.4155058264732361,0.8504901960784313,0.896434634974533,194.8108,,,,
0.2573,5.90130615234375,0.0003511904761904762,3.59,825,,,,,,,,
,,,3.59,825,0.3878069818019867,0.8774509803921569,0.9128919860627178,200.8782,,,,
0.2839,6.137085437774658,0.00034523809523809523,3.7,850,,,,,,,,
,,,3.7,850,0.3608737885951996,0.8676470588235294,0.9075342465753423,207.0966,,,,
0.2003,8.202473640441895,0.00033928571428571433,3.8,875,,,,,,,,
,,,3.8,875,0.43495485186576843,0.8676470588235294,0.9072164948453608,213.1577,,,,
0.2877,2.8714449405670166,0.0003333333333333333,3.91,900,,,,,,,,
,,,3.91,900,0.36085981130599976,0.8553921568627451,0.8984509466437176,219.3066,,,,
0.22,10.756556510925293,0.00032738095238095237,4.02,925,,,,,,,,
,,,4.02,925,0.5302910804748535,0.8676470588235294,0.9081632653061223,225.2111,,,,
0.1538,0.26020732522010803,0.00032142857142857147,4.13,950,,,,,,,,
,,,4.13,950,0.46121829748153687,0.8774509803921569,0.9140893470790378,231.3555,,,,
0.2585,3.015141010284424,0.00031547619047619046,4.24,975,,,,,,,,
,,,4.24,975,0.42046138644218445,0.8725490196078431,0.9121621621621623,237.272,,,,
0.2526,2.8786849975585938,0.00030952380952380956,4.35,1000,,,,,,,,
,,,4.35,1000,0.3740253150463104,0.8627450980392157,0.9050847457627118,243.4175,,,,
0.2246,4.705376625061035,0.00030357142857142855,4.46,1025,,,,,,,,
,,,4.46,1025,0.36967381834983826,0.875,0.9109947643979057,249.7577,,,,
0.1605,1.5505865812301636,0.00029761904761904765,4.57,1050,,,,,,,,
,,,4.57,1050,0.36502015590667725,0.8872549019607843,0.9192982456140351,255.8957,,,,
0.1459,1.502044439315796,0.0002916666666666667,4.67,1075,,,,,,,,
,,,4.67,1075,0.4164167046546936,0.8823529411764706,0.9145907473309609,261.8984,,,,
0.1728,6.16914701461792,0.0002857142857142857,4.78,1100,,,,,,,,
,,,4.78,1100,0.47870293259620667,0.8774509803921569,0.9119718309859154,267.9988,,,,
0.1768,1.3905702829360962,0.0002797619047619048,4.89,1125,,,,,,,,
,,,4.89,1125,0.4508717954158783,0.8823529411764706,0.9151943462897526,274.0367,,,,
0.2393,0.09670741111040115,0.0002738095238095238,5.0,1150,,,,,,,,
,,,5.0,1150,0.4003399908542633,0.8848039215686274,0.9173989455184535,280.1264,,,,
0.1099,0.3516831696033478,0.00026785714285714287,5.11,1175,,,,,,,,
,,,5.11,1175,0.4963874816894531,0.8823529411764706,0.9172413793103448,286.0988,,,,
0.1675,11.150455474853516,0.0002619047619047619,5.22,1200,,,,,,,,
,,,5.22,1200,0.5713810920715332,0.8504901960784313,0.897822445561139,292.2113,,,,
0.1748,8.88741397857666,0.00025595238095238096,5.33,1225,,,,,,,,
,,,5.33,1225,0.48188164830207825,0.8774509803921569,0.9143835616438356,298.2634,,,,
0.208,6.315609455108643,0.00025,5.43,1250,,,,,,,,
,,,5.43,1250,0.49452492594718933,0.8725490196078431,0.9087719298245615,304.2694,,,,
0.1614,6.2198357582092285,0.00024404761904761905,5.54,1275,,,,,,,,
,,,5.54,1275,0.4450936019420624,0.875,0.906764168190128,310.2598,,,,
0.1453,3.7073023319244385,0.0002380952380952381,5.65,1300,,,,,,,,
,,,5.65,1300,0.4327932298183441,0.8848039215686274,0.9162210338680927,316.3416,,,,
0.1606,2.0482120513916016,0.00023214285714285717,5.76,1325,,,,,,,,
,,,5.76,1325,0.4717182517051697,0.8725490196078431,0.9103448275862069,322.4667,,,,
0.188,3.349874258041382,0.00022619047619047618,5.87,1350,,,,,,,,
,,,5.87,1350,0.4467175006866455,0.875,0.911917098445596,328.6158,,,,
0.1539,1.2174965143203735,0.00022023809523809523,5.98,1375,,,,,,,,
,,,5.98,1375,0.40543892979621887,0.8946078431372549,0.9244288224956063,334.7841,,,,
0.0921,8.838274955749512,0.00021428571428571427,6.09,1400,,,,,,,,
,,,6.09,1400,0.7218971252441406,0.8480392156862745,0.8983606557377048,340.7155,,,,
0.1423,1.399300456047058,0.00020833333333333335,6.2,1425,,,,,,,,
,,,6.2,1425,0.4796718657016754,0.8823529411764706,0.9163763066202091,346.934,,,,
0.1336,1.9008604288101196,0.0002023809523809524,6.3,1450,,,,,,,,
,,,6.3,1450,0.4761669337749481,0.8872549019607843,0.9184397163120569,352.8464,,,,
0.132,6.765215873718262,0.00019642857142857144,6.41,1475,,,,,,,,
,,,6.41,1475,0.5476117134094238,0.8799019607843137,0.9144851657940662,358.9082,,,,
0.1297,0.17094632983207703,0.00019047619047619048,6.52,1500,,,,,,,,
,,,6.52,1500,0.5619031190872192,0.8848039215686274,0.917975567190227,364.9106,,,,
0.1123,4.184508800506592,0.00018452380952380953,6.63,1525,,,,,,,,
,,,6.63,1525,0.583145797252655,0.8823529411764706,0.9151943462897526,371.2646,,,,
0.1131,0.7509955763816833,0.00017857142857142857,6.74,1550,,,,,,,,
,,,6.74,1550,0.5872056484222412,0.8651960784313726,0.9050086355785838,377.2313,,,,
0.1176,1.9369993209838867,0.00017261904761904762,6.85,1575,,,,,,,,
,,,6.85,1575,0.5697599053382874,0.8725490196078431,0.9100346020761245,383.3138,,,,
0.1108,10.298500061035156,0.00016666666666666666,6.96,1600,,,,,,,,
,,,6.96,1600,0.541067898273468,0.8823529411764706,0.916083916083916,389.4105,,,,
0.0507,2.137377977371216,0.00016071428571428573,7.07,1625,,,,,,,,
,,,7.07,1625,0.601077675819397,0.8774509803921569,0.9128919860627178,395.3412,,,,
0.0766,9.525551795959473,0.00015476190476190478,7.17,1650,,,,,,,,
,,,7.17,1650,0.6403480172157288,0.8676470588235294,0.9072164948453608,401.3309,,,,
0.1026,0.424362450838089,0.00014880952380952382,7.28,1675,,,,,,,,
,,,7.28,1675,0.5897343754768372,0.8700980392156863,0.9081455805892548,407.3768,,,,
0.1271,0.7703403830528259,0.00014285714285714284,7.39,1700,,,,,,,,
,,,7.39,1700,0.6234033703804016,0.8627450980392157,0.9044368600682594,413.4784,,,,
0.0928,5.699814319610596,0.0001369047619047619,7.5,1725,,,,,,,,
,,,7.5,1725,0.6004844903945923,0.8872549019607843,0.9166666666666666,419.63,,,,
0.1228,3.605297327041626,0.00013095238095238096,7.61,1750,,,,,,,,
,,,7.61,1750,0.649133026599884,0.8627450980392157,0.9047619047619047,425.6977,,,,
0.1056,5.592455863952637,0.000125,7.72,1775,,,,,,,,
,,,7.72,1775,0.5861373543739319,0.8651960784313726,0.9050086355785838,431.8418,,,,
0.0657,0.7684581875801086,0.00011904761904761905,7.83,1800,,,,,,,,
,,,7.83,1800,0.6274535059928894,0.8725490196078431,0.9100346020761245,437.8298,,,,
0.0839,7.716630458831787,0.00011309523809523809,7.93,1825,,,,,,,,
,,,7.93,1825,0.5819267630577087,0.8872549019607843,0.9187279151943463,444.0877,,,,
0.1334,0.44034555554389954,0.00010714285714285714,8.04,1850,,,,,,,,
,,,8.04,1850,0.5704274773597717,0.8774509803921569,0.9131944444444444,450.0021,,,,
0.0541,1.0705057382583618,0.0001011904761904762,8.15,1875,,,,,,,,
,,,8.15,1875,0.5718054175376892,0.8946078431372549,0.9228007181328547,456.1072,,,,
0.0762,0.015437807887792587,9.523809523809524e-05,8.26,1900,,,,,,,,
,,,8.26,1900,0.5916076898574829,0.8897058823529411,0.9206349206349206,462.1603,,,,
0.0315,0.49052661657333374,8.928571428571429e-05,8.37,1925,,,,,,,,
,,,8.37,1925,0.6274963617324829,0.8897058823529411,0.9200710479573712,468.3179,,,,
0.0452,0.058738186955451965,8.333333333333333e-05,8.48,1950,,,,,,,,
,,,8.48,1950,0.6460638046264648,0.8799019607843137,0.9141856392294221,474.4268,,,,
0.0904,13.516264915466309,7.738095238095239e-05,8.59,1975,,,,,,,,
,,,8.59,1975,0.6746119856834412,0.8700980392156863,0.9084628670120898,480.4356,,,,
0.1797,3.936068534851074,7.142857142857142e-05,8.7,2000,,,,,,,,
,,,8.7,2000,0.6304121017456055,0.8848039215686274,0.917975567190227,486.4339,,,,
0.0557,11.684043884277344,6.547619047619048e-05,8.8,2025,,,,,,,,
,,,8.8,2025,0.6378412246704102,0.8848039215686274,0.9176882661996497,492.7299,,,,
0.0623,0.34578967094421387,5.9523809523809524e-05,8.91,2050,,,,,,,,
,,,8.91,2050,0.687889575958252,0.875,0.9116117850953207,498.802,,,,
0.0877,0.1048159971833229,5.357142857142857e-05,9.02,2075,,,,,,,,
,,,9.02,2075,0.6594071388244629,0.8848039215686274,0.917975567190227,504.7818,,,,
0.0282,2.641545057296753,4.761904761904762e-05,9.13,2100,,,,,,,,
,,,9.13,2100,0.6748918890953064,0.8872549019607843,0.9195804195804195,510.7819,,,,
0.0665,0.09273279458284378,4.1666666666666665e-05,9.24,2125,,,,,,,,
,,,9.24,2125,0.6964566111564636,0.8823529411764706,0.9163763066202091,516.817,,,,
0.0653,0.46150362491607666,3.571428571428571e-05,9.35,2150,,,,,,,,
,,,9.35,2150,0.7042624354362488,0.8774509803921569,0.9131944444444444,522.819,,,,
0.0816,0.35226181149482727,2.9761904761904762e-05,9.46,2175,,,,,,,,
,,,9.46,2175,0.6919808983802795,0.8774509803921569,0.9131944444444444,528.9394,,,,
0.0463,1.8688740730285645,2.380952380952381e-05,9.57,2200,,,,,,,,
,,,9.57,2200,0.6960835456848145,0.875,0.9113043478260869,534.9662,,,,
0.0674,16.223682403564453,1.7857142857142855e-05,9.67,2225,,,,,,,,
,,,9.67,2225,0.6990625858306885,0.8774509803921569,0.9128919860627178,541.0411,,,,
0.084,29.672780990600586,1.1904761904761905e-05,9.78,2250,,,,,,,,
,,,9.78,2250,0.6928359270095825,0.8823529411764706,0.9163763066202091,547.069,,,,
0.0494,6.601516246795654,5.9523809523809525e-06,9.89,2275,,,,,,,,
,,,9.89,2275,0.6936232447624207,0.8823529411764706,0.9163763066202091,553.3116,,,,
0.0425,0.001511860522441566,0.0,10.0,2300,,,,,,,,
,,,10.0,2300,0.6936021447181702,0.8823529411764706,0.9163763066202091,559.3533,,,,
,,,10.0,2300,,,,558.9778,65.62,4.115,1465939393697184.0,0.23070618043775143
