loss,grad_norm,learning_rate,epoch,step,eval_loss,eval_accuracy,eval_f1,train_runtime,train_samples_per_second,train_steps_per_second,total_flos,train_loss
1.0935,3.0997314453125,0.0001,0.0625,1,,,,,,,,
0.9513,2.670236110687256,0.001,0.625,10,,,,,,,,
,,,0.625,10,0.9252341985702515,0.7142857142857143,0.49642769154964284,4.3561,,,,
1.0253,3.0646016597747803,0.002,1.25,20,,,,,,,,
,,,1.25,20,0.9681095480918884,0.6428571428571429,0.44546094299788885,8.414,,,,
0.8943,2.5522265434265137,0.003,1.875,30,,,,,,,,
,,,1.875,30,0.9634070992469788,0.42857142857142855,0.22135642135642133,12.3315,,,,
0.9507,3.682913064956665,0.004,2.5,40,,,,,,,,
,,,2.5,40,0.736445426940918,0.7142857142857143,0.49806201550387597,16.2339,,,,
0.7464,1.3068708181381226,0.005,3.125,50,,,,,,,,
,,,3.125,50,0.7685942053794861,0.75,0.524731182795699,20.1845,,,,
0.7791,4.694655418395996,0.004814814814814814,3.75,60,,,,,,,,
,,,3.75,60,0.768263041973114,0.7142857142857143,0.49421820010055306,24.2125,,,,
0.5549,1.1467288732528687,0.004629629629629629,4.375,70,,,,,,,,
,,,4.375,70,0.7756534218788147,0.75,0.5227888642522789,28.0999,,,,
0.5212,0.9641189575195312,0.0044444444444444444,5.0,80,,,,,,,,
,,,5.0,80,0.7494354844093323,0.7857142857142857,0.5494864612511671,32.0337,,,,
0.3227,1.2260202169418335,0.0042592592592592595,5.625,90,,,,,,,,
,,,5.625,90,0.5558361411094666,0.8035714285714286,0.561576354679803,36.3006,,,,
0.3017,1.9035497903823853,0.004074074074074074,6.25,100,,,,,,,,
,,,6.25,100,0.5120363831520081,0.8035714285714286,0.8250584945500199,40.1923,,,,
0.1375,0.16546612977981567,0.003888888888888889,6.875,110,,,,,,,,
,,,6.875,110,0.999991238117218,0.75,0.5239825581395349,44.0945,,,,
0.3368,2.5361294746398926,0.0037037037037037034,7.5,120,,,,,,,,
,,,7.5,120,0.7788179516792297,0.7678571428571429,0.7227609427609428,47.691,,,,
0.1325,2.1693572998046875,0.0035185185185185185,8.125,130,,,,,,,,
,,,8.125,130,0.829187273979187,0.8214285714285714,0.6774806892453952,51.8333,,,,
0.243,1.7577238082885742,0.003333333333333333,8.75,140,,,,,,,,
,,,8.75,140,0.5824426412582397,0.8928571428571429,0.8965837621497998,56.2224,,,,
0.1204,1.6750621795654297,0.003148148148148148,9.375,150,,,,,,,,
,,,9.375,150,0.6952234506607056,0.8571428571428571,0.8268898754470341,60.1295,,,,
0.1687,0.3567485213279724,0.002962962962962963,10.0,160,,,,,,,,
,,,10.0,160,0.6735881567001343,0.875,0.8400816070307596,64.055,,,,
0.0891,1.0887764692306519,0.002777777777777778,10.625,170,,,,,,,,
,,,10.625,170,0.6800308227539062,0.875,0.8402288188002474,68.3056,,,,
0.0457,0.047925520688295364,0.0025925925925925925,11.25,180,,,,,,,,
,,,11.25,180,0.632572591304779,0.9107142857142857,0.93453985367732,72.1616,,,,
0.0158,0.18464310467243195,0.002407407407407407,11.875,190,,,,,,,,
,,,11.875,190,0.5606113076210022,0.9285714285714286,0.9475308641975309,76.3752,,,,
0.0268,0.003102343762293458,0.0022222222222222222,12.5,200,,,,,,,,
,,,12.5,200,0.5509698987007141,0.9285714285714286,0.9475308641975309,80.2098,,,,
0.0134,0.05816738307476044,0.002037037037037037,13.125,210,,,,,,,,
,,,13.125,210,0.5640291571617126,0.8928571428571429,0.8531984007996002,84.0962,,,,
0.0178,0.016738764941692352,0.0018518518518518517,13.75,220,,,,,,,,
,,,13.75,220,0.5683897137641907,0.9285714285714286,0.9475308641975309,88.361,,,,
0.0035,0.2928832769393921,0.0016666666666666666,14.375,230,,,,,,,,
,,,14.375,230,0.5702223181724548,0.9285714285714286,0.9475308641975309,92.5498,,,,
0.009,0.8069384098052979,0.0014814814814814814,15.0,240,,,,,,,,
,,,15.0,240,0.5491071939468384,0.9285714285714286,0.9475308641975309,96.3592,,,,
0.0307,1.3948886394500732,0.0012962962962962963,15.625,250,,,,,,,,
,,,15.625,250,0.5522905588150024,0.9285714285714286,0.9475308641975309,100.2943,,,,
0.0146,1.2914652824401855,0.0011111111111111111,16.25,260,,,,,,,,
,,,16.25,260,0.5936280488967896,0.9285714285714286,0.9475308641975309,104.4174,,,,
0.004,0.43124592304229736,0.0009259259259259259,16.875,270,,,,,,,,
,,,16.875,270,0.5939408540725708,0.9285714285714286,0.9475308641975309,108.4496,,,,
0.0226,0.046903662383556366,0.0007407407407407407,17.5,280,,,,,,,,
,,,17.5,280,0.5884923934936523,0.9285714285714286,0.9475308641975309,112.7558,,,,
0.0013,0.005974507890641689,0.0005555555555555556,18.125,290,,,,,,,,
,,,18.125,290,0.5967331528663635,0.9285714285714286,0.9475308641975309,116.5966,,,,
0.0054,0.015424993820488453,0.00037037037037037035,18.75,300,,,,,,,,
,,,18.75,300,0.6164236068725586,0.9285714285714286,0.9475308641975309,120.845,,,,
0.0048,0.37915778160095215,0.00018518518518518518,19.375,310,,,,,,,,
,,,19.375,310,0.618861973285675,0.9285714285714286,0.9475308641975309,124.4434,,,,
0.007,0.3012114465236664,0.0,20.0,320,,,,,,,,
,,,20.0,320,0.6206833124160767,0.9285714285714286,0.9475308641975309,128.5542,,,,
,,,20.0,320,,,,128.1042,39.031,2.498,450029971137600.0,0.2659961148601724
