loss,grad_norm,learning_rate,epoch,step,eval_loss,eval_accuracy,eval_f1,train_runtime,train_samples_per_second,train_steps_per_second,total_flos,train_loss
0.693,1.1358510255813599,2.5e-06,0.0,1,,,,,,,,
0.6672,0.7198019027709961,6.25e-05,0.11,25,,,,,,,,
,,,0.11,25,0.6400290727615356,0.6838235294117647,0.8122270742358079,6.2233,,,,
0.6619,1.2690681219100952,0.000125,0.22,50,,,,,,,,
,,,0.22,50,0.6241865158081055,0.6838235294117647,0.8122270742358079,11.9015,,,,
0.6369,2.206385374069214,0.0001875,0.33,75,,,,,,,,
,,,0.33,75,0.6190968155860901,0.6838235294117647,0.8122270742358079,17.8682,,,,
0.6392,0.6020824909210205,0.00025,0.43,100,,,,,,,,
,,,0.43,100,0.6093300580978394,0.6838235294117647,0.8122270742358079,23.726,,,,
0.5888,0.8599216341972351,0.0003125,0.54,125,,,,,,,,
,,,0.54,125,0.5696803331375122,0.7009803921568627,0.8189910979228486,29.8194,,,,
0.564,5.083577632904053,0.000375,0.65,150,,,,,,,,
,,,0.65,150,0.48811519145965576,0.7720588235294118,0.8457711442786069,35.6645,,,,
0.5944,4.903171062469482,0.0004375,0.76,175,,,,,,,,
,,,0.76,175,0.5793222784996033,0.7696078431372549,0.8178294573643411,41.7327,,,,
0.5157,4.018477439880371,0.0005,0.87,200,,,,,,,,
,,,0.87,200,0.5123830437660217,0.7696078431372549,0.8488745980707396,47.5209,,,,
0.5711,1.0466735363006592,0.0004940476190476191,0.98,225,,,,,,,,
,,,0.98,225,0.4212835729122162,0.803921568627451,0.8571428571428572,53.3076,,,,
0.4793,1.6839791536331177,0.0004880952380952381,1.09,250,,,,,,,,
,,,1.09,250,0.4848284125328064,0.7892156862745098,0.8630573248407644,58.7532,,,,
0.5045,1.0514390468597412,0.00048214285714285715,1.2,275,,,,,,,,
,,,1.2,275,0.4331626892089844,0.7794117647058824,0.8566878980891721,64.4047,,,,
0.4486,3.072511672973633,0.0004761904761904762,1.3,300,,,,,,,,
,,,1.3,300,0.3946838676929474,0.8455882352941176,0.8896672504378283,70.1078,,,,
0.3972,3.4333016872406006,0.00047023809523809523,1.41,325,,,,,,,,
,,,1.41,325,0.3932112157344818,0.8161764705882353,0.8549323017408125,75.7043,,,,
0.4651,6.895124435424805,0.00046428571428571433,1.52,350,,,,,,,,
,,,1.52,350,0.422879695892334,0.8235294117647058,0.88,81.5101,,,,
0.4221,1.4049910306930542,0.0004583333333333333,1.63,375,,,,,,,,
,,,1.63,375,0.3527302145957947,0.8431372549019608,0.8810408921933086,87.1158,,,,
0.3118,9.128180503845215,0.00045238095238095237,1.74,400,,,,,,,,
,,,1.74,400,0.4855947196483612,0.8455882352941176,0.8864864864864864,92.8887,,,,
0.4564,2.492612600326538,0.00044642857142857147,1.85,425,,,,,,,,
,,,1.85,425,0.3376755714416504,0.8578431372549019,0.8945454545454546,98.6648,,,,
0.3855,1.6685471534729004,0.00044047619047619046,1.96,450,,,,,,,,
,,,1.96,450,0.3603012263774872,0.8333333333333334,0.8759124087591241,104.5888,,,,
0.3494,4.053344249725342,0.00043452380952380956,2.07,475,,,,,,,,
,,,2.07,475,0.5028151869773865,0.8455882352941176,0.8908145580589255,110.1893,,,,
0.3754,1.349088430404663,0.00042857142857142855,2.17,500,,,,,,,,
,,,2.17,500,0.35111090540885925,0.8455882352941176,0.8852459016393444,116.0169,,,,
0.3448,3.5403003692626953,0.00042261904761904765,2.28,525,,,,,,,,
,,,2.28,525,0.3643728792667389,0.8529411764705882,0.888888888888889,122.449,,,,
0.3145,1.4045414924621582,0.0004166666666666667,2.39,550,,,,,,,,
,,,2.39,550,0.3658303916454315,0.8602941176470589,0.8969258589511754,128.1784,,,,
0.3835,3.6614692211151123,0.0004107142857142857,2.5,575,,,,,,,,
,,,2.5,575,0.37883421778678894,0.8308823529411765,0.8840336134453781,134.0624,,,,
0.3298,2.7561304569244385,0.0004047619047619048,2.61,600,,,,,,,,
,,,2.61,600,0.3607984483242035,0.8504901960784313,0.893542757417103,139.7862,,,,
0.3172,3.9013075828552246,0.00039880952380952383,2.72,625,,,,,,,,
,,,2.72,625,0.4657290577888489,0.8553921568627451,0.9018302828618967,145.7056,,,,
0.4242,3.9224936962127686,0.0003928571428571429,2.83,650,,,,,,,,
,,,2.83,650,0.34435832500457764,0.8529411764705882,0.8976109215017065,151.4903,,,,
0.3122,4.486863136291504,0.0003869047619047619,2.93,675,,,,,,,,
,,,2.93,675,0.35363516211509705,0.875,0.9090909090909091,157.3652,,,,
0.2869,2.130689859390259,0.00038095238095238096,3.04,700,,,,,,,,
,,,3.04,700,0.3859339654445648,0.8651960784313726,0.9026548672566371,162.8675,,,,
0.3399,7.315217018127441,0.000375,3.15,725,,,,,,,,
,,,3.15,725,0.5011982917785645,0.8480392156862745,0.8970099667774086,168.5969,,,,
0.3411,2.8643229007720947,0.00036904761904761905,3.26,750,,,,,,,,
,,,3.26,750,0.4363468289375305,0.8480392156862745,0.8973509933774835,174.4212,,,,
0.2585,6.905578136444092,0.0003630952380952381,3.37,775,,,,,,,,
,,,3.37,775,0.3648691773414612,0.8578431372549019,0.8953068592057761,180.0462,,,,
0.2715,6.372920989990234,0.00035714285714285714,3.48,800,,,,,,,,
,,,3.48,800,0.4168608486652374,0.8504901960784313,0.8942807625649914,185.8985,,,,
0.354,3.0557425022125244,0.0003511904761904762,3.59,825,,,,,,,,
,,,3.59,825,0.3087542951107025,0.8676470588235294,0.9039145907473309,191.698,,,,
0.3149,2.6778440475463867,0.00034523809523809523,3.7,850,,,,,,,,
,,,3.7,850,0.31041499972343445,0.8627450980392157,0.8992805755395683,197.6508,,,,
0.2795,9.017778396606445,0.00033928571428571433,3.8,875,,,,,,,,
,,,3.8,875,0.36939358711242676,0.8627450980392157,0.8978102189781021,203.4238,,,,
0.2823,4.4323625564575195,0.0003333333333333333,3.91,900,,,,,,,,
,,,3.91,900,0.3829224407672882,0.8602941176470589,0.9035532994923857,209.2951,,,,
0.3068,7.486085891723633,0.00032738095238095237,4.02,925,,,,,,,,
,,,4.02,925,0.3695690929889679,0.8553921568627451,0.8977469670710572,214.9335,,,,
0.2403,2.013779401779175,0.00032142857142857147,4.13,950,,,,,,,,
,,,4.13,950,0.3869636356830597,0.8529411764705882,0.8961937716262977,220.7597,,,,
0.3003,10.67715072631836,0.00031547619047619046,4.24,975,,,,,,,,
,,,4.24,975,0.3697047233581543,0.8627450980392157,0.902439024390244,226.4993,,,,
0.2976,2.52377986907959,0.00030952380952380956,4.35,1000,,,,,,,,
,,,4.35,1000,0.35757648944854736,0.8676470588235294,0.9065743944636677,232.2013,,,,
0.2621,4.922619819641113,0.00030357142857142855,4.46,1025,,,,,,,,
,,,4.46,1025,0.3648433983325958,0.8529411764705882,0.8916967509025271,239.0941,,,,
0.2417,8.01823616027832,0.00029761904761904765,4.57,1050,,,,,,,,
,,,4.57,1050,0.3852251172065735,0.8627450980392157,0.900709219858156,244.8889,,,,
0.2338,4.676228046417236,0.0002916666666666667,4.67,1075,,,,,,,,
,,,4.67,1075,0.39794912934303284,0.8578431372549019,0.8945454545454546,250.7541,,,,
0.2109,3.226473569869995,0.0002857142857142857,4.78,1100,,,,,,,,
,,,4.78,1100,0.4039064347743988,0.8700980392156863,0.9055258467023173,256.5063,,,,
0.2488,5.597934722900391,0.0002797619047619048,4.89,1125,,,,,,,,
,,,4.89,1125,0.3400633931159973,0.8700980392156863,0.905861456483126,262.3346,,,,
0.2389,0.03893621638417244,0.0002738095238095238,5.0,1150,,,,,,,,
,,,5.0,1150,0.3691922128200531,0.8651960784313726,0.9023090586145649,268.1081,,,,
0.206,0.9798784255981445,0.00026785714285714287,5.11,1175,,,,,,,,
,,,5.11,1175,0.34347355365753174,0.875,0.9103690685413005,273.8069,,,,
0.2424,5.356287956237793,0.0002619047619047619,5.22,1200,,,,,,,,
,,,5.22,1200,0.38286134600639343,0.8627450980392157,0.9037800687285222,279.7115,,,,
0.1797,3.2115628719329834,0.00025595238095238096,5.33,1225,,,,,,,,
,,,5.33,1225,0.4044641852378845,0.8676470588235294,0.9055944055944055,285.4907,,,,
0.2422,3.2901618480682373,0.00025,5.43,1250,,,,,,,,
,,,5.43,1250,0.42382603883743286,0.8627450980392157,0.9027777777777778,291.3159,,,,
0.1987,5.7406463623046875,0.00024404761904761905,5.54,1275,,,,,,,,
,,,5.54,1275,0.381438672542572,0.8602941176470589,0.8980322003577819,297.0335,,,,
0.2127,3.476569175720215,0.0002380952380952381,5.65,1300,,,,,,,,
,,,5.65,1300,0.37415531277656555,0.8602941176470589,0.8983957219251337,302.8954,,,,
0.1821,1.1400902271270752,0.00023214285714285717,5.76,1325,,,,,,,,
,,,5.76,1325,0.37417519092559814,0.8676470588235294,0.9035714285714286,308.7283,,,,
0.2769,3.633493661880493,0.00022619047619047618,5.87,1350,,,,,,,,
,,,5.87,1350,0.36717918515205383,0.8676470588235294,0.9003690036900369,314.6135,,,,
0.2516,1.575199007987976,0.00022023809523809523,5.98,1375,,,,,,,,
,,,5.98,1375,0.3363279402256012,0.8725490196078431,0.9084507042253521,320.5258,,,,
0.1483,7.47700834274292,0.00021428571428571427,6.09,1400,,,,,,,,
,,,6.09,1400,0.5465273261070251,0.8431372549019608,0.8922558922558923,326.2119,,,,
0.2317,1.9187326431274414,0.00020833333333333335,6.2,1425,,,,,,,,
,,,6.2,1425,0.4106002449989319,0.8651960784313726,0.9019607843137256,332.2151,,,,
0.2059,7.475672721862793,0.0002023809523809524,6.3,1450,,,,,,,,
,,,6.3,1450,0.47319450974464417,0.8504901960784313,0.8833652007648185,337.8521,,,,
0.2207,2.7372899055480957,0.00019642857142857144,6.41,1475,,,,,,,,
,,,6.41,1475,0.4094313085079193,0.8725490196078431,0.9081272084805654,343.7163,,,,
0.2587,3.918307065963745,0.00019047619047619048,6.52,1500,,,,,,,,
,,,6.52,1500,0.4382302165031433,0.8676470588235294,0.9045936395759717,349.4143,,,,
0.1384,10.566642761230469,0.00018452380952380953,6.63,1525,,,,,,,,
,,,6.63,1525,0.48289352655410767,0.8651960784313726,0.9026548672566371,355.9949,,,,
0.2556,1.3146344423294067,0.00017857142857142857,6.74,1550,,,,,,,,
,,,6.74,1550,0.4382607042789459,0.8578431372549019,0.8937728937728937,361.6783,,,,
0.1977,2.224370002746582,0.00017261904761904762,6.85,1575,,,,,,,,
,,,6.85,1575,0.4323500096797943,0.8578431372549019,0.8975265017667844,367.5226,,,,
0.1986,2.07480788230896,0.00016666666666666666,6.96,1600,,,,,,,,
,,,6.96,1600,0.44389358162879944,0.8676470588235294,0.9025270758122744,373.3422,,,,
0.1739,6.3416361808776855,0.00016071428571428573,7.07,1625,,,,,,,,
,,,7.07,1625,0.4709968566894531,0.8651960784313726,0.9005424954792043,379.0013,,,,
0.2077,5.0693359375,0.00015476190476190478,7.17,1650,,,,,,,,
,,,7.17,1650,0.4754091799259186,0.8627450980392157,0.9014084507042254,384.8047,,,,
0.1595,2.1815457344055176,0.00014880952380952382,7.28,1675,,,,,,,,
,,,7.28,1675,0.47225165367126465,0.8725490196078431,0.9103448275862069,390.531,,,,
0.1924,6.25022029876709,0.00014285714285714284,7.39,1700,,,,,,,,
,,,7.39,1700,0.4688935875892639,0.8676470588235294,0.9072164948453608,396.488,,,,
0.1593,4.135115623474121,0.0001369047619047619,7.5,1725,,,,,,,,
,,,7.5,1725,0.46892857551574707,0.8725490196078431,0.9044117647058824,402.3428,,,,
0.1747,6.032127380371094,0.00013095238095238096,7.61,1750,,,,,,,,
,,,7.61,1750,0.40185829997062683,0.875,0.9100529100529101,408.2345,,,,
0.2229,3.2734475135803223,0.000125,7.72,1775,,,,,,,,
,,,7.72,1775,0.4213312268257141,0.8700980392156863,0.9075043630017452,414.0536,,,,
0.1726,0.7670416831970215,0.00011904761904761905,7.83,1800,,,,,,,,
,,,7.83,1800,0.44945281744003296,0.8700980392156863,0.9071803852889667,419.8214,,,,
0.199,2.1498160362243652,0.00011309523809523809,7.93,1825,,,,,,,,
,,,7.93,1825,0.4227621853351593,0.8553921568627451,0.8929219600725953,425.7823,,,,
0.2262,6.970993995666504,0.00010714285714285714,8.04,1850,,,,,,,,
,,,8.04,1850,0.4406083822250366,0.8627450980392157,0.9017543859649123,431.4717,,,,
0.1326,0.667143702507019,0.0001011904761904762,8.15,1875,,,,,,,,
,,,8.15,1875,0.46238937973976135,0.8602941176470589,0.8994708994708994,437.3369,,,,
0.1125,0.06547604501247406,9.523809523809524e-05,8.26,1900,,,,,,,,
,,,8.26,1900,0.4929431080818176,0.8480392156862745,0.8888888888888888,443.13,,,,
0.1543,0.3634609580039978,8.928571428571429e-05,8.37,1925,,,,,,,,
,,,8.37,1925,0.4856853783130646,0.8553921568627451,0.8955752212389381,449.0764,,,,
0.132,5.818126201629639,8.333333333333333e-05,8.48,1950,,,,,,,,
,,,8.48,1950,0.5079696774482727,0.8529411764705882,0.8928571428571429,454.9091,,,,
0.1339,1.0265792608261108,7.738095238095239e-05,8.59,1975,,,,,,,,
,,,8.59,1975,0.537544310092926,0.8602941176470589,0.9015544041450777,460.7223,,,,
0.1805,3.5549051761627197,7.142857142857142e-05,8.7,2000,,,,,,,,
,,,8.7,2000,0.4984952211380005,0.8627450980392157,0.9014084507042254,466.4774,,,,
0.1544,5.275211811065674,6.547619047619048e-05,8.8,2025,,,,,,,,
,,,8.8,2025,0.5073146224021912,0.8578431372549019,0.896797153024911,472.8987,,,,
0.2233,5.523691177368164,5.9523809523809524e-05,8.91,2050,,,,,,,,
,,,8.91,2050,0.4968850314617157,0.8700980392156863,0.9068541300527241,478.7179,,,,
0.2071,5.330595016479492,5.357142857142857e-05,9.02,2075,,,,,,,,
,,,9.02,2075,0.47153353691101074,0.8676470588235294,0.9049295774647886,484.361,,,,
0.1312,2.8078196048736572,4.761904761904762e-05,9.13,2100,,,,,,,,
,,,9.13,2100,0.45720404386520386,0.8529411764705882,0.8920863309352518,490.128,,,,
0.1567,1.9254658222198486,4.1666666666666665e-05,9.24,2125,,,,,,,,
,,,9.24,2125,0.4772535562515259,0.8627450980392157,0.901060070671378,495.8599,,,,
0.1905,5.459174156188965,3.571428571428571e-05,9.35,2150,,,,,,,,
,,,9.35,2150,0.4960642457008362,0.8676470588235294,0.9049295774647886,501.714,,,,
0.1509,0.8384780883789062,2.9761904761904762e-05,9.46,2175,,,,,,,,
,,,9.46,2175,0.48183631896972656,0.8651960784313726,0.9029982363315697,507.5131,,,,
0.161,3.86903715133667,2.380952380952381e-05,9.57,2200,,,,,,,,
,,,9.57,2200,0.4800383150577545,0.8676470588235294,0.9049295774647886,513.367,,,,
0.151,4.990352153778076,1.7857142857142855e-05,9.67,2225,,,,,,,,
,,,9.67,2225,0.4706037938594818,0.8651960784313726,0.9029982363315697,519.0974,,,,
0.1501,1.2814491987228394,1.1904761904761905e-05,9.78,2250,,,,,,,,
,,,9.78,2250,0.4800128638744354,0.8676470588235294,0.9049295774647886,524.9474,,,,
0.1386,4.0398359298706055,5.9523809523809525e-06,9.89,2275,,,,,,,,
,,,9.89,2275,0.481186181306839,0.8676470588235294,0.9049295774647886,530.7759,,,,
0.1299,0.24461162090301514,0.0,10.0,2300,,,,,,,,
,,,10.0,2300,0.4809150993824005,0.8651960784313726,0.9029982363315697,536.475,,,,
,,,10.0,2300,,,,535.9984,68.433,4.291,1456015189661088.0,0.2858491966776226
