loss,grad_norm,learning_rate,epoch,step,eval_loss,eval_accuracy,eval_f1,train_runtime,train_samples_per_second,train_steps_per_second,total_flos,train_loss
0.6947,0.9106883406639099,2.5e-06,0.0,1,,,,,,,,
0.678,0.7070995569229126,6.25e-05,0.11,25,,,,,,,,
,,,0.11,25,0.6483942866325378,0.6838235294117647,0.8122270742358079,6.1416,,,,
0.6581,0.80475914478302,0.000125,0.22,50,,,,,,,,
,,,0.22,50,0.6240845322608948,0.6838235294117647,0.8122270742358079,11.6553,,,,
0.6438,2.623990058898926,0.0001875,0.33,75,,,,,,,,
,,,0.33,75,0.6248378157615662,0.6838235294117647,0.8122270742358079,17.3595,,,,
0.6339,1.8865081071853638,0.00025,0.43,100,,,,,,,,
,,,0.43,100,0.6169225573539734,0.6838235294117647,0.8122270742358079,22.9167,,,,
0.6004,1.2016743421554565,0.0003125,0.54,125,,,,,,,,
,,,0.54,125,0.5975354909896851,0.6936274509803921,0.8169838945827232,28.5978,,,,
0.5919,2.412797212600708,0.000375,0.65,150,,,,,,,,
,,,0.65,150,0.5562766790390015,0.7058823529411765,0.8181818181818181,34.1657,,,,
0.596,4.8542633056640625,0.0004375,0.76,175,,,,,,,,
,,,0.76,175,0.523049533367157,0.7181372549019608,0.822804314329738,39.9252,,,,
0.5615,2.7435522079467773,0.0005,0.87,200,,,,,,,,
,,,0.87,200,0.5341678261756897,0.7132352941176471,0.8229954614220877,45.6122,,,,
0.5759,0.798699676990509,0.0004940476190476191,0.98,225,,,,,,,,
,,,0.98,225,0.47466376423835754,0.7843137254901961,0.8580645161290321,51.2443,,,,
0.4871,0.8902484774589539,0.0004880952380952381,1.09,250,,,,,,,,
,,,1.09,250,0.5035319328308105,0.7598039215686274,0.8454258675078864,56.7187,,,,
0.5185,0.7019840478897095,0.00048214285714285715,1.2,275,,,,,,,,
,,,1.2,275,0.5955075025558472,0.75,0.8445121951219512,62.3323,,,,
0.4817,1.7580721378326416,0.0004761904761904762,1.3,300,,,,,,,,
,,,1.3,300,0.422887921333313,0.8088235294117647,0.8677966101694915,68.0364,,,,
0.4331,2.894123077392578,0.00047023809523809523,1.41,325,,,,,,,,
,,,1.41,325,0.4138466417789459,0.803921568627451,0.861111111111111,73.629,,,,
0.5018,3.021731376647949,0.00046428571428571433,1.52,350,,,,,,,,
,,,1.52,350,0.4613058865070343,0.7990196078431373,0.8673139158576052,79.3269,,,,
0.4566,1.4845640659332275,0.0004583333333333333,1.63,375,,,,,,,,
,,,1.63,375,0.4405025541782379,0.7941176470588235,0.8636363636363636,84.8577,,,,
0.4002,1.1387245655059814,0.00045238095238095237,1.74,400,,,,,,,,
,,,1.74,400,0.5233222842216492,0.7916666666666666,0.864,90.5094,,,,
0.4262,5.315988540649414,0.00044642857142857147,1.85,425,,,,,,,,
,,,1.85,425,0.4265671670436859,0.821078431372549,0.8785357737104825,96.1651,,,,
0.45,1.729284644126892,0.00044047619047619046,1.96,450,,,,,,,,
,,,1.96,450,0.3766343295574188,0.8308823529411765,0.877005347593583,101.9434,,,,
0.4006,1.306349515914917,0.00043452380952380956,2.07,475,,,,,,,,
,,,2.07,475,0.5410120487213135,0.7818627450980392,0.8576,107.342,,,,
0.4334,2.0068726539611816,0.00042857142857142855,2.17,500,,,,,,,,
,,,2.17,500,0.40264368057250977,0.8431372549019608,0.8877192982456141,113.0081,,,,
0.3988,3.0583419799804688,0.00042261904761904765,2.28,525,,,,,,,,
,,,2.28,525,0.36608079075813293,0.8382352941176471,0.8795620437956205,118.7668,,,,
0.3757,3.308750867843628,0.0004166666666666667,2.39,550,,,,,,,,
,,,2.39,550,0.46411970257759094,0.803921568627451,0.8671096345514949,124.3586,,,,
0.4091,1.2459558248519897,0.0004107142857142857,2.5,575,,,,,,,,
,,,2.5,575,0.4339234530925751,0.8259803921568627,0.8786324786324787,129.9992,,,,
0.3616,1.1582497358322144,0.0004047619047619048,2.61,600,,,,,,,,
,,,2.61,600,0.4693700075149536,0.821078431372549,0.8797364085667215,135.597,,,,
0.3151,2.595942258834839,0.00039880952380952383,2.72,625,,,,,,,,
,,,2.72,625,0.6323764324188232,0.8161764705882353,0.8776508972267536,141.3321,,,,
0.4588,5.757750988006592,0.0003928571428571429,2.83,650,,,,,,,,
,,,2.83,650,0.4012370705604553,0.8455882352941176,0.8930390492359932,146.9999,,,,
0.3693,1.2542921304702759,0.0003869047619047619,2.93,675,,,,,,,,
,,,2.93,675,0.39163944125175476,0.8406862745098039,0.8903878583473862,152.7281,,,,
0.3462,4.223944664001465,0.00038095238095238096,3.04,700,,,,,,,,
,,,3.04,700,0.4855283200740814,0.8431372549019608,0.8943894389438943,158.1325,,,,
0.3396,1.4379937648773193,0.000375,3.15,725,,,,,,,,
,,,3.15,725,0.5081810355186462,0.8406862745098039,0.8936170212765958,163.7968,,,,
0.3023,1.3796237707138062,0.00036904761904761905,3.26,750,,,,,,,,
,,,3.26,750,0.4714590311050415,0.8480392156862745,0.8956228956228957,169.4646,,,,
0.2914,3.4497933387756348,0.0003630952380952381,3.37,775,,,,,,,,
,,,3.37,775,0.4110807478427887,0.8529411764705882,0.8961937716262977,175.0497,,,,
0.3318,1.994326114654541,0.00035714285714285714,3.48,800,,,,,,,,
,,,3.48,800,0.39040225744247437,0.8480392156862745,0.8927335640138409,180.6426,,,,
0.3791,2.283543586730957,0.0003511904761904762,3.59,825,,,,,,,,
,,,3.59,825,0.3833093047142029,0.8480392156862745,0.8927335640138409,186.3686,,,,
0.329,2.6321449279785156,0.00034523809523809523,3.7,850,,,,,,,,
,,,3.7,850,0.41203761100769043,0.8333333333333334,0.8839590443686006,192.1082,,,,
0.3084,3.020737648010254,0.00033928571428571433,3.8,875,,,,,,,,
,,,3.8,875,0.3839651346206665,0.8504901960784313,0.8920353982300885,197.7738,,,,
0.3146,2.608792304992676,0.0003333333333333333,3.91,900,,,,,,,,
,,,3.91,900,0.4594308137893677,0.8382352941176471,0.8903654485049834,203.4534,,,,
0.3533,2.137188196182251,0.00032738095238095237,4.02,925,,,,,,,,
,,,4.02,925,0.41320791840553284,0.8480392156862745,0.8934707903780068,208.9723,,,,
0.2789,1.6974128484725952,0.00032142857142857147,4.13,950,,,,,,,,
,,,4.13,950,0.4673061668872833,0.8382352941176471,0.8914473684210527,214.6168,,,,
0.3346,1.7443442344665527,0.00031547619047619046,4.24,975,,,,,,,,
,,,4.24,975,0.3893152177333832,0.8455882352941176,0.8900523560209423,220.1613,,,,
0.3493,1.927575707435608,0.00030952380952380956,4.35,1000,,,,,,,,
,,,4.35,1000,0.4235304594039917,0.8455882352941176,0.8930390492359932,225.7578,,,,
0.3236,2.704925298690796,0.00030357142857142855,4.46,1025,,,,,,,,
,,,4.46,1025,0.36765938997268677,0.8431372549019608,0.8877192982456141,231.6571,,,,
0.2734,3.377087354660034,0.00029761904761904765,4.57,1050,,,,,,,,
,,,4.57,1050,0.4790958762168884,0.8382352941176471,0.890728476821192,237.3346,,,,
0.2947,1.0084680318832397,0.0002916666666666667,4.67,1075,,,,,,,,
,,,4.67,1075,0.42453086376190186,0.8529411764705882,0.896551724137931,242.9305,,,,
0.3083,3.217116117477417,0.0002857142857142857,4.78,1100,,,,,,,,
,,,4.78,1100,0.38411518931388855,0.8578431372549019,0.8971631205673759,248.6185,,,,
0.3048,0.9119039177894592,0.0002797619047619048,4.89,1125,,,,,,,,
,,,4.89,1125,0.3785097599029541,0.8627450980392157,0.902439024390244,254.251,,,,
0.2857,0.23523977398872375,0.0002738095238095238,5.0,1150,,,,,,,,
,,,5.0,1150,0.3699784278869629,0.8602941176470589,0.8998242530755711,259.953,,,,
0.2553,1.3372101783752441,0.00026785714285714287,5.11,1175,,,,,,,,
,,,5.11,1175,0.4990352690219879,0.8382352941176471,0.8892617449664431,265.52,,,,
0.2844,4.018697738647461,0.0002619047619047619,5.22,1200,,,,,,,,
,,,5.22,1200,0.4141078293323517,0.8627450980392157,0.9027777777777778,271.2676,,,,
0.2788,3.3688385486602783,0.00025595238095238096,5.33,1225,,,,,,,,
,,,5.33,1225,0.37330132722854614,0.8480392156862745,0.8892857142857142,276.9164,,,,
0.2742,1.7075947523117065,0.00025,5.43,1250,,,,,,,,
,,,5.43,1250,0.3851233720779419,0.8504901960784313,0.8924162257495591,282.5571,,,,
0.2494,5.113224983215332,0.00024404761904761905,5.54,1275,,,,,,,,
,,,5.54,1275,0.4297843873500824,0.8578431372549019,0.8996539792387542,288.1517,,,,
0.2276,2.02689528465271,0.0002380952380952381,5.65,1300,,,,,,,,
,,,5.65,1300,0.47493600845336914,0.8357843137254902,0.8862478777589134,293.8417,,,,
0.2761,2.499783515930176,0.00023214285714285717,5.76,1325,,,,,,,,
,,,5.76,1325,0.37853553891181946,0.8602941176470589,0.9001751313485115,299.5859,,,,
0.3238,3.66410493850708,0.00022619047619047618,5.87,1350,,,,,,,,
,,,5.87,1350,0.38069504499435425,0.8553921568627451,0.8977469670710572,305.3708,,,,
0.2813,1.60463285446167,0.00022023809523809523,5.98,1375,,,,,,,,
,,,5.98,1375,0.37210261821746826,0.8480392156862745,0.8912280701754387,311.1261,,,,
0.1984,4.041877746582031,0.00021428571428571427,6.09,1400,,,,,,,,
,,,6.09,1400,0.6979087591171265,0.8137254901960784,0.8782051282051283,316.7933,,,,
0.3123,2.09295654296875,0.00020833333333333335,6.2,1425,,,,,,,,
,,,6.2,1425,0.3811759054660797,0.8578431372549019,0.896797153024911,322.619,,,,
0.326,2.25818133354187,0.0002023809523809524,6.3,1450,,,,,,,,
,,,6.3,1450,0.41118067502975464,0.8480392156862745,0.8923611111111109,328.1638,,,,
0.2524,5.323069095611572,0.00019642857142857144,6.41,1475,,,,,,,,
,,,6.41,1475,0.4670533239841461,0.8357843137254902,0.8870151770657673,333.8048,,,,
0.2726,1.2516686916351318,0.00019047619047619048,6.52,1500,,,,,,,,
,,,6.52,1500,0.40849724411964417,0.8553921568627451,0.8963093145869947,339.4164,,,,
0.2387,2.5109143257141113,0.00018452380952380953,6.63,1525,,,,,,,,
,,,6.63,1525,0.46890753507614136,0.8504901960784313,0.8957264957264958,345.4549,,,,
0.2648,1.312538743019104,0.00017857142857142857,6.74,1550,,,,,,,,
,,,6.74,1550,0.4359729290008545,0.8382352941176471,0.8858131487889273,351.0411,,,,
0.2349,2.253615379333496,0.00017261904761904762,6.85,1575,,,,,,,,
,,,6.85,1575,0.4248510003089905,0.8602941176470589,0.8998242530755711,356.7397,,,,
0.3089,1.4391626119613647,0.00016666666666666666,6.96,1600,,,,,,,,
,,,6.96,1600,0.43777763843536377,0.8578431372549019,0.8986013986013986,362.4283,,,,
0.2002,3.5788159370422363,0.00016071428571428573,7.07,1625,,,,,,,,
,,,7.07,1625,0.42746299505233765,0.8553921568627451,0.8966725043782837,368.0189,,,,
0.2183,2.4102554321289062,0.00015476190476190478,7.17,1650,,,,,,,,
,,,7.17,1650,0.4336349368095398,0.8529411764705882,0.8951048951048952,373.6441,,,,
0.258,2.0063729286193848,0.00014880952380952382,7.28,1675,,,,,,,,
,,,7.28,1675,0.42912164330482483,0.8553921568627451,0.897391304347826,379.2987,,,,
0.2234,3.155313730239868,0.00014285714285714284,7.39,1700,,,,,,,,
,,,7.39,1700,0.4301912784576416,0.8529411764705882,0.8954703832752613,385.008,,,,
0.2247,1.7061160802841187,0.0001369047619047619,7.5,1725,,,,,,,,
,,,7.5,1725,0.40563732385635376,0.8578431372549019,0.8960573476702509,390.7858,,,,
0.2464,2.7758567333221436,0.00013095238095238096,7.61,1750,,,,,,,,
,,,7.61,1750,0.4402312934398651,0.8431372549019608,0.888888888888889,396.5102,,,,
0.3002,2.030848741531372,0.000125,7.72,1775,,,,,,,,
,,,7.72,1775,0.4127357304096222,0.8480392156862745,0.8908450704225351,402.332,,,,
0.2634,1.7469127178192139,0.00011904761904761905,7.83,1800,,,,,,,,
,,,7.83,1800,0.43198296427726746,0.8406862745098039,0.8873483535528597,407.9423,,,,
0.2338,4.611627101898193,0.00011309523809523809,7.93,1825,,,,,,,,
,,,7.93,1825,0.3991391062736511,0.8455882352941176,0.8892794376098417,413.7917,,,,
0.2659,5.239193916320801,0.00010714285714285714,8.04,1850,,,,,,,,
,,,8.04,1850,0.437366247177124,0.8529411764705882,0.8976109215017065,419.3508,,,,
0.2205,3.500941038131714,0.0001011904761904762,8.15,1875,,,,,,,,
,,,8.15,1875,0.4029668867588043,0.8504901960784313,0.893542757417103,425.0547,,,,
0.1801,0.4370647370815277,9.523809523809524e-05,8.26,1900,,,,,,,,
,,,8.26,1900,0.42809823155403137,0.8406862745098039,0.8877374784110534,430.7368,,,,
0.1868,2.237532615661621,8.928571428571429e-05,8.37,1925,,,,,,,,
,,,8.37,1925,0.42031329870224,0.8529411764705882,0.8951048951048952,436.4752,,,,
0.2337,2.4950029850006104,8.333333333333333e-05,8.48,1950,,,,,,,,
,,,8.48,1950,0.43423333764076233,0.8553921568627451,0.8977469670710572,442.1927,,,,
0.2255,5.505366802215576,7.738095238095239e-05,8.59,1975,,,,,,,,
,,,8.59,1975,0.48288673162460327,0.8480392156862745,0.89419795221843,447.7698,,,,
0.2361,3.6176974773406982,7.142857142857142e-05,8.7,2000,,,,,,,,
,,,8.7,2000,0.47887247800827026,0.8504901960784313,0.8960817717206134,453.4212,,,,
0.2057,1.8487435579299927,6.547619047619048e-05,8.8,2025,,,,,,,,
,,,8.8,2025,0.4672755002975464,0.8480392156862745,0.8931034482758621,459.222,,,,
0.2028,3.009174108505249,5.9523809523809524e-05,8.91,2050,,,,,,,,
,,,8.91,2050,0.43428078293800354,0.8529411764705882,0.8943661971830987,464.9285,,,,
0.216,1.100103735923767,5.357142857142857e-05,9.02,2075,,,,,,,,
,,,9.02,2075,0.4586747884750366,0.8480392156862745,0.89198606271777,470.4334,,,,
0.1524,2.5162789821624756,4.761904761904762e-05,9.13,2100,,,,,,,,
,,,9.13,2100,0.4352010190486908,0.8578431372549019,0.8978873239436619,476.087,,,,
0.2584,3.680366039276123,4.1666666666666665e-05,9.24,2125,,,,,,,,
,,,9.24,2125,0.4467296302318573,0.8553921568627451,0.8963093145869947,481.691,,,,
0.3027,2.458746910095215,3.571428571428571e-05,9.35,2150,,,,,,,,
,,,9.35,2150,0.44602569937705994,0.8578431372549019,0.8989547038327526,487.3665,,,,
0.1905,1.0109256505966187,2.9761904761904762e-05,9.46,2175,,,,,,,,
,,,9.46,2175,0.4509635865688324,0.8553921568627451,0.897391304347826,493.0234,,,,
0.243,2.2106847763061523,2.380952380952381e-05,9.57,2200,,,,,,,,
,,,9.57,2200,0.46669214963912964,0.8504901960784313,0.8946459412780656,498.6907,,,,
0.2343,1.9238606691360474,1.7857142857142855e-05,9.67,2225,,,,,,,,
,,,9.67,2225,0.4681844115257263,0.8480392156862745,0.8931034482758621,504.274,,,,
0.2788,1.7230267524719238,1.1904761904761905e-05,9.78,2250,,,,,,,,
,,,9.78,2250,0.47076416015625,0.8480392156862745,0.8931034482758621,509.9487,,,,
0.2547,7.117909908294678,5.9523809523809525e-06,9.89,2275,,,,,,,,
,,,9.89,2275,0.4590699374675751,0.8553921568627451,0.8977469670710572,515.6197,,,,
0.2244,0.634691059589386,0.0,10.0,2300,,,,,,,,
,,,10.0,2300,0.45566824078559875,0.8553921568627451,0.8977469670710572,521.2447,,,,
,,,10.0,2300,,,,520.8227,70.427,4.416,1456015189661088.0,0.33268491809782774
