loss,grad_norm,learning_rate,epoch,step,eval_loss,eval_accuracy,eval_f1,train_runtime,train_samples_per_second,train_steps_per_second,total_flos,train_loss
1.1838,4.290927886962891,1e-05,0.0625,1,,,,,,,,
1.1003,3.5110511779785156,0.0001,0.625,10,,,,,,,,
,,,0.625,10,1.0529593229293823,0.4107142857142857,0.1940928270042194,4.9485,,,,
0.9616,3.3396575450897217,0.0002,1.25,20,,,,,,,,
,,,1.25,20,0.9329146146774292,0.4107142857142857,0.1940928270042194,9.4454,,,,
0.8774,5.644039630889893,0.0003,1.875,30,,,,,,,,
,,,1.875,30,0.8917204737663269,0.5892857142857143,0.3670995670995671,13.8075,,,,
0.926,1.4652775526046753,0.0004,2.5,40,,,,,,,,
,,,2.5,40,0.824435830116272,0.6964285714285714,0.4868139700641481,18.1036,,,,
0.6998,2.832810640335083,0.0005,3.125,50,,,,,,,,
,,,3.125,50,0.7379352450370789,0.6964285714285714,0.4872881355932203,22.4599,,,,
0.665,3.7805521488189697,0.00048148148148148144,3.75,60,,,,,,,,
,,,3.75,60,0.6682834625244141,0.7142857142857143,0.49976359338061477,26.9866,,,,
0.457,6.242469310760498,0.000462962962962963,4.375,70,,,,,,,,
,,,4.375,70,0.5786935091018677,0.8035714285714286,0.561576354679803,31.1778,,,,
0.2751,3.108065366744995,0.0004444444444444444,5.0,80,,,,,,,,
,,,5.0,80,0.44121426343917847,0.8035714285714286,0.561576354679803,35.5251,,,,
0.2021,4.640281677246094,0.00042592592592592595,5.625,90,,,,,,,,
,,,5.625,90,0.5106663107872009,0.8214285714285714,0.5740080779282489,40.3212,,,,
0.197,6.689579010009766,0.0004074074074074074,6.25,100,,,,,,,,
,,,6.25,100,0.41715794801712036,0.8035714285714286,0.5720317933432687,44.5311,,,,
0.0915,2.6756739616394043,0.0003888888888888889,6.875,110,,,,,,,,
,,,6.875,110,0.4859955608844757,0.8392857142857143,0.5867612293144208,48.8338,,,,
0.0854,1.7129589319229126,0.00037037037037037035,7.5,120,,,,,,,,
,,,7.5,120,0.32064107060432434,0.9107142857142857,0.863059163059163,52.8594,,,,
0.0261,0.6575679183006287,0.0003518518518518519,8.125,130,,,,,,,,
,,,8.125,130,0.4315224289894104,0.875,0.7889420520999467,57.413,,,,
0.047,0.08777238428592682,0.0003333333333333333,8.75,140,,,,,,,,
,,,8.75,140,0.40889352560043335,0.8928571428571429,0.8001253132832081,62.246,,,,
0.0276,2.4766108989715576,0.0003148148148148148,9.375,150,,,,,,,,
,,,9.375,150,0.2947721779346466,0.9464285714285714,0.9370223978919632,66.6313,,,,
0.0122,0.022348545491695404,0.0002962962962962963,10.0,160,,,,,,,,
,,,10.0,160,0.24486054480075836,0.9285714285714286,0.877846211272863,70.9786,,,,
0.019,16.93839454650879,0.0002777777777777778,10.625,170,,,,,,,,
,,,10.625,170,0.5822984576225281,0.8392857142857143,0.5862403100775194,75.7178,,,,
0.0369,6.115363597869873,0.00025925925925925926,11.25,180,,,,,,,,
,,,11.25,180,0.24841535091400146,0.9285714285714286,0.8938749194068344,80.0017,,,,
0.0043,0.018287016078829765,0.00024074074074074072,11.875,190,,,,,,,,
,,,11.875,190,0.27189621329307556,0.8928571428571429,0.8306636155606407,84.7009,,,,
0.0013,0.012258962728083134,0.0002222222222222222,12.5,200,,,,,,,,
,,,12.5,200,0.3159721791744232,0.8928571428571429,0.8519659076769939,88.9631,,,,
0.0015,0.01125854067504406,0.0002037037037037037,13.125,210,,,,,,,,
,,,13.125,210,0.3288477063179016,0.9285714285714286,0.917003367003367,93.213,,,,
0.0021,0.017296578735113144,0.00018518518518518518,13.75,220,,,,,,,,
,,,13.75,220,0.27789896726608276,0.9107142857142857,0.9036924462456377,97.9973,,,,
0.0009,0.029189081862568855,0.00016666666666666666,14.375,230,,,,,,,,
,,,14.375,230,0.2805841267108917,0.9285714285714286,0.9236652236652237,102.642,,,,
0.0013,0.010766888968646526,0.00014814814814814815,15.0,240,,,,,,,,
,,,15.0,240,0.26145991683006287,0.9285714285714286,0.917003367003367,106.8257,,,,
0.0006,0.006582331843674183,0.00012962962962962963,15.625,250,,,,,,,,
,,,15.625,250,0.2599373459815979,0.9285714285714286,0.917003367003367,111.2366,,,,
0.0003,0.11518003046512604,0.0001111111111111111,16.25,260,,,,,,,,
,,,16.25,260,0.2571367919445038,0.9285714285714286,0.917003367003367,115.7725,,,,
0.0006,0.012357359752058983,9.259259259259259e-05,16.875,270,,,,,,,,
,,,16.875,270,0.255644291639328,0.8928571428571429,0.8519659076769939,120.213,,,,
0.0035,0.005016309674829245,7.407407407407407e-05,17.5,280,,,,,,,,
,,,17.5,280,0.26127105951309204,0.8928571428571429,0.8519659076769939,124.8998,,,,
0.0002,0.004687352571636438,5.555555555555555e-05,18.125,290,,,,,,,,
,,,18.125,290,0.26222193241119385,0.9107142857142857,0.8650793650793651,129.1904,,,,
0.0006,0.01146769430488348,3.7037037037037037e-05,18.75,300,,,,,,,,
,,,18.75,300,0.2634764313697815,0.9107142857142857,0.8650793650793651,133.8886,,,,
0.0022,0.22887788712978363,1.8518518518518518e-05,19.375,310,,,,,,,,
,,,19.375,310,0.25415143370628357,0.9107142857142857,0.8650793650793651,137.9164,,,,
0.0002,0.02664434351027012,0.0,20.0,320,,,,,,,,
,,,20.0,320,0.25191730260849,0.9107142857142857,0.8650793650793651,142.4504,,,,
,,,20.0,320,,,,141.8417,35.251,2.256,450703104828480.0,0.21046719933729036
