loss,grad_norm,learning_rate,epoch,step,eval_loss,eval_accuracy,eval_f1,train_runtime,train_samples_per_second,train_steps_per_second,total_flos,train_loss
1.7617,1.0017058849334717,1e-05,0.004347826086956522,1,,,,,,,,
1.6847,3.0106160640716553,0.00025,0.10869565217391304,25,,,,,,,,
,,,0.10869565217391304,25,1.521777629852295,0.6838235294117647,0.8122270742358079,7.2278,,,,
1.3774,0.5739805102348328,0.0005,0.21739130434782608,50,,,,,,,,
,,,0.21739130434782608,50,1.0064246654510498,0.6838235294117647,0.8122270742358079,13.8449,,,,
0.778,1.6514075994491577,0.00075,0.32608695652173914,75,,,,,,,,
,,,0.32608695652173914,75,0.6659106612205505,0.6838235294117647,0.8122270742358079,20.7601,,,,
0.6679,1.5342798233032227,0.001,0.43478260869565216,100,,,,,,,,
,,,0.43478260869565216,100,0.6231947541236877,0.6838235294117647,0.8122270742358079,27.4061,,,,
0.6479,1.7893471717834473,0.00125,0.5434782608695652,125,,,,,,,,
,,,0.5434782608695652,125,0.6303846836090088,0.6838235294117647,0.8122270742358079,34.2772,,,,
0.6484,2.5242154598236084,0.0015,0.6521739130434783,150,,,,,,,,
,,,0.6521739130434783,150,0.6169664859771729,0.6936274509803921,0.8169838945827232,40.8764,,,,
0.675,0.9596145749092102,0.00175,0.7608695652173914,175,,,,,,,,
,,,0.7608695652173914,175,0.5951433777809143,0.6985294117647058,0.8183161004431315,47.9351,,,,
0.6276,1.6562845706939697,0.002,0.8695652173913043,200,,,,,,,,
,,,0.8695652173913043,200,0.5619451403617859,0.7205882352941176,0.8246153846153846,54.7106,,,,
0.6388,1.4016355276107788,0.0019761904761904764,0.9782608695652174,225,,,,,,,,
,,,0.9782608695652174,225,0.6112590432167053,0.7475490196078431,0.8208695652173912,61.5261,,,,
0.5947,1.6290391683578491,0.0019523809523809524,1.0869565217391304,250,,,,,,,,
,,,1.0869565217391304,250,0.6158426403999329,0.7205882352941176,0.7564102564102564,68.0359,,,,
0.626,1.5340694189071655,0.0019285714285714286,1.1956521739130435,275,,,,,,,,
,,,1.1956521739130435,275,0.5283105373382568,0.7573529411764706,0.8421052631578947,74.8296,,,,
0.5624,1.6678858995437622,0.0019047619047619048,1.3043478260869565,300,,,,,,,,
,,,1.3043478260869565,300,0.4633885622024536,0.7990196078431373,0.8637873754152825,81.589,,,,
0.4934,1.163637638092041,0.001880952380952381,1.4130434782608696,325,,,,,,,,
,,,1.4130434782608696,325,0.42845994234085083,0.803921568627451,0.8671096345514949,88.3736,,,,
0.4736,1.658142328262329,0.0018571428571428573,1.5217391304347827,350,,,,,,,,
,,,1.5217391304347827,350,0.6003135442733765,0.75,0.7829787234042553,95.2964,,,,
0.4893,3.7781996726989746,0.0018333333333333333,1.6304347826086958,375,,,,,,,,
,,,1.6304347826086958,375,0.504992663860321,0.7720588235294118,0.8105906313645621,101.888,,,,
0.6067,2.4843943119049072,0.0018095238095238095,1.7391304347826086,400,,,,,,,,
,,,1.7391304347826086,400,0.49511346220970154,0.803921568627451,0.8717948717948719,108.6213,,,,
0.5419,2.3328137397766113,0.0017857142857142859,1.8478260869565217,425,,,,,,,,
,,,1.8478260869565217,425,0.4159025251865387,0.8161764705882353,0.8760330578512397,115.34,,,,
0.4893,1.7278320789337158,0.0017619047619047618,1.9565217391304348,450,,,,,,,,
,,,1.9565217391304348,450,0.393107533454895,0.8480392156862745,0.8952702702702703,122.2902,,,,
0.452,0.8831080198287964,0.0017380952380952382,2.0652173913043477,475,,,,,,,,
,,,2.0652173913043477,475,0.4790475070476532,0.7965686274509803,0.8684627575277337,128.7855,,,,
0.4337,4.603364944458008,0.0017142857142857142,2.1739130434782608,500,,,,,,,,
,,,2.1739130434782608,500,0.40324023365974426,0.8382352941176471,0.8862068965517241,135.6227,,,,
0.4669,1.7137510776519775,0.0016904761904761906,2.282608695652174,525,,,,,,,,
,,,2.282608695652174,525,0.3509714901447296,0.8455882352941176,0.8900523560209423,142.7271,,,,
0.3957,3.7274413108825684,0.0016666666666666668,2.391304347826087,550,,,,,,,,
,,,2.391304347826087,550,0.4258049726486206,0.8382352941176471,0.8892617449664431,149.5711,,,,
0.4819,5.172757625579834,0.0016428571428571427,2.5,575,,,,,,,,
,,,2.5,575,0.7401540875434875,0.7450980392156863,0.8419452887537994,156.2808,,,,
0.4428,1.3231151103973389,0.0016190476190476191,2.608695652173913,600,,,,,,,,
,,,2.608695652173913,600,0.363361120223999,0.8406862745098039,0.8881239242685025,163.162,,,,
0.419,1.5405203104019165,0.0015952380952380953,2.717391304347826,625,,,,,,,,
,,,2.717391304347826,625,0.376092791557312,0.8529411764705882,0.8979591836734693,170.0039,,,,
0.436,3.331986427307129,0.0015714285714285715,2.8260869565217392,650,,,,,,,,
,,,2.8260869565217392,650,0.5110335946083069,0.7916666666666666,0.8303393213572854,176.9825,,,,
0.4651,0.7806427478790283,0.0015476190476190477,2.9347826086956523,675,,,,,,,,
,,,2.9347826086956523,675,0.3536553382873535,0.8725490196078431,0.9087719298245615,183.8335,,,,
0.3441,1.5066263675689697,0.0015238095238095239,3.0434782608695654,700,,,,,,,,
,,,3.0434782608695654,700,0.45638951659202576,0.8333333333333334,0.8870431893687708,190.4766,,,,
0.447,0.8724830150604248,0.0015,3.1521739130434785,725,,,,,,,,
,,,3.1521739130434785,725,0.36623716354370117,0.8553921568627451,0.899488926746167,197.2576,,,,
0.3581,1.279610276222229,0.0014761904761904762,3.260869565217391,750,,,,,,,,
,,,3.260869565217391,750,0.34652477502822876,0.8676470588235294,0.9003690036900369,204.2015,,,,
0.3201,0.8429206609725952,0.0014523809523809524,3.369565217391304,775,,,,,,,,
,,,3.369565217391304,775,0.49772581458091736,0.803921568627451,0.8722044728434506,210.8189,,,,
0.337,3.2761244773864746,0.0014285714285714286,3.4782608695652173,800,,,,,,,,
,,,3.4782608695652173,800,0.3694239556789398,0.8602941176470589,0.9001751313485115,217.664,,,,
0.4199,2.363846778869629,0.0014047619047619047,3.5869565217391304,825,,,,,,,,
,,,3.5869565217391304,825,0.32848474383354187,0.8799019607843137,0.9135802469135803,224.6379,,,,
0.4181,2.5916073322296143,0.001380952380952381,3.6956521739130435,850,,,,,,,,
,,,3.6956521739130435,850,0.35484322905540466,0.8676470588235294,0.9052631578947367,231.491,,,,
0.4086,5.640049457550049,0.0013571428571428573,3.8043478260869565,875,,,,,,,,
,,,3.8043478260869565,875,0.3746204078197479,0.8553921568627451,0.897391304347826,238.3227,,,,
0.3815,1.9992077350616455,0.0013333333333333333,3.9130434782608696,900,,,,,,,,
,,,3.9130434782608696,900,0.3596324622631073,0.875,0.9116117850953207,245.1346,,,,
0.4096,1.1036688089370728,0.0013095238095238095,4.021739130434782,925,,,,,,,,
,,,4.021739130434782,925,0.3212087154388428,0.8700980392156863,0.9045045045045046,251.9632,,,,
0.3355,1.1923469305038452,0.0012857142857142859,4.130434782608695,950,,,,,,,,
,,,4.130434782608695,950,0.32953956723213196,0.8676470588235294,0.9065743944636677,258.7643,,,,
0.4072,4.135467052459717,0.0012619047619047618,4.239130434782608,975,,,,,,,,
,,,4.239130434782608,975,0.44061562418937683,0.8284313725490197,0.8870967741935484,265.5688,,,,
0.3806,2.0624568462371826,0.0012380952380952382,4.3478260869565215,1000,,,,,,,,
,,,4.3478260869565215,1000,0.4036791920661926,0.8529411764705882,0.8986486486486487,272.2278,,,,
0.3541,1.1855416297912598,0.0012142857142857142,4.456521739130435,1025,,,,,,,,
,,,4.456521739130435,1025,0.3167437016963959,0.8823529411764706,0.9145907473309609,279.7565,,,,
0.3646,3.069183111190796,0.0011904761904761906,4.565217391304348,1050,,,,,,,,
,,,4.565217391304348,1050,0.4165838360786438,0.8284313725490197,0.8859934853420196,286.5555,,,,
0.3228,0.6348238587379456,0.0011666666666666668,4.673913043478261,1075,,,,,,,,
,,,4.673913043478261,1075,0.30043861269950867,0.8774509803921569,0.9084249084249084,293.4546,,,,
0.3002,1.9266871213912964,0.0011428571428571427,4.782608695652174,1100,,,,,,,,
,,,4.782608695652174,1100,0.3795190453529358,0.8651960784313726,0.9069373942470389,300.2341,,,,
0.3736,1.6037609577178955,0.0011190476190476191,4.891304347826087,1125,,,,,,,,
,,,4.891304347826087,1125,0.3196224868297577,0.8774509803921569,0.9097472924187725,307.1185,,,,
0.341,0.5161329507827759,0.0010952380952380953,5.0,1150,,,,,,,,
,,,5.0,1150,0.3110654354095459,0.8700980392156863,0.9031078610603291,313.9683,,,,
0.2353,0.32655587792396545,0.0010714285714285715,5.108695652173913,1175,,,,,,,,
,,,5.108695652173913,1175,0.3708500564098358,0.8823529411764706,0.9157894736842105,320.6585,,,,
0.3158,1.0033836364746094,0.0010476190476190477,5.217391304347826,1200,,,,,,,,
,,,5.217391304347826,1200,0.31026509404182434,0.8774509803921569,0.9107142857142857,327.5037,,,,
0.2637,1.3075205087661743,0.0010238095238095238,5.326086956521739,1225,,,,,,,,
,,,5.326086956521739,1225,0.35920798778533936,0.8848039215686274,0.9156193895870736,334.2852,,,,
0.3526,1.113770604133606,0.001,5.434782608695652,1250,,,,,,,,
,,,5.434782608695652,1250,0.31278565526008606,0.8700980392156863,0.9084628670120898,341.0178,,,,
0.2896,4.958005905151367,0.0009761904761904762,5.543478260869565,1275,,,,,,,,
,,,5.543478260869565,1275,0.3861010670661926,0.875,0.9100529100529101,347.8064,,,,
0.3063,1.111665964126587,0.0009523809523809524,5.6521739130434785,1300,,,,,,,,
,,,5.6521739130434785,1300,0.3210906982421875,0.875,0.9097345132743363,354.6765,,,,
0.2873,1.2726175785064697,0.0009285714285714287,5.760869565217392,1325,,,,,,,,
,,,5.760869565217392,1325,0.33575963973999023,0.8700980392156863,0.9048473967684021,361.5277,,,,
0.325,0.9923737645149231,0.0009047619047619047,5.869565217391305,1350,,,,,,,,
,,,5.869565217391305,1350,0.4073696434497833,0.8333333333333334,0.8862876254180602,368.4796,,,,
0.3248,2.0492496490478516,0.0008809523809523809,5.978260869565218,1375,,,,,,,,
,,,5.978260869565218,1375,0.3255734145641327,0.8627450980392157,0.903448275862069,375.3424,,,,
0.2018,3.984856367111206,0.0008571428571428571,6.086956521739131,1400,,,,,,,,
,,,6.086956521739131,1400,0.4418220520019531,0.8774509803921569,0.9128919860627178,382.2118,,,,
0.2582,1.8483695983886719,0.0008333333333333334,6.195652173913044,1425,,,,,,,,
,,,6.195652173913044,1425,0.4233056902885437,0.875,0.9125214408233276,389.1957,,,,
0.2726,2.321584939956665,0.0008095238095238096,6.304347826086957,1450,,,,,,,,
,,,6.304347826086957,1450,0.4093003273010254,0.8651960784313726,0.8994515539305302,395.9557,,,,
0.2993,0.909412682056427,0.0007857142857142857,6.413043478260869,1475,,,,,,,,
,,,6.413043478260869,1475,0.32923078536987305,0.8627450980392157,0.9014084507042254,402.7186,,,,
0.3188,1.8624004125595093,0.0007619047619047619,6.521739130434782,1500,,,,,,,,
,,,6.521739130434782,1500,0.3605760335922241,0.8676470588235294,0.9003690036900369,409.587,,,,
0.2814,1.9851373434066772,0.0007380952380952381,6.630434782608695,1525,,,,,,,,
,,,6.630434782608695,1525,0.3292253911495209,0.875,0.9100529100529101,416.8601,,,,
0.2793,1.0549578666687012,0.0007142857142857143,6.739130434782608,1550,,,,,,,,
,,,6.739130434782608,1550,0.3776613771915436,0.8700980392156863,0.9009345794392524,423.7185,,,,
0.2738,3.468757390975952,0.0006904761904761905,6.8478260869565215,1575,,,,,,,,
,,,6.8478260869565215,1575,0.33170878887176514,0.8799019607843137,0.9107468123861567,430.4449,,,,
0.2947,1.2713019847869873,0.0006666666666666666,6.956521739130435,1600,,,,,,,,
,,,6.956521739130435,1600,0.3255053162574768,0.8897058823529411,0.918918918918919,437.2994,,,,
0.1882,2.584442615509033,0.0006428571428571429,7.065217391304348,1625,,,,,,,,
,,,7.065217391304348,1625,0.4708632528781891,0.8529411764705882,0.8854961832061068,443.8913,,,,
0.2988,1.0847042798995972,0.0006190476190476191,7.173913043478261,1650,,,,,,,,
,,,7.173913043478261,1650,0.4114081859588623,0.8578431372549019,0.890151515151515,450.6254,,,,
0.2017,1.540256381034851,0.0005952380952380953,7.282608695652174,1675,,,,,,,,
,,,7.282608695652174,1675,0.4071255922317505,0.8848039215686274,0.9168141592920355,457.3622,,,,
0.2488,1.6068748235702515,0.0005714285714285714,7.391304347826087,1700,,,,,,,,
,,,7.391304347826087,1700,0.3715912401676178,0.8897058823529411,0.9194991055456172,464.1544,,,,
0.2404,1.5967053174972534,0.0005476190476190477,7.5,1725,,,,,,,,
,,,7.5,1725,0.32984840869903564,0.8774509803921569,0.9087591240875913,471.0754,,,,
0.2125,0.9627940058708191,0.0005238095238095238,7.608695652173913,1750,,,,,,,,
,,,7.608695652173913,1750,0.33662548661231995,0.8774509803921569,0.911032028469751,477.9601,,,,
0.2209,2.458648204803467,0.0005,7.717391304347826,1775,,,,,,,,
,,,7.717391304347826,1775,0.42146414518356323,0.875,0.9122203098106711,484.8319,,,,
0.1883,1.4551976919174194,0.0004761904761904762,7.826086956521739,1800,,,,,,,,
,,,7.826086956521739,1800,0.4142571985721588,0.8725490196078431,0.9087719298245615,491.4285,,,,
0.1936,3.0881969928741455,0.00045238095238095237,7.934782608695652,1825,,,,,,,,
,,,7.934782608695652,1825,0.39260175824165344,0.8725490196078431,0.9047619047619048,498.4976,,,,
0.203,3.814861297607422,0.00042857142857142855,8.043478260869565,1850,,,,,,,,
,,,8.043478260869565,1850,0.37781158089637756,0.875,0.906764168190128,505.1171,,,,
0.1611,5.729492664337158,0.0004047619047619048,8.152173913043478,1875,,,,,,,,
,,,8.152173913043478,1875,0.4230372905731201,0.8529411764705882,0.896551724137931,512.0392,,,,
0.1769,0.31501850485801697,0.00038095238095238096,8.26086956521739,1900,,,,,,,,
,,,8.26086956521739,1900,0.45293253660202026,0.8651960784313726,0.9069373942470389,518.7518,,,,
0.1839,0.8338152766227722,0.00035714285714285714,8.369565217391305,1925,,,,,,,,
,,,8.369565217391305,1925,0.415688157081604,0.875,0.9106830122591945,525.7141,,,,
0.1618,2.384159803390503,0.0003333333333333333,8.478260869565217,1950,,,,,,,,
,,,8.478260869565217,1950,0.43495476245880127,0.8799019607843137,0.9147826086956522,532.4993,,,,
0.1819,2.2699334621429443,0.00030952380952380956,8.58695652173913,1975,,,,,,,,
,,,8.58695652173913,1975,0.4299110770225525,0.8823529411764706,0.916083916083916,539.2775,,,,
0.199,1.8941110372543335,0.0002857142857142857,8.695652173913043,2000,,,,,,,,
,,,8.695652173913043,2000,0.41932031512260437,0.8799019607843137,0.9156626506024096,545.9571,,,,
0.1647,3.9592676162719727,0.0002619047619047619,8.804347826086957,2025,,,,,,,,
,,,8.804347826086957,2025,0.4290493130683899,0.8774509803921569,0.9113475177304964,553.2407,,,,
0.1753,2.442387580871582,0.0002380952380952381,8.91304347826087,2050,,,,,,,,
,,,8.91304347826087,2050,0.44637808203697205,0.8725490196078431,0.9068100358422939,559.9979,,,,
0.2127,1.5261317491531372,0.00021428571428571427,9.021739130434783,2075,,,,,,,,
,,,9.021739130434783,2075,0.4140382409095764,0.8725490196078431,0.9068100358422939,566.6069,,,,
0.1061,1.9158536195755005,0.00019047619047619048,9.130434782608695,2100,,,,,,,,
,,,9.130434782608695,2100,0.4414338171482086,0.8676470588235294,0.901098901098901,573.2915,,,,
0.154,3.7359676361083984,0.00016666666666666666,9.23913043478261,2125,,,,,,,,
,,,9.23913043478261,2125,0.4369248151779175,0.8725490196078431,0.9081272084805654,579.9719,,,,
0.13,3.4853622913360596,0.00014285714285714284,9.347826086956522,2150,,,,,,,,
,,,9.347826086956522,2150,0.44377660751342773,0.8823529411764706,0.916083916083916,586.7586,,,,
0.1583,0.6287607550621033,0.00011904761904761905,9.456521739130435,2175,,,,,,,,
,,,9.456521739130435,2175,0.4360489845275879,0.8872549019607843,0.9181494661921709,593.4834,,,,
0.1238,3.8776543140411377,9.523809523809524e-05,9.565217391304348,2200,,,,,,,,
,,,9.565217391304348,2200,0.4392522871494293,0.8872549019607843,0.9187279151943463,600.2562,,,,
0.1857,1.9323967695236206,7.142857142857142e-05,9.673913043478262,2225,,,,,,,,
,,,9.673913043478262,2225,0.43970242142677307,0.8823529411764706,0.9142857142857143,606.9108,,,,
0.1311,0.536963164806366,4.761904761904762e-05,9.782608695652174,2250,,,,,,,,
,,,9.782608695652174,2250,0.43108782172203064,0.8725490196078431,0.9064748201438848,613.7983,,,,
0.1417,5.795205116271973,2.380952380952381e-05,9.891304347826086,2275,,,,,,,,
,,,9.891304347826086,2275,0.4319811761379242,0.8823529411764706,0.9142857142857143,620.6746,,,,
0.0976,0.12041816860437393,0.0,10.0,2300,,,,,,,,
,,,10.0,2300,0.43274277448654175,0.875,0.9084380610412927,627.4399,,,,
,,,10.0,2300,,,,627.0855,58.493,3.668,1467808056383424.0,0.3680968010943869
