loss,grad_norm,learning_rate,epoch,step,eval_loss,eval_accuracy,eval_f1,train_runtime,train_samples_per_second,train_steps_per_second,total_flos,train_loss
1.0935,3.0998284816741943,0.0001,0.0625,1,,,,,,,,
0.9513,2.696920156478882,0.001,0.625,10,,,,,,,,
,,,0.625,10,0.9253883361816406,0.7321428571428571,0.5103785103785105,4.6132,,,,
1.0245,3.0242514610290527,0.002,1.25,20,,,,,,,,
,,,1.25,20,0.9623323678970337,0.6785714285714286,0.47249417249417247,8.896,,,,
0.8802,2.4082186222076416,0.003,1.875,30,,,,,,,,
,,,1.875,30,0.9442668557167053,0.4642857142857143,0.26694444444444443,13.0318,,,,
0.9068,3.4898555278778076,0.004,2.5,40,,,,,,,,
,,,2.5,40,0.7454782128334045,0.7142857142857143,0.49806201550387597,17.0889,,,,
0.6776,0.961884081363678,0.005,3.125,50,,,,,,,,
,,,3.125,50,0.7526074647903442,0.75,0.524731182795699,21.2346,,,,
0.6911,2.79017972946167,0.006,3.75,60,,,,,,,,
,,,3.75,60,0.744493842124939,0.6964285714285714,0.4792779049071956,25.5216,,,,
0.4637,1.7843574285507202,0.006999999999999999,4.375,70,,,,,,,,
,,,4.375,70,0.7735282182693481,0.7678571428571429,0.5415444770283481,29.4834,,,,
0.3578,0.28644222021102905,0.008,5.0,80,,,,,,,,
,,,5.0,80,0.6410571336746216,0.7857142857142857,0.5487179487179487,33.5979,,,,
0.2457,1.1980096101760864,0.009000000000000001,5.625,90,,,,,,,,
,,,5.625,90,0.47306108474731445,0.8928571428571429,0.8015873015873015,38.0985,,,,
0.2247,4.58251953125,0.01,6.25,100,,,,,,,,
,,,6.25,100,0.6061846613883972,0.8392857142857143,0.8538499751614506,42.1386,,,,
0.1216,0.000825122173409909,0.011000000000000001,6.875,110,,,,,,,,
,,,6.875,110,1.5748813152313232,0.8571428571428571,0.5993408662900189,46.1929,,,,
0.7006,5.2330193519592285,0.012,7.5,120,,,,,,,,
,,,7.5,120,0.5591629147529602,0.9285714285714286,0.904040404040404,49.9528,,,,
0.2362,0.022079788148403168,0.013000000000000001,8.125,130,,,,,,,,
,,,8.125,130,0.6297935247421265,0.9107142857142857,0.8903318903318903,54.2966,,,,
0.2474,2.9076666831970215,0.013999999999999999,8.75,140,,,,,,,,
,,,8.75,140,0.6856597065925598,0.9107142857142857,0.9042579994960948,58.8684,,,,
0.0965,7.843348979949951,0.015,9.375,150,,,,,,,,
,,,9.375,150,0.5484422445297241,0.9285714285714286,0.9237290159275974,63.0099,,,,
0.0114,1.6459800463053398e-05,0.016,10.0,160,,,,,,,,
,,,10.0,160,0.41392645239830017,0.9285714285714286,0.8938749194068344,67.1684,,,,
0.0307,5.059156319475733e-05,0.017,10.625,170,,,,,,,,
,,,10.625,170,0.26416558027267456,0.9285714285714286,0.9164335960674633,71.6912,,,,
0.0524,1.0155432050851232e-08,0.018000000000000002,11.25,180,,,,,,,,
,,,11.25,180,1.0034517049789429,0.9285714285714286,0.9236477807906379,75.769,,,,
0.1101,2.1540992747759447e-05,0.019,11.875,190,,,,,,,,
,,,11.875,190,1.3226909637451172,0.9107142857142857,0.8661503048401143,80.2467,,,,
0.0587,2.3592127035954036e-05,0.02,12.5,200,,,,,,,,
,,,12.5,200,1.1588214635849,0.9107142857142857,0.8761593016912165,84.3199,,,,
0.1584,5.7151408195495605,0.018333333333333333,13.125,210,,,,,,,,
,,,13.125,210,0.8543530106544495,0.9285714285714286,0.917003367003367,88.363,,,,
0.1717,2.212756771768909e-05,0.016666666666666666,13.75,220,,,,,,,,
,,,13.75,220,0.7168744206428528,0.9464285714285714,0.9297816053135203,92.9019,,,,
0.0239,5.292290605751759e-09,0.015,14.375,230,,,,,,,,
,,,14.375,230,0.9670113921165466,0.9285714285714286,0.9164335960674633,97.3394,,,,
0.2213,6.936774298083037e-06,0.013333333333333332,15.0,240,,,,,,,,
,,,15.0,240,1.4083994626998901,0.9107142857142857,0.9036924462456377,101.3275,,,,
0.0262,2.4289792399656562e-09,0.011666666666666667,15.625,250,,,,,,,,
,,,15.625,250,1.4481450319290161,0.9107142857142857,0.9036924462456377,105.4966,,,,
0.0082,7.361884399870178e-07,0.01,16.25,260,,,,,,,,
,,,16.25,260,0.9993099570274353,0.9107142857142857,0.9036924462456377,109.8141,,,,
0.0,3.3826581784524024e-06,0.008333333333333333,16.875,270,,,,,,,,
,,,16.875,270,0.9624666571617126,0.9285714285714286,0.9236652236652237,114.0759,,,,
0.0197,1.0072720435516658e-11,0.006666666666666666,17.5,280,,,,,,,,
,,,17.5,280,1.10942804813385,0.8928571428571429,0.8519659076769939,118.4906,,,,
0.1108,1.4497518463496561e-10,0.005,18.125,290,,,,,,,,
,,,18.125,290,1.2460180521011353,0.8928571428571429,0.890993265993266,122.5584,,,,
0.0001,4.00834666023156e-13,0.003333333333333333,18.75,300,,,,,,,,
,,,18.75,300,1.118565559387207,0.875,0.8546296296296297,127.0649,,,,
0.0857,4.4102225343900514e-11,0.0016666666666666666,19.375,310,,,,,,,,
,,,19.375,310,0.9304636120796204,0.8928571428571429,0.8675693101225016,130.8573,,,,
0.0,1.397406634850995e-07,0.0,20.0,320,,,,,,,,
,,,20.0,320,0.9088974595069885,0.8928571428571429,0.8675693101225016,135.1632,,,,
,,,20.0,320,,,,134.6439,37.135,2.377,450078052115520.0,0.279045791800354
