loss,grad_norm,learning_rate,epoch,step,eval_loss,eval_accuracy,eval_f1,train_runtime,train_samples_per_second,train_steps_per_second,total_flos,train_loss
1.1672,4.064709186553955,5e-06,0.0625,1,,,,,,,,
1.0568,4.237741947174072,5e-05,0.625,10,,,,,,,,
,,,0.625,10,0.937219500541687,0.5714285714285714,0.38011695906432746,7.2928,,,,
0.8397,7.262878894805908,0.0001,1.25,20,,,,,,,,
,,,1.25,20,0.7677067518234253,0.6964285714285714,0.486277269528501,12.2991,,,,
0.6821,5.849839210510254,0.00015,1.875,30,,,,,,,,
,,,1.875,30,0.8039160370826721,0.6785714285714286,0.4683760683760683,17.2105,,,,
0.6933,4.101625919342041,0.0002,2.5,40,,,,,,,,
,,,2.5,40,0.7932944297790527,0.8035714285714286,0.5608391608391609,22.0388,,,,
0.4853,1.5508774518966675,0.00025,3.125,50,,,,,,,,
,,,3.125,50,0.7144479751586914,0.8214285714285714,0.5732959850606909,27.0385,,,,
0.5165,50.592857360839844,0.0003,3.75,60,,,,,,,,
,,,3.75,60,1.8418129682540894,0.6071428571428571,0.377247273798998,32.085,,,,
0.8349,4.782949924468994,0.00035,4.375,70,,,,,,,,
,,,4.375,70,0.5890320539474487,0.8035714285714286,0.563079116179615,36.8592,,,,
1.2184,15.633089065551758,0.0004,5.0,80,,,,,,,,
,,,5.0,80,3.829713821411133,0.5,0.2222222222222222,41.8439,,,,
1.4062,3.2009925842285156,0.00045000000000000004,5.625,90,,,,,,,,
,,,5.625,90,1.158934473991394,0.4107142857142857,0.1940928270042194,47.1996,,,,
1.0257,2.7006521224975586,0.0005,6.25,100,,,,,,,,
,,,6.25,100,0.9579896330833435,0.5,0.2222222222222222,52.0523,,,,
0.9244,3.5245165824890137,0.0004772727272727273,6.875,110,,,,,,,,
,,,6.875,110,1.03300940990448,0.5,0.2222222222222222,57.0015,,,,
1.0183,2.761488676071167,0.00045454545454545455,7.5,120,,,,,,,,
,,,7.5,120,0.9426406025886536,0.5,0.2222222222222222,61.6227,,,,
0.9239,1.4154609441757202,0.0004318181818181818,8.125,130,,,,,,,,
,,,8.125,130,1.0013914108276367,0.5,0.2222222222222222,66.943,,,,
0.9112,4.426944255828857,0.00040909090909090913,8.75,140,,,,,,,,
,,,8.75,140,0.9731909036636353,0.4107142857142857,0.1940928270042194,72.5573,,,,
0.9455,2.294487237930298,0.00038636363636363635,9.375,150,,,,,,,,
,,,9.375,150,0.9488927125930786,0.4107142857142857,0.1940928270042194,77.654,,,,
0.928,3.3637444972991943,0.00036363636363636367,10.0,160,,,,,,,,
,,,10.0,160,0.9332900643348694,0.5,0.2222222222222222,82.7581,,,,
0.8452,1.613130807876587,0.0003409090909090909,10.625,170,,,,,,,,
,,,10.625,170,1.0102347135543823,0.4107142857142857,0.1940928270042194,88.3125,,,,
1.0187,2.4724113941192627,0.0003181818181818182,11.25,180,,,,,,,,
,,,11.25,180,0.938812792301178,0.5,0.2222222222222222,93.4796,,,,
0.893,0.8207277059555054,0.00029545454545454547,11.875,190,,,,,,,,
,,,11.875,190,0.9778836965560913,0.4107142857142857,0.1940928270042194,99.0577,,,,
0.9096,3.492539882659912,0.00027272727272727274,12.5,200,,,,,,,,
,,,12.5,200,0.9496220350265503,0.5,0.2222222222222222,104.1515,,,,
0.8812,1.0856621265411377,0.00025,13.125,210,,,,,,,,
,,,13.125,210,0.9507588744163513,0.4107142857142857,0.1940928270042194,109.3238,,,,
0.9123,3.1164464950561523,0.00022727272727272727,13.75,220,,,,,,,,
,,,13.75,220,0.9610415101051331,0.4107142857142857,0.1940928270042194,115.1085,,,,
0.8899,2.0012614727020264,0.00020454545454545457,14.375,230,,,,,,,,
,,,14.375,230,0.9407817721366882,0.5,0.2222222222222222,120.7687,,,,
0.9533,1.983649492263794,0.00018181818181818183,15.0,240,,,,,,,,
,,,15.0,240,0.9528184533119202,0.4107142857142857,0.1940928270042194,125.909,,,,
0.8787,1.7365875244140625,0.0001590909090909091,15.625,250,,,,,,,,
,,,15.625,250,0.9485715627670288,0.4107142857142857,0.1940928270042194,131.3238,,,,
0.9078,1.398041009902954,0.00013636363636363637,16.25,260,,,,,,,,
,,,16.25,260,0.9447604417800903,0.5,0.2222222222222222,136.9298,,,,
0.8716,3.2044947147369385,0.00011363636363636364,16.875,270,,,,,,,,
,,,16.875,270,0.9422540068626404,0.5,0.2222222222222222,142.4951,,,,
0.944,1.8902454376220703,9.090909090909092e-05,17.5,280,,,,,,,,
,,,17.5,280,0.9416784048080444,0.4107142857142857,0.1940928270042194,148.2605,,,,
0.8658,1.7526025772094727,6.818181818181818e-05,18.125,290,,,,,,,,
,,,18.125,290,0.9330183863639832,0.5,0.2222222222222222,153.6301,,,,
0.8946,1.0524893999099731,4.545454545454546e-05,18.75,300,,,,,,,,
,,,18.75,300,0.9346763491630554,0.5,0.2222222222222222,159.4856,,,,
0.8954,1.2740377187728882,2.272727272727273e-05,19.375,310,,,,,,,,
,,,19.375,310,0.9321507811546326,0.5,0.2222222222222222,164.5346,,,,
0.8792,4.407649040222168,0.0,20.0,320,,,,,,,,
,,,20.0,320,0.932562530040741,0.5,0.2222222222222222,170.2222,,,,
,,,20.0,320,,,,169.7657,29.452,1.885,446840583950880.0,0.9019191142171621
