loss,grad_norm,learning_rate,epoch,step,eval_loss,eval_accuracy,eval_f1,train_runtime,train_samples_per_second,train_steps_per_second,total_flos,train_loss
1.7279,0.9154964685440063,1e-05,0.004347826086956522,1,,,,,,,,
1.6659,3.146354913711548,0.00025,0.10869565217391304,25,,,,,,,,
,,,0.10869565217391304,25,1.4931374788284302,0.6838235294117647,0.8122270742358079,8.4107,,,,
1.3928,0.9828637838363647,0.0005,0.21739130434782608,50,,,,,,,,
,,,0.21739130434782608,50,1.0212715864181519,0.6838235294117647,0.8122270742358079,16.2173,,,,
0.8032,1.8019285202026367,0.00075,0.32608695652173914,75,,,,,,,,
,,,0.32608695652173914,75,0.6581171751022339,0.6838235294117647,0.8122270742358079,24.393,,,,
0.6774,0.6058295965194702,0.001,0.43478260869565216,100,,,,,,,,
,,,0.43478260869565216,100,0.6297829747200012,0.6838235294117647,0.8122270742358079,32.4699,,,,
0.6459,3.067741632461548,0.00125,0.5434782608695652,125,,,,,,,,
,,,0.5434782608695652,125,0.6354833841323853,0.7034313725490197,0.8202080237741455,40.5143,,,,
0.6278,1.031872034072876,0.0015,0.6521739130434783,150,,,,,,,,
,,,0.6521739130434783,150,0.5912368893623352,0.6985294117647058,0.8172362555720655,48.5256,,,,
0.607,3.058243989944458,0.00175,0.7608695652173914,175,,,,,,,,
,,,0.7608695652173914,175,0.5418702960014343,0.7475490196078431,0.8336025848142165,56.6723,,,,
0.7017,1.1643791198730469,0.002,0.8695652173913043,200,,,,,,,,
,,,0.8695652173913043,200,0.5597819089889526,0.7181372549019608,0.8275862068965516,64.8289,,,,
0.5709,1.9405431747436523,0.0019761904761904764,0.9782608695652174,225,,,,,,,,
,,,0.9782608695652174,225,0.6040976047515869,0.7843137254901961,0.8320610687022901,72.8771,,,,
0.5683,2.640314817428589,0.0019523809523809524,1.0869565217391304,250,,,,,,,,
,,,1.0869565217391304,250,0.5282788872718811,0.8235294117647058,0.8641509433962264,80.5442,,,,
0.5316,2.6601369380950928,0.0019285714285714286,1.1956521739130435,275,,,,,,,,
,,,1.1956521739130435,275,0.4344751834869385,0.8235294117647058,0.8741258741258742,88.6176,,,,
0.517,1.2696559429168701,0.0019047619047619048,1.3043478260869565,300,,,,,,,,
,,,1.3043478260869565,300,0.4880812466144562,0.7990196078431373,0.8677419354838709,96.6315,,,,
0.5757,2.3923447132110596,0.001880952380952381,1.4130434782608696,325,,,,,,,,
,,,1.4130434782608696,325,0.520490288734436,0.7990196078431373,0.8385826771653543,104.497,,,,
0.4971,1.4353785514831543,0.0018571428571428573,1.5217391304347827,350,,,,,,,,
,,,1.5217391304347827,350,0.5049197673797607,0.8137254901960784,0.8473895582329318,112.6736,,,,
0.4948,1.2128722667694092,0.0018333333333333333,1.6304347826086958,375,,,,,,,,
,,,1.6304347826086958,375,0.4130556583404541,0.8553921568627451,0.8880455407969641,120.4559,,,,
0.5256,1.322347640991211,0.0018095238095238095,1.7391304347826086,400,,,,,,,,
,,,1.7391304347826086,400,0.39191916584968567,0.8357843137254902,0.8866328257191202,128.4846,,,,
0.5731,3.436004161834717,0.0017857142857142859,1.8478260869565217,425,,,,,,,,
,,,1.8478260869565217,425,0.3896219730377197,0.8504901960784313,0.891651865008881,136.6125,,,,
0.5008,2.7244839668273926,0.0017619047619047618,1.9565217391304348,450,,,,,,,,
,,,1.9565217391304348,450,0.41005316376686096,0.8651960784313726,0.9046793760831888,144.6987,,,,
0.4257,1.008826732635498,0.0017380952380952382,2.0652173913043477,475,,,,,,,,
,,,2.0652173913043477,475,0.39744505286216736,0.8431372549019608,0.8922558922558923,152.8187,,,,
0.4389,0.7608740925788879,0.0017142857142857142,2.1739130434782608,500,,,,,,,,
,,,2.1739130434782608,500,0.362339586019516,0.8676470588235294,0.9052631578947367,160.8537,,,,
0.4208,1.7519993782043457,0.0016904761904761906,2.282608695652174,525,,,,,,,,
,,,2.282608695652174,525,0.376885324716568,0.8480392156862745,0.8931034482758621,168.9663,,,,
0.4019,1.131566047668457,0.0016666666666666668,2.391304347826087,550,,,,,,,,
,,,2.391304347826087,550,0.37314552068710327,0.875,0.9081081081081082,177.0252,,,,
0.4265,3.6212995052337646,0.0016428571428571427,2.5,575,,,,,,,,
,,,2.5,575,0.541839063167572,0.821078431372549,0.8809135399673736,185.0013,,,,
0.4351,1.3547475337982178,0.0016190476190476191,2.608695652173913,600,,,,,,,,
,,,2.608695652173913,600,0.34045732021331787,0.8676470588235294,0.9021739130434783,192.9655,,,,
0.3944,2.560560703277588,0.0015952380952380953,2.717391304347826,625,,,,,,,,
,,,2.717391304347826,625,0.3551473021507263,0.8602941176470589,0.8994708994708994,201.2615,,,,
0.414,1.7110604047775269,0.0015714285714285715,2.8260869565217392,650,,,,,,,,
,,,2.8260869565217392,650,0.3898729681968689,0.8651960784313726,0.8952380952380952,209.2657,,,,
0.4039,1.1192386150360107,0.0015476190476190477,2.9347826086956523,675,,,,,,,,
,,,2.9347826086956523,675,0.3268173336982727,0.9019607843137255,0.9283154121863799,217.4816,,,,
0.3604,1.0312044620513916,0.0015238095238095239,3.0434782608695654,700,,,,,,,,
,,,3.0434782608695654,700,0.35794201493263245,0.8627450980392157,0.9017543859649123,225.2706,,,,
0.3759,0.633430004119873,0.0015,3.1521739130434785,725,,,,,,,,
,,,3.1521739130434785,725,0.3346852958202362,0.8774509803921569,0.9134948096885814,233.1681,,,,
0.3513,1.4150445461273193,0.0014761904761904762,3.260869565217391,750,,,,,,,,
,,,3.260869565217391,750,0.3121960163116455,0.8848039215686274,0.9162210338680927,241.4301,,,,
0.319,0.7396550178527832,0.0014523809523809524,3.369565217391304,775,,,,,,,,
,,,3.369565217391304,775,0.4093843996524811,0.8431372549019608,0.893687707641196,249.2185,,,,
0.3271,1.9097607135772705,0.0014285714285714286,3.4782608695652173,800,,,,,,,,
,,,3.4782608695652173,800,0.36086204648017883,0.8823529411764706,0.9148936170212766,257.22,,,,
0.452,2.386482000350952,0.0014047619047619047,3.5869565217391304,825,,,,,,,,
,,,3.5869565217391304,825,0.35562267899513245,0.8651960784313726,0.9063032367972743,265.4102,,,,
0.4151,2.2329022884368896,0.001380952380952381,3.6956521739130435,850,,,,,,,,
,,,3.6956521739130435,850,0.37558868527412415,0.8578431372549019,0.890151515151515,273.6622,,,,
0.3592,4.5779643058776855,0.0013571428571428573,3.8043478260869565,875,,,,,,,,
,,,3.8043478260869565,875,0.3596486747264862,0.8651960784313726,0.9001814882032667,281.7231,,,,
0.378,2.459341287612915,0.0013333333333333333,3.9130434782608696,900,,,,,,,,
,,,3.9130434782608696,900,0.31211230158805847,0.8799019607843137,0.9117117117117116,289.9693,,,,
0.3823,1.0854345560073853,0.0013095238095238095,4.021739130434782,925,,,,,,,,
,,,4.021739130434782,925,0.34012094140052795,0.8774509803921569,0.9067164179104479,297.7377,,,,
0.3391,1.8207744359970093,0.0012857142857142859,4.130434782608695,950,,,,,,,,
,,,4.130434782608695,950,0.3366526663303375,0.8799019607843137,0.9135802469135803,305.9415,,,,
0.3538,7.477171421051025,0.0012619047619047618,4.239130434782608,975,,,,,,,,
,,,4.239130434782608,975,0.442815363407135,0.8504901960784313,0.8981636060100167,313.8354,,,,
0.3849,1.7697912454605103,0.0012380952380952382,4.3478260869565215,1000,,,,,,,,
,,,4.3478260869565215,1000,0.3250538408756256,0.8602941176470589,0.9001751313485115,321.6684,,,,
0.3418,2.7315785884857178,0.0012142857142857142,4.456521739130435,1025,,,,,,,,
,,,4.456521739130435,1025,0.3701629936695099,0.8602941176470589,0.8972972972972973,330.2668,,,,
0.3217,4.3092546463012695,0.0011904761904761906,4.565217391304348,1050,,,,,,,,
,,,4.565217391304348,1050,0.4501633644104004,0.8578431372549019,0.9023569023569024,338.3298,,,,
0.3477,0.8564395904541016,0.0011666666666666668,4.673913043478261,1075,,,,,,,,
,,,4.673913043478261,1075,0.3203018009662628,0.8700980392156863,0.9045045045045046,346.2872,,,,
0.2994,2.1768548488616943,0.0011428571428571427,4.782608695652174,1100,,,,,,,,
,,,4.782608695652174,1100,0.3435359299182892,0.8725490196078431,0.9047619047619048,354.4418,,,,
0.2988,1.5081813335418701,0.0011190476190476191,4.891304347826087,1125,,,,,,,,
,,,4.891304347826087,1125,0.3250822424888611,0.8848039215686274,0.917975567190227,362.4091,,,,
0.3394,0.4497586786746979,0.0010952380952380953,5.0,1150,,,,,,,,
,,,5.0,1150,0.3015250265598297,0.8848039215686274,0.9134438305709024,370.541,,,,
0.2477,0.2771676778793335,0.0010714285714285715,5.108695652173913,1175,,,,,,,,
,,,5.108695652173913,1175,0.3449777364730835,0.8848039215686274,0.9153153153153154,378.5128,,,,
0.2622,2.4416229724884033,0.0010476190476190477,5.217391304347826,1200,,,,,,,,
,,,5.217391304347826,1200,0.34311795234680176,0.875,0.9122203098106711,386.4741,,,,
0.2743,2.1419517993927,0.0010238095238095238,5.326086956521739,1225,,,,,,,,
,,,5.326086956521739,1225,0.31615838408470154,0.8848039215686274,0.9153153153153154,394.8456,,,,
0.3592,1.3420182466506958,0.001,5.434782608695652,1250,,,,,,,,
,,,5.434782608695652,1250,0.3340073823928833,0.8700980392156863,0.9081455805892548,402.7689,,,,
0.2629,3.0265536308288574,0.0009761904761904762,5.543478260869565,1275,,,,,,,,
,,,5.543478260869565,1275,0.3581581115722656,0.8848039215686274,0.9140767824497258,410.6211,,,,
0.2556,2.2286198139190674,0.0009523809523809524,5.6521739130434785,1300,,,,,,,,
,,,5.6521739130434785,1300,0.3768020570278168,0.8578431372549019,0.8929889298892988,418.7638,,,,
0.2603,0.6030756831169128,0.0009285714285714287,5.760869565217392,1325,,,,,,,,
,,,5.760869565217392,1325,0.37852489948272705,0.8700980392156863,0.9071803852889667,426.8512,,,,
0.3031,1.827804446220398,0.0009047619047619047,5.869565217391305,1350,,,,,,,,
,,,5.869565217391305,1350,0.3848869800567627,0.875,0.9100529100529101,434.9395,,,,
0.304,1.399440884590149,0.0008809523809523809,5.978260869565218,1375,,,,,,,,
,,,5.978260869565218,1375,0.35112324357032776,0.8725490196078431,0.9103448275862069,443.2373,,,,
0.1967,4.378415584564209,0.0008571428571428571,6.086956521739131,1400,,,,,,,,
,,,6.086956521739131,1400,0.5433030128479004,0.8700980392156863,0.9115191986644409,451.1138,,,,
0.2927,3.617279052734375,0.0008333333333333334,6.195652173913044,1425,,,,,,,,
,,,6.195652173913044,1425,0.4409085214138031,0.8700980392156863,0.9084628670120898,459.5007,,,,
0.2161,4.747750282287598,0.0008095238095238096,6.304347826086957,1450,,,,,,,,
,,,6.304347826086957,1450,0.4253636598587036,0.8676470588235294,0.8996282527881041,467.4386,,,,
0.2567,3.245450973510742,0.0007857142857142857,6.413043478260869,1475,,,,,,,,
,,,6.413043478260869,1475,0.329932302236557,0.8848039215686274,0.9173989455184535,475.3842,,,,
0.2634,1.3545430898666382,0.0007619047619047619,6.521739130434782,1500,,,,,,,,
,,,6.521739130434782,1500,0.32542863488197327,0.8970588235294118,0.9236363636363636,483.4273,,,,
0.2173,3.067249298095703,0.0007380952380952381,6.630434782608695,1525,,,,,,,,
,,,6.630434782608695,1525,0.36204949021339417,0.8848039215686274,0.9134438305709024,491.9425,,,,
0.2343,2.501316785812378,0.0007142857142857143,6.739130434782608,1550,,,,,,,,
,,,6.739130434782608,1550,0.34598347544670105,0.8774509803921569,0.9090909090909091,499.7885,,,,
0.2239,1.2648952007293701,0.0006904761904761905,6.8478260869565215,1575,,,,,,,,
,,,6.8478260869565215,1575,0.3602190315723419,0.8823529411764706,0.9145907473309609,507.9038,,,,
0.2635,3.0261178016662598,0.0006666666666666666,6.956521739130435,1600,,,,,,,,
,,,6.956521739130435,1600,0.35721084475517273,0.8774509803921569,0.912280701754386,516.1873,,,,
0.1538,0.8843117952346802,0.0006428571428571429,7.065217391304348,1625,,,,,,,,
,,,7.065217391304348,1625,0.4110652804374695,0.8848039215686274,0.9131238447319779,523.9778,,,,
0.2507,1.621360421180725,0.0006190476190476191,7.173913043478261,1650,,,,,,,,
,,,7.173913043478261,1650,0.45435214042663574,0.8676470588235294,0.898876404494382,532.0732,,,,
0.1749,4.570066452026367,0.0005952380952380953,7.282608695652174,1675,,,,,,,,
,,,7.282608695652174,1675,0.35921579599380493,0.8921568627450981,0.9222614840989399,539.9684,,,,
0.1715,1.3479559421539307,0.0005714285714285714,7.391304347826087,1700,,,,,,,,
,,,7.391304347826087,1700,0.39096271991729736,0.8946078431372549,0.9244288224956063,548.1158,,,,
0.1334,3.1914589405059814,0.0005476190476190477,7.5,1725,,,,,,,,
,,,7.5,1725,0.44423526525497437,0.8676470588235294,0.901098901098901,556.3307,,,,
0.2268,0.5396193265914917,0.0005238095238095238,7.608695652173913,1750,,,,,,,,
,,,7.608695652173913,1750,0.40274834632873535,0.8651960784313726,0.9009009009009009,564.2894,,,,
0.1577,2.221195936203003,0.0005,7.717391304347826,1775,,,,,,,,
,,,7.717391304347826,1775,0.4271773397922516,0.8872549019607843,0.9201388888888888,572.526,,,,
0.1361,6.003049850463867,0.0004761904761904762,7.826086956521739,1800,,,,,,,,
,,,7.826086956521739,1800,0.5051530599594116,0.8897058823529411,0.9211908931698775,580.4838,,,,
0.2144,6.975254058837891,0.00045238095238095237,7.934782608695652,1825,,,,,,,,
,,,7.934782608695652,1825,0.43117329478263855,0.875,0.9081081081081082,588.7073,,,,
0.1863,0.4332762062549591,0.00042857142857142855,8.043478260869565,1850,,,,,,,,
,,,8.043478260869565,1850,0.384817898273468,0.8823529411764706,0.9142857142857143,596.8065,,,,
0.1071,2.570094347000122,0.0004047619047619048,8.152173913043478,1875,,,,,,,,
,,,8.152173913043478,1875,0.42416754364967346,0.8823529411764706,0.9157894736842105,604.8059,,,,
0.0865,0.14590328931808472,0.00038095238095238096,8.26086956521739,1900,,,,,,,,
,,,8.26086956521739,1900,0.45594775676727295,0.8799019607843137,0.9132743362831858,612.8756,,,,
0.0917,1.0362046957015991,0.00035714285714285714,8.369565217391305,1925,,,,,,,,
,,,8.369565217391305,1925,0.4769217073917389,0.8848039215686274,0.917975567190227,621.1407,,,,
0.1317,0.10802842676639557,0.0003333333333333333,8.478260869565217,1950,,,,,,,,
,,,8.478260869565217,1950,0.4948803782463074,0.8921568627450981,0.923076923076923,629.1727,,,,
0.1006,6.743007659912109,0.00030952380952380956,8.58695652173913,1975,,,,,,,,
,,,8.58695652173913,1975,0.4593106508255005,0.8872549019607843,0.9187279151943463,637.4492,,,,
0.1548,0.16391339898109436,0.0002857142857142857,8.695652173913043,2000,,,,,,,,
,,,8.695652173913043,2000,0.4549824595451355,0.8970588235294118,0.9275862068965517,645.4977,,,,
0.1228,2.6530098915100098,0.0002619047619047619,8.804347826086957,2025,,,,,,,,
,,,8.804347826086957,2025,0.47734320163726807,0.8700980392156863,0.9038112522686026,653.7511,,,,
0.1457,4.215609550476074,0.0002380952380952381,8.91304347826087,2050,,,,,,,,
,,,8.91304347826087,2050,0.46104690432548523,0.8995098039215687,0.9284467713787086,661.9354,,,,
0.1577,2.1373281478881836,0.00021428571428571427,9.021739130434783,2075,,,,,,,,
,,,9.021739130434783,2075,0.4358192980289459,0.8897058823529411,0.9206349206349206,669.8237,,,,
0.0357,0.3086446225643158,0.00019047619047619048,9.130434782608695,2100,,,,,,,,
,,,9.130434782608695,2100,0.48997610807418823,0.875,0.9071038251366121,677.7375,,,,
0.0928,0.27494022250175476,0.00016666666666666666,9.23913043478261,2125,,,,,,,,
,,,9.23913043478261,2125,0.4562422037124634,0.8848039215686274,0.91651865008881,685.8011,,,,
0.1047,0.34425273537635803,0.00014285714285714284,9.347826086956522,2150,,,,,,,,
,,,9.347826086956522,2150,0.44478869438171387,0.8872549019607843,0.9187279151943463,693.7367,,,,
0.0767,0.3664287328720093,0.00011904761904761905,9.456521739130435,2175,,,,,,,,
,,,9.456521739130435,2175,0.4629453122615814,0.8700980392156863,0.9041591320072333,701.9143,,,,
0.0794,0.6148895025253296,9.523809523809524e-05,9.565217391304348,2200,,,,,,,,
,,,9.565217391304348,2200,0.4615311324596405,0.8921568627450981,0.9222614840989399,709.9866,,,,
0.108,1.2875263690948486,7.142857142857142e-05,9.673913043478262,2225,,,,,,,,
,,,9.673913043478262,2225,0.4697053134441376,0.8872549019607843,0.9187279151943463,717.8745,,,,
0.0809,4.035547256469727,4.761904761904762e-05,9.782608695652174,2250,,,,,,,,
,,,9.782608695652174,2250,0.47706928849220276,0.8848039215686274,0.9168141592920355,725.9883,,,,
0.0897,2.330549955368042,2.380952380952381e-05,9.891304347826086,2275,,,,,,,,
,,,9.891304347826086,2275,0.484292209148407,0.8799019607843137,0.9126559714795008,734.1051,,,,
0.098,0.09206012636423111,0.0,10.0,2300,,,,,,,,
,,,10.0,2300,0.48371240496635437,0.8799019607843137,0.9129662522202486,742.0373,,,,
,,,10.0,2300,,,,741.6133,49.46,3.101,1480838823800448.0,0.34077278077602385
