loss,grad_norm,learning_rate,epoch,step,eval_loss,eval_accuracy,train_runtime,train_samples_per_second,train_steps_per_second,total_flos,train_loss
0.6953,0.9460346102714539,0.0001,0.00641025641025641,1,,,,,,,
0.7717,3.619507074356079,0.0025,0.16025641025641027,25,,,,,,,
,,,0.16025641025641027,25,0.7610573768615723,0.4729241877256318,10.5527,,,,
0.7484,1.016627311706543,0.005,0.32051282051282054,50,,,,,,,
,,,0.32051282051282054,50,0.7031793594360352,0.5270758122743683,20.6575,,,,
0.7716,1.250187635421753,0.0075,0.4807692307692308,75,,,,,,,
,,,0.4807692307692308,75,0.7901411652565002,0.5270758122743683,31.9051,,,,
0.8334,3.1369690895080566,0.01,0.6410256410256411,100,,,,,,,
,,,0.6410256410256411,100,0.6945342421531677,0.5270758122743683,42.2598,,,,
0.7869,2.270315408706665,0.0125,0.8012820512820513,125,,,,,,,
,,,0.8012820512820513,125,1.3090256452560425,0.4729241877256318,53.3768,,,,
0.9948,5.207273483276367,0.015,0.9615384615384616,150,,,,,,,
,,,0.9615384615384616,150,0.8030610084533691,0.5270758122743683,63.7257,,,,
1.1385,14.207945823669434,0.0175,1.1217948717948718,175,,,,,,,
,,,1.1217948717948718,175,0.8152862787246704,0.4620938628158845,74.3719,,,,
1.2615,2.173900842666626,0.02,1.282051282051282,200,,,,,,,
,,,1.282051282051282,200,1.7557146549224854,0.4729241877256318,85.0547,,,,
1.4189,2.6563289165496826,0.01963235294117647,1.4423076923076923,225,,,,,,,
,,,1.4423076923076923,225,0.7220238447189331,0.5379061371841155,95.4936,,,,
1.5,5.890453815460205,0.01926470588235294,1.6025641025641026,250,,,,,,,
,,,1.6025641025641026,250,0.8722074627876282,0.4729241877256318,106.1354,,,,
1.2153,4.089945316314697,0.018897058823529413,1.7628205128205128,275,,,,,,,
,,,1.7628205128205128,275,0.8426446318626404,0.5270758122743683,116.3522,,,,
1.2685,17.681488037109375,0.018529411764705885,1.9230769230769231,300,,,,,,,
,,,1.9230769230769231,300,2.4937071800231934,0.5270758122743683,127.1379,,,,
1.7517,1.3998178243637085,0.018161764705882353,2.0833333333333335,325,,,,,,,
,,,2.0833333333333335,325,1.0151585340499878,0.5270758122743683,137.4079,,,,
1.0762,10.624262809753418,0.01779411764705882,2.2435897435897436,350,,,,,,,
,,,2.2435897435897436,350,0.7401303648948669,0.5415162454873647,147.785,,,,
1.3849,5.568786144256592,0.017426470588235293,2.4038461538461537,375,,,,,,,
,,,2.4038461538461537,375,0.9234800934791565,0.5342960288808665,158.3645,,,,
1.1671,14.658479690551758,0.017058823529411765,2.564102564102564,400,,,,,,,
,,,2.564102564102564,400,1.2594785690307617,0.4729241877256318,168.9254,,,,
1.1437,6.520820140838623,0.016691176470588237,2.7243589743589745,425,,,,,,,
,,,2.7243589743589745,425,0.6916314363479614,0.5523465703971119,179.5642,,,,
1.6469,19.152324676513672,0.016323529411764705,2.8846153846153846,450,,,,,,,
,,,2.8846153846153846,450,0.9741905927658081,0.4729241877256318,190.2776,,,,
1.6151,15.21795654296875,0.015955882352941177,3.0448717948717947,475,,,,,,,
,,,3.0448717948717947,475,1.2577917575836182,0.4729241877256318,200.7577,,,,
1.3107,14.572907447814941,0.015588235294117648,3.2051282051282053,500,,,,,,,
,,,3.2051282051282053,500,1.2318998575210571,0.5523465703971119,211.469,,,,
1.9015,15.875445365905762,0.015220588235294118,3.3653846153846154,525,,,,,,,
,,,3.3653846153846154,525,1.120910406112671,0.47653429602888087,222.3298,,,,
1.5259,5.40340518951416,0.01485294117647059,3.5256410256410255,550,,,,,,,
,,,3.5256410256410255,550,0.706053614616394,0.5884476534296029,232.4209,,,,
1.005,15.177626609802246,0.014485294117647058,3.685897435897436,575,,,,,,,
,,,3.685897435897436,575,1.0543521642684937,0.4729241877256318,242.6234,,,,
1.577,18.038803100585938,0.01411764705882353,3.8461538461538463,600,,,,,,,
,,,3.8461538461538463,600,0.9910826683044434,0.47653429602888087,253.49,,,,
2.3186,13.593612670898438,0.01375,4.006410256410256,625,,,,,,,
,,,4.006410256410256,625,1.6745600700378418,0.5270758122743683,264.3915,,,,
1.5104,11.82046890258789,0.01338235294117647,4.166666666666667,650,,,,,,,
,,,4.166666666666667,650,1.065636157989502,0.5740072202166066,275.1035,,,,
1.2612,7.954126834869385,0.013014705882352942,4.326923076923077,675,,,,,,,
,,,4.326923076923077,675,0.6652719378471375,0.6678700361010831,285.3128,,,,
1.0098,3.7186837196350098,0.012647058823529412,4.487179487179487,700,,,,,,,
,,,4.487179487179487,700,1.2523682117462158,0.4729241877256318,296.123,,,,
1.0443,1.9846127033233643,0.012279411764705884,4.647435897435898,725,,,,,,,
,,,4.647435897435898,725,0.6837747693061829,0.6389891696750902,306.4336,,,,
1.1538,7.625877380371094,0.011911764705882353,4.8076923076923075,750,,,,,,,
,,,4.8076923076923075,750,1.3027938604354858,0.48014440433212996,316.9847,,,,
1.3219,5.523025989532471,0.011544117647058823,4.967948717948718,775,,,,,,,
,,,4.967948717948718,775,0.760703444480896,0.6823104693140795,327.354,,,,
1.5366,10.67060375213623,0.011176470588235295,5.128205128205128,800,,,,,,,
,,,5.128205128205128,800,0.7098854780197144,0.6389891696750902,338.0654,,,,
0.7316,5.872305393218994,0.010808823529411765,5.288461538461538,825,,,,,,,
,,,5.288461538461538,825,1.212658166885376,0.5776173285198556,348.7192,,,,
1.276,15.500951766967773,0.010441176470588237,5.448717948717949,850,,,,,,,
,,,5.448717948717949,850,0.9508009552955627,0.5667870036101083,359.7238,,,,
1.0279,4.968055725097656,0.010073529411764705,5.608974358974359,875,,,,,,,
,,,5.608974358974359,875,0.7009459137916565,0.6750902527075813,370.5078,,,,
1.0432,10.71816349029541,0.009705882352941177,5.769230769230769,900,,,,,,,
,,,5.769230769230769,900,0.8042917847633362,0.6570397111913358,380.7836,,,,
1.2536,13.082818984985352,0.009338235294117647,5.92948717948718,925,,,,,,,
,,,5.92948717948718,925,1.6647543907165527,0.4729241877256318,391.2051,,,,
1.1014,13.19021987915039,0.008970588235294117,6.089743589743589,950,,,,,,,
,,,6.089743589743589,950,0.8467741012573242,0.6137184115523465,401.7146,,,,
0.89,7.817306041717529,0.00860294117647059,6.25,975,,,,,,,
,,,6.25,975,1.7000129222869873,0.6028880866425993,412.4613,,,,
0.9262,8.004342079162598,0.00823529411764706,6.410256410256411,1000,,,,,,,
,,,6.410256410256411,1000,0.710692822933197,0.6895306859205776,422.8054,,,,
0.6835,2.5816636085510254,0.00786764705882353,6.57051282051282,1025,,,,,,,
,,,6.57051282051282,1025,0.7456496953964233,0.6570397111913358,433.6535,,,,
0.9314,9.135931968688965,0.0075,6.730769230769231,1050,,,,,,,
,,,6.730769230769231,1050,0.8034417629241943,0.6570397111913358,444.3,,,,
0.6429,1.5692921876907349,0.007132352941176471,6.891025641025641,1075,,,,,,,
,,,6.891025641025641,1075,0.8825141787528992,0.6425992779783394,455.4872,,,,
0.9348,2.1466684341430664,0.006764705882352942,7.051282051282051,1100,,,,,,,
,,,7.051282051282051,1100,0.9968954920768738,0.6534296028880866,465.8577,,,,
0.7315,6.9658098220825195,0.006397058823529411,7.211538461538462,1125,,,,,,,
,,,7.211538461538462,1125,0.9040796160697937,0.5667870036101083,476.1361,,,,
0.7362,1.7703660726547241,0.006029411764705882,7.371794871794872,1150,,,,,,,
,,,7.371794871794872,1150,1.104345679283142,0.6606498194945848,487.3927,,,,
0.8404,11.128399848937988,0.005661764705882353,7.532051282051282,1175,,,,,,,
,,,7.532051282051282,1175,0.932854175567627,0.631768953068592,497.6297,,,,
0.6495,8.083186149597168,0.005294117647058823,7.6923076923076925,1200,,,,,,,
,,,7.6923076923076925,1200,1.0411967039108276,0.6534296028880866,508.1873,,,,
0.8734,15.157132148742676,0.004926470588235294,7.852564102564102,1225,,,,,,,
,,,7.852564102564102,1225,0.8016077876091003,0.6895306859205776,518.847,,,,
0.6442,5.234675884246826,0.0045588235294117645,8.012820512820513,1250,,,,,,,
,,,8.012820512820513,1250,0.6816561818122864,0.7075812274368231,529.351,,,,
0.6457,8.112096786499023,0.0041911764705882355,8.173076923076923,1275,,,,,,,
,,,8.173076923076923,1275,0.6773301959037781,0.7003610108303249,540.0771,,,,
0.4782,2.3510777950286865,0.0038235294117647057,8.333333333333334,1300,,,,,,,
,,,8.333333333333334,1300,1.3696116209030151,0.6498194945848376,550.3831,,,,
0.6458,1.6940110921859741,0.0034558823529411767,8.493589743589745,1325,,,,,,,
,,,8.493589743589745,1325,0.7600826025009155,0.6967509025270758,561.3187,,,,
0.5737,4.3025803565979,0.0030882352941176473,8.653846153846153,1350,,,,,,,
,,,8.653846153846153,1350,0.6677418947219849,0.6823104693140795,571.3567,,,,
0.5058,5.859006404876709,0.0027205882352941174,8.814102564102564,1375,,,,,,,
,,,8.814102564102564,1375,0.8393942713737488,0.6787003610108303,581.8616,,,,
0.5786,2.121927499771118,0.0023529411764705885,8.974358974358974,1400,,,,,,,
,,,8.974358974358974,1400,0.7308088541030884,0.6425992779783394,592.2693,,,,
0.4604,2.532336950302124,0.0019852941176470586,9.134615384615385,1425,,,,,,,
,,,9.134615384615385,1425,0.9993332624435425,0.6823104693140795,602.6217,,,,
0.4579,2.479220151901245,0.0016176470588235294,9.294871794871796,1450,,,,,,,
,,,9.294871794871796,1450,0.8724745512008667,0.6967509025270758,613.1989,,,,
0.4241,1.4985935688018799,0.00125,9.455128205128204,1475,,,,,,,
,,,9.455128205128204,1475,0.7796766757965088,0.703971119133574,623.4424,,,,
0.4383,5.073511600494385,0.0008823529411764706,9.615384615384615,1500,,,,,,,
,,,9.615384615384615,1500,0.9954037666320801,0.6534296028880866,634.4405,,,,
0.4537,6.121211051940918,0.0005147058823529412,9.775641025641026,1525,,,,,,,
,,,9.775641025641026,1525,1.0853239297866821,0.6534296028880866,645.3104,,,,
0.4894,1.6812880039215088,0.00014705882352941178,9.935897435897436,1550,,,,,,,
,,,9.935897435897436,1550,0.901951789855957,0.6787003610108303,655.7877,,,,
,,,10.0,1560,,,658.4315,37.817,2.369,2107327448341440.0,1.0134783042929112
