loss,grad_norm,learning_rate,epoch,step,eval_loss,eval_accuracy,eval_f1,train_runtime,train_samples_per_second,train_steps_per_second,total_flos,train_loss
1.1893,4.656595230102539,1e-05,0.0625,1,,,,,,,,
1.1041,2.7452123165130615,0.0001,0.625,10,,,,,,,,
,,,0.625,10,1.0555638074874878,0.4107142857142857,0.1940928270042194,4.2828,,,,
0.9813,4.50928258895874,0.0002,1.25,20,,,,,,,,
,,,1.25,20,0.9353142976760864,0.4107142857142857,0.1940928270042194,8.2791,,,,
0.9232,1.906022071838379,0.0003,1.875,30,,,,,,,,
,,,1.875,30,0.8996894955635071,0.6964285714285714,0.47574334898278564,12.1513,,,,
0.8833,1.8665854930877686,0.0004,2.5,40,,,,,,,,
,,,2.5,40,0.8790930509567261,0.7142857142857143,0.49806201550387597,16.0075,,,,
0.8296,2.181938886642456,0.0005,3.125,50,,,,,,,,
,,,3.125,50,0.8319381475448608,0.6964285714285714,0.4872514619883041,19.893,,,,
0.7899,1.658424735069275,0.00048148148148148144,3.75,60,,,,,,,,
,,,3.75,60,0.738423228263855,0.6964285714285714,0.4872881355932203,23.8668,,,,
0.6396,2.497184991836548,0.000462962962962963,4.375,70,,,,,,,,
,,,4.375,70,0.7115726470947266,0.6785714285714286,0.47478301665493783,27.6437,,,,
0.5852,1.4662472009658813,0.0004444444444444444,5.0,80,,,,,,,,
,,,5.0,80,0.6584046483039856,0.6785714285714286,0.474468085106383,31.5275,,,,
0.4316,1.001565933227539,0.00042592592592592595,5.625,90,,,,,,,,
,,,5.625,90,0.5809062719345093,0.75,0.524731182795699,35.7371,,,,
0.3931,2.081061363220215,0.0004074074074074074,6.25,100,,,,,,,,
,,,6.25,100,0.5475283265113831,0.7678571428571429,0.5343992248062016,39.5269,,,,
0.2471,0.7251547574996948,0.0003888888888888889,6.875,110,,,,,,,,
,,,6.875,110,0.46267169713974,0.75,0.5237758945386064,43.3839,,,,
0.1938,0.9002317786216736,0.00037037037037037035,7.5,120,,,,,,,,
,,,7.5,120,0.4126003384590149,0.7857142857142857,0.6510018214936247,46.919,,,,
0.0881,0.4360780715942383,0.0003518518518518519,8.125,130,,,,,,,,
,,,8.125,130,0.4103538393974304,0.8214285714285714,0.8005050505050505,50.9935,,,,
0.0938,0.41085079312324524,0.0003333333333333333,8.75,140,,,,,,,,
,,,8.75,140,0.4531777799129486,0.8035714285714286,0.734920634920635,55.3008,,,,
0.0616,0.7210830450057983,0.0003148148148148148,9.375,150,,,,,,,,
,,,9.375,150,0.45960870385169983,0.8035714285714286,0.734920634920635,59.1926,,,,
0.043,0.2262580543756485,0.0002962962962962963,10.0,160,,,,,,,,
,,,10.0,160,0.43300801515579224,0.8214285714285714,0.7991525423728812,63.0867,,,,
0.0216,0.38342058658599854,0.0002777777777777778,10.625,170,,,,,,,,
,,,10.625,170,0.46245113015174866,0.8035714285714286,0.734920634920635,67.3096,,,,
0.047,0.108819879591465,0.00025925925925925926,11.25,180,,,,,,,,
,,,11.25,180,0.4437747299671173,0.8214285714285714,0.7991525423728812,71.1327,,,,
0.0254,0.012049646116793156,0.00024074074074074072,11.875,190,,,,,,,,
,,,11.875,190,0.4780602753162384,0.8392857142857143,0.8515094447297837,75.3404,,,,
0.0099,0.1487032175064087,0.0002222222222222222,12.5,200,,,,,,,,
,,,12.5,200,0.4809865653514862,0.8392857142857143,0.8515094447297837,79.1265,,,,
0.0125,0.18023748695850372,0.0002037037037037037,13.125,210,,,,,,,,
,,,13.125,210,0.46180763840675354,0.8214285714285714,0.7991525423728812,82.9325,,,,
0.0209,0.12971395254135132,0.00018518518518518518,13.75,220,,,,,,,,
,,,13.75,220,0.4610234200954437,0.8214285714285714,0.7991525423728812,87.222,,,,
0.0142,0.19789768755435944,0.00016666666666666666,14.375,230,,,,,,,,
,,,14.375,230,0.4587406814098358,0.8214285714285714,0.7991525423728812,91.3691,,,,
0.0201,1.605794906616211,0.00014814814814814815,15.0,240,,,,,,,,
,,,15.0,240,0.45443376898765564,0.8214285714285714,0.7991525423728812,95.1207,,,,
0.0152,0.016530554741621017,0.00012962962962962963,15.625,250,,,,,,,,
,,,15.625,250,0.4607589840888977,0.8392857142857143,0.8116161616161616,99.0513,,,,
0.0075,0.06962621957063675,0.0001111111111111111,16.25,260,,,,,,,,
,,,16.25,260,0.46050792932510376,0.8392857142857143,0.8116161616161616,103.1176,,,,
0.0099,0.06963495910167694,9.259259259259259e-05,16.875,270,,,,,,,,
,,,16.875,270,0.45790794491767883,0.8392857142857143,0.8116161616161616,107.0981,,,,
0.0152,0.08442007750272751,7.407407407407407e-05,17.5,280,,,,,,,,
,,,17.5,280,0.44148126244544983,0.8214285714285714,0.7991525423728812,111.2693,,,,
0.0049,0.04545683041214943,5.555555555555555e-05,18.125,290,,,,,,,,
,,,18.125,290,0.43686527013778687,0.8214285714285714,0.7991525423728812,115.1075,,,,
0.0052,0.033800285309553146,3.7037037037037037e-05,18.75,300,,,,,,,,
,,,18.75,300,0.43752118945121765,0.8214285714285714,0.7991525423728812,119.3237,,,,
0.0038,0.06090174987912178,1.8518518518518518e-05,19.375,310,,,,,,,,
,,,19.375,310,0.43724876642227173,0.8214285714285714,0.7991525423728812,122.9078,,,,
0.0071,0.014919127337634563,0.0,20.0,320,,,,,,,,
,,,20.0,320,0.43745043873786926,0.8214285714285714,0.7991525423728812,126.9893,,,,
,,,20.0,320,,,,126.544,39.512,2.529,451472400475200.0,0.2667880190885626
