loss,grad_norm,learning_rate,epoch,step,eval_loss,eval_accuracy,eval_f1,train_runtime,train_samples_per_second,train_steps_per_second,total_flos,train_loss
0.6859,0.8968190550804138,1.9991304347826088e-05,0.004347826086956522,1,,,,,,,,
0.6655,3.792112112045288,1.9782608695652176e-05,0.10869565217391304,25,,,,,,,,
,,,0.10869565217391304,25,0.6031728982925415,0.6985294117647058,0.8183161004431315,8.924,,,,
0.647,6.871851921081543,1.956521739130435e-05,0.21739130434782608,50,,,,,,,,
,,,0.21739130434782608,50,0.5593332052230835,0.7132352941176471,0.823529411764706,16.058,,,,
0.5614,13.328980445861816,1.9347826086956523e-05,0.32608695652173914,75,,,,,,,,
,,,0.32608695652173914,75,0.4812147617340088,0.7352941176470589,0.8317757009345794,23.4441,,,,
0.484,49.5289421081543,1.9130434782608697e-05,0.43478260869565216,100,,,,,,,,
,,,0.43478260869565216,100,0.3947772979736328,0.8137254901960784,0.8711864406779661,30.7215,,,,
0.4178,8.550436973571777,1.891304347826087e-05,0.5434782608695652,125,,,,,,,,
,,,0.5434782608695652,125,0.35907644033432007,0.8480392156862745,0.8851851851851851,38.1559,,,,
0.4169,23.406810760498047,1.8695652173913045e-05,0.6521739130434783,150,,,,,,,,
,,,0.6521739130434783,150,0.4387361407279968,0.8333333333333334,0.8866666666666667,45.498,,,,
0.4708,15.836575508117676,1.847826086956522e-05,0.7608695652173914,175,,,,,,,,
,,,0.7608695652173914,175,0.36697298288345337,0.8235294117647058,0.8819672131147541,53.7491,,,,
0.362,20.802276611328125,1.8260869565217393e-05,0.8695652173913043,200,,,,,,,,
,,,0.8695652173913043,200,0.38570845127105713,0.8553921568627451,0.8936936936936937,61.398,,,,
0.4671,11.704599380493164,1.8043478260869567e-05,0.9782608695652174,225,,,,,,,,
,,,0.9782608695652174,225,0.3489778935909271,0.8529411764705882,0.8880597014925373,69.1279,,,,
0.3342,8.115488052368164,1.782608695652174e-05,1.0869565217391304,250,,,,,,,,
,,,1.0869565217391304,250,0.37397241592407227,0.8504901960784313,0.891651865008881,76.6176,,,,
0.406,8.319601058959961,1.7608695652173915e-05,1.1956521739130435,275,,,,,,,,
,,,1.1956521739130435,275,0.39931660890579224,0.8259803921568627,0.8841761827079935,84.4622,,,,
0.3451,21.525861740112305,1.739130434782609e-05,1.3043478260869565,300,,,,,,,,
,,,1.3043478260869565,300,0.38334497809410095,0.8553921568627451,0.888468809073724,92.4425,,,,
0.3379,11.774785041809082,1.7173913043478263e-05,1.4130434782608696,325,,,,,,,,
,,,1.4130434782608696,325,0.3433873653411865,0.8529411764705882,0.8863636363636364,100.4571,,,,
0.3584,34.505470275878906,1.6956521739130437e-05,1.5217391304347827,350,,,,,,,,
,,,1.5217391304347827,350,0.35809457302093506,0.8455882352941176,0.8919382504288165,108.6797,,,,
0.3452,45.435829162597656,1.673913043478261e-05,1.6304347826086958,375,,,,,,,,
,,,1.6304347826086958,375,0.3406141698360443,0.8627450980392157,0.9020979020979022,116.7796,,,,
0.2309,21.52383804321289,1.6521739130434785e-05,1.7391304347826086,400,,,,,,,,
,,,1.7391304347826086,400,0.4107755720615387,0.8676470588235294,0.9078498293515359,124.9791,,,,
0.3506,15.74422550201416,1.630434782608696e-05,1.8478260869565217,425,,,,,,,,
,,,1.8478260869565217,425,0.2973898649215698,0.8848039215686274,0.9137614678899082,133.084,,,,
0.3695,27.226825714111328,1.6086956521739132e-05,1.9565217391304348,450,,,,,,,,
,,,1.9565217391304348,450,0.32083660364151,0.875,0.9071038251366121,141.2382,,,,
0.2126,2.3433992862701416,1.5869565217391306e-05,2.0652173913043477,475,,,,,,,,
,,,2.0652173913043477,475,0.3893756866455078,0.8578431372549019,0.8999999999999999,148.866,,,,
0.1983,14.485448837280273,1.565217391304348e-05,2.1739130434782608,500,,,,,,,,
,,,2.1739130434782608,500,0.3372879922389984,0.8823529411764706,0.9127272727272728,156.8175,,,,
0.2029,23.38243293762207,1.5434782608695654e-05,2.282608695652174,525,,,,,,,,
,,,2.282608695652174,525,0.35418975353240967,0.8872549019607843,0.9144981412639405,179.2954,,,,
0.2281,25.432947158813477,1.5217391304347828e-05,2.391304347826087,550,,,,,,,,
,,,2.391304347826087,550,0.34274816513061523,0.8848039215686274,0.9150090415913201,187.1503,,,,
0.1784,36.818721771240234,1.5000000000000002e-05,2.5,575,,,,,,,,
,,,2.5,575,0.38751131296157837,0.8946078431372549,0.9219600725952813,195.304,,,,
0.244,25.156354904174805,1.4782608695652174e-05,2.608695652173913,600,,,,,,,,
,,,2.608695652173913,600,0.34321632981300354,0.8700980392156863,0.9090909090909091,203.4786,,,,
0.2118,25.249120712280273,1.456521739130435e-05,2.717391304347826,625,,,,,,,,
,,,2.717391304347826,625,0.3474847376346588,0.8799019607843137,0.9135802469135803,211.9126,,,,
0.2471,13.233447074890137,1.4347826086956522e-05,2.8260869565217392,650,,,,,,,,
,,,2.8260869565217392,650,0.3387320637702942,0.8848039215686274,0.9173989455184535,220.2224,,,,
0.2039,22.999797821044922,1.4130434782608698e-05,2.9347826086956523,675,,,,,,,,
,,,2.9347826086956523,675,0.3350963294506073,0.8774509803921569,0.9107142857142857,228.4622,,,,
0.1686,47.77745819091797,1.391304347826087e-05,3.0434782608695654,700,,,,,,,,
,,,3.0434782608695654,700,0.437542200088501,0.875,0.911917098445596,236.207,,,,
0.1764,37.11581039428711,1.3695652173913046e-05,3.1521739130434785,725,,,,,,,,
,,,3.1521739130434785,725,0.4032387137413025,0.8774509803921569,0.9119718309859154,244.1569,,,,
0.1169,0.09436339884996414,1.3478260869565218e-05,3.260869565217391,750,,,,,,,,
,,,3.260869565217391,750,0.3910472095012665,0.8823529411764706,0.9151943462897526,252.1941,,,,
0.1267,5.897784233093262,1.3260869565217392e-05,3.369565217391304,775,,,,,,,,
,,,3.369565217391304,775,0.7292762994766235,0.8651960784313726,0.9075630252100839,259.9461,,,,
0.2008,152.83018493652344,1.3043478260869566e-05,3.4782608695652173,800,,,,,,,,
,,,3.4782608695652173,800,0.7192341089248657,0.8578431372549019,0.9023569023569024,267.905,,,,
0.1593,32.108890533447266,1.282608695652174e-05,3.5869565217391304,825,,,,,,,,
,,,3.5869565217391304,825,0.42527198791503906,0.8774509803921569,0.912280701754386,275.9403,,,,
0.14,103.83683013916016,1.2608695652173915e-05,3.6956521739130435,850,,,,,,,,
,,,3.6956521739130435,850,0.5312522649765015,0.8848039215686274,0.9153153153153154,284.1321,,,,
0.1042,70.35001373291016,1.2391304347826088e-05,3.8043478260869565,875,,,,,,,,
,,,3.8043478260869565,875,0.573382556438446,0.8774509803921569,0.9084249084249084,292.1907,,,,
0.1466,31.54650115966797,1.2173913043478263e-05,3.9130434782608696,900,,,,,,,,
,,,3.9130434782608696,900,0.5208877325057983,0.8921568627450981,0.9214285714285715,300.3463,,,,
0.1738,0.3431698977947235,1.1956521739130435e-05,4.021739130434782,925,,,,,,,,
,,,4.021739130434782,925,0.6215437650680542,0.8774509803921569,0.9137931034482758,308.2151,,,,
0.071,5.5886759757995605,1.1739130434782611e-05,4.130434782608695,950,,,,,,,,
,,,4.130434782608695,950,0.553864061832428,0.8946078431372549,0.9230769230769231,316.2819,,,,
0.1072,1.2547574043273926,1.1521739130434783e-05,4.239130434782608,975,,,,,,,,
,,,4.239130434782608,975,0.5258551836013794,0.9019607843137255,0.9288256227758006,324.1682,,,,
0.0634,44.388824462890625,1.1304347826086957e-05,4.3478260869565215,1000,,,,,,,,
,,,4.3478260869565215,1000,0.6185963749885559,0.8921568627450981,0.9208633093525179,332.0355,,,,
0.1003,43.50767135620117,1.1086956521739131e-05,4.456521739130435,1025,,,,,,,,
,,,4.456521739130435,1025,0.6659193634986877,0.8848039215686274,0.9140767824497258,349.1816,,,,
0.1636,6.252687454223633,1.0869565217391305e-05,4.565217391304348,1050,,,,,,,,
,,,4.565217391304348,1050,0.6311485171318054,0.8799019607843137,0.913884007029877,357.1942,,,,
0.1275,0.030905243009328842,1.0652173913043479e-05,4.673913043478261,1075,,,,,,,,
,,,4.673913043478261,1075,0.598734438419342,0.8823529411764706,0.9145907473309609,365.3041,,,,
0.1172,22.697298049926758,1.0434782608695653e-05,4.782608695652174,1100,,,,,,,,
,,,4.782608695652174,1100,0.535492479801178,0.8872549019607843,0.9178571428571428,373.5334,,,,
0.0621,0.08901546150445938,1.0217391304347829e-05,4.891304347826087,1125,,,,,,,,
,,,4.891304347826087,1125,0.5792593359947205,0.8872549019607843,0.916058394160584,381.7614,,,,
0.1075,0.014721488580107689,1e-05,5.0,1150,,,,,,,,
,,,5.0,1150,0.548345148563385,0.8774509803921569,0.9090909090909091,389.8521,,,,
0.024,0.10269851982593536,9.782608695652175e-06,5.108695652173913,1175,,,,,,,,
,,,5.108695652173913,1175,0.6618990302085876,0.8848039215686274,0.9171075837742505,397.8639,,,,
0.0694,0.07195942848920822,9.565217391304349e-06,5.217391304347826,1200,,,,,,,,
,,,5.217391304347826,1200,0.6622754335403442,0.8823529411764706,0.9163763066202091,405.9389,,,,
0.0179,18.773494720458984,9.347826086956523e-06,5.326086956521739,1225,,,,,,,,
,,,5.326086956521739,1225,0.6464820504188538,0.8872549019607843,0.9175627240143369,413.947,,,,
0.0512,60.26018524169922,9.130434782608697e-06,5.434782608695652,1250,,,,,,,,
,,,5.434782608695652,1250,0.6836169362068176,0.875,0.9090909090909091,421.7862,,,,
0.0361,0.03314077481627464,8.91304347826087e-06,5.543478260869565,1275,,,,,,,,
,,,5.543478260869565,1275,0.6750487685203552,0.8799019607843137,0.9135802469135803,429.6506,,,,
0.02,0.011207789182662964,8.695652173913044e-06,5.6521739130434785,1300,,,,,,,,
,,,5.6521739130434785,1300,0.7153169512748718,0.8823529411764706,0.9157894736842105,437.641,,,,
0.0625,0.065360426902771,8.478260869565218e-06,5.760869565217392,1325,,,,,,,,
,,,5.760869565217392,1325,0.7114354968070984,0.8774509803921569,0.9107142857142857,445.7109,,,,
0.0733,22.62920379638672,8.260869565217392e-06,5.869565217391305,1350,,,,,,,,
,,,5.869565217391305,1350,0.6983128190040588,0.8848039215686274,0.9140767824497258,453.8824,,,,
0.0477,0.11792200058698654,8.043478260869566e-06,5.978260869565218,1375,,,,,,,,
,,,5.978260869565218,1375,0.6459102034568787,0.8872549019607843,0.9157509157509158,462.0532,,,,
0.0886,0.48754557967185974,7.82608695652174e-06,6.086956521739131,1400,,,,,,,,
,,,6.086956521739131,1400,0.693286657333374,0.8823529411764706,0.9163763066202091,470.0,,,,
0.0597,12.866153717041016,7.608695652173914e-06,6.195652173913044,1425,,,,,,,,
,,,6.195652173913044,1425,0.6771507859230042,0.8799019607843137,0.9126559714795008,478.2637,,,,
0.0354,0.05171375349164009,7.391304347826087e-06,6.304347826086957,1450,,,,,,,,
,,,6.304347826086957,1450,0.7100734114646912,0.8848039215686274,0.9140767824497258,486.1303,,,,
0.0683,0.02562769316136837,7.173913043478261e-06,6.413043478260869,1475,,,,,,,,
,,,6.413043478260869,1475,0.7150036692619324,0.8921568627450981,0.9208633093525179,494.1141,,,,
0.0586,0.544793426990509,6.956521739130435e-06,6.521739130434782,1500,,,,,,,,
,,,6.521739130434782,1500,0.7135530114173889,0.875,0.911917098445596,502.0275,,,,
0.0491,0.10301191359758377,6.739130434782609e-06,6.630434782608695,1525,,,,,,,,
,,,6.630434782608695,1525,0.7670337557792664,0.8676470588235294,0.8996282527881041,523.8665,,,,
0.0452,0.19010666012763977,6.521739130434783e-06,6.739130434782608,1550,,,,,,,,
,,,6.739130434782608,1550,0.6444591283798218,0.8848039215686274,0.917975567190227,531.7046,,,,
0.0187,0.027494478970766068,6.304347826086958e-06,6.8478260869565215,1575,,,,,,,,
,,,6.8478260869565215,1575,0.6933045387268066,0.8921568627450981,0.92,539.8624,,,,
0.0253,16.085966110229492,6.086956521739132e-06,6.956521739130435,1600,,,,,,,,
,,,6.956521739130435,1600,0.73680180311203,0.8897058823529411,0.9174311926605504,548.2139,,,,
0.0009,9.76591968536377,5.8695652173913055e-06,7.065217391304348,1625,,,,,,,,
,,,7.065217391304348,1625,0.7279390096664429,0.8848039215686274,0.9162210338680927,556.3177,,,,
0.0742,0.017447732388973236,5.652173913043479e-06,7.173913043478261,1650,,,,,,,,
,,,7.173913043478261,1650,0.7373664975166321,0.8823529411764706,0.916083916083916,564.5219,,,,
0.0194,0.021222194656729698,5.4347826086956525e-06,7.282608695652174,1675,,,,,,,,
,,,7.282608695652174,1675,0.7090052962303162,0.8897058823529411,0.918918918918919,572.549,,,,
0.0923,0.022958945482969284,5.2173913043478265e-06,7.391304347826087,1700,,,,,,,,
,,,7.391304347826087,1700,0.7220550179481506,0.8823529411764706,0.9180887372013652,580.6886,,,,
0.0462,0.01316927745938301,5e-06,7.5,1725,,,,,,,,
,,,7.5,1725,0.823681116104126,0.8651960784313726,0.897196261682243,588.7079,,,,
0.0638,0.031102275475859642,4.782608695652174e-06,7.608695652173913,1750,,,,,,,,
,,,7.608695652173913,1750,0.7262625694274902,0.8799019607843137,0.9153713298791019,596.6561,,,,
0.0271,14.280595779418945,4.565217391304348e-06,7.717391304347826,1775,,,,,,,,
,,,7.717391304347826,1775,0.7607334852218628,0.8799019607843137,0.9104204753199269,604.6636,,,,
0.0341,0.02158203162252903,4.347826086956522e-06,7.826086956521739,1800,,,,,,,,
,,,7.826086956521739,1800,0.7282357215881348,0.8823529411764706,0.9136690647482014,612.5473,,,,
0.0164,0.45635268092155457,4.130434782608696e-06,7.934782608695652,1825,,,,,,,,
,,,7.934782608695652,1825,0.7222028374671936,0.8848039215686274,0.91651865008881,620.7876,,,,
0.0006,0.410518616437912,3.91304347826087e-06,8.043478260869565,1850,,,,,,,,
,,,8.043478260869565,1850,0.8023303151130676,0.8799019607843137,0.9107468123861567,628.6493,,,,
0.0191,0.00956362672150135,3.6956521739130436e-06,8.152173913043478,1875,,,,,,,,
,,,8.152173913043478,1875,0.80660480260849,0.8848039215686274,0.9147005444646098,636.7501,,,,
0.0193,0.011687499471008778,3.4782608695652175e-06,8.26086956521739,1900,,,,,,,,
,,,8.26086956521739,1900,0.7872921824455261,0.8774509803921569,0.9100719424460433,644.8298,,,,
0.022,0.023544076830148697,3.2608695652173914e-06,8.369565217391305,1925,,,,,,,,
,,,8.369565217391305,1925,0.7657500505447388,0.8848039215686274,0.9162210338680927,652.9897,,,,
0.007,0.012426089495420456,3.043478260869566e-06,8.478260869565217,1950,,,,,,,,
,,,8.478260869565217,1950,0.7997524738311768,0.8872549019607843,0.916058394160584,661.1114,,,,
0.0005,0.3332611620426178,2.8260869565217393e-06,8.58695652173913,1975,,,,,,,,
,,,8.58695652173913,1975,0.797874927520752,0.8848039215686274,0.9147005444646098,669.0218,,,,
0.0421,0.012058570049703121,2.6086956521739132e-06,8.695652173913043,2000,,,,,,,,
,,,8.695652173913043,2000,0.7469695806503296,0.8897058823529411,0.9203539823008849,676.962,,,,
0.0005,0.01282733678817749,2.391304347826087e-06,8.804347826086957,2025,,,,,,,,
,,,8.804347826086957,2025,0.7517001628875732,0.8872549019607843,0.9181494661921709,690.842,,,,
0.0013,0.034255873411893845,2.173913043478261e-06,8.91304347826087,2050,,,,,,,,
,,,8.91304347826087,2050,0.7685005068778992,0.8848039215686274,0.9153153153153154,698.8629,,,,
0.0686,0.014126505702733994,1.956521739130435e-06,9.021739130434783,2075,,,,,,,,
,,,9.021739130434783,2075,0.7982321977615356,0.8897058823529411,0.9174311926605504,706.7775,,,,
0.0143,0.6018763780593872,1.7391304347826088e-06,9.130434782608695,2100,,,,,,,,
,,,9.130434782608695,2100,0.7862486839294434,0.8921568627450981,0.9194139194139195,714.8839,,,,
0.0148,0.08904246240854263,1.521739130434783e-06,9.23913043478261,2125,,,,,,,,
,,,9.23913043478261,2125,0.7557612657546997,0.8848039215686274,0.9159212880143113,722.9761,,,,
0.035,0.009270638227462769,1.3043478260869566e-06,9.347826086956522,2150,,,,,,,,
,,,9.347826086956522,2150,0.7644336223602295,0.8848039215686274,0.9150090415913201,730.9548,,,,
0.0121,0.017675384879112244,1.0869565217391306e-06,9.456521739130435,2175,,,,,,,,
,,,9.456521739130435,2175,0.7947689890861511,0.8921568627450981,0.9197080291970803,739.0455,,,,
0.0005,0.14792759716510773,8.695652173913044e-07,9.565217391304348,2200,,,,,,,,
,,,9.565217391304348,2200,0.7857228517532349,0.8897058823529411,0.9180327868852459,746.9767,,,,
0.0494,0.010664050467312336,6.521739130434783e-07,9.673913043478262,2225,,,,,,,,
,,,9.673913043478262,2225,0.7718361020088196,0.8872549019607843,0.9169675090252707,754.904,,,,
0.0082,0.020767154172062874,4.347826086956522e-07,9.782608695652174,2250,,,,,,,,
,,,9.782608695652174,2250,0.7679892182350159,0.8872549019607843,0.9172661870503597,762.8165,,,,
0.0156,0.013481969013810158,2.173913043478261e-07,9.891304347826086,2275,,,,,,,,
,,,9.891304347826086,2275,0.7679494023323059,0.8872549019607843,0.9172661870503597,770.8563,,,,
0.0072,0.011540130712091923,0.0,10.0,2300,,,,,,,,
,,,10.0,2300,0.7688354849815369,0.8872549019607843,0.9172661870503597,778.7901,,,,
,,,10.0,2300,,,,778.4909,47.117,2.954,1441090083533520.0,0.14667960821853385
