loss,grad_norm,learning_rate,epoch,step,eval_loss,eval_accuracy,eval_f1,train_runtime,train_samples_per_second,train_steps_per_second,total_flos,train_loss
1.0935,3.448720693588257,1.99375e-05,0.0625,1,,,,,,,,
1.0345,3.489029884338379,1.9375e-05,0.625,10,,,,,,,,
,,,0.625,10,0.9835061430931091,0.5,0.2222222222222222,6.2153,,,,
0.9113,3.9124555587768555,1.8750000000000002e-05,1.25,20,,,,,,,,
,,,1.25,20,0.8410595655441284,0.6964285714285714,0.4872881355932203,12.1994,,,,
0.7251,4.94875431060791,1.8125e-05,1.875,30,,,,,,,,
,,,1.875,30,0.7758878469467163,0.6785714285714286,0.47391812865497074,18.0097,,,,
0.6412,7.1516337394714355,1.7500000000000002e-05,2.5,40,,,,,,,,
,,,2.5,40,0.75313800573349,0.6964285714285714,0.486277269528501,23.7361,,,,
0.5197,7.850236415863037,1.6875e-05,3.125,50,,,,,,,,
,,,3.125,50,0.5913644433021545,0.7678571428571429,0.5358974358974359,29.5474,,,,
0.3883,23.766742706298828,1.6250000000000002e-05,3.75,60,,,,,,,,
,,,3.75,60,0.5450149178504944,0.7857142857142857,0.5478595478595479,35.5336,,,,
0.271,12.257926940917969,1.5625e-05,4.375,70,,,,,,,,
,,,4.375,70,0.344869464635849,0.8392857142857143,0.5857309941520468,41.1171,,,,
0.1327,1.127218246459961,1.5000000000000002e-05,5.0,80,,,,,,,,
,,,5.0,80,0.3363960087299347,0.875,0.7145244062537297,46.9605,,,,
0.0922,2.7728331089019775,1.4375e-05,5.625,90,,,,,,,,
,,,5.625,90,0.5353261232376099,0.7857142857142857,0.5467643467643467,53.2659,,,,
0.1076,2.741837739944458,1.375e-05,6.25,100,,,,,,,,
,,,6.25,100,0.39758381247520447,0.8928571428571429,0.8685475444096133,58.9273,,,,
0.0544,0.3998754918575287,1.3125e-05,6.875,110,,,,,,,,
,,,6.875,110,0.35783734917640686,0.8928571428571429,0.8495481127060073,64.6476,,,,
0.0715,0.865753173828125,1.25e-05,7.5,120,,,,,,,,
,,,7.5,120,0.26566722989082336,0.9285714285714286,0.9049145299145298,69.9749,,,,
0.0105,0.24752923846244812,1.1875e-05,8.125,130,,,,,,,,
,,,8.125,130,0.25126710534095764,0.9107142857142857,0.8636717580113807,76.0322,,,,
0.0091,0.1469348520040512,1.125e-05,8.75,140,,,,,,,,
,,,8.75,140,0.22983083128929138,0.9107142857142857,0.8761593016912165,82.4505,,,,
0.0049,0.0845845490694046,1.0625e-05,9.375,150,,,,,,,,
,,,9.375,150,0.3537142872810364,0.8571428571428571,0.8125241966705382,88.284,,,,
0.0034,0.04477405175566673,1e-05,10.0,160,,,,,,,,
,,,10.0,160,0.3273935317993164,0.9107142857142857,0.8649190315856982,94.1031,,,,
0.0027,0.08709264546632767,9.375000000000001e-06,10.625,170,,,,,,,,
,,,10.625,170,0.35793566703796387,0.9107142857142857,0.8761593016912165,100.4097,,,,
0.0027,0.04037009924650192,8.750000000000001e-06,11.25,180,,,,,,,,
,,,11.25,180,0.2962186634540558,0.9285714285714286,0.8897162449254328,106.1383,,,,
0.002,0.054753515869379044,8.125000000000001e-06,11.875,190,,,,,,,,
,,,11.875,190,0.3561020493507385,0.8928571428571429,0.8512030605053861,112.397,,,,
0.0019,0.026065722107887268,7.500000000000001e-06,12.5,200,,,,,,,,
,,,12.5,200,0.3377556800842285,0.8928571428571429,0.8512030605053861,118.0772,,,,
0.0018,0.028154520317912102,6.875e-06,13.125,210,,,,,,,,
,,,13.125,210,0.3128180205821991,0.8928571428571429,0.8624708624708624,123.7956,,,,
0.0017,0.035450659692287445,6.25e-06,13.75,220,,,,,,,,
,,,13.75,220,0.30191588401794434,0.9285714285714286,0.8897162449254328,130.2001,,,,
0.0015,0.02268112450838089,5.625e-06,14.375,230,,,,,,,,
,,,14.375,230,0.29943832755088806,0.9285714285714286,0.8897162449254328,136.4047,,,,
0.0015,0.036693546921014786,5e-06,15.0,240,,,,,,,,
,,,15.0,240,0.29882192611694336,0.9285714285714286,0.8897162449254328,142.0716,,,,
0.0014,0.018692202866077423,4.3750000000000005e-06,15.625,250,,,,,,,,
,,,15.625,250,0.29686957597732544,0.9285714285714286,0.8897162449254328,147.985,,,,
0.0014,0.47688958048820496,3.7500000000000005e-06,16.25,260,,,,,,,,
,,,16.25,260,0.29436787962913513,0.9285714285714286,0.8897162449254328,154.0831,,,,
0.0013,0.02996494621038437,3.125e-06,16.875,270,,,,,,,,
,,,16.875,270,0.2860158085823059,0.9285714285714286,0.8897162449254328,160.087,,,,
0.0014,0.01728806085884571,2.5e-06,17.5,280,,,,,,,,
,,,17.5,280,0.2824229896068573,0.9285714285714286,0.8897162449254328,166.3241,,,,
0.0013,0.01823536306619644,1.8750000000000003e-06,18.125,290,,,,,,,,
,,,18.125,290,0.28077027201652527,0.9285714285714286,0.8897162449254328,172.1042,,,,
0.0013,0.02679011970758438,1.25e-06,18.75,300,,,,,,,,
,,,18.75,300,0.2803727388381958,0.9285714285714286,0.8897162449254328,178.4002,,,,
0.0013,0.04058746248483658,6.25e-07,19.375,310,,,,,,,,
,,,19.375,310,0.2806519567966461,0.9285714285714286,0.8897162449254328,183.7771,,,,
0.0013,0.023537879809737206,0.0,20.0,320,,,,,,,,
,,,20.0,320,0.28087398409843445,0.9464285714285714,0.9176060118089104,189.8535,,,,
,,,20.0,320,,,,189.4012,26.399,1.69,446840583950880.0,0.15655417637317443
