loss,grad_norm,learning_rate,epoch,step,eval_loss,eval_accuracy,eval_f1,train_runtime,train_samples_per_second,train_steps_per_second,total_flos,train_loss
1.1838,4.308812141418457,1e-05,0.0625,1,,,,,,,,
1.0989,3.5036778450012207,0.0001,0.625,10,,,,,,,,
,,,0.625,10,1.0499141216278076,0.4107142857142857,0.1940928270042194,4.8014,,,,
0.956,3.4464521408081055,0.0002,1.25,20,,,,,,,,
,,,1.25,20,0.922865092754364,0.4107142857142857,0.1940928270042194,9.2764,,,,
0.8717,2.9207916259765625,0.0003,1.875,30,,,,,,,,
,,,1.875,30,0.8855097889900208,0.6964285714285714,0.482089552238806,13.6183,,,,
0.883,2.491060733795166,0.0004,2.5,40,,,,,,,,
,,,2.5,40,0.7988222241401672,0.6964285714285714,0.4872881355932203,17.9455,,,,
0.6678,4.093204975128174,0.0005,3.125,50,,,,,,,,
,,,3.125,50,0.6816777586936951,0.6964285714285714,0.4872881355932203,22.288,,,,
0.5766,6.956174850463867,0.00048148148148148144,3.75,60,,,,,,,,
,,,3.75,60,0.6193632483482361,0.75,0.5249824067558058,26.7586,,,,
0.3519,6.162473678588867,0.000462962962962963,4.375,70,,,,,,,,
,,,4.375,70,0.4281434714794159,0.8214285714285714,0.5741525423728813,30.9895,,,,
0.2173,9.256793975830078,0.0004444444444444444,5.0,80,,,,,,,,
,,,5.0,80,0.42575153708457947,0.8571428571428571,0.5994297933000713,35.3361,,,,
0.1362,3.0353543758392334,0.00042592592592592595,5.625,90,,,,,,,,
,,,5.625,90,0.3849182724952698,0.8392857142857143,0.5866188769414576,40.0728,,,,
0.0828,8.847543716430664,0.0004074074074074074,6.25,100,,,,,,,,
,,,6.25,100,0.4213959872722626,0.8571428571428571,0.7748257839721256,44.3297,,,,
0.067,14.201140403747559,0.0003888888888888889,6.875,110,,,,,,,,
,,,6.875,110,0.33692309260368347,0.875,0.7154589371980676,48.635,,,,
0.0342,4.373781681060791,0.00037037037037037035,7.5,120,,,,,,,,
,,,7.5,120,0.35548290610313416,0.9107142857142857,0.8624452067848294,52.628,,,,
0.0096,0.2135099321603775,0.0003518518518518519,8.125,130,,,,,,,,
,,,8.125,130,0.28320351243019104,0.8928571428571429,0.8670565302144251,57.2016,,,,
0.0117,0.2630835175514221,0.0003333333333333333,8.75,140,,,,,,,,
,,,8.75,140,0.4427562654018402,0.9285714285714286,0.8780766852195424,62.019,,,,
0.0033,2.315842866897583,0.0003148148148148148,9.375,150,,,,,,,,
,,,9.375,150,0.3372655212879181,0.9285714285714286,0.89320987654321,66.4266,,,,
0.0042,0.0022357061970978975,0.0002962962962962963,10.0,160,,,,,,,,
,,,10.0,160,0.32577866315841675,0.9285714285714286,0.8780766852195424,70.7576,,,,
0.0008,0.01669660583138466,0.0002777777777777778,10.625,170,,,,,,,,
,,,10.625,170,0.36533239483833313,0.8928571428571429,0.8513810420590082,75.4805,,,,
0.0321,0.9746548533439636,0.00025925925925925926,11.25,180,,,,,,,,
,,,11.25,180,0.22479356825351715,0.9464285714285714,0.9302091206853111,79.7937,,,,
0.0003,0.005246602464467287,0.00024074074074074072,11.875,190,,,,,,,,
,,,11.875,190,0.14716854691505432,0.9285714285714286,0.9164335960674633,84.4943,,,,
0.0001,0.003875098191201687,0.0002222222222222222,12.5,200,,,,,,,,
,,,12.5,200,0.14176060259342194,0.9285714285714286,0.9164335960674633,88.7492,,,,
0.0033,13.706368446350098,0.0002037037037037037,13.125,210,,,,,,,,
,,,13.125,210,0.235110804438591,0.9464285714285714,0.9302091206853111,93.0303,,,,
0.0002,0.002880030544474721,0.00018518518518518518,13.75,220,,,,,,,,
,,,13.75,220,0.24173696339130402,0.9285714285714286,0.9164335960674633,97.826,,,,
0.0003,0.0021370630711317062,0.00016666666666666666,14.375,230,,,,,,,,
,,,14.375,230,0.2529321312904358,0.9285714285714286,0.9164335960674633,102.4795,,,,
0.0001,0.0038425421807914972,0.00014814814814814815,15.0,240,,,,,,,,
,,,15.0,240,0.2619321346282959,0.9285714285714286,0.9164335960674633,106.6818,,,,
0.0002,0.0013437023153528571,0.00012962962962962963,15.625,250,,,,,,,,
,,,15.625,250,0.250466525554657,0.9464285714285714,0.9297816053135203,111.0761,,,,
0.0001,0.00818646140396595,0.0001111111111111111,16.25,260,,,,,,,,
,,,16.25,260,0.2466815859079361,0.9464285714285714,0.9297816053135203,115.6324,,,,
0.0002,0.0065538110211491585,9.259259259259259e-05,16.875,270,,,,,,,,
,,,16.875,270,0.24538294970989227,0.9464285714285714,0.9297816053135203,120.1103,,,,
0.0009,0.0025343880988657475,7.407407407407407e-05,17.5,280,,,,,,,,
,,,17.5,280,0.23336413502693176,0.9285714285714286,0.9164335960674633,124.7878,,,,
0.0001,0.01462468784302473,5.555555555555555e-05,18.125,290,,,,,,,,
,,,18.125,290,0.24094568192958832,0.9642857142857143,0.9430134680134681,129.0802,,,,
0.0003,0.017151936888694763,3.7037037037037037e-05,18.75,300,,,,,,,,
,,,18.75,300,0.23807451128959656,0.9642857142857143,0.9430134680134681,133.779,,,,
0.001,0.027684947475790977,1.8518518518518518e-05,19.375,310,,,,,,,,
,,,19.375,310,0.2032553255558014,0.9285714285714286,0.9164335960674633,137.8027,,,,
0.0004,0.01424817368388176,0.0,20.0,320,,,,,,,,
,,,20.0,320,0.20104028284549713,0.9285714285714286,0.9164335960674633,142.364,,,,
,,,20.0,320,,,,141.8701,35.244,2.256,450703104828480.0,0.1881652065902017
