loss,grad_norm,learning_rate,epoch,step,eval_loss,eval_accuracy,eval_f1,train_runtime,train_samples_per_second,train_steps_per_second,total_flos,train_loss
0.6923,1.6548874378204346,2.5000000000000004e-07,0.0,1,,,,,,,,
0.681,2.009695529937744,6.25e-06,0.11,25,,,,,,,,
,,,0.11,25,0.6629350185394287,0.6838235294117647,0.8122270742358079,8.7223,,,,
0.6626,4.4424872398376465,1.25e-05,0.22,50,,,,,,,,
,,,0.22,50,0.6147263050079346,0.6838235294117647,0.8122270742358079,17.0985,,,,
0.6114,3.6043739318847656,1.8750000000000002e-05,0.33,75,,,,,,,,
,,,0.33,75,0.5643826127052307,0.6911764705882353,0.8157894736842105,25.621,,,,
0.5564,7.2021307945251465,2.5e-05,0.43,100,,,,,,,,
,,,0.43,100,0.4704872667789459,0.7328431372549019,0.8304821150855365,33.7766,,,,
0.4576,28.61225700378418,3.125e-05,0.54,125,,,,,,,,
,,,0.54,125,0.6510270237922668,0.7696078431372549,0.8540372670807453,41.8363,,,,
0.471,8.662917137145996,3.7500000000000003e-05,0.65,150,,,,,,,,
,,,0.65,150,0.4448503851890564,0.8235294117647058,0.8819672131147541,49.7626,,,,
0.5223,6.091253757476807,4.375e-05,0.76,175,,,,,,,,
,,,0.76,175,0.5129552483558655,0.8137254901960784,0.8782051282051283,57.8817,,,,
0.5281,13.035066604614258,5e-05,0.87,200,,,,,,,,
,,,0.87,200,0.3444083631038666,0.8627450980392157,0.9,65.8663,,,,
0.5357,8.67577075958252,4.940476190476191e-05,0.98,225,,,,,,,,
,,,0.98,225,0.4668779671192169,0.7965686274509803,0.8388349514563107,73.8479,,,,
0.4682,60.74458312988281,4.880952380952381e-05,1.09,250,,,,,,,,
,,,1.09,250,0.6338707208633423,0.7622549019607843,0.8482003129890453,81.5231,,,,
0.4818,3.8677327632904053,4.8214285714285716e-05,1.2,275,,,,,,,,
,,,1.2,275,0.37676483392715454,0.8602941176470589,0.9038785834738617,89.6273,,,,
0.4825,11.567371368408203,4.761904761904762e-05,1.3,300,,,,,,,,
,,,1.3,300,0.40603581070899963,0.8602941176470589,0.893854748603352,97.7851,,,,
0.3824,7.915708541870117,4.7023809523809525e-05,1.41,325,,,,,,,,
,,,1.41,325,0.34131723642349243,0.8504901960784313,0.8876611418047882,105.9056,,,,
0.3992,23.231027603149414,4.642857142857143e-05,1.52,350,,,,,,,,
,,,1.52,350,0.3486432135105133,0.875,0.9081081081081082,114.0838,,,,
0.4049,15.011173248291016,4.5833333333333334e-05,1.63,375,,,,,,,,
,,,1.63,375,0.4003353416919708,0.8480392156862745,0.8927335640138409,122.0631,,,,
0.3171,12.726789474487305,4.523809523809524e-05,1.74,400,,,,,,,,
,,,1.74,400,0.40729859471321106,0.8651960784313726,0.9040139616055847,130.1452,,,,
0.3842,25.727191925048828,4.464285714285715e-05,1.85,425,,,,,,,,
,,,1.85,425,0.34101760387420654,0.8676470588235294,0.9035714285714286,138.2367,,,,
0.4049,21.15266990661621,4.404761904761905e-05,1.96,450,,,,,,,,
,,,1.96,450,0.33098870515823364,0.8455882352941176,0.893760539629005,146.366,,,,
0.3151,21.537700653076172,4.345238095238096e-05,2.07,475,,,,,,,,
,,,2.07,475,0.4446473717689514,0.8627450980392157,0.9027777777777778,154.1157,,,,
0.3,104.43509674072266,4.2857142857142856e-05,2.17,500,,,,,,,,
,,,2.17,500,0.4237935543060303,0.8651960784313726,0.9019607843137256,162.1442,,,,
0.2423,19.220720291137695,4.226190476190476e-05,2.28,525,,,,,,,,
,,,2.28,525,0.42945483326911926,0.8676470588235294,0.9039145907473309,179.6408,,,,
0.3019,3.903630018234253,4.166666666666667e-05,2.39,550,,,,,,,,
,,,2.39,550,0.37045010924339294,0.8725490196078431,0.907473309608541,187.6877,,,,
0.2878,36.5424690246582,4.107142857142857e-05,2.5,575,,,,,,,,
,,,2.5,575,0.4983707368373871,0.8382352941176471,0.8896321070234114,196.0335,,,,
0.3342,27.462392807006836,4.047619047619048e-05,2.61,600,,,,,,,,
,,,2.61,600,0.5221114754676819,0.8578431372549019,0.903010033444816,204.3945,,,,
0.2886,5.561734199523926,3.9880952380952386e-05,2.72,625,,,,,,,,
,,,2.72,625,0.4526323676109314,0.8553921568627451,0.9005059021922428,212.6944,,,,
0.3427,34.73641586303711,3.928571428571429e-05,2.83,650,,,,,,,,
,,,2.83,650,0.46399185061454773,0.8431372549019608,0.8904109589041096,220.8824,,,,
0.3332,21.847299575805664,3.8690476190476195e-05,2.93,675,,,,,,,,
,,,2.93,675,0.3134254813194275,0.8823529411764706,0.9151943462897526,229.0179,,,,
0.182,1.8718481063842773,3.809523809523809e-05,3.04,700,,,,,,,,
,,,3.04,700,0.5312162637710571,0.8529411764705882,0.9000000000000001,236.6613,,,,
0.2205,28.51685333251953,3.7500000000000003e-05,3.15,725,,,,,,,,
,,,3.15,725,0.5549704432487488,0.8651960784313726,0.9056603773584906,244.6437,,,,
0.2514,0.48160356283187866,3.690476190476191e-05,3.26,750,,,,,,,,
,,,3.26,750,0.6134673357009888,0.8774509803921569,0.9143835616438356,252.642,,,,
0.2095,49.921897888183594,3.630952380952381e-05,3.37,775,,,,,,,,
,,,3.37,775,0.45450419187545776,0.8848039215686274,0.9171075837742505,260.5452,,,,
0.1638,23.619535446166992,3.571428571428572e-05,3.48,800,,,,,,,,
,,,3.48,800,0.7077614068984985,0.8186274509803921,0.8798701298701299,268.5915,,,,
0.3617,10.796369552612305,3.511904761904762e-05,3.59,825,,,,,,,,
,,,3.59,825,0.3703458309173584,0.8872549019607843,0.9181494661921709,276.6903,,,,
0.2017,8.657670974731445,3.4523809523809526e-05,3.7,850,,,,,,,,
,,,3.7,850,0.3920755684375763,0.8700980392156863,0.9061946902654867,284.9393,,,,
0.1503,63.35857009887695,3.392857142857143e-05,3.8,875,,,,,,,,
,,,3.8,875,0.5291132926940918,0.875,0.9103690685413005,293.0392,,,,
0.2389,26.275779724121094,3.3333333333333335e-05,3.91,900,,,,,,,,
,,,3.91,900,0.6749005913734436,0.8578431372549019,0.9033333333333333,301.2011,,,,
0.2957,0.6098182201385498,3.273809523809524e-05,4.02,925,,,,,,,,
,,,4.02,925,0.4051577150821686,0.875,0.9103690685413005,309.123,,,,
0.1044,24.175472259521484,3.2142857142857144e-05,4.13,950,,,,,,,,
,,,4.13,950,0.6560801863670349,0.8897058823529411,0.9217391304347826,317.2293,,,,
0.17,35.913665771484375,3.154761904761905e-05,4.24,975,,,,,,,,
,,,4.24,975,0.6526162624359131,0.8872549019607843,0.9212328767123288,325.1678,,,,
0.2074,12.143095970153809,3.095238095238095e-05,4.35,1000,,,,,,,,
,,,4.35,1000,0.48282065987586975,0.8921568627450981,0.923076923076923,333.1389,,,,
0.1431,24.084897994995117,3.0357142857142857e-05,4.46,1025,,,,,,,,
,,,4.46,1025,0.5251874923706055,0.8823529411764706,0.9130434782608696,348.1195,,,,
0.1212,0.09989289194345474,2.9761904761904762e-05,4.57,1050,,,,,,,,
,,,4.57,1050,0.7444155812263489,0.8627450980392157,0.9060402684563759,356.2205,,,,
0.0897,0.04265841096639633,2.916666666666667e-05,4.67,1075,,,,,,,,
,,,4.67,1075,0.6732731461524963,0.8651960784313726,0.9001814882032667,364.4488,,,,
0.1689,1.3221956491470337,2.857142857142857e-05,4.78,1100,,,,,,,,
,,,4.78,1100,0.9227436780929565,0.8431372549019608,0.8940397350993377,372.7023,,,,
0.1754,28.836668014526367,2.797619047619048e-05,4.89,1125,,,,,,,,
,,,4.89,1125,0.5551024675369263,0.875,0.9100529100529101,380.8493,,,,
0.122,0.10480950772762299,2.7380952380952383e-05,5.0,1150,,,,,,,,
,,,5.0,1150,0.46851813793182373,0.8799019607843137,0.9123434704830053,388.9615,,,,
0.1112,20.408628463745117,2.6785714285714288e-05,5.11,1175,,,,,,,,
,,,5.11,1175,0.6194375157356262,0.8799019607843137,0.9153713298791019,396.919,,,,
0.0695,0.1044304221868515,2.6190476190476192e-05,5.22,1200,,,,,,,,
,,,5.22,1200,0.6911748051643372,0.8774509803921569,0.9143835616438356,405.0168,,,,
0.0929,15.497742652893066,2.5595238095238093e-05,5.33,1225,,,,,,,,
,,,5.33,1225,0.5386003255844116,0.8823529411764706,0.9133574007220215,413.0729,,,,
0.1387,0.12209896743297577,2.5e-05,5.43,1250,,,,,,,,
,,,5.43,1250,0.5413127541542053,0.8725490196078431,0.9090909090909091,420.9556,,,,
0.0686,1.5795925855636597,2.4404761904761906e-05,5.54,1275,,,,,,,,
,,,5.54,1275,0.7391518354415894,0.8700980392156863,0.9081455805892548,428.9517,,,,
0.0152,0.03526045009493828,2.380952380952381e-05,5.65,1300,,,,,,,,
,,,5.65,1300,0.826674222946167,0.8651960784313726,0.9046793760831888,436.997,,,,
0.0982,0.08555474877357483,2.3214285714285715e-05,5.76,1325,,,,,,,,
,,,5.76,1325,0.7961781620979309,0.8676470588235294,0.9045936395759717,445.2093,,,,
0.1267,38.31861114501953,2.261904761904762e-05,5.87,1350,,,,,,,,
,,,5.87,1350,0.7211567163467407,0.8578431372549019,0.8986013986013986,453.424,,,,
0.1027,0.15614205598831177,2.2023809523809524e-05,5.98,1375,,,,,,,,
,,,5.98,1375,0.5223676562309265,0.875,0.9074410163339381,461.6838,,,,
0.1192,98.42545318603516,2.1428571428571428e-05,6.09,1400,,,,,,,,
,,,6.09,1400,0.6573325991630554,0.8725490196078431,0.912751677852349,469.6304,,,,
0.0311,75.37257385253906,2.0833333333333336e-05,6.2,1425,,,,,,,,
,,,6.2,1425,0.7477318048477173,0.8700980392156863,0.9087779690189328,477.9887,,,,
0.0242,0.4389362633228302,2.023809523809524e-05,6.3,1450,,,,,,,,
,,,6.3,1450,0.7709091305732727,0.875,0.9100529100529101,485.8728,,,,
0.097,7.848697185516357,1.9642857142857145e-05,6.41,1475,,,,,,,,
,,,6.41,1475,0.8058450818061829,0.875,0.9122203098106711,493.9741,,,,
0.0654,22.88886833190918,1.9047619047619046e-05,6.52,1500,,,,,,,,
,,,6.52,1500,0.8224399089813232,0.8651960784313726,0.9026548672566371,501.9327,,,,
0.0965,0.026743946596980095,1.8452380952380954e-05,6.63,1525,,,,,,,,
,,,6.63,1525,0.7627496123313904,0.8676470588235294,0.9035714285714286,524.4697,,,,
0.055,0.03790450468659401,1.785714285714286e-05,6.74,1550,,,,,,,,
,,,6.74,1550,0.6999871730804443,0.8799019607843137,0.9147826086956522,532.5162,,,,
0.0387,0.046708907932043076,1.7261904761904763e-05,6.85,1575,,,,,,,,
,,,6.85,1575,0.7338104844093323,0.8700980392156863,0.9048473967684021,540.7755,,,,
0.0438,0.04857828468084335,1.6666666666666667e-05,6.96,1600,,,,,,,,
,,,6.96,1600,0.8936964869499207,0.8602941176470589,0.9042016806722689,549.3374,,,,
0.0276,0.04800569638609886,1.6071428571428572e-05,7.07,1625,,,,,,,,
,,,7.07,1625,0.7770649790763855,0.8651960784313726,0.8998178506375228,557.4658,,,,
0.064,0.01700592041015625,1.5476190476190476e-05,7.17,1650,,,,,,,,
,,,7.17,1650,0.8697624802589417,0.8651960784313726,0.905982905982906,565.5736,,,,
0.043,0.06296688318252563,1.4880952380952381e-05,7.28,1675,,,,,,,,
,,,7.28,1675,0.728420615196228,0.8823529411764706,0.916083916083916,573.6231,,,,
0.0575,0.030168499797582626,1.4285714285714285e-05,7.39,1700,,,,,,,,
,,,7.39,1700,0.7366254925727844,0.875,0.9094138543516875,581.7007,,,,
0.0409,0.026821961626410484,1.3690476190476192e-05,7.5,1725,,,,,,,,
,,,7.5,1725,0.6907377243041992,0.875,0.9087656529516995,589.7618,,,,
0.0331,0.03585891053080559,1.3095238095238096e-05,7.61,1750,,,,,,,,
,,,7.61,1750,0.6758186221122742,0.8848039215686274,0.9176882661996497,597.7415,,,,
0.0037,0.026766926050186157,1.25e-05,7.72,1775,,,,,,,,
,,,7.72,1775,0.7367604374885559,0.8774509803921569,0.9128919860627178,605.7501,,,,
0.0012,0.10269735753536224,1.1904761904761905e-05,7.83,1800,,,,,,,,
,,,7.83,1800,0.7381892204284668,0.8823529411764706,0.916083916083916,613.7345,,,,
0.0139,0.02030772715806961,1.130952380952381e-05,7.93,1825,,,,,,,,
,,,7.93,1825,0.7810977697372437,0.8799019607843137,0.9147826086956522,622.0682,,,,
0.0007,0.03383468836545944,1.0714285714285714e-05,8.04,1850,,,,,,,,
,,,8.04,1850,0.8174691796302795,0.8799019607843137,0.9150779896013865,630.0018,,,,
0.0006,0.012497689574956894,1.011904761904762e-05,8.15,1875,,,,,,,,
,,,8.15,1875,0.7972040176391602,0.8823529411764706,0.916083916083916,638.153,,,,
0.0199,0.011149415746331215,9.523809523809523e-06,8.26,1900,,,,,,,,
,,,8.26,1900,0.7943164110183716,0.8774509803921569,0.9107142857142857,646.2989,,,,
0.0352,0.013426197692751884,8.92857142857143e-06,8.37,1925,,,,,,,,
,,,8.37,1925,0.7767770886421204,0.8848039215686274,0.9173989455184535,654.4923,,,,
0.0017,0.016475623473525047,8.333333333333334e-06,8.48,1950,,,,,,,,
,,,8.48,1950,0.7659164071083069,0.8848039215686274,0.9173989455184535,662.6864,,,,
0.0007,0.01334884762763977,7.738095238095238e-06,8.59,1975,,,,,,,,
,,,8.59,1975,0.7943781018257141,0.8823529411764706,0.9157894736842105,670.6145,,,,
0.0224,0.013037474825978279,7.142857142857143e-06,8.7,2000,,,,,,,,
,,,8.7,2000,0.8478812575340271,0.875,0.9116117850953207,678.6356,,,,
0.0183,0.013045127503573895,6.547619047619048e-06,8.8,2025,,,,,,,,
,,,8.8,2025,0.8484511971473694,0.8725490196078431,0.9097222222222222,696.4669,,,,
0.0061,0.028881656005978584,5.9523809523809525e-06,8.91,2050,,,,,,,,
,,,8.91,2050,0.8376762270927429,0.8774509803921569,0.912280701754386,704.6225,,,,
0.0493,0.011653915978968143,5.357142857142857e-06,9.02,2075,,,,,,,,
,,,9.02,2075,0.8105085492134094,0.8799019607843137,0.9129662522202486,712.6617,,,,
0.0202,0.011352531611919403,4.7619047619047615e-06,9.13,2100,,,,,,,,
,,,9.13,2100,0.7975924611091614,0.8848039215686274,0.9173989455184535,721.0115,,,,
0.0214,9.279595375061035,4.166666666666667e-06,9.24,2125,,,,,,,,
,,,9.24,2125,0.8547581434249878,0.875,0.911917098445596,729.2682,,,,
0.0161,0.015380599536001682,3.5714285714285714e-06,9.35,2150,,,,,,,,
,,,9.35,2150,0.8802372217178345,0.875,0.9122203098106711,737.3684,,,,
0.026,0.013651097193360329,2.9761904761904763e-06,9.46,2175,,,,,,,,
,,,9.46,2175,0.8706104755401611,0.8725490196078431,0.9103448275862069,745.4848,,,,
0.0275,0.013858029618859291,2.3809523809523808e-06,9.57,2200,,,,,,,,
,,,9.57,2200,0.8302990794181824,0.8774509803921569,0.9134948096885814,753.4684,,,,
0.0221,0.011293567717075348,1.7857142857142857e-06,9.67,2225,,,,,,,,
,,,9.67,2225,0.8167351484298706,0.8823529411764706,0.9166666666666667,761.3947,,,,
0.0206,0.010396027006208897,1.1904761904761904e-06,9.78,2250,,,,,,,,
,,,9.78,2250,0.8164607286453247,0.8823529411764706,0.9166666666666667,769.3896,,,,
0.0213,0.013473814353346825,5.952380952380952e-07,9.89,2275,,,,,,,,
,,,9.89,2275,0.8117387294769287,0.8823529411764706,0.9166666666666667,777.4619,,,,
0.0083,0.015334006398916245,0.0,10.0,2300,,,,,,,,
,,,10.0,2300,0.8119468688964844,0.8848039215686274,0.9182608695652175,785.4469,,,,
,,,10.0,2300,,,,785.0581,46.723,2.93,1441090083533520.0,0.18578995707404355
