loss,grad_norm,learning_rate,epoch,step,eval_loss,eval_accuracy,eval_f1,train_runtime,train_samples_per_second,train_steps_per_second,total_flos,train_loss
2.3243,3.7305033206939697,0.0001,0.0625,1,,,,,,,,
2.1027,1.5176572799682617,0.001,0.625,10,,,,,,,,
,,,0.625,10,1.907573938369751,0.5,0.24617886178861784,4.7325,,,,
1.6902,1.3565673828125,0.002,1.25,20,,,,,,,,
,,,1.25,20,1.0851836204528809,0.6785714285714286,0.46383526383526386,9.0723,,,,
1.1018,2.0045549869537354,0.003,1.875,30,,,,,,,,
,,,1.875,30,0.9103006720542908,0.6964285714285714,0.4872881355932203,13.2623,,,,
1.0671,2.0662970542907715,0.004,2.5,40,,,,,,,,
,,,2.5,40,0.989872395992279,0.5,0.30821730821730825,17.4353,,,,
0.9139,2.530036211013794,0.005,3.125,50,,,,,,,,
,,,3.125,50,1.016381025314331,0.6785714285714286,0.4595238095238095,21.6374,,,,
0.9247,2.9373786449432373,0.004814814814814814,3.75,60,,,,,,,,
,,,3.75,60,0.7730064988136292,0.75,0.5211161387631976,25.9588,,,,
0.6719,2.6137359142303467,0.004629629629629629,4.375,70,,,,,,,,
,,,4.375,70,0.7263481020927429,0.8035714285714286,0.7171717171717171,30.2942,,,,
0.4708,2.598778486251831,0.0044444444444444444,5.0,80,,,,,,,,
,,,5.0,80,0.6930727362632751,0.8214285714285714,0.5740350877192982,34.4448,,,,
0.4828,1.5041404962539673,0.0042592592592592595,5.625,90,,,,,,,,
,,,5.625,90,0.66722571849823,0.875,0.6120567375886524,38.9525,,,,
0.4468,2.123166561126709,0.004074074074074074,6.25,100,,,,,,,,
,,,6.25,100,0.5146785974502563,0.8928571428571429,0.8653605224576837,43.1586,,,,
0.3553,2.720961809158325,0.003888888888888889,6.875,110,,,,,,,,
,,,6.875,110,0.41187360882759094,0.9285714285714286,0.8774952919020715,47.2595,,,,
0.1948,0.7488371729850769,0.0037037037037037034,7.5,120,,,,,,,,
,,,7.5,120,0.23496116697788239,0.9464285714285714,0.9309263496906518,51.0772,,,,
0.1646,4.117318153381348,0.0035185185185185185,8.125,130,,,,,,,,
,,,8.125,130,0.4067089557647705,0.9107142857142857,0.8709322636992948,55.6777,,,,
0.161,3.8279314041137695,0.003333333333333333,8.75,140,,,,,,,,
,,,8.75,140,0.6457927823066711,0.875,0.8548717948717949,60.315,,,,
0.1558,0.3751661777496338,0.003148148148148148,9.375,150,,,,,,,,
,,,9.375,150,0.21548281610012054,0.9642857142857143,0.9733542319749215,64.4737,,,,
0.0697,0.14724919199943542,0.002962962962962963,10.0,160,,,,,,,,
,,,10.0,160,0.2339581549167633,0.9642857142857143,0.9430134680134681,68.7106,,,,
0.1201,0.315782368183136,0.002777777777777778,10.625,170,,,,,,,,
,,,10.625,170,0.09847509860992432,0.9642857142857143,0.9426222561234003,73.1771,,,,
0.0535,0.3252558708190918,0.0025925925925925925,11.25,180,,,,,,,,
,,,11.25,180,0.1004553884267807,0.9821428571428571,0.9867446393762184,77.2851,,,,
0.0486,0.14655029773712158,0.002407407407407407,11.875,190,,,,,,,,
,,,11.875,190,0.2315024882555008,0.9285714285714286,0.9174283717679944,81.8976,,,,
0.042,0.14859679341316223,0.0022222222222222222,12.5,200,,,,,,,,
,,,12.5,200,0.09809432923793793,0.9642857142857143,0.9736024844720497,86.0335,,,,
0.0603,0.152965247631073,0.002037037037037037,13.125,210,,,,,,,,
,,,13.125,210,0.19382919371128082,0.9464285714285714,0.8906796601699151,90.1918,,,,
0.0251,0.14478518068790436,0.0018518518518518517,13.75,220,,,,,,,,
,,,13.75,220,0.12233446538448334,0.9821428571428571,0.9867446393762184,94.8294,,,,
0.0158,0.4562849700450897,0.0016666666666666666,14.375,230,,,,,,,,
,,,14.375,230,0.15924903750419617,0.9642857142857143,0.9486975013290803,99.2987,,,,
0.0336,0.14458520710468292,0.0014814814814814814,15.0,240,,,,,,,,
,,,15.0,240,0.1516546905040741,0.9642857142857143,0.9426222561234003,103.3627,,,,
0.0145,0.1443682760000229,0.0012962962962962963,15.625,250,,,,,,,,
,,,15.625,250,0.17267198860645294,0.9642857142857143,0.9426222561234003,107.6101,,,,
0.0122,0.14442439377307892,0.0011111111111111111,16.25,260,,,,,,,,
,,,16.25,260,0.18374869227409363,0.9464285714285714,0.9052631578947369,112.089,,,,
0.007,0.14551995694637299,0.0009259259259259259,16.875,270,,,,,,,,
,,,16.875,270,0.1845179945230484,0.9464285714285714,0.9052631578947369,116.3666,,,,
0.0086,0.14435383677482605,0.0007407407407407407,17.5,280,,,,,,,,
,,,17.5,280,0.15779826045036316,0.9464285714285714,0.9052631578947369,120.9702,,,,
0.0061,0.1443752497434616,0.0005555555555555556,18.125,290,,,,,,,,
,,,18.125,290,0.1515442430973053,0.9464285714285714,0.9052631578947369,125.0729,,,,
0.0039,0.14439094066619873,0.00037037037037037035,18.75,300,,,,,,,,
,,,18.75,300,0.16042950749397278,0.9464285714285714,0.9052631578947369,129.5525,,,,
0.0024,0.18433143198490143,0.00018518518518518518,19.375,310,,,,,,,,
,,,19.375,310,0.1620573252439499,0.9464285714285714,0.9052631578947369,133.5117,,,,
0.0177,0.14655952155590057,0.0,20.0,320,,,,,,,,
,,,20.0,320,0.15773381292819977,0.9464285714285714,0.9052631578947369,137.8721,,,,
,,,20.0,320,,,,137.3719,36.398,2.329,452243323863360.0,0.3583606693544425
