loss,grad_norm,learning_rate,epoch,step,eval_loss,eval_accuracy,eval_f1,train_runtime,train_samples_per_second,train_steps_per_second,total_flos,train_loss
0.6801,0.5721047520637512,2.5e-06,0.0,1,,,,,,,,
0.7134,0.826542854309082,6.25e-05,0.11,25,,,,,,,,
,,,0.11,25,0.6587017178535461,0.6838235294117647,0.8122270742358079,7.2243,,,,
0.6627,1.4569088220596313,0.000125,0.22,50,,,,,,,,
,,,0.22,50,0.6246621608734131,0.6838235294117647,0.8122270742358079,12.3248,,,,
0.6382,2.6805808544158936,0.0001875,0.33,75,,,,,,,,
,,,0.33,75,0.6216995120048523,0.6838235294117647,0.8122270742358079,17.5584,,,,
0.6381,0.6581926941871643,0.00025,0.43,100,,,,,,,,
,,,0.43,100,0.6135174036026001,0.6838235294117647,0.8122270742358079,22.7266,,,,
0.5988,0.9440176486968994,0.0003125,0.54,125,,,,,,,,
,,,0.54,125,0.592168390750885,0.6936274509803921,0.8169838945827232,28.0045,,,,
0.6126,4.129935264587402,0.000375,0.65,150,,,,,,,,
,,,0.65,150,0.5476598143577576,0.7107843137254902,0.8190184049079755,33.2363,,,,
0.5596,2.236154794692993,0.0004375,0.76,175,,,,,,,,
,,,0.76,175,0.515376091003418,0.7573529411764706,0.8426073131955484,38.7139,,,,
0.5567,1.9088568687438965,0.0005,0.87,200,,,,,,,,
,,,0.87,200,0.48953184485435486,0.75,0.8401253918495298,44.1022,,,,
0.528,0.8958712816238403,0.0004940476190476191,0.98,225,,,,,,,,
,,,0.98,225,0.4470372200012207,0.7916666666666666,0.8576214405360134,49.5315,,,,
0.4882,1.2152206897735596,0.0004880952380952381,1.09,250,,,,,,,,
,,,1.09,250,0.460268497467041,0.7843137254901961,0.8557377049180328,54.7194,,,,
0.5102,1.0347037315368652,0.00048214285714285715,1.2,275,,,,,,,,
,,,1.2,275,0.630231499671936,0.7598039215686274,0.8492307692307691,60.1692,,,,
0.4617,2.290881872177124,0.0004761904761904762,1.3,300,,,,,,,,
,,,1.3,300,0.3952658474445343,0.8186274509803921,0.8737201365187712,65.6632,,,,
0.4055,2.7141342163085938,0.00047023809523809523,1.41,325,,,,,,,,
,,,1.41,325,0.3767465651035309,0.8259803921568627,0.8626692456479691,71.1366,,,,
0.4812,3.7195253372192383,0.00046428571428571433,1.52,350,,,,,,,,
,,,1.52,350,0.4172053635120392,0.7941176470588235,0.8636363636363636,76.6538,,,,
0.4266,1.9679993391036987,0.0004583333333333333,1.63,375,,,,,,,,
,,,1.63,375,0.43337467312812805,0.8063725490196079,0.870279146141215,82.0425,,,,
0.3222,1.912222146987915,0.00045238095238095237,1.74,400,,,,,,,,
,,,1.74,400,0.4405098259449005,0.8431372549019608,0.891156462585034,87.5354,,,,
0.4602,3.230537176132202,0.00044642857142857147,1.85,425,,,,,,,,
,,,1.85,425,0.3429862856864929,0.8480392156862745,0.8916083916083916,93.0319,,,,
0.4082,2.4361560344696045,0.00044047619047619046,1.96,450,,,,,,,,
,,,1.96,450,0.33293724060058594,0.8676470588235294,0.9035714285714286,98.6267,,,,
0.3671,2.3388280868530273,0.00043452380952380956,2.07,475,,,,,,,,
,,,2.07,475,0.3965821862220764,0.8431372549019608,0.8904109589041096,103.822,,,,
0.3228,1.7094680070877075,0.00042857142857142855,2.17,500,,,,,,,,
,,,2.17,500,0.37433260679244995,0.8578431372549019,0.8964285714285715,109.3226,,,,
0.3884,2.2821452617645264,0.00042261904761904765,2.28,525,,,,,,,,
,,,2.28,525,0.36377277970314026,0.8333333333333334,0.8827586206896552,115.2875,,,,
0.3332,2.922877788543701,0.0004166666666666667,2.39,550,,,,,,,,
,,,2.39,550,0.5134963393211365,0.803921568627451,0.8697068403908794,120.6841,,,,
0.3867,2.0630953311920166,0.0004107142857142857,2.5,575,,,,,,,,
,,,2.5,575,0.38660770654678345,0.8431372549019608,0.891891891891892,126.0842,,,,
0.3191,0.8356615304946899,0.0004047619047619048,2.61,600,,,,,,,,
,,,2.61,600,0.37163597345352173,0.8504901960784313,0.8950086058519794,131.4922,,,,
0.3575,2.3169450759887695,0.00039880952380952383,2.72,625,,,,,,,,
,,,2.72,625,0.42238160967826843,0.8455882352941176,0.893760539629005,136.973,,,,
0.3818,2.105207681655884,0.0003928571428571429,2.83,650,,,,,,,,
,,,2.83,650,0.3892354667186737,0.8431372549019608,0.8926174496644296,142.4493,,,,
0.3331,3.917236566543579,0.0003869047619047619,2.93,675,,,,,,,,
,,,2.93,675,0.3680090010166168,0.8382352941176471,0.8903654485049834,147.965,,,,
0.314,2.607722759246826,0.00038095238095238096,3.04,700,,,,,,,,
,,,3.04,700,0.42072129249572754,0.8431372549019608,0.8943894389438943,153.2135,,,,
0.2908,1.419715166091919,0.000375,3.15,725,,,,,,,,
,,,3.15,725,0.49912506341934204,0.8455882352941176,0.8958677685950412,158.7292,,,,
0.3148,4.2315545082092285,0.00036904761904761905,3.26,750,,,,,,,,
,,,3.26,750,0.42642030119895935,0.8578431372549019,0.902027027027027,164.1859,,,,
0.2664,6.536190032958984,0.0003630952380952381,3.37,775,,,,,,,,
,,,3.37,775,0.35393622517585754,0.8774509803921569,0.9097472924187725,169.606,,,,
0.2699,3.6046295166015625,0.00035714285714285714,3.48,800,,,,,,,,
,,,3.48,800,0.43828967213630676,0.8578431372549019,0.9023569023569024,175.0079,,,,
0.3444,3.0919604301452637,0.0003511904761904762,3.59,825,,,,,,,,
,,,3.59,825,0.38530439138412476,0.8676470588235294,0.9078498293515359,180.5054,,,,
0.3108,1.9138386249542236,0.00034523809523809523,3.7,850,,,,,,,,
,,,3.7,850,0.3264283537864685,0.8700980392156863,0.9065255731922399,186.104,,,,
0.3007,6.2273945808410645,0.00033928571428571433,3.8,875,,,,,,,,
,,,3.8,875,0.371090829372406,0.8529411764705882,0.8976109215017065,191.5489,,,,
0.3203,5.164828300476074,0.0003333333333333333,3.91,900,,,,,,,,
,,,3.91,900,0.43308404088020325,0.8406862745098039,0.891846921797005,197.0219,,,,
0.3021,4.265355587005615,0.00032738095238095237,4.02,925,,,,,,,,
,,,4.02,925,0.39659953117370605,0.8553921568627451,0.9001692047377327,202.318,,,,
0.2172,0.7809992432594299,0.00032142857142857147,4.13,950,,,,,,,,
,,,4.13,950,0.38733306527137756,0.8627450980392157,0.9050847457627118,207.8162,,,,
0.2145,2.224310874938965,0.00031547619047619046,4.24,975,,,,,,,,
,,,4.24,975,0.4060647189617157,0.875,0.911917098445596,213.1505,,,,
0.3039,2.0950021743774414,0.00030952380952380956,4.35,1000,,,,,,,,
,,,4.35,1000,0.389300674200058,0.8455882352941176,0.8930390492359932,218.6034,,,,
0.2589,1.5745961666107178,0.00030357142857142855,4.46,1025,,,,,,,,
,,,4.46,1025,0.310627818107605,0.875,0.9084380610412927,224.6976,,,,
0.2188,1.5741578340530396,0.00029761904761904765,4.57,1050,,,,,,,,
,,,4.57,1050,0.34578484296798706,0.8700980392156863,0.9061946902654867,230.233,,,,
0.2483,1.3467369079589844,0.0002916666666666667,4.67,1075,,,,,,,,
,,,4.67,1075,0.38036465644836426,0.875,0.9097345132743363,235.6419,,,,
0.1981,2.933397054672241,0.0002857142857142857,4.78,1100,,,,,,,,
,,,4.78,1100,0.4093891978263855,0.8651960784313726,0.9053356282271946,241.1488,,,,
0.2376,1.6869478225708008,0.0002797619047619048,4.89,1125,,,,,,,,
,,,4.89,1125,0.37629857659339905,0.875,0.9094138543516875,246.5737,,,,
0.2219,0.019839053973555565,0.0002738095238095238,5.0,1150,,,,,,,,
,,,5.0,1150,0.38605305552482605,0.8725490196078431,0.9084507042253521,252.0722,,,,
0.1984,0.6376861929893494,0.00026785714285714287,5.11,1175,,,,,,,,
,,,5.11,1175,0.45826271176338196,0.8602941176470589,0.9028960817717206,257.4447,,,,
0.2331,1.8797531127929688,0.0002619047619047619,5.22,1200,,,,,,,,
,,,5.22,1200,0.4091109335422516,0.8676470588235294,0.906896551724138,262.9475,,,,
0.1706,1.0409727096557617,0.00025595238095238096,5.33,1225,,,,,,,,
,,,5.33,1225,0.4096933603286743,0.8700980392156863,0.9068541300527241,268.4285,,,,
0.2557,3.790224552154541,0.00025,5.43,1250,,,,,,,,
,,,5.43,1250,0.438942551612854,0.8725490196078431,0.9084507042253521,273.8314,,,,
0.1953,1.3716646432876587,0.00024404761904761905,5.54,1275,,,,,,,,
,,,5.54,1275,0.42289260029792786,0.8627450980392157,0.903448275862069,279.3,,,,
0.1956,4.444333076477051,0.0002380952380952381,5.65,1300,,,,,,,,
,,,5.65,1300,0.5227999091148376,0.8480392156862745,0.8956228956228957,284.7175,,,,
0.2455,1.4855958223342896,0.00023214285714285717,5.76,1325,,,,,,,,
,,,5.76,1325,0.4121446907520294,0.8627450980392157,0.9047619047619047,290.32,,,,
0.2216,1.8181757926940918,0.00022619047619047618,5.87,1350,,,,,,,,
,,,5.87,1350,0.38644176721572876,0.875,0.9109947643979057,295.8099,,,,
0.2256,0.5819448232650757,0.00022023809523809523,5.98,1375,,,,,,,,
,,,5.98,1375,0.3673817217350006,0.8774509803921569,0.9128919860627178,301.3993,,,,
0.1668,3.045567750930786,0.00021428571428571427,6.09,1400,,,,,,,,
,,,6.09,1400,0.5018865466117859,0.8553921568627451,0.9001692047377327,306.7418,,,,
0.2046,1.338718295097351,0.00020833333333333335,6.2,1425,,,,,,,,
,,,6.2,1425,0.3529089093208313,0.8799019607843137,0.9120287253141832,312.386,,,,
0.2209,3.177065849304199,0.0002023809523809524,6.3,1450,,,,,,,,
,,,6.3,1450,0.391240656375885,0.8774509803921569,0.912280701754386,317.6962,,,,
0.2078,0.5221391916275024,0.00019642857142857144,6.41,1475,,,,,,,,
,,,6.41,1475,0.5322098135948181,0.8529411764705882,0.8993288590604027,323.1401,,,,
0.1878,2.3410518169403076,0.00019047619047619048,6.52,1500,,,,,,,,
,,,6.52,1500,0.42819729447364807,0.8725490196078431,0.9084507042253521,328.56,,,,
0.1384,6.355698108673096,0.00018452380952380953,6.63,1525,,,,,,,,
,,,6.63,1525,0.5297525525093079,0.8529411764705882,0.8979591836734693,334.6781,,,,
0.194,0.8873096108436584,0.00017857142857142857,6.74,1550,,,,,,,,
,,,6.74,1550,0.4262736141681671,0.875,0.9094138543516875,340.0976,,,,
0.1662,2.275986433029175,0.00017261904761904762,6.85,1575,,,,,,,,
,,,6.85,1575,0.4587882459163666,0.8602941176470589,0.9015544041450777,345.5168,,,,
0.1777,2.6903955936431885,0.00016666666666666666,6.96,1600,,,,,,,,
,,,6.96,1600,0.49654096364974976,0.8676470588235294,0.906896551724138,351.0906,,,,
0.1751,3.299694061279297,0.00016071428571428573,7.07,1625,,,,,,,,
,,,7.07,1625,0.4576072692871094,0.8725490196078431,0.9094076655052264,356.3705,,,,
0.1643,2.1004838943481445,0.00015476190476190478,7.17,1650,,,,,,,,
,,,7.17,1650,0.511140763759613,0.8700980392156863,0.9087779690189328,361.8181,,,,
0.175,2.264387845993042,0.00014880952380952382,7.28,1675,,,,,,,,
,,,7.28,1675,0.47525107860565186,0.8700980392156863,0.9094017094017094,367.1906,,,,
0.1393,1.174022912979126,0.00014285714285714284,7.39,1700,,,,,,,,
,,,7.39,1700,0.48011723160743713,0.8676470588235294,0.9075342465753423,372.7477,,,,
0.1396,0.7247370481491089,0.0001369047619047619,7.5,1725,,,,,,,,
,,,7.5,1725,0.4705028831958771,0.8602941176470589,0.9015544041450777,378.2342,,,,
0.1724,0.5931916236877441,0.00013095238095238096,7.61,1750,,,,,,,,
,,,7.61,1750,0.4521426856517792,0.875,0.9113043478260869,383.7072,,,,
0.2178,5.236944198608398,0.000125,7.72,1775,,,,,,,,
,,,7.72,1775,0.48120516538619995,0.8651960784313726,0.9056603773584906,389.1956,,,,
0.1487,2.1227636337280273,0.00011904761904761905,7.83,1800,,,,,,,,
,,,7.83,1800,0.4382386803627014,0.8799019607843137,0.9147826086956522,394.618,,,,
0.1452,0.7214177250862122,0.00011309523809523809,7.93,1825,,,,,,,,
,,,7.93,1825,0.41840028762817383,0.8799019607843137,0.9144851657940662,400.2979,,,,
0.1843,3.1783950328826904,0.00010714285714285714,8.04,1850,,,,,,,,
,,,8.04,1850,0.5957436561584473,0.8504901960784313,0.8974789915966387,405.6019,,,,
0.1538,2.3619863986968994,0.0001011904761904762,8.15,1875,,,,,,,,
,,,8.15,1875,0.4393875002861023,0.8799019607843137,0.9144851657940662,411.1056,,,,
0.1177,0.06557457894086838,9.523809523809524e-05,8.26,1900,,,,,,,,
,,,8.26,1900,0.5093258023262024,0.8602941176470589,0.9018932874354562,416.5488,,,,
0.1235,0.8933340311050415,8.928571428571429e-05,8.37,1925,,,,,,,,
,,,8.37,1925,0.5360366702079773,0.8602941176470589,0.9025641025641027,422.1069,,,,
0.1116,4.188633441925049,8.333333333333333e-05,8.48,1950,,,,,,,,
,,,8.48,1950,0.5312415957450867,0.8676470588235294,0.9065743944636677,427.6127,,,,
0.1385,10.695300102233887,7.738095238095239e-05,8.59,1975,,,,,,,,
,,,8.59,1975,0.6525200009346008,0.8504901960784313,0.896434634974533,433.0525,,,,
0.2042,3.9709627628326416,7.142857142857142e-05,8.7,2000,,,,,,,,
,,,8.7,2000,0.519285261631012,0.8627450980392157,0.903114186851211,438.4633,,,,
0.1524,5.597845554351807,6.547619047619048e-05,8.8,2025,,,,,,,,
,,,8.8,2025,0.5191677808761597,0.8651960784313726,0.9046793760831888,444.6615,,,,
0.1466,2.5397109985351562,5.9523809523809524e-05,8.91,2050,,,,,,,,
,,,8.91,2050,0.5422328114509583,0.8578431372549019,0.9003436426116839,450.1278,,,,
0.2233,0.6756548881530762,5.357142857142857e-05,9.02,2075,,,,,,,,
,,,9.02,2075,0.5544679164886475,0.8553921568627451,0.8987993138936535,455.4621,,,,
0.0988,0.1406930387020111,4.761904761904762e-05,9.13,2100,,,,,,,,
,,,9.13,2100,0.5133463144302368,0.8578431372549019,0.8999999999999999,460.8949,,,,
0.1264,3.197354316711426,4.1666666666666665e-05,9.24,2125,,,,,,,,
,,,9.24,2125,0.522303581237793,0.8602941176470589,0.9015544041450777,466.3556,,,,
0.149,2.913597822189331,3.571428571428571e-05,9.35,2150,,,,,,,,
,,,9.35,2150,0.5566919445991516,0.8553921568627451,0.8987993138936535,471.86,,,,
0.1316,0.13182884454727173,2.9761904761904762e-05,9.46,2175,,,,,,,,
,,,9.46,2175,0.5350084900856018,0.8602941176470589,0.902229845626072,477.3264,,,,
0.149,3.747795820236206,2.380952380952381e-05,9.57,2200,,,,,,,,
,,,9.57,2200,0.5518509149551392,0.8578431372549019,0.9006849315068494,482.8331,,,,
0.1626,2.45098614692688,1.7857142857142855e-05,9.67,2225,,,,,,,,
,,,9.67,2225,0.5509315133094788,0.8578431372549019,0.9006849315068494,488.2654,,,,
0.1655,1.610643982887268,1.1904761904761905e-05,9.78,2250,,,,,,,,
,,,9.78,2250,0.5595237016677856,0.8578431372549019,0.9006849315068494,493.7751,,,,
0.1299,3.577531576156616,5.9523809523809525e-06,9.89,2275,,,,,,,,
,,,9.89,2275,0.5549319386482239,0.8578431372549019,0.9006849315068494,499.2785,,,,
0.1367,0.1230848953127861,0.0,10.0,2300,,,,,,,,
,,,10.0,2300,0.5543197393417358,0.8578431372549019,0.9006849315068494,504.7183,,,,
,,,10.0,2300,,,,504.4302,72.716,4.56,1460977291679136.0,0.2793698039521342
