loss,grad_norm,learning_rate,epoch,step,eval_loss,eval_accuracy,eval_f1,train_runtime,train_samples_per_second,train_steps_per_second,total_flos,train_loss
1.0935,3.448720693588257,4.984375e-05,0.0625,1,,,,,,,,
0.9124,4.192704200744629,4.8437500000000005e-05,0.625,10,,,,,,,,
,,,0.625,10,0.8760132193565369,0.6785714285714286,0.47478301665493783,6.1984,,,,
0.7431,17.890567779541016,4.6875e-05,1.25,20,,,,,,,,
,,,1.25,20,0.7057616114616394,0.75,0.5237762237762238,12.1378,,,,
0.6457,13.206083297729492,4.5312500000000004e-05,1.875,30,,,,,,,,
,,,1.875,30,0.679278552532196,0.7321428571428571,0.51106452364314,17.9403,,,,
0.3575,4.446150302886963,4.375e-05,2.5,40,,,,,,,,
,,,2.5,40,0.589776873588562,0.8035714285714286,0.5608391608391609,23.6269,,,,
0.2632,0.7585802674293518,4.21875e-05,3.125,50,,,,,,,,
,,,3.125,50,0.5084744691848755,0.8571428571428571,0.6017441860465117,29.4409,,,,
0.2959,3.69612455368042,4.0625000000000005e-05,3.75,60,,,,,,,,
,,,3.75,60,0.6307530999183655,0.7857142857142857,0.6596596596596597,35.3975,,,,
0.2214,18.914846420288086,3.90625e-05,4.375,70,,,,,,,,
,,,4.375,70,0.4398220181465149,0.8928571428571429,0.8502212073640645,40.971,,,,
0.0537,0.17712733149528503,3.7500000000000003e-05,5.0,80,,,,,,,,
,,,5.0,80,0.3534817695617676,0.8928571428571429,0.8900544919427689,46.7607,,,,
0.057,0.15020190179347992,3.59375e-05,5.625,90,,,,,,,,
,,,5.625,90,0.35115548968315125,0.9107142857142857,0.8917213078192603,53.0546,,,,
0.1062,0.10365881770849228,3.4375e-05,6.25,100,,,,,,,,
,,,6.25,100,0.2994562089443207,0.9285714285714286,0.9177522349936144,58.7067,,,,
0.0862,0.06376872956752777,3.2812500000000005e-05,6.875,110,,,,,,,,
,,,6.875,110,0.5539676547050476,0.875,0.8770925492236968,64.448,,,,
0.0534,0.06161531060934067,3.125e-05,7.5,120,,,,,,,,
,,,7.5,120,0.35344889760017395,0.9464285714285714,0.960233918128655,69.7637,,,,
0.0027,0.0402277410030365,2.96875e-05,8.125,130,,,,,,,,
,,,8.125,130,0.4582318365573883,0.8928571428571429,0.8784271284271284,75.7814,,,,
0.0023,0.02758674882352352,2.8125000000000003e-05,8.75,140,,,,,,,,
,,,8.75,140,0.43865829706192017,0.9285714285714286,0.9236652236652237,82.1459,,,,
0.0013,0.018926257267594337,2.6562500000000002e-05,9.375,150,,,,,,,,
,,,9.375,150,0.4012972414493561,0.9107142857142857,0.9104084321475625,87.9683,,,,
0.001,0.015119533985853195,2.5e-05,10.0,160,,,,,,,,
,,,10.0,160,0.4101988971233368,0.9107142857142857,0.9104084321475625,93.7374,,,,
0.0008,0.013129500672221184,2.34375e-05,10.625,170,,,,,,,,
,,,10.625,170,0.42127180099487305,0.9107142857142857,0.9104084321475625,100.0037,,,,
0.0009,0.0116999801248312,2.1875e-05,11.25,180,,,,,,,,
,,,11.25,180,0.4329214096069336,0.9107142857142857,0.9104084321475625,105.7081,,,,
0.0007,0.012442476116120815,2.0312500000000002e-05,11.875,190,,,,,,,,
,,,11.875,190,0.4427986741065979,0.9107142857142857,0.9104084321475625,111.935,,,,
0.0007,0.008786598220467567,1.8750000000000002e-05,12.5,200,,,,,,,,
,,,12.5,200,0.44892996549606323,0.9107142857142857,0.9104084321475625,117.5674,,,,
0.0006,0.007836403325200081,1.71875e-05,13.125,210,,,,,,,,
,,,13.125,210,0.45466575026512146,0.9107142857142857,0.9104084321475625,123.2293,,,,
0.0006,0.012587658129632473,1.5625e-05,13.75,220,,,,,,,,
,,,13.75,220,0.45895808935165405,0.9107142857142857,0.9104084321475625,129.5837,,,,
0.0005,0.007814976386725903,1.4062500000000001e-05,14.375,230,,,,,,,,
,,,14.375,230,0.46448224782943726,0.9107142857142857,0.9104084321475625,135.7327,,,,
0.0005,0.010573227889835835,1.25e-05,15.0,240,,,,,,,,
,,,15.0,240,0.4684751331806183,0.9107142857142857,0.9104084321475625,141.3376,,,,
0.0005,0.00679635489359498,1.09375e-05,15.625,250,,,,,,,,
,,,15.625,250,0.4718800187110901,0.9107142857142857,0.9104084321475625,147.1848,,,,
0.0005,0.008010954596102238,9.375000000000001e-06,16.25,260,,,,,,,,
,,,16.25,260,0.4747767150402069,0.9107142857142857,0.9104084321475625,153.2205,,,,
0.0005,0.009209726937115192,7.8125e-06,16.875,270,,,,,,,,
,,,16.875,270,0.47707924246788025,0.9107142857142857,0.9104084321475625,159.1426,,,,
0.0005,0.01406559906899929,6.25e-06,17.5,280,,,,,,,,
,,,17.5,280,0.47900888323783875,0.9107142857142857,0.9104084321475625,165.3269,,,,
0.0004,0.006394237745553255,4.6875000000000004e-06,18.125,290,,,,,,,,
,,,18.125,290,0.4802532196044922,0.9107142857142857,0.9104084321475625,171.0455,,,,
0.0005,0.0070489817298948765,3.125e-06,18.75,300,,,,,,,,
,,,18.75,300,0.4810255467891693,0.9107142857142857,0.9104084321475625,177.3062,,,,
0.0005,0.007175783161073923,1.5625e-06,19.375,310,,,,,,,,
,,,19.375,310,0.48165982961654663,0.9107142857142857,0.9104084321475625,182.6254,,,,
0.0005,0.007591548375785351,0.0,20.0,320,,,,,,,,
,,,20.0,320,0.48182663321495056,0.9107142857142857,0.9104084321475625,188.6391,,,,
,,,20.0,320,,,,188.1584,26.573,1.701,446840583950880.0,0.11969169881485868
