loss,grad_norm,learning_rate,epoch,step,eval_loss,eval_accuracy,eval_f1,train_runtime,train_samples_per_second,train_steps_per_second,total_flos,train_loss
0.6838,2.2493696212768555,3.5e-06,0.008695652173913044,1,,,,,,,,
0.6821,1.2687054872512817,8.75e-05,0.21739130434782608,25,,,,,,,,
,,,0.21739130434782608,25,0.6316053867340088,0.6838235294117647,0.8122270742358079,10.4804,,,,
0.6397,1.0487148761749268,0.000175,0.43478260869565216,50,,,,,,,,
,,,0.43478260869565216,50,0.6198862195014954,0.6838235294117647,0.8122270742358079,20.663,,,,
0.5957,0.6972780227661133,0.0002625,0.6521739130434783,75,,,,,,,,
,,,0.6521739130434783,75,0.5709171891212463,0.7083333333333334,0.8226527570789866,30.6761,,,,
0.5731,0.5850728750228882,0.00035,0.8695652173913043,100,,,,,,,,
,,,0.8695652173913043,100,0.6067511439323425,0.7132352941176471,0.8245877061469266,40.9489,,,,
0.4806,5.1113786697387695,0.0004375,1.0869565217391304,125,,,,,,,,
,,,1.0869565217391304,125,0.5160983204841614,0.8014705882352942,0.8695652173913043,50.9892,,,,
0.5109,0.5657595992088318,0.000525,1.3043478260869565,150,,,,,,,,
,,,1.3043478260869565,150,0.37585997581481934,0.8333333333333334,0.8851351351351352,61.3835,,,,
0.4404,3.8737003803253174,0.0006125,1.5217391304347827,175,,,,,,,,
,,,1.5217391304347827,175,0.3708682656288147,0.8504901960784313,0.8946459412780656,71.5052,,,,
0.3841,2.4908008575439453,0.0007,1.7391304347826086,200,,,,,,,,
,,,1.7391304347826086,200,0.3720340430736542,0.8627450980392157,0.902439024390244,81.6242,,,,
0.454,3.582972764968872,0.0006815789473684211,1.9565217391304348,225,,,,,,,,
,,,1.9565217391304348,225,0.2968446910381317,0.8799019607843137,0.9135802469135803,91.8163,,,,
0.4028,1.9280579090118408,0.0006631578947368421,2.1739130434782608,250,,,,,,,,
,,,2.1739130434782608,250,0.34456801414489746,0.8455882352941176,0.8868940754039497,101.8026,,,,
0.3392,1.3978397846221924,0.0006447368421052632,2.391304347826087,275,,,,,,,,
,,,2.391304347826087,275,0.3102330267429352,0.8504901960784313,0.8920353982300885,112.086,,,,
0.3345,1.9801836013793945,0.0006263157894736842,2.608695652173913,300,,,,,,,,
,,,2.608695652173913,300,0.4479103982448578,0.8406862745098039,0.8949919224555736,122.1266,,,,
0.3468,2.76706862449646,0.0006078947368421053,2.8260869565217392,325,,,,,,,,
,,,2.8260869565217392,325,0.33248353004455566,0.8651960784313726,0.9043478260869565,132.415,,,,
0.2783,1.1979358196258545,0.0005894736842105263,3.0434782608695654,350,,,,,,,,
,,,3.0434782608695654,350,0.39487412571907043,0.8651960784313726,0.9053356282271946,142.459,,,,
0.2509,3.878157138824463,0.0005710526315789473,3.260869565217391,375,,,,,,,,
,,,3.260869565217391,375,0.5276519060134888,0.8480392156862745,0.8983606557377048,152.6673,,,,
0.231,1.0212327241897583,0.0005526315789473684,3.4782608695652173,400,,,,,,,,
,,,3.4782608695652173,400,0.39020052552223206,0.8578431372549019,0.9003436426116839,162.6785,,,,
0.2646,1.7092840671539307,0.0005342105263157895,3.6956521739130435,425,,,,,,,,
,,,3.6956521739130435,425,0.34261658787727356,0.8700980392156863,0.9081455805892548,173.2212,,,,
0.2405,1.8514682054519653,0.0005157894736842105,3.9130434782608696,450,,,,,,,,
,,,3.9130434782608696,450,0.3847828209400177,0.8676470588235294,0.91,183.3964,,,,
0.2112,0.5397092700004578,0.0004973684210526315,4.130434782608695,475,,,,,,,,
,,,4.130434782608695,475,0.4078373312950134,0.8995098039215687,0.9281961471103327,193.4007,,,,
0.2095,1.7878286838531494,0.00047894736842105264,4.3478260869565215,500,,,,,,,,
,,,4.3478260869565215,500,0.3490190804004669,0.8700980392156863,0.9087779690189328,203.4199,,,,
0.1501,1.4138466119766235,0.00046052631578947373,4.565217391304348,525,,,,,,,,
,,,4.565217391304348,525,0.40987980365753174,0.8848039215686274,0.9162210338680927,214.0204,,,,
0.1058,1.427765130996704,0.0004421052631578947,4.782608695652174,550,,,,,,,,
,,,4.782608695652174,550,0.544826865196228,0.8627450980392157,0.9050847457627118,224.498,,,,
0.1527,1.7388643026351929,0.0004236842105263158,5.0,575,,,,,,,,
,,,5.0,575,0.4059518575668335,0.8921568627450981,0.9217081850533807,234.6096,,,,
0.0814,3.2908012866973877,0.00040526315789473684,5.217391304347826,600,,,,,,,,
,,,5.217391304347826,600,0.4757230281829834,0.8799019607843137,0.9126559714795008,244.7048,,,,
0.0954,4.084561347961426,0.0003868421052631579,5.434782608695652,625,,,,,,,,
,,,5.434782608695652,625,0.5227748155593872,0.8823529411764706,0.9120879120879121,254.6987,,,,
0.1068,2.530712127685547,0.0003684210526315789,5.6521739130434785,650,,,,,,,,
,,,5.6521739130434785,650,0.39551568031311035,0.8823529411764706,0.9148936170212766,264.6842,,,,
0.1017,1.6965125799179077,0.00035,5.869565217391305,675,,,,,,,,
,,,5.869565217391305,675,0.5953011512756348,0.875,0.9094138543516875,275.1996,,,,
0.0898,1.936676263809204,0.00033157894736842103,6.086956521739131,700,,,,,,,,
,,,6.086956521739131,700,0.654408872127533,0.8578431372549019,0.9016949152542373,285.3643,,,,
0.0656,4.664462566375732,0.0003131578947368421,6.304347826086957,725,,,,,,,,
,,,6.304347826086957,725,0.5546892285346985,0.8848039215686274,0.9168141592920355,295.6112,,,,
0.0885,1.0100719928741455,0.00029473684210526316,6.521739130434782,750,,,,,,,,
,,,6.521739130434782,750,0.49887585639953613,0.8725490196078431,0.9071428571428571,305.7107,,,,
0.0533,5.812510967254639,0.0002763157894736842,6.739130434782608,775,,,,,,,,
,,,6.739130434782608,775,0.6062277555465698,0.8651960784313726,0.9009009009009009,315.7258,,,,
0.037,2.1459593772888184,0.00025789473684210523,6.956521739130435,800,,,,,,,,
,,,6.956521739130435,800,0.7170893549919128,0.8676470588235294,0.9021739130434783,325.8342,,,,
0.0403,0.008693067356944084,0.00023947368421052632,7.173913043478261,825,,,,,,,,
,,,7.173913043478261,825,0.7040005922317505,0.8774509803921569,0.912280701754386,336.1508,,,,
0.0351,6.08591890335083,0.00022105263157894735,7.391304347826087,850,,,,,,,,
,,,7.391304347826087,850,0.672098696231842,0.8823529411764706,0.9157894736842105,346.18,,,,
0.041,0.2994966506958008,0.00020263157894736842,7.608695652173913,875,,,,,,,,
,,,7.608695652173913,875,0.5848143696784973,0.8823529411764706,0.9142857142857143,356.3519,,,,
0.026,0.8320362567901611,0.00018421052631578945,7.826086956521739,900,,,,,,,,
,,,7.826086956521739,900,0.5952351689338684,0.8848039215686274,0.91651865008881,366.4846,,,,
0.0241,4.078834533691406,0.00016578947368421052,8.043478260869565,925,,,,,,,,
,,,8.043478260869565,925,0.7095515131950378,0.8774509803921569,0.9134948096885814,376.7804,,,,
0.0376,1.426008939743042,0.00014736842105263158,8.26086956521739,950,,,,,,,,
,,,8.26086956521739,950,0.6588022708892822,0.8799019607843137,0.9126559714795008,386.9057,,,,
0.0037,0.016881028190255165,0.00012894736842105261,8.478260869565217,975,,,,,,,,
,,,8.478260869565217,975,0.7410489320755005,0.8725490196078431,0.907473309608541,397.4898,,,,
0.0205,0.01455807313323021,0.00011052631578947368,8.695652173913043,1000,,,,,,,,
,,,8.695652173913043,1000,0.7495401501655579,0.8823529411764706,0.915492957746479,407.6828,,,,
0.0053,0.11633283644914627,9.210526315789473e-05,8.91304347826087,1025,,,,,,,,
,,,8.91304347826087,1025,0.7616549730300903,0.8897058823529411,0.9203539823008849,418.0432,,,,
0.0195,0.011336494237184525,7.368421052631579e-05,9.130434782608695,1050,,,,,,,,
,,,9.130434782608695,1050,0.755759060382843,0.8921568627450981,0.9217081850533807,428.0739,,,,
0.016,0.10977412015199661,5.526315789473684e-05,9.347826086956522,1075,,,,,,,,
,,,9.347826086956522,1075,0.7348424792289734,0.8823529411764706,0.9151943462897526,438.0727,,,,
0.0125,0.09420794993638992,3.6842105263157895e-05,9.565217391304348,1100,,,,,,,,
,,,9.565217391304348,1100,0.7520424127578735,0.8848039215686274,0.91651865008881,448.1825,,,,
0.0076,0.00911032035946846,1.8421052631578947e-05,9.782608695652174,1125,,,,,,,,
,,,9.782608695652174,1125,0.7588809728622437,0.8848039215686274,0.9171075837742505,458.6378,,,,
0.0072,0.0062303561717271805,0.0,10.0,1150,,,,,,,,
,,,10.0,1150,0.7611361742019653,0.8872549019607843,0.9187279151943463,468.8337,,,,
,,,10.0,1150,,,,468.4576,78.3,2.455,1558621904870016.0,0.20205923189935476
