loss,grad_norm,learning_rate,epoch,step,eval_loss,eval_accuracy,eval_f1,train_runtime,train_samples_per_second,train_steps_per_second,total_flos,train_loss
0.6918,1.5454553365707397,3.5e-06,0.008695652173913044,1,,,,,,,,
0.6757,1.0893118381500244,8.75e-05,0.21739130434782608,25,,,,,,,,
,,,0.21739130434782608,25,0.6312814354896545,0.6838235294117647,0.8122270742358079,28.1672,,,,
0.6355,0.6455208659172058,0.000175,0.43478260869565216,50,,,,,,,,
,,,0.43478260869565216,50,0.6219934225082397,0.6838235294117647,0.8122270742358079,36.7119,,,,
0.6088,1.2331448793411255,0.0002625,0.6521739130434783,75,,,,,,,,
,,,0.6521739130434783,75,0.6131031513214111,0.6838235294117647,0.8122270742358079,45.4011,,,,
0.6095,1.0567351579666138,0.00035,0.8695652173913043,100,,,,,,,,
,,,0.8695652173913043,100,0.5616050362586975,0.7009803921568627,0.8168168168168168,54.0407,,,,
0.5319,5.509886264801025,0.0004375,1.0869565217391304,125,,,,,,,,
,,,1.0869565217391304,125,0.514787495136261,0.7647058823529411,0.8485804416403785,62.7961,,,,
0.5421,3.5667269229888916,0.000525,1.3043478260869565,150,,,,,,,,
,,,1.3043478260869565,150,0.4890735149383545,0.7818627450980392,0.8278529980657641,71.722,,,,
0.5234,1.5727407932281494,0.0006125,1.5217391304347827,175,,,,,,,,
,,,1.5217391304347827,175,0.41938909888267517,0.8455882352941176,0.8852459016393444,80.3942,,,,
0.3996,3.0046191215515137,0.0007,1.7391304347826086,200,,,,,,,,
,,,1.7391304347826086,200,0.5644314885139465,0.8308823529411765,0.8851913477537438,89.3582,,,,
0.4444,3.578761577606201,0.0006815789473684211,1.9565217391304348,225,,,,,,,,
,,,1.9565217391304348,225,0.3920806348323822,0.8406862745098039,0.8865619546247819,98.5122,,,,
0.3938,1.2344881296157837,0.0006631578947368421,2.1739130434782608,250,,,,,,,,
,,,2.1739130434782608,250,0.3130093514919281,0.8529411764705882,0.8905109489051095,107.4766,,,,
0.3453,1.8192936182022095,0.0006447368421052632,2.391304347826087,275,,,,,,,,
,,,2.391304347826087,275,0.3644658327102661,0.8504901960784313,0.8953687821612349,116.2255,,,,
0.3564,2.2481822967529297,0.0006263157894736842,2.608695652173913,300,,,,,,,,
,,,2.608695652173913,300,0.36035582423210144,0.8284313725490197,0.883720930232558,125.35,,,,
0.3757,1.479883074760437,0.0006078947368421053,2.8260869565217392,325,,,,,,,,
,,,2.8260869565217392,325,0.29715219140052795,0.8700980392156863,0.9041591320072333,134.3033,,,,
0.3132,0.8714644908905029,0.0005894736842105263,3.0434782608695654,350,,,,,,,,
,,,3.0434782608695654,350,0.3617745339870453,0.8651960784313726,0.9043478260869565,143.3386,,,,
0.2933,0.8545914888381958,0.0005710526315789473,3.260869565217391,375,,,,,,,,
,,,3.260869565217391,375,0.3560303747653961,0.8700980392156863,0.9106239460370995,152.3834,,,,
0.2869,2.9464712142944336,0.0005526315789473684,3.4782608695652173,400,,,,,,,,
,,,3.4782608695652173,400,0.2872432470321655,0.8725490196078431,0.9057971014492753,161.0366,,,,
0.2916,2.590587615966797,0.0005342105263157895,3.6956521739130435,425,,,,,,,,
,,,3.6956521739130435,425,0.32498520612716675,0.8651960784313726,0.9063032367972743,170.1366,,,,
0.2808,1.7758418321609497,0.0005157894736842105,3.9130434782608696,450,,,,,,,,
,,,3.9130434782608696,450,0.28844693303108215,0.8823529411764706,0.916083916083916,179.2731,,,,
0.2337,1.4831905364990234,0.0004973684210526315,4.130434782608695,475,,,,,,,,
,,,4.130434782608695,475,0.3760920464992523,0.875,0.9125214408233276,188.2717,,,,
0.2751,2.259777069091797,0.00047894736842105264,4.3478260869565215,500,,,,,,,,
,,,4.3478260869565215,500,0.2965768277645111,0.8823529411764706,0.9142857142857143,197.0119,,,,
0.2252,2.5783557891845703,0.00046052631578947373,4.565217391304348,525,,,,,,,,
,,,4.565217391304348,525,0.36401838064193726,0.8823529411764706,0.916083916083916,206.5209,,,,
0.1887,4.162585735321045,0.0004421052631578947,4.782608695652174,550,,,,,,,,
,,,4.782608695652174,550,0.35506385564804077,0.8799019607843137,0.9117117117117116,215.4482,,,,
0.2257,2.1180427074432373,0.0004236842105263158,5.0,575,,,,,,,,
,,,5.0,575,0.32377445697784424,0.8774509803921569,0.9116607773851589,224.9454,,,,
0.1632,1.2471550703048706,0.00040526315789473684,5.217391304347826,600,,,,,,,,
,,,5.217391304347826,600,0.4314601719379425,0.8725490196078431,0.9084507042253521,233.6842,,,,
0.1597,2.008563756942749,0.0003868421052631579,5.434782608695652,625,,,,,,,,
,,,5.434782608695652,625,0.35425156354904175,0.8725490196078431,0.9061371841155236,242.729,,,,
0.1754,5.616762638092041,0.0003684210526315789,5.6521739130434785,650,,,,,,,,
,,,5.6521739130434785,650,0.3762560784816742,0.8676470588235294,0.90625,251.5297,,,,
0.1617,1.6210768222808838,0.00035,5.869565217391305,675,,,,,,,,
,,,5.869565217391305,675,0.4349478781223297,0.875,0.911917098445596,260.7013,,,,
0.1356,4.724613189697266,0.00033157894736842103,6.086956521739131,700,,,,,,,,
,,,6.086956521739131,700,0.5468831658363342,0.8602941176470589,0.9038785834738617,269.8226,,,,
0.1412,2.9399807453155518,0.0003131578947368421,6.304347826086957,725,,,,,,,,
,,,6.304347826086957,725,0.3785218298435211,0.8897058823529411,0.9192100538599641,278.705,,,,
0.1414,1.4305014610290527,0.00029473684210526316,6.521739130434782,750,,,,,,,,
,,,6.521739130434782,750,0.4254131019115448,0.8700980392156863,0.9038112522686026,287.8176,,,,
0.1612,2.0988659858703613,0.0002763157894736842,6.739130434782608,775,,,,,,,,
,,,6.739130434782608,775,0.3700315058231354,0.8946078431372549,0.9249563699825479,296.6054,,,,
0.1427,3.0621817111968994,0.00025789473684210523,6.956521739130435,800,,,,,,,,
,,,6.956521739130435,800,0.39820563793182373,0.8897058823529411,0.9220103986135182,305.7678,,,,
0.0836,2.4125568866729736,0.00023947368421052632,7.173913043478261,825,,,,,,,,
,,,7.173913043478261,825,0.45323869585990906,0.8921568627450981,0.9217081850533807,314.7266,,,,
0.1347,7.7980499267578125,0.00022105263157894735,7.391304347826087,850,,,,,,,,
,,,7.391304347826087,850,0.39043524861335754,0.8921568627450981,0.921146953405018,323.5212,,,,
0.1039,2.512082576751709,0.00020263157894736842,7.608695652173913,875,,,,,,,,
,,,7.608695652173913,875,0.44727498292922974,0.8872549019607843,0.9192982456140351,332.6634,,,,
0.1263,2.336209774017334,0.00018421052631578945,7.826086956521739,900,,,,,,,,
,,,7.826086956521739,900,0.4949241578578949,0.8602941176470589,0.9048414023372287,341.7193,,,,
0.1038,1.649539589881897,0.00016578947368421052,8.043478260869565,925,,,,,,,,
,,,8.043478260869565,925,0.4425908029079437,0.875,0.9125214408233276,350.8117,,,,
0.0616,1.3269057273864746,0.00014736842105263158,8.26086956521739,950,,,,,,,,
,,,8.26086956521739,950,0.5038512945175171,0.8700980392156863,0.9075043630017452,359.6585,,,,
0.0532,1.2521884441375732,0.00012894736842105261,8.478260869565217,975,,,,,,,,
,,,8.478260869565217,975,0.5627893209457397,0.8799019607843137,0.9120287253141832,368.8099,,,,
0.0734,9.444206237792969,0.00011052631578947368,8.695652173913043,1000,,,,,,,,
,,,8.695652173913043,1000,0.6202381253242493,0.8799019607843137,0.9162393162393162,377.6049,,,,
0.0828,8.72990608215332,9.210526315789473e-05,8.91304347826087,1025,,,,,,,,
,,,8.91304347826087,1025,0.5445525646209717,0.8921568627450981,0.921146953405018,386.9406,,,,
0.0897,1.0967546701431274,7.368421052631579e-05,9.130434782608695,1050,,,,,,,,
,,,9.130434782608695,1050,0.5535648465156555,0.8774509803921569,0.912280701754386,395.9118,,,,
0.0552,3.056857109069824,5.526315789473684e-05,9.347826086956522,1075,,,,,,,,
,,,9.347826086956522,1075,0.544468104839325,0.8774509803921569,0.9119718309859154,404.9473,,,,
0.0659,0.6156871914863586,3.6842105263157895e-05,9.565217391304348,1100,,,,,,,,
,,,9.565217391304348,1100,0.5592115521430969,0.8897058823529411,0.922279792746114,413.7953,,,,
0.077,0.1496443748474121,1.8421052631578947e-05,9.782608695652174,1125,,,,,,,,
,,,9.782608695652174,1125,0.5404760241508484,0.8774509803921569,0.9116607773851589,422.92,,,,
0.045,4.889551639556885,0.0,10.0,1150,,,,,,,,
,,,10.0,1150,0.5439292192459106,0.8799019607843137,0.9132743362831858,432.0557,,,,
,,,10.0,1150,,,,431.752,84.956,2.664,1540372717279872.0,0.252075733412867
