loss,grad_norm,learning_rate,epoch,step,eval_loss,eval_accuracy,eval_f1,train_runtime,train_samples_per_second,train_steps_per_second,total_flos,train_loss
1.1838,4.2853240966796875,1e-05,0.0625,1,,,,,,,,
1.1012,3.5236425399780273,0.0001,0.625,10,,,,,,,,
,,,0.625,10,1.055114507675171,0.4107142857142857,0.1940928270042194,4.7796,,,,
0.9658,3.264136791229248,0.0002,1.25,20,,,,,,,,
,,,1.25,20,0.9403207898139954,0.4107142857142857,0.1940928270042194,9.3222,,,,
0.8867,2.304389476776123,0.0003,1.875,30,,,,,,,,
,,,1.875,30,0.9002882242202759,0.5,0.24617886178861784,13.6566,,,,
0.9521,1.1373920440673828,0.0004,2.5,40,,,,,,,,
,,,2.5,40,0.8796496391296387,0.7142857142857143,0.49421820010055306,17.9534,,,,
0.7906,2.581113576889038,0.0005,3.125,50,,,,,,,,
,,,3.125,50,0.8200975656509399,0.6964285714285714,0.48646125116713357,22.3257,,,,
0.796,2.3275885581970215,0.00048148148148148144,3.75,60,,,,,,,,
,,,3.75,60,0.7202528715133667,0.7142857142857143,0.49976359338061477,26.7948,,,,
0.6215,3.405095100402832,0.000462962962962963,4.375,70,,,,,,,,
,,,4.375,70,0.7426114678382874,0.6785714285714286,0.47478301665493783,30.9703,,,,
0.585,2.9265363216400146,0.0004444444444444444,5.0,80,,,,,,,,
,,,5.0,80,0.656501829624176,0.6785714285714286,0.47478301665493783,35.3286,,,,
0.4345,3.0550034046173096,0.00042592592592592595,5.625,90,,,,,,,,
,,,5.625,90,0.539503276348114,0.8035714285714286,0.563079116179615,40.0305,,,,
0.4097,4.155208110809326,0.0004074074074074074,6.25,100,,,,,,,,
,,,6.25,100,0.4612390100955963,0.8035714285714286,0.5630110630110631,44.2647,,,,
0.2427,1.558722734451294,0.0003888888888888889,6.875,110,,,,,,,,
,,,6.875,110,0.45389795303344727,0.8571428571428571,0.5993408662900189,48.557,,,,
0.2243,1.4406660795211792,0.00037037037037037035,7.5,120,,,,,,,,
,,,7.5,120,0.3964112401008606,0.8392857142857143,0.7435565421137008,52.5102,,,,
0.1214,2.932055711746216,0.0003518518518518519,8.125,130,,,,,,,,
,,,8.125,130,0.4209160804748535,0.8571428571428571,0.693121693121693,57.0767,,,,
0.0931,0.2688029110431671,0.0003333333333333333,8.75,140,,,,,,,,
,,,8.75,140,0.3128628730773926,0.8571428571428571,0.756895485466914,61.8814,,,,
0.0939,2.4821953773498535,0.0003148148148148148,9.375,150,,,,,,,,
,,,9.375,150,0.26358285546302795,0.9107142857142857,0.8454887861667522,66.2702,,,,
0.0468,0.1462055891752243,0.0002962962962962963,10.0,160,,,,,,,,
,,,10.0,160,0.25900188088417053,0.9107142857142857,0.8128777556510499,70.6322,,,,
0.0118,0.1259605884552002,0.0002777777777777778,10.625,170,,,,,,,,
,,,10.625,170,0.32654935121536255,0.875,0.6120567375886524,75.3429,,,,
0.0744,2.167315721511841,0.00025925925925925926,11.25,180,,,,,,,,
,,,11.25,180,0.33954954147338867,0.9107142857142857,0.8434108527131783,79.6641,,,,
0.0406,0.09975065290927887,0.00024074074074074072,11.875,190,,,,,,,,
,,,11.875,190,0.23136945068836212,0.9107142857142857,0.8650793650793651,84.4127,,,,
0.0209,0.2548697292804718,0.0002222222222222222,12.5,200,,,,,,,,
,,,12.5,200,0.2944142520427704,0.9285714285714286,0.8780766852195424,88.6335,,,,
0.0069,0.04099344462156296,0.0002037037037037037,13.125,210,,,,,,,,
,,,13.125,210,0.21682830154895782,0.9285714285714286,0.8951933124346918,92.8968,,,,
0.0058,0.44074469804763794,0.00018518518518518518,13.75,220,,,,,,,,
,,,13.75,220,0.2170911580324173,0.9285714285714286,0.8951933124346918,97.6988,,,,
0.0037,0.012104841880500317,0.00016666666666666666,14.375,230,,,,,,,,
,,,14.375,230,0.19945354759693146,0.9285714285714286,0.8950310559006213,102.3335,,,,
0.0157,2.544436454772949,0.00014814814814814815,15.0,240,,,,,,,,
,,,15.0,240,0.18251349031925201,0.9285714285714286,0.8950310559006213,106.5687,,,,
0.0048,0.030743395909667015,0.00012962962962962963,15.625,250,,,,,,,,
,,,15.625,250,0.212739497423172,0.9285714285714286,0.8951933124346918,110.9683,,,,
0.0071,4.0974812507629395,0.0001111111111111111,16.25,260,,,,,,,,
,,,16.25,260,0.2226843386888504,0.9464285714285714,0.9308622952690748,115.5208,,,,
0.0027,0.08407824486494064,9.259259259259259e-05,16.875,270,,,,,,,,
,,,16.875,270,0.22355158627033234,0.9107142857142857,0.866195856873823,120.0088,,,,
0.0066,0.02536674588918686,7.407407407407407e-05,17.5,280,,,,,,,,
,,,17.5,280,0.22552050650119781,0.9285714285714286,0.8792929292929292,124.6649,,,,
0.0061,3.4891889095306396,5.555555555555555e-05,18.125,290,,,,,,,,
,,,18.125,290,0.22994279861450195,0.9464285714285714,0.9308622952690748,128.9706,,,,
0.0025,0.1457744687795639,3.7037037037037037e-05,18.75,300,,,,,,,,
,,,18.75,300,0.2399442195892334,0.9464285714285714,0.9308622952690748,133.7033,,,,
0.0057,0.07039692252874374,1.8518518518518518e-05,19.375,310,,,,,,,,
,,,19.375,310,0.2177111953496933,0.9285714285714286,0.8951933124346918,137.6978,,,,
0.0014,0.09965310245752335,0.0,20.0,320,,,,,,,,
,,,20.0,320,0.21128447353839874,0.9285714285714286,0.8951933124346918,142.2837,,,,
,,,20.0,320,,,,141.8268,35.254,2.256,450703104828480.0,0.26844564152124806
