loss,grad_norm,learning_rate,epoch,step,eval_loss,eval_accuracy,eval_f1,train_runtime,train_samples_per_second,train_steps_per_second,total_flos,train_loss
1.1838,4.29100227355957,1e-05,0.0625,1,,,,,,,,
1.0991,3.48806095123291,0.0001,0.625,10,,,,,,,,
,,,0.625,10,1.0502105951309204,0.4107142857142857,0.1940928270042194,4.8272,,,,
0.9563,3.368335485458374,0.0002,1.25,20,,,,,,,,
,,,1.25,20,0.9239967465400696,0.4107142857142857,0.1940928270042194,9.3215,,,,
0.8735,2.739640474319458,0.0003,1.875,30,,,,,,,,
,,,1.875,30,0.8798203468322754,0.6964285714285714,0.4792779049071956,13.701,,,,
0.8749,1.6965450048446655,0.0004,2.5,40,,,,,,,,
,,,2.5,40,0.7708292007446289,0.6785714285714286,0.47478301665493783,18.012,,,,
0.6565,2.6023502349853516,0.0005,3.125,50,,,,,,,,
,,,3.125,50,0.691249668598175,0.6964285714285714,0.4872881355932203,22.3972,,,,
0.5631,3.9911699295043945,0.00048148148148148144,3.75,60,,,,,,,,
,,,3.75,60,0.6126846671104431,0.7857142857142857,0.5500821018062397,26.9124,,,,
0.3438,3.4780969619750977,0.000462962962962963,4.375,70,,,,,,,,
,,,4.375,70,0.4332709312438965,0.8214285714285714,0.5741525423728813,31.1054,,,,
0.229,7.259286880493164,0.0004444444444444444,5.0,80,,,,,,,,
,,,5.0,80,0.42470812797546387,0.8571428571428571,0.5993408662900189,35.4669,,,,
0.1485,1.5801368951797485,0.00042592592592592595,5.625,90,,,,,,,,
,,,5.625,90,0.3086848258972168,0.8392857142857143,0.6901340996168582,40.2405,,,,
0.1213,5.355995178222656,0.0004074074074074074,6.25,100,,,,,,,,
,,,6.25,100,0.37142515182495117,0.875,0.717304189435337,44.486,,,,
0.0609,0.9530015587806702,0.0003888888888888889,6.875,110,,,,,,,,
,,,6.875,110,0.3441901206970215,0.8928571428571429,0.8523500309214596,48.8313,,,,
0.0516,0.3527355492115021,0.00037037037037037035,7.5,120,,,,,,,,
,,,7.5,120,0.39632511138916016,0.9285714285714286,0.9174849267872524,52.8128,,,,
0.0272,0.06517621874809265,0.0003518518518518519,8.125,130,,,,,,,,
,,,8.125,130,0.2052672654390335,0.9107142857142857,0.8808641975308643,57.3665,,,,
0.0105,0.038908977061510086,0.0003333333333333333,8.75,140,,,,,,,,
,,,8.75,140,0.5567817687988281,0.9107142857142857,0.8641414141414141,62.2241,,,,
0.0398,0.34708672761917114,0.0003148148148148148,9.375,150,,,,,,,,
,,,9.375,150,0.2587340474128723,0.875,0.817838246409675,66.6124,,,,
0.0069,0.016783684492111206,0.0002962962962962963,10.0,160,,,,,,,,
,,,10.0,160,0.21897563338279724,0.9107142857142857,0.8805383022774328,70.9611,,,,
0.0005,0.007116133812814951,0.0002777777777777778,10.625,170,,,,,,,,
,,,10.625,170,0.30720382928848267,0.9107142857142857,0.8646926536731634,75.7125,,,,
0.0082,0.3774978518486023,0.00025925925925925926,11.25,180,,,,,,,,
,,,11.25,180,0.29098621010780334,0.9107142857142857,0.8650793650793651,80.0319,,,,
0.0006,0.02979162335395813,0.00024074074074074072,11.875,190,,,,,,,,
,,,11.875,190,0.2738577425479889,0.9107142857142857,0.8650793650793651,84.7583,,,,
0.0005,0.016932252794504166,0.0002222222222222222,12.5,200,,,,,,,,
,,,12.5,200,0.26728352904319763,0.9107142857142857,0.8650793650793651,89.0084,,,,
0.0005,0.0022564735263586044,0.0002037037037037037,13.125,210,,,,,,,,
,,,13.125,210,0.26236510276794434,0.9107142857142857,0.8650793650793651,93.2866,,,,
0.0008,0.04362984746694565,0.00018518518518518518,13.75,220,,,,,,,,
,,,13.75,220,0.22799018025398254,0.9107142857142857,0.8650793650793651,98.0965,,,,
0.0005,0.011491172946989536,0.00016666666666666666,14.375,230,,,,,,,,
,,,14.375,230,0.22185012698173523,0.9107142857142857,0.8646926536731634,102.7417,,,,
0.0005,0.007295139599591494,0.00014814814814814815,15.0,240,,,,,,,,
,,,15.0,240,0.23442649841308594,0.9107142857142857,0.8646926536731634,106.9598,,,,
0.0004,0.004722564481198788,0.00012962962962962963,15.625,250,,,,,,,,
,,,15.625,250,0.23199190199375153,0.9107142857142857,0.8646926536731634,111.4194,,,,
0.0001,0.00880973320454359,0.0001111111111111111,16.25,260,,,,,,,,
,,,16.25,260,0.22991175949573517,0.9107142857142857,0.8646926536731634,115.9803,,,,
0.0003,0.0069726938381791115,9.259259259259259e-05,16.875,270,,,,,,,,
,,,16.875,270,0.23096494376659393,0.9107142857142857,0.8646926536731634,120.4567,,,,
0.0003,0.0019741710275411606,7.407407407407407e-05,17.5,280,,,,,,,,
,,,17.5,280,0.23273037374019623,0.9107142857142857,0.8646926536731634,125.1689,,,,
0.0002,0.00987798161804676,5.555555555555555e-05,18.125,290,,,,,,,,
,,,18.125,290,0.2324414998292923,0.9107142857142857,0.8646926536731634,129.4707,,,,
0.0002,0.029462536796927452,3.7037037037037037e-05,18.75,300,,,,,,,,
,,,18.75,300,0.23290491104125977,0.8928571428571429,0.8519659076769939,134.2335,,,,
0.0009,0.35875648260116577,1.8518518518518518e-05,19.375,310,,,,,,,,
,,,19.375,310,0.23002216219902039,0.9107142857142857,0.8646926536731634,138.2628,,,,
0.0002,0.005476425867527723,0.0,20.0,320,,,,,,,,
,,,20.0,320,0.22996927797794342,0.9107142857142857,0.8646926536731634,142.8422,,,,
,,,20.0,320,,,,142.3435,35.126,2.248,453010991768640.0,0.19019427632047153
