loss,grad_norm,learning_rate,epoch,step,eval_loss,eval_accuracy,eval_f1,train_runtime,train_samples_per_second,train_steps_per_second,total_flos,train_loss
0.6801,0.5727102756500244,5.000000000000001e-07,0.004347826086956522,1,,,,,,,,
0.7401,1.793156623840332,1.25e-05,0.10869565217391304,25,,,,,,,,
,,,0.10869565217391304,25,0.7199676632881165,0.3161764705882353,0.0,5.958,,,,
0.6926,1.294758915901184,2.5e-05,0.21739130434782608,50,,,,,,,,
,,,0.21739130434782608,50,0.6664766669273376,0.6838235294117647,0.8122270742358079,11.3586,,,,
0.6456,3.4128987789154053,3.7500000000000003e-05,0.32608695652173914,75,,,,,,,,
,,,0.32608695652173914,75,0.6364306807518005,0.6838235294117647,0.8122270742358079,16.9314,,,,
0.6473,0.9326364398002625,5e-05,0.43478260869565216,100,,,,,,,,
,,,0.43478260869565216,100,0.6276492476463318,0.6838235294117647,0.8122270742358079,22.4032,,,,
0.6002,1.3252887725830078,6.25e-05,0.5434782608695652,125,,,,,,,,
,,,0.5434782608695652,125,0.6211436986923218,0.6838235294117647,0.8122270742358079,27.8943,,,,
0.6309,2.5747294425964355,7.500000000000001e-05,0.6521739130434783,150,,,,,,,,
,,,0.6521739130434783,150,0.6201555728912354,0.6838235294117647,0.8122270742358079,33.461,,,,
0.6329,1.1149169206619263,8.75e-05,0.7608695652173914,175,,,,,,,,
,,,0.7608695652173914,175,0.6173954606056213,0.6838235294117647,0.8122270742358079,39.0834,,,,
0.6312,0.9953253865242004,0.0001,0.8695652173913043,200,,,,,,,,
,,,0.8695652173913043,200,0.6090351343154907,0.6838235294117647,0.8122270742358079,44.6725,,,,
0.6169,0.8639620542526245,9.880952380952381e-05,0.9782608695652174,225,,,,,,,,
,,,0.9782608695652174,225,0.5858073234558105,0.6838235294117647,0.8122270742358079,50.1733,,,,
0.5843,0.8389319777488708,9.761904761904762e-05,1.0869565217391304,250,,,,,,,,
,,,1.0869565217391304,250,0.5411961674690247,0.7058823529411765,0.8214285714285715,55.4994,,,,
0.553,4.615654945373535,9.642857142857143e-05,1.1956521739130435,275,,,,,,,,
,,,1.1956521739130435,275,0.5408599972724915,0.7230392156862745,0.8274809160305343,61.0485,,,,
0.5317,1.740578055381775,9.523809523809524e-05,1.3043478260869565,300,,,,,,,,
,,,1.3043478260869565,300,0.48245590925216675,0.7965686274509803,0.8600337268128162,66.5526,,,,
0.4919,2.546389579772949,9.404761904761905e-05,1.4130434782608696,325,,,,,,,,
,,,1.4130434782608696,325,0.4787538945674896,0.7671568627450981,0.8217636022514071,72.1314,,,,
0.5098,11.280092239379883,9.285714285714286e-05,1.5217391304347827,350,,,,,,,,
,,,1.5217391304347827,350,0.46836167573928833,0.7990196078431373,0.8556338028169014,77.633,,,,
0.5117,1.7192531824111938,9.166666666666667e-05,1.6304347826086958,375,,,,,,,,
,,,1.6304347826086958,375,0.4484219253063202,0.8088235294117647,0.8576642335766422,83.0883,,,,
0.4203,3.157646656036377,9.047619047619048e-05,1.7391304347826086,400,,,,,,,,
,,,1.7391304347826086,400,0.4640589654445648,0.8014705882352942,0.8638655462184874,88.5793,,,,
0.4583,6.126677513122559,8.92857142857143e-05,1.8478260869565217,425,,,,,,,,
,,,1.8478260869565217,425,0.407098650932312,0.8161764705882353,0.866785079928952,94.1146,,,,
0.4428,2.1294970512390137,8.80952380952381e-05,1.9565217391304348,450,,,,,,,,
,,,1.9565217391304348,450,0.3955552279949188,0.8161764705882353,0.861878453038674,99.7546,,,,
0.4393,2.238396167755127,8.690476190476192e-05,2.0652173913043477,475,,,,,,,,
,,,2.0652173913043477,475,0.4804445207118988,0.8014705882352942,0.8661157024793389,105.04,,,,
0.4433,3.5200822353363037,8.571428571428571e-05,2.1739130434782608,500,,,,,,,,
,,,2.1739130434782608,500,0.39294615387916565,0.8259803921568627,0.8765217391304347,110.6536,,,,
0.3993,5.897213935852051,8.452380952380952e-05,2.282608695652174,525,,,,,,,,
,,,2.282608695652174,525,0.38605421781539917,0.8357843137254902,0.8761552680221812,116.3374,,,,
0.381,1.6383211612701416,8.333333333333334e-05,2.391304347826087,550,,,,,,,,
,,,2.391304347826087,550,0.38700780272483826,0.8382352941176471,0.8812949640287768,121.8625,,,,
0.4252,2.1337430477142334,8.214285714285714e-05,2.5,575,,,,,,,,
,,,2.5,575,0.39411765336990356,0.8357843137254902,0.882249560632689,127.3769,,,,
0.4001,3.4851467609405518,8.095238095238096e-05,2.608695652173913,600,,,,,,,,
,,,2.608695652173913,600,0.3692435026168823,0.8308823529411765,0.8761220825852782,132.8697,,,,
0.3858,1.9772849082946777,7.976190476190477e-05,2.717391304347826,625,,,,,,,,
,,,2.717391304347826,625,0.3898817300796509,0.8431372549019608,0.8900343642611684,138.5088,,,,
0.5004,4.8095479011535645,7.857142857142858e-05,2.8260869565217392,650,,,,,,,,
,,,2.8260869565217392,650,0.3531762659549713,0.8406862745098039,0.8828828828828829,144.0296,,,,
0.3757,3.0001561641693115,7.738095238095239e-05,2.9347826086956523,675,,,,,,,,
,,,2.9347826086956523,675,0.3719078004360199,0.8553921568627451,0.8952042628774423,149.6945,,,,
0.3798,7.1328206062316895,7.619047619047618e-05,3.0434782608695654,700,,,,,,,,
,,,3.0434782608695654,700,0.4121670722961426,0.8357843137254902,0.8846815834767642,154.9658,,,,
0.4084,1.7118492126464844,7.500000000000001e-05,3.1521739130434785,725,,,,,,,,
,,,3.1521739130434785,725,0.40539827942848206,0.8480392156862745,0.8931034482758621,160.5168,,,,
0.4041,3.766134023666382,7.380952380952382e-05,3.260869565217391,750,,,,,,,,
,,,3.260869565217391,750,0.43802523612976074,0.8308823529411765,0.883248730964467,166.0754,,,,
0.3437,8.876558303833008,7.261904761904762e-05,3.369565217391304,775,,,,,,,,
,,,3.369565217391304,775,0.39003559947013855,0.8529411764705882,0.8954703832752613,171.474,,,,
0.401,6.2721333503723145,7.142857142857143e-05,3.4782608695652173,800,,,,,,,,
,,,3.4782608695652173,800,0.38051077723503113,0.8382352941176471,0.8838028169014085,177.0965,,,,
0.4241,4.0314106941223145,7.023809523809524e-05,3.5869565217391304,825,,,,,,,,
,,,3.5869565217391304,825,0.3542540967464447,0.8382352941176471,0.88339222614841,182.5991,,,,
0.3895,4.086667060852051,6.904761904761905e-05,3.6956521739130435,850,,,,,,,,
,,,3.6956521739130435,850,0.359649121761322,0.8406862745098039,0.8841354723707666,188.2797,,,,
0.3757,6.728781700134277,6.785714285714286e-05,3.8043478260869565,875,,,,,,,,
,,,3.8043478260869565,875,0.3583841919898987,0.8431372549019608,0.8861209964412811,193.7983,,,,
0.343,7.678296089172363,6.666666666666667e-05,3.9130434782608696,900,,,,,,,,
,,,3.9130434782608696,900,0.4006619155406952,0.8382352941176471,0.8877551020408163,199.3926,,,,
0.3988,7.750701427459717,6.547619047619048e-05,4.021739130434782,925,,,,,,,,
,,,4.021739130434782,925,0.3791755139827728,0.8382352941176471,0.8869863013698631,204.7791,,,,
0.3469,3.6031951904296875,6.428571428571429e-05,4.130434782608695,950,,,,,,,,
,,,4.130434782608695,950,0.3520089089870453,0.8553921568627451,0.8959435626102292,210.3224,,,,
0.3769,3.5714821815490723,6.30952380952381e-05,4.239130434782608,975,,,,,,,,
,,,4.239130434782608,975,0.3531220853328705,0.8504901960784313,0.8920353982300885,215.8096,,,,
0.3726,3.2673017978668213,6.19047619047619e-05,4.3478260869565215,1000,,,,,,,,
,,,4.3478260869565215,1000,0.35011839866638184,0.8651960784313726,0.9019607843137256,221.2315,,,,
0.3608,6.133035182952881,6.0714285714285715e-05,4.456521739130435,1025,,,,,,,,
,,,4.456521739130435,1025,0.34058693051338196,0.8504901960784313,0.8876611418047882,227.1718,,,,
0.3502,7.891084671020508,5.9523809523809524e-05,4.565217391304348,1050,,,,,,,,
,,,4.565217391304348,1050,0.38519287109375,0.8455882352941176,0.8900523560209423,232.6876,,,,
0.3325,6.441595554351807,5.833333333333334e-05,4.673913043478261,1075,,,,,,,,
,,,4.673913043478261,1075,0.36938610672950745,0.8480392156862745,0.8904593639575972,238.2257,,,,
0.2915,3.8456408977508545,5.714285714285714e-05,4.782608695652174,1100,,,,,,,,
,,,4.782608695652174,1100,0.358842134475708,0.8480392156862745,0.8896797153024911,243.7316,,,,
0.3485,9.740151405334473,5.595238095238096e-05,4.891304347826087,1125,,,,,,,,
,,,4.891304347826087,1125,0.3415786027908325,0.8578431372549019,0.89568345323741,249.2438,,,,
0.3381,0.7899534106254578,5.4761904761904766e-05,5.0,1150,,,,,,,,
,,,5.0,1150,0.3379761576652527,0.8651960784313726,0.9005424954792043,254.8552,,,,
0.3044,1.0747309923171997,5.3571428571428575e-05,5.108695652173913,1175,,,,,,,,
,,,5.108695652173913,1175,0.3939063549041748,0.8553921568627451,0.8977469670710572,260.3034,,,,
0.3568,12.090261459350586,5.2380952380952384e-05,5.217391304347826,1200,,,,,,,,
,,,5.217391304347826,1200,0.36883383989334106,0.8553921568627451,0.8970331588132635,265.9513,,,,
0.3217,3.207099437713623,5.119047619047619e-05,5.326086956521739,1225,,,,,,,,
,,,5.326086956521739,1225,0.34345558285713196,0.8578431372549019,0.8964285714285715,271.4749,,,,
0.377,5.029958248138428,5e-05,5.434782608695652,1250,,,,,,,,
,,,5.434782608695652,1250,0.35229596495628357,0.8578431372549019,0.8971631205673759,276.9536,,,,
0.2874,5.337530612945557,4.880952380952381e-05,5.543478260869565,1275,,,,,,,,
,,,5.543478260869565,1275,0.3447883427143097,0.8529411764705882,0.8928571428571429,282.4489,,,,
0.3141,5.109247207641602,4.761904761904762e-05,5.6521739130434785,1300,,,,,,,,
,,,5.6521739130434785,1300,0.34312134981155396,0.8553921568627451,0.8959435626102292,287.9549,,,,
0.2837,5.1967949867248535,4.642857142857143e-05,5.760869565217392,1325,,,,,,,,
,,,5.760869565217392,1325,0.3763035833835602,0.8553921568627451,0.8963093145869947,293.5961,,,,
0.3509,4.422464847564697,4.523809523809524e-05,5.869565217391305,1350,,,,,,,,
,,,5.869565217391305,1350,0.33723098039627075,0.8651960784313726,0.9005424954792043,299.1803,,,,
0.3518,2.3665266036987305,4.404761904761905e-05,5.978260869565218,1375,,,,,,,,
,,,5.978260869565218,1375,0.3308376967906952,0.8651960784313726,0.9016100178890876,304.8862,,,,
0.2558,6.149110794067383,4.2857142857142856e-05,6.086956521739131,1400,,,,,,,,
,,,6.086956521739131,1400,0.5041422247886658,0.8382352941176471,0.8914473684210527,310.2948,,,,
0.3701,3.7345173358917236,4.166666666666667e-05,6.195652173913044,1425,,,,,,,,
,,,6.195652173913044,1425,0.3366350531578064,0.8676470588235294,0.9021739130434783,316.0187,,,,
0.3327,4.2362847328186035,4.047619047619048e-05,6.304347826086957,1450,,,,,,,,
,,,6.304347826086957,1450,0.3417958617210388,0.8578431372549019,0.8945454545454546,321.4158,,,,
0.3516,1.7917965650558472,3.928571428571429e-05,6.413043478260869,1475,,,,,,,,
,,,6.413043478260869,1475,0.3322475552558899,0.8700980392156863,0.9055258467023173,326.9269,,,,
0.3476,1.5694524049758911,3.809523809523809e-05,6.521739130434782,1500,,,,,,,,
,,,6.521739130434782,1500,0.333062082529068,0.8627450980392157,0.8962962962962964,332.4368,,,,
0.2806,9.584287643432617,3.690476190476191e-05,6.630434782608695,1525,,,,,,,,
,,,6.630434782608695,1525,0.3923981487751007,0.8553921568627451,0.8970331588132635,338.2496,,,,
0.3038,1.5572545528411865,3.571428571428572e-05,6.739130434782608,1550,,,,,,,,
,,,6.739130434782608,1550,0.3496127128601074,0.8651960784313726,0.8998178506375228,343.8102,,,,
0.2693,3.818051338195801,3.4523809523809526e-05,6.8478260869565215,1575,,,,,,,,
,,,6.8478260869565215,1575,0.3557625114917755,0.8651960784313726,0.8994515539305302,349.314,,,,
0.3351,6.322583198547363,3.3333333333333335e-05,6.956521739130435,1600,,,,,,,,
,,,6.956521739130435,1600,0.3734737038612366,0.8627450980392157,0.901060070671378,354.9258,,,,
0.29,4.431207180023193,3.2142857142857144e-05,7.065217391304348,1625,,,,,,,,
,,,7.065217391304348,1625,0.35430583357810974,0.8651960784313726,0.9012567324955117,360.2926,,,,
0.3339,3.109109878540039,3.095238095238095e-05,7.173913043478261,1650,,,,,,,,
,,,7.173913043478261,1650,0.36115503311157227,0.8651960784313726,0.9023090586145649,365.7652,,,,
0.2863,3.664289712905884,2.9761904761904762e-05,7.282608695652174,1675,,,,,,,,
,,,7.282608695652174,1675,0.35724833607673645,0.8651960784313726,0.9029982363315697,371.3104,,,,
0.2937,4.516532897949219,2.857142857142857e-05,7.391304347826087,1700,,,,,,,,
,,,7.391304347826087,1700,0.3498411476612091,0.8700980392156863,0.905861456483126,376.8706,,,,
0.297,3.0059890747070312,2.7380952380952383e-05,7.5,1725,,,,,,,,
,,,7.5,1725,0.34282317757606506,0.8651960784313726,0.9012567324955117,382.5816,,,,
0.3301,4.020879745483398,2.6190476190476192e-05,7.608695652173913,1750,,,,,,,,
,,,7.608695652173913,1750,0.3469427227973938,0.8651960784313726,0.9026548672566371,388.0984,,,,
0.3372,3.5295560359954834,2.5e-05,7.717391304347826,1775,,,,,,,,
,,,7.717391304347826,1775,0.3429669439792633,0.8627450980392157,0.900709219858156,393.68,,,,
0.3247,3.7528772354125977,2.380952380952381e-05,7.826086956521739,1800,,,,,,,,
,,,7.826086956521739,1800,0.34271398186683655,0.8651960784313726,0.9026548672566371,399.1634,,,,
0.2804,4.8094658851623535,2.261904761904762e-05,7.934782608695652,1825,,,,,,,,
,,,7.934782608695652,1825,0.33190932869911194,0.8676470588235294,0.9035714285714286,404.8377,,,,
0.3306,8.410894393920898,2.1428571428571428e-05,8.043478260869565,1850,,,,,,,,
,,,8.043478260869565,1850,0.34339094161987305,0.8602941176470589,0.8991150442477877,410.3314,,,,
0.2901,3.0120394229888916,2.023809523809524e-05,8.152173913043478,1875,,,,,,,,
,,,8.152173913043478,1875,0.3412013053894043,0.8651960784313726,0.9016100178890876,415.8335,,,,
0.2506,1.6128928661346436,1.9047619047619046e-05,8.26086956521739,1900,,,,,,,,
,,,8.26086956521739,1900,0.3596419394016266,0.8529411764705882,0.8939929328621908,421.4725,,,,
0.2799,2.6589486598968506,1.785714285714286e-05,8.369565217391305,1925,,,,,,,,
,,,8.369565217391305,1925,0.3462171256542206,0.8602941176470589,0.8969258589511754,427.0468,,,,
0.2973,5.24497127532959,1.6666666666666667e-05,8.478260869565217,1950,,,,,,,,
,,,8.478260869565217,1950,0.3492143750190735,0.8627450980392157,0.8992805755395683,432.6952,,,,
0.2965,4.145698070526123,1.5476190476190476e-05,8.58695652173913,1975,,,,,,,,
,,,8.58695652173913,1975,0.3705368936061859,0.8602941176470589,0.9001751313485115,438.1736,,,,
0.2432,5.86834716796875,1.4285714285714285e-05,8.695652173913043,2000,,,,,,,,
,,,8.695652173913043,2000,0.35783326625823975,0.8651960784313726,0.9019607843137256,443.6751,,,,
0.3193,5.4946393966674805,1.3095238095238096e-05,8.804347826086957,2025,,,,,,,,
,,,8.804347826086957,2025,0.3546159267425537,0.8651960784313726,0.9016100178890876,449.5253,,,,
0.313,4.320389747619629,1.1904761904761905e-05,8.91304347826087,2050,,,,,,,,
,,,8.91304347826087,2050,0.3620983064174652,0.8602941176470589,0.8991150442477877,455.0703,,,,
0.3212,2.4648642539978027,1.0714285714285714e-05,9.021739130434783,2075,,,,,,,,
,,,9.021739130434783,2075,0.34538134932518005,0.8578431372549019,0.896797153024911,460.587,,,,
0.2454,2.4984710216522217,9.523809523809523e-06,9.130434782608695,2100,,,,,,,,
,,,9.130434782608695,2100,0.34358954429626465,0.8627450980392157,0.9,466.0541,,,,
0.2784,2.803542137145996,8.333333333333334e-06,9.23913043478261,2125,,,,,,,,
,,,9.23913043478261,2125,0.3510094881057739,0.8602941176470589,0.8987566607460036,471.5546,,,,
0.3002,3.452941417694092,7.142857142857143e-06,9.347826086956522,2150,,,,,,,,
,,,9.347826086956522,2150,0.34829023480415344,0.8627450980392157,0.9003558718861211,477.0729,,,,
0.2978,5.010398864746094,5.9523809523809525e-06,9.456521739130435,2175,,,,,,,,
,,,9.456521739130435,2175,0.34844931960105896,0.8602941176470589,0.8991150442477877,482.6067,,,,
0.3112,6.372977256774902,4.7619047619047615e-06,9.565217391304348,2200,,,,,,,,
,,,9.565217391304348,2200,0.35114535689353943,0.8602941176470589,0.8991150442477877,488.2073,,,,
0.3205,6.349799633026123,3.5714285714285714e-06,9.673913043478262,2225,,,,,,,,
,,,9.673913043478262,2225,0.34515365958213806,0.8602941176470589,0.8991150442477877,493.7119,,,,
0.2635,2.7429909706115723,2.3809523809523808e-06,9.782608695652174,2250,,,,,,,,
,,,9.782608695652174,2250,0.34961482882499695,0.8602941176470589,0.8991150442477877,499.3216,,,,
0.2793,8.438158988952637,1.1904761904761904e-06,9.891304347826086,2275,,,,,,,,
,,,9.891304347826086,2275,0.34799492359161377,0.8602941176470589,0.8991150442477877,504.8777,,,,
0.2609,6.994376182556152,0.0,10.0,2300,,,,,,,,
,,,10.0,2300,0.34647804498672485,0.8602941176470589,0.8991150442477877,510.4013,,,,
,,,10.0,2300,,,,510.0323,71.917,4.51,1460977291679136.0,0.3819805912608686
