loss,grad_norm,learning_rate,epoch,step,eval_loss,eval_accuracy,train_runtime,train_samples_per_second,train_steps_per_second,total_flos,train_loss
1.7942,0.6456869840621948,1e-05,0.00641025641025641,1,,,,,,,
1.59,0.9151719808578491,0.0005,0.32051282051282054,50,,,,,,,
,,,0.32051282051282054,50,1.0831247568130493,0.5306859205776173,23.3024,,,,
0.7947,0.8265876770019531,0.001,0.6410256410256411,100,,,,,,,
,,,0.6410256410256411,100,0.6996832489967346,0.5342960288808665,48.1868,,,,
0.7211,2.651383638381958,0.0015,0.9615384615384616,150,,,,,,,
,,,0.9615384615384616,150,0.7078186273574829,0.5270758122743683,72.5884,,,,
0.7427,3.386108160018921,0.002,1.282051282051282,200,,,,,,,
,,,1.282051282051282,200,0.7112637162208557,0.51985559566787,96.8966,,,,
0.7207,0.7606436610221863,0.0019264705882352942,1.6025641025641026,250,,,,,,,
,,,1.6025641025641026,250,0.6867861151695251,0.6028880866425993,120.9009,,,,
0.7376,0.9168633818626404,0.0018529411764705885,1.9230769230769231,300,,,,,,,
,,,1.9230769230769231,300,0.7384858131408691,0.48375451263537905,144.9609,,,,
0.7058,3.4514241218566895,0.0017794117647058822,2.2435897435897436,350,,,,,,,
,,,2.2435897435897436,350,0.6554996967315674,0.6425992779783394,168.496,,,,
0.703,0.8310768604278564,0.0017058823529411764,2.564102564102564,400,,,,,,,
,,,2.564102564102564,400,0.6347713470458984,0.6498194945848376,192.4281,,,,
0.6488,1.7664387226104736,0.0016323529411764706,2.8846153846153846,450,,,,,,,
,,,2.8846153846153846,450,0.7035806179046631,0.6606498194945848,216.7097,,,,
0.6467,2.023893117904663,0.0015588235294117648,3.2051282051282053,500,,,,,,,
,,,3.2051282051282053,500,0.5688738822937012,0.703971119133574,240.6517,,,,
0.6145,2.5147926807403564,0.0014852941176470588,3.5256410256410255,550,,,,,,,
,,,3.5256410256410255,550,0.5692105889320374,0.7184115523465704,264.8839,,,,
0.6137,1.6810848712921143,0.001411764705882353,3.8461538461538463,600,,,,,,,
,,,3.8461538461538463,600,0.5142574310302734,0.7581227436823105,288.8068,,,,
0.551,4.599778652191162,0.001338235294117647,4.166666666666667,650,,,,,,,
,,,4.166666666666667,650,0.537977397441864,0.7545126353790613,313.1772,,,,
0.5439,1.187126636505127,0.0012647058823529412,4.487179487179487,700,,,,,,,
,,,4.487179487179487,700,0.52309250831604,0.7509025270758123,337.0214,,,,
0.5302,2.114180326461792,0.0011911764705882352,4.8076923076923075,750,,,,,,,
,,,4.8076923076923075,750,0.5012243986129761,0.7617328519855595,360.7995,,,,
0.5091,2.679584503173828,0.0011176470588235294,5.128205128205128,800,,,,,,,
,,,5.128205128205128,800,0.4974770247936249,0.7833935018050542,385.0384,,,,
0.4788,1.0150989294052124,0.0010441176470588236,5.448717948717949,850,,,,,,,
,,,5.448717948717949,850,0.4716704189777374,0.7942238267148014,409.5508,,,,
0.4586,1.1725250482559204,0.0009705882352941176,5.769230769230769,900,,,,,,,
,,,5.769230769230769,900,0.5879279971122742,0.7292418772563177,433.5035,,,,
0.4706,0.8080697059631348,0.0008970588235294118,6.089743589743589,950,,,,,,,
,,,6.089743589743589,950,0.5118778944015503,0.7581227436823105,457.0941,,,,
0.4284,1.874169945716858,0.0008235294117647058,6.410256410256411,1000,,,,,,,
,,,6.410256410256411,1000,0.4918319284915924,0.779783393501805,480.973,,,,
0.387,1.1893686056137085,0.00075,6.730769230769231,1050,,,,,,,
,,,6.730769230769231,1050,0.5010855197906494,0.7870036101083032,505.7742,,,,
0.3688,1.4946740865707397,0.0006764705882352942,7.051282051282051,1100,,,,,,,
,,,7.051282051282051,1100,0.5094155073165894,0.7942238267148014,530.3112,,,,
0.3203,2.1302731037139893,0.0006029411764705882,7.371794871794872,1150,,,,,,,
,,,7.371794871794872,1150,0.5471886396408081,0.7833935018050542,554.9915,,,,
0.3257,2.2803103923797607,0.0005294117647058824,7.6923076923076925,1200,,,,,,,
,,,7.6923076923076925,1200,0.5537062287330627,0.776173285198556,578.4801,,,,
0.3503,2.550347328186035,0.00045588235294117646,8.012820512820513,1250,,,,,,,
,,,8.012820512820513,1250,0.48859134316444397,0.8194945848375451,602.6772,,,,
0.2862,3.2165443897247314,0.00038235294117647055,8.333333333333334,1300,,,,,,,
,,,8.333333333333334,1300,0.6848623156547546,0.779783393501805,626.4839,,,,
0.2593,2.012032985687256,0.0003088235294117647,8.653846153846153,1350,,,,,,,
,,,8.653846153846153,1350,0.5887587666511536,0.7942238267148014,650.3691,,,,
0.2648,2.1597630977630615,0.00023529411764705883,8.974358974358974,1400,,,,,,,
,,,8.974358974358974,1400,0.5389910936355591,0.7942238267148014,674.0528,,,,
0.2263,3.567103862762451,0.00016176470588235295,9.294871794871796,1450,,,,,,,
,,,9.294871794871796,1450,0.6516990661621094,0.779783393501805,697.8383,,,,
0.1696,4.11991024017334,8.823529411764706e-05,9.615384615384615,1500,,,,,,,
,,,9.615384615384615,1500,0.6538771390914917,0.7906137184115524,722.0069,,,,
0.2225,5.913991451263428,1.4705882352941177e-05,9.935897435897436,1550,,,,,,,
,,,9.935897435897436,1550,0.6327250599861145,0.7870036101083032,746.6831,,,,
,,,10.0,1560,,,750.4043,33.182,2.079,2136612170646720.0,0.5264592678883137
