loss,grad_norm,learning_rate,epoch,step,eval_loss,eval_accuracy,train_runtime,train_samples_per_second,train_steps_per_second,total_flos,train_loss
0.6739,0.9087481498718262,3.5e-06,0.00641025641025641,1,,,,,,,
0.7031,0.622099757194519,0.000175,0.32051282051282054,50,,,,,,,
,,,0.32051282051282054,50,0.6929556131362915,0.5270758122743683,21.6057,,,,
0.7026,0.4781276285648346,0.00035,0.6410256410256411,100,,,,,,,
,,,0.6410256410256411,100,0.6913058757781982,0.5270758122743683,44.469,,,,
0.6919,2.7275733947753906,0.000525,0.9615384615384616,150,,,,,,,
,,,0.9615384615384616,150,0.6897856593132019,0.5234657039711191,67.1288,,,,
0.694,1.1892613172531128,0.0007,1.282051282051282,200,,,,,,,
,,,1.282051282051282,200,0.6818872094154358,0.5018050541516246,89.7052,,,,
0.6513,1.5153902769088745,0.0006742647058823529,1.6025641025641026,250,,,,,,,
,,,1.6025641025641026,250,0.6850989460945129,0.555956678700361,111.9964,,,,
0.649,2.526001453399658,0.0006485294117647059,1.9230769230769231,300,,,,,,,
,,,1.9230769230769231,300,0.6608010530471802,0.7075812274368231,134.2483,,,,
0.5643,1.9437692165374756,0.0006227941176470587,2.2435897435897436,350,,,,,,,
,,,2.2435897435897436,350,0.6068165302276611,0.6714801444043321,155.8344,,,,
0.5767,1.4095999002456665,0.0005970588235294117,2.564102564102564,400,,,,,,,
,,,2.564102564102564,400,0.5517123937606812,0.703971119133574,178.1973,,,,
0.5194,3.1051077842712402,0.0005713235294117647,2.8846153846153846,450,,,,,,,
,,,2.8846153846153846,450,0.7376269698143005,0.7328519855595668,200.681,,,,
0.5133,2.977536916732788,0.0005455882352941177,3.2051282051282053,500,,,,,,,
,,,3.2051282051282053,500,0.5182795524597168,0.7472924187725631,222.8542,,,,
0.3881,5.685179233551025,0.0005198529411764706,3.5256410256410255,550,,,,,,,
,,,3.5256410256410255,550,0.7978611588478088,0.779783393501805,245.1136,,,,
0.406,3.961249589920044,0.0004941176470588236,3.8461538461538463,600,,,,,,,
,,,3.8461538461538463,600,0.7583389282226562,0.7292418772563177,267.2492,,,,
0.323,2.996446132659912,0.00046838235294117644,4.166666666666667,650,,,,,,,
,,,4.166666666666667,650,0.5349651575088501,0.7725631768953068,289.9876,,,,
0.2606,10.814178466796875,0.0004426470588235294,4.487179487179487,700,,,,,,,
,,,4.487179487179487,700,0.6872613430023193,0.776173285198556,312.1752,,,,
0.2589,16.47307586669922,0.00041691176470588234,4.8076923076923075,750,,,,,,,
,,,4.8076923076923075,750,0.8651920557022095,0.7906137184115524,334.1152,,,,
0.2198,8.951079368591309,0.0003911764705882353,5.128205128205128,800,,,,,,,
,,,5.128205128205128,800,0.5358948707580566,0.8050541516245487,356.4835,,,,
0.2294,3.461155891418457,0.00036544117647058824,5.448717948717949,850,,,,,,,
,,,5.448717948717949,850,0.6039524674415588,0.7870036101083032,379.1744,,,,
0.1589,23.376296997070312,0.0003397058823529412,5.769230769230769,900,,,,,,,
,,,5.769230769230769,900,0.9637709259986877,0.7906137184115524,401.3241,,,,
0.1883,1.7247883081436157,0.00031397058823529414,6.089743589743589,950,,,,,,,
,,,6.089743589743589,950,0.9425714015960693,0.7833935018050542,423.3712,,,,
0.1441,0.752155601978302,0.00028823529411764703,6.410256410256411,1000,,,,,,,
,,,6.410256410256411,1000,1.068772792816162,0.7689530685920578,445.5474,,,,
0.1185,1.676578164100647,0.0002625,6.730769230769231,1050,,,,,,,
,,,6.730769230769231,1050,0.9714468717575073,0.7906137184115524,468.2853,,,,
0.1088,3.2924978733062744,0.00023676470588235296,7.051282051282051,1100,,,,,,,
,,,7.051282051282051,1100,0.8753473162651062,0.8014440433212996,491.043,,,,
0.0511,1.742801308631897,0.00021102941176470586,7.371794871794872,1150,,,,,,,
,,,7.371794871794872,1150,1.373142123222351,0.7725631768953068,513.8583,,,,
0.0358,0.6872308850288391,0.00018529411764705883,7.6923076923076925,1200,,,,,,,
,,,7.6923076923076925,1200,1.297329068183899,0.7833935018050542,535.7428,,,,
0.0721,0.0030652405694127083,0.00015955882352941176,8.012820512820513,1250,,,,,,,
,,,8.012820512820513,1250,1.3239771127700806,0.7870036101083032,558.2255,,,,
0.0359,0.06339334696531296,0.0001338235294117647,8.333333333333334,1300,,,,,,,
,,,8.333333333333334,1300,1.502604365348816,0.7833935018050542,580.3497,,,,
0.0659,18.86224937438965,0.00010808823529411764,8.653846153846153,1350,,,,,,,
,,,8.653846153846153,1350,1.3695579767227173,0.7870036101083032,602.4305,,,,
0.0359,13.155681610107422,8.235294117647058e-05,8.974358974358974,1400,,,,,,,
,,,8.974358974358974,1400,1.3214815855026245,0.7978339350180506,624.3398,,,,
0.0087,0.03626349940896034,5.661764705882353e-05,9.294871794871796,1450,,,,,,,
,,,9.294871794871796,1450,1.420560598373413,0.7870036101083032,646.3144,,,,
0.0288,16.03997039794922,3.0882352941176475e-05,9.615384615384615,1500,,,,,,,
,,,9.615384615384615,1500,1.4445362091064453,0.7833935018050542,668.7487,,,,
0.0347,0.19173425436019897,5.147058823529411e-06,9.935897435897436,1550,,,,,,,
,,,9.935897435897436,1550,1.4570990800857544,0.779783393501805,691.484,,,,
,,,10.0,1560,,,694.8088,35.837,2.245,2146503518608320.0,0.30294951032369566
