loss,grad_norm,learning_rate,epoch,step,eval_loss,eval_accuracy,eval_f1,train_runtime,train_samples_per_second,train_steps_per_second,total_flos,train_loss
0.7008,1.4417773485183716,2.5e-06,0.0,1,,,,,,,,
0.6559,0.8919280171394348,6.25e-05,0.11,25,,,,,,,,
,,,0.11,25,0.6344942450523376,0.6838235294117647,0.8122270742358079,6.1975,,,,
0.6608,1.3656480312347412,0.000125,0.22,50,,,,,,,,
,,,0.22,50,0.6241971254348755,0.6838235294117647,0.8122270742358079,11.9037,,,,
0.6385,2.1767418384552,0.0001875,0.33,75,,,,,,,,
,,,0.33,75,0.6158483624458313,0.6838235294117647,0.8122270742358079,17.747,,,,
0.6311,0.6185611486434937,0.00025,0.43,100,,,,,,,,
,,,0.43,100,0.5645487308502197,0.6936274509803921,0.816446402349486,23.4661,,,,
0.5421,1.3259532451629639,0.0003125,0.54,125,,,,,,,,
,,,0.54,125,0.48972442746162415,0.7598039215686274,0.8414239482200647,29.2874,,,,
0.5033,2.5382299423217773,0.000375,0.65,150,,,,,,,,
,,,0.65,150,0.7167422771453857,0.7965686274509803,0.8654781199351703,34.9803,,,,
0.5706,4.715070724487305,0.0004375,0.76,175,,,,,,,,
,,,0.76,175,0.46459901332855225,0.7941176470588235,0.8378378378378378,40.9674,,,,
0.4422,2.028200626373291,0.0005,0.87,200,,,,,,,,
,,,0.87,200,0.4011821448802948,0.8406862745098039,0.8853615520282188,46.7913,,,,
0.5117,1.2527037858963013,0.0004940476190476191,0.98,225,,,,,,,,
,,,0.98,225,0.42749422788619995,0.821078431372549,0.8598848368522073,52.6654,,,,
0.4368,2.344209909439087,0.0004880952380952381,1.09,250,,,,,,,,
,,,1.09,250,0.4129076898097992,0.8357843137254902,0.882661996497373,58.2457,,,,
0.4612,1.8117769956588745,0.00048214285714285715,1.2,275,,,,,,,,
,,,1.2,275,0.384385347366333,0.8504901960784313,0.8960817717206134,64.1015,,,,
0.4221,3.0513148307800293,0.0004761904761904762,1.3,300,,,,,,,,
,,,1.3,300,0.39525681734085083,0.8480392156862745,0.8934707903780068,69.893,,,,
0.3772,1.8773282766342163,0.00047023809523809523,1.41,325,,,,,,,,
,,,1.41,325,0.34258008003234863,0.8602941176470589,0.8965517241379312,75.707,,,,
0.4178,4.349114418029785,0.00046428571428571433,1.52,350,,,,,,,,
,,,1.52,350,0.34582626819610596,0.8553921568627451,0.8929219600725953,81.4941,,,,
0.382,1.3491902351379395,0.0004583333333333333,1.63,375,,,,,,,,
,,,1.63,375,0.3572131097316742,0.8627450980392157,0.8966789667896681,87.2655,,,,
0.3381,5.380953311920166,0.00045238095238095237,1.74,400,,,,,,,,
,,,1.74,400,0.4021611213684082,0.8578431372549019,0.8986013986013986,93.0186,,,,
0.3961,2.3614237308502197,0.00044642857142857147,1.85,425,,,,,,,,
,,,1.85,425,0.34669023752212524,0.8480392156862745,0.8956228956228957,98.9201,,,,
0.386,15.626298904418945,0.00044047619047619046,1.96,450,,,,,,,,
,,,1.96,450,0.4066127836704254,0.8627450980392157,0.901060070671378,104.8172,,,,
0.2951,3.986323118209839,0.00043452380952380956,2.07,475,,,,,,,,
,,,2.07,475,0.45076146721839905,0.8553921568627451,0.8991452991452993,110.4303,,,,
0.3444,2.259305238723755,0.00042857142857142855,2.17,500,,,,,,,,
,,,2.17,500,0.34017008543014526,0.8725490196078431,0.9081272084805654,116.2201,,,,
0.2969,2.7152583599090576,0.00042261904761904765,2.28,525,,,,,,,,
,,,2.28,525,0.3337465226650238,0.8553921568627451,0.8917431192660551,122.2198,,,,
0.2802,4.52073860168457,0.0004166666666666667,2.39,550,,,,,,,,
,,,2.39,550,0.3964007496833801,0.875,0.9094138543516875,127.9861,,,,
0.3798,2.3354525566101074,0.0004107142857142857,2.5,575,,,,,,,,
,,,2.5,575,0.3400237262248993,0.8406862745098039,0.8900169204737733,133.8129,,,,
0.2884,3.3394930362701416,0.0004047619047619048,2.61,600,,,,,,,,
,,,2.61,600,0.41601625084877014,0.8627450980392157,0.9044368600682594,139.5662,,,,
0.284,4.287768363952637,0.00039880952380952383,2.72,625,,,,,,,,
,,,2.72,625,0.4636954367160797,0.8480392156862745,0.8983606557377048,145.4537,,,,
0.3736,5.016656398773193,0.0003928571428571429,2.83,650,,,,,,,,
,,,2.83,650,0.349118709564209,0.8602941176470589,0.9028960817717206,151.3032,,,,
0.3194,2.785609006881714,0.0003869047619047619,2.93,675,,,,,,,,
,,,2.93,675,0.3730204701423645,0.8504901960784313,0.8950086058519794,157.1649,,,,
0.245,1.818159818649292,0.00038095238095238096,3.04,700,,,,,,,,
,,,3.04,700,0.5351624488830566,0.8529411764705882,0.8969072164948454,162.7706,,,,
0.277,4.232659816741943,0.000375,3.15,725,,,,,,,,
,,,3.15,725,0.4243558347225189,0.8578431372549019,0.8996539792387542,168.5817,,,,
0.283,2.452564239501953,0.00036904761904761905,3.26,750,,,,,,,,
,,,3.26,750,0.4221436083316803,0.8627450980392157,0.9054054054054055,174.4617,,,,
0.2569,6.689023017883301,0.0003630952380952381,3.37,775,,,,,,,,
,,,3.37,775,0.3686232566833496,0.8553921568627451,0.8948306595365418,180.1302,,,,
0.2218,9.913627624511719,0.00035714285714285714,3.48,800,,,,,,,,
,,,3.48,800,0.4576196074485779,0.8529411764705882,0.8989898989898989,185.9778,,,,
0.2838,2.3491768836975098,0.0003511904761904762,3.59,825,,,,,,,,
,,,3.59,825,0.3314343988895416,0.8700980392156863,0.9075043630017452,191.7685,,,,
0.2847,3.287496566772461,0.00034523809523809523,3.7,850,,,,,,,,
,,,3.7,850,0.3747824728488922,0.8455882352941176,0.8900523560209423,197.7215,,,,
0.2386,14.3035888671875,0.00033928571428571433,3.8,875,,,,,,,,
,,,3.8,875,0.5236750841140747,0.8602941176470589,0.902229845626072,203.5134,,,,
0.2808,12.084628105163574,0.0003333333333333333,3.91,900,,,,,,,,
,,,3.91,900,0.43689972162246704,0.8578431372549019,0.902027027027027,209.422,,,,
0.2585,4.836910247802734,0.00032738095238095237,4.02,925,,,,,,,,
,,,4.02,925,0.4176112413406372,0.8357843137254902,0.8866328257191202,215.0541,,,,
0.1666,0.5972471237182617,0.00032142857142857147,4.13,950,,,,,,,,
,,,4.13,950,0.601464569568634,0.8504901960784313,0.897822445561139,220.97,,,,
0.2459,13.869807243347168,0.00031547619047619046,4.24,975,,,,,,,,
,,,4.24,975,0.6253690719604492,0.8284313725490197,0.8859934853420196,226.6358,,,,
0.2758,1.9312853813171387,0.00030952380952380956,4.35,1000,,,,,,,,
,,,4.35,1000,0.39472460746765137,0.8602941176470589,0.9025641025641027,232.4301,,,,
0.2208,3.350933790206909,0.00030357142857142855,4.46,1025,,,,,,,,
,,,4.46,1025,0.3457302749156952,0.8627450980392157,0.9,238.7653,,,,
0.1953,1.3945094347000122,0.00029761904761904765,4.57,1050,,,,,,,,
,,,4.57,1050,0.3894824683666229,0.8725490196078431,0.9090909090909091,244.65,,,,
0.2301,4.897702217102051,0.0002916666666666667,4.67,1075,,,,,,,,
,,,4.67,1075,0.4237387478351593,0.8774509803921569,0.9131944444444444,250.4097,,,,
0.1788,5.723456382751465,0.0002857142857142857,4.78,1100,,,,,,,,
,,,4.78,1100,0.4172404110431671,0.8725490196078431,0.9103448275862069,256.221,,,,
0.1886,3.5313987731933594,0.0002797619047619048,4.89,1125,,,,,,,,
,,,4.89,1125,0.3911304175853729,0.8774509803921569,0.9116607773851589,262.0158,,,,
0.1956,0.026226846501231194,0.0002738095238095238,5.0,1150,,,,,,,,
,,,5.0,1150,0.405428409576416,0.8774509803921569,0.910394265232975,267.8941,,,,
0.1342,0.22701601684093475,0.00026785714285714287,5.11,1175,,,,,,,,
,,,5.11,1175,0.4394984245300293,0.8725490196078431,0.9084507042253521,273.6162,,,,
0.1469,9.541767120361328,0.0002619047619047619,5.22,1200,,,,,,,,
,,,5.22,1200,0.5218257308006287,0.875,0.9128205128205128,279.4967,,,,
0.1622,7.7655181884765625,0.00025595238095238096,5.33,1225,,,,,,,,
,,,5.33,1225,0.4570026099681854,0.8700980392156863,0.9065255731922399,285.3452,,,,
0.198,7.152587413787842,0.00025,5.43,1250,,,,,,,,
,,,5.43,1250,0.4171510636806488,0.8725490196078431,0.9071428571428571,291.0922,,,,
0.1338,9.494654655456543,0.00024404761904761905,5.54,1275,,,,,,,,
,,,5.54,1275,0.47011861205101013,0.8700980392156863,0.9051878354203935,296.9067,,,,
0.1328,3.796689987182617,0.0002380952380952381,5.65,1300,,,,,,,,
,,,5.65,1300,0.5022577047348022,0.8651960784313726,0.9016100178890876,302.6947,,,,
0.1061,2.155851364135742,0.00023214285714285717,5.76,1325,,,,,,,,
,,,5.76,1325,0.5572537779808044,0.8676470588235294,0.9042553191489361,308.6439,,,,
0.1781,3.9384605884552,0.00022619047619047618,5.87,1350,,,,,,,,
,,,5.87,1350,0.532044529914856,0.8651960784313726,0.9019607843137256,314.5221,,,,
0.1397,0.7249675393104553,0.00022023809523809523,5.98,1375,,,,,,,,
,,,5.98,1375,0.5245006084442139,0.8725490196078431,0.9084507042253521,320.51,,,,
0.1081,19.44637107849121,0.00021428571428571427,6.09,1400,,,,,,,,
,,,6.09,1400,0.7274200320243835,0.8553921568627451,0.9005059021922428,326.2081,,,,
0.0875,0.24754033982753754,0.00020833333333333335,6.2,1425,,,,,,,,
,,,6.2,1425,0.6686993837356567,0.8651960784313726,0.9050086355785838,332.2718,,,,
0.1263,7.023937702178955,0.0002023809523809524,6.3,1450,,,,,,,,
,,,6.3,1450,0.6089855432510376,0.8529411764705882,0.8909090909090909,337.9516,,,,
0.1354,1.4674663543701172,0.00019642857142857144,6.41,1475,,,,,,,,
,,,6.41,1475,0.5967434048652649,0.8602941176470589,0.9008695652173914,343.8253,,,,
0.1019,0.6454269886016846,0.00019047619047619048,6.52,1500,,,,,,,,
,,,6.52,1500,0.6516952514648438,0.8676470588235294,0.9042553191489361,349.5738,,,,
0.082,0.23755306005477905,0.00018452380952380953,6.63,1525,,,,,,,,
,,,6.63,1525,0.6975658535957336,0.8725490196078431,0.9081272084805654,355.8325,,,,
0.1453,2.37725830078125,0.00017857142857142857,6.74,1550,,,,,,,,
,,,6.74,1550,0.7012369632720947,0.8651960784313726,0.9029982363315697,361.5794,,,,
0.0942,3.7664613723754883,0.00017261904761904762,6.85,1575,,,,,,,,
,,,6.85,1575,0.700886607170105,0.8676470588235294,0.9059233449477352,367.4783,,,,
0.1051,6.6774492263793945,0.00016666666666666666,6.96,1600,,,,,,,,
,,,6.96,1600,0.8063523769378662,0.8578431372549019,0.8996539792387542,373.3145,,,,
0.1244,8.620431900024414,0.00016071428571428573,7.07,1625,,,,,,,,
,,,7.07,1625,0.6553246974945068,0.8774509803921569,0.910394265232975,379.0544,,,,
0.1382,2.8141109943389893,0.00015476190476190478,7.17,1650,,,,,,,,
,,,7.17,1650,0.6006565690040588,0.8651960784313726,0.9023090586145649,384.8304,,,,
0.123,0.836096465587616,0.00014880952380952382,7.28,1675,,,,,,,,
,,,7.28,1675,0.6627452969551086,0.8578431372549019,0.8996539792387542,390.6694,,,,
0.1064,9.895842552185059,0.00014285714285714284,7.39,1700,,,,,,,,
,,,7.39,1700,0.7109431028366089,0.8529411764705882,0.8954703832752613,396.5415,,,,
0.086,4.930020809173584,0.0001369047619047619,7.5,1725,,,,,,,,
,,,7.5,1725,0.70620197057724,0.8676470588235294,0.9028776978417268,402.4829,,,,
0.1116,0.6308265328407288,0.00013095238095238096,7.61,1750,,,,,,,,
,,,7.61,1750,0.6369110345840454,0.8578431372549019,0.8978873239436619,408.3116,,,,
0.1086,5.568110466003418,0.000125,7.72,1775,,,,,,,,
,,,7.72,1775,0.7144895195960999,0.8529411764705882,0.8972602739726027,414.2042,,,,
0.0889,0.7863421440124512,0.00011904761904761905,7.83,1800,,,,,,,,
,,,7.83,1800,0.6969160437583923,0.8553921568627451,0.8963093145869947,419.9447,,,,
0.0853,3.347093105316162,0.00011309523809523809,7.93,1825,,,,,,,,
,,,7.93,1825,0.755728542804718,0.8700980392156863,0.9051878354203935,425.9645,,,,
0.1624,10.223653793334961,0.00010714285714285714,8.04,1850,,,,,,,,
,,,8.04,1850,0.762336254119873,0.8504901960784313,0.8946459412780656,431.6614,,,,
0.0873,0.1937740445137024,0.0001011904761904762,8.15,1875,,,,,,,,
,,,8.15,1875,0.6885367631912231,0.8651960784313726,0.9023090586145649,437.4959,,,,
0.0562,0.0028071291744709015,9.523809523809524e-05,8.26,1900,,,,,,,,
,,,8.26,1900,0.7654871940612793,0.8578431372549019,0.8978873239436619,443.3446,,,,
0.0432,0.0385405533015728,8.928571428571429e-05,8.37,1925,,,,,,,,
,,,8.37,1925,0.8176496028900146,0.8578431372549019,0.8975265017667844,449.2434,,,,
0.0521,6.953524589538574,8.333333333333333e-05,8.48,1950,,,,,,,,
,,,8.48,1950,0.8510660529136658,0.8504901960784313,0.8927943760984183,455.2032,,,,
0.0441,0.5296663641929626,7.738095238095239e-05,8.59,1975,,,,,,,,
,,,8.59,1975,0.8856532573699951,0.8504901960784313,0.8939130434782607,460.9422,,,,
0.1046,8.665916442871094,7.142857142857142e-05,8.7,2000,,,,,,,,
,,,8.7,2000,0.8214195370674133,0.8553921568627451,0.8966725043782837,466.7905,,,,
0.0559,1.9055370092391968,6.547619047619048e-05,8.8,2025,,,,,,,,
,,,8.8,2025,0.8387901186943054,0.8553921568627451,0.8966725043782837,472.8193,,,,
0.0558,1.942726969718933,5.9523809523809524e-05,8.91,2050,,,,,,,,
,,,8.91,2050,0.8657633662223816,0.8480392156862745,0.8923611111111109,478.7374,,,,
0.1021,0.4623856246471405,5.357142857142857e-05,9.02,2075,,,,,,,,
,,,9.02,2075,0.8122053146362305,0.8529411764705882,0.894736842105263,484.4167,,,,
0.0151,0.09824101626873016,4.761904761904762e-05,9.13,2100,,,,,,,,
,,,9.13,2100,0.8082732558250427,0.8553921568627451,0.8963093145869947,490.2949,,,,
0.0904,12.62563419342041,4.1666666666666665e-05,9.24,2125,,,,,,,,
,,,9.24,2125,0.7870979905128479,0.8578431372549019,0.8975265017667844,496.0802,,,,
0.0955,0.02851550653576851,3.571428571428571e-05,9.35,2150,,,,,,,,
,,,9.35,2150,0.8077718615531921,0.8504901960784313,0.893169877408056,501.9621,,,,
0.0804,0.07025182247161865,2.9761904761904762e-05,9.46,2175,,,,,,,,
,,,9.46,2175,0.800014853477478,0.8651960784313726,0.9040139616055847,507.8013,,,,
0.0315,7.290773868560791,2.380952380952381e-05,9.57,2200,,,,,,,,
,,,9.57,2200,0.8026445508003235,0.8651960784313726,0.9040139616055847,513.6818,,,,
0.0509,0.7339014410972595,1.7857142857142855e-05,9.67,2225,,,,,,,,
,,,9.67,2225,0.7932073473930359,0.8602941176470589,0.9001751313485115,519.4802,,,,
0.0642,0.2837015986442566,1.1904761904761905e-05,9.78,2250,,,,,,,,
,,,9.78,2250,0.7957542538642883,0.8627450980392157,0.9020979020979022,525.3743,,,,
0.0774,0.20479509234428406,5.9523809523809525e-06,9.89,2275,,,,,,,,
,,,9.89,2275,0.7931594848632812,0.8602941176470589,0.9001751313485115,531.2328,,,,
0.0333,0.027371229603886604,0.0,10.0,2300,,,,,,,,
,,,10.0,2300,0.7953792810440063,0.8602941176470589,0.9001751313485115,537.0615,,,,
,,,10.0,2300,,,,536.6296,68.353,4.286,1470901495715232.0,0.22562389184599338
