loss,grad_norm,learning_rate,epoch,step,eval_loss,eval_accuracy,eval_f1,train_runtime,train_samples_per_second,train_steps_per_second,total_flos,train_loss
1.1221,3.729626178741455,1e-05,0.0625,1,,,,,,,,
1.0889,3.4213707447052,0.0001,0.625,10,,,,,,,,
,,,0.625,10,1.046726942062378,0.5,0.2222222222222222,4.4835,,,,
0.9766,2.9675838947296143,0.0002,1.25,20,,,,,,,,
,,,1.25,20,0.9426291584968567,0.6964285714285714,0.4872881355932203,8.6178,,,,
0.8832,2.1848158836364746,0.0003,1.875,30,,,,,,,,
,,,1.875,30,0.901800274848938,0.5,0.24617886178861784,12.6359,,,,
0.9475,1.0284761190414429,0.0004,2.5,40,,,,,,,,
,,,2.5,40,0.8784199953079224,0.7321428571428571,0.5087064676616916,16.6264,,,,
0.7702,1.7212002277374268,0.0005,3.125,50,,,,,,,,
,,,3.125,50,0.8048041462898254,0.6785714285714286,0.47478301665493783,20.6605,,,,
0.7775,2.1990013122558594,0.00048148148148148144,3.75,60,,,,,,,,
,,,3.75,60,0.725835919380188,0.6785714285714286,0.47478301665493783,24.7773,,,,
0.5758,2.51686692237854,0.000462962962962963,4.375,70,,,,,,,,
,,,4.375,70,0.6818423867225647,0.6785714285714286,0.47478301665493783,28.6691,,,,
0.3982,1.4526965618133545,0.0004444444444444444,5.0,80,,,,,,,,
,,,5.0,80,0.5686811208724976,0.7321428571428571,0.5108747044917258,32.685,,,,
0.258,2.1556766033172607,0.00042592592592592595,5.625,90,,,,,,,,
,,,5.625,90,0.5604110360145569,0.7678571428571429,0.536476659629369,37.0281,,,,
0.234,1.3862966299057007,0.0004074074074074074,6.25,100,,,,,,,,
,,,6.25,100,0.5593603849411011,0.7678571428571429,0.5386981666051434,40.9566,,,,
0.1527,1.8915367126464844,0.0003888888888888889,6.875,110,,,,,,,,
,,,6.875,110,0.4543885588645935,0.8214285714285714,0.7492640692640693,44.9147,,,,
0.1247,0.6462512612342834,0.00037037037037037035,7.5,120,,,,,,,,
,,,7.5,120,0.4354124367237091,0.8214285714285714,0.6767455980570735,48.5659,,,,
0.0408,0.35253387689590454,0.0003518518518518519,8.125,130,,,,,,,,
,,,8.125,130,0.4276858866214752,0.8392857142857143,0.7901808785529715,52.776,,,,
0.0499,0.4789697527885437,0.0003333333333333333,8.75,140,,,,,,,,
,,,8.75,140,0.4174785912036896,0.8392857142857143,0.7901808785529715,57.2278,,,,
0.0234,0.4430064558982849,0.0003148148148148148,9.375,150,,,,,,,,
,,,9.375,150,0.37887507677078247,0.8571428571428571,0.7545454545454545,61.2489,,,,
0.0229,0.05720990523695946,0.0002962962962962963,10.0,160,,,,,,,,
,,,10.0,160,0.3890778720378876,0.8928571428571429,0.8663250558402313,65.2902,,,,
0.0176,0.2237161099910736,0.0002777777777777778,10.625,170,,,,,,,,
,,,10.625,170,0.4194020926952362,0.8928571428571429,0.8663250558402313,69.6503,,,,
0.0159,0.4062538743019104,0.00025925925925925926,11.25,180,,,,,,,,
,,,11.25,180,0.4099361002445221,0.8928571428571429,0.8663250558402313,73.662,,,,
0.0154,0.13378146290779114,0.00024074074074074072,11.875,190,,,,,,,,
,,,11.875,190,0.41276052594184875,0.8928571428571429,0.8663250558402313,78.0282,,,,
0.0084,0.07977950572967529,0.0002222222222222222,12.5,200,,,,,,,,
,,,12.5,200,0.40320533514022827,0.8928571428571429,0.8663250558402313,81.9512,,,,
0.0065,0.058999963104724884,0.0002037037037037037,13.125,210,,,,,,,,
,,,13.125,210,0.3897952139377594,0.8928571428571429,0.8663250558402313,85.909,,,,
0.0109,0.4798935353755951,0.00018518518518518518,13.75,220,,,,,,,,
,,,13.75,220,0.40582937002182007,0.875,0.8167958656330749,90.3775,,,,
0.0056,0.05685059353709221,0.00016666666666666666,14.375,230,,,,,,,,
,,,14.375,230,0.4048392176628113,0.8928571428571429,0.8663250558402313,94.7435,,,,
0.009,0.1792556494474411,0.00014814814814814815,15.0,240,,,,,,,,
,,,15.0,240,0.4055340588092804,0.875,0.8523809523809525,98.6616,,,,
0.0047,0.019848095253109932,0.00012962962962962963,15.625,250,,,,,,,,
,,,15.625,250,0.3973022401332855,0.8928571428571429,0.8663250558402313,102.7867,,,,
0.0045,0.1484198123216629,0.0001111111111111111,16.25,260,,,,,,,,
,,,16.25,260,0.39699265360832214,0.9107142857142857,0.9079487740273627,106.9899,,,,
0.0032,0.0192242544144392,9.259259259259259e-05,16.875,270,,,,,,,,
,,,16.875,270,0.38874343037605286,0.9107142857142857,0.9079487740273627,111.1461,,,,
0.008,0.15780453383922577,7.407407407407407e-05,17.5,280,,,,,,,,
,,,17.5,280,0.39076942205429077,0.9107142857142857,0.9079487740273627,115.4815,,,,
0.0045,0.12173694372177124,5.555555555555555e-05,18.125,290,,,,,,,,
,,,18.125,290,0.3970755934715271,0.9107142857142857,0.9079487740273627,119.4665,,,,
0.003,0.15052509307861328,3.7037037037037037e-05,18.75,300,,,,,,,,
,,,18.75,300,0.3996146321296692,0.9107142857142857,0.9079487740273627,123.8755,,,,
0.0044,0.04915723577141762,1.8518518518518518e-05,19.375,310,,,,,,,,
,,,19.375,310,0.3992457091808319,0.9107142857142857,0.9079487740273627,127.596,,,,
0.003,0.032664358615875244,0.0,20.0,320,,,,,,,,
,,,20.0,320,0.3992008566856384,0.9107142857142857,0.9079487740273627,131.7815,,,,
,,,20.0,320,,,,131.3393,38.069,2.436,453010991768640.0,0.23288005653885194
