loss,grad_norm,learning_rate,epoch,step,eval_loss,eval_accuracy,eval_f1,train_runtime,train_samples_per_second,train_steps_per_second,total_flos,train_loss
0.6859,0.7387239933013916,2.5e-05,0.004347826086956522,1,,,,,,,,
0.6812,1.4289590120315552,0.000625,0.10869565217391304,25,,,,,,,,
,,,0.10869565217391304,25,0.65791916847229,0.6838235294117647,0.8122270742358079,8.6423,,,,
0.7451,1.8149915933609009,0.00125,0.21739130434782608,50,,,,,,,,
,,,0.21739130434782608,50,0.6166720390319824,0.6838235294117647,0.8122270742358079,13.5425,,,,
0.689,1.1339504718780518,0.001875,0.32608695652173914,75,,,,,,,,
,,,0.32608695652173914,75,0.6123298406600952,0.6838235294117647,0.8122270742358079,18.6595,,,,
0.6161,1.992207646369934,0.0025,0.43478260869565216,100,,,,,,,,
,,,0.43478260869565216,100,0.5831835269927979,0.7058823529411765,0.8208955223880596,23.6195,,,,
0.5764,2.7827422618865967,0.003125,0.5434782608695652,125,,,,,,,,
,,,0.5434782608695652,125,0.7137598991394043,0.6936274509803921,0.8153618906942391,28.6514,,,,
0.6224,1.8241026401519775,0.00375,0.6521739130434783,150,,,,,,,,
,,,0.6521739130434783,150,0.5677156448364258,0.6911764705882353,0.8136094674556213,33.7334,,,,
0.5828,1.2147977352142334,0.004375,0.7608695652173914,175,,,,,,,,
,,,0.7608695652173914,175,0.6160891652107239,0.696078431372549,0.8171091445427728,38.9058,,,,
0.6866,1.358169674873352,0.005,0.8695652173913043,200,,,,,,,,
,,,0.8695652173913043,200,0.7195616960525513,0.6862745098039216,0.8134110787172011,44.0959,,,,
0.6492,5.734940052032471,0.0049404761904761904,0.9782608695652174,225,,,,,,,,
,,,0.9782608695652174,225,0.6433237195014954,0.6421568627450981,0.663594470046083,49.2311,,,,
0.5913,1.9011954069137573,0.004880952380952381,1.0869565217391304,250,,,,,,,,
,,,1.0869565217391304,250,0.4960443079471588,0.7622549019607843,0.8452950558213715,54.1782,,,,
0.5583,1.181834101676941,0.004821428571428572,1.1956521739130435,275,,,,,,,,
,,,1.1956521739130435,275,0.5458723902702332,0.7009803921568627,0.8200589970501474,59.4177,,,,
0.6271,3.1504945755004883,0.0047619047619047615,1.3043478260869565,300,,,,,,,,
,,,1.3043478260869565,300,0.4956047236919403,0.7843137254901961,0.8598726114649682,64.6165,,,,
0.4728,3.256761312484741,0.004702380952380953,1.4130434782608696,325,,,,,,,,
,,,1.4130434782608696,325,0.44203615188598633,0.7990196078431373,0.8481481481481481,69.8466,,,,
0.4936,1.3768168687820435,0.004642857142857143,1.5217391304347827,350,,,,,,,,
,,,1.5217391304347827,350,0.5684683322906494,0.7475490196078431,0.7858627858627859,75.1215,,,,
0.5256,1.1241517066955566,0.004583333333333333,1.6304347826086958,375,,,,,,,,
,,,1.6304347826086958,375,0.40558356046676636,0.8014705882352942,0.8519195612431445,80.2646,,,,
0.5889,1.216410756111145,0.004523809523809524,1.7391304347826086,400,,,,,,,,
,,,1.7391304347826086,400,0.5008541345596313,0.7794117647058824,0.8566878980891721,85.5799,,,,
0.6329,1.683097243309021,0.004464285714285715,1.8478260869565217,425,,,,,,,,
,,,1.8478260869565217,425,0.7127558588981628,0.7524509803921569,0.8458015267175574,90.866,,,,
0.5744,1.4679944515228271,0.004404761904761904,1.9565217391304348,450,,,,,,,,
,,,1.9565217391304348,450,0.40522077679634094,0.8186274509803921,0.8770764119601329,97.0709,,,,
0.4241,0.8258503079414368,0.004345238095238096,2.0652173913043477,475,,,,,,,,
,,,2.0652173913043477,475,0.6700022220611572,0.7965686274509803,0.8667736757624397,102.1978,,,,
0.4459,1.3289484977722168,0.004285714285714286,2.1739130434782608,500,,,,,,,,
,,,2.1739130434782608,500,0.3910704255104065,0.8161764705882353,0.8713550600343053,107.481,,,,
0.4674,1.5522116422653198,0.004226190476190476,2.282608695652174,525,,,,,,,,
,,,2.282608695652174,525,0.4020707309246063,0.8235294117647058,0.8767123287671232,113.4529,,,,
0.4649,1.1307404041290283,0.004166666666666667,2.391304347826087,550,,,,,,,,
,,,2.391304347826087,550,0.39213600754737854,0.821078431372549,0.8712522045855379,118.7296,,,,
0.4511,4.483384609222412,0.004107142857142857,2.5,575,,,,,,,,
,,,2.5,575,0.9469341039657593,0.6936274509803921,0.8169838945827232,124.1275,,,,
0.431,2.603182077407837,0.004047619047619048,2.608695652173913,600,,,,,,,,
,,,2.608695652173913,600,0.6380718946456909,0.803921568627451,0.8722044728434506,129.4485,,,,
0.3923,1.2743332386016846,0.0039880952380952385,2.717391304347826,625,,,,,,,,
,,,2.717391304347826,625,0.4056839048862457,0.8284313725490197,0.8731884057971014,134.8419,,,,
0.5179,1.458344578742981,0.003928571428571429,2.8260869565217392,650,,,,,,,,
,,,2.8260869565217392,650,0.3786602318286896,0.821078431372549,0.8734835355285963,140.2932,,,,
0.4053,2.7039599418640137,0.003869047619047619,2.9347826086956523,675,,,,,,,,
,,,2.9347826086956523,675,0.4877127408981323,0.7671568627450981,0.8536209553158706,145.7443,,,,
0.4087,1.7928178310394287,0.0038095238095238095,3.0434782608695654,700,,,,,,,,
,,,3.0434782608695654,700,0.36590299010276794,0.8308823529411765,0.8774422735346359,151.0369,,,,
0.3426,0.9475952386856079,0.00375,3.1521739130434785,725,,,,,,,,
,,,3.1521739130434785,725,0.4441808760166168,0.8406862745098039,0.8865619546247819,156.496,,,,
0.3845,5.137383460998535,0.0036904761904761906,3.260869565217391,750,,,,,,,,
,,,3.260869565217391,750,0.37204548716545105,0.8333333333333334,0.874074074074074,162.0714,,,,
0.3174,0.9473702311515808,0.003630952380952381,3.369565217391304,775,,,,,,,,
,,,3.369565217391304,775,0.6399177312850952,0.7965686274509803,0.8680445151033387,167.521,,,,
0.4093,2.4483306407928467,0.0035714285714285718,3.4782608695652173,800,,,,,,,,
,,,3.4782608695652173,800,0.46814271807670593,0.8186274509803921,0.8798701298701299,173.019,,,,
0.4115,1.303771734237671,0.0035119047619047617,3.5869565217391304,825,,,,,,,,
,,,3.5869565217391304,825,0.5090582370758057,0.8014705882352942,0.8708133971291866,178.5989,,,,
0.407,2.2051286697387695,0.0034523809523809524,3.6956521739130435,850,,,,,,,,
,,,3.6956521739130435,850,0.4481329023838043,0.8308823529411765,0.8844221105527639,184.1594,,,,
0.3759,1.263231635093689,0.003392857142857143,3.8043478260869565,875,,,,,,,,
,,,3.8043478260869565,875,0.38635268807411194,0.8357843137254902,0.882249560632689,189.7042,,,,
0.3825,2.485884189605713,0.003333333333333333,3.9130434782608696,900,,,,,,,,
,,,3.9130434782608696,900,0.38810110092163086,0.8333333333333334,0.880701754385965,195.2199,,,,
0.3686,2.736922264099121,0.003273809523809524,4.021739130434782,925,,,,,,,,
,,,4.021739130434782,925,0.40610191226005554,0.8357843137254902,0.8866328257191202,200.5473,,,,
0.4131,1.5989362001419067,0.0032142857142857147,4.130434782608695,950,,,,,,,,
,,,4.130434782608695,950,0.4058026373386383,0.8357843137254902,0.8877721943048577,206.0692,,,,
0.3777,4.596634387969971,0.0031547619047619046,4.239130434782608,975,,,,,,,,
,,,4.239130434782608,975,0.547150731086731,0.8137254901960784,0.8770226537216828,211.4053,,,,
0.3686,1.7374252080917358,0.0030952380952380953,4.3478260869565215,1000,,,,,,,,
,,,4.3478260869565215,1000,0.40619102120399475,0.8333333333333334,0.8847457627118644,216.8759,,,,
0.3432,2.819392442703247,0.0030357142857142857,4.456521739130435,1025,,,,,,,,
,,,4.456521739130435,1025,0.38966572284698486,0.8333333333333334,0.8839590443686006,223.0154,,,,
0.3388,1.719290852546692,0.002976190476190476,4.565217391304348,1050,,,,,,,,
,,,4.565217391304348,1050,0.5303919911384583,0.8259803921568627,0.88107202680067,228.5833,,,,
0.364,0.6612959504127502,0.002916666666666667,4.673913043478261,1075,,,,,,,,
,,,4.673913043478261,1075,0.3474341332912445,0.8357843137254902,0.8809946714031971,234.0269,,,,
0.3098,1.1731704473495483,0.002857142857142857,4.782608695652174,1100,,,,,,,,
,,,4.782608695652174,1100,0.552098274230957,0.821078431372549,0.8809135399673736,239.5376,,,,
0.4398,4.2066121101379395,0.002797619047619048,4.891304347826087,1125,,,,,,,,
,,,4.891304347826087,1125,0.3832111060619354,0.8357843137254902,0.8756957328385899,245.0879,,,,
0.356,0.04929226636886597,0.0027380952380952383,5.0,1150,,,,,,,,
,,,5.0,1150,0.4223276674747467,0.8333333333333334,0.8811188811188811,250.6501,,,,
0.3001,0.9775800704956055,0.0026785714285714286,5.108695652173913,1175,,,,,,,,
,,,5.108695652173913,1175,0.41351082921028137,0.8406862745098039,0.8857644991212652,256.2498,,,,
0.326,2.889098644256592,0.0026190476190476194,5.217391304347826,1200,,,,,,,,
,,,5.217391304347826,1200,0.4326673746109009,0.8455882352941176,0.8958677685950412,261.9422,,,,
0.3217,0.9882010221481323,0.0025595238095238093,5.326086956521739,1225,,,,,,,,
,,,5.326086956521739,1225,0.44753706455230713,0.8382352941176471,0.8854166666666665,267.6851,,,,
0.3319,1.6475435495376587,0.0025,5.434782608695652,1250,,,,,,,,
,,,5.434782608695652,1250,0.40829482674598694,0.8431372549019608,0.8900343642611684,273.2161,,,,
0.3002,1.706522822380066,0.0024404761904761904,5.543478260869565,1275,,,,,,,,
,,,5.543478260869565,1275,0.4249870777130127,0.8455882352941176,0.8880994671403197,278.7677,,,,
0.3069,1.0509183406829834,0.0023809523809523807,5.6521739130434785,1300,,,,,,,,
,,,5.6521739130434785,1300,0.380952924489975,0.8406862745098039,0.8824593128390597,284.35,,,,
0.2849,0.4973742365837097,0.0023214285714285715,5.760869565217392,1325,,,,,,,,
,,,5.760869565217392,1325,0.49179115891456604,0.8455882352941176,0.8888888888888888,289.9563,,,,
0.3721,1.478934645652771,0.002261904761904762,5.869565217391305,1350,,,,,,,,
,,,5.869565217391305,1350,0.5013468265533447,0.8308823529411765,0.8851913477537438,295.6612,,,,
0.3776,3.8809919357299805,0.002202380952380952,5.978260869565218,1375,,,,,,,,
,,,5.978260869565218,1375,0.5949804186820984,0.8063725490196079,0.8744038155802862,301.3064,,,,
0.2283,3.711412191390991,0.002142857142857143,6.086956521739131,1400,,,,,,,,
,,,6.086956521739131,1400,0.6401501893997192,0.8137254901960784,0.8770226537216828,306.8198,,,,
0.3156,1.719103455543518,0.0020833333333333333,6.195652173913044,1425,,,,,,,,
,,,6.195652173913044,1425,0.38918161392211914,0.8480392156862745,0.8908450704225351,312.5205,,,,
0.2995,1.68948233127594,0.002023809523809524,6.304347826086957,1450,,,,,,,,
,,,6.304347826086957,1450,0.3964712917804718,0.8406862745098039,0.8837209302325582,317.9797,,,,
0.2867,0.7718044519424438,0.0019642857142857144,6.413043478260869,1475,,,,,,,,
,,,6.413043478260869,1475,0.37860727310180664,0.8431372549019608,0.8861209964412811,323.557,,,,
0.3658,1.1980682611465454,0.0019047619047619048,6.521739130434782,1500,,,,,,,,
,,,6.521739130434782,1500,0.38158002495765686,0.8480392156862745,0.8872727272727273,329.0625,,,,
0.3397,1.6055307388305664,0.0018452380952380953,6.630434782608695,1525,,,,,,,,
,,,6.630434782608695,1525,0.41347047686576843,0.8259803921568627,0.8790459965928449,335.3753,,,,
0.3437,1.1190167665481567,0.0017857142857142859,6.739130434782608,1550,,,,,,,,
,,,6.739130434782608,1550,0.3677021861076355,0.8553921568627451,0.8933092224231465,340.8505,,,,
0.2535,1.7930721044540405,0.0017261904761904762,6.8478260869565215,1575,,,,,,,,
,,,6.8478260869565215,1575,0.4584038555622101,0.8553921568627451,0.8952042628774423,346.5242,,,,
0.3236,0.979293167591095,0.0016666666666666666,6.956521739130435,1600,,,,,,,,
,,,6.956521739130435,1600,0.44680699706077576,0.8382352941176471,0.888135593220339,352.1764,,,,
0.2225,0.7363542914390564,0.0016071428571428573,7.065217391304348,1625,,,,,,,,
,,,7.065217391304348,1625,0.49349460005760193,0.8455882352941176,0.8904347826086957,357.7088,,,,
0.2911,1.055719017982483,0.0015476190476190477,7.173913043478261,1650,,,,,,,,
,,,7.173913043478261,1650,0.4089546501636505,0.8553921568627451,0.8966725043782837,363.3755,,,,
0.2603,1.6233969926834106,0.001488095238095238,7.282608695652174,1675,,,,,,,,
,,,7.282608695652174,1675,0.39762771129608154,0.8553921568627451,0.8984509466437176,369.0317,,,,
0.2712,1.634190320968628,0.0014285714285714286,7.391304347826087,1700,,,,,,,,
,,,7.391304347826087,1700,0.4245736598968506,0.8504901960784313,0.8960817717206134,374.8181,,,,
0.2238,1.8737553358078003,0.0013690476190476191,7.5,1725,,,,,,,,
,,,7.5,1725,0.4059174358844757,0.8529411764705882,0.8939929328621908,380.5142,,,,
0.2876,1.3152529001235962,0.0013095238095238097,7.608695652173913,1750,,,,,,,,
,,,7.608695652173913,1750,0.43411004543304443,0.8406862745098039,0.8896434634974534,386.1998,,,,
0.3238,3.098524808883667,0.00125,7.717391304347826,1775,,,,,,,,
,,,7.717391304347826,1775,0.46983906626701355,0.8308823529411765,0.8851913477537438,391.8512,,,,
0.2687,1.5023689270019531,0.0011904761904761904,7.826086956521739,1800,,,,,,,,
,,,7.826086956521739,1800,0.4567203223705292,0.8431372549019608,0.8915254237288135,397.4288,,,,
0.2493,1.1870033740997314,0.001130952380952381,7.934782608695652,1825,,,,,,,,
,,,7.934782608695652,1825,0.4170479476451874,0.8504901960784313,0.8924162257495591,403.2262,,,,
0.2919,1.3399848937988281,0.0010714285714285715,8.043478260869565,1850,,,,,,,,
,,,8.043478260869565,1850,0.4050218164920807,0.8431372549019608,0.8885017421602788,408.6999,,,,
0.1931,0.6543581485748291,0.001011904761904762,8.152173913043478,1875,,,,,,,,
,,,8.152173913043478,1875,0.45942404866218567,0.8480392156862745,0.8927335640138409,414.3874,,,,
0.2163,0.2195102870464325,0.0009523809523809524,8.26086956521739,1900,,,,,,,,
,,,8.26086956521739,1900,0.5194211602210999,0.8406862745098039,0.8907563025210083,420.0039,,,,
0.2268,1.3741137981414795,0.0008928571428571429,8.369565217391305,1925,,,,,,,,
,,,8.369565217391305,1925,0.4682490825653076,0.8406862745098039,0.8892674616695059,425.7099,,,,
0.21,1.5666877031326294,0.0008333333333333333,8.478260869565217,1950,,,,,,,,
,,,8.478260869565217,1950,0.4921637177467346,0.8431372549019608,0.891156462585034,431.3574,,,,
0.2571,0.48618248105049133,0.0007738095238095238,8.58695652173913,1975,,,,,,,,
,,,8.58695652173913,1975,0.46740514039993286,0.8455882352941176,0.891566265060241,436.8713,,,,
0.2607,0.8061038851737976,0.0007142857142857143,8.695652173913043,2000,,,,,,,,
,,,8.695652173913043,2000,0.4333236515522003,0.8357843137254902,0.8866328257191202,442.4528,,,,
0.2195,1.2248122692108154,0.0006547619047619048,8.804347826086957,2025,,,,,,,,
,,,8.804347826086957,2025,0.41993623971939087,0.8480392156862745,0.8904593639575972,448.5819,,,,
0.2694,1.316411018371582,0.0005952380952380952,8.91304347826087,2050,,,,,,,,
,,,8.91304347826087,2050,0.49824783205986023,0.8357843137254902,0.8885191347753744,454.2857,,,,
0.2669,0.8445006608963013,0.0005357142857142857,9.021739130434783,2075,,,,,,,,
,,,9.021739130434783,2075,0.4101565480232239,0.8455882352941176,0.8896672504378283,459.7946,,,,
0.1901,0.9979331493377686,0.0004761904761904762,9.130434782608695,2100,,,,,,,,
,,,9.130434782608695,2100,0.41788583993911743,0.8529411764705882,0.8943661971830987,465.5234,,,,
0.1887,1.803026556968689,0.00041666666666666664,9.23913043478261,2125,,,,,,,,
,,,9.23913043478261,2125,0.5061716437339783,0.8406862745098039,0.8903878583473862,471.2015,,,,
0.2358,1.2923535108566284,0.00035714285714285714,9.347826086956522,2150,,,,,,,,
,,,9.347826086956522,2150,0.5007498860359192,0.8431372549019608,0.8922558922558923,476.9214,,,,
0.237,1.9737029075622559,0.0002976190476190476,9.456521739130435,2175,,,,,,,,
,,,9.456521739130435,2175,0.450594037771225,0.8431372549019608,0.8907849829351535,482.6047,,,,
0.2247,0.9618269205093384,0.0002380952380952381,9.565217391304348,2200,,,,,,,,
,,,9.565217391304348,2200,0.4579738974571228,0.8406862745098039,0.8892674616695059,488.2803,,,,
0.2704,1.6822458505630493,0.00017857142857142857,9.673913043478262,2225,,,,,,,,
,,,9.673913043478262,2225,0.4541148841381073,0.8431372549019608,0.8907849829351535,493.9294,,,,
0.2474,0.9189445376396179,0.00011904761904761905,9.782608695652174,2250,,,,,,,,
,,,9.782608695652174,2250,0.42593106627464294,0.8504901960784313,0.8942807625649914,499.5619,,,,
0.2148,0.9774041771888733,5.9523809523809524e-05,9.891304347826086,2275,,,,,,,,
,,,9.891304347826086,2275,0.4323340654373169,0.8504901960784313,0.8942807625649914,505.3081,,,,
0.2064,0.18958242237567902,0.0,10.0,2300,,,,,,,,
,,,10.0,2300,0.4309641122817993,0.8504901960784313,0.8942807625649914,510.8407,,,,
,,,10.0,2300,,,,510.3489,71.872,4.507,1451363219019168.0,0.3753921939238258
