loss,grad_norm,learning_rate,epoch,step,eval_loss,eval_accuracy,eval_f1,train_runtime,train_samples_per_second,train_steps_per_second,total_flos,train_loss
1.1672,3.7007696628570557,0.0001,0.0625,1,,,,,,,,
0.9586,2.1119048595428467,0.001,0.625,10,,,,,,,,
,,,0.625,10,0.9246200919151306,0.5,0.2222222222222222,4.4757,,,,
1.0339,3.18813157081604,0.002,1.25,20,,,,,,,,
,,,1.25,20,0.9708224534988403,0.6607142857142857,0.4589473684210526,8.6644,,,,
0.8751,1.9988385438919067,0.003,1.875,30,,,,,,,,
,,,1.875,30,0.869592547416687,0.625,0.4288429555713946,12.6669,,,,
0.9055,3.421396493911743,0.004,2.5,40,,,,,,,,
,,,2.5,40,0.7483359575271606,0.7321428571428571,0.5115440115440115,16.6411,,,,
0.6551,1.0738325119018555,0.005,3.125,50,,,,,,,,
,,,3.125,50,0.7376996278762817,0.7142857142857143,0.49976359338061477,20.7009,,,,
0.6527,2.8082921504974365,0.004814814814814814,3.75,60,,,,,,,,
,,,3.75,60,0.7552304863929749,0.7142857142857143,0.49421820010055306,24.7837,,,,
0.4515,1.2733995914459229,0.004629629629629629,4.375,70,,,,,,,,
,,,4.375,70,0.7441421151161194,0.7142857142857143,0.5032179720704311,28.7306,,,,
0.3104,0.38799798488616943,0.0044444444444444444,5.0,80,,,,,,,,
,,,5.0,80,0.7488545775413513,0.7857142857142857,0.5487179487179487,32.7855,,,,
0.1726,0.6312016248703003,0.0042592592592592595,5.625,90,,,,,,,,
,,,5.625,90,0.5566600561141968,0.8214285714285714,0.7288037166085948,37.1416,,,,
0.1322,1.2618929147720337,0.004074074074074074,6.25,100,,,,,,,,
,,,6.25,100,0.4678742587566376,0.8928571428571429,0.8519659076769939,41.1188,,,,
0.0238,0.013294767588376999,0.003888888888888889,6.875,110,,,,,,,,
,,,6.875,110,0.8784968256950378,0.8571428571428571,0.5993408662900189,45.1452,,,,
0.0804,1.5362054109573364,0.0037037037037037034,7.5,120,,,,,,,,
,,,7.5,120,0.8962070345878601,0.8571428571428571,0.8511111111111113,48.8085,,,,
0.041,0.004061128944158554,0.0035185185185185185,8.125,130,,,,,,,,
,,,8.125,130,0.9725836515426636,0.8571428571428571,0.5993408662900189,53.0166,,,,
0.0566,2.5800580978393555,0.003333333333333333,8.75,140,,,,,,,,
,,,8.75,140,0.9828221201896667,0.875,0.8839453357100416,57.474,,,,
0.0405,0.03462936356663704,0.003148148148148148,9.375,150,,,,,,,,
,,,9.375,150,0.8583711981773376,0.8928571428571429,0.8318980074299223,61.4766,,,,
0.0086,0.007362848613411188,0.002962962962962963,10.0,160,,,,,,,,
,,,10.0,160,0.7871773838996887,0.9285714285714286,0.9237290159275974,65.4911,,,,
0.0046,0.16650809347629547,0.002777777777777778,10.625,170,,,,,,,,
,,,10.625,170,0.7482964396476746,0.9285714285714286,0.917003367003367,69.8003,,,,
0.0102,0.003464276669546962,0.0025925925925925925,11.25,180,,,,,,,,
,,,11.25,180,0.6088388562202454,0.9464285714285714,0.9605415860735009,73.7642,,,,
0.005,0.001526426407508552,0.002407407407407407,11.875,190,,,,,,,,
,,,11.875,190,0.569273054599762,0.9464285714285714,0.9605415860735009,78.0763,,,,
0.0037,0.0006673831376247108,0.0022222222222222222,12.5,200,,,,,,,,
,,,12.5,200,0.6325117945671082,0.9464285714285714,0.9605415860735009,82.0019,,,,
0.0017,0.013217858038842678,0.002037037037037037,13.125,210,,,,,,,,
,,,13.125,210,0.6628085374832153,0.9464285714285714,0.9605415860735009,86.0429,,,,
0.0021,0.012281445786356926,0.0018518518518518517,13.75,220,,,,,,,,
,,,13.75,220,0.695888102054596,0.9464285714285714,0.9605415860735009,90.4297,,,,
0.0016,0.4496661126613617,0.0016666666666666666,14.375,230,,,,,,,,
,,,14.375,230,0.7015722990036011,0.9464285714285714,0.9605415860735009,94.7229,,,,
0.0003,0.010041478089988232,0.0014814814814814814,15.0,240,,,,,,,,
,,,15.0,240,0.6625584959983826,0.9464285714285714,0.9605415860735009,98.652,,,,
0.0026,0.0010885936208069324,0.0012962962962962963,15.625,250,,,,,,,,
,,,15.625,250,0.6535900235176086,0.9464285714285714,0.9605415860735009,102.6927,,,,
0.0004,0.036141764372587204,0.0011111111111111111,16.25,260,,,,,,,,
,,,16.25,260,0.6621044278144836,0.9464285714285714,0.9605415860735009,106.938,,,,
0.0005,0.002837227424606681,0.0009259259259259259,16.875,270,,,,,,,,
,,,16.875,270,0.6642665863037109,0.9464285714285714,0.9605415860735009,111.0981,,,,
0.0003,0.0006111983675509691,0.0007407407407407407,17.5,280,,,,,,,,
,,,17.5,280,0.6631599068641663,0.9464285714285714,0.9605415860735009,115.4531,,,,
0.0005,0.0035989920143038034,0.0005555555555555556,18.125,290,,,,,,,,
,,,18.125,290,0.6608025431632996,0.9464285714285714,0.9605415860735009,119.4267,,,,
0.0005,0.007684601936489344,0.00037037037037037035,18.75,300,,,,,,,,
,,,18.75,300,0.6593901515007019,0.9464285714285714,0.9605415860735009,123.8097,,,,
0.0025,0.002858872525393963,0.00018518518518518518,19.375,310,,,,,,,,
,,,19.375,310,0.6593073606491089,0.9464285714285714,0.9605415860735009,127.5122,,,,
0.0008,0.002634664997458458,0.0,20.0,320,,,,,,,,
,,,20.0,320,0.6595167517662048,0.9464285714285714,0.9605415860735009,131.7358,,,,
,,,20.0,320,,,,131.2843,38.085,2.437,450126133093440.0,0.20176378189207753
