loss,grad_norm,learning_rate,epoch,step,eval_loss,eval_accuracy,eval_f1,train_runtime,train_samples_per_second,train_steps_per_second,total_flos,train_loss
0.6801,0.5720921158790588,2.5e-06,0.004347826086956522,1,,,,,,,,
0.7133,0.8256586790084839,6.25e-05,0.10869565217391304,25,,,,,,,,
,,,0.10869565217391304,25,0.6587066650390625,0.6838235294117647,0.8122270742358079,6.6918,,,,
0.6627,1.457202672958374,0.000125,0.21739130434782608,50,,,,,,,,
,,,0.21739130434782608,50,0.624818742275238,0.6838235294117647,0.8122270742358079,12.963,,,,
0.6386,2.6901729106903076,0.0001875,0.32608695652173914,75,,,,,,,,
,,,0.32608695652173914,75,0.6224644184112549,0.6838235294117647,0.8122270742358079,19.4627,,,,
0.6399,0.6555705666542053,0.00025,0.43478260869565216,100,,,,,,,,
,,,0.43478260869565216,100,0.6181288957595825,0.6838235294117647,0.8122270742358079,25.7702,,,,
0.603,1.1666178703308105,0.0003125,0.5434782608695652,125,,,,,,,,
,,,0.5434782608695652,125,0.6145199537277222,0.6838235294117647,0.8122270742358079,32.0904,,,,
0.6447,3.277414321899414,0.000375,0.6521739130434783,150,,,,,,,,
,,,0.6521739130434783,150,0.6201951503753662,0.6838235294117647,0.8122270742358079,38.4044,,,,
0.6268,0.5078147649765015,0.0004375,0.7608695652173914,175,,,,,,,,
,,,0.7608695652173914,175,0.5993981957435608,0.6838235294117647,0.8122270742358079,44.9129,,,,
0.5969,1.0873281955718994,0.0005,0.8695652173913043,200,,,,,,,,
,,,0.8695652173913043,200,0.5326647162437439,0.7156862745098039,0.8198757763975154,51.5409,,,,
0.5856,0.5358376502990723,0.0004940476190476191,0.9782608695652174,225,,,,,,,,
,,,0.9782608695652174,225,0.5130707025527954,0.7352941176470589,0.8307210031347961,57.9253,,,,
0.5488,1.415505051612854,0.0004880952380952381,1.0869565217391304,250,,,,,,,,
,,,1.0869565217391304,250,0.5405009984970093,0.7230392156862745,0.8290468986384266,64.2785,,,,
0.5122,0.8577234148979187,0.00048214285714285715,1.1956521739130435,275,,,,,,,,
,,,1.1956521739130435,275,0.484002947807312,0.7647058823529411,0.8461538461538463,70.7077,,,,
0.5146,0.8604134917259216,0.0004761904761904762,1.3043478260869565,300,,,,,,,,
,,,1.3043478260869565,300,0.4956212043762207,0.7671568627450981,0.8475120385232745,77.4481,,,,
0.4812,3.075700521469116,0.00047023809523809523,1.4130434782608696,325,,,,,,,,
,,,1.4130434782608696,325,0.5826118588447571,0.6838235294117647,0.7152317880794703,84.0057,,,,
0.5263,3.7520594596862793,0.00046428571428571433,1.5217391304347827,350,,,,,,,,
,,,1.5217391304347827,350,0.4859926700592041,0.7573529411764706,0.8436018957345972,90.8298,,,,
0.4498,1.001074194908142,0.0004583333333333333,1.6304347826086958,375,,,,,,,,
,,,1.6304347826086958,375,0.4015137851238251,0.8137254901960784,0.8628158844765343,97.4497,,,,
0.4024,1.0028910636901855,0.00045238095238095237,1.7391304347826086,400,,,,,,,,
,,,1.7391304347826086,400,0.39518341422080994,0.8186274509803921,0.8732876712328768,104.3466,,,,
0.4629,3.709786891937256,0.00044642857142857147,1.8478260869565217,425,,,,,,,,
,,,1.8478260869565217,425,0.37977561354637146,0.8382352941176471,0.8829787234042553,111.2328,,,,
0.4239,0.7999469637870789,0.00044047619047619046,1.9565217391304348,450,,,,,,,,
,,,1.9565217391304348,450,0.3933790922164917,0.821078431372549,0.8773109243697478,118.1673,,,,
0.448,1.046856164932251,0.00043452380952380956,2.0652173913043477,475,,,,,,,,
,,,2.0652173913043477,475,0.49982234835624695,0.7671568627450981,0.8527131782945736,124.569,,,,
0.4302,1.0672916173934937,0.00042857142857142855,2.1739130434782608,500,,,,,,,,
,,,2.1739130434782608,500,0.376134991645813,0.8259803921568627,0.8777969018932873,131.2921,,,,
0.4129,0.8833032250404358,0.00042261904761904765,2.282608695652174,525,,,,,,,,
,,,2.282608695652174,525,0.35921066999435425,0.8431372549019608,0.8869257950530036,138.3577,,,,
0.3638,0.7244328856468201,0.0004166666666666667,2.391304347826087,550,,,,,,,,
,,,2.391304347826087,550,0.394000768661499,0.8186274509803921,0.8732876712328768,144.9494,,,,
0.4516,0.5103192925453186,0.0004107142857142857,2.5,575,,,,,,,,
,,,2.5,575,0.3739148676395416,0.7990196078431373,0.8642384105960265,151.4863,,,,
0.3727,0.44412532448768616,0.0004047619047619048,2.608695652173913,600,,,,,,,,
,,,2.608695652173913,600,0.3650296926498413,0.8333333333333334,0.8835616438356164,158.1199,,,,
0.4045,0.3418472409248352,0.00039880952380952383,2.717391304347826,625,,,,,,,,
,,,2.717391304347826,625,0.4087767004966736,0.8186274509803921,0.8786885245901639,164.8102,,,,
0.464,1.5959537029266357,0.0003928571428571429,2.8260869565217392,650,,,,,,,,
,,,2.8260869565217392,650,0.33711838722229004,0.8357843137254902,0.8842832469775476,171.6453,,,,
0.3478,1.0442577600479126,0.0003869047619047619,2.9347826086956523,675,,,,,,,,
,,,2.9347826086956523,675,0.3438642919063568,0.8406862745098039,0.8865619546247819,178.3568,,,,
0.3591,1.9394636154174805,0.00038095238095238096,3.0434782608695654,700,,,,,,,,
,,,3.0434782608695654,700,0.3666439950466156,0.8284313725490197,0.8801369863013697,184.8392,,,,
0.3768,1.2084070444107056,0.000375,3.1521739130434785,725,,,,,,,,
,,,3.1521739130434785,725,0.4214339554309845,0.8112745098039216,0.8756058158319872,191.4627,,,,
0.3883,1.1769263744354248,0.00036904761904761905,3.260869565217391,750,,,,,,,,
,,,3.260869565217391,750,0.4044320583343506,0.821078431372549,0.8805237315875613,198.4658,,,,
0.3017,1.2051091194152832,0.0003630952380952381,3.369565217391304,775,,,,,,,,
,,,3.369565217391304,775,0.36395499110221863,0.8455882352941176,0.8930390492359932,204.9191,,,,
0.3639,2.6620702743530273,0.00035714285714285714,3.4782608695652173,800,,,,,,,,
,,,3.4782608695652173,800,0.420773983001709,0.821078431372549,0.8785357737104825,211.6247,,,,
0.4089,0.7020189166069031,0.0003511904761904762,3.5869565217391304,825,,,,,,,,
,,,3.5869565217391304,825,0.33192336559295654,0.8431372549019608,0.8915254237288135,218.2549,,,,
0.3754,0.6392136216163635,0.00034523809523809523,3.6956521739130435,850,,,,,,,,
,,,3.6956521739130435,850,0.318646639585495,0.8529411764705882,0.894736842105263,225.1173,,,,
0.3471,2.1786179542541504,0.00033928571428571433,3.8043478260869565,875,,,,,,,,
,,,3.8043478260869565,875,0.32122406363487244,0.8431372549019608,0.8877192982456141,231.7825,,,,
0.354,0.782078206539154,0.0003333333333333333,3.9130434782608696,900,,,,,,,,
,,,3.9130434782608696,900,0.35965391993522644,0.8431372549019608,0.8926174496644296,238.4924,,,,
0.3698,0.926701009273529,0.00032738095238095237,4.021739130434782,925,,,,,,,,
,,,4.021739130434782,925,0.3157850503921509,0.8627450980392157,0.900709219858156,244.8836,,,,
0.3246,0.884581446647644,0.00032142857142857147,4.130434782608695,950,,,,,,,,
,,,4.130434782608695,950,0.31010982394218445,0.8553921568627451,0.8963093145869947,251.5982,,,,
0.3787,1.0857656002044678,0.00031547619047619046,4.239130434782608,975,,,,,,,,
,,,4.239130434782608,975,0.3255762457847595,0.8504901960784313,0.8957264957264958,258.2053,,,,
0.3573,0.6919460892677307,0.00030952380952380956,4.3478260869565215,1000,,,,,,,,
,,,4.3478260869565215,1000,0.32982710003852844,0.8406862745098039,0.8896434634974534,264.8248,,,,
0.351,2.1342709064483643,0.00030357142857142855,4.456521739130435,1025,,,,,,,,
,,,4.456521739130435,1025,0.3129958510398865,0.8627450980392157,0.8974358974358974,272.169,,,,
0.3145,1.4219130277633667,0.00029761904761904765,4.565217391304348,1050,,,,,,,,
,,,4.565217391304348,1050,0.32628223299980164,0.8504901960784313,0.8946459412780656,278.9,,,,
0.3077,0.6607310771942139,0.0002916666666666667,4.673913043478261,1075,,,,,,,,
,,,4.673913043478261,1075,0.3116680085659027,0.8774509803921569,0.9097472924187725,285.605,,,,
0.2812,1.4786475896835327,0.0002857142857142857,4.782608695652174,1100,,,,,,,,
,,,4.782608695652174,1100,0.31215664744377136,0.8725490196078431,0.9068100358422939,292.3372,,,,
0.3144,1.0835120677947998,0.0002797619047619048,4.891304347826087,1125,,,,,,,,
,,,4.891304347826087,1125,0.3023996949195862,0.8700980392156863,0.9041591320072333,298.9952,,,,
0.3219,0.1048910841345787,0.0002738095238095238,5.0,1150,,,,,,,,
,,,5.0,1150,0.298969030380249,0.875,0.9077757685352622,305.7722,,,,
0.2994,0.4770202338695526,0.00026785714285714287,5.108695652173913,1175,,,,,,,,
,,,5.108695652173913,1175,0.3308306336402893,0.8480392156862745,0.8956228956228957,312.2783,,,,
0.3073,1.6603598594665527,0.0002619047619047619,5.217391304347826,1200,,,,,,,,
,,,5.217391304347826,1200,0.30820849537849426,0.8602941176470589,0.900523560209424,319.1445,,,,
0.3034,0.7993956208229065,0.00025595238095238096,5.326086956521739,1225,,,,,,,,
,,,5.326086956521739,1225,0.2972621023654938,0.875,0.9090909090909091,325.7492,,,,
0.3485,0.5153719782829285,0.00025,5.434782608695652,1250,,,,,,,,
,,,5.434782608695652,1250,0.2967979311943054,0.8700980392156863,0.9048473967684021,332.3473,,,,
0.2564,0.9770835041999817,0.00024404761904761905,5.543478260869565,1275,,,,,,,,
,,,5.543478260869565,1275,0.30451804399490356,0.875,0.906764168190128,338.9261,,,,
0.2937,0.6878659129142761,0.0002380952380952381,5.6521739130434785,1300,,,,,,,,
,,,5.6521739130434785,1300,0.3045840263366699,0.8676470588235294,0.9045936395759717,345.761,,,,
0.2797,1.0431544780731201,0.00023214285714285717,5.760869565217392,1325,,,,,,,,
,,,5.760869565217392,1325,0.3132769763469696,0.8578431372549019,0.8999999999999999,352.4807,,,,
0.3242,1.338875651359558,0.00022619047619047618,5.869565217391305,1350,,,,,,,,
,,,5.869565217391305,1350,0.29488658905029297,0.8799019607843137,0.9120287253141832,359.2586,,,,
0.3193,0.4750533103942871,0.00022023809523809523,5.978260869565218,1375,,,,,,,,
,,,5.978260869565218,1375,0.29354941844940186,0.875,0.906764168190128,366.0571,,,,
0.224,1.5019261837005615,0.00021428571428571427,6.086956521739131,1400,,,,,,,,
,,,6.086956521739131,1400,0.41505610942840576,0.8455882352941176,0.8968903436988543,372.687,,,,
0.2903,0.368614137172699,0.00020833333333333335,6.195652173913044,1425,,,,,,,,
,,,6.195652173913044,1425,0.32030999660491943,0.8504901960784313,0.8950086058519794,379.6673,,,,
0.2852,0.7791817784309387,0.0002023809523809524,6.304347826086957,1450,,,,,,,,
,,,6.304347826086957,1450,0.3227367401123047,0.8651960784313726,0.8964218455743879,386.1832,,,,
0.3301,0.720238208770752,0.00019642857142857144,6.413043478260869,1475,,,,,,,,
,,,6.413043478260869,1475,0.31027403473854065,0.8602941176470589,0.9028960817717206,392.8781,,,,
0.3207,0.5518110990524292,0.00019047619047619048,6.521739130434782,1500,,,,,,,,
,,,6.521739130434782,1500,0.28880271315574646,0.8774509803921569,0.9100719424460433,399.4652,,,,
0.2699,3.040952682495117,0.00018452380952380953,6.630434782608695,1525,,,,,,,,
,,,6.630434782608695,1525,0.3285982608795166,0.8651960784313726,0.9066213921901529,406.8328,,,,
0.3218,0.4033753275871277,0.00017857142857142857,6.739130434782608,1550,,,,,,,,
,,,6.739130434782608,1550,0.2938265800476074,0.8799019607843137,0.9120287253141832,413.3887,,,,
0.2709,1.478325605392456,0.00017261904761904762,6.8478260869565215,1575,,,,,,,,
,,,6.8478260869565215,1575,0.29778721928596497,0.8725490196078431,0.9057971014492753,420.0888,,,,
0.2943,0.5890424251556396,0.00016666666666666666,6.956521739130435,1600,,,,,,,,
,,,6.956521739130435,1600,0.30395200848579407,0.8725490196078431,0.9081272084805654,426.7804,,,,
0.2431,0.9558941721916199,0.00016071428571428573,7.065217391304348,1625,,,,,,,,
,,,7.065217391304348,1625,0.31922292709350586,0.8651960784313726,0.9043478260869565,433.3562,,,,
0.263,0.9235129356384277,0.00015476190476190478,7.173913043478261,1650,,,,,,,,
,,,7.173913043478261,1650,0.30280381441116333,0.8700980392156863,0.9051878354203935,440.0807,,,,
0.2575,0.6042123436927795,0.00014880952380952382,7.282608695652174,1675,,,,,,,,
,,,7.282608695652174,1675,0.3116743266582489,0.8676470588235294,0.9075342465753423,446.6675,,,,
0.2697,0.722628116607666,0.00014285714285714284,7.391304347826087,1700,,,,,,,,
,,,7.391304347826087,1700,0.2918628752231598,0.8823529411764706,0.915492957746479,453.4907,,,,
0.2702,0.469498872756958,0.0001369047619047619,7.5,1725,,,,,,,,
,,,7.5,1725,0.2920978367328644,0.8774509803921569,0.9094202898550725,460.234,,,,
0.2819,0.6266863346099854,0.00013095238095238096,7.608695652173913,1750,,,,,,,,
,,,7.608695652173913,1750,0.29236096143722534,0.8725490196078431,0.9081272084805654,467.0801,,,,
0.2963,1.3217040300369263,0.000125,7.717391304347826,1775,,,,,,,,
,,,7.717391304347826,1775,0.30124136805534363,0.8553921568627451,0.8981001727115717,473.7423,,,,
0.2657,0.5987800359725952,0.00011904761904761905,7.826086956521739,1800,,,,,,,,
,,,7.826086956521739,1800,0.3127259314060211,0.8578431372549019,0.8996539792387542,480.3354,,,,
0.2601,0.6464400887489319,0.00011309523809523809,7.934782608695652,1825,,,,,,,,
,,,7.934782608695652,1825,0.29451659321784973,0.8799019607843137,0.9117117117117116,487.2351,,,,
0.3439,0.5180216431617737,0.00010714285714285714,8.043478260869565,1850,,,,,,,,
,,,8.043478260869565,1850,0.3040520250797272,0.8700980392156863,0.9081455805892548,493.9312,,,,
0.2657,0.5773434042930603,0.0001011904761904762,8.152173913043478,1875,,,,,,,,
,,,8.152173913043478,1875,0.28773966431617737,0.8799019607843137,0.9117117117117116,500.5735,,,,
0.2451,0.23871424794197083,9.523809523809524e-05,8.26086956521739,1900,,,,,,,,
,,,8.26086956521739,1900,0.3027249574661255,0.8651960784313726,0.9043478260869565,507.2839,,,,
0.2809,0.7573307752609253,8.928571428571429e-05,8.369565217391305,1925,,,,,,,,
,,,8.369565217391305,1925,0.290086030960083,0.8799019607843137,0.9129662522202486,513.9753,,,,
0.2457,0.7726314067840576,8.333333333333333e-05,8.478260869565217,1950,,,,,,,,
,,,8.478260869565217,1950,0.2980213463306427,0.8725490196078431,0.9087719298245615,520.7837,,,,
0.2335,0.9185701608657837,7.738095238095239e-05,8.58695652173913,1975,,,,,,,,
,,,8.58695652173913,1975,0.32224056124687195,0.8602941176470589,0.9025641025641027,527.4465,,,,
0.2444,0.4612034261226654,7.142857142857142e-05,8.695652173913043,2000,,,,,,,,
,,,8.695652173913043,2000,0.312041312456131,0.8676470588235294,0.9065743944636677,534.0998,,,,
0.2782,1.5156008005142212,6.547619047619048e-05,8.804347826086957,2025,,,,,,,,
,,,8.804347826086957,2025,0.2985859215259552,0.8774509803921569,0.9116607773851589,541.2001,,,,
0.3097,1.4797775745391846,5.9523809523809524e-05,8.91304347826087,2050,,,,,,,,
,,,8.91304347826087,2050,0.2980598509311676,0.8725490196078431,0.9090909090909091,547.8846,,,,
0.3178,0.42517271637916565,5.357142857142857e-05,9.021739130434783,2075,,,,,,,,
,,,9.021739130434783,2075,0.3043536841869354,0.8578431372549019,0.9003436426116839,554.4808,,,,
0.2505,0.4923204779624939,4.761904761904762e-05,9.130434782608695,2100,,,,,,,,
,,,9.130434782608695,2100,0.28900715708732605,0.8823529411764706,0.9139784946236559,561.0746,,,,
0.2328,0.580141544342041,4.1666666666666665e-05,9.23913043478261,2125,,,,,,,,
,,,9.23913043478261,2125,0.29385706782341003,0.875,0.9094138543516875,567.6702,,,,
0.2847,0.42270034551620483,3.571428571428571e-05,9.347826086956522,2150,,,,,,,,
,,,9.347826086956522,2150,0.30358582735061646,0.8700980392156863,0.9078260869565218,574.2888,,,,
0.253,0.49034425616264343,2.9761904761904762e-05,9.456521739130435,2175,,,,,,,,
,,,9.456521739130435,2175,0.2990804612636566,0.8725490196078431,0.9090909090909091,581.0788,,,,
0.2505,0.41576191782951355,2.380952380952381e-05,9.565217391304348,2200,,,,,,,,
,,,9.565217391304348,2200,0.3067702651023865,0.8627450980392157,0.903114186851211,587.7792,,,,
0.2922,0.6003931760787964,1.7857142857142855e-05,9.673913043478262,2225,,,,,,,,
,,,9.673913043478262,2225,0.3016205132007599,0.8700980392156863,0.9075043630017452,594.3876,,,,
0.2524,0.3798656165599823,1.1904761904761905e-05,9.782608695652174,2250,,,,,,,,
,,,9.782608695652174,2250,0.299906462430954,0.875,0.9106830122591945,601.1307,,,,
0.2474,1.5059521198272705,5.9523809523809525e-06,9.891304347826086,2275,,,,,,,,
,,,9.891304347826086,2275,0.3000061511993408,0.8725490196078431,0.9090909090909091,607.8471,,,,
0.2456,1.1875993013381958,0.0,10.0,2300,,,,,,,,
,,,10.0,2300,0.2991255819797516,0.875,0.9106830122591945,614.6897,,,,
,,,10.0,2300,,,,614.2811,59.712,3.744,1609840352220576.0,0.360267711126286
