loss,grad_norm,learning_rate,epoch,step,eval_loss,eval_accuracy,eval_f1,train_runtime,train_samples_per_second,train_steps_per_second,total_flos,train_loss
0.6895,1.3899537324905396,2.5000000000000004e-07,0.0,1,,,,,,,,
0.6816,1.5982974767684937,6.25e-06,0.11,25,,,,,,,,
,,,0.11,25,0.665693998336792,0.6838235294117647,0.8122270742358079,8.5044,,,,
0.6625,1.9721251726150513,1.25e-05,0.22,50,,,,,,,,
,,,0.22,50,0.6083002090454102,0.6838235294117647,0.8122270742358079,16.6347,,,,
0.5996,13.399334907531738,1.8750000000000002e-05,0.33,75,,,,,,,,
,,,0.33,75,0.5388383865356445,0.6985294117647058,0.8188512518409425,25.1506,,,,
0.5317,18.917827606201172,2.5e-05,0.43,100,,,,,,,,
,,,0.43,100,0.47893816232681274,0.7720588235294118,0.8507223113964687,33.4419,,,,
0.4421,27.04029083251953,3.125e-05,0.54,125,,,,,,,,
,,,0.54,125,0.4237190783023834,0.8357843137254902,0.8854700854700854,41.6471,,,,
0.4884,8.3162260055542,3.7500000000000003e-05,0.65,150,,,,,,,,
,,,0.65,150,0.3929316997528076,0.8480392156862745,0.8900709219858156,49.685,,,,
0.568,23.690929412841797,4.375e-05,0.76,175,,,,,,,,
,,,0.76,175,0.4814843237400055,0.7818627450980392,0.8611544461778471,57.8735,,,,
0.4946,7.678009510040283,5e-05,0.87,200,,,,,,,,
,,,0.87,200,0.6437786817550659,0.7745098039215687,0.8548895899053627,65.8955,,,,
0.5113,5.317471504211426,4.940476190476191e-05,0.98,225,,,,,,,,
,,,0.98,225,0.48106953501701355,0.8063725490196079,0.8447937131630647,73.8735,,,,
0.499,3.7463667392730713,4.880952380952381e-05,1.09,250,,,,,,,,
,,,1.09,250,0.5812699794769287,0.7352941176470589,0.8373493975903614,81.5461,,,,
0.5815,120.53721618652344,4.8214285714285716e-05,1.2,275,,,,,,,,
,,,1.2,275,0.5171720385551453,0.8088235294117647,0.8704318936877077,89.5835,,,,
0.5311,42.53059005737305,4.761904761904762e-05,1.3,300,,,,,,,,
,,,1.3,300,0.6339071393013,0.7549019607843137,0.8452012383900929,97.6603,,,,
0.4699,1.3405637741088867,4.7023809523809525e-05,1.41,325,,,,,,,,
,,,1.41,325,0.47172966599464417,0.8186274509803921,0.8758389261744967,105.7218,,,,
0.5396,20.68366050720215,4.642857142857143e-05,1.52,350,,,,,,,,
,,,1.52,350,0.529933750629425,0.7696078431372549,0.8535825545171339,113.9036,,,,
0.5341,21.348026275634766,4.5833333333333334e-05,1.63,375,,,,,,,,
,,,1.63,375,0.40429067611694336,0.8382352941176471,0.8862068965517241,121.8792,,,,
0.4186,12.574213981628418,4.523809523809524e-05,1.74,400,,,,,,,,
,,,1.74,400,0.5361730456352234,0.8014705882352942,0.8687196110210698,130.0012,,,,
0.6018,2.3919553756713867,4.464285714285715e-05,1.85,425,,,,,,,,
,,,1.85,425,0.6064905524253845,0.7328431372549019,0.8330781010719754,138.148,,,,
0.5463,7.531273365020752,4.404761904761905e-05,1.96,450,,,,,,,,
,,,1.96,450,0.6865873336791992,0.75,0.8445121951219512,146.3111,,,,
0.5133,9.194616317749023,4.345238095238096e-05,2.07,475,,,,,,,,
,,,2.07,475,0.42404013872146606,0.8406862745098039,0.8861646234676007,154.0825,,,,
0.4992,6.513950347900391,4.2857142857142856e-05,2.17,500,,,,,,,,
,,,2.17,500,0.45619210600852966,0.8284313725490197,0.883720930232558,162.0939,,,,
0.3779,59.333621978759766,4.226190476190476e-05,2.28,525,,,,,,,,
,,,2.28,525,0.39169183373451233,0.8308823529411765,0.8752260397830017,183.1984,,,,
0.3814,7.780735015869141,4.166666666666667e-05,2.39,550,,,,,,,,
,,,2.39,550,0.41506361961364746,0.8112745098039216,0.8487229862475442,191.2079,,,,
0.3746,1.701064109802246,4.107142857142857e-05,2.5,575,,,,,,,,
,,,2.5,575,0.4677908420562744,0.8284313725490197,0.8813559322033899,199.4523,,,,
0.442,2.5787925720214844,4.047619047619048e-05,2.61,600,,,,,,,,
,,,2.61,600,0.4167485237121582,0.8406862745098039,0.8925619834710743,207.8828,,,,
0.3526,14.323099136352539,3.9880952380952386e-05,2.72,625,,,,,,,,
,,,2.72,625,0.34501639008522034,0.8578431372549019,0.8996539792387542,216.3288,,,,
0.3851,13.075437545776367,3.928571428571429e-05,2.83,650,,,,,,,,
,,,2.83,650,0.45843034982681274,0.8357843137254902,0.8885191347753744,224.5464,,,,
0.3769,13.17026138305664,3.8690476190476195e-05,2.93,675,,,,,,,,
,,,2.93,675,0.38000747561454773,0.8382352941176471,0.8896321070234114,232.7338,,,,
0.2954,5.4809675216674805,3.809523809523809e-05,3.04,700,,,,,,,,
,,,3.04,700,0.3850536048412323,0.8504901960784313,0.8942807625649914,240.3891,,,,
0.3616,26.836193084716797,3.7500000000000003e-05,3.15,725,,,,,,,,
,,,3.15,725,0.3859754800796509,0.8627450980392157,0.8966789667896681,248.3484,,,,
0.2385,2.9881739616394043,3.690476190476191e-05,3.26,750,,,,,,,,
,,,3.26,750,0.4231607913970947,0.8602941176470589,0.9042016806722689,256.3587,,,,
0.2895,3.7818822860717773,3.630952380952381e-05,3.37,775,,,,,,,,
,,,3.37,775,0.42646461725234985,0.8676470588235294,0.90625,264.1677,,,,
0.2899,15.424535751342773,3.571428571428572e-05,3.48,800,,,,,,,,
,,,3.48,800,0.41652703285217285,0.8431372549019608,0.8929765886287626,272.2251,,,,
0.3011,34.87666320800781,3.511904761904762e-05,3.59,825,,,,,,,,
,,,3.59,825,0.401805579662323,0.8553921568627451,0.8925318761384335,280.3515,,,,
0.2852,13.016725540161133,3.4523809523809526e-05,3.7,850,,,,,,,,
,,,3.7,850,0.3262834846973419,0.8455882352941176,0.8844036697247706,288.6083,,,,
0.2197,64.39512634277344,3.392857142857143e-05,3.8,875,,,,,,,,
,,,3.8,875,0.45705389976501465,0.8725490196078431,0.9090909090909091,296.7961,,,,
0.3346,43.00822067260742,3.3333333333333335e-05,3.91,900,,,,,,,,
,,,3.91,900,0.428925096988678,0.8529411764705882,0.8969072164948454,304.9977,,,,
0.2625,0.6010185480117798,3.273809523809524e-05,4.02,925,,,,,,,,
,,,4.02,925,0.3573112189769745,0.8799019607843137,0.9117117117117116,312.9324,,,,
0.1829,3.2154204845428467,3.2142857142857144e-05,4.13,950,,,,,,,,
,,,4.13,950,0.5194840431213379,0.8774509803921569,0.9125874125874125,321.0725,,,,
0.1551,1.6727139949798584,3.154761904761905e-05,4.24,975,,,,,,,,
,,,4.24,975,0.48960113525390625,0.8774509803921569,0.9119718309859154,328.9305,,,,
0.2357,28.79707908630371,3.095238095238095e-05,4.35,1000,,,,,,,,
,,,4.35,1000,0.468790739774704,0.8480392156862745,0.8825757575757575,336.9154,,,,
0.2697,36.08835983276367,3.0357142857142857e-05,4.46,1025,,,,,,,,
,,,4.46,1025,0.39838188886642456,0.875,0.9084380610412927,354.0945,,,,
0.182,53.3208122253418,2.9761904761904762e-05,4.57,1050,,,,,,,,
,,,4.57,1050,0.5161197781562805,0.8602941176470589,0.902229845626072,362.2165,,,,
0.1751,0.3243791162967682,2.916666666666667e-05,4.67,1075,,,,,,,,
,,,4.67,1075,0.49245184659957886,0.8823529411764706,0.9139784946236559,370.3705,,,,
0.2153,0.23005086183547974,2.857142857142857e-05,4.78,1100,,,,,,,,
,,,4.78,1100,0.5413448214530945,0.8529411764705882,0.8961937716262977,378.7424,,,,
0.2183,2.2189204692840576,2.797619047619048e-05,4.89,1125,,,,,,,,
,,,4.89,1125,0.38307905197143555,0.8725490196078431,0.9064748201438848,387.033,,,,
0.1831,0.2549418807029724,2.7380952380952383e-05,5.0,1150,,,,,,,,
,,,5.0,1150,0.7071430087089539,0.8308823529411765,0.8665377176015474,395.147,,,,
0.0843,2.31430721282959,2.6785714285714288e-05,5.11,1175,,,,,,,,
,,,5.11,1175,0.649766206741333,0.8627450980392157,0.902439024390244,403.1742,,,,
0.1806,6.719043731689453,2.6190476190476192e-05,5.22,1200,,,,,,,,
,,,5.22,1200,0.5631852149963379,0.8602941176470589,0.8976660682226212,411.2627,,,,
0.0718,0.11959929764270782,2.5595238095238093e-05,5.33,1225,,,,,,,,
,,,5.33,1225,0.7249967455863953,0.8627450980392157,0.8985507246376813,419.2812,,,,
0.1853,0.1456843465566635,2.5e-05,5.43,1250,,,,,,,,
,,,5.43,1250,0.6760969758033752,0.8553921568627451,0.8933092224231465,427.2215,,,,
0.1254,0.1700904816389084,2.4404761904761906e-05,5.54,1275,,,,,,,,
,,,5.54,1275,0.5781770348548889,0.8725490196078431,0.9071428571428571,435.1726,,,,
0.1119,6.082474231719971,2.380952380952381e-05,5.65,1300,,,,,,,,
,,,5.65,1300,0.5401651859283447,0.8725490196078431,0.9084507042253521,443.2321,,,,
0.133,3.28098464012146,2.3214285714285715e-05,5.76,1325,,,,,,,,
,,,5.76,1325,0.5745815634727478,0.8774509803921569,0.9097472924187725,451.4586,,,,
0.1508,11.671271324157715,2.261904761904762e-05,5.87,1350,,,,,,,,
,,,5.87,1350,0.5717848539352417,0.8578431372549019,0.8937728937728937,459.6266,,,,
0.0921,0.11896646022796631,2.2023809523809524e-05,5.98,1375,,,,,,,,
,,,5.98,1375,0.5470251441001892,0.8676470588235294,0.9049295774647886,467.9463,,,,
0.0341,0.07535947859287262,2.1428571428571428e-05,6.09,1400,,,,,,,,
,,,6.09,1400,0.6810445785522461,0.8651960784313726,0.9001814882032667,475.9158,,,,
0.0892,0.05326814204454422,2.0833333333333336e-05,6.2,1425,,,,,,,,
,,,6.2,1425,0.6615387201309204,0.8799019607843137,0.9123434704830053,484.2465,,,,
0.0993,0.06929290294647217,2.023809523809524e-05,6.3,1450,,,,,,,,
,,,6.3,1450,0.6455934047698975,0.8725490196078431,0.9051094890510949,492.1959,,,,
0.0816,180.4508514404297,1.9642857142857145e-05,6.41,1475,,,,,,,,
,,,6.41,1475,0.6704001426696777,0.875,0.9084380610412927,500.2467,,,,
0.1316,8.576949119567871,1.9047619047619046e-05,6.52,1500,,,,,,,,
,,,6.52,1500,0.667304515838623,0.8651960784313726,0.9009009009009009,508.2602,,,,
0.0578,0.2142973691225052,1.8452380952380954e-05,6.63,1525,,,,,,,,
,,,6.63,1525,0.646563708782196,0.8725490196078431,0.907473309608541,522.2126,,,,
0.0747,0.06496571004390717,1.785714285714286e-05,6.74,1550,,,,,,,,
,,,6.74,1550,0.703350305557251,0.8700980392156863,0.9048473967684021,530.2016,,,,
0.0181,0.04417865350842476,1.7261904761904763e-05,6.85,1575,,,,,,,,
,,,6.85,1575,0.741284966468811,0.8676470588235294,0.9025270758122744,538.3822,,,,
0.1012,0.056736137717962265,1.6666666666666667e-05,6.96,1600,,,,,,,,
,,,6.96,1600,0.6861951351165771,0.8651960784313726,0.9016100178890876,546.7338,,,,
0.0314,0.09267532825469971,1.6071428571428572e-05,7.07,1625,,,,,,,,
,,,7.07,1625,0.7453712224960327,0.8651960784313726,0.9012567324955117,554.7077,,,,
0.0637,0.050409767776727676,1.5476190476190476e-05,7.17,1650,,,,,,,,
,,,7.17,1650,0.7493711113929749,0.8676470588235294,0.9021739130434783,562.7834,,,,
0.0387,96.28565979003906,1.4880952380952381e-05,7.28,1675,,,,,,,,
,,,7.28,1675,0.6365983486175537,0.8799019607843137,0.9123434704830053,570.8527,,,,
0.0668,0.08330024778842926,1.4285714285714285e-05,7.39,1700,,,,,,,,
,,,7.39,1700,0.7005199193954468,0.8725490196078431,0.9057971014492753,578.9675,,,,
0.0361,0.0502110980451107,1.3690476190476192e-05,7.5,1725,,,,,,,,
,,,7.5,1725,0.7339377999305725,0.8651960784313726,0.8994515539305302,587.1254,,,,
0.0341,0.05786442756652832,1.3095238095238096e-05,7.61,1750,,,,,,,,
,,,7.61,1750,0.8256440758705139,0.8627450980392157,0.8974358974358974,595.2123,,,,
0.0747,4.387779712677002,1.25e-05,7.72,1775,,,,,,,,
,,,7.72,1775,0.6921492218971252,0.8725490196078431,0.9071428571428571,603.2834,,,,
0.0243,0.06269149482250214,1.1904761904761905e-05,7.83,1800,,,,,,,,
,,,7.83,1800,0.6573970317840576,0.8774509803921569,0.910394265232975,611.3226,,,,
0.0446,15.224827766418457,1.130952380952381e-05,7.93,1825,,,,,,,,
,,,7.93,1825,0.6997445225715637,0.8799019607843137,0.9123434704830053,619.6617,,,,
0.0329,0.044412076473236084,1.0714285714285714e-05,8.04,1850,,,,,,,,
,,,8.04,1850,0.7802836894989014,0.8700980392156863,0.9048473967684021,627.5987,,,,
0.0016,0.036396726965904236,1.011904761904762e-05,8.15,1875,,,,,,,,
,,,8.15,1875,0.8163273334503174,0.8700980392156863,0.9045045045045046,635.7582,,,,
0.0188,0.029305586591362953,9.523809523809523e-06,8.26,1900,,,,,,,,
,,,8.26,1900,0.7979477047920227,0.8725490196078431,0.9064748201438848,643.8671,,,,
0.033,0.02609514631330967,8.92857142857143e-06,8.37,1925,,,,,,,,
,,,8.37,1925,0.7882735133171082,0.875,0.9084380610412927,652.0861,,,,
0.0431,0.0428493358194828,8.333333333333334e-06,8.48,1950,,,,,,,,
,,,8.48,1950,0.7790306210517883,0.8725490196078431,0.9057971014492753,660.2698,,,,
0.0114,0.02855238877236843,7.738095238095238e-06,8.59,1975,,,,,,,,
,,,8.59,1975,0.736508846282959,0.8774509803921569,0.9107142857142857,668.2271,,,,
0.0444,0.051230158656835556,7.142857142857143e-06,8.7,2000,,,,,,,,
,,,8.7,2000,0.7051866054534912,0.8799019607843137,0.9126559714795008,676.2833,,,,
0.0529,0.04035190865397453,6.547619047619048e-06,8.8,2025,,,,,,,,
,,,8.8,2025,0.7051275372505188,0.8799019607843137,0.9123434704830053,696.8082,,,,
0.0168,0.04647557809948921,5.9523809523809525e-06,8.91,2050,,,,,,,,
,,,8.91,2050,0.720366895198822,0.8823529411764706,0.9142857142857143,704.9434,,,,
0.0634,0.04693061113357544,5.357142857142857e-06,9.02,2075,,,,,,,,
,,,9.02,2075,0.7937683463096619,0.8725490196078431,0.9061371841155236,713.0133,,,,
0.0019,0.04884784296154976,4.7619047619047615e-06,9.13,2100,,,,,,,,
,,,9.13,2100,0.7862851023674011,0.8725490196078431,0.9061371841155236,721.3962,,,,
0.0364,0.13492348790168762,4.166666666666667e-06,9.24,2125,,,,,,,,
,,,9.24,2125,0.7623570561408997,0.875,0.9081081081081082,729.7658,,,,
0.0565,1.6745823621749878,3.5714285714285714e-06,9.35,2150,,,,,,,,
,,,9.35,2150,0.7292826175689697,0.8823529411764706,0.9142857142857143,737.9277,,,,
0.0474,0.04032231122255325,2.9761904761904763e-06,9.46,2175,,,,,,,,
,,,9.46,2175,0.7472901940345764,0.875,0.9081081081081082,746.0491,,,,
0.0291,0.03955736756324768,2.3809523809523808e-06,9.57,2200,,,,,,,,
,,,9.57,2200,0.7614481449127197,0.875,0.9077757685352622,754.0282,,,,
0.0394,0.047846224159002304,1.7857142857142857e-06,9.67,2225,,,,,,,,
,,,9.67,2225,0.7616422772407532,0.8725490196078431,0.9057971014492753,761.8976,,,,
0.0154,0.0454157292842865,1.1904761904761904e-06,9.78,2250,,,,,,,,
,,,9.78,2250,0.741750180721283,0.8774509803921569,0.9097472924187725,769.8626,,,,
0.0169,0.0609792098402977,5.952380952380952e-07,9.89,2275,,,,,,,,
,,,9.89,2275,0.7495929598808289,0.875,0.9077757685352622,777.8986,,,,
0.0296,0.036559365689754486,0.0,10.0,2300,,,,,,,,
,,,10.0,2300,0.7528387904167175,0.8725490196078431,0.9057971014492753,785.8074,,,,
,,,10.0,2300,,,,785.3492,46.705,2.929,1441090083533520.0,0.22748434299036213
