loss,grad_norm,learning_rate,epoch,step,eval_loss,eval_accuracy,eval_f1,train_runtime,train_samples_per_second,train_steps_per_second,total_flos,train_loss
1.1672,4.064709186553955,1.0000000000000002e-06,0.0625,1,,,,,,,,
1.126,5.107241153717041,1e-05,0.625,10,,,,,,,,
,,,0.625,10,1.0952320098876953,0.4107142857142857,0.1940928270042194,6.1282,,,,
1.0311,4.217769145965576,2e-05,1.25,20,,,,,,,,
,,,1.25,20,0.967293381690979,0.4107142857142857,0.1940928270042194,11.9746,,,,
0.8639,4.258105278015137,3e-05,1.875,30,,,,,,,,
,,,1.875,30,0.8298417329788208,0.6785714285714286,0.47391812865497074,17.6543,,,,
0.6983,5.911769390106201,4e-05,2.5,40,,,,,,,,
,,,2.5,40,0.6962450742721558,0.6964285714285714,0.4868139700641481,23.2519,,,,
0.5974,7.292781352996826,5e-05,3.125,50,,,,,,,,
,,,3.125,50,0.6148795485496521,0.7857142857142857,0.5479709125029323,28.9525,,,,
0.3702,9.516998291015625,4.814814814814815e-05,3.75,60,,,,,,,,
,,,3.75,60,0.44246524572372437,0.8392857142857143,0.5862403100775194,34.7649,,,,
0.2448,8.724459648132324,4.62962962962963e-05,4.375,70,,,,,,,,
,,,4.375,70,0.2383662760257721,0.9107142857142857,0.7409003831417625,40.2533,,,,
0.107,0.37501221895217896,4.4444444444444447e-05,5.0,80,,,,,,,,
,,,5.0,80,0.3975665271282196,0.9107142857142857,0.8641414141414141,45.9246,,,,
0.1105,21.091894149780273,4.259259259259259e-05,5.625,90,,,,,,,,
,,,5.625,90,0.6598867774009705,0.875,0.8358484605477389,52.074,,,,
0.0203,0.19462929666042328,4.074074074074074e-05,6.25,100,,,,,,,,
,,,6.25,100,0.7949648499488831,0.8392857142857143,0.7738095238095237,57.5948,,,,
0.023,0.14900822937488556,3.888888888888889e-05,6.875,110,,,,,,,,
,,,6.875,110,0.6838670969009399,0.875,0.8215488215488215,63.2075,,,,
0.0022,0.028089743107557297,3.7037037037037037e-05,7.5,120,,,,,,,,
,,,7.5,120,0.5761733651161194,0.875,0.8343965975544924,68.434,,,,
0.0145,0.028237776830792427,3.518518518518519e-05,8.125,130,,,,,,,,
,,,8.125,130,0.30399414896965027,0.9464285714285714,0.9173881673881673,74.3517,,,,
0.0509,0.013408920727670193,3.3333333333333335e-05,8.75,140,,,,,,,,
,,,8.75,140,0.8478980660438538,0.8571428571428571,0.8188470066518847,80.6201,,,,
0.0015,0.027139853686094284,3.148148148148148e-05,9.375,150,,,,,,,,
,,,9.375,150,0.39974507689476013,0.875,0.8353096179183135,86.3473,,,,
0.0008,0.014946689829230309,2.962962962962963e-05,10.0,160,,,,,,,,
,,,10.0,160,0.6081122756004333,0.9107142857142857,0.8761593016912165,92.0372,,,,
0.0132,93.67237091064453,2.777777777777778e-05,10.625,170,,,,,,,,
,,,10.625,170,0.5708749890327454,0.9107142857142857,0.8761593016912165,98.1974,,,,
0.0006,0.008942798711359501,2.5925925925925925e-05,11.25,180,,,,,,,,
,,,11.25,180,0.3958654999732971,0.9107142857142857,0.8429292929292928,103.8062,,,,
0.0005,0.009126822464168072,2.4074074074074074e-05,11.875,190,,,,,,,,
,,,11.875,190,0.4462384581565857,0.875,0.8161708619374523,109.9568,,,,
0.0005,0.006962609011679888,2.2222222222222223e-05,12.5,200,,,,,,,,
,,,12.5,200,0.4127766489982605,0.875,0.8161708619374523,115.5122,,,,
0.0005,0.00811244547367096,2.037037037037037e-05,13.125,210,,,,,,,,
,,,13.125,210,0.3945910632610321,0.875,0.8161708619374523,121.1272,,,,
0.0004,0.007034959737211466,1.8518518518518518e-05,13.75,220,,,,,,,,
,,,13.75,220,0.3882201611995697,0.875,0.8161708619374523,127.4038,,,,
0.0004,0.01911276765167713,1.6666666666666667e-05,14.375,230,,,,,,,,
,,,14.375,230,0.35470303893089294,0.8928571428571429,0.8296183721715636,133.4723,,,,
0.0004,0.013001290149986744,1.4814814814814815e-05,15.0,240,,,,,,,,
,,,15.0,240,0.32586002349853516,0.9107142857142857,0.8429292929292928,138.9701,,,,
0.0004,0.005738827399909496,1.2962962962962962e-05,15.625,250,,,,,,,,
,,,15.625,250,0.32120421528816223,0.9107142857142857,0.8429292929292928,144.7433,,,,
0.0004,0.01100949477404356,1.1111111111111112e-05,16.25,260,,,,,,,,
,,,16.25,260,0.3197731673717499,0.9107142857142857,0.8429292929292928,150.6523,,,,
0.0004,0.010318351909518242,9.259259259259259e-06,16.875,270,,,,,,,,
,,,16.875,270,0.3185575008392334,0.9107142857142857,0.8429292929292928,156.506,,,,
0.0004,0.0049913241527974606,7.4074074074074075e-06,17.5,280,,,,,,,,
,,,17.5,280,0.31797000765800476,0.9107142857142857,0.8429292929292928,162.5636,,,,
0.0004,0.004789357539266348,5.555555555555556e-06,18.125,290,,,,,,,,
,,,18.125,290,0.3173200190067291,0.9107142857142857,0.8429292929292928,168.187,,,,
0.0004,0.005527636036276817,3.7037037037037037e-06,18.75,300,,,,,,,,
,,,18.75,300,0.316323459148407,0.9107142857142857,0.8429292929292928,174.3218,,,,
0.0004,0.00611234363168478,1.8518518518518519e-06,19.375,310,,,,,,,,
,,,19.375,310,0.31634196639060974,0.9107142857142857,0.8429292929292928,179.5612,,,,
0.0004,0.007369671016931534,0.0,20.0,320,,,,,,,,
,,,20.0,320,0.3162744641304016,0.9107142857142857,0.8429292929292928,185.465,,,,
,,,20.0,320,,,,184.9304,27.037,1.73,446840583950880.0,0.1651938882598188
