loss,grad_norm,learning_rate,epoch,step,eval_loss,eval_accuracy,eval_f1,train_runtime,train_samples_per_second,train_steps_per_second,total_flos,train_loss
1.1838,4.286576747894287,1e-05,0.0625,1,,,,,,,,
1.0989,3.481276035308838,0.0001,0.625,10,,,,,,,,
,,,0.625,10,1.0498560667037964,0.4107142857142857,0.1940928270042194,4.8758,,,,
0.9557,3.3572399616241455,0.0002,1.25,20,,,,,,,,
,,,1.25,20,0.9230039715766907,0.4107142857142857,0.1940928270042194,9.4576,,,,
0.8734,2.6855645179748535,0.0003,1.875,30,,,,,,,,
,,,1.875,30,0.8783169388771057,0.6607142857142857,0.4478351591027647,13.9082,,,,
0.8684,1.1780413389205933,0.0004,2.5,40,,,,,,,,
,,,2.5,40,0.7750542759895325,0.6785714285714286,0.47478301665493783,18.2842,,,,
0.7191,4.1366400718688965,0.0005,3.125,50,,,,,,,,
,,,3.125,50,0.6956100463867188,0.6964285714285714,0.4872881355932203,22.7442,,,,
0.5836,2.5680761337280273,0.00048148148148148144,3.75,60,,,,,,,,
,,,3.75,60,0.65803062915802,0.7142857142857143,0.49976359338061477,27.3035,,,,
0.37,3.2640504837036133,0.000462962962962963,4.375,70,,,,,,,,
,,,4.375,70,0.5111801028251648,0.8035714285714286,0.561576354679803,31.564,,,,
0.2241,3.517838716506958,0.0004444444444444444,5.0,80,,,,,,,,
,,,5.0,80,0.4679134786128998,0.8214285714285714,0.5741525423728813,36.0117,,,,
0.1413,1.7986114025115967,0.00042592592592592595,5.625,90,,,,,,,,
,,,5.625,90,0.39891576766967773,0.8392857142857143,0.7427522707477915,40.8339,,,,
0.1622,3.9819955825805664,0.0004074074074074074,6.25,100,,,,,,,,
,,,6.25,100,0.477409690618515,0.8571428571428571,0.7449637619129145,45.1453,,,,
0.0641,0.22128014266490936,0.0003888888888888889,6.875,110,,,,,,,,
,,,6.875,110,0.4940497577190399,0.8392857142857143,0.5866760497302369,49.5426,,,,
0.0502,0.1143992617726326,0.00037037037037037035,7.5,120,,,,,,,,
,,,7.5,120,0.5004173517227173,0.8928571428571429,0.8494362780077065,53.6106,,,,
0.0118,0.5488740801811218,0.0003518518518518519,8.125,130,,,,,,,,
,,,8.125,130,0.47647351026535034,0.875,0.8169191919191917,58.25,,,,
0.0073,1.1941825151443481,0.0003333333333333333,8.75,140,,,,,,,,
,,,8.75,140,0.5869851112365723,0.875,0.8785490295787778,63.153,,,,
0.0167,0.05632423982024193,0.0003148148148148148,9.375,150,,,,,,,,
,,,9.375,150,0.4940912127494812,0.9285714285714286,0.9475308641975309,67.6113,,,,
0.0114,0.0034781231079250574,0.0002962962962962963,10.0,160,,,,,,,,
,,,10.0,160,0.4635341465473175,0.8928571428571429,0.8914431673052362,72.073,,,,
0.0033,0.7994741201400757,0.0002777777777777778,10.625,170,,,,,,,,
,,,10.625,170,0.6412159204483032,0.8571428571428571,0.7028284998209812,76.9078,,,,
0.0717,2.3604207038879395,0.00025925925925925926,11.25,180,,,,,,,,
,,,11.25,180,0.3327562212944031,0.8928571428571429,0.8775369106561398,81.2937,,,,
0.0049,0.006073452066630125,0.00024074074074074072,11.875,190,,,,,,,,
,,,11.875,190,0.3665187656879425,0.8928571428571429,0.8950026581605529,86.1166,,,,
0.0008,0.0418461412191391,0.0002222222222222222,12.5,200,,,,,,,,
,,,12.5,200,0.36472636461257935,0.8928571428571429,0.8523500309214596,90.4225,,,,
0.0004,0.0005320833879522979,0.0002037037037037037,13.125,210,,,,,,,,
,,,13.125,210,0.4060251712799072,0.8928571428571429,0.8523500309214596,94.7756,,,,
0.0012,0.30070069432258606,0.00018518518518518518,13.75,220,,,,,,,,
,,,13.75,220,0.3537914454936981,0.8928571428571429,0.8523500309214596,99.6546,,,,
0.001,0.004169634077697992,0.00016666666666666666,14.375,230,,,,,,,,
,,,14.375,230,0.3447207808494568,0.8928571428571429,0.8523500309214596,104.3807,,,,
0.0004,0.004091362468898296,0.00014814814814814815,15.0,240,,,,,,,,
,,,15.0,240,0.3426034152507782,0.9107142857142857,0.9042579994960948,108.7015,,,,
0.0002,0.000516819825861603,0.00012962962962962963,15.625,250,,,,,,,,
,,,15.625,250,0.3422532379627228,0.9107142857142857,0.9042579994960948,113.2062,,,,
0.0002,0.0014004022814333439,0.0001111111111111111,16.25,260,,,,,,,,
,,,16.25,260,0.34226733446121216,0.9107142857142857,0.9042579994960948,117.824,,,,
0.0005,0.0028644700068980455,9.259259259259259e-05,16.875,270,,,,,,,,
,,,16.875,270,0.33723074197769165,0.9107142857142857,0.9042579994960948,122.4056,,,,
0.0062,0.00045430584577843547,7.407407407407407e-05,17.5,280,,,,,,,,
,,,17.5,280,0.32458391785621643,0.875,0.8392857142857143,127.158,,,,
0.0002,0.0004473005828913301,5.555555555555555e-05,18.125,290,,,,,,,,
,,,18.125,290,0.3274264931678772,0.875,0.8392857142857143,131.5654,,,,
0.0003,0.005218934267759323,3.7037037037037037e-05,18.75,300,,,,,,,,
,,,18.75,300,0.32905736565589905,0.875,0.8392857142857143,136.3849,,,,
0.0007,0.002551614074036479,1.8518518518518518e-05,19.375,310,,,,,,,,
,,,19.375,310,0.32643720507621765,0.875,0.8392857142857143,140.4733,,,,
0.0002,0.0014630155637860298,0.0,20.0,320,,,,,,,,
,,,20.0,320,0.32579436898231506,0.875,0.8392857142857143,145.1819,,,,
,,,20.0,320,,,,144.7083,34.552,2.211,462242539529280.0,0.1955829493181227
