loss,grad_norm,learning_rate,epoch,step,eval_loss,eval_accuracy,eval_f1,train_runtime,train_samples_per_second,train_steps_per_second,total_flos,train_loss
0.6963,1.443035364151001,2.5e-05,0.004347826086956522,1,,,,,,,,
0.6641,1.4823856353759766,0.000625,0.10869565217391304,25,,,,,,,,
,,,0.10869565217391304,25,0.6593633890151978,0.6838235294117647,0.8122270742358079,5.925,,,,
0.7568,1.924322247505188,0.00125,0.21739130434782608,50,,,,,,,,
,,,0.21739130434782608,50,0.6220247149467468,0.6838235294117647,0.8122270742358079,11.5709,,,,
0.6888,1.2057381868362427,0.001875,0.32608695652173914,75,,,,,,,,
,,,0.32608695652173914,75,0.6081348061561584,0.6887254901960784,0.8145985401459854,17.2787,,,,
0.5965,1.0507625341415405,0.0025,0.43478260869565216,100,,,,,,,,
,,,0.43478260869565216,100,0.5465664267539978,0.7083333333333334,0.8205128205128206,22.9275,,,,
0.5387,1.6355794668197632,0.003125,0.5434782608695652,125,,,,,,,,
,,,0.5434782608695652,125,0.5558475255966187,0.7328431372549019,0.8330781010719754,28.5753,,,,
0.534,1.7205331325531006,0.00375,0.6521739130434783,150,,,,,,,,
,,,0.6521739130434783,150,0.4693593382835388,0.7965686274509803,0.8654781199351703,34.1492,,,,
0.5145,2.8095738887786865,0.004375,0.7608695652173914,175,,,,,,,,
,,,0.7608695652173914,175,0.42969369888305664,0.7867647058823529,0.8580750407830343,39.9879,,,,
0.597,2.124537944793701,0.005,0.8695652173913043,200,,,,,,,,
,,,0.8695652173913043,200,0.49819275736808777,0.7671568627450981,0.8513302034428795,45.6593,,,,
0.4881,0.7717971801757812,0.0049404761904761904,0.9782608695652174,225,,,,,,,,
,,,0.9782608695652174,225,0.47082990407943726,0.7230392156862745,0.8269525267993874,51.3729,,,,
0.4225,1.1455307006835938,0.004880952380952381,1.0869565217391304,250,,,,,,,,
,,,1.0869565217391304,250,0.39066338539123535,0.8161764705882353,0.8613678373382626,56.8261,,,,
0.5373,2.333383321762085,0.004821428571428572,1.1956521739130435,275,,,,,,,,
,,,1.1956521739130435,275,0.4374482333660126,0.803921568627451,0.8701298701298701,62.5449,,,,
0.4774,2.8812308311462402,0.0047619047619047615,1.3043478260869565,300,,,,,,,,
,,,1.3043478260869565,300,0.37803617119789124,0.8161764705882353,0.8691099476439791,68.2201,,,,
0.43,1.1412816047668457,0.004702380952380953,1.4130434782608696,325,,,,,,,,
,,,1.4130434782608696,325,0.39804571866989136,0.8161764705882353,0.8735244519392918,73.8764,,,,
0.4331,2.324843168258667,0.004642857142857143,1.5217391304347827,350,,,,,,,,
,,,1.5217391304347827,350,0.43056514859199524,0.8284313725490197,0.8684210526315789,79.5599,,,,
0.4386,0.8032388091087341,0.004583333333333333,1.6304347826086958,375,,,,,,,,
,,,1.6304347826086958,375,0.34286919236183167,0.8504901960784313,0.8900900900900901,85.1403,,,,
0.3721,2.6708624362945557,0.004523809523809524,1.7391304347826086,400,,,,,,,,
,,,1.7391304347826086,400,0.3584163784980774,0.8333333333333334,0.8702290076335878,90.84,,,,
0.4265,2.0505988597869873,0.004464285714285715,1.8478260869565217,425,,,,,,,,
,,,1.8478260869565217,425,0.4204596281051636,0.8357843137254902,0.8910569105691057,96.4984,,,,
0.5161,4.3626580238342285,0.004404761904761904,1.9565217391304348,450,,,,,,,,
,,,1.9565217391304348,450,0.45708584785461426,0.8235294117647058,0.883495145631068,102.4475,,,,
0.3843,1.4691131114959717,0.004345238095238096,2.0652173913043477,475,,,,,,,,
,,,2.0652173913043477,475,0.3610762059688568,0.8578431372549019,0.902027027027027,107.9114,,,,
0.4329,1.3510442972183228,0.004285714285714286,2.1739130434782608,500,,,,,,,,
,,,2.1739130434782608,500,0.4023619294166565,0.8333333333333334,0.8697318007662836,113.6245,,,,
0.3589,1.8881447315216064,0.004226190476190476,2.282608695652174,525,,,,,,,,
,,,2.282608695652174,525,0.33349621295928955,0.8529411764705882,0.894736842105263,119.498,,,,
0.3909,0.5638849139213562,0.004166666666666667,2.391304347826087,550,,,,,,,,
,,,2.391304347826087,550,0.29668664932250977,0.8651960784313726,0.9023090586145649,125.097,,,,
0.3588,5.293400287628174,0.004107142857142857,2.5,575,,,,,,,,
,,,2.5,575,0.5317597985267639,0.8186274509803921,0.8806451612903226,130.7916,,,,
0.3554,1.3221770524978638,0.004047619047619048,2.608695652173913,600,,,,,,,,
,,,2.608695652173913,600,0.4051886796951294,0.8529411764705882,0.8976109215017065,136.41,,,,
0.325,2.3521034717559814,0.0039880952380952385,2.717391304347826,625,,,,,,,,
,,,2.717391304347826,625,0.3597768545150757,0.8725490196078431,0.9044117647058824,142.2227,,,,
0.4186,1.3529618978500366,0.003928571428571429,2.8260869565217392,650,,,,,,,,
,,,2.8260869565217392,650,0.31217455863952637,0.8676470588235294,0.9035714285714286,147.9105,,,,
0.323,2.8169641494750977,0.003869047619047619,2.9347826086956523,675,,,,,,,,
,,,2.9347826086956523,675,0.4902803897857666,0.8406862745098039,0.8936170212765958,153.7042,,,,
0.3414,1.0303633213043213,0.0038095238095238095,3.0434782608695654,700,,,,,,,,
,,,3.0434782608695654,700,0.36916694045066833,0.8480392156862745,0.89419795221843,159.1074,,,,
0.304,0.4969877600669861,0.00375,3.1521739130434785,725,,,,,,,,
,,,3.1521739130434785,725,0.4079522490501404,0.8333333333333334,0.8781362007168457,164.7505,,,,
0.2732,1.0954304933547974,0.0036904761904761906,3.260869565217391,750,,,,,,,,
,,,3.260869565217391,750,0.33905836939811707,0.8676470588235294,0.9032258064516129,170.5404,,,,
0.2579,1.9319984912872314,0.003630952380952381,3.369565217391304,775,,,,,,,,
,,,3.369565217391304,775,0.43716078996658325,0.8627450980392157,0.903448275862069,176.0374,,,,
0.2719,1.32431161403656,0.0035714285714285718,3.4782608695652173,800,,,,,,,,
,,,3.4782608695652173,800,0.35546979308128357,0.8774509803921569,0.9137931034482758,181.7905,,,,
0.2873,1.399034023284912,0.0035119047619047617,3.5869565217391304,825,,,,,,,,
,,,3.5869565217391304,825,0.35035958886146545,0.8480392156862745,0.8970099667774086,187.4674,,,,
0.3154,2.1635875701904297,0.0034523809523809524,3.6956521739130435,850,,,,,,,,
,,,3.6956521739130435,850,0.33100438117980957,0.8651960784313726,0.8998178506375228,193.2825,,,,
0.2751,3.372654676437378,0.003392857142857143,3.8043478260869565,875,,,,,,,,
,,,3.8043478260869565,875,0.3872303068637848,0.8651960784313726,0.8975791433891992,198.9286,,,,
0.2962,3.517261028289795,0.003333333333333333,3.9130434782608696,900,,,,,,,,
,,,3.9130434782608696,900,0.37882179021835327,0.8627450980392157,0.900709219858156,204.6974,,,,
0.2984,1.3300973176956177,0.003273809523809524,4.021739130434782,925,,,,,,,,
,,,4.021739130434782,925,0.3407936990261078,0.8529411764705882,0.8939929328621908,210.2305,,,,
0.2172,0.9496413469314575,0.0032142857142857147,4.130434782608695,950,,,,,,,,
,,,4.130434782608695,950,0.38644057512283325,0.8651960784313726,0.9063032367972743,215.9153,,,,
0.2824,2.183074474334717,0.0031547619047619046,4.239130434782608,975,,,,,,,,
,,,4.239130434782608,975,0.4098113477230072,0.8578431372549019,0.903010033444816,221.5222,,,,
0.2373,1.9378763437271118,0.0030952380952380953,4.3478260869565215,1000,,,,,,,,
,,,4.3478260869565215,1000,0.37641897797584534,0.8676470588235294,0.9052631578947367,227.1262,,,,
0.259,1.923448920249939,0.0030357142857142857,4.456521739130435,1025,,,,,,,,
,,,4.456521739130435,1025,0.32466715574264526,0.8529411764705882,0.8932384341637011,233.1755,,,,
0.2279,3.89469313621521,0.002976190476190476,4.565217391304348,1050,,,,,,,,
,,,4.565217391304348,1050,0.48839470744132996,0.8602941176470589,0.9054726368159204,238.8591,,,,
0.2267,0.761774480342865,0.002916666666666667,4.673913043478261,1075,,,,,,,,
,,,4.673913043478261,1075,0.35386303067207336,0.8700980392156863,0.9087779690189328,244.5681,,,,
0.234,0.5998712182044983,0.002857142857142857,4.782608695652174,1100,,,,,,,,
,,,4.782608695652174,1100,0.3575722277164459,0.8627450980392157,0.9047619047619047,250.2018,,,,
0.2526,3.3964216709136963,0.002797619047619048,4.891304347826087,1125,,,,,,,,
,,,4.891304347826087,1125,0.4240068793296814,0.8529411764705882,0.8846153846153846,255.864,,,,
0.2079,0.07586660981178284,0.0027380952380952383,5.0,1150,,,,,,,,
,,,5.0,1150,0.2977646589279175,0.8872549019607843,0.9166666666666666,261.5929,,,,
0.1355,0.10625320672988892,0.0026785714285714286,5.108695652173913,1175,,,,,,,,
,,,5.108695652173913,1175,0.3713063895702362,0.8774509803921569,0.9107142857142857,267.1471,,,,
0.1794,2.046034574508667,0.0026190476190476194,5.217391304347826,1200,,,,,,,,
,,,5.217391304347826,1200,0.37965279817581177,0.8774509803921569,0.911032028469751,272.887,,,,
0.1962,0.7438019514083862,0.0025595238095238093,5.326086956521739,1225,,,,,,,,
,,,5.326086956521739,1225,0.35924121737480164,0.875,0.9060773480662982,278.5347,,,,
0.2073,0.7537394165992737,0.0025,5.434782608695652,1250,,,,,,,,
,,,5.434782608695652,1250,0.31756269931793213,0.8823529411764706,0.9124087591240876,284.2092,,,,
0.1555,0.4682002067565918,0.0024404761904761904,5.543478260869565,1275,,,,,,,,
,,,5.543478260869565,1275,0.3919944763183594,0.8651960784313726,0.8998178506375228,289.8016,,,,
0.2127,0.5433389544487,0.0023809523809523807,5.6521739130434785,1300,,,,,,,,
,,,5.6521739130434785,1300,0.38446012139320374,0.8725490196078431,0.902621722846442,295.5505,,,,
0.1693,0.1736486256122589,0.0023214285714285715,5.760869565217392,1325,,,,,,,,
,,,5.760869565217392,1325,0.4035240709781647,0.8799019607843137,0.9120287253141832,301.2491,,,,
0.2357,1.7890785932540894,0.002261904761904762,5.869565217391305,1350,,,,,,,,
,,,5.869565217391305,1350,0.35121843218803406,0.8651960784313726,0.9005424954792043,306.9686,,,,
0.2238,1.7440285682678223,0.002202380952380952,5.978260869565218,1375,,,,,,,,
,,,5.978260869565218,1375,0.36510735750198364,0.8774509803921569,0.9128919860627178,312.7679,,,,
0.1219,3.185333490371704,0.002142857142857143,6.086956521739131,1400,,,,,,,,
,,,6.086956521739131,1400,0.7783191204071045,0.8284313725490197,0.8870967741935484,318.3171,,,,
0.1911,1.3874354362487793,0.0020833333333333333,6.195652173913044,1425,,,,,,,,
,,,6.195652173913044,1425,0.3889929950237274,0.8676470588235294,0.9065743944636677,324.2562,,,,
0.1591,2.0151727199554443,0.002023809523809524,6.304347826086957,1450,,,,,,,,
,,,6.304347826086957,1450,0.3728507459163666,0.8774509803921569,0.9084249084249084,329.7794,,,,
0.1741,0.3320074677467346,0.0019642857142857144,6.413043478260869,1475,,,,,,,,
,,,6.413043478260869,1475,0.3259217441082001,0.875,0.9100529100529101,335.5275,,,,
0.1757,0.1551089882850647,0.0019047619047619048,6.521739130434782,1500,,,,,,,,
,,,6.521739130434782,1500,0.3522343635559082,0.8848039215686274,0.9168141592920355,341.1231,,,,
0.1643,0.9978633522987366,0.0018452380952380953,6.630434782608695,1525,,,,,,,,
,,,6.630434782608695,1525,0.3635645806789398,0.8700980392156863,0.9081455805892548,347.1202,,,,
0.1639,0.4300764501094818,0.0017857142857142859,6.739130434782608,1550,,,,,,,,
,,,6.739130434782608,1550,0.36431968212127686,0.8823529411764706,0.915492957746479,352.6937,,,,
0.1391,1.6215670108795166,0.0017261904761904762,6.8478260869565215,1575,,,,,,,,
,,,6.8478260869565215,1575,0.4864480197429657,0.8676470588235294,0.9078498293515359,358.3703,,,,
0.1447,1.6659294366836548,0.0016666666666666666,6.956521739130435,1600,,,,,,,,
,,,6.956521739130435,1600,0.44511130452156067,0.8700980392156863,0.9090909090909091,364.3087,,,,
0.0885,0.45424744486808777,0.0016071428571428573,7.065217391304348,1625,,,,,,,,
,,,7.065217391304348,1625,0.46201270818710327,0.8799019607843137,0.913884007029877,369.8118,,,,
0.1681,0.8735476136207581,0.0015476190476190477,7.173913043478261,1650,,,,,,,,
,,,7.173913043478261,1650,0.41187554597854614,0.8774509803921569,0.9107142857142857,375.4845,,,,
0.1127,2.016998291015625,0.001488095238095238,7.282608695652174,1675,,,,,,,,
,,,7.282608695652174,1675,0.3821113109588623,0.8799019607843137,0.9147826086956522,381.0941,,,,
0.1571,2.1510493755340576,0.0014285714285714286,7.391304347826087,1700,,,,,,,,
,,,7.391304347826087,1700,0.4487644135951996,0.8651960784313726,0.9072512647554806,386.7853,,,,
0.1436,0.39975449442863464,0.0013690476190476191,7.5,1725,,,,,,,,
,,,7.5,1725,0.3813529312610626,0.875,0.9081081081081082,392.5695,,,,
0.1413,0.5495136380195618,0.0013095238095238097,7.608695652173913,1750,,,,,,,,
,,,7.608695652173913,1750,0.38398057222366333,0.8700980392156863,0.9087779690189328,398.2179,,,,
0.1056,2.1578330993652344,0.00125,7.717391304347826,1775,,,,,,,,
,,,7.717391304347826,1775,0.43730825185775757,0.875,0.9100529100529101,404.017,,,,
0.0909,3.324820041656494,0.0011904761904761904,7.826086956521739,1800,,,,,,,,
,,,7.826086956521739,1800,0.47938376665115356,0.8676470588235294,0.9052631578947367,409.5939,,,,
0.1212,0.9926707148551941,0.001130952380952381,7.934782608695652,1825,,,,,,,,
,,,7.934782608695652,1825,0.4309241771697998,0.8823529411764706,0.9133574007220215,415.5444,,,,
0.1528,3.6774840354919434,0.0010714285714285715,8.043478260869565,1850,,,,,,,,
,,,8.043478260869565,1850,0.37970343232154846,0.8897058823529411,0.9192100538599641,421.0898,,,,
0.0752,0.8282696008682251,0.001011904761904762,8.152173913043478,1875,,,,,,,,
,,,8.152173913043478,1875,0.41870737075805664,0.8823529411764706,0.915492957746479,426.8045,,,,
0.0597,0.049556583166122437,0.0009523809523809524,8.26086956521739,1900,,,,,,,,
,,,8.26086956521739,1900,0.46158039569854736,0.8774509803921569,0.9113475177304964,432.465,,,,
0.0862,0.18303228914737701,0.0008928571428571429,8.369565217391305,1925,,,,,,,,
,,,8.369565217391305,1925,0.452988862991333,0.8774509803921569,0.9119718309859154,438.1666,,,,
0.1063,0.27893659472465515,0.0008333333333333333,8.478260869565217,1950,,,,,,,,
,,,8.478260869565217,1950,0.4461571276187897,0.8848039215686274,0.9156193895870736,443.9558,,,,
0.091,2.438324213027954,0.0007738095238095238,8.58695652173913,1975,,,,,,,,
,,,8.58695652173913,1975,0.4805915653705597,0.8725490196078431,0.9090909090909091,449.5444,,,,
0.1611,1.0726319551467896,0.0007142857142857143,8.695652173913043,2000,,,,,,,,
,,,8.695652173913043,2000,0.4352382719516754,0.8700980392156863,0.9068541300527241,455.2841,,,,
0.0909,1.2958158254623413,0.0006547619047619048,8.804347826086957,2025,,,,,,,,
,,,8.804347826086957,2025,0.45055076479911804,0.8823529411764706,0.9124087591240876,461.1398,,,,
0.1291,1.4400990009307861,0.0005952380952380952,8.91304347826087,2050,,,,,,,,
,,,8.91304347826087,2050,0.4324512183666229,0.875,0.9097345132743363,466.8841,,,,
0.1419,1.062843680381775,0.0005357142857142857,9.021739130434783,2075,,,,,,,,
,,,9.021739130434783,2075,0.4262814223766327,0.8823529411764706,0.9133574007220215,472.4355,,,,
0.0329,0.4962065815925598,0.0004761904761904762,9.130434782608695,2100,,,,,,,,
,,,9.130434782608695,2100,0.44919759035110474,0.8823529411764706,0.9127272727272728,478.0724,,,,
0.0764,0.14484016597270966,0.00041666666666666664,9.23913043478261,2125,,,,,,,,
,,,9.23913043478261,2125,0.4493471682071686,0.875,0.9090909090909091,483.7146,,,,
0.1088,0.5288527607917786,0.00035714285714285714,9.347826086956522,2150,,,,,,,,
,,,9.347826086956522,2150,0.45931556820869446,0.875,0.9106830122591945,489.3629,,,,
0.1444,0.05725078657269478,0.0002976190476190476,9.456521739130435,2175,,,,,,,,
,,,9.456521739130435,2175,0.4398355185985565,0.8799019607843137,0.9110707803992741,495.1324,,,,
0.0805,1.3722219467163086,0.0002380952380952381,9.565217391304348,2200,,,,,,,,
,,,9.565217391304348,2200,0.4397466778755188,0.8725490196078431,0.9078014184397164,500.7981,,,,
0.0968,0.4202423095703125,0.00017857142857142857,9.673913043478262,2225,,,,,,,,
,,,9.673913043478262,2225,0.43823981285095215,0.8774509803921569,0.9116607773851589,506.5075,,,,
0.0987,0.1189718171954155,0.00011904761904761905,9.782608695652174,2250,,,,,,,,
,,,9.782608695652174,2250,0.432180792093277,0.8725490196078431,0.9081272084805654,512.1537,,,,
0.0558,1.5121324062347412,5.9523809523809524e-05,9.891304347826086,2275,,,,,,,,
,,,9.891304347826086,2275,0.43623149394989014,0.8700980392156863,0.9061946902654867,517.9658,,,,
0.0928,0.013161037117242813,0.0,10.0,2300,,,,,,,,
,,,10.0,2300,0.43726205825805664,0.8725490196078431,0.9078014184397164,523.618,,,,
,,,10.0,2300,,,,523.2887,70.095,4.395,1452138547459488.0,0.2609377879940945
