loss,grad_norm,learning_rate,epoch,step,eval_loss,eval_accuracy,eval_f1,train_runtime,train_samples_per_second,train_steps_per_second,total_flos,train_loss
1.0935,3.448720693588257,1.99375e-05,0.0625,1,,,,,,,,
1.0345,3.4890310764312744,1.9375e-05,0.625,10,,,,,,,,
,,,0.625,10,0.9834827184677124,0.5,0.2222222222222222,5.9949,,,,
0.9113,3.910055160522461,1.8750000000000002e-05,1.25,20,,,,,,,,
,,,1.25,20,0.8410292863845825,0.6964285714285714,0.4872881355932203,11.5894,,,,
0.7338,5.371297836303711,1.8125e-05,1.875,30,,,,,,,,
,,,1.875,30,0.7744628190994263,0.6964285714285714,0.486277269528501,17.0517,,,,
0.6574,7.266918659210205,1.7500000000000002e-05,2.5,40,,,,,,,,
,,,2.5,40,0.7719337344169617,0.6964285714285714,0.486277269528501,22.408,,,,
0.5288,7.218642234802246,1.6875e-05,3.125,50,,,,,,,,
,,,3.125,50,0.6022440791130066,0.7678571428571429,0.5364145658263305,27.8882,,,,
0.4021,21.852941513061523,1.6250000000000002e-05,3.75,60,,,,,,,,
,,,3.75,60,0.543376624584198,0.7857142857142857,0.5478595478595479,33.4838,,,,
0.2753,12.328038215637207,1.5625e-05,4.375,70,,,,,,,,
,,,4.375,70,0.3412647247314453,0.875,0.7145244062537297,38.7384,,,,
0.1423,1.4342519044876099,1.5000000000000002e-05,5.0,80,,,,,,,,
,,,5.0,80,0.33632299304008484,0.875,0.7145244062537297,44.2467,,,,
0.0975,2.621300458908081,1.4375e-05,5.625,90,,,,,,,,
,,,5.625,90,0.5190349221229553,0.8035714285714286,0.5603197674418604,50.1976,,,,
0.1086,1.9637761116027832,1.375e-05,6.25,100,,,,,,,,
,,,6.25,100,0.43631649017333984,0.8928571428571429,0.890869939707149,55.5648,,,,
0.0581,0.3555406630039215,1.3125e-05,6.875,110,,,,,,,,
,,,6.875,110,0.31972402334213257,0.8928571428571429,0.8150870406189554,60.9888,,,,
0.0744,0.8485901355743408,1.25e-05,7.5,120,,,,,,,,
,,,7.5,120,0.25427407026290894,0.9107142857142857,0.8642951251646903,66.0415,,,,
0.012,0.20280855894088745,1.1875e-05,8.125,130,,,,,,,,
,,,8.125,130,0.2179516702890396,0.9285714285714286,0.9049145299145298,71.7819,,,,
0.0211,0.3556738793849945,1.125e-05,8.75,140,,,,,,,,
,,,8.75,140,0.3098222315311432,0.875,0.8623426382047071,77.8171,,,,
0.0053,0.22465699911117554,1.0625e-05,9.375,150,,,,,,,,
,,,9.375,150,0.4472479224205017,0.875,0.8479437579521685,83.3464,,,,
0.0036,0.041906651109457016,1e-05,10.0,160,,,,,,,,
,,,10.0,160,0.3100850582122803,0.9285714285714286,0.9049145299145298,88.8078,,,,
0.0025,0.0731547623872757,9.375000000000001e-06,10.625,170,,,,,,,,
,,,10.625,170,0.3717248737812042,0.9285714285714286,0.9049145299145298,94.77,,,,
0.0028,0.04222264513373375,8.750000000000001e-06,11.25,180,,,,,,,,
,,,11.25,180,0.24297872185707092,0.9285714285714286,0.8897162449254328,100.1365,,,,
0.002,0.04708513244986534,8.125000000000001e-06,11.875,190,,,,,,,,
,,,11.875,190,0.37105777859687805,0.9107142857142857,0.8903318903318903,106.0576,,,,
0.0019,0.024476932361721992,7.500000000000001e-06,12.5,200,,,,,,,,
,,,12.5,200,0.2610166668891907,0.9285714285714286,0.904040404040404,111.374,,,,
0.0018,0.049080464988946915,6.875e-06,13.125,210,,,,,,,,
,,,13.125,210,0.24317625164985657,0.9464285714285714,0.9176060118089104,116.7495,,,,
0.0017,0.036017462611198425,6.25e-06,13.75,220,,,,,,,,
,,,13.75,220,0.24489524960517883,0.9464285714285714,0.9176060118089104,122.7889,,,,
0.0015,0.029298553243279457,5.625e-06,14.375,230,,,,,,,,
,,,14.375,230,0.24953870475292206,0.9464285714285714,0.9176060118089104,128.6161,,,,
0.0015,0.0336010716855526,5e-06,15.0,240,,,,,,,,
,,,15.0,240,0.2528235614299774,0.9464285714285714,0.9176060118089104,133.9546,,,,
0.0014,0.02215520665049553,4.3750000000000005e-06,15.625,250,,,,,,,,
,,,15.625,250,0.2529476284980774,0.9464285714285714,0.9176060118089104,139.5069,,,,
0.0014,0.10697467625141144,3.7500000000000005e-06,16.25,260,,,,,,,,
,,,16.25,260,0.25233346223831177,0.9464285714285714,0.9176060118089104,145.2532,,,,
0.0013,0.039415184408426285,3.125e-06,16.875,270,,,,,,,,
,,,16.875,270,0.250355064868927,0.9464285714285714,0.9176060118089104,150.9026,,,,
0.0014,0.020062725991010666,2.5e-06,17.5,280,,,,,,,,
,,,17.5,280,0.24967527389526367,0.9464285714285714,0.9176060118089104,156.7834,,,,
0.0013,0.017802881076931953,1.8750000000000003e-06,18.125,290,,,,,,,,
,,,18.125,290,0.2495088130235672,0.9464285714285714,0.9176060118089104,162.2662,,,,
0.0013,0.023603007197380066,1.25e-06,18.75,300,,,,,,,,
,,,18.75,300,0.2495308369398117,0.9464285714285714,0.9176060118089104,168.1985,,,,
0.0013,0.03429844230413437,6.25e-07,19.375,310,,,,,,,,
,,,19.375,310,0.2500593364238739,0.9464285714285714,0.9176060118089104,173.3232,,,,
0.0013,0.025888269767165184,0.0,20.0,320,,,,,,,,
,,,20.0,320,0.25038355588912964,0.9464285714285714,0.9176060118089104,179.0338,,,,
,,,20.0,320,,,,178.4574,28.018,1.793,446840583950880.0,0.15932398374425247
