loss,grad_norm,learning_rate,epoch,step,eval_loss,eval_accuracy,eval_f1,train_runtime,train_samples_per_second,train_steps_per_second,total_flos,train_loss
1.1672,3.700753927230835,0.0001,0.0625,1,,,,,,,,
0.9584,2.1341617107391357,0.001,0.625,10,,,,,,,,
,,,0.625,10,0.9249998331069946,0.5,0.2222222222222222,4.6473,,,,
1.0351,3.217763900756836,0.002,1.25,20,,,,,,,,
,,,1.25,20,0.9697962999343872,0.6428571428571429,0.44546094299788885,8.9555,,,,
0.8689,2.1835052967071533,0.003,1.875,30,,,,,,,,
,,,1.875,30,0.8917486071586609,0.6428571428571429,0.4430260047281324,13.0576,,,,
0.888,3.8284854888916016,0.004,2.5,40,,,,,,,,
,,,2.5,40,0.7593367695808411,0.75,0.524731182795699,17.2146,,,,
0.6077,0.9262961745262146,0.005,3.125,50,,,,,,,,
,,,3.125,50,0.6827216148376465,0.7857142857142857,0.5499031007751939,21.3841,,,,
0.5916,2.7175755500793457,0.004814814814814814,3.75,60,,,,,,,,
,,,3.75,60,0.7358492612838745,0.7321428571428571,0.5087064676616916,25.5987,,,,
0.3484,3.923436403274536,0.004629629629629629,4.375,70,,,,,,,,
,,,4.375,70,0.6720806360244751,0.8035714285714286,0.653877755153074,29.741,,,,
0.2547,0.3620154857635498,0.0044444444444444444,5.0,80,,,,,,,,
,,,5.0,80,0.5517758727073669,0.7857142857142857,0.5487179487179487,33.8446,,,,
0.1715,0.5228962898254395,0.0042592592592592595,5.625,90,,,,,,,,
,,,5.625,90,0.4473094940185547,0.8571428571428571,0.8030184751496225,38.3367,,,,
0.0686,0.44548121094703674,0.004074074074074074,6.25,100,,,,,,,,
,,,6.25,100,0.3301341235637665,0.9285714285714286,0.9218500797448166,42.476,,,,
0.0256,0.0005810947041027248,0.003888888888888889,6.875,110,,,,,,,,
,,,6.875,110,0.6960128545761108,0.8571428571428571,0.5994297933000713,46.5851,,,,
0.1236,1.4636985063552856,0.0037037037037037034,7.5,120,,,,,,,,
,,,7.5,120,0.2954002022743225,0.9464285714285714,0.9370223978919632,50.3527,,,,
0.1049,0.001628854894079268,0.0035185185185185185,8.125,130,,,,,,,,
,,,8.125,130,0.3311482071876526,0.9464285714285714,0.960233918128655,54.7215,,,,
0.0689,2.2763283252716064,0.003333333333333333,8.75,140,,,,,,,,
,,,8.75,140,0.384825199842453,0.9464285714285714,0.960233918128655,59.304,,,,
0.0397,0.0062308418564498425,0.003148148148148148,9.375,150,,,,,,,,
,,,9.375,150,0.3999633193016052,0.9464285714285714,0.9355699855699856,63.4121,,,,
0.0052,7.937176997074857e-05,0.002962962962962963,10.0,160,,,,,,,,
,,,10.0,160,0.3343264162540436,0.9285714285714286,0.8924430641821947,67.5631,,,,
0.0004,0.00047574713244102895,0.002777777777777778,10.625,170,,,,,,,,
,,,10.625,170,0.31225135922431946,0.9464285714285714,0.960233918128655,72.0235,,,,
0.0166,0.0005124079762026668,0.0025925925925925925,11.25,180,,,,,,,,
,,,11.25,180,0.3007529377937317,0.9464285714285714,0.9355699855699856,76.11,,,,
0.0001,0.005623500328511,0.002407407407407407,11.875,190,,,,,,,,
,,,11.875,190,0.34069114923477173,0.9642857142857143,0.9733542319749215,80.6108,,,,
0.0001,1.986688766919542e-05,0.0022222222222222222,12.5,200,,,,,,,,
,,,12.5,200,0.36071786284446716,0.9642857142857143,0.9733542319749215,84.6704,,,,
0.0004,0.00037107113166712224,0.002037037037037037,13.125,210,,,,,,,,
,,,13.125,210,0.3602830469608307,0.9642857142857143,0.9733542319749215,88.7928,,,,
0.0004,0.0007457176689058542,0.0018518518518518517,13.75,220,,,,,,,,
,,,13.75,220,0.33860713243484497,0.9642857142857143,0.9733542319749215,93.3521,,,,
0.0049,0.0005190332303754985,0.0016666666666666666,14.375,230,,,,,,,,
,,,14.375,230,0.2346000373363495,0.9642857142857143,0.9486975013290803,97.7768,,,,
0.0003,0.03688373044133186,0.0014814814814814814,15.0,240,,,,,,,,
,,,15.0,240,0.2217431366443634,0.9285714285714286,0.917003367003367,101.7883,,,,
0.0011,0.0010170600144192576,0.0012962962962962963,15.625,250,,,,,,,,
,,,15.625,250,0.2127344310283661,0.9285714285714286,0.917003367003367,105.954,,,,
0.0002,0.026846813037991524,0.0011111111111111111,16.25,260,,,,,,,,
,,,16.25,260,0.2021387815475464,0.9285714285714286,0.917003367003367,110.3353,,,,
0.0005,0.006535081192851067,0.0009259259259259259,16.875,270,,,,,,,,
,,,16.875,270,0.1952214241027832,0.9285714285714286,0.917003367003367,114.5172,,,,
0.0004,0.008725621737539768,0.0007407407407407407,17.5,280,,,,,,,,
,,,17.5,280,0.18809890747070312,0.9464285714285714,0.9605415860735009,119.0513,,,,
0.0008,0.00018717693455982953,0.0005555555555555556,18.125,290,,,,,,,,
,,,18.125,290,0.18237127363681793,0.9464285714285714,0.9605415860735009,123.1406,,,,
0.0001,0.002838662825524807,0.00037037037037037035,18.75,300,,,,,,,,
,,,18.75,300,0.17856216430664062,0.9642857142857143,0.9736024844720497,127.5805,,,,
0.0003,0.00638450076803565,0.00018518518518518518,19.375,310,,,,,,,,
,,,19.375,310,0.17736248672008514,0.9642857142857143,0.9736024844720497,131.4192,,,,
0.0001,0.0027722748927772045,0.0,20.0,320,,,,,,,,
,,,20.0,320,0.17710474133491516,0.9642857142857143,0.9736024844720497,135.807,,,,
,,,20.0,320,,,,135.307,36.953,2.365,450270376027200.0,0.19401124396699743
