loss,grad_norm,learning_rate,epoch,step,eval_loss,eval_accuracy,eval_f1,train_runtime,train_samples_per_second,train_steps_per_second,total_flos,train_loss
0.6859,0.8968190550804138,5e-06,0.004347826086956522,1,,,,,,,,
0.6641,3.1072020530700684,0.000125,0.10869565217391304,25,,,,,,,,
,,,0.10869565217391304,25,0.5956037044525146,0.696078431372549,0.8103975535168195,8.7063,,,,
0.6574,0.813136100769043,0.00025,0.21739130434782608,50,,,,,,,,
,,,0.21739130434782608,50,0.6377938985824585,0.6838235294117647,0.8122270742358079,15.8134,,,,
0.6657,3.174945831298828,0.000375,0.32608695652173914,75,,,,,,,,
,,,0.32608695652173914,75,0.6495097875595093,0.6838235294117647,0.8122270742358079,23.1179,,,,
0.6535,1.7479914426803589,0.0005,0.43478260869565216,100,,,,,,,,
,,,0.43478260869565216,100,0.6466439366340637,0.6838235294117647,0.8122270742358079,30.3114,,,,
0.6584,1.585482120513916,0.000625,0.5434782608695652,125,,,,,,,,
,,,0.5434782608695652,125,0.6818287968635559,0.6838235294117647,0.8122270742358079,37.6598,,,,
0.6538,0.5796103477478027,0.00075,0.6521739130434783,150,,,,,,,,
,,,0.6521739130434783,150,0.6982261538505554,0.6838235294117647,0.8122270742358079,44.9473,,,,
0.6664,2.905691146850586,0.000875,0.7608695652173914,175,,,,,,,,
,,,0.7608695652173914,175,0.6379643082618713,0.6838235294117647,0.8122270742358079,52.6471,,,,
0.666,1.7892459630966187,0.001,0.8695652173913043,200,,,,,,,,
,,,0.8695652173913043,200,0.6247621178627014,0.6838235294117647,0.8122270742358079,60.2647,,,,
0.6537,1.4908760786056519,0.0009880952380952382,0.9782608695652174,225,,,,,,,,
,,,0.9782608695652174,225,0.6848136782646179,0.6838235294117647,0.8122270742358079,67.9475,,,,
0.6639,1.6467745304107666,0.0009761904761904762,1.0869565217391304,250,,,,,,,,
,,,1.0869565217391304,250,0.6384892463684082,0.6838235294117647,0.8122270742358079,75.4995,,,,
0.6331,1.7158163785934448,0.0009642857142857143,1.1956521739130435,275,,,,,,,,
,,,1.1956521739130435,275,0.6371139287948608,0.6838235294117647,0.8122270742358079,83.3998,,,,
0.6443,2.305649995803833,0.0009523809523809524,1.3043478260869565,300,,,,,,,,
,,,1.3043478260869565,300,0.6558291912078857,0.6838235294117647,0.8122270742358079,91.4755,,,,
0.6579,1.8182586431503296,0.0009404761904761905,1.4130434782608696,325,,,,,,,,
,,,1.4130434782608696,325,0.6328367590904236,0.6838235294117647,0.8122270742358079,99.491,,,,
0.6583,1.677646517753601,0.0009285714285714287,1.5217391304347827,350,,,,,,,,
,,,1.5217391304347827,350,0.6898609399795532,0.6838235294117647,0.8122270742358079,107.364,,,,
0.6388,0.9226496815681458,0.0009166666666666666,1.6304347826086958,375,,,,,,,,
,,,1.6304347826086958,375,0.6372355818748474,0.6838235294117647,0.8122270742358079,115.0558,,,,
0.6371,1.137724757194519,0.0009047619047619047,1.7391304347826086,400,,,,,,,,
,,,1.7391304347826086,400,0.6451771259307861,0.6838235294117647,0.8122270742358079,122.7512,,,,
0.6542,2.586146354675293,0.0008928571428571429,1.8478260869565217,425,,,,,,,,
,,,1.8478260869565217,425,0.626934826374054,0.6838235294117647,0.8122270742358079,130.5307,,,,
0.6491,0.705349326133728,0.0008809523809523809,1.9565217391304348,450,,,,,,,,
,,,1.9565217391304348,450,0.628508448600769,0.6838235294117647,0.8122270742358079,138.3852,,,,
0.6409,0.5437749624252319,0.0008690476190476191,2.0652173913043477,475,,,,,,,,
,,,2.0652173913043477,475,0.6448711156845093,0.6838235294117647,0.8122270742358079,145.7854,,,,
0.6578,1.062640905380249,0.0008571428571428571,2.1739130434782608,500,,,,,,,,
,,,2.1739130434782608,500,0.6764429211616516,0.6838235294117647,0.8122270742358079,153.565,,,,
0.6402,0.9803263545036316,0.0008452380952380953,2.282608695652174,525,,,,,,,,
,,,2.282608695652174,525,0.626004695892334,0.6838235294117647,0.8122270742358079,178.6825,,,,
0.6417,0.6444773077964783,0.0008333333333333334,2.391304347826087,550,,,,,,,,
,,,2.391304347826087,550,0.640682578086853,0.6838235294117647,0.8122270742358079,186.4544,,,,
0.638,0.8492373824119568,0.0008214285714285714,2.5,575,,,,,,,,
,,,2.5,575,0.6594073176383972,0.6838235294117647,0.8122270742358079,194.5235,,,,
0.6392,0.6944974064826965,0.0008095238095238096,2.608695652173913,600,,,,,,,,
,,,2.608695652173913,600,0.6670572757720947,0.6838235294117647,0.8122270742358079,202.6806,,,,
0.6615,0.5508238673210144,0.0007976190476190477,2.717391304347826,625,,,,,,,,
,,,2.717391304347826,625,0.6269452571868896,0.6838235294117647,0.8122270742358079,210.8086,,,,
0.6567,1.8119357824325562,0.0007857142857142857,2.8260869565217392,650,,,,,,,,
,,,2.8260869565217392,650,0.6244258284568787,0.6838235294117647,0.8122270742358079,218.837,,,,
0.6315,1.0279556512832642,0.0007738095238095238,2.9347826086956523,675,,,,,,,,
,,,2.9347826086956523,675,0.6267415881156921,0.6838235294117647,0.8122270742358079,226.8356,,,,
0.6408,0.4898390769958496,0.0007619047619047619,3.0434782608695654,700,,,,,,,,
,,,3.0434782608695654,700,0.643444836139679,0.6838235294117647,0.8122270742358079,234.3061,,,,
0.6335,0.9112846255302429,0.00075,3.1521739130434785,725,,,,,,,,
,,,3.1521739130434785,725,0.641953706741333,0.6838235294117647,0.8122270742358079,242.0953,,,,
0.637,1.329797625541687,0.0007380952380952381,3.260869565217391,750,,,,,,,,
,,,3.260869565217391,750,0.6374569535255432,0.6838235294117647,0.8122270742358079,249.8516,,,,
0.6596,1.0224696397781372,0.0007261904761904762,3.369565217391304,775,,,,,,,,
,,,3.369565217391304,775,0.6242845058441162,0.6838235294117647,0.8122270742358079,257.4907,,,,
0.6456,1.5612002611160278,0.0007142857142857143,3.4782608695652173,800,,,,,,,,
,,,3.4782608695652173,800,0.6251821517944336,0.6838235294117647,0.8122270742358079,265.2711,,,,
0.6364,0.5830773711204529,0.0007023809523809524,3.5869565217391304,825,,,,,,,,
,,,3.5869565217391304,825,0.6242292523384094,0.6838235294117647,0.8122270742358079,273.1357,,,,
0.6451,1.9405592679977417,0.0006904761904761905,3.6956521739130435,850,,,,,,,,
,,,3.6956521739130435,850,0.6333221793174744,0.6838235294117647,0.8122270742358079,281.1246,,,,
0.6327,1.2718315124511719,0.0006785714285714287,3.8043478260869565,875,,,,,,,,
,,,3.8043478260869565,875,0.6273387670516968,0.6838235294117647,0.8122270742358079,289.0011,,,,
0.6503,2.1026899814605713,0.0006666666666666666,3.9130434782608696,900,,,,,,,,
,,,3.9130434782608696,900,0.663492739200592,0.6838235294117647,0.8122270742358079,296.9673,,,,
0.6965,1.809573769569397,0.0006547619047619047,4.021739130434782,925,,,,,,,,
,,,4.021739130434782,925,0.624094545841217,0.6838235294117647,0.8122270742358079,304.6386,,,,
0.6162,0.6079616546630859,0.0006428571428571429,4.130434782608695,950,,,,,,,,
,,,4.130434782608695,950,0.6268523931503296,0.6838235294117647,0.8122270742358079,312.5198,,,,
0.643,2.1852047443389893,0.0006309523809523809,4.239130434782608,975,,,,,,,,
,,,4.239130434782608,975,0.6301798820495605,0.6838235294117647,0.8122270742358079,320.2273,,,,
0.6451,1.1231911182403564,0.0006190476190476191,4.3478260869565215,1000,,,,,,,,
,,,4.3478260869565215,1000,0.6239789128303528,0.6838235294117647,0.8122270742358079,327.9631,,,,
0.6224,0.5403783321380615,0.0006071428571428571,4.456521739130435,1025,,,,,,,,
,,,4.456521739130435,1025,0.6264424324035645,0.6838235294117647,0.8122270742358079,345.2358,,,,
0.6366,0.6312989592552185,0.0005952380952380953,4.565217391304348,1050,,,,,,,,
,,,4.565217391304348,1050,0.6361289024353027,0.6838235294117647,0.8122270742358079,353.1071,,,,
0.664,0.958778977394104,0.0005833333333333334,4.673913043478261,1075,,,,,,,,
,,,4.673913043478261,1075,0.6344650387763977,0.6838235294117647,0.8122270742358079,361.0928,,,,
0.6374,2.4079203605651855,0.0005714285714285714,4.782608695652174,1100,,,,,,,,
,,,4.782608695652174,1100,0.624793529510498,0.6838235294117647,0.8122270742358079,369.1413,,,,
0.6627,3.714341640472412,0.0005595238095238096,4.891304347826087,1125,,,,,,,,
,,,4.891304347826087,1125,0.6626167893409729,0.6838235294117647,0.8122270742358079,377.0918,,,,
0.635,2.7466535568237305,0.0005476190476190477,5.0,1150,,,,,,,,
,,,5.0,1150,0.6240882277488708,0.6838235294117647,0.8122270742358079,385.0313,,,,
0.6569,0.46991103887557983,0.0005357142857142857,5.108695652173913,1175,,,,,,,,
,,,5.108695652173913,1175,0.6251727342605591,0.6838235294117647,0.8122270742358079,392.7691,,,,
0.6304,3.1005308628082275,0.0005238095238095238,5.217391304347826,1200,,,,,,,,
,,,5.217391304347826,1200,0.6319294571876526,0.6838235294117647,0.8122270742358079,400.6791,,,,
0.6572,0.7394902110099792,0.0005119047619047619,5.326086956521739,1225,,,,,,,,
,,,5.326086956521739,1225,0.6261836886405945,0.6838235294117647,0.8122270742358079,408.5139,,,,
0.6587,0.37938806414604187,0.0005,5.434782608695652,1250,,,,,,,,
,,,5.434782608695652,1250,0.6260446906089783,0.6838235294117647,0.8122270742358079,416.1784,,,,
0.6354,1.563952922821045,0.0004880952380952381,5.543478260869565,1275,,,,,,,,
,,,5.543478260869565,1275,0.6253827810287476,0.6838235294117647,0.8122270742358079,423.9051,,,,
0.6129,1.105281949043274,0.0004761904761904762,5.6521739130434785,1300,,,,,,,,
,,,5.6521739130434785,1300,0.6240874528884888,0.6838235294117647,0.8122270742358079,431.6633,,,,
0.6294,2.4604079723358154,0.00046428571428571433,5.760869565217392,1325,,,,,,,,
,,,5.760869565217392,1325,0.627877414226532,0.6838235294117647,0.8122270742358079,439.6187,,,,
0.6163,1.081837773323059,0.00045238095238095237,5.869565217391305,1350,,,,,,,,
,,,5.869565217391305,1350,0.6275843977928162,0.6838235294117647,0.8122270742358079,447.5411,,,,
0.6237,0.7924880981445312,0.00044047619047619046,5.978260869565218,1375,,,,,,,,
,,,5.978260869565218,1375,0.624302327632904,0.6838235294117647,0.8122270742358079,455.514,,,,
0.5935,2.628368854522705,0.00042857142857142855,6.086956521739131,1400,,,,,,,,
,,,6.086956521739131,1400,0.6445318460464478,0.6838235294117647,0.8122270742358079,463.2573,,,,
0.6465,1.0939687490463257,0.0004166666666666667,6.195652173913044,1425,,,,,,,,
,,,6.195652173913044,1425,0.6249011754989624,0.6838235294117647,0.8122270742358079,471.3364,,,,
0.6484,0.7830594778060913,0.0004047619047619048,6.304347826086957,1450,,,,,,,,
,,,6.304347826086957,1450,0.6431329846382141,0.6838235294117647,0.8122270742358079,479.0545,,,,
0.6371,1.30143141746521,0.0003928571428571429,6.413043478260869,1475,,,,,,,,
,,,6.413043478260869,1475,0.6268734931945801,0.6838235294117647,0.8122270742358079,486.9077,,,,
0.6626,1.6164920330047607,0.00038095238095238096,6.521739130434782,1500,,,,,,,,
,,,6.521739130434782,1500,0.6313679814338684,0.6838235294117647,0.8122270742358079,494.638,,,,
0.6211,0.6497482061386108,0.00036904761904761905,6.630434782608695,1525,,,,,,,,
,,,6.630434782608695,1525,0.6250959038734436,0.6838235294117647,0.8122270742358079,508.3866,,,,
0.6304,0.3933248221874237,0.00035714285714285714,6.739130434782608,1550,,,,,,,,
,,,6.739130434782608,1550,0.6239842176437378,0.6838235294117647,0.8122270742358079,516.1216,,,,
0.6437,0.7172884941101074,0.00034523809523809523,6.8478260869565215,1575,,,,,,,,
,,,6.8478260869565215,1575,0.6250929236412048,0.6838235294117647,0.8122270742358079,524.0257,,,,
0.6233,1.1896412372589111,0.0003333333333333333,6.956521739130435,1600,,,,,,,,
,,,6.956521739130435,1600,0.6246533989906311,0.6838235294117647,0.8122270742358079,532.0162,,,,
0.6606,1.360181212425232,0.00032142857142857147,7.065217391304348,1625,,,,,,,,
,,,7.065217391304348,1625,0.6288432478904724,0.6838235294117647,0.8122270742358079,539.7402,,,,
0.6241,0.3878881335258484,0.00030952380952380956,7.173913043478261,1650,,,,,,,,
,,,7.173913043478261,1650,0.625020444393158,0.6838235294117647,0.8122270742358079,547.5495,,,,
0.6185,0.8327364325523376,0.00029761904761904765,7.282608695652174,1675,,,,,,,,
,,,7.282608695652174,1675,0.6240003705024719,0.6838235294117647,0.8122270742358079,555.3675,,,,
0.6229,0.9042273759841919,0.0002857142857142857,7.391304347826087,1700,,,,,,,,
,,,7.391304347826087,1700,0.6245595812797546,0.6838235294117647,0.8122270742358079,563.296,,,,
0.656,0.5518736243247986,0.0002738095238095238,7.5,1725,,,,,,,,
,,,7.5,1725,0.6315488815307617,0.6838235294117647,0.8122270742358079,571.2158,,,,
0.6452,0.3762631118297577,0.0002619047619047619,7.608695652173913,1750,,,,,,,,
,,,7.608695652173913,1750,0.6255037784576416,0.6838235294117647,0.8122270742358079,579.1215,,,,
0.6363,0.8252903819084167,0.00025,7.717391304347826,1775,,,,,,,,
,,,7.717391304347826,1775,0.6264058351516724,0.6838235294117647,0.8122270742358079,587.007,,,,
0.646,0.9763454794883728,0.0002380952380952381,7.826086956521739,1800,,,,,,,,
,,,7.826086956521739,1800,0.6255888342857361,0.6838235294117647,0.8122270742358079,594.7894,,,,
0.6288,1.1700942516326904,0.00022619047619047618,7.934782608695652,1825,,,,,,,,
,,,7.934782608695652,1825,0.6240794658660889,0.6838235294117647,0.8122270742358079,602.9282,,,,
0.6031,0.8523050546646118,0.00021428571428571427,8.043478260869565,1850,,,,,,,,
,,,8.043478260869565,1850,0.6278504133224487,0.6838235294117647,0.8122270742358079,610.6303,,,,
0.6623,0.6013782620429993,0.0002023809523809524,8.152173913043478,1875,,,,,,,,
,,,8.152173913043478,1875,0.6261786222457886,0.6838235294117647,0.8122270742358079,618.5391,,,,
0.6068,0.7680757641792297,0.00019047619047619048,8.26086956521739,1900,,,,,,,,
,,,8.26086956521739,1900,0.6258136034011841,0.6838235294117647,0.8122270742358079,626.4005,,,,
0.6341,1.23966383934021,0.00017857142857142857,8.369565217391305,1925,,,,,,,,
,,,8.369565217391305,1925,0.6247413754463196,0.6838235294117647,0.8122270742358079,634.3147,,,,
0.6477,1.1829712390899658,0.00016666666666666666,8.478260869565217,1950,,,,,,,,
,,,8.478260869565217,1950,0.6255448460578918,0.6838235294117647,0.8122270742358079,642.2925,,,,
0.6186,0.6517165303230286,0.00015476190476190478,8.58695652173913,1975,,,,,,,,
,,,8.58695652173913,1975,0.6246569752693176,0.6838235294117647,0.8122270742358079,649.9943,,,,
0.6404,0.33025026321411133,0.00014285714285714284,8.695652173913043,2000,,,,,,,,
,,,8.695652173913043,2000,0.6242005825042725,0.6838235294117647,0.8122270742358079,657.7968,,,,
0.6437,0.418169230222702,0.00013095238095238096,8.804347826086957,2025,,,,,,,,
,,,8.804347826086957,2025,0.6248984336853027,0.6838235294117647,0.8122270742358079,671.3728,,,,
0.6114,1.4636534452438354,0.00011904761904761905,8.91304347826087,2050,,,,,,,,
,,,8.91304347826087,2050,0.6239582300186157,0.6838235294117647,0.8122270742358079,679.2814,,,,
0.6243,0.5055386424064636,0.00010714285714285714,9.021739130434783,2075,,,,,,,,
,,,9.021739130434783,2075,0.6239948868751526,0.6838235294117647,0.8122270742358079,687.0105,,,,
0.6217,1.52219557762146,9.523809523809524e-05,9.130434782608695,2100,,,,,,,,
,,,9.130434782608695,2100,0.623967707157135,0.6838235294117647,0.8122270742358079,694.9503,,,,
0.6352,0.9658050537109375,8.333333333333333e-05,9.23913043478261,2125,,,,,,,,
,,,9.23913043478261,2125,0.6246203184127808,0.6838235294117647,0.8122270742358079,702.8136,,,,
0.6126,1.1255277395248413,7.142857142857142e-05,9.347826086956522,2150,,,,,,,,
,,,9.347826086956522,2150,0.6239587664604187,0.6838235294117647,0.8122270742358079,710.702,,,,
0.6312,0.8075724840164185,5.9523809523809524e-05,9.456521739130435,2175,,,,,,,,
,,,9.456521739130435,2175,0.6242396831512451,0.6838235294117647,0.8122270742358079,718.5966,,,,
0.6317,0.7685692310333252,4.761904761904762e-05,9.565217391304348,2200,,,,,,,,
,,,9.565217391304348,2200,0.6239557862281799,0.6838235294117647,0.8122270742358079,726.4056,,,,
0.6336,0.5360761284828186,3.571428571428571e-05,9.673913043478262,2225,,,,,,,,
,,,9.673913043478262,2225,0.6241257786750793,0.6838235294117647,0.8122270742358079,734.1619,,,,
0.6339,1.0089651346206665,2.380952380952381e-05,9.782608695652174,2250,,,,,,,,
,,,9.782608695652174,2250,0.6241191029548645,0.6838235294117647,0.8122270742358079,741.8971,,,,
0.6437,0.516207218170166,1.1904761904761905e-05,9.891304347826086,2275,,,,,,,,
,,,9.891304347826086,2275,0.6244009137153625,0.6838235294117647,0.8122270742358079,749.7576,,,,
0.6513,3.432683229446411,0.0,10.0,2300,,,,,,,,
,,,10.0,2300,0.6244365572929382,0.6838235294117647,0.8122270742358079,757.4921,,,,
,,,10.0,2300,,,,757.2077,48.441,3.037,1441090083533520.0,0.641056911556617
