loss,grad_norm,learning_rate,epoch,step,eval_loss,eval_accuracy,eval_f1,train_runtime,train_samples_per_second,train_steps_per_second,total_flos,train_loss
0.7008,1.4419668912887573,2.5e-06,0.0,1,,,,,,,,
0.6564,0.8349870443344116,6.25e-05,0.11,25,,,,,,,,
,,,0.11,25,0.6350291967391968,0.6838235294117647,0.8122270742358079,6.2467,,,,
0.661,1.2830079793930054,0.000125,0.22,50,,,,,,,,
,,,0.22,50,0.6249211430549622,0.6838235294117647,0.8122270742358079,11.9276,,,,
0.6392,2.3522746562957764,0.0001875,0.33,75,,,,,,,,
,,,0.33,75,0.6189225912094116,0.6838235294117647,0.8122270742358079,17.8067,,,,
0.6373,0.5915529131889343,0.00025,0.43,100,,,,,,,,
,,,0.43,100,0.603553831577301,0.6838235294117647,0.8122270742358079,23.5291,,,,
0.5458,2.826286792755127,0.0003125,0.54,125,,,,,,,,
,,,0.54,125,0.5584387183189392,0.7377450980392157,0.833592534992224,29.3418,,,,
0.5661,4.628210544586182,0.000375,0.65,150,,,,,,,,
,,,0.65,150,0.46229127049446106,0.7622549019607843,0.8396694214876034,35.0469,,,,
0.5779,1.5882076025009155,0.0004375,0.76,175,,,,,,,,
,,,0.76,175,0.4524819552898407,0.7524509803921569,0.8434108527131784,40.9987,,,,
0.4781,4.427572727203369,0.0005,0.87,200,,,,,,,,
,,,0.87,200,0.4429369866847992,0.7892156862745098,0.8580858085808581,46.8025,,,,
0.5389,4.016479969024658,0.0004940476190476191,0.98,225,,,,,,,,
,,,0.98,225,0.46491047739982605,0.7818627450980392,0.8223552894211577,52.5904,,,,
0.4969,21.650312423706055,0.0004880952380952381,1.09,250,,,,,,,,
,,,1.09,250,0.5880730748176575,0.7843137254901961,0.8616352201257863,58.1353,,,,
0.4878,1.3444361686706543,0.00048214285714285715,1.2,275,,,,,,,,
,,,1.2,275,0.4357205331325531,0.7867647058823529,0.8625592417061612,63.878,,,,
0.4401,3.865250587463379,0.0004761904761904762,1.3,300,,,,,,,,
,,,1.3,300,0.3729936182498932,0.821078431372549,0.8752136752136752,69.6961,,,,
0.3831,5.773576736450195,0.00047023809523809523,1.41,325,,,,,,,,
,,,1.41,325,0.40238305926322937,0.803921568627451,0.8387096774193549,75.4303,,,,
0.4708,7.914878845214844,0.00046428571428571433,1.52,350,,,,,,,,
,,,1.52,350,0.3564694821834564,0.8455882352941176,0.8911917098445595,81.2654,,,,
0.4008,2.7869515419006348,0.0004583333333333333,1.63,375,,,,,,,,
,,,1.63,375,0.322696715593338,0.8480392156862745,0.8908450704225351,86.9016,,,,
0.3405,9.00050163269043,0.00045238095238095237,1.74,400,,,,,,,,
,,,1.74,400,0.3811560273170471,0.8799019607843137,0.9107468123861567,92.7207,,,,
0.4319,3.1089706420898438,0.00044642857142857147,1.85,425,,,,,,,,
,,,1.85,425,0.35293710231781006,0.8333333333333334,0.8874172185430463,98.5235,,,,
0.4292,6.140689373016357,0.00044047619047619046,1.96,450,,,,,,,,
,,,1.96,450,0.33551275730133057,0.8602941176470589,0.8965517241379312,104.4986,,,,
0.3139,2.4828717708587646,0.00043452380952380956,2.07,475,,,,,,,,
,,,2.07,475,0.5424519181251526,0.8553921568627451,0.9015025041736227,110.0212,,,,
0.3816,2.0767245292663574,0.00042857142857142855,2.17,500,,,,,,,,
,,,2.17,500,0.32265809178352356,0.8676470588235294,0.901098901098901,115.8722,,,,
0.3583,3.8519785404205322,0.00042261904761904765,2.28,525,,,,,,,,
,,,2.28,525,0.3181017339229584,0.8578431372549019,0.8929889298892988,121.8444,,,,
0.314,2.1025047302246094,0.0004166666666666667,2.39,550,,,,,,,,
,,,2.39,550,0.4088849127292633,0.8602941176470589,0.8983957219251337,127.602,,,,
0.3377,3.8165194988250732,0.0004107142857142857,2.5,575,,,,,,,,
,,,2.5,575,0.3481229245662689,0.8627450980392157,0.9057239057239057,133.3092,,,,
0.3167,4.375871658325195,0.0004047619047619048,2.61,600,,,,,,,,
,,,2.61,600,0.380966454744339,0.8529411764705882,0.8969072164948454,139.0545,,,,
0.4025,3.5255393981933594,0.00039880952380952383,2.72,625,,,,,,,,
,,,2.72,625,0.3097046911716461,0.8578431372549019,0.8975265017667844,144.8564,,,,
0.3416,5.003387451171875,0.0003928571428571429,2.83,650,,,,,,,,
,,,2.83,650,0.3121916949748993,0.8627450980392157,0.9,150.6754,,,,
0.3138,4.644862174987793,0.0003869047619047619,2.93,675,,,,,,,,
,,,2.93,675,0.3470706641674042,0.8651960784313726,0.9026548672566371,156.492,,,,
0.2811,4.001306533813477,0.00038095238095238096,3.04,700,,,,,,,,
,,,3.04,700,0.40874719619750977,0.8602941176470589,0.9008695652173914,162.0268,,,,
0.3099,7.239164352416992,0.000375,3.15,725,,,,,,,,
,,,3.15,725,0.4502963721752167,0.8553921568627451,0.9005059021922428,167.7948,,,,
0.2781,3.1170506477355957,0.00036904761904761905,3.26,750,,,,,,,,
,,,3.26,750,0.399217426776886,0.8725490196078431,0.9112627986348123,173.6113,,,,
0.2571,9.395349502563477,0.0003630952380952381,3.37,775,,,,,,,,
,,,3.37,775,0.3510923981666565,0.8602941176470589,0.8987566607460036,179.2762,,,,
0.25,12.071577072143555,0.00035714285714285714,3.48,800,,,,,,,,
,,,3.48,800,0.4638797640800476,0.8553921568627451,0.9018302828618967,185.0673,,,,
0.3392,4.5005412101745605,0.0003511904761904762,3.59,825,,,,,,,,
,,,3.59,825,0.3138348460197449,0.8823529411764706,0.9166666666666667,190.8854,,,,
0.28,4.428496360778809,0.00034523809523809523,3.7,850,,,,,,,,
,,,3.7,850,0.3556216359138489,0.8627450980392157,0.904109589041096,196.7838,,,,
0.2586,13.24856948852539,0.00033928571428571433,3.8,875,,,,,,,,
,,,3.8,875,0.35547569394111633,0.8651960784313726,0.9029982363315697,202.5659,,,,
0.2945,8.333239555358887,0.0003333333333333333,3.91,900,,,,,,,,
,,,3.91,900,0.366213321685791,0.8774509803921569,0.9134948096885814,208.3847,,,,
0.2913,9.793691635131836,0.00032738095238095237,4.02,925,,,,,,,,
,,,4.02,925,0.3673926591873169,0.8602941176470589,0.9032258064516129,214.0209,,,,
0.214,1.3329955339431763,0.00032142857142857147,4.13,950,,,,,,,,
,,,4.13,950,0.4080418646335602,0.8627450980392157,0.902439024390244,219.8169,,,,
0.25,23.21405792236328,0.00031547619047619046,4.24,975,,,,,,,,
,,,4.24,975,0.411166250705719,0.8774509803921569,0.9155405405405406,225.495,,,,
0.2957,3.718547821044922,0.00030952380952380956,4.35,1000,,,,,,,,
,,,4.35,1000,0.3631725609302521,0.8799019607843137,0.9168081494057724,231.1649,,,,
0.2545,3.7361419200897217,0.00030357142857142855,4.46,1025,,,,,,,,
,,,4.46,1025,0.316300630569458,0.8799019607843137,0.9135802469135803,237.3155,,,,
0.2125,6.4422197341918945,0.00029761904761904765,4.57,1050,,,,,,,,
,,,4.57,1050,0.36812108755111694,0.8725490196078431,0.9112627986348123,243.0665,,,,
0.2158,2.1302154064178467,0.0002916666666666667,4.67,1075,,,,,,,,
,,,4.67,1075,0.4115705192089081,0.8700980392156863,0.9075043630017452,248.7985,,,,
0.2007,5.454617977142334,0.0002857142857142857,4.78,1100,,,,,,,,
,,,4.78,1100,0.4536297619342804,0.875,0.9131175468483815,254.5403,,,,
0.254,2.8109445571899414,0.0002797619047619048,4.89,1125,,,,,,,,
,,,4.89,1125,0.34018662571907043,0.8921568627450981,0.9236111111111112,260.3324,,,,
0.2133,0.20201779901981354,0.0002738095238095238,5.0,1150,,,,,,,,
,,,5.0,1150,0.3359668254852295,0.8823529411764706,0.9139784946236559,266.0947,,,,
0.1591,0.48186418414115906,0.00026785714285714287,5.11,1175,,,,,,,,
,,,5.11,1175,0.3685573935508728,0.8823529411764706,0.9175257731958764,271.8447,,,,
0.2026,2.854212999343872,0.0002619047619047619,5.22,1200,,,,,,,,
,,,5.22,1200,0.35325750708580017,0.8848039215686274,0.917975567190227,277.6624,,,,
0.1612,5.874350547790527,0.00025595238095238096,5.33,1225,,,,,,,,
,,,5.33,1225,0.39430469274520874,0.8970588235294118,0.924187725631769,283.5207,,,,
0.2384,5.865347385406494,0.00025,5.43,1250,,,,,,,,
,,,5.43,1250,0.4049336016178131,0.8848039215686274,0.9173989455184535,289.2206,,,,
0.1666,4.947021007537842,0.00024404761904761905,5.54,1275,,,,,,,,
,,,5.54,1275,0.4081234931945801,0.8848039215686274,0.9147005444646098,295.0379,,,,
0.1945,11.765586853027344,0.0002380952380952381,5.65,1300,,,,,,,,
,,,5.65,1300,0.44450801610946655,0.8872549019607843,0.9195804195804195,300.795,,,,
0.1585,3.0773937702178955,0.00023214285714285717,5.76,1325,,,,,,,,
,,,5.76,1325,0.4785631597042084,0.8774509803921569,0.9131944444444444,306.7341,,,,
0.2536,3.845899820327759,0.00022619047619047618,5.87,1350,,,,,,,,
,,,5.87,1350,0.39609581232070923,0.8823529411764706,0.9148936170212766,312.5789,,,,
0.2108,2.843566656112671,0.00022023809523809523,5.98,1375,,,,,,,,
,,,5.98,1375,0.36456534266471863,0.8848039215686274,0.9168141592920355,318.5501,,,,
0.1289,14.952043533325195,0.00021428571428571427,6.09,1400,,,,,,,,
,,,6.09,1400,0.5937385559082031,0.8627450980392157,0.9066666666666666,324.2327,,,,
0.2012,0.8111087679862976,0.00020833333333333335,6.2,1425,,,,,,,,
,,,6.2,1425,0.4696074426174164,0.8725490196078431,0.9087719298245615,330.2333,,,,
0.1453,3.8203580379486084,0.0002023809523809524,6.3,1450,,,,,,,,
,,,6.3,1450,0.5823215246200562,0.8578431372549019,0.8917910447761195,335.8943,,,,
0.2264,1.9687645435333252,0.00019642857142857144,6.41,1475,,,,,,,,
,,,6.41,1475,0.45695286989212036,0.8725490196078431,0.9112627986348123,341.6933,,,,
0.2183,8.87271785736084,0.00019047619047619048,6.52,1500,,,,,,,,
,,,6.52,1500,0.45548614859580994,0.8700980392156863,0.9055258467023173,347.4354,,,,
0.1361,28.53594970703125,0.00018452380952380953,6.63,1525,,,,,,,,
,,,6.63,1525,0.48118361830711365,0.8799019607843137,0.9150779896013865,353.5823,,,,
0.1992,3.5643839836120605,0.00017857142857142857,6.74,1550,,,,,,,,
,,,6.74,1550,0.5346750617027283,0.8676470588235294,0.9021739130434783,359.2998,,,,
0.1699,6.533878326416016,0.00017261904761904762,6.85,1575,,,,,,,,
,,,6.85,1575,0.4875524044036865,0.8872549019607843,0.9184397163120569,365.0859,,,,
0.1829,3.8882436752319336,0.00016666666666666666,6.96,1600,,,,,,,,
,,,6.96,1600,0.503004252910614,0.8872549019607843,0.9192982456140351,370.9154,,,,
0.173,10.755988121032715,0.00016071428571428573,7.07,1625,,,,,,,,
,,,7.07,1625,0.5117180347442627,0.8848039215686274,0.9168141592920355,376.549,,,,
0.1314,9.59282112121582,0.00015476190476190478,7.17,1650,,,,,,,,
,,,7.17,1650,0.5665262341499329,0.8823529411764706,0.9133574007220215,382.2758,,,,
0.137,5.864526271820068,0.00014880952380952382,7.28,1675,,,,,,,,
,,,7.28,1675,0.6216714978218079,0.8676470588235294,0.909090909090909,388.011,,,,
0.1711,9.389208793640137,0.00014285714285714284,7.39,1700,,,,,,,,
,,,7.39,1700,0.5335360765457153,0.8823529411764706,0.9180887372013652,393.9272,,,,
0.1568,0.852195143699646,0.0001369047619047619,7.5,1725,,,,,,,,
,,,7.5,1725,0.5283969044685364,0.8823529411764706,0.9142857142857143,399.7743,,,,
0.1855,10.309699058532715,0.00013095238095238096,7.61,1750,,,,,,,,
,,,7.61,1750,0.5105116963386536,0.875,0.9090909090909091,405.6235,,,,
0.163,9.273420333862305,0.000125,7.72,1775,,,,,,,,
,,,7.72,1775,0.4929302930831909,0.8897058823529411,0.9217391304347826,411.4592,,,,
0.1139,3.9280190467834473,0.00011904761904761905,7.83,1800,,,,,,,,
,,,7.83,1800,0.5488799214363098,0.8799019607843137,0.9126559714795008,417.267,,,,
0.1818,0.9679020643234253,0.00011309523809523809,7.93,1825,,,,,,,,
,,,7.93,1825,0.4797828495502472,0.8774509803921569,0.9097472924187725,423.2687,,,,
0.1431,11.626404762268066,0.00010714285714285714,8.04,1850,,,,,,,,
,,,8.04,1850,0.5236854553222656,0.8774509803921569,0.9140893470790378,429.0116,,,,
0.1522,0.8657833337783813,0.0001011904761904762,8.15,1875,,,,,,,,
,,,8.15,1875,0.5081669688224792,0.8823529411764706,0.9136690647482014,434.8428,,,,
0.101,0.005515124648809433,9.523809523809524e-05,8.26,1900,,,,,,,,
,,,8.26,1900,0.5647563338279724,0.8823529411764706,0.9151943462897526,440.7276,,,,
0.1586,1.7239328622817993,8.928571428571429e-05,8.37,1925,,,,,,,,
,,,8.37,1925,0.5620189905166626,0.8872549019607843,0.9204152249134948,446.5868,,,,
0.1387,5.50551700592041,8.333333333333333e-05,8.48,1950,,,,,,,,
,,,8.48,1950,0.5364147424697876,0.8921568627450981,0.923076923076923,452.4941,,,,
0.0764,1.7493422031402588,7.738095238095239e-05,8.59,1975,,,,,,,,
,,,8.59,1975,0.5452749729156494,0.8872549019607843,0.9201388888888888,458.1601,,,,
0.1475,4.415246963500977,7.142857142857142e-05,8.7,2000,,,,,,,,
,,,8.7,2000,0.5455541014671326,0.8897058823529411,0.9217391304347826,463.9237,,,,
0.1573,10.209903717041016,6.547619047619048e-05,8.8,2025,,,,,,,,
,,,8.8,2025,0.5359468460083008,0.8897058823529411,0.9206349206349206,469.8732,,,,
0.1467,3.3464510440826416,5.9523809523809524e-05,8.91,2050,,,,,,,,
,,,8.91,2050,0.54436194896698,0.8921568627450981,0.923076923076923,475.723,,,,
0.1857,15.13715648651123,5.357142857142857e-05,9.02,2075,,,,,,,,
,,,9.02,2075,0.5451030135154724,0.8897058823529411,0.9206349206349206,481.3551,,,,
0.1139,0.2806706428527832,4.761904761904762e-05,9.13,2100,,,,,,,,
,,,9.13,2100,0.5602995753288269,0.8921568627450981,0.9225352112676057,487.2188,,,,
0.1071,4.174837112426758,4.1666666666666665e-05,9.24,2125,,,,,,,,
,,,9.24,2125,0.5807360410690308,0.8897058823529411,0.9206349206349206,493.0408,,,,
0.1202,1.5676430463790894,3.571428571428571e-05,9.35,2150,,,,,,,,
,,,9.35,2150,0.603327214717865,0.8897058823529411,0.9209138840070299,498.898,,,,
0.1122,3.2952466011047363,2.9761904761904762e-05,9.46,2175,,,,,,,,
,,,9.46,2175,0.605484664440155,0.8872549019607843,0.9187279151943463,504.7836,,,,
0.0835,3.562285900115967,2.380952380952381e-05,9.57,2200,,,,,,,,
,,,9.57,2200,0.6135876774787903,0.8970588235294118,0.926829268292683,510.6097,,,,
0.1496,6.109967231750488,1.7857142857142855e-05,9.67,2225,,,,,,,,
,,,9.67,2225,0.6171215176582336,0.8970588235294118,0.9270833333333334,516.3792,,,,
0.0997,2.5858120918273926,1.1904761904761905e-05,9.78,2250,,,,,,,,
,,,9.78,2250,0.6181526780128479,0.8970588235294118,0.9270833333333334,522.1665,,,,
0.1283,9.072811126708984,5.9523809523809525e-06,9.89,2275,,,,,,,,
,,,9.89,2275,0.6114516854286194,0.8946078431372549,0.9249563699825479,527.9851,,,,
0.1188,0.8304787278175354,0.0,10.0,2300,,,,,,,,
,,,10.0,2300,0.6106327176094055,0.8946078431372549,0.9249563699825479,533.7099,,,,
,,,10.0,2300,,,,533.3303,68.775,4.313,1456015189661088.0,0.26544889688491824
