loss,grad_norm,learning_rate,epoch,step,eval_loss,eval_accuracy,train_runtime,train_samples_per_second,train_steps_per_second,total_flos,train_loss
0.718,1.6975375413894653,3.5e-06,0.00641025641025641,1,,,,,,,
0.704,1.1335395574569702,8.75e-05,0.16025641025641027,25,,,,,,,
,,,0.16025641025641027,25,0.7046533226966858,0.4729241877256318,11.2177,,,,
0.721,0.8524784445762634,0.000175,0.32051282051282054,50,,,,,,,
,,,0.32051282051282054,50,0.6924034953117371,0.5270758122743683,21.9001,,,,
0.6991,0.4593954384326935,0.0002625,0.4807692307692308,75,,,,,,,
,,,0.4807692307692308,75,0.6943435668945312,0.5270758122743683,33.8746,,,,
0.7016,1.980327844619751,0.00035,0.6410256410256411,100,,,,,,,
,,,0.6410256410256411,100,0.6870524883270264,0.5415162454873647,44.8498,,,,
0.6798,1.1515867710113525,0.0004375,0.8012820512820513,125,,,,,,,
,,,0.8012820512820513,125,0.7335252165794373,0.4729241877256318,56.5528,,,,
0.704,2.3075435161590576,0.000525,0.9615384615384616,150,,,,,,,
,,,0.9615384615384616,150,0.6945645809173584,0.48375451263537905,67.4823,,,,
0.705,2.8861653804779053,0.0006125,1.1217948717948718,175,,,,,,,
,,,1.1217948717948718,175,0.6968168616294861,0.4729241877256318,78.713,,,,
0.7005,2.9111621379852295,0.0007,1.282051282051282,200,,,,,,,
,,,1.282051282051282,200,0.6922402381896973,0.5270758122743683,89.9796,,,,
0.7037,0.5220198631286621,0.0006871323529411764,1.4423076923076923,225,,,,,,,
,,,1.4423076923076923,225,0.7047534584999084,0.4729241877256318,100.9348,,,,
0.7075,0.5701433420181274,0.0006742647058823529,1.6025641025641026,250,,,,,,,
,,,1.6025641025641026,250,0.6965786218643188,0.4729241877256318,112.157,,,,
0.7015,1.1925615072250366,0.0006613970588235294,1.7628205128205128,275,,,,,,,
,,,1.7628205128205128,275,0.6917917132377625,0.5270758122743683,122.9393,,,,
0.7011,1.705642580986023,0.0006485294117647059,1.9230769230769231,300,,,,,,,
,,,1.9230769230769231,300,0.6982064843177795,0.4729241877256318,134.3385,,,,
0.6991,0.434515118598938,0.0006356617647058823,2.0833333333333335,325,,,,,,,
,,,2.0833333333333335,325,0.6944445371627808,0.4729241877256318,145.1073,,,,
0.6972,0.5624672770500183,0.0006227941176470587,2.2435897435897436,350,,,,,,,
,,,2.2435897435897436,350,0.7029430270195007,0.4729241877256318,156.0266,,,,
0.7036,1.6353294849395752,0.0006099264705882353,2.4038461538461537,375,,,,,,,
,,,2.4038461538461537,375,0.697547197341919,0.4729241877256318,167.1315,,,,
0.716,1.933499813079834,0.0005970588235294117,2.564102564102564,400,,,,,,,
,,,2.564102564102564,400,0.6986920237541199,0.4729241877256318,178.2768,,,,
0.69,0.47234976291656494,0.0005841911764705882,2.7243589743589745,425,,,,,,,
,,,2.7243589743589745,425,0.7152895927429199,0.4729241877256318,189.5022,,,,
0.7047,0.6079555749893188,0.0005713235294117647,2.8846153846153846,450,,,,,,,
,,,2.8846153846153846,450,0.71085524559021,0.5270758122743683,200.7713,,,,
0.6893,0.4645358622074127,0.0005584558823529412,3.0448717948717947,475,,,,,,,
,,,3.0448717948717947,475,0.692935049533844,0.5270758122743683,211.7653,,,,
0.7028,1.0054954290390015,0.0005455882352941177,3.2051282051282053,500,,,,,,,
,,,3.2051282051282053,500,0.6922322511672974,0.5270758122743683,222.9757,,,,
0.7001,2.2850534915924072,0.0005327205882352941,3.3653846153846154,525,,,,,,,
,,,3.3653846153846154,525,0.6916841268539429,0.5270758122743683,234.5962,,,,
0.7011,1.4506030082702637,0.0005198529411764706,3.5256410256410255,550,,,,,,,
,,,3.5256410256410255,550,0.6916843056678772,0.5270758122743683,245.2571,,,,
0.6992,0.41346362233161926,0.0005069852941176471,3.685897435897436,575,,,,,,,
,,,3.685897435897436,575,0.6922698020935059,0.5270758122743683,256.0169,,,,
0.6982,0.8292134404182434,0.0004941176470588236,3.8461538461538463,600,,,,,,,
,,,3.8461538461538463,600,0.6965662837028503,0.4729241877256318,267.4288,,,,
0.701,1.5911298990249634,0.00048125,4.006410256410256,625,,,,,,,
,,,4.006410256410256,625,0.6954897046089172,0.4729241877256318,278.7664,,,,
0.6906,0.7093483209609985,0.00046838235294117644,4.166666666666667,650,,,,,,,
,,,4.166666666666667,650,0.6929712891578674,0.5270758122743683,290.0916,,,,
0.7016,0.7241018414497375,0.00045551470588235297,4.326923076923077,675,,,,,,,
,,,4.326923076923077,675,0.6940085887908936,0.5270758122743683,300.8538,,,,
0.6952,0.9471750259399414,0.0004426470588235294,4.487179487179487,700,,,,,,,
,,,4.487179487179487,700,0.7043959498405457,0.4729241877256318,312.2571,,,,
0.6941,0.8466560244560242,0.0004297794117647059,4.647435897435898,725,,,,,,,
,,,4.647435897435898,725,0.6916794180870056,0.5270758122743683,323.1392,,,,
0.7007,1.6881612539291382,0.00041691176470588234,4.8076923076923075,750,,,,,,,
,,,4.8076923076923075,750,0.6924437284469604,0.5270758122743683,334.3082,,,,
0.6857,1.1730289459228516,0.00040404411764705876,4.967948717948718,775,,,,,,,
,,,4.967948717948718,775,0.6979184746742249,0.5270758122743683,345.2625,,,,
0.7011,0.3647111654281616,0.0003911764705882353,5.128205128205128,800,,,,,,,
,,,5.128205128205128,800,0.6916823387145996,0.5270758122743683,356.5659,,,,
0.7044,1.3966343402862549,0.00037830882352941176,5.288461538461538,825,,,,,,,
,,,5.288461538461538,825,0.6918010115623474,0.5270758122743683,367.7005,,,,
0.7002,0.7145650386810303,0.00036544117647058824,5.448717948717949,850,,,,,,,
,,,5.448717948717949,850,0.6947056651115417,0.4729241877256318,379.2384,,,,
0.7007,3.206620693206787,0.0003525735294117647,5.608974358974359,875,,,,,,,
,,,5.608974358974359,875,0.6920788884162903,0.5270758122743683,390.6232,,,,
0.7009,2.6176648139953613,0.0003397058823529412,5.769230769230769,900,,,,,,,
,,,5.769230769230769,900,0.6972078680992126,0.4729241877256318,401.5456,,,,
0.6927,0.5425058603286743,0.00032683823529411766,5.92948717948718,925,,,,,,,
,,,5.92948717948718,925,0.6936277747154236,0.4729241877256318,412.5391,,,,
0.6906,0.6753813028335571,0.00031397058823529414,6.089743589743589,950,,,,,,,
,,,6.089743589743589,950,0.6926242113113403,0.5270758122743683,423.6243,,,,
0.6934,1.515370488166809,0.0003011029411764706,6.25,975,,,,,,,
,,,6.25,975,0.6916945576667786,0.5270758122743683,434.9563,,,,
0.7001,1.3806350231170654,0.00028823529411764703,6.410256410256411,1000,,,,,,,
,,,6.410256410256411,1000,0.6943867206573486,0.4729241877256318,445.7946,,,,
0.6949,1.2885050773620605,0.0002753676470588235,6.57051282051282,1025,,,,,,,
,,,6.57051282051282,1025,0.6986595988273621,0.4729241877256318,457.3434,,,,
0.6934,0.5584987998008728,0.0002625,6.730769230769231,1050,,,,,,,
,,,6.730769230769231,1050,0.6969086527824402,0.4729241877256318,468.5399,,,,
0.704,0.9750975966453552,0.00024963235294117646,6.891025641025641,1075,,,,,,,
,,,6.891025641025641,1075,0.6922475099563599,0.5270758122743683,480.3049,,,,
0.6936,1.2137407064437866,0.00023676470588235296,7.051282051282051,1100,,,,,,,
,,,7.051282051282051,1100,0.6937707662582397,0.4729241877256318,491.2466,,,,
0.6932,0.9505994915962219,0.00022389705882352938,7.211538461538462,1125,,,,,,,
,,,7.211538461538462,1125,0.6948288083076477,0.4729241877256318,502.1044,,,,
0.6929,0.6594997048377991,0.00021102941176470586,7.371794871794872,1150,,,,,,,
,,,7.371794871794872,1150,0.6929846405982971,0.5270758122743683,514.0076,,,,
0.6962,0.3696037232875824,0.00019816176470588236,7.532051282051282,1175,,,,,,,
,,,7.532051282051282,1175,0.6916834115982056,0.5270758122743683,524.8862,,,,
0.6932,0.7250264883041382,0.00018529411764705883,7.6923076923076925,1200,,,,,,,
,,,7.6923076923076925,1200,0.6944847702980042,0.4729241877256318,535.8068,,,,
0.6972,0.9506900906562805,0.0001724264705882353,7.852564102564102,1225,,,,,,,
,,,7.852564102564102,1225,0.6918557286262512,0.5270758122743683,547.0863,,,,
0.6967,0.7242029309272766,0.00015955882352941176,8.012820512820513,1250,,,,,,,
,,,8.012820512820513,1250,0.6940958499908447,0.4729241877256318,558.1688,,,,
0.6943,0.8193914890289307,0.00014669117647058823,8.173076923076923,1275,,,,,,,
,,,8.173076923076923,1275,0.6931810975074768,0.4729241877256318,569.4382,,,,
0.6933,0.865870475769043,0.0001338235294117647,8.333333333333334,1300,,,,,,,
,,,8.333333333333334,1300,0.691952645778656,0.5270758122743683,580.3187,,,,
0.6939,1.6425249576568604,0.00012095588235294117,8.493589743589745,1325,,,,,,,
,,,8.493589743589745,1325,0.691962718963623,0.5270758122743683,591.8016,,,,
0.6947,0.32571011781692505,0.00010808823529411764,8.653846153846153,1350,,,,,,,
,,,8.653846153846153,1350,0.6923134326934814,0.5270758122743683,602.4071,,,,
0.6934,1.6048411130905151,9.52205882352941e-05,8.814102564102564,1375,,,,,,,
,,,8.814102564102564,1375,0.6926053166389465,0.5270758122743683,613.4299,,,,
0.6934,0.5498701333999634,8.235294117647058e-05,8.974358974358974,1400,,,,,,,
,,,8.974358974358974,1400,0.6930166482925415,0.5270758122743683,624.3662,,,,
0.6938,0.33023127913475037,6.948529411764706e-05,9.134615384615385,1425,,,,,,,
,,,9.134615384615385,1425,0.6943577527999878,0.4729241877256318,635.2529,,,,
0.6964,0.42831340432167053,5.661764705882353e-05,9.294871794871796,1450,,,,,,,
,,,9.294871794871796,1450,0.6930757761001587,0.5270758122743683,646.4108,,,,
0.6938,0.4743789732456207,4.375e-05,9.455128205128204,1475,,,,,,,
,,,9.455128205128204,1475,0.6936327815055847,0.4729241877256318,657.296,,,,
0.6945,0.31812217831611633,3.0882352941176475e-05,9.615384615384615,1500,,,,,,,
,,,9.615384615384615,1500,0.692499041557312,0.5270758122743683,668.9079,,,,
0.6919,2.126081705093384,1.801470588235294e-05,9.775641025641026,1525,,,,,,,
,,,9.775641025641026,1525,0.6923842430114746,0.5270758122743683,680.4663,,,,
0.6949,0.3274397552013397,5.147058823529411e-06,9.935897435897436,1550,,,,,,,
,,,9.935897435897436,1550,0.6924849152565002,0.5270758122743683,691.4997,,,,
,,,10.0,1560,,,694.321,35.862,2.247,2164515504937920.0,0.697853022431716
