loss,grad_norm,learning_rate,epoch,step,eval_loss,eval_accuracy,eval_f1,train_runtime,train_samples_per_second,train_steps_per_second,total_flos,train_loss
0.6801,0.5721011161804199,2.5e-06,0.004347826086956522,1,,,,,,,,
0.7133,0.8258459568023682,6.25e-05,0.10869565217391304,25,,,,,,,,
,,,0.10869565217391304,25,0.658717155456543,0.6838235294117647,0.8122270742358079,6.1223,,,,
0.6627,1.4570456743240356,0.000125,0.21739130434782608,50,,,,,,,,
,,,0.21739130434782608,50,0.6248235106468201,0.6838235294117647,0.8122270742358079,11.8064,,,,
0.6386,2.692056179046631,0.0001875,0.32608695652173914,75,,,,,,,,
,,,0.32608695652173914,75,0.6224638223648071,0.6838235294117647,0.8122270742358079,17.6628,,,,
0.6398,0.6538217663764954,0.00025,0.43478260869565216,100,,,,,,,,
,,,0.43478260869565216,100,0.6180152893066406,0.6838235294117647,0.8122270742358079,23.6098,,,,
0.6026,1.1512786149978638,0.0003125,0.5434782608695652,125,,,,,,,,
,,,0.5434782608695652,125,0.6139038801193237,0.6838235294117647,0.8122270742358079,29.6192,,,,
0.6419,3.3065640926361084,0.000375,0.6521739130434783,150,,,,,,,,
,,,0.6521739130434783,150,0.6167098879814148,0.6936274509803921,0.8169838945827232,35.7416,,,,
0.621,0.569269061088562,0.0004375,0.7608695652173914,175,,,,,,,,
,,,0.7608695652173914,175,0.5788724422454834,0.6936274509803921,0.8169838945827232,42.0752,,,,
0.5859,1.8188748359680176,0.0005,0.8695652173913043,200,,,,,,,,
,,,0.8695652173913043,200,0.5389469861984253,0.7450980392156863,0.8333333333333333,48.3564,,,,
0.5869,1.247378945350647,0.0004940476190476191,0.9782608695652174,225,,,,,,,,
,,,0.9782608695652174,225,0.5223206281661987,0.7475490196078431,0.8303130148270182,54.4509,,,,
0.569,0.9008169174194336,0.0004880952380952381,1.0869565217391304,250,,,,,,,,
,,,1.0869565217391304,250,0.5262483954429626,0.7107843137254902,0.8217522658610272,60.2896,,,,
0.5195,0.5941855907440186,0.00048214285714285715,1.1956521739130435,275,,,,,,,,
,,,1.1956521739130435,275,0.499653160572052,0.7524509803921569,0.8399366085578448,66.2729,,,,
0.5101,1.213204264640808,0.0004761904761904762,1.3043478260869565,300,,,,,,,,
,,,1.3043478260869565,300,0.46830862760543823,0.7843137254901961,0.8528428093645485,72.2055,,,,
0.4727,3.4843966960906982,0.00047023809523809523,1.4130434782608696,325,,,,,,,,
,,,1.4130434782608696,325,0.5449763536453247,0.7034313725490197,0.7397849462365591,78.104,,,,
0.5113,5.754415512084961,0.00046428571428571433,1.5217391304347827,350,,,,,,,,
,,,1.5217391304347827,350,0.4835796654224396,0.7598039215686274,0.842443729903537,83.9502,,,,
0.4419,1.0906829833984375,0.0004583333333333333,1.6304347826086958,375,,,,,,,,
,,,1.6304347826086958,375,0.39990735054016113,0.8112745098039216,0.8576709796672828,89.8067,,,,
0.4013,1.305118203163147,0.00045238095238095237,1.7391304347826086,400,,,,,,,,
,,,1.7391304347826086,400,0.42162367701530457,0.8186274509803921,0.8741496598639455,95.6467,,,,
0.475,3.5361108779907227,0.00044642857142857147,1.8478260869565217,425,,,,,,,,
,,,1.8478260869565217,425,0.3755474388599396,0.8235294117647058,0.8745644599303136,101.6431,,,,
0.4117,1.7370030879974365,0.00044047619047619046,1.9565217391304348,450,,,,,,,,
,,,1.9565217391304348,450,0.38509196043014526,0.8259803921568627,0.8790459965928449,107.6449,,,,
0.4529,1.160246729850769,0.00043452380952380956,2.0652173913043477,475,,,,,,,,
,,,2.0652173913043477,475,0.5114902257919312,0.7696078431372549,0.853125,113.3492,,,,
0.4232,1.8850599527359009,0.00042857142857142855,2.1739130434782608,500,,,,,,,,
,,,2.1739130434782608,500,0.3814604580402374,0.8186274509803921,0.8737201365187712,119.3078,,,,
0.4036,2.0140249729156494,0.00042261904761904765,2.282608695652174,525,,,,,,,,
,,,2.282608695652174,525,0.356686532497406,0.8455882352941176,0.8839779005524862,125.3652,,,,
0.3633,0.675678551197052,0.0004166666666666667,2.391304347826087,550,,,,,,,,
,,,2.391304347826087,550,0.3573758006095886,0.8455882352941176,0.8877005347593583,131.335,,,,
0.4302,1.3151617050170898,0.0004107142857142857,2.5,575,,,,,,,,
,,,2.5,575,0.35566988587379456,0.8259803921568627,0.8798646362098139,137.3126,,,,
0.3611,0.994644045829773,0.0004047619047619048,2.608695652173913,600,,,,,,,,
,,,2.608695652173913,600,0.3631974458694458,0.8333333333333334,0.8827586206896552,143.3361,,,,
0.3882,1.134496808052063,0.00039880952380952383,2.717391304347826,625,,,,,,,,
,,,2.717391304347826,625,0.3953060507774353,0.8284313725490197,0.8829431438127091,149.3298,,,,
0.4656,2.472209930419922,0.0003928571428571429,2.8260869565217392,650,,,,,,,,
,,,2.8260869565217392,650,0.3310718238353729,0.8553921568627451,0.8952042628774423,155.3882,,,,
0.3472,1.9363279342651367,0.0003869047619047619,2.9347826086956523,675,,,,,,,,
,,,2.9347826086956523,675,0.34616777300834656,0.8455882352941176,0.8892794376098417,161.3615,,,,
0.3568,3.526886463165283,0.00038095238095238096,3.0434782608695654,700,,,,,,,,
,,,3.0434782608695654,700,0.38999512791633606,0.8308823529411765,0.8812392426850257,167.1788,,,,
0.3923,2.923684597015381,0.000375,3.1521739130434785,725,,,,,,,,
,,,3.1521739130434785,725,0.431259423494339,0.8235294117647058,0.881578947368421,173.0867,,,,
0.4037,1.9137303829193115,0.00036904761904761905,3.260869565217391,750,,,,,,,,
,,,3.260869565217391,750,0.44089260697364807,0.821078431372549,0.8809135399673736,179.0584,,,,
0.305,3.2262656688690186,0.0003630952380952381,3.369565217391304,775,,,,,,,,
,,,3.369565217391304,775,0.37188225984573364,0.8455882352941176,0.8911917098445595,184.851,,,,
0.3748,2.8805103302001953,0.00035714285714285714,3.4782608695652173,800,,,,,,,,
,,,3.4782608695652173,800,0.35308709740638733,0.8357843137254902,0.8830715532286212,190.7512,,,,
0.4095,1.9489927291870117,0.0003511904761904762,3.5869565217391304,825,,,,,,,,
,,,3.5869565217391304,825,0.32304656505584717,0.8480392156862745,0.8908450704225351,196.7402,,,,
0.3695,1.1540313959121704,0.00034523809523809523,3.6956521739130435,850,,,,,,,,
,,,3.6956521739130435,850,0.32623687386512756,0.8504901960784313,0.8927943760984183,202.7545,,,,
0.3487,4.216647624969482,0.00033928571428571433,3.8043478260869565,875,,,,,,,,
,,,3.8043478260869565,875,0.32882705330848694,0.8480392156862745,0.8900709219858156,208.7617,,,,
0.3493,2.066974639892578,0.0003333333333333333,3.9130434782608696,900,,,,,,,,
,,,3.9130434782608696,900,0.3631610572338104,0.8431372549019608,0.891891891891892,214.7133,,,,
0.3622,2.5723423957824707,0.00032738095238095237,4.021739130434782,925,,,,,,,,
,,,4.021739130434782,925,0.3316822052001953,0.8504901960784313,0.8927943760984183,220.5898,,,,
0.3202,1.7494131326675415,0.00032142857142857147,4.130434782608695,950,,,,,,,,
,,,4.130434782608695,950,0.3315701186656952,0.8627450980392157,0.9017543859649123,226.5412,,,,
0.3753,1.8877990245819092,0.00031547619047619046,4.239130434782608,975,,,,,,,,
,,,4.239130434782608,975,0.35093650221824646,0.8578431372549019,0.902027027027027,232.4178,,,,
0.358,1.207029938697815,0.00030952380952380956,4.3478260869565215,1000,,,,,,,,
,,,4.3478260869565215,1000,0.3380517363548279,0.8480392156862745,0.8949152542372881,238.2745,,,,
0.3491,3.3660669326782227,0.00030357142857142855,4.456521739130435,1025,,,,,,,,
,,,4.456521739130435,1025,0.3198423981666565,0.8676470588235294,0.9003690036900369,244.4905,,,,
0.3365,2.8661417961120605,0.00029761904761904765,4.565217391304348,1050,,,,,,,,
,,,4.565217391304348,1050,0.3398069739341736,0.8504901960784313,0.8939130434782607,250.475,,,,
0.3034,1.2818366289138794,0.0002916666666666667,4.673913043478261,1075,,,,,,,,
,,,4.673913043478261,1075,0.3327843248844147,0.8602941176470589,0.8980322003577819,256.3947,,,,
0.283,2.3530585765838623,0.0002857142857142857,4.782608695652174,1100,,,,,,,,
,,,4.782608695652174,1100,0.335350900888443,0.8578431372549019,0.8975265017667844,262.4336,,,,
0.3327,2.6791138648986816,0.0002797619047619048,4.891304347826087,1125,,,,,,,,
,,,4.891304347826087,1125,0.3050210475921631,0.8553921568627451,0.8952042628774423,268.3936,,,,
0.3221,0.21789182722568512,0.0002738095238095238,5.0,1150,,,,,,,,
,,,5.0,1150,0.30511075258255005,0.8602941176470589,0.8983957219251337,274.4656,,,,
0.302,0.7349359393119812,0.00026785714285714287,5.108695652173913,1175,,,,,,,,
,,,5.108695652173913,1175,0.358323872089386,0.8578431372549019,0.9016949152542373,280.334,,,,
0.2975,3.0575170516967773,0.0002619047619047619,5.217391304347826,1200,,,,,,,,
,,,5.217391304347826,1200,0.3242001235485077,0.8578431372549019,0.8999999999999999,286.4447,,,,
0.3138,1.3131706714630127,0.00025595238095238096,5.326086956521739,1225,,,,,,,,
,,,5.326086956521739,1225,0.30166390538215637,0.8676470588235294,0.9032258064516129,292.4007,,,,
0.343,2.5354628562927246,0.00025,5.434782608695652,1250,,,,,,,,
,,,5.434782608695652,1250,0.3171740770339966,0.8676470588235294,0.9035714285714286,298.3114,,,,
0.2979,3.7593255043029785,0.00024404761904761905,5.543478260869565,1275,,,,,,,,
,,,5.543478260869565,1275,0.31512728333473206,0.8725490196078431,0.9061371841155236,304.1676,,,,
0.2936,2.0379445552825928,0.0002380952380952381,5.6521739130434785,1300,,,,,,,,
,,,5.6521739130434785,1300,0.33120301365852356,0.8627450980392157,0.901060070671378,310.1022,,,,
0.2865,1.7723791599273682,0.00023214285714285717,5.760869565217392,1325,,,,,,,,
,,,5.760869565217392,1325,0.31793153285980225,0.8627450980392157,0.901060070671378,316.1281,,,,
0.3368,1.287803053855896,0.00022619047619047618,5.869565217391305,1350,,,,,,,,
,,,5.869565217391305,1350,0.3132305443286896,0.8651960784313726,0.9023090586145649,322.1316,,,,
0.3192,0.9881089329719543,0.00022023809523809523,5.978260869565218,1375,,,,,,,,
,,,5.978260869565218,1375,0.3032756745815277,0.8725490196078431,0.9047619047619048,328.2524,,,,
0.2348,3.2531399726867676,0.00021428571428571427,6.086956521739131,1400,,,,,,,,
,,,6.086956521739131,1400,0.4674319326877594,0.8382352941176471,0.8928571428571428,334.0332,,,,
0.3375,1.6568971872329712,0.00020833333333333335,6.195652173913044,1425,,,,,,,,
,,,6.195652173913044,1425,0.3072844445705414,0.8676470588235294,0.9021739130434783,340.187,,,,
0.2961,2.2002322673797607,0.0002023809523809524,6.304347826086957,1450,,,,,,,,
,,,6.304347826086957,1450,0.34199485182762146,0.8578431372549019,0.8913857677902621,345.957,,,,
0.3487,1.3243789672851562,0.00019642857142857144,6.413043478260869,1475,,,,,,,,
,,,6.413043478260869,1475,0.3191080689430237,0.8676470588235294,0.9059233449477352,351.9499,,,,
0.327,1.0748531818389893,0.00019047619047619048,6.521739130434782,1500,,,,,,,,
,,,6.521739130434782,1500,0.3015698492527008,0.8725490196078431,0.9054545454545455,357.7988,,,,
0.2722,8.43537425994873,0.00018452380952380953,6.630434782608695,1525,,,,,,,,
,,,6.630434782608695,1525,0.3442844748497009,0.8553921568627451,0.8987993138936535,364.0137,,,,
0.331,2.592519998550415,0.00017857142857142857,6.739130434782608,1550,,,,,,,,
,,,6.739130434782608,1550,0.3084871768951416,0.8725490196078431,0.9051094890510949,369.8502,,,,
0.277,3.0268945693969727,0.00017261904761904762,6.8478260869565215,1575,,,,,,,,
,,,6.8478260869565215,1575,0.319851815700531,0.8676470588235294,0.901098901098901,375.7708,,,,
0.3061,1.6999670267105103,0.00016666666666666666,6.956521739130435,1600,,,,,,,,
,,,6.956521739130435,1600,0.3176000714302063,0.8725490196078431,0.9054545454545455,381.7775,,,,
0.2567,1.8685405254364014,0.00016071428571428573,7.065217391304348,1625,,,,,,,,
,,,7.065217391304348,1625,0.33078518509864807,0.8700980392156863,0.905861456483126,387.5343,,,,
0.2748,2.6865408420562744,0.00015476190476190478,7.173913043478261,1650,,,,,,,,
,,,7.173913043478261,1650,0.31343239545822144,0.8725490196078431,0.9051094890510949,393.5018,,,,
0.2763,1.3886432647705078,0.00014880952380952382,7.282608695652174,1675,,,,,,,,
,,,7.282608695652174,1675,0.3349874019622803,0.8725490196078431,0.9103448275862069,399.3758,,,,
0.2769,1.8635268211364746,0.00014285714285714284,7.391304347826087,1700,,,,,,,,
,,,7.391304347826087,1700,0.303729385137558,0.8774509803921569,0.9097472924187725,405.493,,,,
0.2705,2.0407066345214844,0.0001369047619047619,7.5,1725,,,,,,,,
,,,7.5,1725,0.30932676792144775,0.8725490196078431,0.9057971014492753,411.5019,,,,
0.3152,1.8549301624298096,0.00013095238095238096,7.608695652173913,1750,,,,,,,,
,,,7.608695652173913,1750,0.3027874529361725,0.8725490196078431,0.907473309608541,417.5176,,,,
0.3189,2.2557711601257324,0.000125,7.717391304347826,1775,,,,,,,,
,,,7.717391304347826,1775,0.30453673005104065,0.8774509803921569,0.9119718309859154,423.4737,,,,
0.2902,1.9415124654769897,0.00011904761904761905,7.826086956521739,1800,,,,,,,,
,,,7.826086956521739,1800,0.30714043974876404,0.8700980392156863,0.9055258467023173,429.3929,,,,
0.2509,1.329155683517456,0.00011309523809523809,7.934782608695652,1825,,,,,,,,
,,,7.934782608695652,1825,0.3011634349822998,0.8651960784313726,0.9001814882032667,435.5172,,,,
0.3488,1.340901494026184,0.00010714285714285714,8.043478260869565,1850,,,,,,,,
,,,8.043478260869565,1850,0.3142983615398407,0.8676470588235294,0.9045936395759717,441.3443,,,,
0.2983,2.554286241531372,0.0001011904761904762,8.152173913043478,1875,,,,,,,,
,,,8.152173913043478,1875,0.3018557131290436,0.875,0.9081081081081082,447.3429,,,,
0.2413,0.4676968455314636,9.523809523809524e-05,8.26086956521739,1900,,,,,,,,
,,,8.26086956521739,1900,0.3127917945384979,0.8700980392156863,0.905861456483126,453.3096,,,,
0.2743,1.5879957675933838,8.928571428571429e-05,8.369565217391305,1925,,,,,,,,
,,,8.369565217391305,1925,0.3029594421386719,0.8725490196078431,0.9054545454545455,459.3772,,,,
0.2842,2.2275524139404297,8.333333333333333e-05,8.478260869565217,1950,,,,,,,,
,,,8.478260869565217,1950,0.3056863248348236,0.8651960784313726,0.9019607843137256,465.4084,,,,
0.2533,2.7973623275756836,7.738095238095239e-05,8.58695652173913,1975,,,,,,,,
,,,8.58695652173913,1975,0.32055991888046265,0.875,0.9109947643979057,471.3719,,,,
0.276,2.4722418785095215,7.142857142857142e-05,8.695652173913043,2000,,,,,,,,
,,,8.695652173913043,2000,0.303224116563797,0.875,0.9087656529516995,477.2778,,,,
0.2767,2.8275387287139893,6.547619047619048e-05,8.804347826086957,2025,,,,,,,,
,,,8.804347826086957,2025,0.30222442746162415,0.875,0.9081081081081082,483.4494,,,,
0.3189,3.310168981552124,5.9523809523809524e-05,8.91304347826087,2050,,,,,,,,
,,,8.91304347826087,2050,0.3045036196708679,0.8774509803921569,0.9107142857142857,489.4283,,,,
0.3208,0.6529780030250549,5.357142857142857e-05,9.021739130434783,2075,,,,,,,,
,,,9.021739130434783,2075,0.3055340349674225,0.8725490196078431,0.907473309608541,495.2426,,,,
0.26,2.442477226257324,4.761904761904762e-05,9.130434782608695,2100,,,,,,,,
,,,9.130434782608695,2100,0.29734915494918823,0.875,0.9074410163339381,501.1521,,,,
0.2547,0.9327419996261597,4.1666666666666665e-05,9.23913043478261,2125,,,,,,,,
,,,9.23913043478261,2125,0.29946255683898926,0.875,0.9074410163339381,507.0584,,,,
0.2962,1.5442935228347778,3.571428571428571e-05,9.347826086956522,2150,,,,,,,,
,,,9.347826086956522,2150,0.3065929710865021,0.8774509803921569,0.911032028469751,513.0502,,,,
0.2834,1.264756679534912,2.9761904761904762e-05,9.456521739130435,2175,,,,,,,,
,,,9.456521739130435,2175,0.30430012941360474,0.8725490196078431,0.9078014184397164,519.0142,,,,
0.2743,2.4090194702148438,2.380952380952381e-05,9.565217391304348,2200,,,,,,,,
,,,9.565217391304348,2200,0.3087984025478363,0.8725490196078431,0.9084507042253521,525.0754,,,,
0.3103,2.430572748184204,1.7857142857142855e-05,9.673913043478262,2225,,,,,,,,
,,,9.673913043478262,2225,0.30493298172950745,0.8774509803921569,0.9116607773851589,531.0003,,,,
0.275,13.500972747802734,1.1904761904761905e-05,9.782608695652174,2250,,,,,,,,
,,,9.782608695652174,2250,0.30402085185050964,0.8774509803921569,0.9113475177304964,537.0194,,,,
0.2656,3.5410335063934326,5.9523809523809525e-06,9.891304347826086,2275,,,,,,,,
,,,9.891304347826086,2275,0.30359798669815063,0.8774509803921569,0.911032028469751,543.0093,,,,
0.2561,1.6547410488128662,0.0,10.0,2300,,,,,,,,
,,,10.0,2300,0.30307576060295105,0.8774509803921569,0.911032028469751,548.9514,,,,
,,,10.0,2300,,,,548.5184,66.871,4.193,1453534138652064.0,0.3664251854367878
