loss,grad_norm,learning_rate,epoch,step,eval_loss,eval_accuracy,train_runtime,train_samples_per_second,train_steps_per_second,total_flos,train_loss
1.6926,0.6270122528076172,1e-05,0.00641025641025641,1,,,,,,,
1.4862,0.9216926693916321,0.0005,0.32051282051282054,50,,,,,,,
,,,0.32051282051282054,50,1.033375859260559,0.5379061371841155,24.5502,,,,
0.7867,0.8264631032943726,0.001,0.6410256410256411,100,,,,,,,
,,,0.6410256410256411,100,0.7065048217773438,0.51985559566787,51.0267,,,,
0.7227,2.554269552230835,0.0015,0.9615384615384616,150,,,,,,,
,,,0.9615384615384616,150,0.7073444724082947,0.5270758122743683,76.3561,,,,
0.7373,2.418694019317627,0.002,1.282051282051282,200,,,,,,,
,,,1.282051282051282,200,0.7155844569206238,0.5090252707581228,101.6176,,,,
0.7311,0.8053343892097473,0.0019264705882352942,1.6025641025641026,250,,,,,,,
,,,1.6025641025641026,250,0.6782410740852356,0.6425992779783394,126.8221,,,,
0.725,0.4393581449985504,0.0018529411764705885,1.9230769230769231,300,,,,,,,
,,,1.9230769230769231,300,0.8358213901519775,0.4729241877256318,151.8915,,,,
0.7269,1.0820558071136475,0.0017794117647058822,2.2435897435897436,350,,,,,,,
,,,2.2435897435897436,350,0.6993594169616699,0.555956678700361,176.3933,,,,
0.6869,1.0680855512619019,0.0017058823529411764,2.564102564102564,400,,,,,,,
,,,2.564102564102564,400,0.6452222466468811,0.6606498194945848,201.4127,,,,
0.6984,2.094040632247925,0.0016323529411764706,2.8846153846153846,450,,,,,,,
,,,2.8846153846153846,450,0.7429712414741516,0.5306859205776173,226.7262,,,,
0.6822,1.9884912967681885,0.0015588235294117648,3.2051282051282053,500,,,,,,,
,,,3.2051282051282053,500,0.6348057985305786,0.6750902527075813,251.8164,,,,
0.6289,1.3592679500579834,0.0014852941176470588,3.5256410256410255,550,,,,,,,
,,,3.5256410256410255,550,0.5908932685852051,0.7111913357400722,276.8487,,,,
0.6331,1.9952616691589355,0.001411764705882353,3.8461538461538463,600,,,,,,,
,,,3.8461538461538463,600,0.5781359076499939,0.7148014440433214,302.0305,,,,
0.569,1.7603634595870972,0.001338235294117647,4.166666666666667,650,,,,,,,
,,,4.166666666666667,650,0.5080798268318176,0.7472924187725631,327.6141,,,,
0.5486,1.9236464500427246,0.0012647058823529412,4.487179487179487,700,,,,,,,
,,,4.487179487179487,700,0.5001128911972046,0.7725631768953068,352.5505,,,,
0.5274,2.592075824737549,0.0011911764705882352,4.8076923076923075,750,,,,,,,
,,,4.8076923076923075,750,0.5545172691345215,0.7689530685920578,377.3008,,,,
0.5234,4.235037326812744,0.0011176470588235294,5.128205128205128,800,,,,,,,
,,,5.128205128205128,800,0.5486077666282654,0.7833935018050542,402.4591,,,,
0.4564,0.784679651260376,0.0010441176470588236,5.448717948717949,850,,,,,,,
,,,5.448717948717949,850,0.47467315196990967,0.776173285198556,428.1066,,,,
0.4471,1.761018991470337,0.0009705882352941176,5.769230769230769,900,,,,,,,
,,,5.769230769230769,900,0.7164645791053772,0.7364620938628159,453.2901,,,,
0.4888,0.8422033190727234,0.0008970588235294118,6.089743589743589,950,,,,,,,
,,,6.089743589743589,950,0.549861490726471,0.776173285198556,478.0948,,,,
0.4208,2.346484422683716,0.0008235294117647058,6.410256410256411,1000,,,,,,,
,,,6.410256410256411,1000,0.5051053762435913,0.779783393501805,503.2536,,,,
0.3895,1.2926323413848877,0.00075,6.730769230769231,1050,,,,,,,
,,,6.730769230769231,1050,0.5007699728012085,0.7978339350180506,528.7448,,,,
0.3912,1.839750051498413,0.0006764705882352942,7.051282051282051,1100,,,,,,,
,,,7.051282051282051,1100,0.5519511103630066,0.7725631768953068,554.3464,,,,
0.3167,2.9459688663482666,0.0006029411764705882,7.371794871794872,1150,,,,,,,
,,,7.371794871794872,1150,0.5376095771789551,0.7978339350180506,580.1501,,,,
0.302,4.62982177734375,0.0005294117647058824,7.6923076923076925,1200,,,,,,,
,,,7.6923076923076925,1200,0.5939996838569641,0.7870036101083032,604.6314,,,,
0.3453,1.461004376411438,0.00045588235294117646,8.012820512820513,1250,,,,,,,
,,,8.012820512820513,1250,0.5336464047431946,0.7906137184115524,629.9557,,,,
0.2542,3.4243545532226562,0.00038235294117647055,8.333333333333334,1300,,,,,,,
,,,8.333333333333334,1300,0.7380689382553101,0.7906137184115524,654.935,,,,
0.2364,3.0371105670928955,0.0003088235294117647,8.653846153846153,1350,,,,,,,
,,,8.653846153846153,1350,0.5690180659294128,0.8194945848375451,680.064,,,,
0.2312,1.1218948364257812,0.00023529411764705883,8.974358974358974,1400,,,,,,,
,,,8.974358974358974,1400,0.6439502835273743,0.7978339350180506,704.7948,,,,
0.1964,2.5895471572875977,0.00016176470588235295,9.294871794871796,1450,,,,,,,
,,,9.294871794871796,1450,0.7149874567985535,0.7906137184115524,729.4783,,,,
0.1596,2.2542693614959717,8.823529411764706e-05,9.615384615384615,1500,,,,,,,
,,,9.615384615384615,1500,0.7349562644958496,0.8050541516245487,754.689,,,,
0.1992,6.405639171600342,1.4705882352941177e-05,9.935897435897436,1550,,,,,,,
,,,9.935897435897436,1550,0.6971152424812317,0.8050541516245487,780.0843,,,,
,,,10.0,1560,,,783.8621,31.766,1.99,2144717564495040.0,0.5220754783122967
