loss,grad_norm,learning_rate,epoch,step,eval_loss,eval_accuracy,eval_f1,train_runtime,train_samples_per_second,train_steps_per_second,total_flos,train_loss
2.3862,4.286147594451904,4e-05,0.0625,1,,,,,,,,
2.2112,2.122530937194824,0.0004,0.625,10,,,,,,,,
,,,0.625,10,2.0589358806610107,0.7321428571428571,0.5103785103785105,4.719,,,,
1.9282,2.8026504516601562,0.0008,1.25,20,,,,,,,,
,,,1.25,20,1.743497610092163,0.5,0.31768388106416273,9.3394,,,,
1.3823,2.637974262237549,0.0012,1.875,30,,,,,,,,
,,,1.875,30,0.9656797647476196,0.6785714285714286,0.4595238095238095,13.7693,,,,
1.1295,1.546858549118042,0.0016,2.5,40,,,,,,,,
,,,2.5,40,0.9905567169189453,0.6964285714285714,0.4872514619883041,18.1465,,,,
0.8703,0.9498546719551086,0.002,3.125,50,,,,,,,,
,,,3.125,50,0.8443024754524231,0.6785714285714286,0.4595238095238095,22.6228,,,,
0.9163,2.463940382003784,0.0019259259259259258,3.75,60,,,,,,,,
,,,3.75,60,0.8292638659477234,0.7321428571428571,0.51106452364314,27.1217,,,,
0.7001,3.208651542663574,0.001851851851851852,4.375,70,,,,,,,,
,,,4.375,70,0.7190829515457153,0.6785714285714286,0.47478301665493783,31.446,,,,
0.6867,1.8667463064193726,0.0017777777777777776,5.0,80,,,,,,,,
,,,5.0,80,0.7763630151748657,0.7142857142857143,0.4988344988344989,35.9098,,,,
0.674,2.6770615577697754,0.0017037037037037038,5.625,90,,,,,,,,
,,,5.625,90,0.6831751465797424,0.7857142857142857,0.5487179487179487,40.6945,,,,
0.7024,4.80472993850708,0.0016296296296296295,6.25,100,,,,,,,,
,,,6.25,100,0.8252304792404175,0.6964285714285714,0.47574334898278564,45.0362,,,,
0.5256,0.9677590727806091,0.0015555555555555557,6.875,110,,,,,,,,
,,,6.875,110,0.5086385607719421,0.8035714285714286,0.5613912231559289,49.4455,,,,
0.3459,1.9549534320831299,0.0014814814814814814,7.5,120,,,,,,,,
,,,7.5,120,0.36981067061424255,0.8571428571428571,0.8042328042328042,53.4776,,,,
0.303,3.0946757793426514,0.0014074074074074076,8.125,130,,,,,,,,
,,,8.125,130,0.5564085841178894,0.8214285714285714,0.572893772893773,58.1169,,,,
0.2307,1.4020084142684937,0.0013333333333333333,8.75,140,,,,,,,,
,,,8.75,140,0.3470816910266876,0.9107142857142857,0.8653086419753087,63.0865,,,,
0.2148,2.828035354614258,0.0012592592592592592,9.375,150,,,,,,,,
,,,9.375,150,0.2982521057128906,0.875,0.6120567375886524,67.4813,,,,
0.1047,0.3399004340171814,0.0011851851851851852,10.0,160,,,,,,,,
,,,10.0,160,0.19077613949775696,0.9107142857142857,0.8128777556510499,71.8776,,,,
0.0453,0.4715995788574219,0.0011111111111111111,10.625,170,,,,,,,,
,,,10.625,170,0.31755802035331726,0.875,0.6120567375886524,76.6631,,,,
0.1386,3.0811543464660645,0.001037037037037037,11.25,180,,,,,,,,
,,,11.25,180,0.503774881362915,0.875,0.7856122197585612,81.0391,,,,
0.107,0.21575671434402466,0.0009629629629629629,11.875,190,,,,,,,,
,,,11.875,190,0.23407398164272308,0.9107142857142857,0.9046421987598459,85.8441,,,,
0.0513,1.508267879486084,0.0008888888888888888,12.5,200,,,,,,,,
,,,12.5,200,0.13094402849674225,0.9464285714285714,0.9370223978919632,90.2071,,,,
0.0584,0.1481693834066391,0.0008148148148148148,13.125,210,,,,,,,,
,,,13.125,210,0.13324053585529327,0.9464285714285714,0.8906796601699151,94.5826,,,,
0.0811,0.298418253660202,0.0007407407407407407,13.75,220,,,,,,,,
,,,13.75,220,0.09075341373682022,0.9642857142857143,0.9736024844720497,99.4672,,,,
0.0246,0.4321609437465668,0.0006666666666666666,14.375,230,,,,,,,,
,,,14.375,230,0.12881003320217133,0.9464285714285714,0.9173881673881673,104.1868,,,,
0.0183,0.14732496440410614,0.0005925925925925926,15.0,240,,,,,,,,
,,,15.0,240,0.1425337791442871,0.9642857142857143,0.9440613026819924,108.486,,,,
0.018,0.14472094178199768,0.0005185185185185185,15.625,250,,,,,,,,
,,,15.625,250,0.102878637611866,0.9821428571428571,0.9867446393762184,113.0045,,,,
0.0071,0.3618656098842621,0.0004444444444444444,16.25,260,,,,,,,,
,,,16.25,260,0.10610457509756088,0.9642857142857143,0.9503848003848003,117.6335,,,,
0.007,0.18956606090068817,0.00037037037037037035,16.875,270,,,,,,,,
,,,16.875,270,0.10222358256578445,0.9821428571428571,0.9867446393762184,122.1258,,,,
0.0113,0.15198343992233276,0.0002962962962962963,17.5,280,,,,,,,,
,,,17.5,280,0.09881634265184402,0.9821428571428571,0.9867446393762184,126.961,,,,
0.0312,1.8726730346679688,0.0002222222222222222,18.125,290,,,,,,,,
,,,18.125,290,0.1025443747639656,0.9821428571428571,0.9867446393762184,131.2935,,,,
0.0037,0.4646236300468445,0.00014814814814814815,18.75,300,,,,,,,,
,,,18.75,300,0.12202594429254532,0.9821428571428571,0.9867446393762184,136.0458,,,,
0.0042,0.15297597646713257,7.407407407407407e-05,19.375,310,,,,,,,,
,,,19.375,310,0.12630096077919006,0.9821428571428571,0.9867446393762184,140.1751,,,,
0.0066,0.14629389345645905,0.0,20.0,320,,,,,,,,
,,,20.0,320,0.12185732275247574,0.9821428571428571,0.9867446393762184,144.803,,,,
,,,20.0,320,,,,144.4519,34.614,2.215,452243323863360.0,0.4236536221113056
