loss,grad_norm,learning_rate,epoch,step,eval_loss,eval_accuracy,eval_f1,train_runtime,train_samples_per_second,train_steps_per_second,total_flos,train_loss
1.1672,3.7007386684417725,1e-05,0.0625,1,,,,,,,,
1.1054,3.920854330062866,0.0001,0.625,10,,,,,,,,
,,,0.625,10,1.0542223453521729,0.4107142857142857,0.1940928270042194,4.6886,,,,
0.986,2.6799166202545166,0.0002,1.25,20,,,,,,,,
,,,1.25,20,0.9395464062690735,0.4107142857142857,0.1940928270042194,8.9205,,,,
0.9492,1.7184076309204102,0.0003,1.875,30,,,,,,,,
,,,1.875,30,0.9023798704147339,0.5,0.24617886178861784,13.0246,,,,
0.8807,1.1668989658355713,0.0004,2.5,40,,,,,,,,
,,,2.5,40,0.9046480059623718,0.6428571428571429,0.4430260047281324,17.1281,,,,
0.8263,2.628553628921509,0.0005,3.125,50,,,,,,,,
,,,3.125,50,0.8841400742530823,0.6607142857142857,0.45692090395480234,21.2403,,,,
0.8821,1.142376184463501,0.0006,3.75,60,,,,,,,,
,,,3.75,60,0.8360271453857422,0.7321428571428571,0.5064836003051106,25.4525,,,,
0.7903,1.7138745784759521,0.0007,4.375,70,,,,,,,,
,,,4.375,70,0.8070701360702515,0.7142857142857143,0.4995331465919701,29.4603,,,,
0.7323,2.830357551574707,0.0008,5.0,80,,,,,,,,
,,,5.0,80,0.7387809157371521,0.7142857142857143,0.49806201550387597,33.5762,,,,
0.6847,0.7885193824768066,0.0009000000000000001,5.625,90,,,,,,,,
,,,5.625,90,0.7205607295036316,0.6964285714285714,0.4868139700641481,38.0529,,,,
0.6799,3.248065710067749,0.001,6.25,100,,,,,,,,
,,,6.25,100,0.6931430697441101,0.6964285714285714,0.48581048581048575,42.054,,,,
0.5871,1.68521249294281,0.0011,6.875,110,,,,,,,,
,,,6.875,110,0.6828293204307556,0.6964285714285714,0.4872881355932203,46.173,,,,
0.6826,2.54348087310791,0.0012,7.5,120,,,,,,,,
,,,7.5,120,0.6754974126815796,0.7321428571428571,0.5087064676616916,49.9287,,,,
0.5268,1.3491814136505127,0.0013000000000000002,8.125,130,,,,,,,,
,,,8.125,130,0.6355897188186646,0.7142857142857143,0.49806201550387597,54.2311,,,,
0.45,1.1658577919006348,0.0014,8.75,140,,,,,,,,
,,,8.75,140,0.5650731325149536,0.7678571428571429,0.5376647834274952,58.8286,,,,
0.4402,1.171699047088623,0.0015,9.375,150,,,,,,,,
,,,9.375,150,0.5851162672042847,0.7857142857142857,0.5487179487179487,62.9838,,,,
0.5078,3.843928813934326,0.0016,10.0,160,,,,,,,,
,,,10.0,160,0.6253092885017395,0.75,0.5211161387631976,67.0821,,,,
0.3445,2.599860668182373,0.0017,10.625,170,,,,,,,,
,,,10.625,170,0.5803629755973816,0.7857142857142857,0.5487179487179487,71.5614,,,,
0.3788,2.343796491622925,0.0018000000000000002,11.25,180,,,,,,,,
,,,11.25,180,0.45031481981277466,0.8214285714285714,0.7085684430512016,75.6575,,,,
0.2653,2.9297866821289062,0.0019,11.875,190,,,,,,,,
,,,11.875,190,0.5016375780105591,0.8392857142857143,0.5866760497302369,80.1006,,,,
0.1474,0.4971897602081299,0.002,12.5,200,,,,,,,,
,,,12.5,200,0.422548770904541,0.8571428571428571,0.7756613756613757,84.0786,,,,
0.1769,3.1854658126831055,0.0018333333333333333,13.125,210,,,,,,,,
,,,13.125,210,0.5532358288764954,0.875,0.8789378057302586,88.1643,,,,
0.203,2.3558990955352783,0.0016666666666666668,13.75,220,,,,,,,,
,,,13.75,220,0.47550302743911743,0.8571428571428571,0.8037297322125764,92.7063,,,,
0.0385,0.18648196756839752,0.0015,14.375,230,,,,,,,,
,,,14.375,230,0.3727242648601532,0.9285714285714286,0.9475308641975309,97.0899,,,,
0.0493,0.9347353577613831,0.0013333333333333333,15.0,240,,,,,,,,
,,,15.0,240,0.35787051916122437,0.9107142857142857,0.9048821548821548,101.0863,,,,
0.0811,1.1049164533615112,0.0011666666666666668,15.625,250,,,,,,,,
,,,15.625,250,0.32445910573005676,0.9464285714285714,0.960233918128655,105.2768,,,,
0.0273,0.3949783742427826,0.001,16.25,260,,,,,,,,
,,,16.25,260,0.3292142450809479,0.9642857142857143,0.9736024844720497,109.56,,,,
0.0139,0.61773681640625,0.0008333333333333334,16.875,270,,,,,,,,
,,,16.875,270,0.35534292459487915,0.9464285714285714,0.9309263496906518,113.7535,,,,
0.0214,0.7741901278495789,0.0006666666666666666,17.5,280,,,,,,,,
,,,17.5,280,0.35887256264686584,0.9285714285714286,0.9475308641975309,118.2186,,,,
0.0105,1.1240266561508179,0.0005,18.125,290,,,,,,,,
,,,18.125,290,0.37804222106933594,0.9285714285714286,0.9475308641975309,122.2706,,,,
0.0144,0.1237998679280281,0.0003333333333333333,18.75,300,,,,,,,,
,,,18.75,300,0.3839258849620819,0.9285714285714286,0.9475308641975309,126.7217,,,,
0.0159,0.9796865582466125,0.00016666666666666666,19.375,310,,,,,,,,
,,,19.375,310,0.3750791847705841,0.9285714285714286,0.9475308641975309,130.5316,,,,
0.0134,0.06700718402862549,0.0,20.0,320,,,,,,,,
,,,20.0,320,0.3768179714679718,0.9285714285714286,0.9475308641975309,134.8797,,,,
,,,20.0,320,,,,134.291,37.233,2.383,450078052115520.0,0.4224793461151421
