loss,grad_norm,learning_rate,epoch,step,eval_loss,eval_accuracy,eval_f1,train_runtime,train_samples_per_second,train_steps_per_second,total_flos,train_loss
0.6859,0.7387153506278992,2.5e-05,0.004347826086956522,1,,,,,,,,
0.6813,1.4305897951126099,0.000625,0.10869565217391304,25,,,,,,,,
,,,0.10869565217391304,25,0.6579976081848145,0.6838235294117647,0.8122270742358079,5.4932,,,,
0.7457,1.8071445226669312,0.00125,0.21739130434782608,50,,,,,,,,
,,,0.21739130434782608,50,0.6169145107269287,0.6838235294117647,0.8122270742358079,10.5004,,,,
0.6907,1.1370187997817993,0.001875,0.32608695652173914,75,,,,,,,,
,,,0.32608695652173914,75,0.6140467524528503,0.6838235294117647,0.8122270742358079,15.5759,,,,
0.6188,1.0244239568710327,0.0025,0.43478260869565216,100,,,,,,,,
,,,0.43478260869565216,100,0.5896276831626892,0.7034313725490197,0.819672131147541,21.1273,,,,
0.5961,2.9003138542175293,0.003125,0.5434782608695652,125,,,,,,,,
,,,0.5434782608695652,125,0.751414954662323,0.6911764705882353,0.8157894736842105,26.2133,,,,
0.6347,2.1485350131988525,0.00375,0.6521739130434783,150,,,,,,,,
,,,0.6521739130434783,150,0.5981705784797668,0.6911764705882353,0.8147058823529413,31.2452,,,,
0.632,1.9993534088134766,0.004375,0.7608695652173914,175,,,,,,,,
,,,0.7608695652173914,175,0.6245014071464539,0.6911764705882353,0.81524926686217,36.5713,,,,
0.7192,1.6874393224716187,0.005,0.8695652173913043,200,,,,,,,,
,,,0.8695652173913043,200,0.6820892691612244,0.6887254901960784,0.8129602356406479,41.7578,,,,
0.685,6.556366443634033,0.0049404761904761904,0.9782608695652174,225,,,,,,,,
,,,0.9782608695652174,225,0.735066831111908,0.5465686274509803,0.5316455696202532,47.0408,,,,
0.6166,1.9443659782409668,0.004880952380952381,1.0869565217391304,250,,,,,,,,
,,,1.0869565217391304,250,0.48124516010284424,0.7671568627450981,0.8424543946932007,52.0845,,,,
0.7041,4.398309707641602,0.004821428571428572,1.1956521739130435,275,,,,,,,,
,,,1.1956521739130435,275,0.536151111125946,0.7671568627450981,0.8237476808905381,57.3411,,,,
0.5304,1.7215650081634521,0.0047619047619047615,1.3043478260869565,300,,,,,,,,
,,,1.3043478260869565,300,0.6949045658111572,0.6936274509803921,0.8159057437407953,62.6652,,,,
0.5606,3.843644380569458,0.004702380952380953,1.4130434782608696,325,,,,,,,,
,,,1.4130434782608696,325,0.4833812415599823,0.7696078431372549,0.8265682656826568,68.0149,,,,
0.5373,1.324716329574585,0.004642857142857143,1.5217391304347827,350,,,,,,,,
,,,1.5217391304347827,350,0.5397288799285889,0.7254901960784313,0.7714285714285715,73.6241,,,,
0.5434,0.8533176779747009,0.004583333333333333,1.6304347826086958,375,,,,,,,,
,,,1.6304347826086958,375,0.43741708993911743,0.7892156862745098,0.8485915492957747,78.7976,,,,
0.6944,0.6302517056465149,0.004523809523809524,1.7391304347826086,400,,,,,,,,
,,,1.7391304347826086,400,0.5354693531990051,0.7524509803921569,0.8443759630200308,84.0748,,,,
0.7055,1.386468529701233,0.004464285714285715,1.8478260869565217,425,,,,,,,,
,,,1.8478260869565217,425,0.8322429060935974,0.7034313725490197,0.8217967599410898,89.3944,,,,
0.591,1.667476773262024,0.004404761904761904,1.9565217391304348,450,,,,,,,,
,,,1.9565217391304348,450,0.4811175763607025,0.75,0.8421052631578947,94.7549,,,,
0.4956,1.3063650131225586,0.004345238095238096,2.0652173913043477,475,,,,,,,,
,,,2.0652173913043477,475,0.5317566990852356,0.7965686274509803,0.865040650406504,99.9655,,,,
0.5211,2.619649648666382,0.004285714285714286,2.1739130434782608,500,,,,,,,,
,,,2.1739130434782608,500,0.6301249265670776,0.7622549019607843,0.8486739469578783,105.2697,,,,
0.5486,2.0870068073272705,0.004226190476190476,2.282608695652174,525,,,,,,,,
,,,2.282608695652174,525,0.574209451675415,0.6911764705882353,0.81524926686217,111.1421,,,,
0.4836,2.86108136177063,0.004166666666666667,2.391304347826087,550,,,,,,,,
,,,2.391304347826087,550,0.5450858473777771,0.7769607843137255,0.8548644338118022,116.4472,,,,
0.5781,4.287961006164551,0.004107142857142857,2.5,575,,,,,,,,
,,,2.5,575,1.1811895370483398,0.6838235294117647,0.8122270742358079,121.8021,,,,
0.5298,1.1955980062484741,0.004047619047619048,2.608695652173913,600,,,,,,,,
,,,2.608695652173913,600,0.568734347820282,0.7794117647058824,0.8562300319488818,127.2017,,,,
0.4708,1.1694055795669556,0.0039880952380952385,2.717391304347826,625,,,,,,,,
,,,2.717391304347826,625,0.45651790499687195,0.7990196078431373,0.8668831168831169,132.6207,,,,
0.5194,0.9883036613464355,0.003928571428571429,2.8260869565217392,650,,,,,,,,
,,,2.8260869565217392,650,0.41594651341438293,0.8112745098039216,0.8710217755443886,138.126,,,,
0.4826,1.578948736190796,0.003869047619047619,2.9347826086956523,675,,,,,,,,
,,,2.9347826086956523,675,0.513274073600769,0.7671568627450981,0.8522550544323484,143.6216,,,,
0.4659,2.1689846515655518,0.0038095238095238095,3.0434782608695654,700,,,,,,,,
,,,3.0434782608695654,700,0.40479883551597595,0.8014705882352942,0.8629441624365483,148.8717,,,,
0.4292,2.3520543575286865,0.00375,3.1521739130434785,725,,,,,,,,
,,,3.1521739130434785,725,0.4680611789226532,0.8112745098039216,0.8731466227347612,154.4162,,,,
0.4547,2.0302202701568604,0.0036904761904761906,3.260869565217391,750,,,,,,,,
,,,3.260869565217391,750,0.44313153624534607,0.8088235294117647,0.8725490196078431,159.9681,,,,
0.3715,1.308356523513794,0.003630952380952381,3.369565217391304,775,,,,,,,,
,,,3.369565217391304,775,0.5703985095024109,0.7622549019607843,0.8482003129890453,165.4462,,,,
0.4929,4.057879447937012,0.0035714285714285718,3.4782608695652173,800,,,,,,,,
,,,3.4782608695652173,800,0.558621883392334,0.7720588235294118,0.8544600938967136,170.9082,,,,
0.4715,1.2618731260299683,0.0035119047619047617,3.5869565217391304,825,,,,,,,,
,,,3.5869565217391304,825,0.5697658658027649,0.7549019607843137,0.8475609756097561,176.4382,,,,
0.4579,2.2193822860717773,0.0034523809523809524,3.6956521739130435,850,,,,,,,,
,,,3.6956521739130435,850,0.4632646441459656,0.8063725490196079,0.8681135225375627,181.9534,,,,
0.4455,0.8671445250511169,0.003392857142857143,3.8043478260869565,875,,,,,,,,
,,,3.8043478260869565,875,0.38400039076805115,0.8161764705882353,0.8663101604278075,187.3897,,,,
0.4672,2.507394790649414,0.003333333333333333,3.9130434782608696,900,,,,,,,,
,,,3.9130434782608696,900,0.3800673484802246,0.8235294117647058,0.8709677419354839,192.9005,,,,
0.4592,0.8386607766151428,0.003273809523809524,4.021739130434782,925,,,,,,,,
,,,4.021739130434782,925,0.3848511576652527,0.8161764705882353,0.8686514886164624,198.1919,,,,
0.4844,1.3211746215820312,0.0032142857142857147,4.130434782608695,950,,,,,,,,
,,,4.130434782608695,950,0.420454204082489,0.8063725490196079,0.8719611021069691,203.7187,,,,
0.4517,4.3140950202941895,0.0031547619047619046,4.239130434782608,975,,,,,,,,
,,,4.239130434782608,975,0.6740891933441162,0.7794117647058824,0.8598130841121494,209.0418,,,,
0.4636,1.983315110206604,0.0030952380952380953,4.3478260869565215,1000,,,,,,,,
,,,4.3478260869565215,1000,0.4623027443885803,0.803921568627451,0.8709677419354839,214.4454,,,,
0.4423,1.258654236793518,0.0030357142857142857,4.456521739130435,1025,,,,,,,,
,,,4.456521739130435,1025,0.48494160175323486,0.8014705882352942,0.8712241653418125,220.5196,,,,
0.3964,1.8146891593933105,0.002976190476190476,4.565217391304348,1050,,,,,,,,
,,,4.565217391304348,1050,0.4240119159221649,0.8088235294117647,0.8668941979522184,226.0166,,,,
0.3575,0.4752053916454315,0.002916666666666667,4.673913043478261,1075,,,,,,,,
,,,4.673913043478261,1075,0.42221933603286743,0.8161764705882353,0.8739495798319329,231.457,,,,
0.4049,0.7015764117240906,0.002857142857142857,4.782608695652174,1100,,,,,,,,
,,,4.782608695652174,1100,0.47665828466415405,0.7941176470588235,0.865814696485623,236.9218,,,,
0.4915,11.34805679321289,0.002797619047619048,4.891304347826087,1125,,,,,,,,
,,,4.891304347826087,1125,0.584392249584198,0.75,0.7866108786610879,242.5097,,,,
0.4925,0.3343012034893036,0.0027380952380952383,5.0,1150,,,,,,,,
,,,5.0,1150,0.45204776525497437,0.803921568627451,0.867986798679868,248.0463,,,,
0.4268,0.9140227437019348,0.0026785714285714286,5.108695652173913,1175,,,,,,,,
,,,5.108695652173913,1175,0.4104000926017761,0.8161764705882353,0.8686514886164624,253.638,,,,
0.4081,4.2047905921936035,0.0026190476190476194,5.217391304347826,1200,,,,,,,,
,,,5.217391304347826,1200,0.5079258680343628,0.8063725490196079,0.8736,259.3196,,,,
0.3985,1.0978418588638306,0.0025595238095238093,5.326086956521739,1225,,,,,,,,
,,,5.326086956521739,1225,0.425554096698761,0.8161764705882353,0.8709122203098106,264.9572,,,,
0.4459,2.305964469909668,0.0025,5.434782608695652,1250,,,,,,,,
,,,5.434782608695652,1250,0.46085768938064575,0.8063725490196079,0.8685524126455907,270.4989,,,,
0.3688,2.9873268604278564,0.0024404761904761904,5.543478260869565,1275,,,,,,,,
,,,5.543478260869565,1275,0.43022432923316956,0.8235294117647058,0.8695652173913043,275.9859,,,,
0.4229,2.3508434295654297,0.0023809523809523807,5.6521739130434785,1300,,,,,,,,
,,,5.6521739130434785,1300,0.3849775791168213,0.8186274509803921,0.8664259927797834,281.5726,,,,
0.3801,2.1300361156463623,0.0023214285714285715,5.760869565217392,1325,,,,,,,,
,,,5.760869565217392,1325,0.47644296288490295,0.8137254901960784,0.8741721854304637,287.1635,,,,
0.4011,0.9440336227416992,0.002261904761904762,5.869565217391305,1350,,,,,,,,
,,,5.869565217391305,1350,0.5155331492424011,0.7965686274509803,0.8676236044657097,292.7663,,,,
0.4505,3.5775787830352783,0.002202380952380952,5.978260869565218,1375,,,,,,,,
,,,5.978260869565218,1375,0.5542741417884827,0.7843137254901961,0.8629283489096573,298.3983,,,,
0.3356,4.951788425445557,0.002142857142857143,6.086956521739131,1400,,,,,,,,
,,,6.086956521739131,1400,0.6789924502372742,0.7720588235294118,0.8553654743390358,303.807,,,,
0.4043,2.4781343936920166,0.0020833333333333333,6.195652173913044,1425,,,,,,,,
,,,6.195652173913044,1425,0.44506216049194336,0.8112745098039216,0.8692699490662139,309.5227,,,,
0.4275,4.49268102645874,0.002023809523809524,6.304347826086957,1450,,,,,,,,
,,,6.304347826086957,1450,0.4068037271499634,0.8259803921568627,0.8711433756805808,314.9005,,,,
0.3862,1.0579255819320679,0.0019642857142857144,6.413043478260869,1475,,,,,,,,
,,,6.413043478260869,1475,0.4338264763355255,0.8088235294117647,0.8695652173913043,320.489,,,,
0.4145,1.053009271621704,0.0019047619047619048,6.521739130434782,1500,,,,,,,,
,,,6.521739130434782,1500,0.38927337527275085,0.8382352941176471,0.8846153846153846,325.9512,,,,
0.4321,3.7272565364837646,0.0018452380952380953,6.630434782608695,1525,,,,,,,,
,,,6.630434782608695,1525,0.549078643321991,0.7892156862745098,0.8647798742138365,332.1739,,,,
0.4234,0.8949207067489624,0.0017857142857142859,6.739130434782608,1550,,,,,,,,
,,,6.739130434782608,1550,0.3855966329574585,0.8259803921568627,0.8786324786324787,337.6225,,,,
0.3535,3.232663154602051,0.0017261904761904762,6.8478260869565215,1575,,,,,,,,
,,,6.8478260869565215,1575,0.42255711555480957,0.8259803921568627,0.8756567425569177,343.1638,,,,
0.391,1.3120408058166504,0.0016666666666666666,6.956521739130435,1600,,,,,,,,
,,,6.956521739130435,1600,0.45429715514183044,0.821078431372549,0.8785357737104825,348.8103,,,,
0.3269,0.709959864616394,0.0016071428571428573,7.065217391304348,1625,,,,,,,,
,,,7.065217391304348,1625,0.46012118458747864,0.8333333333333334,0.8835616438356164,354.2593,,,,
0.4341,0.7945420145988464,0.0015476190476190477,7.173913043478261,1650,,,,,,,,
,,,7.173913043478261,1650,0.3616950213909149,0.8333333333333334,0.8790035587188612,359.9195,,,,
0.3662,3.8099610805511475,0.001488095238095238,7.282608695652174,1675,,,,,,,,
,,,7.282608695652174,1675,0.40843483805656433,0.8308823529411765,0.883248730964467,365.497,,,,
0.3793,2.1182878017425537,0.0014285714285714286,7.391304347826087,1700,,,,,,,,
,,,7.391304347826087,1700,0.47908371686935425,0.8088235294117647,0.8741935483870967,371.2519,,,,
0.3592,1.4029585123062134,0.0013690476190476191,7.5,1725,,,,,,,,
,,,7.5,1725,0.4009969234466553,0.8284313725490197,0.8817567567567567,376.9251,,,,
0.4166,1.7743598222732544,0.0013095238095238097,7.608695652173913,1750,,,,,,,,
,,,7.608695652173913,1750,0.4309349060058594,0.8063725490196079,0.870279146141215,382.521,,,,
0.3649,2.3624560832977295,0.00125,7.717391304347826,1775,,,,,,,,
,,,7.717391304347826,1775,0.5278388261795044,0.7965686274509803,0.8667736757624397,388.149,,,,
0.3852,2.2601513862609863,0.0011904761904761904,7.826086956521739,1800,,,,,,,,
,,,7.826086956521739,1800,0.41883882880210876,0.8235294117647058,0.880794701986755,393.6439,,,,
0.3235,2.836181879043579,0.001130952380952381,7.934782608695652,1825,,,,,,,,
,,,7.934782608695652,1825,0.4548811912536621,0.8161764705882353,0.8752079866888519,399.3989,,,,
0.4139,1.4658774137496948,0.0010714285714285715,8.043478260869565,1850,,,,,,,,
,,,8.043478260869565,1850,0.4437505602836609,0.8186274509803921,0.8778877887788779,404.7905,,,,
0.3011,0.970179557800293,0.001011904761904762,8.152173913043478,1875,,,,,,,,
,,,8.152173913043478,1875,0.41421008110046387,0.8284313725490197,0.8805460750853243,410.3251,,,,
0.3066,1.5386258363723755,0.0009523809523809524,8.26086956521739,1900,,,,,,,,
,,,8.26086956521739,1900,0.4460289776325226,0.8235294117647058,0.8783783783783784,415.8673,,,,
0.32,1.2593655586242676,0.0008928571428571429,8.369565217391305,1925,,,,,,,,
,,,8.369565217391305,1925,0.41885125637054443,0.8259803921568627,0.880672268907563,421.467,,,,
0.3672,1.3571462631225586,0.0008333333333333333,8.478260869565217,1950,,,,,,,,
,,,8.478260869565217,1950,0.4736175537109375,0.8186274509803921,0.8782894736842105,427.1282,,,,
0.3377,1.189842700958252,0.0007738095238095238,8.58695652173913,1975,,,,,,,,
,,,8.58695652173913,1975,0.49444445967674255,0.8186274509803921,0.8786885245901639,432.5561,,,,
0.3618,2.501063585281372,0.0007142857142857143,8.695652173913043,2000,,,,,,,,
,,,8.695652173913043,2000,0.4420616328716278,0.821078431372549,0.87893864013267,438.1258,,,,
0.3611,1.4817180633544922,0.0006547619047619048,8.804347826086957,2025,,,,,,,,
,,,8.804347826086957,2025,0.4078620374202728,0.8357843137254902,0.8866328257191202,444.2023,,,,
0.3744,1.4218480587005615,0.0005952380952380952,8.91304347826087,2050,,,,,,,,
,,,8.91304347826087,2050,0.4748741090297699,0.8088235294117647,0.8729641693811075,449.8592,,,,
0.3674,0.7858932018280029,0.0005357142857142857,9.021739130434783,2075,,,,,,,,
,,,9.021739130434783,2075,0.4288799464702606,0.8284313725490197,0.8833333333333333,455.3366,,,,
0.3199,0.7535277605056763,0.0004761904761904762,9.130434782608695,2100,,,,,,,,
,,,9.130434782608695,2100,0.40519803762435913,0.8235294117647058,0.8783783783783784,460.9371,,,,
0.3182,1.277625560760498,0.00041666666666666664,9.23913043478261,2125,,,,,,,,
,,,9.23913043478261,2125,0.44763123989105225,0.8235294117647058,0.8803986710963455,466.5635,,,,
0.3476,1.4037946462631226,0.00035714285714285714,9.347826086956522,2150,,,,,,,,
,,,9.347826086956522,2150,0.5087100863456726,0.8088235294117647,0.8733766233766234,472.1816,,,,
0.3501,2.3025619983673096,0.0002976190476190476,9.456521739130435,2175,,,,,,,,
,,,9.456521739130435,2175,0.4216326177120209,0.8259803921568627,0.88107202680067,477.877,,,,
0.3573,0.9554487466812134,0.0002380952380952381,9.565217391304348,2200,,,,,,,,
,,,9.565217391304348,2200,0.44975122809410095,0.8259803921568627,0.8822553897180763,483.4695,,,,
0.3771,2.3633809089660645,0.00017857142857142857,9.673913043478262,2225,,,,,,,,
,,,9.673913043478262,2225,0.4276132881641388,0.8235294117647058,0.8795986622073578,489.0725,,,,
0.3577,1.2265701293945312,0.00011904761904761905,9.782608695652174,2250,,,,,,,,
,,,9.782608695652174,2250,0.43179851770401,0.8284313725490197,0.8833333333333333,494.6056,,,,
0.3203,1.899042010307312,5.9523809523809524e-05,9.891304347826086,2275,,,,,,,,
,,,9.891304347826086,2275,0.42354652285575867,0.8284313725490197,0.8825503355704698,500.2002,,,,
0.2994,1.8022197484970093,0.0,10.0,2300,,,,,,,,
,,,10.0,2300,0.4177969694137573,0.8333333333333334,0.8851351351351352,505.6647,,,,
,,,10.0,2300,,,,505.2744,72.594,4.552,1451208153331104.0,0.4543762096373931
