loss,grad_norm,learning_rate,epoch,step,eval_loss,eval_accuracy,train_runtime,train_samples_per_second,train_steps_per_second,total_flos,train_loss
0.718,1.6981391906738281,3.5e-06,0.00641025641025641,1,,,,,,,
0.704,1.1420470476150513,8.75e-05,0.16025641025641027,25,,,,,,,
,,,0.16025641025641027,25,0.7045634984970093,0.4729241877256318,11.1249,,,,
0.7213,0.8647723197937012,0.000175,0.32051282051282054,50,,,,,,,
,,,0.32051282051282054,50,0.6924731731414795,0.5270758122743683,21.7707,,,,
0.6996,0.47566676139831543,0.0002625,0.4807692307692308,75,,,,,,,
,,,0.4807692307692308,75,0.6943950057029724,0.5270758122743683,33.7994,,,,
0.7016,2.014495849609375,0.00035,0.6410256410256411,100,,,,,,,
,,,0.6410256410256411,100,0.6871418356895447,0.5415162454873647,44.8255,,,,
0.681,1.3241149187088013,0.0004375,0.8012820512820513,125,,,,,,,
,,,0.8012820512820513,125,0.714140772819519,0.4693140794223827,56.6185,,,,
0.7045,1.9398640394210815,0.000525,0.9615384615384616,150,,,,,,,
,,,0.9615384615384616,150,0.7018375396728516,0.4729241877256318,67.5309,,,,
0.7012,2.9701924324035645,0.0006125,1.1217948717948718,175,,,,,,,
,,,1.1217948717948718,175,0.6926639676094055,0.5270758122743683,78.8522,,,,
0.7119,3.857544183731079,0.0007,1.282051282051282,200,,,,,,,
,,,1.282051282051282,200,0.6949619054794312,0.4729241877256318,90.1287,,,,
0.7129,0.5815635919570923,0.0006871323529411764,1.4423076923076923,225,,,,,,,
,,,1.4423076923076923,225,0.699097216129303,0.4729241877256318,101.1025,,,,
0.716,0.6494877934455872,0.0006742647058823529,1.6025641025641026,250,,,,,,,
,,,1.6025641025641026,250,0.7042741179466248,0.4729241877256318,112.3024,,,,
0.7003,1.0413951873779297,0.0006613970588235294,1.7628205128205128,275,,,,,,,
,,,1.7628205128205128,275,0.6917142868041992,0.5270758122743683,123.1053,,,,
0.7016,1.5836765766143799,0.0006485294117647059,1.9230769230769231,300,,,,,,,
,,,1.9230769230769231,300,0.697945773601532,0.4729241877256318,134.5084,,,,
0.6999,0.42261365056037903,0.0006356617647058823,2.0833333333333335,325,,,,,,,
,,,2.0833333333333335,325,0.6943223476409912,0.4729241877256318,145.3359,,,,
0.6971,0.5147022604942322,0.0006227941176470587,2.2435897435897436,350,,,,,,,
,,,2.2435897435897436,350,0.7015759944915771,0.4729241877256318,156.2824,,,,
0.7026,1.5124461650848389,0.0006099264705882353,2.4038461538461537,375,,,,,,,
,,,2.4038461538461537,375,0.6973618865013123,0.4729241877256318,167.366,,,,
0.7135,1.9144618511199951,0.0005970588235294117,2.564102564102564,400,,,,,,,
,,,2.564102564102564,400,0.702285647392273,0.4729241877256318,178.4697,,,,
0.6889,0.45461973547935486,0.0005841911764705882,2.7243589743589745,425,,,,,,,
,,,2.7243589743589745,425,0.7157433032989502,0.4729241877256318,189.7192,,,,
0.7028,0.6023528575897217,0.0005713235294117647,2.8846153846153846,450,,,,,,,
,,,2.8846153846153846,450,0.7106792330741882,0.5270758122743683,201.0123,,,,
0.6897,0.46385690569877625,0.0005584558823529412,3.0448717948717947,475,,,,,,,
,,,3.0448717948717947,475,0.6936437487602234,0.4729241877256318,212.0298,,,,
0.6996,0.8825134038925171,0.0005455882352941177,3.2051282051282053,500,,,,,,,
,,,3.2051282051282053,500,0.6934958100318909,0.4729241877256318,223.2996,,,,
0.6999,2.2573330402374268,0.0005327205882352941,3.3653846153846154,525,,,,,,,
,,,3.3653846153846154,525,0.6917407512664795,0.5270758122743683,234.8684,,,,
0.703,1.2370840311050415,0.0005198529411764706,3.5256410256410255,550,,,,,,,
,,,3.5256410256410255,550,0.6919381022453308,0.5270758122743683,245.5475,,,,
0.6978,0.38536494970321655,0.0005069852941176471,3.685897435897436,575,,,,,,,
,,,3.685897435897436,575,0.6920278668403625,0.5270758122743683,256.2775,,,,
0.6975,0.7763187289237976,0.0004941176470588236,3.8461538461538463,600,,,,,,,
,,,3.8461538461538463,600,0.6960325837135315,0.4729241877256318,267.7629,,,,
0.7014,1.5101659297943115,0.00048125,4.006410256410256,625,,,,,,,
,,,4.006410256410256,625,0.6961535811424255,0.4729241877256318,279.0968,,,,
0.6915,0.634987473487854,0.00046838235294117644,4.166666666666667,650,,,,,,,
,,,4.166666666666667,650,0.6931607723236084,0.4729241877256318,290.4437,,,,
0.7008,0.6554157733917236,0.00045551470588235297,4.326923076923077,675,,,,,,,
,,,4.326923076923077,675,0.6934856176376343,0.5270758122743683,301.2012,,,,
0.6947,0.8932183980941772,0.0004426470588235294,4.487179487179487,700,,,,,,,
,,,4.487179487179487,700,0.7038811445236206,0.4729241877256318,312.6049,,,,
0.6958,0.8147082328796387,0.0004297794117647059,4.647435897435898,725,,,,,,,
,,,4.647435897435898,725,0.6917144060134888,0.5270758122743683,323.5023,,,,
0.6983,1.5670794248580933,0.00041691176470588234,4.8076923076923075,750,,,,,,,
,,,4.8076923076923075,750,0.6924129128456116,0.5270758122743683,334.6336,,,,
0.6874,1.0340765714645386,0.00040404411764705876,4.967948717948718,775,,,,,,,
,,,4.967948717948718,775,0.6963446736335754,0.5270758122743683,345.6065,,,,
0.6994,0.3428308069705963,0.0003911764705882353,5.128205128205128,800,,,,,,,
,,,5.128205128205128,800,0.6916868686676025,0.5270758122743683,356.929,,,,
0.7049,1.3938876390457153,0.00037830882352941176,5.288461538461538,825,,,,,,,
,,,5.288461538461538,825,0.6917155981063843,0.5270758122743683,368.1367,,,,
0.7004,0.6956623792648315,0.00036544117647058824,5.448717948717949,850,,,,,,,
,,,5.448717948717949,850,0.6933616995811462,0.4729241877256318,379.7642,,,,
0.6987,2.9357571601867676,0.0003525735294117647,5.608974358974359,875,,,,,,,
,,,5.608974358974359,875,0.6917452812194824,0.5270758122743683,391.1819,,,,
0.6989,2.47027325630188,0.0003397058823529412,5.769230769230769,900,,,,,,,
,,,5.769230769230769,900,0.697019636631012,0.4729241877256318,402.086,,,,
0.6925,0.5175911784172058,0.00032683823529411766,5.92948717948718,925,,,,,,,
,,,5.92948717948718,925,0.6937881112098694,0.4729241877256318,413.0705,,,,
0.6907,0.6328497529029846,0.00031397058823529414,6.089743589743589,950,,,,,,,
,,,6.089743589743589,950,0.6927028894424438,0.5270758122743683,424.126,,,,
0.6933,1.427697777748108,0.0003011029411764706,6.25,975,,,,,,,
,,,6.25,975,0.6916977167129517,0.5270758122743683,435.4697,,,,
0.6995,1.2745563983917236,0.00028823529411764703,6.410256410256411,1000,,,,,,,
,,,6.410256410256411,1000,0.693969190120697,0.4729241877256318,446.3713,,,,
0.6944,1.2322289943695068,0.0002753676470588235,6.57051282051282,1025,,,,,,,
,,,6.57051282051282,1025,0.698577880859375,0.4729241877256318,457.859,,,,
0.693,0.5509513020515442,0.0002625,6.730769230769231,1050,,,,,,,
,,,6.730769230769231,1050,0.6965473890304565,0.4729241877256318,469.0985,,,,
0.703,0.9438413381576538,0.00024963235294117646,6.891025641025641,1075,,,,,,,
,,,6.891025641025641,1075,0.69223952293396,0.5270758122743683,480.943,,,,
0.6938,1.215457797050476,0.00023676470588235296,7.051282051282051,1100,,,,,,,
,,,7.051282051282051,1100,0.6931345462799072,0.5270758122743683,491.9075,,,,
0.6928,0.9020888209342957,0.00022389705882352938,7.211538461538462,1125,,,,,,,
,,,7.211538461538462,1125,0.6948991417884827,0.4729241877256318,502.7729,,,,
0.6924,0.6301577091217041,0.00021102941176470586,7.371794871794872,1150,,,,,,,
,,,7.371794871794872,1150,0.693071186542511,0.5270758122743683,514.7439,,,,
0.6962,0.3525483012199402,0.00019816176470588236,7.532051282051282,1175,,,,,,,
,,,7.532051282051282,1175,0.6916811466217041,0.5270758122743683,525.6086,,,,
0.6938,0.7153108716011047,0.00018529411764705883,7.6923076923076925,1200,,,,,,,
,,,7.6923076923076925,1200,0.694293737411499,0.4729241877256318,536.582,,,,
0.6972,0.9103264212608337,0.0001724264705882353,7.852564102564102,1225,,,,,,,
,,,7.852564102564102,1225,0.6917744874954224,0.5270758122743683,547.9074,,,,
0.697,0.6920458674430847,0.00015955882352941176,8.012820512820513,1250,,,,,,,
,,,8.012820512820513,1250,0.6938912272453308,0.4729241877256318,558.9879,,,,
0.6945,0.7774881720542908,0.00014669117647058823,8.173076923076923,1275,,,,,,,
,,,8.173076923076923,1275,0.6930902600288391,0.5270758122743683,570.2233,,,,
0.6928,0.8095531463623047,0.0001338235294117647,8.333333333333334,1300,,,,,,,
,,,8.333333333333334,1300,0.6920000314712524,0.5270758122743683,581.0775,,,,
0.6934,1.5197564363479614,0.00012095588235294117,8.493589743589745,1325,,,,,,,
,,,8.493589743589745,1325,0.6919832825660706,0.5270758122743683,592.5717,,,,
0.6953,0.3207567632198334,0.00010808823529411764,8.653846153846153,1350,,,,,,,
,,,8.653846153846153,1350,0.6923061013221741,0.5270758122743683,603.2051,,,,
0.6933,1.5323632955551147,9.52205882352941e-05,8.814102564102564,1375,,,,,,,
,,,8.814102564102564,1375,0.6925752758979797,0.5270758122743683,614.3434,,,,
0.6937,0.5207288861274719,8.235294117647058e-05,8.974358974358974,1400,,,,,,,
,,,8.974358974358974,1400,0.6929652094841003,0.5270758122743683,625.3471,,,,
0.6931,0.310629665851593,6.948529411764706e-05,9.134615384615385,1425,,,,,,,
,,,9.134615384615385,1425,0.6941198706626892,0.4729241877256318,636.3065,,,,
0.6963,0.4018600583076477,5.661764705882353e-05,9.294871794871796,1450,,,,,,,
,,,9.294871794871796,1450,0.6930678486824036,0.5270758122743683,647.4573,,,,
0.6936,0.4589688181877136,4.375e-05,9.455128205128204,1475,,,,,,,
,,,9.455128205128204,1475,0.6936094760894775,0.4729241877256318,658.319,,,,
0.6946,0.30183738470077515,3.0882352941176475e-05,9.615384615384615,1500,,,,,,,
,,,9.615384615384615,1500,0.6925685405731201,0.5270758122743683,669.9925,,,,
0.6919,2.004981517791748,1.801470588235294e-05,9.775641025641026,1525,,,,,,,
,,,9.775641025641026,1525,0.6924651861190796,0.5270758122743683,681.5338,,,,
0.6942,0.30414706468582153,5.147058823529411e-06,9.935897435897436,1550,,,,,,,
,,,9.935897435897436,1550,0.692552924156189,0.5270758122743683,692.6044,,,,
,,,10.0,1560,,,695.4744,35.803,2.243,2135696326810560.0,0.6980043821609937
