loss,grad_norm,learning_rate,epoch,step,eval_loss,eval_accuracy,eval_f1,train_runtime,train_samples_per_second,train_steps_per_second,total_flos,train_loss
2.3862,4.286147594451904,2.0000000000000003e-06,0.0625,1,,,,,,,,
2.3295,4.087893009185791,2e-05,0.625,10,,,,,,,,
,,,0.625,10,2.313861846923828,0.4107142857142857,0.1940928270042194,4.7641,,,,
2.2717,4.392281532287598,4e-05,1.25,20,,,,,,,,
,,,1.25,20,2.2557663917541504,0.4107142857142857,0.1940928270042194,9.2573,,,,
2.2006,2.78933048248291,6e-05,1.875,30,,,,,,,,
,,,1.875,30,2.1733274459838867,0.4107142857142857,0.1940928270042194,13.532,,,,
2.1237,2.6388473510742188,8e-05,2.5,40,,,,,,,,
,,,2.5,40,2.08467173576355,0.4107142857142857,0.1940928270042194,17.8199,,,,
2.0061,2.4602251052856445,0.0001,3.125,50,,,,,,,,
,,,3.125,50,2.002612590789795,0.7142857142857143,0.49421820010055306,22.1261,,,,
1.9774,1.601739525794983,9.62962962962963e-05,3.75,60,,,,,,,,
,,,3.75,60,1.9299286603927612,0.6964285714285714,0.4792779049071956,26.4981,,,,
1.932,2.733668565750122,9.25925925925926e-05,4.375,70,,,,,,,,
,,,4.375,70,1.8515679836273193,0.6785714285714286,0.47478301665493783,30.66,,,,
1.7456,2.4241533279418945,8.888888888888889e-05,5.0,80,,,,,,,,
,,,5.0,80,1.7847001552581787,0.42857142857142855,0.23599320882852293,34.8304,,,,
1.7089,1.2834666967391968,8.518518518518518e-05,5.625,90,,,,,,,,
,,,5.625,90,1.7054026126861572,0.6785714285714286,0.47478301665493783,39.4139,,,,
1.6476,1.1060762405395508,8.148148148148148e-05,6.25,100,,,,,,,,
,,,6.25,100,1.630393147468567,0.6964285714285714,0.47574334898278564,43.53,,,,
1.5453,3.3437280654907227,7.777777777777778e-05,6.875,110,,,,,,,,
,,,6.875,110,1.5577542781829834,0.5892857142857143,0.3670995670995671,47.5878,,,,
1.5535,2.521974802017212,7.407407407407407e-05,7.5,120,,,,,,,,
,,,7.5,120,1.4963880777359009,0.7142857142857143,0.49988271170537174,51.3988,,,,
1.4079,2.698740243911743,7.037037037037038e-05,8.125,130,,,,,,,,
,,,8.125,130,1.43256676197052,0.6785714285714286,0.4738927738927739,55.7604,,,,
1.3558,1.6554889678955078,6.666666666666667e-05,8.75,140,,,,,,,,
,,,8.75,140,1.3600207567214966,0.7321428571428571,0.5115440115440115,60.2909,,,,
1.2886,2.2889938354492188,6.296296296296296e-05,9.375,150,,,,,,,,
,,,9.375,150,1.289451003074646,0.6964285714285714,0.48424908424908425,64.4459,,,,
1.2436,3.3276405334472656,5.925925925925926e-05,10.0,160,,,,,,,,
,,,10.0,160,1.2268744707107544,0.6964285714285714,0.48424908424908425,69.3144,,,,
1.1082,0.7794594764709473,5.555555555555556e-05,10.625,170,,,,,,,,
,,,10.625,170,1.174263596534729,0.6964285714285714,0.48424908424908425,73.7268,,,,
1.2098,1.6619436740875244,5.185185185185185e-05,11.25,180,,,,,,,,
,,,11.25,180,1.1183016300201416,0.6964285714285714,0.48424908424908425,77.8142,,,,
1.0384,0.7020941376686096,4.814814814814815e-05,11.875,190,,,,,,,,
,,,11.875,190,1.0646899938583374,0.6964285714285714,0.48424908424908425,82.3725,,,,
0.9676,2.7454965114593506,4.4444444444444447e-05,12.5,200,,,,,,,,
,,,12.5,200,1.0138092041015625,0.7142857142857143,0.4991636798088411,86.4545,,,,
0.9623,1.2849236726760864,4.074074074074074e-05,13.125,210,,,,,,,,
,,,13.125,210,0.9719287157058716,0.7142857142857143,0.49976359338061477,90.6185,,,,
0.8965,2.5711476802825928,3.7037037037037037e-05,13.75,220,,,,,,,,
,,,13.75,220,0.9337288737297058,0.7142857142857143,0.49988271170537174,95.4206,,,,
0.8679,1.1615335941314697,3.3333333333333335e-05,14.375,230,,,,,,,,
,,,14.375,230,0.8953131437301636,0.6964285714285714,0.4868139700641481,99.8889,,,,
0.8444,2.0984950065612793,2.962962962962963e-05,15.0,240,,,,,,,,
,,,15.0,240,0.8652905821800232,0.7142857142857143,0.4991636798088411,103.9554,,,,
0.777,1.3114330768585205,2.5925925925925925e-05,15.625,250,,,,,,,,
,,,15.625,250,0.8544288873672485,0.7142857142857143,0.49976359338061477,108.2136,,,,
0.8069,1.1020801067352295,2.2222222222222223e-05,16.25,260,,,,,,,,
,,,16.25,260,0.8494742512702942,0.7142857142857143,0.4991636798088411,112.6315,,,,
0.7935,2.626039743423462,1.8518518518518518e-05,16.875,270,,,,,,,,
,,,16.875,270,0.8466998338699341,0.7142857142857143,0.4991636798088411,116.9019,,,,
0.8343,0.9944182634353638,1.4814814814814815e-05,17.5,280,,,,,,,,
,,,17.5,280,0.8447316884994507,0.7142857142857143,0.4991636798088411,121.5267,,,,
0.7637,1.001338243484497,1.1111111111111112e-05,18.125,290,,,,,,,,
,,,18.125,290,0.8436299562454224,0.7142857142857143,0.4991636798088411,125.7182,,,,
0.7892,1.6047024726867676,7.4074074074074075e-06,18.75,300,,,,,,,,
,,,18.75,300,0.8433025479316711,0.7142857142857143,0.4991636798088411,130.1814,,,,
0.8504,2.4230504035949707,3.7037037037037037e-06,19.375,310,,,,,,,,
,,,19.375,310,0.8427625298500061,0.7142857142857143,0.4991636798088411,134.0343,,,,
0.7803,5.448320388793945,0.0,20.0,320,,,,,,,,
,,,20.0,320,0.8426108956336975,0.7142857142857143,0.4991636798088411,138.4552,,,,
,,,20.0,320,,,,137.9543,36.244,2.32,452243323863360.0,1.3323093891143798
