loss,grad_norm,learning_rate,epoch,step,eval_loss,eval_accuracy,eval_f1,train_runtime,train_samples_per_second,train_steps_per_second,total_flos,train_loss
2.2916,6.219973564147949,4e-05,0.0625,1,,,,,,,,
2.0698,1.963438868522644,0.0004,0.625,10,,,,,,,,
,,,0.625,10,1.8952487707138062,0.5357142857142857,0.3524384112619406,6.3229,,,,
1.8267,2.9334213733673096,0.0008,1.25,20,,,,,,,,
,,,1.25,20,1.6105016469955444,0.7142857142857143,0.49421820010055306,12.3901,,,,
1.3782,0.8984407782554626,0.0012,1.875,30,,,,,,,,
,,,1.875,30,0.9688213467597961,0.6785714285714286,0.4738927738927739,18.348,,,,
1.0827,1.858486533164978,0.0016,2.5,40,,,,,,,,
,,,2.5,40,1.0783336162567139,0.6964285714285714,0.4872881355932203,24.1459,,,,
0.8146,1.0145775079727173,0.002,3.125,50,,,,,,,,
,,,3.125,50,0.8588780164718628,0.6964285714285714,0.48424908424908425,30.1546,,,,
0.8137,2.623411178588867,0.0019259259259259258,3.75,60,,,,,,,,
,,,3.75,60,0.7648171782493591,0.7321428571428571,0.5087064676616916,36.1058,,,,
0.658,3.4332408905029297,0.001851851851851852,4.375,70,,,,,,,,
,,,4.375,70,0.6286906003952026,0.7678571428571429,0.5365079365079365,41.9111,,,,
0.3853,1.8026471138000488,0.0017777777777777776,5.0,80,,,,,,,,
,,,5.0,80,0.40605512261390686,0.875,0.6117757447806709,47.7759,,,,
0.262,2.6836304664611816,0.0017037037037037038,5.625,90,,,,,,,,
,,,5.625,90,0.3396484851837158,0.8928571428571429,0.7174603174603175,54.0573,,,,
0.2347,1.6002546548843384,0.0016296296296296295,6.25,100,,,,,,,,
,,,6.25,100,0.3100876212120056,0.8928571428571429,0.7174603174603175,59.9133,,,,
0.186,1.03223717212677,0.0015555555555555557,6.875,110,,,,,,,,
,,,6.875,110,0.35764262080192566,0.9285714285714286,0.8776543209876544,65.6868,,,,
0.1178,1.445332646369934,0.0014814814814814814,7.5,120,,,,,,,,
,,,7.5,120,0.21791307628154755,0.9464285714285714,0.906687565308255,71.1858,,,,
0.0865,1.7040894031524658,0.0014074074074074076,8.125,130,,,,,,,,
,,,8.125,130,0.45627811551094055,0.9464285714285714,0.9302091206853111,77.2912,,,,
0.0643,0.20265741646289825,0.0013333333333333333,8.75,140,,,,,,,,
,,,8.75,140,0.12548519670963287,0.9821428571428571,0.9867446393762184,83.8346,,,,
0.0716,0.4285472631454468,0.0012592592592592592,9.375,150,,,,,,,,
,,,9.375,150,0.1336086243391037,0.9285714285714286,0.917003367003367,89.6725,,,,
0.0388,0.08715702593326569,0.0011851851851851852,10.0,160,,,,,,,,
,,,10.0,160,0.15607693791389465,0.9285714285714286,0.917003367003367,95.6237,,,,
0.0338,0.9488050937652588,0.0011111111111111111,10.625,170,,,,,,,,
,,,10.625,170,0.1784423440694809,0.9464285714285714,0.9597950335041388,101.8449,,,,
0.0525,0.08760730922222137,0.001037037037037037,11.25,180,,,,,,,,
,,,11.25,180,0.381393700838089,0.9285714285714286,0.9174283717679944,107.8124,,,,
0.0269,0.08617646247148514,0.0009629629629629629,11.875,190,,,,,,,,
,,,11.875,190,0.1046806201338768,0.9642857142857143,0.9736024844720497,114.1389,,,,
0.019,0.08378306031227112,0.0008888888888888888,12.5,200,,,,,,,,
,,,12.5,200,0.1279151886701584,0.9285714285714286,0.9177522349936144,119.926,,,,
0.0106,0.0836319848895073,0.0008148148148148148,13.125,210,,,,,,,,
,,,13.125,210,0.2013649046421051,0.9285714285714286,0.8780766852195424,125.7583,,,,
0.0099,0.08371443301439285,0.0007407407407407407,13.75,220,,,,,,,,
,,,13.75,220,0.13522464036941528,0.9464285714285714,0.8908730158730158,132.1888,,,,
0.0067,0.08348755538463593,0.0006666666666666666,14.375,230,,,,,,,,
,,,14.375,230,0.11077111959457397,0.9464285714285714,0.8908730158730158,138.4422,,,,
0.0085,0.09174152463674545,0.0005925925925925926,15.0,240,,,,,,,,
,,,15.0,240,0.08941338211297989,0.9642857142857143,0.9430134680134681,144.2143,,,,
0.0044,0.08393768221139908,0.0005185185185185185,15.625,250,,,,,,,,
,,,15.625,250,0.09277957677841187,0.9821428571428571,0.9868471953578336,150.1418,,,,
0.0037,0.08339064568281174,0.0004444444444444444,16.25,260,,,,,,,,
,,,16.25,260,0.0932173952460289,0.9821428571428571,0.9868471953578336,156.3513,,,,
0.0119,0.08339572697877884,0.00037037037037037035,16.875,270,,,,,,,,
,,,16.875,270,0.0865289494395256,0.9642857142857143,0.9430134680134681,162.4226,,,,
0.0036,0.08337294310331345,0.0002962962962962963,17.5,280,,,,,,,,
,,,17.5,280,0.06707657873630524,0.9642857142857143,0.9430134680134681,168.72,,,,
0.0021,0.08363319933414459,0.0002222222222222222,18.125,290,,,,,,,,
,,,18.125,290,0.06251411885023117,0.9642857142857143,0.9430134680134681,174.6183,,,,
0.0015,0.08335207402706146,0.00014814814814814815,18.75,300,,,,,,,,
,,,18.75,300,0.06146860867738724,0.9642857142857143,0.9430134680134681,180.8822,,,,
0.0024,0.08335957676172256,7.407407407407407e-05,19.375,310,,,,,,,,
,,,19.375,310,0.05214644595980644,0.9821428571428571,0.9868471953578336,186.4488,,,,
0.0006,0.08340120315551758,0.0,20.0,320,,,,,,,,
,,,20.0,320,0.050789378583431244,0.9821428571428571,0.9868471953578336,192.5906,,,,
,,,20.0,320,,,,192.2167,26.012,1.665,460324183636800.0,0.32221304228296505
