loss,grad_norm,learning_rate,epoch,step,eval_loss,eval_accuracy,eval_f1,train_runtime,train_samples_per_second,train_steps_per_second,total_flos,train_loss
0.6963,1.4430418014526367,2.5e-05,0.004347826086956522,1,,,,,,,,
0.6641,1.4982683658599854,0.000625,0.10869565217391304,25,,,,,,,,
,,,0.10869565217391304,25,0.6602686047554016,0.6838235294117647,0.8122270742358079,5.8793,,,,
0.7613,1.8708044290542603,0.00125,0.21739130434782608,50,,,,,,,,
,,,0.21739130434782608,50,0.6204257011413574,0.6838235294117647,0.8122270742358079,11.2814,,,,
0.691,1.24573814868927,0.001875,0.32608695652173914,75,,,,,,,,
,,,0.32608695652173914,75,0.6088888645172119,0.6862745098039216,0.8134110787172011,16.8671,,,,
0.6057,1.164668083190918,0.0025,0.43478260869565216,100,,,,,,,,
,,,0.43478260869565216,100,0.5586658716201782,0.7107843137254902,0.8217522658610272,22.3053,,,,
0.5449,1.916335940361023,0.003125,0.5434782608695652,125,,,,,,,,
,,,0.5434782608695652,125,0.6646578907966614,0.7034313725490197,0.8202080237741455,27.773,,,,
0.6097,1.968453288078308,0.00375,0.6521739130434783,150,,,,,,,,
,,,0.6521739130434783,150,0.580431342124939,0.7230392156862745,0.830584707646177,33.2378,,,,
0.6021,2.302792549133301,0.004375,0.7608695652173914,175,,,,,,,,
,,,0.7608695652173914,175,0.5428165197372437,0.7181372549019608,0.8281016442451421,38.8613,,,,
0.5862,0.720491349697113,0.005,0.8695652173913043,200,,,,,,,,
,,,0.8695652173913043,200,0.6057536005973816,0.7524509803921569,0.8443759630200308,44.4424,,,,
0.53,1.2526963949203491,0.0049404761904761904,0.9782608695652174,225,,,,,,,,
,,,0.9782608695652174,225,0.4125562310218811,0.8137254901960784,0.8758169934640523,49.9212,,,,
0.4537,1.0961391925811768,0.004880952380952381,1.0869565217391304,250,,,,,,,,
,,,1.0869565217391304,250,0.3814570903778076,0.8014705882352942,0.8550983899821109,55.2271,,,,
0.5624,2.6480610370635986,0.004821428571428572,1.1956521739130435,275,,,,,,,,
,,,1.1956521739130435,275,0.4013414680957794,0.821078431372549,0.8689407540394973,60.7484,,,,
0.4661,1.3811153173446655,0.0047619047619047615,1.3043478260869565,300,,,,,,,,
,,,1.3043478260869565,300,0.4417215883731842,0.7990196078431373,0.8677419354838709,66.2632,,,,
0.4207,2.6920955181121826,0.004702380952380953,1.4130434782608696,325,,,,,,,,
,,,1.4130434782608696,325,0.3662694990634918,0.8259803921568627,0.8725314183123878,71.8263,,,,
0.4627,1.5759778022766113,0.004642857142857143,1.5217391304347827,350,,,,,,,,
,,,1.5217391304347827,350,0.46925821900367737,0.8014705882352942,0.8402366863905325,77.3212,,,,
0.4504,0.8695769309997559,0.004583333333333333,1.6304347826086958,375,,,,,,,,
,,,1.6304347826086958,375,0.3892519474029541,0.8235294117647058,0.8646616541353384,82.8023,,,,
0.3976,1.352184534072876,0.004523809523809524,1.7391304347826086,400,,,,,,,,
,,,1.7391304347826086,400,0.35318413376808167,0.8602941176470589,0.8998242530755711,88.2876,,,,
0.5274,1.434609055519104,0.004464285714285715,1.8478260869565217,425,,,,,,,,
,,,1.8478260869565217,425,0.4978492856025696,0.7475490196078431,0.8441754916792739,93.918,,,,
0.4989,4.418504238128662,0.004404761904761904,1.9565217391304348,450,,,,,,,,
,,,1.9565217391304348,450,0.42241227626800537,0.8112745098039216,0.8768,99.5426,,,,
0.4004,1.1868669986724854,0.004345238095238096,2.0652173913043477,475,,,,,,,,
,,,2.0652173913043477,475,0.5316630601882935,0.8161764705882353,0.8799999999999999,104.8262,,,,
0.3808,4.822388172149658,0.004285714285714286,2.1739130434782608,500,,,,,,,,
,,,2.1739130434782608,500,0.4319803714752197,0.8308823529411765,0.8866995073891626,110.4194,,,,
0.3817,1.983311414718628,0.004226190476190476,2.282608695652174,525,,,,,,,,
,,,2.282608695652174,525,0.3463299572467804,0.8455882352941176,0.8848263254113347,116.0685,,,,
0.3747,1.1760472059249878,0.004166666666666667,2.391304347826087,550,,,,,,,,
,,,2.391304347826087,550,0.33103880286216736,0.8602941176470589,0.8991150442477877,121.5755,,,,
0.3464,3.4658315181732178,0.004107142857142857,2.5,575,,,,,,,,
,,,2.5,575,0.4683038294315338,0.8088235294117647,0.8753993610223643,127.0501,,,,
0.352,2.5449609756469727,0.004047619047619048,2.608695652173913,600,,,,,,,,
,,,2.608695652173913,600,0.43291354179382324,0.8455882352941176,0.8892794376098417,132.5438,,,,
0.3935,1.440273642539978,0.0039880952380952385,2.717391304347826,625,,,,,,,,
,,,2.717391304347826,625,0.39437395334243774,0.8553921568627451,0.8984509466437176,138.1601,,,,
0.416,1.7735079526901245,0.003928571428571429,2.8260869565217392,650,,,,,,,,
,,,2.8260869565217392,650,0.3630923330783844,0.8382352941176471,0.8786764705882353,143.6741,,,,
0.3448,4.206164836883545,0.003869047619047619,2.9347826086956523,675,,,,,,,,
,,,2.9347826086956523,675,0.5979989171028137,0.7671568627450981,0.8531684698608965,149.332,,,,
0.3801,0.8587342500686646,0.0038095238095238095,3.0434782608695654,700,,,,,,,,
,,,3.0434782608695654,700,0.35594993829727173,0.8602941176470589,0.8976660682226212,154.6069,,,,
0.3079,0.5058445334434509,0.00375,3.1521739130434785,725,,,,,,,,
,,,3.1521739130434785,725,0.3687022030353546,0.8578431372549019,0.8986013986013986,160.1346,,,,
0.2874,1.4934511184692383,0.0036904761904761906,3.260869565217391,750,,,,,,,,
,,,3.260869565217391,750,0.3371856212615967,0.8676470588235294,0.9035714285714286,165.6768,,,,
0.2394,2.1427969932556152,0.003630952380952381,3.369565217391304,775,,,,,,,,
,,,3.369565217391304,775,0.4892580509185791,0.8602941176470589,0.8987566607460036,171.0489,,,,
0.3278,3.673293113708496,0.0035714285714285718,3.4782608695652173,800,,,,,,,,
,,,3.4782608695652173,800,0.5147024989128113,0.8112745098039216,0.8756058158319872,176.6091,,,,
0.3273,1.9249087572097778,0.0035119047619047617,3.5869565217391304,825,,,,,,,,
,,,3.5869565217391304,825,0.407742440700531,0.8529411764705882,0.8983050847457628,182.1143,,,,
0.3338,3.6882712841033936,0.0034523809523809524,3.6956521739130435,850,,,,,,,,
,,,3.6956521739130435,850,0.3969034254550934,0.8480392156862745,0.885608856088561,187.7832,,,,
0.3044,2.8387961387634277,0.003392857142857143,3.8043478260869565,875,,,,,,,,
,,,3.8043478260869565,875,0.42254844307899475,0.8406862745098039,0.8877374784110534,193.2634,,,,
0.3501,2.768449068069458,0.003333333333333333,3.9130434782608696,900,,,,,,,,
,,,3.9130434782608696,900,0.3963519334793091,0.875,0.9090909090909091,198.8572,,,,
0.3638,3.2473678588867188,0.003273809523809524,4.021739130434782,925,,,,,,,,
,,,4.021739130434782,925,0.33689063787460327,0.8627450980392157,0.903448275862069,204.2299,,,,
0.2179,1.4350271224975586,0.0032142857142857147,4.130434782608695,950,,,,,,,,
,,,4.130434782608695,950,0.4678841829299927,0.8578431372549019,0.9003436426116839,209.7448,,,,
0.2992,4.81227445602417,0.0031547619047619046,4.239130434782608,975,,,,,,,,
,,,4.239130434782608,975,0.5604932904243469,0.8137254901960784,0.8770226537216828,215.1968,,,,
0.3061,1.4796109199523926,0.0030952380952380953,4.3478260869565215,1000,,,,,,,,
,,,4.3478260869565215,1000,0.3616237938404083,0.8602941176470589,0.8972972972972973,220.6069,,,,
0.2787,4.555008888244629,0.0030357142857142857,4.456521739130435,1025,,,,,,,,
,,,4.456521739130435,1025,0.3942045271396637,0.8504901960784313,0.891651865008881,226.5287,,,,
0.2658,3.329603910446167,0.002976190476190476,4.565217391304348,1050,,,,,,,,
,,,4.565217391304348,1050,0.4840226173400879,0.8529411764705882,0.8983050847457628,232.0311,,,,
0.2563,0.4670032262802124,0.002916666666666667,4.673913043478261,1075,,,,,,,,
,,,4.673913043478261,1075,0.36933061480522156,0.8651960784313726,0.9012567324955117,237.5741,,,,
0.2314,0.6978527307510376,0.002857142857142857,4.782608695652174,1100,,,,,,,,
,,,4.782608695652174,1100,0.4388696253299713,0.8602941176470589,0.902229845626072,243.0439,,,,
0.3044,1.7462804317474365,0.002797619047619048,4.891304347826087,1125,,,,,,,,
,,,4.891304347826087,1125,0.3512423038482666,0.8553921568627451,0.8944543828264758,248.5379,,,,
0.2235,0.07447562366724014,0.0027380952380952383,5.0,1150,,,,,,,,
,,,5.0,1150,0.37600278854370117,0.8602941176470589,0.8976660682226212,254.146,,,,
0.1862,0.38691502809524536,0.0026785714285714286,5.108695652173913,1175,,,,,,,,
,,,5.108695652173913,1175,0.4378691613674164,0.8676470588235294,0.9042553191489361,259.5283,,,,
0.22,2.871479034423828,0.0026190476190476194,5.217391304347826,1200,,,,,,,,
,,,5.217391304347826,1200,0.40714070200920105,0.8676470588235294,0.90625,265.1649,,,,
0.2572,1.7350401878356934,0.0025595238095238093,5.326086956521739,1225,,,,,,,,
,,,5.326086956521739,1225,0.37223637104034424,0.8578431372549019,0.8978873239436619,270.635,,,,
0.2751,0.6945689916610718,0.0025,5.434782608695652,1250,,,,,,,,
,,,5.434782608695652,1250,0.39410316944122314,0.8627450980392157,0.9037800687285222,276.083,,,,
0.1604,2.491697072982788,0.0024404761904761904,5.543478260869565,1275,,,,,,,,
,,,5.543478260869565,1275,0.5146675705909729,0.8676470588235294,0.9059233449477352,281.5408,,,,
0.2819,2.1389453411102295,0.0023809523809523807,5.6521739130434785,1300,,,,,,,,
,,,5.6521739130434785,1300,0.42528197169303894,0.8553921568627451,0.897391304347826,287.0132,,,,
0.2041,1.4711720943450928,0.0023214285714285715,5.760869565217392,1325,,,,,,,,
,,,5.760869565217392,1325,0.3820115625858307,0.8602941176470589,0.8983957219251337,292.6619,,,,
0.2261,1.396562933921814,0.002261904761904762,5.869565217391305,1350,,,,,,,,
,,,5.869565217391305,1350,0.4003937542438507,0.8602941176470589,0.8969258589511754,298.228,,,,
0.2399,2.3516271114349365,0.002202380952380952,5.978260869565218,1375,,,,,,,,
,,,5.978260869565218,1375,0.3930787444114685,0.8578431372549019,0.9016949152542373,303.9294,,,,
0.0985,4.107035160064697,0.002142857142857143,6.086956521739131,1400,,,,,,,,
,,,6.086956521739131,1400,0.8580793738365173,0.8235294117647058,0.8831168831168831,309.3309,,,,
0.2824,1.209815263748169,0.0020833333333333333,6.195652173913044,1425,,,,,,,,
,,,6.195652173913044,1425,0.37435781955718994,0.8823529411764706,0.916083916083916,315.0743,,,,
0.1796,2.2273647785186768,0.002023809523809524,6.304347826086957,1450,,,,,,,,
,,,6.304347826086957,1450,0.4036562442779541,0.8725490196078431,0.9071428571428571,320.445,,,,
0.197,0.18244668841362,0.0019642857142857144,6.413043478260869,1475,,,,,,,,
,,,6.413043478260869,1475,0.4023316204547882,0.8676470588235294,0.9032258064516129,325.9438,,,,
0.2324,0.4488905370235443,0.0019047619047619048,6.521739130434782,1500,,,,,,,,
,,,6.521739130434782,1500,0.3760443925857544,0.8602941176470589,0.8972972972972973,331.4516,,,,
0.2113,1.3153557777404785,0.0018452380952380953,6.630434782608695,1525,,,,,,,,
,,,6.630434782608695,1525,0.3922557532787323,0.8651960784313726,0.9046793760831888,337.2492,,,,
0.2038,0.6529544591903687,0.0017857142857142859,6.739130434782608,1550,,,,,,,,
,,,6.739130434782608,1550,0.40200939774513245,0.8651960784313726,0.9023090586145649,342.8004,,,,
0.1545,3.3680214881896973,0.0017261904761904762,6.8478260869565215,1575,,,,,,,,
,,,6.8478260869565215,1575,0.5111523270606995,0.8676470588235294,0.9065743944636677,348.3574,,,,
0.1962,0.48957088589668274,0.0016666666666666666,6.956521739130435,1600,,,,,,,,
,,,6.956521739130435,1600,0.43967586755752563,0.8725490196078431,0.9103448275862069,353.9716,,,,
0.1269,3.4218575954437256,0.0016071428571428573,7.065217391304348,1625,,,,,,,,
,,,7.065217391304348,1625,0.5260610580444336,0.8627450980392157,0.9020979020979022,359.3109,,,,
0.1495,2.0031051635742188,0.0015476190476190477,7.173913043478261,1650,,,,,,,,
,,,7.173913043478261,1650,0.49114668369293213,0.8627450980392157,0.9014084507042254,364.7592,,,,
0.128,1.1595200300216675,0.001488095238095238,7.282608695652174,1675,,,,,,,,
,,,7.282608695652174,1675,0.48898038268089294,0.8725490196078431,0.9090909090909091,370.2572,,,,
0.2081,1.8092548847198486,0.0014285714285714286,7.391304347826087,1700,,,,,,,,
,,,7.391304347826087,1700,0.445560485124588,0.8578431372549019,0.8982456140350877,375.8124,,,,
0.1285,0.16709329187870026,0.0013690476190476191,7.5,1725,,,,,,,,
,,,7.5,1725,0.43861284852027893,0.8627450980392157,0.8992805755395683,381.4685,,,,
0.1686,1.4469046592712402,0.0013095238095238097,7.608695652173913,1750,,,,,,,,
,,,7.608695652173913,1750,0.4161960780620575,0.8553921568627451,0.897391304347826,386.963,,,,
0.1597,3.3145899772644043,0.00125,7.717391304347826,1775,,,,,,,,
,,,7.717391304347826,1775,0.5184006094932556,0.8602941176470589,0.9028960817717206,392.5477,,,,
0.1404,0.41848325729370117,0.0011904761904761904,7.826086956521739,1800,,,,,,,,
,,,7.826086956521739,1800,0.5589305758476257,0.8431372549019608,0.8904109589041096,397.9967,,,,
0.1427,1.6414437294006348,0.001130952380952381,7.934782608695652,1825,,,,,,,,
,,,7.934782608695652,1825,0.45326218008995056,0.8627450980392157,0.9,403.6895,,,,
0.1414,3.949249744415283,0.0010714285714285715,8.043478260869565,1850,,,,,,,,
,,,8.043478260869565,1850,0.45617881417274475,0.8676470588235294,0.9049295774647886,409.1692,,,,
0.0964,1.912931203842163,0.001011904761904762,8.152173913043478,1875,,,,,,,,
,,,8.152173913043478,1875,0.5363268256187439,0.8651960784313726,0.9036777583187391,414.6554,,,,
0.0885,0.1089092567563057,0.0009523809523809524,8.26086956521739,1900,,,,,,,,
,,,8.26086956521739,1900,0.5765870809555054,0.8651960784313726,0.9033391915641477,420.2596,,,,
0.1406,0.036875881254673004,0.0008928571428571429,8.369565217391305,1925,,,,,,,,
,,,8.369565217391305,1925,0.5712601542472839,0.8651960784313726,0.9029982363315697,425.7987,,,,
0.1596,0.5001509189605713,0.0008333333333333333,8.478260869565217,1950,,,,,,,,
,,,8.478260869565217,1950,0.5312790274620056,0.8578431372549019,0.8964285714285715,431.4436,,,,
0.1295,2.5584557056427,0.0007738095238095238,8.58695652173913,1975,,,,,,,,
,,,8.58695652173913,1975,0.5290899276733398,0.8602941176470589,0.9001751313485115,436.8702,,,,
0.1783,1.6864742040634155,0.0007142857142857143,8.695652173913043,2000,,,,,,,,
,,,8.695652173913043,2000,0.50982266664505,0.8553921568627451,0.8984509466437176,442.3545,,,,
0.1011,3.505570650100708,0.0006547619047619048,8.804347826086957,2025,,,,,,,,
,,,8.804347826086957,2025,0.4919031262397766,0.8700980392156863,0.9045045045045046,448.1675,,,,
0.1403,1.0881646871566772,0.0005952380952380952,8.91304347826087,2050,,,,,,,,
,,,8.91304347826087,2050,0.5311139225959778,0.8627450980392157,0.902439024390244,453.6819,,,,
0.1416,1.3829425573349,0.0005357142857142857,9.021739130434783,2075,,,,,,,,
,,,9.021739130434783,2075,0.4765937626361847,0.8676470588235294,0.9049295774647886,459.1398,,,,
0.0615,0.24048827588558197,0.0004761904761904762,9.130434782608695,2100,,,,,,,,
,,,9.130434782608695,2100,0.4961218237876892,0.8651960784313726,0.9016100178890876,464.5828,,,,
0.1137,1.0604960918426514,0.00041666666666666664,9.23913043478261,2125,,,,,,,,
,,,9.23913043478261,2125,0.5110164880752563,0.8578431372549019,0.8986013986013986,470.097,,,,
0.1187,1.8798967599868774,0.00035714285714285714,9.347826086956522,2150,,,,,,,,
,,,9.347826086956522,2150,0.550952672958374,0.8627450980392157,0.903448275862069,475.5892,,,,
0.1224,0.1085558831691742,0.0002976190476190476,9.456521739130435,2175,,,,,,,,
,,,9.456521739130435,2175,0.4977167844772339,0.8651960784313726,0.9019607843137256,481.123,,,,
0.1019,2.5625364780426025,0.0002380952380952381,9.565217391304348,2200,,,,,,,,
,,,9.565217391304348,2200,0.5174350142478943,0.8676470588235294,0.9055944055944055,486.6956,,,,
0.1605,1.902122974395752,0.00017857142857142857,9.673913043478262,2225,,,,,,,,
,,,9.673913043478262,2225,0.509543240070343,0.8651960784313726,0.9036777583187391,492.1867,,,,
0.0955,1.334061622619629,0.00011904761904761905,9.782608695652174,2250,,,,,,,,
,,,9.782608695652174,2250,0.5028456449508667,0.8627450980392157,0.9017543859649123,497.7873,,,,
0.0871,2.484349489212036,5.9523809523809524e-05,9.891304347826086,2275,,,,,,,,
,,,9.891304347826086,2275,0.5005272626876831,0.8651960784313726,0.9029982363315697,503.3303,,,,
0.0962,0.030772622674703598,0.0,10.0,2300,,,,,,,,
,,,10.0,2300,0.501273512840271,0.8651960784313726,0.9029982363315697,508.8488,,,,
,,,10.0,2300,,,,508.5272,72.13,4.523,1451673350395296.0,0.28549534528151804
