loss,grad_norm,learning_rate,epoch,step,eval_loss,eval_accuracy,eval_f1,train_runtime,train_samples_per_second,train_steps_per_second,total_flos,train_loss
0.7008,1.4552019834518433,2.5e-06,0.004347826086956522,1,,,,,,,,
0.6563,0.9172704815864563,6.25e-05,0.10869565217391304,25,,,,,,,,
,,,0.10869565217391304,25,0.6347485184669495,0.6838235294117647,0.8122270742358079,6.1144,,,,
0.6606,1.3015822172164917,0.000125,0.21739130434782608,50,,,,,,,,
,,,0.21739130434782608,50,0.6252584457397461,0.6838235294117647,0.8122270742358079,11.7096,,,,
0.6359,2.286872386932373,0.0001875,0.32608695652173914,75,,,,,,,,
,,,0.32608695652173914,75,0.6146423816680908,0.6838235294117647,0.8122270742358079,17.5639,,,,
0.6357,3.9754676818847656,0.00025,0.43478260869565216,100,,,,,,,,
,,,0.43478260869565216,100,0.5587659478187561,0.7083333333333334,0.8226527570789866,23.2186,,,,
0.5632,9.838854789733887,0.0003125,0.5434782608695652,125,,,,,,,,
,,,0.5434782608695652,125,0.5651740431785583,0.7254901960784313,0.826086956521739,28.9716,,,,
0.5446,14.552308082580566,0.000375,0.6521739130434783,150,,,,,,,,
,,,0.6521739130434783,150,0.5183432102203369,0.7647058823529411,0.8476190476190476,34.6122,,,,
0.5687,9.115094184875488,0.0004375,0.7608695652173914,175,,,,,,,,
,,,0.7608695652173914,175,0.5131811499595642,0.7990196078431373,0.8614864864864864,40.5076,,,,
0.5125,15.273777961730957,0.0005,0.8695652173913043,200,,,,,,,,
,,,0.8695652173913043,200,0.6118308305740356,0.7696078431372549,0.8522012578616351,46.255,,,,
0.5573,5.461858749389648,0.0004940476190476191,0.9782608695652174,225,,,,,,,,
,,,0.9782608695652174,225,0.556725263595581,0.8014705882352942,0.8561278863232682,52.0307,,,,
0.5149,15.138418197631836,0.0004880952380952381,1.0869565217391304,250,,,,,,,,
,,,1.0869565217391304,250,0.39563998579978943,0.8333333333333334,0.870722433460076,57.5415,,,,
0.4929,8.022239685058594,0.00048214285714285715,1.1956521739130435,275,,,,,,,,
,,,1.1956521739130435,275,0.3730906546115875,0.8480392156862745,0.8952702702702703,63.2836,,,,
0.4519,25.21901512145996,0.0004761904761904762,1.3043478260869565,300,,,,,,,,
,,,1.3043478260869565,300,0.34151512384414673,0.8529411764705882,0.8951048951048952,69.053,,,,
0.4369,14.30643367767334,0.00047023809523809523,1.4130434782608696,325,,,,,,,,
,,,1.4130434782608696,325,0.39268958568573,0.8186274509803921,0.8582375478927203,74.7439,,,,
0.4442,21.574928283691406,0.00046428571428571433,1.5217391304347827,350,,,,,,,,
,,,1.5217391304347827,350,0.3837071359157562,0.8431372549019608,0.8873239436619718,80.5121,,,,
0.4215,8.256689071655273,0.0004583333333333333,1.6304347826086958,375,,,,,,,,
,,,1.6304347826086958,375,0.3451506793498993,0.8455882352941176,0.8839779005524862,86.1332,,,,
0.374,6.323667049407959,0.00045238095238095237,1.7391304347826086,400,,,,,,,,
,,,1.7391304347826086,400,0.431855708360672,0.8308823529411765,0.8855721393034827,91.8993,,,,
0.4618,12.727452278137207,0.00044642857142857147,1.8478260869565217,425,,,,,,,,
,,,1.8478260869565217,425,0.35962241888046265,0.8259803921568627,0.8814691151919867,97.6488,,,,
0.4427,71.16059875488281,0.00044047619047619046,1.9565217391304348,450,,,,,,,,
,,,1.9565217391304348,450,0.4119049906730652,0.8578431372549019,0.901023890784983,103.514,,,,
0.3834,14.203124046325684,0.00043452380952380956,2.0652173913043477,475,,,,,,,,
,,,2.0652173913043477,475,0.5446483492851257,0.8455882352941176,0.8941176470588236,108.993,,,,
0.4291,8.945509910583496,0.00042857142857142855,2.1739130434782608,500,,,,,,,,
,,,2.1739130434782608,500,0.31293073296546936,0.8651960784313726,0.9005424954792043,114.781,,,,
0.3305,21.576765060424805,0.00042261904761904765,2.282608695652174,525,,,,,,,,
,,,2.282608695652174,525,0.32943853735923767,0.8627450980392157,0.8989169675090252,120.6349,,,,
0.3612,12.975310325622559,0.0004166666666666667,2.391304347826087,550,,,,,,,,
,,,2.391304347826087,550,0.3665911853313446,0.8431372549019608,0.8848920863309353,126.3525,,,,
0.3884,19.51436424255371,0.0004107142857142857,2.5,575,,,,,,,,
,,,2.5,575,0.42457738518714905,0.8357843137254902,0.8881469115191986,132.0644,,,,
0.3641,9.30511474609375,0.0004047619047619048,2.608695652173913,600,,,,,,,,
,,,2.608695652173913,600,0.4003778100013733,0.8480392156862745,0.8956228956228957,137.8041,,,,
0.3117,14.907323837280273,0.00039880952380952383,2.717391304347826,625,,,,,,,,
,,,2.717391304347826,625,0.44020193815231323,0.8455882352941176,0.8951747088186357,143.5891,,,,
0.4441,19.34423828125,0.0003928571428571429,2.8260869565217392,650,,,,,,,,
,,,2.8260869565217392,650,0.3364694118499756,0.8553921568627451,0.8991452991452993,149.3846,,,,
0.3171,19.42312240600586,0.0003869047619047619,2.9347826086956523,675,,,,,,,,
,,,2.9347826086956523,675,0.3061642348766327,0.8627450980392157,0.9,155.1174,,,,
0.3228,10.022932052612305,0.00038095238095238096,3.0434782608695654,700,,,,,,,,
,,,3.0434782608695654,700,0.3588827848434448,0.8627450980392157,0.903114186851211,160.5891,,,,
0.3343,20.687164306640625,0.000375,3.1521739130434785,725,,,,,,,,
,,,3.1521739130434785,725,0.4345015585422516,0.8480392156862745,0.8963210702341137,166.2608,,,,
0.3291,12.479330062866211,0.00036904761904761905,3.260869565217391,750,,,,,,,,
,,,3.260869565217391,750,0.4210224449634552,0.8602941176470589,0.9042016806722689,171.9961,,,,
0.295,16.93280792236328,0.0003630952380952381,3.369565217391304,775,,,,,,,,
,,,3.369565217391304,775,0.3767780661582947,0.8651960784313726,0.9019607843137256,177.573,,,,
0.3096,25.942541122436523,0.00035714285714285714,3.4782608695652173,800,,,,,,,,
,,,3.4782608695652173,800,0.4616904854774475,0.8406862745098039,0.8914858096828046,183.263,,,,
0.3814,16.258405685424805,0.0003511904761904762,3.5869565217391304,825,,,,,,,,
,,,3.5869565217391304,825,0.3147084712982178,0.8676470588235294,0.90625,189.0472,,,,
0.3064,16.793655395507812,0.00034523809523809523,3.6956521739130435,850,,,,,,,,
,,,3.6956521739130435,850,0.3194553852081299,0.8897058823529411,0.9200710479573712,194.8428,,,,
0.3556,31.094417572021484,0.00033928571428571433,3.8043478260869565,875,,,,,,,,
,,,3.8043478260869565,875,0.3129962086677551,0.8700980392156863,0.9061946902654867,200.6719,,,,
0.3127,66.42401123046875,0.0003333333333333333,3.9130434782608696,900,,,,,,,,
,,,3.9130434782608696,900,0.3614746630191803,0.8823529411764706,0.9166666666666667,206.4846,,,,
0.3181,22.79584312438965,0.00032738095238095237,4.021739130434782,925,,,,,,,,
,,,4.021739130434782,925,0.3237212300300598,0.8700980392156863,0.9071803852889667,212.1421,,,,
0.2609,4.278813362121582,0.00032142857142857147,4.130434782608695,950,,,,,,,,
,,,4.130434782608695,950,0.3132913410663605,0.875,0.9113043478260869,217.8995,,,,
0.3202,28.374361038208008,0.00031547619047619046,4.239130434782608,975,,,,,,,,
,,,4.239130434782608,975,0.39775171875953674,0.8480392156862745,0.8970099667774086,223.6569,,,,
0.3392,52.321041107177734,0.00030952380952380956,4.3478260869565215,1000,,,,,,,,
,,,4.3478260869565215,1000,0.3881889283657074,0.8627450980392157,0.904109589041096,229.3171,,,,
0.3556,16.3748722076416,0.00030357142857142855,4.456521739130435,1025,,,,,,,,
,,,4.456521739130435,1025,0.3119358420372009,0.8602941176470589,0.8994708994708994,235.4565,,,,
0.2554,14.614031791687012,0.00029761904761904765,4.565217391304348,1050,,,,,,,,
,,,4.565217391304348,1050,0.4577181339263916,0.8872549019607843,0.9204152249134948,241.1936,,,,
0.3029,4.373453617095947,0.0002916666666666667,4.673913043478261,1075,,,,,,,,
,,,4.673913043478261,1075,0.32211098074913025,0.8823529411764706,0.9142857142857143,247.009,,,,
0.2242,25.543066024780273,0.0002857142857142857,4.782608695652174,1100,,,,,,,,
,,,4.782608695652174,1100,0.36807650327682495,0.8872549019607843,0.9187279151943463,252.7508,,,,
0.2788,14.684074401855469,0.0002797619047619048,4.891304347826087,1125,,,,,,,,
,,,4.891304347826087,1125,0.3138846457004547,0.8848039215686274,0.91651865008881,258.5974,,,,
0.2322,0.1580951064825058,0.0002738095238095238,5.0,1150,,,,,,,,
,,,5.0,1150,0.3762437403202057,0.8774509803921569,0.9113475177304964,264.3544,,,,
0.2429,2.590528726577759,0.00026785714285714287,5.108695652173913,1175,,,,,,,,
,,,5.108695652173913,1175,0.406292200088501,0.8700980392156863,0.9081455805892548,270.0377,,,,
0.2754,9.647478103637695,0.0002619047619047619,5.217391304347826,1200,,,,,,,,
,,,5.217391304347826,1200,0.3484911322593689,0.8725490196078431,0.9087719298245615,275.8336,,,,
0.1998,31.622417449951172,0.00025595238095238096,5.326086956521739,1225,,,,,,,,
,,,5.326086956521739,1225,0.4033646583557129,0.8725490196078431,0.9061371841155236,281.5816,,,,
0.2912,13.653420448303223,0.00025,5.434782608695652,1250,,,,,,,,
,,,5.434782608695652,1250,0.3700993061065674,0.875,0.9087656529516995,287.3132,,,,
0.2281,48.922420501708984,0.00024404761904761905,5.543478260869565,1275,,,,,,,,
,,,5.543478260869565,1275,0.39151543378829956,0.8725490196078431,0.9078014184397164,292.9991,,,,
0.2326,15.7242431640625,0.0002380952380952381,5.6521739130434785,1300,,,,,,,,
,,,5.6521739130434785,1300,0.36706116795539856,0.8848039215686274,0.9168141592920355,298.787,,,,
0.2381,14.517240524291992,0.00023214285714285717,5.760869565217392,1325,,,,,,,,
,,,5.760869565217392,1325,0.3617312014102936,0.8774509803921569,0.9097472924187725,304.5869,,,,
0.3136,18.32769775390625,0.00022619047619047618,5.869565217391305,1350,,,,,,,,
,,,5.869565217391305,1350,0.33780622482299805,0.8700980392156863,0.9071803852889667,310.4956,,,,
0.2519,6.225172519683838,0.00022023809523809523,5.978260869565218,1375,,,,,,,,
,,,5.978260869565218,1375,0.34603485465049744,0.8848039215686274,0.9171075837742505,316.3673,,,,
0.1812,28.162864685058594,0.00021428571428571427,6.086956521739131,1400,,,,,,,,
,,,6.086956521739131,1400,0.533913791179657,0.8578431372549019,0.9033333333333333,322.0814,,,,
0.258,23.260417938232422,0.00020833333333333335,6.195652173913044,1425,,,,,,,,
,,,6.195652173913044,1425,0.41508054733276367,0.8676470588235294,0.9065743944636677,327.964,,,,
0.211,23.76616096496582,0.0002023809523809524,6.304347826086957,1450,,,,,,,,
,,,6.304347826086957,1450,0.4132511019706726,0.8725490196078431,0.9068100358422939,333.6513,,,,
0.2602,3.775585651397705,0.00019642857142857144,6.413043478260869,1475,,,,,,,,
,,,6.413043478260869,1475,0.4434930384159088,0.8823529411764706,0.9172413793103448,339.3709,,,,
0.265,7.718577861785889,0.00019047619047619048,6.521739130434782,1500,,,,,,,,
,,,6.521739130434782,1500,0.36851486563682556,0.8823529411764706,0.915492957746479,345.101,,,,
0.2028,28.34393882751465,0.00018452380952380953,6.630434782608695,1525,,,,,,,,
,,,6.630434782608695,1525,0.3988211452960968,0.8700980392156863,0.9084628670120898,351.316,,,,
0.2569,21.219858169555664,0.00017857142857142857,6.739130434782608,1550,,,,,,,,
,,,6.739130434782608,1550,0.3392665982246399,0.8700980392156863,0.9055258467023173,357.0447,,,,
0.2236,16.524898529052734,0.00017261904761904762,6.8478260869565215,1575,,,,,,,,
,,,6.8478260869565215,1575,0.3561490774154663,0.8725490196078431,0.9084507042253521,362.77,,,,
0.2419,8.037187576293945,0.00016666666666666666,6.956521739130435,1600,,,,,,,,
,,,6.956521739130435,1600,0.3721022605895996,0.875,0.9113043478260869,368.584,,,,
0.165,3.6047275066375732,0.00016071428571428573,7.065217391304348,1625,,,,,,,,
,,,7.065217391304348,1625,0.40008601546287537,0.875,0.9071038251366121,374.2022,,,,
0.2504,9.59602165222168,0.00015476190476190478,7.173913043478261,1650,,,,,,,,
,,,7.173913043478261,1650,0.4557763338088989,0.8823529411764706,0.9139784946236559,379.8957,,,,
0.1826,29.193273544311523,0.00014880952380952382,7.282608695652174,1675,,,,,,,,
,,,7.282608695652174,1675,0.43755707144737244,0.8799019607843137,0.9150779896013865,385.6109,,,,
0.2083,23.697864532470703,0.00014285714285714284,7.391304347826087,1700,,,,,,,,
,,,7.391304347826087,1700,0.44154447317123413,0.8774509803921569,0.9140893470790378,391.4399,,,,
0.2423,17.029603958129883,0.0001369047619047619,7.5,1725,,,,,,,,
,,,7.5,1725,0.3793661594390869,0.8799019607843137,0.9107468123861567,397.3003,,,,
0.1912,8.714860916137695,0.00013095238095238096,7.608695652173913,1750,,,,,,,,
,,,7.608695652173913,1750,0.35356947779655457,0.8921568627450981,0.9219858156028369,403.0467,,,,
0.1941,17.579797744750977,0.000125,7.717391304347826,1775,,,,,,,,
,,,7.717391304347826,1775,0.41293421387672424,0.8774509803921569,0.9131944444444444,408.8951,,,,
0.2289,12.19267749786377,0.00011904761904761905,7.826086956521739,1800,,,,,,,,
,,,7.826086956521739,1800,0.4201819598674774,0.8799019607843137,0.9147826086956522,414.5915,,,,
0.1812,36.56191635131836,0.00011309523809523809,7.934782608695652,1825,,,,,,,,
,,,7.934782608695652,1825,0.37572696805000305,0.8774509803921569,0.910394265232975,420.6176,,,,
0.253,18.35415267944336,0.00010714285714285714,8.043478260869565,1850,,,,,,,,
,,,8.043478260869565,1850,0.3974931836128235,0.8676470588235294,0.9072164948453608,426.2767,,,,
0.1589,18.161598205566406,0.0001011904761904762,8.152173913043478,1875,,,,,,,,
,,,8.152173913043478,1875,0.3913727104663849,0.8799019607843137,0.9132743362831858,432.123,,,,
0.1459,0.9911648631095886,9.523809523809524e-05,8.26086956521739,1900,,,,,,,,
,,,8.26086956521739,1900,0.4418635964393616,0.8823529411764706,0.915492957746479,437.8877,,,,
0.1451,7.12137508392334,8.928571428571429e-05,8.369565217391305,1925,,,,,,,,
,,,8.369565217391305,1925,0.4940303862094879,0.8799019607843137,0.9135802469135803,443.7949,,,,
0.1886,15.574399948120117,8.333333333333333e-05,8.478260869565217,1950,,,,,,,,
,,,8.478260869565217,1950,0.47416257858276367,0.8676470588235294,0.90625,449.6404,,,,
0.1486,35.531253814697266,7.738095238095239e-05,8.58695652173913,1975,,,,,,,,
,,,8.58695652173913,1975,0.505077064037323,0.8627450980392157,0.9037800687285222,455.3443,,,,
0.1877,21.6912784576416,7.142857142857142e-05,8.695652173913043,2000,,,,,,,,
,,,8.695652173913043,2000,0.46493709087371826,0.8774509803921569,0.912280701754386,461.019,,,,
0.1571,13.886028289794922,6.547619047619048e-05,8.804347826086957,2025,,,,,,,,
,,,8.804347826086957,2025,0.4954439401626587,0.8774509803921569,0.9097472924187725,466.9553,,,,
0.2196,11.746418952941895,5.9523809523809524e-05,8.91304347826087,2050,,,,,,,,
,,,8.91304347826087,2050,0.497760146856308,0.8799019607843137,0.913884007029877,472.7256,,,,
0.3279,34.983299255371094,5.357142857142857e-05,9.021739130434783,2075,,,,,,,,
,,,9.021739130434783,2075,0.44621291756629944,0.8823529411764706,0.915492957746479,478.292,,,,
0.1405,11.571240425109863,4.761904761904762e-05,9.130434782608695,2100,,,,,,,,
,,,9.130434782608695,2100,0.42770063877105713,0.8848039215686274,0.9159212880143113,484.0078,,,,
0.1624,13.388099670410156,4.1666666666666665e-05,9.23913043478261,2125,,,,,,,,
,,,9.23913043478261,2125,0.4511660635471344,0.8774509803921569,0.911032028469751,489.73,,,,
0.172,1.591336727142334,3.571428571428571e-05,9.347826086956522,2150,,,,,,,,
,,,9.347826086956522,2150,0.45140373706817627,0.8774509803921569,0.9107142857142857,495.4955,,,,
0.2011,15.99246883392334,2.9761904761904762e-05,9.456521739130435,2175,,,,,,,,
,,,9.456521739130435,2175,0.4433184564113617,0.8872549019607843,0.9192982456140351,501.2566,,,,
0.1915,27.453983306884766,2.380952380952381e-05,9.565217391304348,2200,,,,,,,,
,,,9.565217391304348,2200,0.4523540437221527,0.8872549019607843,0.9198606271777002,507.1117,,,,
0.1583,13.122390747070312,1.7857142857142855e-05,9.673913043478262,2225,,,,,,,,
,,,9.673913043478262,2225,0.447452574968338,0.8921568627450981,0.9228070175438596,512.8481,,,,
0.1842,9.325514793395996,1.1904761904761905e-05,9.782608695652174,2250,,,,,,,,
,,,9.782608695652174,2250,0.4538060426712036,0.8921568627450981,0.9228070175438596,518.7002,,,,
0.1715,8.506688117980957,5.9523809523809525e-06,9.891304347826086,2275,,,,,,,,
,,,9.891304347826086,2275,0.45268192887306213,0.8897058823529411,0.9211908931698775,524.5195,,,,
0.1914,3.009195327758789,0.0,10.0,2300,,,,,,,,
,,,10.0,2300,0.4489936828613281,0.8921568627450981,0.9228070175438596,530.3142,,,,
,,,10.0,2300,,,,529.9829,69.21,4.34,1451673350395296.0,0.30722925160242165
