loss,grad_norm,learning_rate,epoch,step,eval_loss,eval_accuracy,eval_f1,train_runtime,train_samples_per_second,train_steps_per_second,total_flos,train_loss
1.1672,3.7007386684417725,5e-06,0.0625,1,,,,,,,,
1.1238,4.391983509063721,5e-05,0.625,10,,,,,,,,
,,,0.625,10,1.0904000997543335,0.4107142857142857,0.1940928270042194,4.5681,,,,
1.0339,3.1253156661987305,0.0001,1.25,20,,,,,,,,
,,,1.25,20,0.9986473321914673,0.4107142857142857,0.1940928270042194,8.8371,,,,
0.9724,1.7767633199691772,0.00015,1.875,30,,,,,,,,
,,,1.875,30,0.9276990294456482,0.6785714285714286,0.4595238095238095,12.9747,,,,
0.8949,1.2888258695602417,0.0002,2.5,40,,,,,,,,
,,,2.5,40,0.9094621539115906,0.625,0.43391812865497076,17.0395,,,,
0.8574,2.456357955932617,0.00025,3.125,50,,,,,,,,
,,,3.125,50,0.904342770576477,0.5892857142857143,0.39947089947089953,21.1608,,,,
0.8717,1.1668565273284912,0.0003,3.75,60,,,,,,,,
,,,3.75,60,0.8812775611877441,0.6964285714285714,0.48424908424908425,25.4451,,,,
0.8462,1.166278600692749,0.00035,4.375,70,,,,,,,,
,,,4.375,70,0.8592299818992615,0.7142857142857143,0.4991636798088411,29.4129,,,,
0.7736,3.0574958324432373,0.0004,5.0,80,,,,,,,,
,,,5.0,80,0.8258285522460938,0.75,0.5211161387631976,33.5161,,,,
0.7291,1.3127071857452393,0.00045000000000000004,5.625,90,,,,,,,,
,,,5.625,90,0.8110941052436829,0.6964285714285714,0.4872514619883041,38.0043,,,,
0.7692,3.3411359786987305,0.0005,6.25,100,,,,,,,,
,,,6.25,100,0.7924141883850098,0.7142857142857143,0.49137709137709135,42.0309,,,,
0.6621,1.2457305192947388,0.00055,6.875,110,,,,,,,,
,,,6.875,110,0.7430897355079651,0.6964285714285714,0.4872514619883041,46.0876,,,,
0.8026,2.623581647872925,0.0006,7.5,120,,,,,,,,
,,,7.5,120,0.7171785235404968,0.7142857142857143,0.49806201550387597,49.8399,,,,
0.6304,1.6105962991714478,0.0006500000000000001,8.125,130,,,,,,,,
,,,8.125,130,0.7154586911201477,0.6964285714285714,0.48581048581048575,54.1771,,,,
0.5999,2.27044415473938,0.0007,8.75,140,,,,,,,,
,,,8.75,140,0.7081506848335266,0.6964285714285714,0.4872514619883041,58.7385,,,,
0.6364,4.299691677093506,0.00075,9.375,150,,,,,,,,
,,,9.375,150,0.7298808097839355,0.7321428571428571,0.5103785103785105,62.8563,,,,
0.628,3.048346519470215,0.0008,10.0,160,,,,,,,,
,,,10.0,160,0.6675432920455933,0.6785714285714286,0.47478301665493783,67.0008,,,,
0.5105,1.6119935512542725,0.00085,10.625,170,,,,,,,,
,,,10.625,170,0.6423234343528748,0.7142857142857143,0.49976359338061477,71.4939,,,,
0.6043,1.9619596004486084,0.0009000000000000001,11.25,180,,,,,,,,
,,,11.25,180,0.6095162630081177,0.7321428571428571,0.5122356854359705,75.5514,,,,
0.5295,2.0897207260131836,0.00095,11.875,190,,,,,,,,
,,,11.875,190,0.5919820666313171,0.7321428571428571,0.5122807017543859,79.9958,,,,
0.4105,1.6611825227737427,0.001,12.5,200,,,,,,,,
,,,12.5,200,0.63675457239151,0.7142857142857143,0.49421820010055306,84.0538,,,,
0.4924,2.6029469966888428,0.0009166666666666666,13.125,210,,,,,,,,
,,,13.125,210,0.6004126667976379,0.7857142857142857,0.548101560680177,88.0888,,,,
0.4484,2.842700481414795,0.0008333333333333334,13.75,220,,,,,,,,
,,,13.75,220,0.5769138932228088,0.7142857142857143,0.49421820010055306,92.6186,,,,
0.2947,1.3195481300354004,0.00075,14.375,230,,,,,,,,
,,,14.375,230,0.5251612067222595,0.7857142857142857,0.550354609929078,97.0209,,,,
0.3447,2.1466407775878906,0.0006666666666666666,15.0,240,,,,,,,,
,,,15.0,240,0.5116094350814819,0.8035714285714286,0.5613912231559289,101.0282,,,,
0.3002,0.9859535694122314,0.0005833333333333334,15.625,250,,,,,,,,
,,,15.625,250,0.47148793935775757,0.7857142857142857,0.5489642184557438,105.1856,,,,
0.2519,1.1829267740249634,0.0005,16.25,260,,,,,,,,
,,,16.25,260,0.4683533012866974,0.8214285714285714,0.5740350877192982,109.4701,,,,
0.2113,3.9749298095703125,0.0004166666666666667,16.875,270,,,,,,,,
,,,16.875,270,0.4948202967643738,0.7857142857142857,0.5502986857825568,113.7266,,,,
0.2566,2.890207529067993,0.0003333333333333333,17.5,280,,,,,,,,
,,,17.5,280,0.45622649788856506,0.8392857142857143,0.7620085071065463,118.1385,,,,
0.2053,1.2583872079849243,0.00025,18.125,290,,,,,,,,
,,,18.125,290,0.4448862075805664,0.8392857142857143,0.6901587301587302,122.1867,,,,
0.1805,1.3191003799438477,0.00016666666666666666,18.75,300,,,,,,,,
,,,18.75,300,0.4685588479042053,0.8035714285714286,0.5614657210401891,126.667,,,,
0.1825,1.374704360961914,8.333333333333333e-05,19.375,310,,,,,,,,
,,,19.375,310,0.4430273473262787,0.8392857142857143,0.6901587301587302,130.4456,,,,
0.1508,3.2256126403808594,0.0,20.0,320,,,,,,,,
,,,20.0,320,0.43998202681541443,0.8392857142857143,0.6901587301587302,134.7181,,,,
,,,20.0,320,,,,134.21,37.255,2.384,450078052115520.0,0.5690603483468294
