loss,grad_norm,learning_rate,epoch,step,eval_loss,eval_accuracy,eval_f1,train_runtime,train_samples_per_second,train_steps_per_second,total_flos,train_loss
1.1838,4.284951686859131,1e-05,0.0625,1,,,,,,,,
1.1015,3.5276997089385986,0.0001,0.625,10,,,,,,,,
,,,0.625,10,1.055665135383606,0.4107142857142857,0.1940928270042194,4.9084,,,,
0.9669,3.2435407638549805,0.0002,1.25,20,,,,,,,,
,,,1.25,20,0.9421755075454712,0.4107142857142857,0.1940928270042194,9.5263,,,,
0.8895,2.2628087997436523,0.0003,1.875,30,,,,,,,,
,,,1.875,30,0.9031668305397034,0.5,0.24617886178861784,13.992,,,,
0.9551,1.2419694662094116,0.0004,2.5,40,,,,,,,,
,,,2.5,40,0.8918834328651428,0.6428571428571429,0.4250614250614251,18.3941,,,,
0.8209,2.306304454803467,0.0005,3.125,50,,,,,,,,
,,,3.125,50,0.8657066226005554,0.6964285714285714,0.4872514619883041,22.8901,,,,
0.8635,1.3942084312438965,0.00048148148148148144,3.75,60,,,,,,,,
,,,3.75,60,0.808194100856781,0.6964285714285714,0.4872881355932203,27.4699,,,,
0.7646,2.8189377784729004,0.000462962962962963,4.375,70,,,,,,,,
,,,4.375,70,0.7510724663734436,0.6785714285714286,0.47391812865497074,31.7443,,,,
0.6942,3.529205322265625,0.0004444444444444444,5.0,80,,,,,,,,
,,,5.0,80,0.7232152819633484,0.6785714285714286,0.47478301665493783,36.1967,,,,
0.6143,1.5770998001098633,0.00042592592592592595,5.625,90,,,,,,,,
,,,5.625,90,0.7206570506095886,0.6785714285714286,0.47478301665493783,41.0124,,,,
0.6635,1.954554796218872,0.0004074074074074074,6.25,100,,,,,,,,
,,,6.25,100,0.6957923769950867,0.7142857142857143,0.4991636798088411,45.3468,,,,
0.55,2.7894208431243896,0.0003888888888888889,6.875,110,,,,,,,,
,,,6.875,110,0.6743938326835632,0.7142857142857143,0.4991636798088411,49.7066,,,,
0.574,0.6527841091156006,0.00037037037037037035,7.5,120,,,,,,,,
,,,7.5,120,0.6400443315505981,0.7142857142857143,0.4995331465919701,53.7413,,,,
0.4413,1.5873241424560547,0.0003518518518518519,8.125,130,,,,,,,,
,,,8.125,130,0.6317847967147827,0.75,0.5239825581395349,58.3924,,,,
0.3683,0.8066769242286682,0.0003333333333333333,8.75,140,,,,,,,,
,,,8.75,140,0.5620139241218567,0.7857142857142857,0.5487179487179487,63.2893,,,,
0.3537,1.6648950576782227,0.0003148148148148148,9.375,150,,,,,,,,
,,,9.375,150,0.5445440411567688,0.7857142857142857,0.5502986857825568,67.7197,,,,
0.2577,1.369267463684082,0.0002962962962962963,10.0,160,,,,,,,,
,,,10.0,160,0.4462966024875641,0.8214285714285714,0.5740350877192982,72.1602,,,,
0.1337,0.9679147601127625,0.0002777777777777778,10.625,170,,,,,,,,
,,,10.625,170,0.5151404738426208,0.8392857142857143,0.5866760497302369,76.9511,,,,
0.2425,1.6375149488449097,0.00025925925925925926,11.25,180,,,,,,,,
,,,11.25,180,0.48272618651390076,0.8035714285714286,0.6934169278996865,81.3228,,,,
0.141,0.13625271618366241,0.00024074074074074072,11.875,190,,,,,,,,
,,,11.875,190,0.3794333040714264,0.8571428571428571,0.7028284998209812,86.1545,,,,
0.0884,0.8958829045295715,0.0002222222222222222,12.5,200,,,,,,,,
,,,12.5,200,0.37609267234802246,0.8571428571428571,0.7028284998209812,90.4353,,,,
0.0704,0.12624618411064148,0.0002037037037037037,13.125,210,,,,,,,,
,,,13.125,210,0.34653520584106445,0.8571428571428571,0.7028284998209812,94.8104,,,,
0.0878,0.7693777680397034,0.00018518518518518518,13.75,220,,,,,,,,
,,,13.75,220,0.3240053951740265,0.875,0.7696969696969695,99.6734,,,,
0.0378,0.29672014713287354,0.00016666666666666666,14.375,230,,,,,,,,
,,,14.375,230,0.3526885509490967,0.875,0.7696969696969695,104.3735,,,,
0.0867,1.3008935451507568,0.00014814814814814815,15.0,240,,,,,,,,
,,,15.0,240,0.26191478967666626,0.9285714285714286,0.9178768434087582,108.6699,,,,
0.0406,0.11320492625236511,0.00012962962962962963,15.625,250,,,,,,,,
,,,15.625,250,0.27637985348701477,0.9107142857142857,0.8661503048401143,113.1483,,,,
0.0334,0.7673234343528748,0.0001111111111111111,16.25,260,,,,,,,,
,,,16.25,260,0.3099837899208069,0.8928571428571429,0.8015873015873015,117.7874,,,,
0.0423,0.5744280815124512,9.259259259259259e-05,16.875,270,,,,,,,,
,,,16.875,270,0.2972877025604248,0.8928571428571429,0.8015873015873015,122.3186,,,,
0.042,0.6934046149253845,7.407407407407407e-05,17.5,280,,,,,,,,
,,,17.5,280,0.24272045493125916,0.9464285714285714,0.9309263496906518,127.0494,,,,
0.0259,1.2677791118621826,5.555555555555555e-05,18.125,290,,,,,,,,
,,,18.125,290,0.24849359691143036,0.9464285714285714,0.9309263496906518,131.4407,,,,
0.0281,0.17745168507099152,3.7037037037037037e-05,18.75,300,,,,,,,,
,,,18.75,300,0.27700385451316833,0.9107142857142857,0.866195856873823,136.2194,,,,
0.0383,0.3132075071334839,1.8518518518518518e-05,19.375,310,,,,,,,,
,,,19.375,310,0.28336575627326965,0.9107142857142857,0.866195856873823,140.276,,,,
0.0203,0.16277946531772614,0.0,20.0,320,,,,,,,,
,,,20.0,320,0.27509838342666626,0.9107142857142857,0.866195856873823,144.9373,,,,
,,,20.0,320,,,,144.438,34.617,2.215,462242539529280.0,0.3764580294955522
