loss,grad_norm,learning_rate,epoch,step,eval_loss,eval_accuracy,eval_f1,train_runtime,train_samples_per_second,train_steps_per_second,total_flos,train_loss
1.1838,4.284955978393555,1e-05,0.0625,1,,,,,,,,
1.1015,3.5277810096740723,0.0001,0.625,10,,,,,,,,
,,,0.625,10,1.0556739568710327,0.4107142857142857,0.1940928270042194,4.8022,,,,
0.967,3.24324107170105,0.0002,1.25,20,,,,,,,,
,,,1.25,20,0.9421922564506531,0.4107142857142857,0.1940928270042194,9.2962,,,,
0.8895,2.2626938819885254,0.0003,1.875,30,,,,,,,,
,,,1.875,30,0.9031729102134705,0.5,0.24617886178861784,13.6902,,,,
0.9551,1.2444474697113037,0.0004,2.5,40,,,,,,,,
,,,2.5,40,0.8919553160667419,0.6428571428571429,0.4250614250614251,17.9921,,,,
0.821,2.3057212829589844,0.0005,3.125,50,,,,,,,,
,,,3.125,50,0.8660115599632263,0.6964285714285714,0.4872514619883041,22.3569,,,,
0.8641,1.3874541521072388,0.00048148148148148144,3.75,60,,,,,,,,
,,,3.75,60,0.8090194463729858,0.6964285714285714,0.4872881355932203,26.8821,,,,
0.7659,2.827603578567505,0.000462962962962963,4.375,70,,,,,,,,
,,,4.375,70,0.7537502646446228,0.6785714285714286,0.47391812865497074,31.0662,,,,
0.6939,3.538261890411377,0.0004444444444444444,5.0,80,,,,,,,,
,,,5.0,80,0.7240238189697266,0.6785714285714286,0.47478301665493783,35.4059,,,,
0.6149,1.575484275817871,0.00042592592592592595,5.625,90,,,,,,,,
,,,5.625,90,0.720537543296814,0.6785714285714286,0.47478301665493783,40.1498,,,,
0.6664,1.9597362279891968,0.0004074074074074074,6.25,100,,,,,,,,
,,,6.25,100,0.6951255798339844,0.7142857142857143,0.4991636798088411,44.374,,,,
0.5508,2.808924913406372,0.0003888888888888889,6.875,110,,,,,,,,
,,,6.875,110,0.6751312613487244,0.6964285714285714,0.4868139700641481,48.6992,,,,
0.5766,0.6711357831954956,0.00037037037037037035,7.5,120,,,,,,,,
,,,7.5,120,0.6437315940856934,0.6964285714285714,0.4872514619883041,52.6708,,,,
0.4436,1.6433601379394531,0.0003518518518518519,8.125,130,,,,,,,,
,,,8.125,130,0.6354177594184875,0.75,0.5239825581395349,57.2054,,,,
0.3697,0.843469500541687,0.0003333333333333333,8.75,140,,,,,,,,
,,,8.75,140,0.5664841532707214,0.7678571428571429,0.5364145658263305,62.048,,,,
0.3581,1.6809395551681519,0.0003148148148148148,9.375,150,,,,,,,,
,,,9.375,150,0.5402001738548279,0.7857142857142857,0.5502986857825568,66.4113,,,,
0.2563,1.4907840490341187,0.0002962962962962963,10.0,160,,,,,,,,
,,,10.0,160,0.44921693205833435,0.8214285714285714,0.5740350877192982,70.758,,,,
0.1345,0.9670194387435913,0.0002777777777777778,10.625,170,,,,,,,,
,,,10.625,170,0.5098391771316528,0.8392857142857143,0.5866760497302369,75.5204,,,,
0.2453,1.6073209047317505,0.00025925925925925926,11.25,180,,,,,,,,
,,,11.25,180,0.45740124583244324,0.8214285714285714,0.7072124756335283,79.8255,,,,
0.1429,0.14846378564834595,0.00024074074074074072,11.875,190,,,,,,,,
,,,11.875,190,0.37108007073402405,0.8571428571428571,0.7028284998209812,84.5678,,,,
0.0888,1.1507868766784668,0.0002222222222222222,12.5,200,,,,,,,,
,,,12.5,200,0.3610777258872986,0.8571428571428571,0.7028284998209812,88.8167,,,,
0.0699,0.1529936045408249,0.0002037037037037037,13.125,210,,,,,,,,
,,,13.125,210,0.3330088257789612,0.8571428571428571,0.7028284998209812,93.0932,,,,
0.0834,0.940218448638916,0.00018518518518518518,13.75,220,,,,,,,,
,,,13.75,220,0.3220207393169403,0.875,0.7696969696969695,97.9301,,,,
0.0352,0.3040345311164856,0.00016666666666666666,14.375,230,,,,,,,,
,,,14.375,230,0.3489843010902405,0.875,0.7696969696969695,102.5615,,,,
0.0976,2.4895944595336914,0.00014814814814814815,15.0,240,,,,,,,,
,,,15.0,240,0.26609301567077637,0.9464285714285714,0.9309263496906518,106.7733,,,,
0.044,0.11609902232885361,0.00012962962962962963,15.625,250,,,,,,,,
,,,15.625,250,0.278622567653656,0.9107142857142857,0.8144015159490473,111.2258,,,,
0.0307,1.1470725536346436,0.0001111111111111111,16.25,260,,,,,,,,
,,,16.25,260,0.31674447655677795,0.875,0.7696969696969695,115.7917,,,,
0.045,0.7004520893096924,9.259259259259259e-05,16.875,270,,,,,,,,
,,,16.875,270,0.2955529987812042,0.875,0.7696969696969695,120.2852,,,,
0.041,0.9496998190879822,7.407407407407407e-05,17.5,280,,,,,,,,
,,,17.5,280,0.23970304429531097,0.9464285714285714,0.9309263496906518,124.9847,,,,
0.0289,1.503068208694458,5.555555555555555e-05,18.125,290,,,,,,,,
,,,18.125,290,0.24769623577594757,0.9464285714285714,0.9309263496906518,129.3201,,,,
0.0165,0.1647009700536728,3.7037037037037037e-05,18.75,300,,,,,,,,
,,,18.75,300,0.2696884274482727,0.9285714285714286,0.9177522349936144,134.0624,,,,
0.0351,0.35320743918418884,1.8518518518518518e-05,19.375,310,,,,,,,,
,,,19.375,310,0.27045780420303345,0.9285714285714286,0.9177522349936144,138.0627,,,,
0.0226,0.24108530580997467,0.0,20.0,320,,,,,,,,
,,,20.0,320,0.264440655708313,0.9464285714285714,0.9309263496906518,142.6276,,,,
,,,20.0,320,,,,142.1586,35.172,2.251,453010991768640.0,0.37699963701888917
