loss,grad_norm,learning_rate,epoch,step,eval_loss,eval_accuracy,train_runtime,train_samples_per_second,train_steps_per_second,total_flos,train_loss
0.7074,0.8819714784622192,5.000000000000001e-07,0.00641025641025641,1,,,,,,,
0.6861,0.9246228337287903,1.25e-05,0.16025641025641027,25,,,,,,,
,,,0.16025641025641027,25,0.7005665302276611,0.4729241877256318,10.6323,,,,
0.7017,0.7374712228775024,2.5e-05,0.32051282051282054,50,,,,,,,
,,,0.32051282051282054,50,0.6950977444648743,0.4729241877256318,20.796,,,,
0.6922,1.0312782526016235,3.7500000000000003e-05,0.4807692307692308,75,,,,,,,
,,,0.4807692307692308,75,0.6916507482528687,0.5270758122743683,32.2237,,,,
0.6957,2.271117687225342,5e-05,0.6410256410256411,100,,,,,,,
,,,0.6410256410256411,100,0.6910910606384277,0.5270758122743683,42.7119,,,,
0.6892,2.9237358570098877,6.25e-05,0.8012820512820513,125,,,,,,,
,,,0.8012820512820513,125,0.6942148804664612,0.5270758122743683,53.92,,,,
0.7045,1.755336880683899,7.500000000000001e-05,0.9615384615384616,150,,,,,,,
,,,0.9615384615384616,150,0.7069886922836304,0.4729241877256318,64.3426,,,,
0.7027,3.1681644916534424,8.75e-05,1.1217948717948718,175,,,,,,,
,,,1.1217948717948718,175,0.6935234069824219,0.4729241877256318,75.12,,,,
0.695,3.472343683242798,0.0001,1.282051282051282,200,,,,,,,
,,,1.282051282051282,200,0.6909292340278625,0.5270758122743683,85.9287,,,,
0.6963,1.0199235677719116,9.816176470588235e-05,1.4423076923076923,225,,,,,,,
,,,1.4423076923076923,225,0.7064284086227417,0.4729241877256318,96.4706,,,,
0.707,0.8059736490249634,9.632352941176472e-05,1.6025641025641026,250,,,,,,,
,,,1.6025641025641026,250,0.6896188259124756,0.5270758122743683,107.2295,,,,
0.6878,0.9655779004096985,9.448529411764707e-05,1.7628205128205128,275,,,,,,,
,,,1.7628205128205128,275,0.6891945600509644,0.5270758122743683,117.5209,,,,
0.6937,2.4420106410980225,9.264705882352942e-05,1.9230769230769231,300,,,,,,,
,,,1.9230769230769231,300,0.6875893473625183,0.5270758122743683,128.4322,,,,
0.6897,0.8927444815635681,9.080882352941177e-05,2.0833333333333335,325,,,,,,,
,,,2.0833333333333335,325,0.6939600110054016,0.4693140794223827,138.7926,,,,
0.6892,1.9378645420074463,8.897058823529412e-05,2.2435897435897436,350,,,,,,,
,,,2.2435897435897436,350,0.6773722171783447,0.5776173285198556,149.2798,,,,
0.6686,1.975727915763855,8.713235294117648e-05,2.4038461538461537,375,,,,,,,
,,,2.4038461538461537,375,0.6555238366127014,0.6209386281588448,159.9249,,,,
0.695,2.3563101291656494,8.529411764705883e-05,2.564102564102564,400,,,,,,,
,,,2.564102564102564,400,0.6433802843093872,0.6245487364620939,170.5504,,,,
0.6462,1.1820701360702515,8.345588235294118e-05,2.7243589743589745,425,,,,,,,
,,,2.7243589743589745,425,0.6232742667198181,0.6714801444043321,181.2405,,,,
0.6325,1.446243405342102,8.161764705882353e-05,2.8846153846153846,450,,,,,,,
,,,2.8846153846153846,450,0.6381651163101196,0.6678700361010831,192.0187,,,,
0.6121,2.9462318420410156,7.977941176470589e-05,3.0448717948717947,475,,,,,,,
,,,3.0448717948717947,475,0.6022412776947021,0.6823104693140795,202.5853,,,,
0.6118,2.2417588233947754,7.794117647058824e-05,3.2051282051282053,500,,,,,,,
,,,3.2051282051282053,500,0.6042081117630005,0.6606498194945848,213.3685,,,,
0.6516,5.993856430053711,7.610294117647059e-05,3.3653846153846154,525,,,,,,,
,,,3.3653846153846154,525,0.6577202677726746,0.631768953068592,224.7699,,,,
0.6196,4.701244354248047,7.426470588235294e-05,3.5256410256410255,550,,,,,,,
,,,3.5256410256410255,550,0.6084091663360596,0.6642599277978339,234.9599,,,,
0.5986,2.836843252182007,7.242647058823529e-05,3.685897435897436,575,,,,,,,
,,,3.685897435897436,575,0.5817992687225342,0.6823104693140795,245.2097,,,,
0.613,4.763720989227295,7.058823529411765e-05,3.8461538461538463,600,,,,,,,
,,,3.8461538461538463,600,0.6213713884353638,0.6570397111913358,256.1864,,,,
0.5495,3.1068716049194336,6.875e-05,4.006410256410256,625,,,,,,,
,,,4.006410256410256,625,0.6221950054168701,0.6823104693140795,267.0459,,,,
0.5563,1.7751187086105347,6.691176470588235e-05,4.166666666666667,650,,,,,,,
,,,4.166666666666667,650,0.6393629908561707,0.6606498194945848,277.8994,,,,
0.575,2.577066421508789,6.507352941176472e-05,4.326923076923077,675,,,,,,,
,,,4.326923076923077,675,0.6226069331169128,0.6714801444043321,288.209,,,,
0.5668,3.1177868843078613,6.323529411764705e-05,4.487179487179487,700,,,,,,,
,,,4.487179487179487,700,0.5846127867698669,0.6750902527075813,299.081,,,,
0.5314,2.1344172954559326,6.139705882352942e-05,4.647435897435898,725,,,,,,,
,,,4.647435897435898,725,0.6164840459823608,0.6787003610108303,309.4276,,,,
0.5692,4.399502754211426,5.9558823529411766e-05,4.8076923076923075,750,,,,,,,
,,,4.8076923076923075,750,0.6277100443840027,0.6787003610108303,320.1144,,,,
0.5531,5.422105312347412,5.7720588235294116e-05,4.967948717948718,775,,,,,,,
,,,4.967948717948718,775,0.6845181584358215,0.6787003610108303,330.5616,,,,
0.5296,1.9400646686553955,5.588235294117647e-05,5.128205128205128,800,,,,,,,
,,,5.128205128205128,800,0.5947264432907104,0.7003610108303249,341.3603,,,,
0.507,2.77390718460083,5.404411764705882e-05,5.288461538461538,825,,,,,,,
,,,5.288461538461538,825,0.6714981198310852,0.6859205776173285,352.0467,,,,
0.5643,2.1399898529052734,5.2205882352941185e-05,5.448717948717949,850,,,,,,,
,,,5.448717948717949,850,0.5622185468673706,0.7003610108303249,363.0934,,,,
0.5308,6.402338027954102,5.036764705882353e-05,5.608974358974359,875,,,,,,,
,,,5.608974358974359,875,0.6098225116729736,0.6895306859205776,374.007,,,,
0.4944,8.900785446166992,4.8529411764705885e-05,5.769230769230769,900,,,,,,,
,,,5.769230769230769,900,0.5998175740242004,0.6859205776173285,384.539,,,,
0.5822,4.485845565795898,4.669117647058824e-05,5.92948717948718,925,,,,,,,
,,,5.92948717948718,925,0.5723676681518555,0.6859205776173285,395.0583,,,,
0.5702,1.6328262090682983,4.485294117647059e-05,6.089743589743589,950,,,,,,,
,,,6.089743589743589,950,0.5567529797554016,0.6931407942238267,405.6572,,,,
0.484,3.35621976852417,4.301470588235295e-05,6.25,975,,,,,,,
,,,6.25,975,0.5660971999168396,0.7148014440433214,416.487,,,,
0.5444,7.537598133087158,4.11764705882353e-05,6.410256410256411,1000,,,,,,,
,,,6.410256410256411,1000,0.5558473467826843,0.7111913357400722,426.91,,,,
0.5188,3.1784844398498535,3.933823529411765e-05,6.57051282051282,1025,,,,,,,
,,,6.57051282051282,1025,0.5795467495918274,0.6967509025270758,438.2293,,,,
0.506,2.229431629180908,3.7500000000000003e-05,6.730769230769231,1050,,,,,,,
,,,6.730769230769231,1050,0.5545286536216736,0.703971119133574,448.9869,,,,
0.4966,4.122623920440674,3.566176470588235e-05,6.891025641025641,1075,,,,,,,
,,,6.891025641025641,1075,0.5888708233833313,0.7003610108303249,460.277,,,,
0.4506,3.7533016204833984,3.382352941176471e-05,7.051282051282051,1100,,,,,,,
,,,7.051282051282051,1100,0.586936354637146,0.6967509025270758,470.7598,,,,
0.5036,5.496747970581055,3.198529411764706e-05,7.211538461538462,1125,,,,,,,
,,,7.211538461538462,1125,0.5704983472824097,0.703971119133574,481.1727,,,,
0.4814,3.1370763778686523,3.0147058823529413e-05,7.371794871794872,1150,,,,,,,
,,,7.371794871794872,1150,0.5812797546386719,0.6967509025270758,492.5873,,,,
0.49,3.49741268157959,2.8308823529411766e-05,7.532051282051282,1175,,,,,,,
,,,7.532051282051282,1175,0.5952020883560181,0.7003610108303249,502.9803,,,,
0.4762,3.6730332374572754,2.647058823529412e-05,7.6923076923076925,1200,,,,,,,
,,,7.6923076923076925,1200,0.5747182965278625,0.7075812274368231,513.4894,,,,
0.5246,3.352069854736328,2.4632352941176472e-05,7.852564102564102,1225,,,,,,,
,,,7.852564102564102,1225,0.5922885537147522,0.7003610108303249,524.3207,,,,
0.5365,5.8715925216674805,2.2794117647058825e-05,8.012820512820513,1250,,,,,,,
,,,8.012820512820513,1250,0.5630311965942383,0.7003610108303249,534.9235,,,,
0.4771,3.068957567214966,2.0955882352941178e-05,8.173076923076923,1275,,,,,,,
,,,8.173076923076923,1275,0.5784375071525574,0.703971119133574,545.6212,,,,
0.4559,3.194915533065796,1.9117647058823528e-05,8.333333333333334,1300,,,,,,,
,,,8.333333333333334,1300,0.5802097916603088,0.7003610108303249,556.0251,,,,
0.4628,4.724720001220703,1.7279411764705884e-05,8.493589743589745,1325,,,,,,,
,,,8.493589743589745,1325,0.612423837184906,0.703971119133574,567.0869,,,,
0.5115,2.7337284088134766,1.5441176470588237e-05,8.653846153846153,1350,,,,,,,
,,,8.653846153846153,1350,0.5713294148445129,0.703971119133574,577.2927,,,,
0.4401,9.359766006469727,1.3602941176470587e-05,8.814102564102564,1375,,,,,,,
,,,8.814102564102564,1375,0.609467625617981,0.703971119133574,587.8826,,,,
0.4684,7.181370735168457,1.1764705882352942e-05,8.974358974358974,1400,,,,,,,
,,,8.974358974358974,1400,0.5876337885856628,0.7003610108303249,598.2933,,,,
0.4478,2.9631175994873047,9.926470588235293e-06,9.134615384615385,1425,,,,,,,
,,,9.134615384615385,1425,0.5887969732284546,0.7003610108303249,608.7354,,,,
0.5136,5.639431476593018,8.088235294117648e-06,9.294871794871796,1450,,,,,,,
,,,9.294871794871796,1450,0.5991498231887817,0.7003610108303249,619.4448,,,,
0.41,3.691612482070923,6.25e-06,9.455128205128204,1475,,,,,,,
,,,9.455128205128204,1475,0.5915315747261047,0.6967509025270758,629.8685,,,,
0.4727,3.799443483352661,4.411764705882353e-06,9.615384615384615,1500,,,,,,,
,,,9.615384615384615,1500,0.5810136795043945,0.703971119133574,640.9778,,,,
0.4464,4.654669761657715,2.573529411764706e-06,9.775641025641026,1525,,,,,,,
,,,9.775641025641026,1525,0.5850766897201538,0.6931407942238267,652.2931,,,,
0.5333,4.527440071105957,7.352941176470589e-07,9.935897435897436,1550,,,,,,,
,,,9.935897435897436,1550,0.5850467085838318,0.6967509025270758,662.8388,,,,
,,,10.0,1560,,,665.6163,37.409,2.344,2121286737746880.0,0.5705909036673033
