loss,grad_norm,learning_rate,epoch,step,eval_loss,eval_accuracy,eval_f1,train_runtime,train_samples_per_second,train_steps_per_second,total_flos,train_loss
0.7008,1.440519094467163,2.5e-06,0.0,1,,,,,,,,
0.6565,0.8137720823287964,6.25e-05,0.11,25,,,,,,,,
,,,0.11,25,0.6356684565544128,0.6838235294117647,0.8122270742358079,5.8867,,,,
0.6606,1.2673158645629883,0.000125,0.22,50,,,,,,,,
,,,0.22,50,0.625200629234314,0.6838235294117647,0.8122270742358079,11.3948,,,,
0.6388,2.357727289199829,0.0001875,0.33,75,,,,,,,,
,,,0.33,75,0.6198098659515381,0.6838235294117647,0.8122270742358079,16.9355,,,,
0.6411,0.6023432016372681,0.00025,0.43,100,,,,,,,,
,,,0.43,100,0.6124408841133118,0.6838235294117647,0.8122270742358079,22.4611,,,,
0.5892,0.9973878860473633,0.0003125,0.54,125,,,,,,,,
,,,0.54,125,0.5700317025184631,0.6911764705882353,0.8147058823529413,27.9228,,,,
0.5551,5.345824718475342,0.000375,0.65,150,,,,,,,,
,,,0.65,150,0.4748578667640686,0.7671568627450981,0.8392554991539763,33.423,,,,
0.5755,3.3196332454681396,0.0004375,0.76,175,,,,,,,,
,,,0.76,175,0.5103686451911926,0.803921568627451,0.8571428571428572,39.0355,,,,
0.4964,1.2630318403244019,0.0005,0.87,200,,,,,,,,
,,,0.87,200,0.605621874332428,0.7622549019607843,0.847723704866562,44.6037,,,,
0.5731,0.661192774772644,0.0004940476190476191,0.98,225,,,,,,,,
,,,0.98,225,0.428183376789093,0.803921568627451,0.8615916955017301,50.1101,,,,
0.4663,1.510716199874878,0.0004880952380952381,1.09,250,,,,,,,,
,,,1.09,250,0.4429686367511749,0.8259803921568627,0.8814691151919867,55.4228,,,,
0.4648,1.102077841758728,0.00048214285714285715,1.2,275,,,,,,,,
,,,1.2,275,0.4011688232421875,0.8014705882352942,0.867430441898527,60.9479,,,,
0.449,2.6406054496765137,0.0004761904761904762,1.3,300,,,,,,,,
,,,1.3,300,0.44252556562423706,0.8161764705882353,0.8768472906403941,66.458,,,,
0.3781,3.3863131999969482,0.00047023809523809523,1.41,325,,,,,,,,
,,,1.41,325,0.44037526845932007,0.7794117647058824,0.8163265306122448,72.0085,,,,
0.4651,4.0187811851501465,0.00046428571428571433,1.52,350,,,,,,,,
,,,1.52,350,0.3688403069972992,0.8406862745098039,0.8865619546247819,77.5297,,,,
0.4094,2.2478466033935547,0.0004583333333333333,1.63,375,,,,,,,,
,,,1.63,375,0.32652831077575684,0.8529411764705882,0.8939929328621908,83.0462,,,,
0.3452,3.7620463371276855,0.00045238095238095237,1.74,400,,,,,,,,
,,,1.74,400,0.34403255581855774,0.8774509803921569,0.9084249084249084,88.5288,,,,
0.4368,3.560297966003418,0.00044642857142857147,1.85,425,,,,,,,,
,,,1.85,425,0.347393274307251,0.8431372549019608,0.8904109589041096,94.148,,,,
0.3905,2.1843435764312744,0.00044047619047619046,1.96,450,,,,,,,,
,,,1.96,450,0.33301469683647156,0.8578431372549019,0.8975265017667844,99.7573,,,,
0.3591,2.876410484313965,0.00043452380952380956,2.07,475,,,,,,,,
,,,2.07,475,0.476637601852417,0.8333333333333334,0.8881578947368421,105.1338,,,,
0.3631,0.9666616320610046,0.00042857142857142855,2.17,500,,,,,,,,
,,,2.17,500,0.32676008343696594,0.8333333333333334,0.8721804511278196,110.6468,,,,
0.3809,2.2026219367980957,0.00042261904761904765,2.28,525,,,,,,,,
,,,2.28,525,0.3166414201259613,0.8602941176470589,0.8930581613508443,116.7743,,,,
0.3131,0.9734911918640137,0.0004166666666666667,2.39,550,,,,,,,,
,,,2.39,550,0.34757134318351746,0.875,0.9084380610412927,122.2616,,,,
0.3833,1.2877470254898071,0.0004107142857142857,2.5,575,,,,,,,,
,,,2.5,575,0.33670496940612793,0.8357843137254902,0.8877721943048577,127.7768,,,,
0.3102,2.339437961578369,0.0004047619047619048,2.61,600,,,,,,,,
,,,2.61,600,0.3312709629535675,0.8725490196078431,0.9078014184397164,133.3257,,,,
0.3075,2.429837226867676,0.00039880952380952383,2.72,625,,,,,,,,
,,,2.72,625,0.3827629089355469,0.8480392156862745,0.8956228956228957,138.9112,,,,
0.3801,4.811920166015625,0.0003928571428571429,2.83,650,,,,,,,,
,,,2.83,650,0.35576751828193665,0.8455882352941176,0.893760539629005,144.5446,,,,
0.3183,3.9902079105377197,0.0003869047619047619,2.93,675,,,,,,,,
,,,2.93,675,0.3484647274017334,0.8602941176470589,0.9015544041450777,150.1207,,,,
0.2767,2.5286033153533936,0.00038095238095238096,3.04,700,,,,,,,,
,,,3.04,700,0.3746275007724762,0.8725490196078431,0.9084507042253521,155.5375,,,,
0.3077,1.7815502882003784,0.000375,3.15,725,,,,,,,,
,,,3.15,725,0.3879161775112152,0.8529411764705882,0.8983050847457628,161.063,,,,
0.3097,1.416508674621582,0.00036904761904761905,3.26,750,,,,,,,,
,,,3.26,750,0.38418152928352356,0.8553921568627451,0.9005059021922428,166.6997,,,,
0.2491,3.5348384380340576,0.0003630952380952381,3.37,775,,,,,,,,
,,,3.37,775,0.32872211933135986,0.8627450980392157,0.901060070671378,172.1359,,,,
0.2923,2.613421678543091,0.00035714285714285714,3.48,800,,,,,,,,
,,,3.48,800,0.34616029262542725,0.8700980392156863,0.9094017094017094,177.6939,,,,
0.3267,1.8971259593963623,0.0003511904761904762,3.59,825,,,,,,,,
,,,3.59,825,0.291419118642807,0.8848039215686274,0.9162210338680927,183.2319,,,,
0.2923,2.316884994506836,0.00034523809523809523,3.7,850,,,,,,,,
,,,3.7,850,0.31652918457984924,0.8725490196078431,0.9087719298245615,188.8622,,,,
0.2752,11.518695831298828,0.00033928571428571433,3.8,875,,,,,,,,
,,,3.8,875,0.3755192756652832,0.8651960784313726,0.9029982363315697,194.3907,,,,
0.3103,3.7383105754852295,0.0003333333333333333,3.91,900,,,,,,,,
,,,3.91,900,0.3505766689777374,0.875,0.9131175468483815,199.9657,,,,
0.3092,5.730878829956055,0.00032738095238095237,4.02,925,,,,,,,,
,,,4.02,925,0.3722972571849823,0.8725490196078431,0.9103448275862069,205.3905,,,,
0.2216,0.49894657731056213,0.00032142857142857147,4.13,950,,,,,,,,
,,,4.13,950,0.38203227519989014,0.8627450980392157,0.903114186851211,210.9339,,,,
0.3029,1.6376639604568481,0.00031547619047619046,4.24,975,,,,,,,,
,,,4.24,975,0.33541592955589294,0.8529411764705882,0.8961937716262977,216.4127,,,,
0.2903,1.4985535144805908,0.00030952380952380956,4.35,1000,,,,,,,,
,,,4.35,1000,0.32795655727386475,0.8578431372549019,0.8978873239436619,221.8863,,,,
0.2806,2.694347620010376,0.00030357142857142855,4.46,1025,,,,,,,,
,,,4.46,1025,0.3189823627471924,0.875,0.906764168190128,228.1969,,,,
0.2208,3.3612852096557617,0.00029761904761904765,4.57,1050,,,,,,,,
,,,4.57,1050,0.3366720974445343,0.8651960784313726,0.9019607843137256,233.7346,,,,
0.2217,1.526175856590271,0.0002916666666666667,4.67,1075,,,,,,,,
,,,4.67,1075,0.36101651191711426,0.875,0.9090909090909091,239.3103,,,,
0.2369,3.758270025253296,0.0002857142857142857,4.78,1100,,,,,,,,
,,,4.78,1100,0.4254504144191742,0.8700980392156863,0.9084628670120898,244.8346,,,,
0.2437,1.6507689952850342,0.0002797619047619048,4.89,1125,,,,,,,,
,,,4.89,1125,0.3258858025074005,0.875,0.9094138543516875,250.432,,,,
0.2433,0.1234494224190712,0.0002738095238095238,5.0,1150,,,,,,,,
,,,5.0,1150,0.31821176409721375,0.875,0.9081081081081082,255.9458,,,,
0.1835,0.40476152300834656,0.00026785714285714287,5.11,1175,,,,,,,,
,,,5.11,1175,0.3393852412700653,0.875,0.9103690685413005,261.449,,,,
0.2206,4.979284286499023,0.0002619047619047619,5.22,1200,,,,,,,,
,,,5.22,1200,0.3684329688549042,0.8602941176470589,0.902229845626072,267.0147,,,,
0.2234,2.3329403400421143,0.00025595238095238096,5.33,1225,,,,,,,,
,,,5.33,1225,0.32476478815078735,0.8897058823529411,0.918918918918919,272.5545,,,,
0.2408,1.6115223169326782,0.00025,5.43,1250,,,,,,,,
,,,5.43,1250,0.3588314354419708,0.8848039215686274,0.91651865008881,278.0614,,,,
0.185,5.997830390930176,0.00024404761904761905,5.54,1275,,,,,,,,
,,,5.54,1275,0.3564507067203522,0.8823529411764706,0.9124087591240876,283.5279,,,,
0.1999,2.918440580368042,0.0002380952380952381,5.65,1300,,,,,,,,
,,,5.65,1300,0.3616880476474762,0.8799019607843137,0.9129662522202486,289.1066,,,,
0.1618,0.578058123588562,0.00023214285714285717,5.76,1325,,,,,,,,
,,,5.76,1325,0.3635009229183197,0.8700980392156863,0.9055258467023173,294.6941,,,,
0.2535,5.685551166534424,0.00022619047619047618,5.87,1350,,,,,,,,
,,,5.87,1350,0.3635905683040619,0.8651960784313726,0.9005424954792043,300.335,,,,
0.2586,1.658791184425354,0.00022023809523809523,5.98,1375,,,,,,,,
,,,5.98,1375,0.34014764428138733,0.8799019607843137,0.9141856392294221,305.9454,,,,
0.1453,7.608770847320557,0.00021428571428571427,6.09,1400,,,,,,,,
,,,6.09,1400,0.5551624298095703,0.8382352941176471,0.8914473684210527,311.4504,,,,
0.1814,1.0955352783203125,0.00020833333333333335,6.2,1425,,,,,,,,
,,,6.2,1425,0.3971569240093231,0.8823529411764706,0.9169550173010381,317.1268,,,,
0.1773,4.6742730140686035,0.0002023809523809524,6.3,1450,,,,,,,,
,,,6.3,1450,0.4021775424480438,0.8774509803921569,0.9070631970260223,322.5961,,,,
0.2096,0.8859865665435791,0.00019642857142857144,6.41,1475,,,,,,,,
,,,6.41,1475,0.3858983516693115,0.8848039215686274,0.9176882661996497,328.1268,,,,
0.2122,0.5061983466148376,0.00019047619047619048,6.52,1500,,,,,,,,
,,,6.52,1500,0.3917107582092285,0.8921568627450981,0.921146953405018,333.6506,,,,
0.1339,7.776209354400635,0.00018452380952380953,6.63,1525,,,,,,,,
,,,6.63,1525,0.44387510418891907,0.8774509803921569,0.9100719424460433,339.857,,,,
0.213,1.4565852880477905,0.00017857142857142857,6.74,1550,,,,,,,,
,,,6.74,1550,0.41618579626083374,0.8848039215686274,0.9147005444646098,345.352,,,,
0.202,2.891779661178589,0.00017261904761904762,6.85,1575,,,,,,,,
,,,6.85,1575,0.4347989559173584,0.8823529411764706,0.9163763066202091,350.9044,,,,
0.1814,0.8778960108757019,0.00016666666666666666,6.96,1600,,,,,,,,
,,,6.96,1600,0.4155033230781555,0.8872549019607843,0.9184397163120569,356.4802,,,,
0.1535,1.9724279642105103,0.00016071428571428573,7.07,1625,,,,,,,,
,,,7.07,1625,0.4471498429775238,0.8897058823529411,0.9197860962566845,361.9701,,,,
0.213,2.9113831520080566,0.00015476190476190478,7.17,1650,,,,,,,,
,,,7.17,1650,0.41526222229003906,0.8799019607843137,0.9097605893186004,367.4465,,,,
0.1675,2.3643646240234375,0.00014880952380952382,7.28,1675,,,,,,,,
,,,7.28,1675,0.448416143655777,0.8700980392156863,0.9100169779286927,373.0312,,,,
0.1773,2.571364641189575,0.00014285714285714284,7.39,1700,,,,,,,,
,,,7.39,1700,0.391335666179657,0.8799019607843137,0.9147826086956522,378.615,,,,
0.1487,1.7491505146026611,0.0001369047619047619,7.5,1725,,,,,,,,
,,,7.5,1725,0.4709230959415436,0.8823529411764706,0.9111111111111111,384.298,,,,
0.1843,1.4163093566894531,0.00013095238095238096,7.61,1750,,,,,,,,
,,,7.61,1750,0.4098008871078491,0.8848039215686274,0.9153153153153154,389.8524,,,,
0.1841,4.840314865112305,0.000125,7.72,1775,,,,,,,,
,,,7.72,1775,0.4293177127838135,0.8627450980392157,0.903448275862069,395.4823,,,,
0.1378,0.45871055126190186,0.00011904761904761905,7.83,1800,,,,,,,,
,,,7.83,1800,0.3986096978187561,0.8799019607843137,0.913884007029877,400.9885,,,,
0.164,0.8826956152915955,0.00011309523809523809,7.93,1825,,,,,,,,
,,,7.93,1825,0.39981207251548767,0.8872549019607843,0.9163636363636363,406.7468,,,,
0.1856,1.4056322574615479,0.00010714285714285714,8.04,1850,,,,,,,,
,,,8.04,1850,0.43747735023498535,0.8700980392156863,0.9087779690189328,412.1815,,,,
0.1432,1.0348381996154785,0.0001011904761904762,8.15,1875,,,,,,,,
,,,8.15,1875,0.40765896439552307,0.8823529411764706,0.9157894736842105,417.741,,,,
0.1144,0.03242288902401924,9.523809523809524e-05,8.26,1900,,,,,,,,
,,,8.26,1900,0.4259893000125885,0.8799019607843137,0.9144851657940662,423.3358,,,,
0.1445,0.7013506293296814,8.928571428571429e-05,8.37,1925,,,,,,,,
,,,8.37,1925,0.42610037326812744,0.8799019607843137,0.9150779896013865,428.9309,,,,
0.1346,2.4856772422790527,8.333333333333333e-05,8.48,1950,,,,,,,,
,,,8.48,1950,0.4245854616165161,0.8799019607843137,0.9132743362831858,434.576,,,,
0.1052,1.4343866109848022,7.738095238095239e-05,8.59,1975,,,,,,,,
,,,8.59,1975,0.4586658775806427,0.875,0.911917098445596,440.0384,,,,
0.1629,2.7659952640533447,7.142857142857142e-05,8.7,2000,,,,,,,,
,,,8.7,2000,0.429773211479187,0.875,0.9109947643979057,445.6298,,,,
0.1683,3.0253448486328125,6.547619047619048e-05,8.8,2025,,,,,,,,
,,,8.8,2025,0.4233618676662445,0.8897058823529411,0.9203539823008849,451.7385,,,,
0.1858,4.519546985626221,5.9523809523809524e-05,8.91,2050,,,,,,,,
,,,8.91,2050,0.42609933018684387,0.8823529411764706,0.916083916083916,457.3995,,,,
0.1918,0.7074974179267883,5.357142857142857e-05,9.02,2075,,,,,,,,
,,,9.02,2075,0.4131801724433899,0.8848039215686274,0.9171075837742505,462.7994,,,,
0.1025,1.1962002515792847,4.761904761904762e-05,9.13,2100,,,,,,,,
,,,9.13,2100,0.4262295067310333,0.8946078431372549,0.9228007181328547,468.4139,,,,
0.1604,0.5798700451850891,4.1666666666666665e-05,9.24,2125,,,,,,,,
,,,9.24,2125,0.4411182701587677,0.8897058823529411,0.9206349206349206,473.9154,,,,
0.1515,1.7753691673278809,3.571428571428571e-05,9.35,2150,,,,,,,,
,,,9.35,2150,0.46894118189811707,0.8700980392156863,0.9081455805892548,479.4962,,,,
0.1373,0.8447461128234863,2.9761904761904762e-05,9.46,2175,,,,,,,,
,,,9.46,2175,0.4521115720272064,0.8774509803921569,0.9128919860627178,485.032,,,,
0.1092,2.622511386871338,2.380952380952381e-05,9.57,2200,,,,,,,,
,,,9.57,2200,0.46202966570854187,0.875,0.9113043478260869,490.5645,,,,
0.1697,4.28496789932251,1.7857142857142855e-05,9.67,2225,,,,,,,,
,,,9.67,2225,0.45099663734436035,0.8774509803921569,0.9128919860627178,496.0832,,,,
0.1178,0.35244524478912354,1.1904761904761905e-05,9.78,2250,,,,,,,,
,,,9.78,2250,0.44652795791625977,0.8774509803921569,0.9128919860627178,501.6295,,,,
0.1335,4.171352863311768,5.9523809523809525e-06,9.89,2275,,,,,,,,
,,,9.89,2275,0.44324347376823425,0.8872549019607843,0.9192982456140351,507.264,,,,
0.101,0.04962194710969925,0.0,10.0,2300,,,,,,,,
,,,10.0,2300,0.44414255023002625,0.8872549019607843,0.9192982456140351,512.7287,,,,
,,,10.0,2300,,,,512.3405,71.593,4.489,1460977291679136.0,0.27557131357814957
