loss,grad_norm,learning_rate,epoch,step,eval_loss,eval_accuracy,eval_f1,train_runtime,train_samples_per_second,train_steps_per_second,total_flos,train_loss
0.6841,2.3783481121063232,3.5e-06,0.008695652173913044,1,,,,,,,,
0.6808,2.789968252182007,8.75e-05,0.21739130434782608,25,,,,,,,,
,,,0.21739130434782608,25,0.6303224563598633,0.6838235294117647,0.8122270742358079,10.8463,,,,
0.6398,1.1615368127822876,0.000175,0.43478260869565216,50,,,,,,,,
,,,0.43478260869565216,50,0.6196712851524353,0.6838235294117647,0.8122270742358079,21.3806,,,,
0.5935,1.415907382965088,0.0002625,0.6521739130434783,75,,,,,,,,
,,,0.6521739130434783,75,0.5271271467208862,0.6985294117647058,0.8075117370892019,31.7645,,,,
0.5821,3.915072202682495,0.00035,0.8695652173913043,100,,,,,,,,
,,,0.8695652173913043,100,0.4696260988712311,0.7598039215686274,0.8459119496855346,42.3873,,,,
0.4655,3.126518487930298,0.0004375,1.0869565217391304,125,,,,,,,,
,,,1.0869565217391304,125,0.41782698035240173,0.8259803921568627,0.875219683655536,52.7664,,,,
0.4771,3.1559338569641113,0.000525,1.3043478260869565,150,,,,,,,,
,,,1.3043478260869565,150,0.3767155706882477,0.8112745098039216,0.8499025341130605,63.6219,,,,
0.4078,3.6376864910125732,0.0006125,1.5217391304347827,175,,,,,,,,
,,,1.5217391304347827,175,0.35367390513420105,0.8382352941176471,0.8885135135135136,74.1397,,,,
0.4127,4.127964496612549,0.0007,1.7391304347826086,200,,,,,,,,
,,,1.7391304347826086,200,0.4963243901729584,0.8676470588235294,0.906896551724138,84.5814,,,,
0.4171,2.433356761932373,0.0006815789473684211,1.9565217391304348,225,,,,,,,,
,,,1.9565217391304348,225,0.38859161734580994,0.8676470588235294,0.9065743944636677,95.1479,,,,
0.3373,2.4184253215789795,0.0006631578947368421,2.1739130434782608,250,,,,,,,,
,,,2.1739130434782608,250,0.31309011578559875,0.8725490196078431,0.9078014184397164,105.487,,,,
0.3162,1.2289880514144897,0.0006447368421052632,2.391304347826087,275,,,,,,,,
,,,2.391304347826087,275,0.4045628607273102,0.8651960784313726,0.905982905982906,116.1616,,,,
0.3297,3.6414895057678223,0.0006263157894736842,2.608695652173913,300,,,,,,,,
,,,2.608695652173913,300,0.4022478461265564,0.8700980392156863,0.9103214890016922,126.6452,,,,
0.3184,3.214708089828491,0.0006078947368421053,2.8260869565217392,325,,,,,,,,
,,,2.8260869565217392,325,0.30467796325683594,0.8725490196078431,0.9087719298245615,137.3882,,,,
0.2826,1.006462812423706,0.0005894736842105263,3.0434782608695654,350,,,,,,,,
,,,3.0434782608695654,350,0.37785643339157104,0.8725490196078431,0.9094076655052264,147.8686,,,,
0.2174,2.5970795154571533,0.0005710526315789473,3.260869565217391,375,,,,,,,,
,,,3.260869565217391,375,0.4699856638908386,0.8700980392156863,0.9112227805695142,158.4097,,,,
0.2238,1.8576618432998657,0.0005526315789473684,3.4782608695652173,400,,,,,,,,
,,,3.4782608695652173,400,0.5909735560417175,0.8529411764705882,0.8986486486486487,168.8432,,,,
0.2573,2.5000224113464355,0.0005342105263157895,3.6956521739130435,425,,,,,,,,
,,,3.6956521739130435,425,0.3636035621166229,0.8848039215686274,0.9140767824497258,179.9504,,,,
0.227,3.8460636138916016,0.0005157894736842105,3.9130434782608696,450,,,,,,,,
,,,3.9130434782608696,450,0.6050027012825012,0.8431372549019608,0.8947368421052632,190.7535,,,,
0.2235,0.6751716732978821,0.0004973684210526315,4.130434782608695,475,,,,,,,,
,,,4.130434782608695,475,0.5899067521095276,0.8651960784313726,0.9069373942470389,200.9463,,,,
0.2115,2.6194610595703125,0.00047894736842105264,4.3478260869565215,500,,,,,,,,
,,,4.3478260869565215,500,0.3944762051105499,0.8799019607843137,0.9153713298791019,211.4217,,,,
0.1786,1.6322773694992065,0.00046052631578947373,4.565217391304348,525,,,,,,,,
,,,4.565217391304348,525,0.328740656375885,0.8872549019607843,0.9192982456140351,222.5789,,,,
0.1458,5.407550811767578,0.0004421052631578947,4.782608695652174,550,,,,,,,,
,,,4.782608695652174,550,0.5636560320854187,0.8504901960784313,0.8842504743833017,233.655,,,,
0.1549,0.4653685390949249,0.0004236842105263158,5.0,575,,,,,,,,
,,,5.0,575,0.3721400499343872,0.875,0.9103690685413005,244.2838,,,,
0.0882,5.182385444641113,0.00040526315789473684,5.217391304347826,600,,,,,,,,
,,,5.217391304347826,600,0.529897928237915,0.8774509803921569,0.9131944444444444,254.8644,,,,
0.0993,8.686410903930664,0.0003868421052631579,5.434782608695652,625,,,,,,,,
,,,5.434782608695652,625,0.5823823809623718,0.8627450980392157,0.8955223880597015,265.4,,,,
0.1404,2.593482494354248,0.0003684210526315789,5.6521739130434785,650,,,,,,,,
,,,5.6521739130434785,650,0.4064599573612213,0.8799019607843137,0.913884007029877,275.9481,,,,
0.1022,1.9846699237823486,0.00035,5.869565217391305,675,,,,,,,,
,,,5.869565217391305,675,0.46694573760032654,0.8848039215686274,0.9143897996357014,287.0448,,,,
0.0755,1.2576100826263428,0.00033157894736842103,6.086956521739131,700,,,,,,,,
,,,6.086956521739131,700,0.47878924012184143,0.8848039215686274,0.9159212880143113,297.7515,,,,
0.0452,2.9000611305236816,0.0003131578947368421,6.304347826086957,725,,,,,,,,
,,,6.304347826086957,725,0.6196392178535461,0.8872549019607843,0.9187279151943463,308.586,,,,
0.0501,0.6374539732933044,0.00029473684210526316,6.521739130434782,750,,,,,,,,
,,,6.521739130434782,750,0.6104521155357361,0.8921568627450981,0.9205776173285197,319.1651,,,,
0.0446,0.7188310027122498,0.0002763157894736842,6.739130434782608,775,,,,,,,,
,,,6.739130434782608,775,0.7269961833953857,0.875,0.9081081081081082,329.5491,,,,
0.0785,6.153503894805908,0.00025789473684210523,6.956521739130435,800,,,,,,,,
,,,6.956521739130435,800,0.6687921285629272,0.875,0.9100529100529101,339.9713,,,,
0.0196,1.011683464050293,0.00023947368421052632,7.173913043478261,825,,,,,,,,
,,,7.173913043478261,825,0.7529737949371338,0.8823529411764706,0.9169550173010381,350.4477,,,,
0.0307,0.9864597320556641,0.00022105263157894735,7.391304347826087,850,,,,,,,,
,,,7.391304347826087,850,0.6242839694023132,0.8946078431372549,0.9225225225225226,360.7413,,,,
0.0416,0.6606183648109436,0.00020263157894736842,7.608695652173913,875,,,,,,,,
,,,7.608695652173913,875,0.5926597118377686,0.8946078431372549,0.9230769230769231,371.5597,,,,
0.0526,0.20640377700328827,0.00018421052631578945,7.826086956521739,900,,,,,,,,
,,,7.826086956521739,900,0.5632532238960266,0.8921568627450981,0.9217081850533807,382.3257,,,,
0.0114,0.046424347907304764,0.00016578947368421052,8.043478260869565,925,,,,,,,,
,,,8.043478260869565,925,0.6426088213920593,0.8921568627450981,0.9225352112676057,393.4698,,,,
0.0142,0.008063185028731823,0.00014736842105263158,8.26086956521739,950,,,,,,,,
,,,8.26086956521739,950,0.715667724609375,0.8872549019607843,0.9175627240143369,403.8933,,,,
0.0105,0.7309120297431946,0.00012894736842105261,8.478260869565217,975,,,,,,,,
,,,8.478260869565217,975,0.7327065467834473,0.8799019607843137,0.9110707803992741,414.6715,,,,
0.0257,0.020945420488715172,0.00011052631578947368,8.695652173913043,1000,,,,,,,,
,,,8.695652173913043,1000,0.7241466641426086,0.8848039215686274,0.9182608695652175,425.1411,,,,
0.0136,8.926615715026855,9.210526315789473e-05,8.91304347826087,1025,,,,,,,,
,,,8.91304347826087,1025,0.7130004167556763,0.8799019607843137,0.9126559714795008,435.8832,,,,
0.0394,0.002997361123561859,7.368421052631579e-05,9.130434782608695,1050,,,,,,,,
,,,9.130434782608695,1050,0.7040681838989258,0.8897058823529411,0.9200710479573712,446.0945,,,,
0.016,0.02765156514942646,5.526315789473684e-05,9.347826086956522,1075,,,,,,,,
,,,9.347826086956522,1075,0.6929168701171875,0.8823529411764706,0.9139784946236559,456.3624,,,,
0.0166,0.5792011618614197,3.6842105263157895e-05,9.565217391304348,1100,,,,,,,,
,,,9.565217391304348,1100,0.6815599799156189,0.8848039215686274,0.9156193895870736,466.6705,,,,
0.0114,0.34673377871513367,1.8421052631578947e-05,9.782608695652174,1125,,,,,,,,
,,,9.782608695652174,1125,0.6844722628593445,0.8897058823529411,0.9200710479573712,477.2696,,,,
0.0147,2.336442708969116,0.0,10.0,1150,,,,,,,,
,,,10.0,1150,0.685758113861084,0.8921568627450981,0.9219858156028369,487.7305,,,,
,,,10.0,1150,,,,487.339,75.266,2.36,1566442985265792.0,0.19875799046910328
