loss,grad_norm,learning_rate,epoch,step,eval_loss,eval_accuracy,eval_f1,train_runtime,train_samples_per_second,train_steps_per_second,total_flos,train_loss
1.0935,3.448720693588257,4.0000000000000003e-07,0.0625,1,,,,,,,,
1.1144,4.797292709350586,4.000000000000001e-06,0.625,10,,,,,,,,
,,,0.625,10,1.1028110980987549,0.5,0.2222222222222222,6.1463,,,,
1.0929,3.9248619079589844,8.000000000000001e-06,1.25,20,,,,,,,,
,,,1.25,20,1.0647865533828735,0.5,0.2222222222222222,12.117,,,,
1.0309,3.5460124015808105,1.2e-05,1.875,30,,,,,,,,
,,,1.875,30,0.9932617545127869,0.5,0.2222222222222222,17.912,,,,
0.9151,4.048708438873291,1.6000000000000003e-05,2.5,40,,,,,,,,
,,,2.5,40,0.8418078422546387,0.6607142857142857,0.461392254692326,23.6299,,,,
0.7155,6.686872482299805,2e-05,3.125,50,,,,,,,,
,,,3.125,50,0.8271729350090027,0.6785714285714286,0.47391812865497074,29.4145,,,,
0.6964,9.176737785339355,1.925925925925926e-05,3.75,60,,,,,,,,
,,,3.75,60,0.717974841594696,0.6964285714285714,0.48581048581048575,35.3813,,,,
0.4844,8.23769760131836,1.851851851851852e-05,4.375,70,,,,,,,,
,,,4.375,70,0.6532027125358582,0.75,0.524731182795699,40.9444,,,,
0.26,3.130962610244751,1.7777777777777777e-05,5.0,80,,,,,,,,
,,,5.0,80,0.43857985734939575,0.8214285714285714,0.5732587933845795,46.7582,,,,
0.2274,4.192258834838867,1.7037037037037038e-05,5.625,90,,,,,,,,
,,,5.625,90,0.5774006843566895,0.8214285714285714,0.5732587933845795,53.0296,,,,
0.2263,1.409102201461792,1.6296296296296297e-05,6.25,100,,,,,,,,
,,,6.25,100,0.4268836975097656,0.8392857142857143,0.5866760497302369,58.6776,,,,
0.1002,0.6126855611801147,1.555555555555556e-05,6.875,110,,,,,,,,
,,,6.875,110,0.39651769399642944,0.875,0.7874149659863946,64.3928,,,,
0.11,1.4122371673583984,1.4814814814814815e-05,7.5,120,,,,,,,,
,,,7.5,120,0.3449983298778534,0.8571428571428571,0.8047979797979797,69.6843,,,,
0.0296,0.42770281434059143,1.4074074074074075e-05,8.125,130,,,,,,,,
,,,8.125,130,0.32062411308288574,0.8571428571428571,0.8243542076741756,75.7033,,,,
0.0274,0.47372743487358093,1.3333333333333333e-05,8.75,140,,,,,,,,
,,,8.75,140,0.3121861517429352,0.8928571428571429,0.8784271284271284,82.0605,,,,
0.0169,0.2110605686903,1.2592592592592593e-05,9.375,150,,,,,,,,
,,,9.375,150,0.5494987368583679,0.9107142857142857,0.8913565426170468,87.859,,,,
0.0363,0.06788957118988037,1.1851851851851852e-05,10.0,160,,,,,,,,
,,,10.0,160,0.36322516202926636,0.875,0.8491543917075832,93.5979,,,,
0.0036,0.16870945692062378,1.1111111111111113e-05,10.625,170,,,,,,,,
,,,10.625,170,0.26545020937919617,0.9107142857142857,0.9044113450893111,99.8542,,,,
0.004,0.03526153415441513,1.037037037037037e-05,11.25,180,,,,,,,,
,,,11.25,180,0.27724847197532654,0.9107142857142857,0.8907675791733762,105.5281,,,,
0.0024,0.04408768564462662,9.62962962962963e-06,11.875,190,,,,,,,,
,,,11.875,190,0.40266433358192444,0.8928571428571429,0.8626194067370538,111.7603,,,,
0.006,0.03303498029708862,8.888888888888888e-06,12.5,200,,,,,,,,
,,,12.5,200,0.375811904668808,0.8928571428571429,0.8626194067370538,117.3936,,,,
0.002,0.02873622626066208,8.148148148148148e-06,13.125,210,,,,,,,,
,,,13.125,210,0.32395699620246887,0.875,0.8490028490028491,123.0658,,,,
0.0019,0.037342619150877,7.4074074074074075e-06,13.75,220,,,,,,,,
,,,13.75,220,0.32666894793510437,0.8928571428571429,0.8969456469456469,129.3998,,,,
0.0017,0.030700618401169777,6.666666666666667e-06,14.375,230,,,,,,,,
,,,14.375,230,0.33540597558021545,0.8928571428571429,0.8969456469456469,135.5326,,,,
0.0017,0.04526636004447937,5.925925925925926e-06,15.0,240,,,,,,,,
,,,15.0,240,0.3394004702568054,0.8928571428571429,0.8969456469456469,141.1248,,,,
0.0016,0.019273364916443825,5.185185185185185e-06,15.625,250,,,,,,,,
,,,15.625,250,0.3407999575138092,0.8928571428571429,0.8771043771043772,147.0088,,,,
0.0015,0.02486712485551834,4.444444444444444e-06,16.25,260,,,,,,,,
,,,16.25,260,0.34155067801475525,0.8928571428571429,0.8771043771043772,153.0326,,,,
0.0015,0.03240988031029701,3.7037037037037037e-06,16.875,270,,,,,,,,
,,,16.875,270,0.3417074382305145,0.8928571428571429,0.8771043771043772,158.9883,,,,
0.0015,0.019164007157087326,2.962962962962963e-06,17.5,280,,,,,,,,
,,,17.5,280,0.34529775381088257,0.8928571428571429,0.8771043771043772,165.1525,,,,
0.0013,0.019791854545474052,2.222222222222222e-06,18.125,290,,,,,,,,
,,,18.125,290,0.3463340401649475,0.8928571428571429,0.8771043771043772,170.8989,,,,
0.0014,0.02028781734406948,1.4814814814814815e-06,18.75,300,,,,,,,,
,,,18.75,300,0.34607425332069397,0.8928571428571429,0.8771043771043772,177.1397,,,,
0.0014,0.02952152118086815,7.407407407407407e-07,19.375,310,,,,,,,,
,,,19.375,310,0.34696105122566223,0.8928571428571429,0.8771043771043772,182.4861,,,,
0.0014,0.024696171283721924,0.0,20.0,320,,,,,,,,
,,,20.0,320,0.3471508324146271,0.8928571428571429,0.8771043771043772,188.5085,,,,
,,,20.0,320,,,,188.0663,26.586,1.702,446840583950880.0,0.22240009108791128
