loss,grad_norm,learning_rate,epoch,step,eval_loss,eval_accuracy,eval_f1,train_runtime,train_samples_per_second,train_steps_per_second,total_flos,train_loss
0.7008,1.4410077333450317,2.5e-06,0.0,1,,,,,,,,
0.6564,0.827049970626831,6.25e-05,0.11,25,,,,,,,,
,,,0.11,25,0.6352293491363525,0.6838235294117647,0.8122270742358079,5.8147,,,,
0.6608,1.2928037643432617,0.000125,0.22,50,,,,,,,,
,,,0.22,50,0.6246961951255798,0.6838235294117647,0.8122270742358079,11.1874,,,,
0.6393,2.3703746795654297,0.0001875,0.33,75,,,,,,,,
,,,0.33,75,0.6193346381187439,0.6838235294117647,0.8122270742358079,16.7045,,,,
0.6376,0.5548462867736816,0.00025,0.43,100,,,,,,,,
,,,0.43,100,0.6048089861869812,0.6838235294117647,0.8122270742358079,22.1398,,,,
0.5516,1.7085641622543335,0.0003125,0.54,125,,,,,,,,
,,,0.54,125,0.5925671458244324,0.6911764705882353,0.8125000000000001,27.7128,,,,
0.5817,4.469759464263916,0.000375,0.65,150,,,,,,,,
,,,0.65,150,0.490947961807251,0.7573529411764706,0.8390243902439024,33.1635,,,,
0.5801,0.9227652549743652,0.0004375,0.76,175,,,,,,,,
,,,0.76,175,0.47503045201301575,0.7328431372549019,0.8350983358547656,38.8956,,,,
0.493,2.8227908611297607,0.0005,0.87,200,,,,,,,,
,,,0.87,200,0.395998477935791,0.8088235294117647,0.8712871287128714,44.3748,,,,
0.4402,3.581345796585083,0.0004940476190476191,0.98,225,,,,,,,,
,,,0.98,225,0.36031579971313477,0.8504901960784313,0.8880733944954129,49.875,,,,
0.4733,2.4375667572021484,0.0004880952380952381,1.09,250,,,,,,,,
,,,1.09,250,0.4217575192451477,0.8357843137254902,0.8830715532286212,55.0778,,,,
0.4535,1.3687341213226318,0.00048214285714285715,1.2,275,,,,,,,,
,,,1.2,275,0.3711487352848053,0.8284313725490197,0.8793103448275862,60.5101,,,,
0.4396,2.407428741455078,0.0004761904761904762,1.3,300,,,,,,,,
,,,1.3,300,0.4196646511554718,0.8161764705882353,0.8756218905472636,65.8984,,,,
0.4,4.625482559204102,0.00047023809523809523,1.41,325,,,,,,,,
,,,1.41,325,0.5683140754699707,0.7352941176470589,0.7682403433476395,71.2572,,,,
0.4639,5.305969715118408,0.00046428571428571433,1.52,350,,,,,,,,
,,,1.52,350,0.39560025930404663,0.8308823529411765,0.8828522920203735,76.6671,,,,
0.3935,3.4218339920043945,0.0004583333333333333,1.63,375,,,,,,,,
,,,1.63,375,0.3395649790763855,0.8504901960784313,0.8939130434782607,81.9605,,,,
0.2888,5.525673866271973,0.00045238095238095237,1.74,400,,,,,,,,
,,,1.74,400,0.4462674856185913,0.8725490196078431,0.9068100358422939,87.3901,,,,
0.4712,2.6379127502441406,0.00044642857142857147,1.85,425,,,,,,,,
,,,1.85,425,0.34126752614974976,0.8504901960784313,0.897133220910624,92.82,,,,
0.3857,2.4984843730926514,0.00044047619047619046,1.96,450,,,,,,,,
,,,1.96,450,0.354824036359787,0.875,0.9071038251366121,98.4478,,,,
0.2997,1.4597063064575195,0.00043452380952380956,2.07,475,,,,,,,,
,,,2.07,475,0.45589882135391235,0.8553921568627451,0.9001692047377327,103.668,,,,
0.3744,2.3704285621643066,0.00042857142857142855,2.17,500,,,,,,,,
,,,2.17,500,0.3232452869415283,0.8602941176470589,0.8946395563770795,109.1696,,,,
0.3291,2.60724139213562,0.00042261904761904765,2.28,525,,,,,,,,
,,,2.28,525,0.3481381833553314,0.8627450980392157,0.8966789667896681,115.3247,,,,
0.3225,1.2894521951675415,0.0004166666666666667,2.39,550,,,,,,,,
,,,2.39,550,0.3281704783439636,0.8676470588235294,0.9045936395759717,120.7924,,,,
0.3579,3.076742172241211,0.0004107142857142857,2.5,575,,,,,,,,
,,,2.5,575,0.3550489842891693,0.8529411764705882,0.8983050847457628,126.2417,,,,
0.3086,4.214932441711426,0.0004047619047619048,2.61,600,,,,,,,,
,,,2.61,600,0.3565552532672882,0.8651960784313726,0.905982905982906,131.6862,,,,
0.291,5.073330402374268,0.00039880952380952383,2.72,625,,,,,,,,
,,,2.72,625,0.5005190968513489,0.8333333333333334,0.8896103896103896,137.18,,,,
0.4078,7.651084899902344,0.0003928571428571429,2.83,650,,,,,,,,
,,,2.83,650,0.31472083926200867,0.8553921568627451,0.8998302207130731,142.6407,,,,
0.3033,4.200245380401611,0.0003869047619047619,2.93,675,,,,,,,,
,,,2.93,675,0.32526710629463196,0.8480392156862745,0.8876811594202899,148.1554,,,,
0.2693,2.2748446464538574,0.00038095238095238096,3.04,700,,,,,,,,
,,,3.04,700,0.36645904183387756,0.8725490196078431,0.907473309608541,153.3475,,,,
0.2902,2.832759141921997,0.000375,3.15,725,,,,,,,,
,,,3.15,725,0.3410518169403076,0.8799019607843137,0.9123434704830053,158.8904,,,,
0.2699,2.3374478816986084,0.00036904761904761905,3.26,750,,,,,,,,
,,,3.26,750,0.3791036009788513,0.8774509803921569,0.9149659863945577,164.3416,,,,
0.2732,2.1823811531066895,0.0003630952380952381,3.37,775,,,,,,,,
,,,3.37,775,0.3290746212005615,0.8676470588235294,0.9055944055944055,169.7416,,,,
0.2403,9.333513259887695,0.00035714285714285714,3.48,800,,,,,,,,
,,,3.48,800,0.4987128674983978,0.8529411764705882,0.8989898989898989,175.1698,,,,
0.3133,2.5629053115844727,0.0003511904761904762,3.59,825,,,,,,,,
,,,3.59,825,0.30661308765411377,0.8799019607843137,0.9135802469135803,180.6781,,,,
0.2869,3.6329705715179443,0.00034523809523809523,3.7,850,,,,,,,,
,,,3.7,850,0.33663687109947205,0.8602941176470589,0.9008695652173914,186.1825,,,,
0.2706,7.994106292724609,0.00033928571428571433,3.8,875,,,,,,,,
,,,3.8,875,0.3562455177307129,0.8553921568627451,0.899488926746167,191.6409,,,,
0.3004,12.648630142211914,0.0003333333333333333,3.91,900,,,,,,,,
,,,3.91,900,0.40606456995010376,0.8700980392156863,0.9103214890016922,197.114,,,,
0.325,4.301294803619385,0.00032738095238095237,4.02,925,,,,,,,,
,,,4.02,925,0.32885292172431946,0.8627450980392157,0.9020979020979022,202.4172,,,,
0.2024,1.8422207832336426,0.00032142857142857147,4.13,950,,,,,,,,
,,,4.13,950,0.3696959316730499,0.8602941176470589,0.9015544041450777,207.9267,,,,
0.2428,14.331910133361816,0.00031547619047619046,4.24,975,,,,,,,,
,,,4.24,975,0.47120562195777893,0.8602941176470589,0.9054726368159204,213.2474,,,,
0.246,5.007415771484375,0.00030952380952380956,4.35,1000,,,,,,,,
,,,4.35,1000,0.3745124638080597,0.8602941176470589,0.900523560209424,218.7282,,,,
0.2723,2.2311227321624756,0.00030357142857142855,4.46,1025,,,,,,,,
,,,4.46,1025,0.34375470876693726,0.8651960784313726,0.8994515539305302,224.8653,,,,
0.2078,3.6450140476226807,0.00029761904761904765,4.57,1050,,,,,,,,
,,,4.57,1050,0.3383151888847351,0.8799019607843137,0.9120287253141832,230.383,,,,
0.1926,0.9500566124916077,0.0002916666666666667,4.67,1075,,,,,,,,
,,,4.67,1075,0.37354958057403564,0.8823529411764706,0.9151943462897526,235.7839,,,,
0.1877,1.434413194656372,0.0002857142857142857,4.78,1100,,,,,,,,
,,,4.78,1100,0.37160760164260864,0.8946078431372549,0.9233511586452763,241.298,,,,
0.2407,2.3797662258148193,0.0002797619047619048,4.89,1125,,,,,,,,
,,,4.89,1125,0.35377660393714905,0.8848039215686274,0.9185441941074524,246.7337,,,,
0.2286,0.10161806643009186,0.0002738095238095238,5.0,1150,,,,,,,,
,,,5.0,1150,0.344166100025177,0.8676470588235294,0.9025270758122744,252.2305,,,,
0.1562,0.14020021259784698,0.00026785714285714287,5.11,1175,,,,,,,,
,,,5.11,1175,0.3795638382434845,0.8848039215686274,0.9147005444646098,257.5926,,,,
0.2305,7.146045207977295,0.0002619047619047619,5.22,1200,,,,,,,,
,,,5.22,1200,0.4226110577583313,0.8872549019607843,0.9206896551724139,263.1059,,,,
0.1651,3.118795156478882,0.00025595238095238096,5.33,1225,,,,,,,,
,,,5.33,1225,0.3553757071495056,0.8823529411764706,0.9136690647482014,268.5762,,,,
0.2329,2.374687433242798,0.00025,5.43,1250,,,,,,,,
,,,5.43,1250,0.40405431389808655,0.8774509803921569,0.9119718309859154,273.9575,,,,
0.1698,1.7981692552566528,0.00024404761904761905,5.54,1275,,,,,,,,
,,,5.54,1275,0.3964107036590576,0.8897058823529411,0.9168207024029574,279.4294,,,,
0.1401,2.5938267707824707,0.0002380952380952381,5.65,1300,,,,,,,,
,,,5.65,1300,0.4254448711872101,0.8946078431372549,0.9238938053097344,284.8467,,,,
0.1457,0.37509143352508545,0.00023214285714285717,5.76,1325,,,,,,,,
,,,5.76,1325,0.45369893312454224,0.8799019607843137,0.9126559714795008,290.4264,,,,
0.2564,6.2359113693237305,0.00022619047619047618,5.87,1350,,,,,,,,
,,,5.87,1350,0.34464573860168457,0.8872549019607843,0.9184397163120569,295.926,,,,
0.1844,1.814763069152832,0.00022023809523809523,5.98,1375,,,,,,,,
,,,5.98,1375,0.33656859397888184,0.875,0.9116117850953207,301.5323,,,,
0.1183,9.33617115020752,0.00021428571428571427,6.09,1400,,,,,,,,
,,,6.09,1400,0.5695446133613586,0.8602941176470589,0.9048414023372287,306.8828,,,,
0.1692,1.3874424695968628,0.00020833333333333335,6.2,1425,,,,,,,,
,,,6.2,1425,0.4375951290130615,0.8799019607843137,0.9168081494057724,312.6037,,,,
0.1721,5.4674906730651855,0.0002023809523809524,6.3,1450,,,,,,,,
,,,6.3,1450,0.3903636038303375,0.8774509803921569,0.9077490774907749,317.9314,,,,
0.1485,1.1211637258529663,0.00019642857142857144,6.41,1475,,,,,,,,
,,,6.41,1475,0.4132940173149109,0.8921568627450981,0.9222614840989399,323.4071,,,,
0.1736,0.33269423246383667,0.00019047619047619048,6.52,1500,,,,,,,,
,,,6.52,1500,0.44049131870269775,0.8872549019607843,0.9175627240143369,328.8001,,,,
0.1264,14.19116497039795,0.00018452380952380953,6.63,1525,,,,,,,,
,,,6.63,1525,0.5159628391265869,0.8823529411764706,0.9163763066202091,335.2216,,,,
0.1676,3.2608134746551514,0.00017857142857142857,6.74,1550,,,,,,,,
,,,6.74,1550,0.468873530626297,0.8897058823529411,0.9180327868852459,340.6136,,,,
0.1645,1.9493011236190796,0.00017261904761904762,6.85,1575,,,,,,,,
,,,6.85,1575,0.4688825309276581,0.8774509803921569,0.9137931034482758,346.0517,,,,
0.1502,4.239123821258545,0.00016666666666666666,6.96,1600,,,,,,,,
,,,6.96,1600,0.4661928713321686,0.875,0.911917098445596,351.5757,,,,
0.1224,2.709778308868408,0.00016071428571428573,7.07,1625,,,,,,,,
,,,7.07,1625,0.47728654742240906,0.8897058823529411,0.9209138840070299,356.8964,,,,
0.138,5.849176406860352,0.00015476190476190478,7.17,1650,,,,,,,,
,,,7.17,1650,0.4910908639431,0.8774509803921569,0.9094202898550725,362.3651,,,,
0.1181,3.521191120147705,0.00014880952380952382,7.28,1675,,,,,,,,
,,,7.28,1675,0.513628363609314,0.8897058823529411,0.9228130360205832,367.7811,,,,
0.1162,2.694736957550049,0.00014285714285714284,7.39,1700,,,,,,,,
,,,7.39,1700,0.5248366594314575,0.8921568627450981,0.9241379310344827,373.3582,,,,
0.1291,0.9975482225418091,0.0001369047619047619,7.5,1725,,,,,,,,
,,,7.5,1725,0.5340217351913452,0.8848039215686274,0.9137614678899082,378.868,,,,
0.149,1.0035187005996704,0.00013095238095238096,7.61,1750,,,,,,,,
,,,7.61,1750,0.4686011075973511,0.8897058823529411,0.9203539823008849,384.391,,,,
0.1658,8.422907829284668,0.000125,7.72,1775,,,,,,,,
,,,7.72,1775,0.4744042754173279,0.8823529411764706,0.9157894736842105,389.8777,,,,
0.1223,1.8812379837036133,0.00011904761904761905,7.83,1800,,,,,,,,
,,,7.83,1800,0.4557468891143799,0.9019607843137255,0.9280575539568345,395.353,,,,
0.1185,5.076048374176025,0.00011309523809523809,7.93,1825,,,,,,,,
,,,7.93,1825,0.4394312798976898,0.8970588235294118,0.924187725631769,400.9678,,,,
0.1109,4.903923511505127,0.00010714285714285714,8.04,1850,,,,,,,,
,,,8.04,1850,0.5244454145431519,0.8823529411764706,0.9178082191780821,406.3255,,,,
0.1148,2.3800034523010254,0.0001011904761904762,8.15,1875,,,,,,,,
,,,8.15,1875,0.49766480922698975,0.8946078431372549,0.9228007181328547,411.8129,,,,
0.0932,0.007411672733724117,9.523809523809524e-05,8.26,1900,,,,,,,,
,,,8.26,1900,0.5412873029708862,0.8970588235294118,0.9252669039145908,417.2635,,,,
0.1242,0.6562420129776001,8.928571428571429e-05,8.37,1925,,,,,,,,
,,,8.37,1925,0.5365440845489502,0.8897058823529411,0.9197860962566845,422.8325,,,,
0.1113,10.04791259765625,8.333333333333333e-05,8.48,1950,,,,,,,,
,,,8.48,1950,0.566993772983551,0.8897058823529411,0.9214659685863874,428.3531,,,,
0.0872,0.11629748344421387,7.738095238095239e-05,8.59,1975,,,,,,,,
,,,8.59,1975,0.560401976108551,0.8970588235294118,0.9270833333333334,433.773,,,,
0.1284,8.627825736999512,7.142857142857142e-05,8.7,2000,,,,,,,,
,,,8.7,2000,0.5142034888267517,0.8848039215686274,0.9156193895870736,439.1888,,,,
0.1066,2.8798012733459473,6.547619047619048e-05,8.8,2025,,,,,,,,
,,,8.8,2025,0.5147192478179932,0.8897058823529411,0.9194991055456172,445.3135,,,,
0.0938,3.608726978302002,5.9523809523809524e-05,8.91,2050,,,,,,,,
,,,8.91,2050,0.5480260848999023,0.8921568627450981,0.923076923076923,450.7984,,,,
0.1709,1.4396607875823975,5.357142857142857e-05,9.02,2075,,,,,,,,
,,,9.02,2075,0.5442629456520081,0.8946078431372549,0.924693520140105,456.2075,,,,
0.0731,2.387620210647583,4.761904761904762e-05,9.13,2100,,,,,,,,
,,,9.13,2100,0.545659601688385,0.8921568627450981,0.9222614840989399,461.6112,,,,
0.0836,1.3189492225646973,4.1666666666666665e-05,9.24,2125,,,,,,,,
,,,9.24,2125,0.541121780872345,0.8872549019607843,0.9178571428571428,467.1015,,,,
0.1149,2.4652769565582275,3.571428571428571e-05,9.35,2150,,,,,,,,
,,,9.35,2150,0.5411499738693237,0.8897058823529411,0.9200710479573712,472.5323,,,,
0.1028,1.2326633930206299,2.9761904761904762e-05,9.46,2175,,,,,,,,
,,,9.46,2175,0.5526557564735413,0.8995098039215687,0.9281961471103327,478.0019,,,,
0.0699,12.696205139160156,2.380952380952381e-05,9.57,2200,,,,,,,,
,,,9.57,2200,0.5565794110298157,0.9044117647058824,0.9319371727748691,483.4817,,,,
0.1585,7.748753070831299,1.7857142857142855e-05,9.67,2225,,,,,,,,
,,,9.67,2225,0.5459852814674377,0.9044117647058824,0.9316987740805603,488.9036,,,,
0.102,0.10926444828510284,1.1904761904761905e-05,9.78,2250,,,,,,,,
,,,9.78,2250,0.5540730953216553,0.9044117647058824,0.9321739130434782,494.405,,,,
0.1201,1.0774704217910767,5.9523809523809525e-06,9.89,2275,,,,,,,,
,,,9.89,2275,0.5483011603355408,0.9044117647058824,0.9316987740805603,499.9008,,,,
0.0727,0.00774269038811326,0.0,10.0,2300,,,,,,,,
,,,10.0,2300,0.5465105175971985,0.9044117647058824,0.9316987740805603,505.3578,,,,
,,,10.0,2300,,,,504.997,72.634,4.554,1460977291679136.0,0.251695674398671
