loss,grad_norm,learning_rate,epoch,step,eval_loss,eval_accuracy,train_runtime,train_samples_per_second,train_steps_per_second,total_flos,train_loss
0.737,1.8590028285980225,2.5e-06,0.00641025641025641,1,,,,,,,
0.6923,2.2086234092712402,6.25e-05,0.16025641025641027,25,,,,,,,
,,,0.16025641025641027,25,0.7030709981918335,0.4729241877256318,10.4595,,,,
0.7029,1.8887200355529785,0.000125,0.32051282051282054,50,,,,,,,
,,,0.32051282051282054,50,0.6923972368240356,0.5270758122743683,20.4006,,,,
0.6986,1.029883623123169,0.0001875,0.4807692307692308,75,,,,,,,
,,,0.4807692307692308,75,0.691106379032135,0.5270758122743683,31.5456,,,,
0.7016,1.3531436920166016,0.00025,0.6410256410256411,100,,,,,,,
,,,0.6410256410256411,100,0.692278265953064,0.5451263537906137,41.7563,,,,
0.6991,4.673776626586914,0.0003125,0.8012820512820513,125,,,,,,,
,,,0.8012820512820513,125,0.6942391991615295,0.5270758122743683,52.7256,,,,
0.7127,2.659954309463501,0.000375,0.9615384615384616,150,,,,,,,
,,,0.9615384615384616,150,0.6900981068611145,0.5270758122743683,62.9875,,,,
0.7043,2.4662349224090576,0.0004375,1.1217948717948718,175,,,,,,,
,,,1.1217948717948718,175,0.6930463314056396,0.5054151624548736,73.5682,,,,
0.699,4.274839401245117,0.0005,1.282051282051282,200,,,,,,,
,,,1.282051282051282,200,0.6911474466323853,0.5270758122743683,84.0981,,,,
0.7133,0.8090660572052002,0.0004908088235294118,1.4423076923076923,225,,,,,,,
,,,1.4423076923076923,225,0.7164797782897949,0.4729241877256318,94.3082,,,,
0.7153,1.0558228492736816,0.00048161764705882356,1.6025641025641026,250,,,,,,,
,,,1.6025641025641026,250,0.706841230392456,0.4729241877256318,104.8427,,,,
0.6941,2.2731285095214844,0.0004724264705882353,1.7628205128205128,275,,,,,,,
,,,1.7628205128205128,275,0.6937310695648193,0.5270758122743683,115.0122,,,,
0.6949,1.8993889093399048,0.0004632352941176471,1.9230769230769231,300,,,,,,,
,,,1.9230769230769231,300,0.6993954181671143,0.4657039711191336,125.7304,,,,
0.7069,0.5381234884262085,0.00045404411764705883,2.0833333333333335,325,,,,,,,
,,,2.0833333333333335,325,0.6861441135406494,0.5776173285198556,135.888,,,,
0.6912,0.9115356802940369,0.00044485294117647056,2.2435897435897436,350,,,,,,,
,,,2.2435897435897436,350,0.6882157325744629,0.5523465703971119,146.1985,,,,
0.6793,0.8639376759529114,0.0004356617647058824,2.4038461538461537,375,,,,,,,
,,,2.4038461538461537,375,0.6860254406929016,0.5667870036101083,156.6673,,,,
0.7027,0.8664427399635315,0.0004264705882352941,2.564102564102564,400,,,,,,,
,,,2.564102564102564,400,0.7023192048072815,0.4657039711191336,167.1452,,,,
0.6886,0.7555235624313354,0.0004172794117647059,2.7243589743589745,425,,,,,,,
,,,2.7243589743589745,425,0.6909981966018677,0.5090252707581228,177.6737,,,,
0.6855,1.2676318883895874,0.00040808823529411766,2.8846153846153846,450,,,,,,,
,,,2.8846153846153846,450,0.6830354928970337,0.5306859205776173,188.1627,,,,
0.6843,0.8010779023170471,0.00039889705882352943,3.0448717948717947,475,,,,,,,
,,,3.0448717948717947,475,0.6828655004501343,0.5812274368231047,198.3919,,,,
0.6885,1.5420465469360352,0.0003897058823529412,3.2051282051282053,500,,,,,,,
,,,3.2051282051282053,500,0.6814398765563965,0.5451263537906137,208.8538,,,,
0.6884,3.2382426261901855,0.00038051470588235293,3.3653846153846154,525,,,,,,,
,,,3.3653846153846154,525,0.6861441731452942,0.5342960288808665,219.5938,,,,
0.6837,0.7377814054489136,0.0003713235294117647,3.5256410256410255,550,,,,,,,
,,,3.5256410256410255,550,0.6754547357559204,0.6028880866425993,229.6218,,,,
0.6669,1.0286636352539062,0.0003621323529411765,3.685897435897436,575,,,,,,,
,,,3.685897435897436,575,0.6737570762634277,0.6064981949458483,239.6817,,,,
0.682,1.2889546155929565,0.00035294117647058826,3.8461538461538463,600,,,,,,,
,,,3.8461538461538463,600,0.6719638109207153,0.6137184115523465,250.4418,,,,
0.6672,2.169304847717285,0.00034375,4.006410256410256,625,,,,,,,
,,,4.006410256410256,625,0.6695443987846375,0.6137184115523465,261.0835,,,,
0.6478,1.3451536893844604,0.00033455882352941176,4.166666666666667,650,,,,,,,
,,,4.166666666666667,650,0.6674715280532837,0.5992779783393501,271.731,,,,
0.6739,1.360117793083191,0.00032536764705882353,4.326923076923077,675,,,,,,,
,,,4.326923076923077,675,0.6662055850028992,0.6137184115523465,281.8009,,,,
0.6833,2.5681354999542236,0.0003161764705882353,4.487179487179487,700,,,,,,,
,,,4.487179487179487,700,0.6630501747131348,0.592057761732852,292.4327,,,,
0.65,0.8734459280967712,0.0003069852941176471,4.647435897435898,725,,,,,,,
,,,4.647435897435898,725,0.6632218956947327,0.6173285198555957,302.5504,,,,
0.6584,2.6207025051116943,0.0002977941176470588,4.8076923076923075,750,,,,,,,
,,,4.8076923076923075,750,0.6652589440345764,0.6064981949458483,312.9581,,,,
0.6719,2.2890734672546387,0.0002886029411764706,4.967948717948718,775,,,,,,,
,,,4.967948717948718,775,0.6633495092391968,0.6173285198555957,323.2097,,,,
0.6633,0.9223915338516235,0.00027941176470588236,5.128205128205128,800,,,,,,,
,,,5.128205128205128,800,0.6553149819374084,0.6245487364620939,333.764,,,,
0.6539,2.340013027191162,0.00027022058823529413,5.288461538461538,825,,,,,,,
,,,5.288461538461538,825,0.6723683476448059,0.5812274368231047,344.1767,,,,
0.6637,0.840557336807251,0.0002610294117647059,5.448717948717949,850,,,,,,,
,,,5.448717948717949,850,0.6636602878570557,0.6101083032490975,355.0186,,,,
0.6509,3.5680618286132812,0.00025183823529411763,5.608974358974359,875,,,,,,,
,,,5.608974358974359,875,0.6787410974502563,0.5776173285198556,365.6974,,,,
0.6335,1.8344374895095825,0.0002426470588235294,5.769230769230769,900,,,,,,,
,,,5.769230769230769,900,0.648319661617279,0.6534296028880866,375.9255,,,,
0.6526,2.828202247619629,0.00023345588235294118,5.92948717948718,925,,,,,,,
,,,5.92948717948718,925,0.6472283005714417,0.6245487364620939,386.267,,,,
0.6678,1.6102381944656372,0.00022426470588235296,6.089743589743589,950,,,,,,,
,,,6.089743589743589,950,0.652941107749939,0.6245487364620939,396.5663,,,,
0.6394,1.4583628177642822,0.00021507352941176473,6.25,975,,,,,,,
,,,6.25,975,0.6512381434440613,0.6173285198555957,407.1165,,,,
0.6503,2.54984712600708,0.00020588235294117645,6.410256410256411,1000,,,,,,,
,,,6.410256410256411,1000,0.6489120125770569,0.6173285198555957,417.2184,,,,
0.6187,1.659348964691162,0.00019669117647058823,6.57051282051282,1025,,,,,,,
,,,6.57051282051282,1025,0.6483352184295654,0.6137184115523465,427.8908,,,,
0.6208,0.6235215663909912,0.0001875,6.730769230769231,1050,,,,,,,
,,,6.730769230769231,1050,0.6478648781776428,0.6173285198555957,438.4125,,,,
0.6035,1.3422973155975342,0.00017830882352941178,6.891025641025641,1075,,,,,,,
,,,6.891025641025641,1075,0.6474962830543518,0.6101083032490975,449.4131,,,,
0.6096,1.0800758600234985,0.00016911764705882356,7.051282051282051,1100,,,,,,,
,,,7.051282051282051,1100,0.642103374004364,0.6498194945848376,459.6608,,,,
0.6306,2.6759161949157715,0.00015992647058823528,7.211538461538462,1125,,,,,,,
,,,7.211538461538462,1125,0.6408059000968933,0.6462093862815884,469.9178,,,,
0.6088,1.187588095664978,0.00015073529411764705,7.371794871794872,1150,,,,,,,
,,,7.371794871794872,1150,0.6480486989021301,0.6173285198555957,481.1323,,,,
0.6137,1.0328567028045654,0.00014154411764705883,7.532051282051282,1175,,,,,,,
,,,7.532051282051282,1175,0.6425922513008118,0.6389891696750902,491.2276,,,,
0.6125,0.6385630965232849,0.0001323529411764706,7.6923076923076925,1200,,,,,,,
,,,7.6923076923076925,1200,0.6396448612213135,0.6389891696750902,501.4348,,,,
0.616,1.271134853363037,0.00012316176470588235,7.852564102564102,1225,,,,,,,
,,,7.852564102564102,1225,0.6486712694168091,0.6173285198555957,511.9069,,,,
0.6385,2.690187692642212,0.00011397058823529411,8.012820512820513,1250,,,,,,,
,,,8.012820512820513,1250,0.6377663612365723,0.6389891696750902,522.2272,,,,
0.6266,1.7365355491638184,0.00010477941176470589,8.173076923076923,1275,,,,,,,
,,,8.173076923076923,1275,0.6388550996780396,0.6534296028880866,532.7669,,,,
0.6039,1.7620669603347778,9.558823529411764e-05,8.333333333333334,1300,,,,,,,
,,,8.333333333333334,1300,0.6443017721176147,0.6245487364620939,542.9423,,,,
0.6205,1.3566534519195557,8.639705882352941e-05,8.493589743589745,1325,,,,,,,
,,,8.493589743589745,1325,0.642510175704956,0.631768953068592,553.7022,,,,
0.6378,0.6158856153488159,7.720588235294118e-05,8.653846153846153,1350,,,,,,,
,,,8.653846153846153,1350,0.636705756187439,0.6353790613718412,563.6511,,,,
0.603,2.43941330909729,6.801470588235294e-05,8.814102564102564,1375,,,,,,,
,,,8.814102564102564,1375,0.6432616114616394,0.6245487364620939,574.0304,,,,
0.627,1.949713110923767,5.882352941176471e-05,8.974358974358974,1400,,,,,,,
,,,8.974358974358974,1400,0.6390501856803894,0.6462093862815884,584.2944,,,,
0.5829,1.6019295454025269,4.963235294117647e-05,9.134615384615385,1425,,,,,,,
,,,9.134615384615385,1425,0.6362256407737732,0.6425992779783394,594.4654,,,,
0.6371,0.7424530982971191,4.044117647058824e-05,9.294871794871796,1450,,,,,,,
,,,9.294871794871796,1450,0.6421366930007935,0.631768953068592,604.8894,,,,
0.5842,1.2506484985351562,3.125e-05,9.455128205128204,1475,,,,,,,
,,,9.455128205128204,1475,0.6372498273849487,0.6606498194945848,615.0656,,,,
0.6014,0.6154362559318542,2.2058823529411766e-05,9.615384615384615,1500,,,,,,,
,,,9.615384615384615,1500,0.6382853984832764,0.6462093862815884,625.9631,,,,
0.5935,2.3932182788848877,1.2867647058823528e-05,9.775641025641026,1525,,,,,,,
,,,9.775641025641026,1525,0.6376523375511169,0.6498194945848376,636.7074,,,,
0.6234,1.4014670848846436,3.6764705882352942e-06,9.935897435897436,1550,,,,,,,
,,,9.935897435897436,1550,0.637060821056366,0.6570397111913358,647.0161,,,,
,,,10.0,1560,,,649.636,38.329,2.401,2107327448341440.0,0.656685227728807
