loss,grad_norm,learning_rate,epoch,step,eval_loss,eval_accuracy,eval_f1,train_runtime,train_samples_per_second,train_steps_per_second,total_flos,train_loss
0.7008,1.440400242805481,2.5e-06,0.0,1,,,,,,,,
0.6565,0.8133648633956909,6.25e-05,0.11,25,,,,,,,,
,,,0.11,25,0.6356289982795715,0.6838235294117647,0.8122270742358079,5.8439,,,,
0.6606,1.2669094800949097,0.000125,0.22,50,,,,,,,,
,,,0.22,50,0.6251696944236755,0.6838235294117647,0.8122270742358079,11.3196,,,,
0.639,2.3642709255218506,0.0001875,0.33,75,,,,,,,,
,,,0.33,75,0.619817852973938,0.6838235294117647,0.8122270742358079,16.8633,,,,
0.6403,0.5993719696998596,0.00025,0.43,100,,,,,,,,
,,,0.43,100,0.6123136878013611,0.6838235294117647,0.8122270742358079,22.334,,,,
0.5894,0.8942556381225586,0.0003125,0.54,125,,,,,,,,
,,,0.54,125,0.5749415159225464,0.696078431372549,0.8171091445427728,27.876,,,,
0.5509,5.2483696937561035,0.000375,0.65,150,,,,,,,,
,,,0.65,150,0.47637876868247986,0.7696078431372549,0.8438538205980066,33.3414,,,,
0.5786,5.033146381378174,0.0004375,0.76,175,,,,,,,,
,,,0.76,175,0.5485899448394775,0.7450980392156863,0.7851239669421488,39.0286,,,,
0.5164,1.1574989557266235,0.0005,0.87,200,,,,,,,,
,,,0.87,200,0.42327162623405457,0.7990196078431373,0.8628762541806019,44.5753,,,,
0.5392,0.6223047375679016,0.0004940476190476191,0.98,225,,,,,,,,
,,,0.98,225,0.4282955527305603,0.8186274509803921,0.8737201365187712,50.1457,,,,
0.4711,1.320641279220581,0.0004880952380952381,1.09,250,,,,,,,,
,,,1.09,250,0.42062848806381226,0.8308823529411765,0.8844221105527639,55.4531,,,,
0.4723,0.9534348845481873,0.00048214285714285715,1.2,275,,,,,,,,
,,,1.2,275,0.4384323060512543,0.7794117647058824,0.8584905660377358,61.0062,,,,
0.4451,2.0182058811187744,0.0004761904761904762,1.3,300,,,,,,,,
,,,1.3,300,0.4184522032737732,0.8259803921568627,0.88107202680067,66.5185,,,,
0.4197,2.2109928131103516,0.00047023809523809523,1.41,325,,,,,,,,
,,,1.41,325,0.424408495426178,0.7892156862745098,0.8252032520325203,72.0561,,,,
0.4407,2.8143832683563232,0.00046428571428571433,1.52,350,,,,,,,,
,,,1.52,350,0.3610481321811676,0.8504901960784313,0.8920353982300885,77.5607,,,,
0.3924,1.1620564460754395,0.0004583333333333333,1.63,375,,,,,,,,
,,,1.63,375,0.35293036699295044,0.8357843137254902,0.8718929254302105,83.0283,,,,
0.3458,1.4880990982055664,0.00045238095238095237,1.74,400,,,,,,,,
,,,1.74,400,0.3654523491859436,0.8529411764705882,0.8920863309352518,88.5497,,,,
0.4383,1.8845890760421753,0.00044642857142857147,1.85,425,,,,,,,,
,,,1.85,425,0.355851948261261,0.8455882352941176,0.891566265060241,94.1116,,,,
0.3811,1.145796298980713,0.00044047619047619046,1.96,450,,,,,,,,
,,,1.96,450,0.34515076875686646,0.8431372549019608,0.8861209964412811,99.7273,,,,
0.3137,1.7280824184417725,0.00043452380952380956,2.07,475,,,,,,,,
,,,2.07,475,0.38799700140953064,0.8504901960784313,0.8908765652951698,105.0556,,,,
0.3607,0.9553927779197693,0.00042857142857142855,2.17,500,,,,,,,,
,,,2.17,500,0.32012706995010376,0.8406862745098039,0.8816029143897995,110.6253,,,,
0.3629,1.5855098962783813,0.00042261904761904765,2.28,525,,,,,,,,
,,,2.28,525,0.3187634348869324,0.8553921568627451,0.8905380333951763,116.7517,,,,
0.3177,1.3194379806518555,0.0004166666666666667,2.39,550,,,,,,,,
,,,2.39,550,0.3304450213909149,0.8651960784313726,0.8998178506375228,122.2653,,,,
0.3889,0.9970435500144958,0.0004107142857142857,2.5,575,,,,,,,,
,,,2.5,575,0.33793652057647705,0.8504901960784313,0.8953687821612349,127.7816,,,,
0.3198,1.134515643119812,0.0004047619047619048,2.61,600,,,,,,,,
,,,2.61,600,0.3352300524711609,0.8602941176470589,0.9001751313485115,133.3499,,,,
0.3239,1.8373091220855713,0.00039880952380952383,2.72,625,,,,,,,,
,,,2.72,625,0.4740462303161621,0.8308823529411765,0.8881685575364668,138.9231,,,,
0.4239,3.446650743484497,0.0003928571428571429,2.83,650,,,,,,,,
,,,2.83,650,0.36586296558380127,0.8480392156862745,0.8976897689768976,144.5495,,,,
0.3142,1.9284833669662476,0.0003869047619047619,2.93,675,,,,,,,,
,,,2.93,675,0.3499307334423065,0.8725490196078431,0.9094076655052264,150.1536,,,,
0.2903,1.674783706665039,0.00038095238095238096,3.04,700,,,,,,,,
,,,3.04,700,0.3355206549167633,0.8553921568627451,0.8984509466437176,155.5475,,,,
0.322,2.2920784950256348,0.000375,3.15,725,,,,,,,,
,,,3.15,725,0.386683851480484,0.8406862745098039,0.891846921797005,161.0653,,,,
0.3149,0.7814381122589111,0.00036904761904761905,3.26,750,,,,,,,,
,,,3.26,750,0.3431999981403351,0.8651960784313726,0.9050086355785838,166.6595,,,,
0.2597,3.827254295349121,0.0003630952380952381,3.37,775,,,,,,,,
,,,3.37,775,0.2979910671710968,0.8725490196078431,0.9068100358422939,172.0742,,,,
0.3112,2.387444496154785,0.00035714285714285714,3.48,800,,,,,,,,
,,,3.48,800,0.3230123817920685,0.8700980392156863,0.9087779690189328,177.6079,,,,
0.3288,1.2788965702056885,0.0003511904761904762,3.59,825,,,,,,,,
,,,3.59,825,0.30260053277015686,0.8700980392156863,0.9071803852889667,183.1741,,,,
0.3245,2.2416186332702637,0.00034523809523809523,3.7,850,,,,,,,,
,,,3.7,850,0.3137162923812866,0.8676470588235294,0.9059233449477352,188.7955,,,,
0.2923,4.639409065246582,0.00033928571428571433,3.8,875,,,,,,,,
,,,3.8,875,0.31068456172943115,0.8725490196078431,0.9071428571428571,194.3679,,,,
0.3016,2.5958359241485596,0.0003333333333333333,3.91,900,,,,,,,,
,,,3.91,900,0.30758920311927795,0.8676470588235294,0.9059233449477352,199.93,,,,
0.322,2.7345409393310547,0.00032738095238095237,4.02,925,,,,,,,,
,,,4.02,925,0.31836020946502686,0.8725490196078431,0.9057971014492753,205.3769,,,,
0.2376,1.3530021905899048,0.00032142857142857147,4.13,950,,,,,,,,
,,,4.13,950,0.3006540834903717,0.875,0.9103690685413005,210.9669,,,,
0.2675,4.600142002105713,0.00031547619047619046,4.24,975,,,,,,,,
,,,4.24,975,0.3537025451660156,0.8676470588235294,0.9084745762711864,216.4576,,,,
0.2907,1.0077486038208008,0.00030952380952380956,4.35,1000,,,,,,,,
,,,4.35,1000,0.3213631808757782,0.8700980392156863,0.9094017094017094,221.9237,,,,
0.2814,1.726885437965393,0.00030357142857142855,4.46,1025,,,,,,,,
,,,4.46,1025,0.3080977499485016,0.8872549019607843,0.9151291512915128,228.2513,,,,
0.2559,1.9544399976730347,0.00029761904761904765,4.57,1050,,,,,,,,
,,,4.57,1050,0.30892449617385864,0.8725490196078431,0.9081272084805654,233.781,,,,
0.2207,1.1176517009735107,0.0002916666666666667,4.67,1075,,,,,,,,
,,,4.67,1075,0.3136586546897888,0.8700980392156863,0.9055258467023173,239.3551,,,,
0.2294,1.4637277126312256,0.0002857142857142857,4.78,1100,,,,,,,,
,,,4.78,1100,0.3226381242275238,0.8823529411764706,0.9145907473309609,244.885,,,,
0.2467,0.9745451211929321,0.0002797619047619048,4.89,1125,,,,,,,,
,,,4.89,1125,0.3210122287273407,0.8799019607843137,0.9123434704830053,250.4675,,,,
0.2384,0.06066574156284332,0.0002738095238095238,5.0,1150,,,,,,,,
,,,5.0,1150,0.32480865716934204,0.8799019607843137,0.9113924050632911,255.9839,,,,
0.184,0.4569481611251831,0.00026785714285714287,5.11,1175,,,,,,,,
,,,5.11,1175,0.3105664849281311,0.8897058823529411,0.9200710479573712,261.4534,,,,
0.2405,3.070772171020508,0.0002619047619047619,5.22,1200,,,,,,,,
,,,5.22,1200,0.3455181121826172,0.8774509803921569,0.9131944444444444,267.077,,,,
0.2052,0.8871693015098572,0.00025595238095238096,5.33,1225,,,,,,,,
,,,5.33,1225,0.32971230149269104,0.8970588235294118,0.9249999999999999,272.625,,,,
0.2647,0.8005183935165405,0.00025,5.43,1250,,,,,,,,
,,,5.43,1250,0.33330079913139343,0.8823529411764706,0.9142857142857143,278.1431,,,,
0.1819,2.5620169639587402,0.00024404761904761905,5.54,1275,,,,,,,,
,,,5.54,1275,0.3724532425403595,0.8848039215686274,0.9143897996357014,283.6284,,,,
0.2002,1.748603105545044,0.0002380952380952381,5.65,1300,,,,,,,,
,,,5.65,1300,0.3620032072067261,0.8774509803921569,0.9100719424460433,289.221,,,,
0.1805,1.230884075164795,0.00023214285714285717,5.76,1325,,,,,,,,
,,,5.76,1325,0.35962721705436707,0.875,0.9090909090909091,294.8163,,,,
0.2524,1.532204508781433,0.00022619047619047618,5.87,1350,,,,,,,,
,,,5.87,1350,0.3316892087459564,0.8676470588235294,0.9049295774647886,300.4866,,,,
0.2529,0.6551698446273804,0.00022023809523809523,5.98,1375,,,,,,,,
,,,5.98,1375,0.3335990011692047,0.8700980392156863,0.9034608378870674,306.1213,,,,
0.1596,2.451930522918701,0.00021428571428571427,6.09,1400,,,,,,,,
,,,6.09,1400,0.4222140610218048,0.8676470588235294,0.9081632653061223,311.6166,,,,
0.1827,0.6543983221054077,0.00020833333333333335,6.2,1425,,,,,,,,
,,,6.2,1425,0.39144572615623474,0.8651960784313726,0.9050086355785838,317.2946,,,,
0.1757,1.1111319065093994,0.0002023809523809524,6.3,1450,,,,,,,,
,,,6.3,1450,0.44841432571411133,0.8578431372549019,0.8909774436090225,322.7676,,,,
0.2348,0.7113320231437683,0.00019642857142857144,6.41,1475,,,,,,,,
,,,6.41,1475,0.3867573142051697,0.8848039215686274,0.9171075837742505,328.3227,,,,
0.2396,0.6737481951713562,0.00019047619047619048,6.52,1500,,,,,,,,
,,,6.52,1500,0.36478736996650696,0.8774509803921569,0.9113475177304964,333.8605,,,,
0.1404,3.2718939781188965,0.00018452380952380953,6.63,1525,,,,,,,,
,,,6.63,1525,0.4258158802986145,0.8725490196078431,0.9071428571428571,340.2932,,,,
0.2059,0.9266107678413391,0.00017857142857142857,6.74,1550,,,,,,,,
,,,6.74,1550,0.43461108207702637,0.8774509803921569,0.9084249084249084,345.7973,,,,
0.1903,1.2145512104034424,0.00017261904761904762,6.85,1575,,,,,,,,
,,,6.85,1575,0.40656280517578125,0.875,0.9094138543516875,351.3089,,,,
0.1721,0.587864339351654,0.00016666666666666666,6.96,1600,,,,,,,,
,,,6.96,1600,0.3938124477863312,0.8799019607843137,0.9123434704830053,356.9056,,,,
0.1825,1.527820348739624,0.00016071428571428573,7.07,1625,,,,,,,,
,,,7.07,1625,0.3852947950363159,0.8848039215686274,0.9147005444646098,362.3174,,,,
0.1855,1.6439111232757568,0.00015476190476190478,7.17,1650,,,,,,,,
,,,7.17,1650,0.37420234084129333,0.8823529411764706,0.9130434782608696,367.8065,,,,
0.1608,1.0021889209747314,0.00014880952380952382,7.28,1675,,,,,,,,
,,,7.28,1675,0.3794058561325073,0.8676470588235294,0.9072164948453608,373.3453,,,,
0.152,1.2080471515655518,0.00014285714285714284,7.39,1700,,,,,,,,
,,,7.39,1700,0.404016375541687,0.8897058823529411,0.9203539823008849,378.9316,,,,
0.151,0.3819710314273834,0.0001369047619047619,7.5,1725,,,,,,,,
,,,7.5,1725,0.47824814915657043,0.8799019607843137,0.9087523277467412,384.5926,,,,
0.174,1.4660260677337646,0.00013095238095238096,7.61,1750,,,,,,,,
,,,7.61,1750,0.3875048756599426,0.8823529411764706,0.9136690647482014,390.1652,,,,
0.2078,2.6557676792144775,0.000125,7.72,1775,,,,,,,,
,,,7.72,1775,0.39472752809524536,0.8848039215686274,0.917975567190227,395.7954,,,,
0.1251,0.8610326051712036,0.00011904761904761905,7.83,1800,,,,,,,,
,,,7.83,1800,0.3885704576969147,0.8897058823529411,0.9192100538599641,401.2859,,,,
0.2051,1.3756811618804932,0.00011309523809523809,7.93,1825,,,,,,,,
,,,7.93,1825,0.37475675344467163,0.8774509803921569,0.9087591240875913,407.0734,,,,
0.1819,2.6533501148223877,0.00010714285714285714,8.04,1850,,,,,,,,
,,,8.04,1850,0.38577184081077576,0.8774509803921569,0.9125874125874125,412.4807,,,,
0.1196,0.3359721899032593,0.0001011904761904762,8.15,1875,,,,,,,,
,,,8.15,1875,0.4027101993560791,0.8799019607843137,0.9117117117117116,418.0859,,,,
0.1102,0.07332111150026321,9.523809523809524e-05,8.26,1900,,,,,,,,
,,,8.26,1900,0.42179954051971436,0.8848039215686274,0.9162210338680927,423.6422,,,,
0.1508,1.1261169910430908,8.928571428571429e-05,8.37,1925,,,,,,,,
,,,8.37,1925,0.40455830097198486,0.8774509803921569,0.9097472924187725,429.2609,,,,
0.1251,1.138810396194458,8.333333333333333e-05,8.48,1950,,,,,,,,
,,,8.48,1950,0.43285852670669556,0.8774509803921569,0.912280701754386,434.849,,,,
0.109,3.2543790340423584,7.738095238095239e-05,8.59,1975,,,,,,,,
,,,8.59,1975,0.44996964931488037,0.8651960784313726,0.9043478260869565,440.3143,,,,
0.1519,1.6829484701156616,7.142857142857142e-05,8.7,2000,,,,,,,,
,,,8.7,2000,0.44411492347717285,0.8799019607843137,0.9135802469135803,445.8495,,,,
0.1472,2.657592535018921,6.547619047619048e-05,8.8,2025,,,,,,,,
,,,8.8,2025,0.44682401418685913,0.8774509803921569,0.9094202898550725,452.0333,,,,
0.1811,3.8525404930114746,5.9523809523809524e-05,8.91,2050,,,,,,,,
,,,8.91,2050,0.4294068217277527,0.8799019607843137,0.9132743362831858,457.6341,,,,
0.2075,0.7457525730133057,5.357142857142857e-05,9.02,2075,,,,,,,,
,,,9.02,2075,0.40972015261650085,0.8872549019607843,0.9175627240143369,463.02,,,,
0.079,0.36446475982666016,4.761904761904762e-05,9.13,2100,,,,,,,,
,,,9.13,2100,0.4268040060997009,0.8799019607843137,0.9117117117117116,468.5692,,,,
0.1208,0.169629767537117,4.1666666666666665e-05,9.24,2125,,,,,,,,
,,,9.24,2125,0.4474194049835205,0.8799019607843137,0.9113924050632911,474.059,,,,
0.1792,0.41139382123947144,3.571428571428571e-05,9.35,2150,,,,,,,,
,,,9.35,2150,0.4481674134731293,0.8823529411764706,0.915492957746479,479.6305,,,,
0.1688,0.6797972917556763,2.9761904761904762e-05,9.46,2175,,,,,,,,
,,,9.46,2175,0.4229665994644165,0.8872549019607843,0.9184397163120569,485.184,,,,
0.1308,1.7451895475387573,2.380952380952381e-05,9.57,2200,,,,,,,,
,,,9.57,2200,0.4195661246776581,0.8872549019607843,0.9184397163120569,490.7763,,,,
0.156,0.9052702188491821,1.7857142857142855e-05,9.67,2225,,,,,,,,
,,,9.67,2225,0.413930207490921,0.8897058823529411,0.9192100538599641,496.2794,,,,
0.1214,0.285484254360199,1.1904761904761905e-05,9.78,2250,,,,,,,,
,,,9.78,2250,0.41157883405685425,0.8921568627450981,0.9217081850533807,501.8424,,,,
0.1214,2.340853452682495,5.9523809523809525e-06,9.89,2275,,,,,,,,
,,,9.89,2275,0.41394588351249695,0.8897058823529411,0.9200710479573712,507.4434,,,,
0.1222,0.22352616488933563,0.0,10.0,2300,,,,,,,,
,,,10.0,2300,0.4143837094306946,0.8872549019607843,0.9178571428571428,512.9557,,,,
,,,10.0,2300,,,,512.6131,71.555,4.487,1490749903787424.0,0.2775184158656908
