loss,grad_norm,learning_rate,epoch,step,eval_loss,eval_accuracy,eval_f1,train_runtime,train_samples_per_second,train_steps_per_second,total_flos,train_loss
1.1838,4.296647548675537,1e-05,0.0625,1,,,,,,,,
1.0918,3.362959861755371,0.0001,0.625,10,,,,,,,,
,,,0.625,10,1.0323172807693481,0.4107142857142857,0.1940928270042194,4.8792,,,,
0.9319,3.5984270572662354,0.0002,1.25,20,,,,,,,,
,,,1.25,20,0.9018172025680542,0.6785714285714286,0.4733286745865362,9.3594,,,,
0.876,2.0937325954437256,0.0003,1.875,30,,,,,,,,
,,,1.875,30,0.8343278765678406,0.6785714285714286,0.47478301665493783,13.7157,,,,
0.7811,1.9046730995178223,0.0004,2.5,40,,,,,,,,
,,,2.5,40,0.7467138171195984,0.6964285714285714,0.4872881355932203,18.0092,,,,
0.5962,1.5585356950759888,0.0005,3.125,50,,,,,,,,
,,,3.125,50,0.6447340846061707,0.7142857142857143,0.49642769154964284,22.3583,,,,
0.3952,1.3216489553451538,0.00048148148148148144,3.75,60,,,,,,,,
,,,3.75,60,0.7111309766769409,0.8035714285714286,0.5603197674418604,26.8374,,,,
0.2282,7.2675862312316895,0.000462962962962963,4.375,70,,,,,,,,
,,,4.375,70,0.6115036606788635,0.7857142857142857,0.6291866028708134,31.0102,,,,
0.1632,0.2901501953601837,0.0004444444444444444,5.0,80,,,,,,,,
,,,5.0,80,0.8438645601272583,0.8214285714285714,0.5740080779282489,35.3429,,,,
0.1733,4.237752914428711,0.00042592592592592595,5.625,90,,,,,,,,
,,,5.625,90,0.6926771402359009,0.8571428571428571,0.7734369455680931,40.0861,,,,
0.2483,5.460286617279053,0.0004074074074074074,6.25,100,,,,,,,,
,,,6.25,100,0.9396628141403198,0.8571428571428571,0.8250000000000001,44.2993,,,,
0.0761,0.08094241470098495,0.0003888888888888889,6.875,110,,,,,,,,
,,,6.875,110,0.6810637712478638,0.8928571428571429,0.7997717605560744,48.5881,,,,
0.0508,1.5416738986968994,0.00037037037037037035,7.5,120,,,,,,,,
,,,7.5,120,0.35441040992736816,0.8928571428571429,0.8495481127060073,52.5856,,,,
0.0118,0.015841487795114517,0.0003518518518518519,8.125,130,,,,,,,,
,,,8.125,130,0.4505496025085449,0.9107142857142857,0.9104726510386887,57.1414,,,,
0.0143,2.663857936859131,0.0003333333333333333,8.75,140,,,,,,,,
,,,8.75,140,0.45329245924949646,0.9107142857142857,0.9047376896347149,61.9751,,,,
0.0099,0.4098640978336334,0.0003148148148148148,9.375,150,,,,,,,,
,,,9.375,150,0.6580970883369446,0.875,0.8544315607090498,66.3528,,,,
0.008,0.0006033161771483719,0.0002962962962962963,10.0,160,,,,,,,,
,,,10.0,160,0.4255567491054535,0.9107142857142857,0.9104084321475625,70.6835,,,,
0.0194,0.0035489294677972794,0.0002777777777777778,10.625,170,,,,,,,,
,,,10.625,170,0.5693590044975281,0.875,0.8392857142857143,75.4121,,,,
0.0323,2.4727494716644287,0.00025925925925925926,11.25,180,,,,,,,,
,,,11.25,180,0.5358543992042542,0.9107142857142857,0.9329917225068979,79.6955,,,,
0.0003,0.003318056231364608,0.00024074074074074072,11.875,190,,,,,,,,
,,,11.875,190,0.6049137115478516,0.9285714285714286,0.9460317460317459,84.398,,,,
0.0003,0.003330444684252143,0.0002222222222222222,12.5,200,,,,,,,,
,,,12.5,200,0.5817143321037292,0.9285714285714286,0.9460317460317459,88.6363,,,,
0.0006,0.0024217532481998205,0.0002037037037037037,13.125,210,,,,,,,,
,,,13.125,210,0.5008349418640137,0.8928571428571429,0.920062695924765,92.9178,,,,
0.0012,0.0011008228175342083,0.00018518518518518518,13.75,220,,,,,,,,
,,,13.75,220,0.5115959644317627,0.9107142857142857,0.9342359767891683,97.7289,,,,
0.0003,0.0011786617105826735,0.00016666666666666666,14.375,230,,,,,,,,
,,,14.375,230,0.5301754474639893,0.9285714285714286,0.9475308641975309,102.3915,,,,
0.0002,0.0007456369930878282,0.00014814814814814815,15.0,240,,,,,,,,
,,,15.0,240,0.546517550945282,0.9285714285714286,0.9475308641975309,106.5967,,,,
0.0001,0.000760128372348845,0.00012962962962962963,15.625,250,,,,,,,,
,,,15.625,250,0.5516135096549988,0.9285714285714286,0.9475308641975309,111.0103,,,,
0.0001,0.0016629229066893458,0.0001111111111111111,16.25,260,,,,,,,,
,,,16.25,260,0.5546361804008484,0.9285714285714286,0.9475308641975309,115.5416,,,,
0.0001,0.001041254261508584,9.259259259259259e-05,16.875,270,,,,,,,,
,,,16.875,270,0.5588509440422058,0.9285714285714286,0.9475308641975309,119.9918,,,,
0.0001,0.006834023632109165,7.407407407407407e-05,17.5,280,,,,,,,,
,,,17.5,280,0.5608903169631958,0.9107142857142857,0.9342359767891683,124.6824,,,,
0.0001,0.00031143109663389623,5.555555555555555e-05,18.125,290,,,,,,,,
,,,18.125,290,0.5624828934669495,0.9107142857142857,0.9342359767891683,128.9816,,,,
0.0,0.0023910964373499155,3.7037037037037037e-05,18.75,300,,,,,,,,
,,,18.75,300,0.5633736848831177,0.9107142857142857,0.9342359767891683,133.6841,,,,
0.0001,0.008348174393177032,1.8518518518518518e-05,19.375,310,,,,,,,,
,,,19.375,310,0.5637205839157104,0.9107142857142857,0.9342359767891683,137.721,,,,
0.0,0.0010446105152368546,0.0,20.0,320,,,,,,,,
,,,20.0,320,0.5638335943222046,0.9107142857142857,0.9342359767891683,142.2589,,,,
,,,20.0,320,,,,141.7275,35.279,2.258,474551269876800.0,0.17876193348329253
