loss,grad_norm,learning_rate,epoch,step,eval_loss,eval_accuracy,eval_f1,train_runtime,train_samples_per_second,train_steps_per_second,total_flos,train_loss
1.9324,2.645994186401367,1e-05,0.004347826086956522,1,,,,,,,,
1.8206,2.1017425060272217,0.00025,0.10869565217391304,25,,,,,,,,
,,,0.10869565217391304,25,1.6869723796844482,0.6838235294117647,0.8122270742358079,7.2366,,,,
1.4879,0.6280068755149841,0.0005,0.21739130434782608,50,,,,,,,,
,,,0.21739130434782608,50,1.0466325283050537,0.6838235294117647,0.8122270742358079,13.8076,,,,
0.7835,1.0873141288757324,0.00075,0.32608695652173914,75,,,,,,,,
,,,0.32608695652173914,75,0.6973811984062195,0.6838235294117647,0.8122270742358079,20.8011,,,,
0.6969,1.382677674293518,0.001,0.43478260869565216,100,,,,,,,,
,,,0.43478260869565216,100,0.6260111331939697,0.6838235294117647,0.8122270742358079,27.4555,,,,
0.6279,0.7918082475662231,0.00125,0.5434782608695652,125,,,,,,,,
,,,0.5434782608695652,125,0.6211753487586975,0.6838235294117647,0.8122270742358079,34.2621,,,,
0.6125,2.3656835556030273,0.0015,0.6521739130434783,150,,,,,,,,
,,,0.6521739130434783,150,0.5966259837150574,0.696078431372549,0.8160237388724035,40.8747,,,,
0.7582,0.8556095957756042,0.00175,0.7608695652173914,175,,,,,,,,
,,,0.7608695652173914,175,0.6178940534591675,0.6838235294117647,0.8122270742358079,47.8359,,,,
0.6499,0.7560521364212036,0.002,0.8695652173913043,200,,,,,,,,
,,,0.8695652173913043,200,0.6018784642219543,0.6936274509803921,0.8148148148148147,54.6681,,,,
0.6376,1.7575232982635498,0.0019761904761904764,0.9782608695652174,225,,,,,,,,
,,,0.9782608695652174,225,0.6201919317245483,0.696078431372549,0.7469387755102042,61.3679,,,,
0.548,1.1919631958007812,0.0019523809523809524,1.0869565217391304,250,,,,,,,,
,,,1.0869565217391304,250,0.5735187530517578,0.7279411764705882,0.7784431137724551,67.9699,,,,
0.6365,0.9379093647003174,0.0019285714285714286,1.1956521739130435,275,,,,,,,,
,,,1.1956521739130435,275,0.5213137269020081,0.7230392156862745,0.8269525267993874,74.6566,,,,
0.5934,4.965196132659912,0.0019047619047619048,1.3043478260869565,300,,,,,,,,
,,,1.3043478260869565,300,0.5656082034111023,0.7377450980392157,0.7820773930753564,81.5682,,,,
0.5331,2.075852155685425,0.001880952380952381,1.4130434782608696,325,,,,,,,,
,,,1.4130434782608696,325,0.500847339630127,0.7916666666666666,0.8310139165009941,88.2443,,,,
0.6079,2.372947931289673,0.0018571428571428573,1.5217391304347827,350,,,,,,,,
,,,1.5217391304347827,350,0.4356520473957062,0.8112745098039216,0.8612612612612611,95.1617,,,,
0.5253,1.1721992492675781,0.0018333333333333333,1.6304347826086958,375,,,,,,,,
,,,1.6304347826086958,375,0.40465134382247925,0.8112745098039216,0.8555347091932459,101.7155,,,,
0.4725,1.1232848167419434,0.0018095238095238095,1.7391304347826086,400,,,,,,,,
,,,1.7391304347826086,400,0.3868696093559265,0.8504901960784313,0.8927943760984183,108.6041,,,,
0.5563,3.7520172595977783,0.0017857142857142859,1.8478260869565217,425,,,,,,,,
,,,1.8478260869565217,425,0.4436068832874298,0.8431372549019608,0.8814814814814815,115.3298,,,,
0.5196,3.355839729309082,0.0017619047619047618,1.9565217391304348,450,,,,,,,,
,,,1.9565217391304348,450,0.41934525966644287,0.8382352941176471,0.888135593220339,122.3565,,,,
0.4738,1.5019664764404297,0.0017380952380952382,2.0652173913043477,475,,,,,,,,
,,,2.0652173913043477,475,0.40051838755607605,0.8455882352941176,0.8900523560209423,128.8695,,,,
0.4697,0.9413143396377563,0.0017142857142857142,2.1739130434782608,500,,,,,,,,
,,,2.1739130434782608,500,0.38007959723472595,0.8406862745098039,0.8841354723707666,135.8056,,,,
0.4166,1.864739179611206,0.0016904761904761906,2.282608695652174,525,,,,,,,,
,,,2.282608695652174,525,0.38486936688423157,0.8382352941176471,0.88339222614841,142.992,,,,
0.4285,1.3003513813018799,0.0016666666666666668,2.391304347826087,550,,,,,,,,
,,,2.391304347826087,550,0.3962031304836273,0.8333333333333334,0.8768115942028986,149.7335,,,,
0.4589,1.9586821794509888,0.0016428571428571427,2.5,575,,,,,,,,
,,,2.5,575,0.44074034690856934,0.8137254901960784,0.8770226537216828,156.4845,,,,
0.4431,2.865673065185547,0.0016190476190476191,2.608695652173913,600,,,,,,,,
,,,2.608695652173913,600,0.3751804530620575,0.8553921568627451,0.8944543828264758,163.1591,,,,
0.4294,1.3500746488571167,0.0015952380952380953,2.717391304347826,625,,,,,,,,
,,,2.717391304347826,625,0.46017929911613464,0.8284313725490197,0.8848684210526315,170.0717,,,,
0.4857,2.113194227218628,0.0015714285714285715,2.8260869565217392,650,,,,,,,,
,,,2.8260869565217392,650,0.39725255966186523,0.8186274509803921,0.862453531598513,176.8043,,,,
0.3839,2.502009630203247,0.0015476190476190477,2.9347826086956523,675,,,,,,,,
,,,2.9347826086956523,675,0.417671799659729,0.8382352941176471,0.8862068965517241,183.7883,,,,
0.4086,1.3180631399154663,0.0015238095238095239,3.0434782608695654,700,,,,,,,,
,,,3.0434782608695654,700,0.40594300627708435,0.8333333333333334,0.8831615120274915,190.2297,,,,
0.3717,1.9597418308258057,0.0015,3.1521739130434785,725,,,,,,,,
,,,3.1521739130434785,725,0.39655011892318726,0.8480392156862745,0.8868613138686131,197.1131,,,,
0.3656,1.5638729333877563,0.0014761904761904762,3.260869565217391,750,,,,,,,,
,,,3.260869565217391,750,0.3346308767795563,0.8602941176470589,0.900523560209424,203.846,,,,
0.3122,0.9584197998046875,0.0014523809523809524,3.369565217391304,775,,,,,,,,
,,,3.369565217391304,775,0.4380178153514862,0.8284313725490197,0.8844884488448845,210.5877,,,,
0.3568,1.7204197645187378,0.0014285714285714286,3.4782608695652173,800,,,,,,,,
,,,3.4782608695652173,800,0.40961065888404846,0.8504901960784313,0.8957264957264958,217.287,,,,
0.3892,2.7115955352783203,0.0014047619047619047,3.5869565217391304,825,,,,,,,,
,,,3.5869565217391304,825,0.3480607867240906,0.8578431372549019,0.8971631205673759,224.2158,,,,
0.3861,2.055046319961548,0.001380952380952381,3.6956521739130435,850,,,,,,,,
,,,3.6956521739130435,850,0.41086024045944214,0.8406862745098039,0.8794063079777366,231.0137,,,,
0.3759,5.183689594268799,0.0013571428571428573,3.8043478260869565,875,,,,,,,,
,,,3.8043478260869565,875,0.47855719923973083,0.8529411764705882,0.888888888888889,237.908,,,,
0.3884,1.771170973777771,0.0013333333333333333,3.9130434782608696,900,,,,,,,,
,,,3.9130434782608696,900,0.407818078994751,0.8578431372549019,0.8964285714285715,244.649,,,,
0.4128,1.3031100034713745,0.0013095238095238095,4.021739130434782,925,,,,,,,,
,,,4.021739130434782,925,0.3511947989463806,0.8455882352941176,0.887298747763864,251.4106,,,,
0.2969,1.858741283416748,0.0012857142857142859,4.130434782608695,950,,,,,,,,
,,,4.130434782608695,950,0.3570958077907562,0.8676470588235294,0.901098901098901,258.1546,,,,
0.393,3.581334114074707,0.0012619047619047618,4.239130434782608,975,,,,,,,,
,,,4.239130434782608,975,0.4677567183971405,0.7990196078431373,0.86984126984127,264.9278,,,,
0.387,3.0441839694976807,0.0012380952380952382,4.3478260869565215,1000,,,,,,,,
,,,4.3478260869565215,1000,0.3415835499763489,0.8602941176470589,0.8976660682226212,271.5776,,,,
0.3445,1.3006054162979126,0.0012142857142857142,4.456521739130435,1025,,,,,,,,
,,,4.456521739130435,1025,0.33943307399749756,0.8676470588235294,0.9021739130434783,279.0746,,,,
0.3209,4.361001968383789,0.0011904761904761906,4.565217391304348,1050,,,,,,,,
,,,4.565217391304348,1050,0.42369019985198975,0.8676470588235294,0.9075342465753423,285.9745,,,,
0.2789,1.1345651149749756,0.0011666666666666668,4.673913043478261,1075,,,,,,,,
,,,4.673913043478261,1075,0.358739972114563,0.8651960784313726,0.9016100178890876,292.6818,,,,
0.3156,2.1398394107818604,0.0011428571428571427,4.782608695652174,1100,,,,,,,,
,,,4.782608695652174,1100,0.3327052891254425,0.8774509803921569,0.9113475177304964,299.5701,,,,
0.3294,1.5770719051361084,0.0011190476190476191,4.891304347826087,1125,,,,,,,,
,,,4.891304347826087,1125,0.33417877554893494,0.8823529411764706,0.9130434782608696,306.2805,,,,
0.308,0.503555953502655,0.0010952380952380953,5.0,1150,,,,,,,,
,,,5.0,1150,0.3181298077106476,0.8676470588235294,0.9028776978417268,313.2123,,,,
0.2118,1.2739436626434326,0.0010714285714285715,5.108695652173913,1175,,,,,,,,
,,,5.108695652173913,1175,0.430909126996994,0.8676470588235294,0.9021739130434783,319.815,,,,
0.352,1.2600386142730713,0.0010476190476190477,5.217391304347826,1200,,,,,,,,
,,,5.217391304347826,1200,0.34017595648765564,0.8651960784313726,0.8994515539305302,326.788,,,,
0.274,2.9495482444763184,0.0010238095238095238,5.326086956521739,1225,,,,,,,,
,,,5.326086956521739,1225,0.34710732102394104,0.8627450980392157,0.8981818181818181,333.5428,,,,
0.3077,1.5229535102844238,0.001,5.434782608695652,1250,,,,,,,,
,,,5.434782608695652,1250,0.35654395818710327,0.8651960784313726,0.9040139616055847,340.3832,,,,
0.2476,4.787836074829102,0.0009761904761904762,5.543478260869565,1275,,,,,,,,
,,,5.543478260869565,1275,0.46147024631500244,0.8578431372549019,0.8945454545454546,347.0209,,,,
0.27,1.7161474227905273,0.0009523809523809524,5.6521739130434785,1300,,,,,,,,
,,,5.6521739130434785,1300,0.35648980736732483,0.8651960784313726,0.8998178506375228,353.8492,,,,
0.3083,1.4882732629776,0.0009285714285714287,5.760869565217392,1325,,,,,,,,
,,,5.760869565217392,1325,0.32978177070617676,0.8676470588235294,0.9039145907473309,360.665,,,,
0.2851,2.1105728149414062,0.0009047619047619047,5.869565217391305,1350,,,,,,,,
,,,5.869565217391305,1350,0.43086451292037964,0.8602941176470589,0.9025641025641027,367.5418,,,,
0.3121,1.3463184833526611,0.0008809523809523809,5.978260869565218,1375,,,,,,,,
,,,5.978260869565218,1375,0.3616851270198822,0.8553921568627451,0.8998302207130731,374.5032,,,,
0.2225,7.363866329193115,0.0008571428571428571,6.086956521739131,1400,,,,,,,,
,,,6.086956521739131,1400,0.5446799993515015,0.8578431372549019,0.903010033444816,381.1557,,,,
0.2732,2.067427635192871,0.0008333333333333334,6.195652173913044,1425,,,,,,,,
,,,6.195652173913044,1425,0.4542282819747925,0.8651960784313726,0.9046793760831888,388.1675,,,,
0.2563,3.356039047241211,0.0008095238095238096,6.304347826086957,1450,,,,,,,,
,,,6.304347826086957,1450,0.44266700744628906,0.8529411764705882,0.8876404494382023,394.7059,,,,
0.2656,1.025347113609314,0.0007857142857142857,6.413043478260869,1475,,,,,,,,
,,,6.413043478260869,1475,0.34716618061065674,0.8627450980392157,0.8989169675090252,401.5936,,,,
0.2354,1.2173230648040771,0.0007619047619047619,6.521739130434782,1500,,,,,,,,
,,,6.521739130434782,1500,0.4208277463912964,0.8651960784313726,0.8983364140480593,408.2076,,,,
0.2231,3.5696263313293457,0.0007380952380952381,6.630434782608695,1525,,,,,,,,
,,,6.630434782608695,1525,0.44397827982902527,0.8578431372549019,0.9003436426116839,415.8009,,,,
0.2557,0.5930227041244507,0.0007142857142857143,6.739130434782608,1550,,,,,,,,
,,,6.739130434782608,1550,0.38251641392707825,0.8700980392156863,0.9045045045045046,422.4079,,,,
0.2333,1.3738595247268677,0.0006904761904761905,6.8478260869565215,1575,,,,,,,,
,,,6.8478260869565215,1575,0.3930710554122925,0.875,0.9087656529516995,429.364,,,,
0.2385,1.9283705949783325,0.0006666666666666666,6.956521739130435,1600,,,,,,,,
,,,6.956521739130435,1600,0.39630886912345886,0.8627450980392157,0.8992805755395683,436.1354,,,,
0.1926,2.0123255252838135,0.0006428571428571429,7.065217391304348,1625,,,,,,,,
,,,7.065217391304348,1625,0.41163337230682373,0.8578431372549019,0.8921933085501859,442.9687,,,,
0.2222,1.677377462387085,0.0006190476190476191,7.173913043478261,1650,,,,,,,,
,,,7.173913043478261,1650,0.42752254009246826,0.8676470588235294,0.901098901098901,449.6039,,,,
0.1976,1.494808316230774,0.0005952380952380953,7.282608695652174,1675,,,,,,,,
,,,7.282608695652174,1675,0.37378835678100586,0.8676470588235294,0.9032258064516129,456.4847,,,,
0.185,1.3147953748703003,0.0005714285714285714,7.391304347826087,1700,,,,,,,,
,,,7.391304347826087,1700,0.4131712019443512,0.8823529411764706,0.9166666666666667,463.2689,,,,
0.1509,2.2978458404541016,0.0005476190476190477,7.5,1725,,,,,,,,
,,,7.5,1725,0.4784526526927948,0.8627450980392157,0.9003558718861211,470.2167,,,,
0.2377,4.81266450881958,0.0005238095238095238,7.608695652173913,1750,,,,,,,,
,,,7.608695652173913,1750,0.4322493374347687,0.8651960784313726,0.9019607843137256,476.9918,,,,
0.2277,2.4703290462493896,0.0005,7.717391304347826,1775,,,,,,,,
,,,7.717391304347826,1775,0.40126127004623413,0.8700980392156863,0.9075043630017452,483.8627,,,,
0.1828,1.4360464811325073,0.0004761904761904762,7.826086956521739,1800,,,,,,,,
,,,7.826086956521739,1800,0.4295201003551483,0.8700980392156863,0.9084628670120898,490.5706,,,,
0.1876,1.8673309087753296,0.00045238095238095237,7.934782608695652,1825,,,,,,,,
,,,7.934782608695652,1825,0.3998959958553314,0.8774509803921569,0.9107142857142857,497.5055,,,,
0.2052,1.7399396896362305,0.00042857142857142855,8.043478260869565,1850,,,,,,,,
,,,8.043478260869565,1850,0.3840070962905884,0.8774509803921569,0.9107142857142857,504.2841,,,,
0.121,1.0829147100448608,0.0004047619047619048,8.152173913043478,1875,,,,,,,,
,,,8.152173913043478,1875,0.42385077476501465,0.8725490196078431,0.907473309608541,510.9892,,,,
0.1152,0.17496591806411743,0.00038095238095238096,8.26086956521739,1900,,,,,,,,
,,,8.26086956521739,1900,0.4892481565475464,0.8700980392156863,0.9075043630017452,517.9037,,,,
0.1508,3.300342559814453,0.00035714285714285714,8.369565217391305,1925,,,,,,,,
,,,8.369565217391305,1925,0.4806365966796875,0.8627450980392157,0.8978102189781021,524.6681,,,,
0.1707,4.3525710105896,0.0003333333333333333,8.478260869565217,1950,,,,,,,,
,,,8.478260869565217,1950,0.45926758646965027,0.8700980392156863,0.9061946902654867,531.6548,,,,
0.087,3.1607210636138916,0.00030952380952380956,8.58695652173913,1975,,,,,,,,
,,,8.58695652173913,1975,0.4661496877670288,0.8823529411764706,0.9157894736842105,538.2838,,,,
0.1936,2.7878904342651367,0.0002857142857142857,8.695652173913043,2000,,,,,,,,
,,,8.695652173913043,2000,0.4749482572078705,0.8872549019607843,0.9201388888888888,545.2255,,,,
0.1168,5.343035697937012,0.0002619047619047619,8.804347826086957,2025,,,,,,,,
,,,8.804347826086957,2025,0.49145928025245667,0.875,0.9100529100529101,552.4675,,,,
0.1656,1.2870121002197266,0.0002380952380952381,8.91304347826087,2050,,,,,,,,
,,,8.91304347826087,2050,0.5274757742881775,0.8774509803921569,0.912280701754386,559.3873,,,,
0.2436,4.04794979095459,0.00021428571428571427,9.021739130434783,2075,,,,,,,,
,,,9.021739130434783,2075,0.46861183643341064,0.8774509803921569,0.912280701754386,565.9825,,,,
0.076,4.419013500213623,0.00019047619047619048,9.130434782608695,2100,,,,,,,,
,,,9.130434782608695,2100,0.4782671332359314,0.8774509803921569,0.910394265232975,572.7827,,,,
0.1975,4.397127151489258,0.00016666666666666666,9.23913043478261,2125,,,,,,,,
,,,9.23913043478261,2125,0.4765094816684723,0.8799019607843137,0.9117117117117116,579.447,,,,
0.1786,0.49508678913116455,0.00014285714285714284,9.347826086956522,2150,,,,,,,,
,,,9.347826086956522,2150,0.4830988049507141,0.8848039215686274,0.9185441941074524,586.2257,,,,
0.1288,2.3355069160461426,0.00011904761904761905,9.456521739130435,2175,,,,,,,,
,,,9.456521739130435,2175,0.44831031560897827,0.8823529411764706,0.9148936170212766,593.0361,,,,
0.13,2.996903657913208,9.523809523809524e-05,9.565217391304348,2200,,,,,,,,
,,,9.565217391304348,2200,0.45413321256637573,0.875,0.9094138543516875,599.7606,,,,
0.1491,5.085329532623291,7.142857142857142e-05,9.673913043478262,2225,,,,,,,,
,,,9.673913043478262,2225,0.45978665351867676,0.8823529411764706,0.915492957746479,606.4839,,,,
0.1003,0.12568819522857666,4.761904761904762e-05,9.782608695652174,2250,,,,,,,,
,,,9.782608695652174,2250,0.4521910846233368,0.8700980392156863,0.9055258467023173,613.184,,,,
0.0712,3.3709394931793213,2.380952380952381e-05,9.891304347826086,2275,,,,,,,,
,,,9.891304347826086,2275,0.461373507976532,0.875,0.9094138543516875,620.0301,,,,
0.1166,0.5882059335708618,0.0,10.0,2300,,,,,,,,
,,,10.0,2300,0.4657287299633026,0.8774509803921569,0.9113475177304964,626.7198,,,,
,,,10.0,2300,,,,626.3812,58.559,3.672,1465949892936480.0,0.3595400758929875
