loss,grad_norm,learning_rate,epoch,step,eval_loss,eval_accuracy,eval_f1,train_runtime,train_samples_per_second,train_steps_per_second,total_flos,train_loss
0.7556,4.2030816078186035,1e-05,0.008695652173913044,1,,,,,,,,
0.6809,2.0295186042785645,0.00025,0.21739130434782608,25,,,,,,,,
,,,0.21739130434782608,25,2.4429755210876465,0.6838235294117647,0.8122270742358079,13.5014,,,,
0.6416,0.3795565962791443,0.0005,0.43478260869565216,50,,,,,,,,
,,,0.43478260869565216,50,2.437049627304077,0.6838235294117647,0.8122270742358079,26.9674,,,,
0.6232,2.2303009033203125,0.00075,0.6521739130434783,75,,,,,,,,
,,,0.6521739130434783,75,2.6500465869903564,0.7083333333333334,0.8215892053973014,39.9837,,,,
0.6097,0.4788127839565277,0.001,0.8695652173913043,100,,,,,,,,
,,,0.8695652173913043,100,3.942519426345825,0.7426470588235294,0.8346456692913385,53.5931,,,,
0.5306,0.5557712912559509,0.00125,1.0869565217391304,125,,,,,,,,
,,,1.0869565217391304,125,6.520923137664795,0.8088235294117647,0.8576642335766422,66.5942,,,,
0.4941,0.6356690526008606,0.0015,1.3043478260869565,150,,,,,,,,
,,,1.3043478260869565,150,10.38447093963623,0.8014705882352942,0.8682926829268293,79.7084,,,,
0.4683,0.6872844696044922,0.00175,1.5217391304347827,175,,,,,,,,
,,,1.5217391304347827,175,13.484619140625,0.8504901960784313,0.893542757417103,93.1389,,,,
0.3945,0.5900433659553528,0.002,1.7391304347826086,200,,,,,,,,
,,,1.7391304347826086,200,16.592132568359375,0.8676470588235294,0.9055944055944055,106.5253,,,,
0.4193,0.343222051858902,0.0019473684210526317,1.9565217391304348,225,,,,,,,,
,,,1.9565217391304348,225,19.69915771484375,0.8627450980392157,0.903448275862069,119.8061,,,,
0.3567,1.104343056678772,0.001894736842105263,2.1739130434782608,250,,,,,,,,
,,,2.1739130434782608,250,22.267837524414062,0.8774509803921569,0.9125874125874125,133.0155,,,,
0.3318,0.33031198382377625,0.0018421052631578947,2.391304347826087,275,,,,,,,,
,,,2.391304347826087,275,25.020177841186523,0.8774509803921569,0.9094202898550725,145.9883,,,,
0.3137,1.294459581375122,0.0017894736842105263,2.608695652173913,300,,,,,,,,
,,,2.608695652173913,300,27.66279411315918,0.8725490196078431,0.9121621621621623,159.3784,,,,
0.3414,1.2653623819351196,0.001736842105263158,2.8260869565217392,325,,,,,,,,
,,,2.8260869565217392,325,30.084362030029297,0.8725490196078431,0.9118644067796611,172.746,,,,
0.2827,0.4752512276172638,0.0016842105263157893,3.0434782608695654,350,,,,,,,,
,,,3.0434782608695654,350,31.94755744934082,0.8602941176470589,0.9051580698835274,186.1598,,,,
0.2452,0.4938831627368927,0.001631578947368421,3.260869565217391,375,,,,,,,,
,,,3.260869565217391,375,33.6916618347168,0.8700980392156863,0.9109243697478993,199.4091,,,,
0.236,0.5413904190063477,0.0015789473684210526,3.4782608695652173,400,,,,,,,,
,,,3.4782608695652173,400,35.545555114746094,0.8897058823529411,0.9203539823008849,212.6899,,,,
0.2638,1.0803921222686768,0.0015263157894736842,3.6956521739130435,425,,,,,,,,
,,,3.6956521739130435,425,37.36532211303711,0.8823529411764706,0.915492957746479,225.907,,,,
0.2296,0.4656886160373688,0.0014736842105263158,3.9130434782608696,450,,,,,,,,
,,,3.9130434782608696,450,39.0101432800293,0.8553921568627451,0.902155887230514,239.4949,,,,
0.2005,0.14700166881084442,0.0014210526315789475,4.130434782608695,475,,,,,,,,
,,,4.130434782608695,475,40.968631744384766,0.8799019607843137,0.9162393162393162,252.4722,,,,
0.2189,0.8754777908325195,0.001368421052631579,4.3478260869565215,500,,,,,,,,
,,,4.3478260869565215,500,42.88884353637695,0.8921568627450981,0.9208633093525179,265.7815,,,,
0.181,0.34344491362571716,0.0013157894736842107,4.565217391304348,525,,,,,,,,
,,,4.565217391304348,525,44.627872467041016,0.875,0.9109947643979057,279.9236,,,,
0.1398,1.2912040948867798,0.0012631578947368421,4.782608695652174,550,,,,,,,,
,,,4.782608695652174,550,45.93855285644531,0.8872549019607843,0.916058394160584,293.4665,,,,
0.1939,0.7149540781974792,0.0012105263157894737,5.0,575,,,,,,,,
,,,5.0,575,47.14432907104492,0.8995098039215687,0.926391382405745,306.6213,,,,
0.1372,0.8954882025718689,0.0011578947368421054,5.217391304347826,600,,,,,,,,
,,,5.217391304347826,600,48.83443069458008,0.8848039215686274,0.9185441941074524,320.0232,,,,
0.1322,0.3972401022911072,0.001105263157894737,5.434782608695652,625,,,,,,,,
,,,5.434782608695652,625,49.77293395996094,0.8921568627450981,0.923076923076923,333.0629,,,,
0.1088,0.2796784043312073,0.0010526315789473684,5.6521739130434785,650,,,,,,,,
,,,5.6521739130434785,650,50.48993682861328,0.8921568627450981,0.9222614840989399,346.4778,,,,
0.1094,0.5800291299819946,0.001,5.869565217391305,675,,,,,,,,
,,,5.869565217391305,675,51.35573196411133,0.8848039215686274,0.9162210338680927,359.771,,,,
0.0828,0.31881144642829895,0.0009473684210526315,6.086956521739131,700,,,,,,,,
,,,6.086956521739131,700,52.08236312866211,0.8725490196078431,0.9094076655052264,373.3405,,,,
0.0665,0.3922189474105835,0.0008947368421052632,6.304347826086957,725,,,,,,,,
,,,6.304347826086957,725,52.66341781616211,0.8946078431372549,0.9236234458259325,386.6652,,,,
0.0767,0.6889368891716003,0.0008421052631578947,6.521739130434782,750,,,,,,,,
,,,6.521739130434782,750,52.962615966796875,0.8995098039215687,0.926391382405745,400.09,,,,
0.0712,0.19192038476467133,0.0007894736842105263,6.739130434782608,775,,,,,,,,
,,,6.739130434782608,775,53.70011901855469,0.8872549019607843,0.916058394160584,413.1499,,,,
0.0772,0.8406003713607788,0.0007368421052631579,6.956521739130435,800,,,,,,,,
,,,6.956521739130435,800,54.15862274169922,0.8872549019607843,0.9181494661921709,426.6755,,,,
0.0317,0.12573875486850739,0.0006842105263157895,7.173913043478261,825,,,,,,,,
,,,7.173913043478261,825,54.622074127197266,0.8872549019607843,0.9187279151943463,439.5422,,,,
0.0548,0.41027888655662537,0.0006315789473684211,7.391304347826087,850,,,,,,,,
,,,7.391304347826087,850,54.92267990112305,0.8799019607843137,0.9120287253141832,452.9242,,,,
0.0427,0.10972228646278381,0.0005789473684210527,7.608695652173913,875,,,,,,,,
,,,7.608695652173913,875,55.04747009277344,0.8946078431372549,0.9238938053097344,466.3131,,,,
0.054,0.2040143460035324,0.0005263157894736842,7.826086956521739,900,,,,,,,,
,,,7.826086956521739,900,55.305294036865234,0.8872549019607843,0.9181494661921709,479.6936,,,,
0.0344,0.0371609665453434,0.00047368421052631577,8.043478260869565,925,,,,,,,,
,,,8.043478260869565,925,55.489994049072266,0.8921568627450981,0.9233449477351917,493.0404,,,,
0.0233,0.23867152631282806,0.00042105263157894734,8.26086956521739,950,,,,,,,,
,,,8.26086956521739,950,55.65340805053711,0.8897058823529411,0.9209138840070299,506.5873,,,,
0.0436,0.17060689628124237,0.00036842105263157896,8.478260869565217,975,,,,,,,,
,,,8.478260869565217,975,55.60301208496094,0.9044117647058824,0.9307282415630549,519.9159,,,,
0.0421,0.03210645541548729,0.00031578947368421053,8.695652173913043,1000,,,,,,,,
,,,8.695652173913043,1000,55.711544036865234,0.8995098039215687,0.9284467713787086,533.4652,,,,
0.0346,2.145610809326172,0.0002631578947368421,8.91304347826087,1025,,,,,,,,
,,,8.91304347826087,1025,55.76847839355469,0.9019607843137255,0.93006993006993,547.2836,,,,
0.0253,0.4842008948326111,0.00021052631578947367,9.130434782608695,1050,,,,,,,,
,,,9.130434782608695,1050,55.776275634765625,0.8970588235294118,0.9257950530035336,560.6136,,,,
0.0335,0.014245983213186264,0.00015789473684210527,9.347826086956522,1075,,,,,,,,
,,,9.347826086956522,1075,55.853736877441406,0.9019607843137255,0.9295774647887324,573.704,,,,
0.0188,0.5117998123168945,0.00010526315789473683,9.565217391304348,1100,,,,,,,,
,,,9.565217391304348,1100,55.897239685058594,0.8995098039215687,0.927689594356261,587.1954,,,,
0.014,0.01786256581544876,5.263157894736842e-05,9.782608695652174,1125,,,,,,,,
,,,9.782608695652174,1125,55.906620025634766,0.8995098039215687,0.9279437609841829,600.3749,,,,
0.0172,0.07163842767477036,0.0,10.0,1150,,,,,,,,
,,,10.0,1150,55.908348083496094,0.8995098039215687,0.927689594356261,613.9837,,,,
,,,10.0,1150,,,,613.5917,59.779,1.874,1900306627622784.0,0.21156630775202875
