loss,grad_norm,learning_rate,epoch,step,eval_loss,eval_accuracy,eval_f1,train_runtime,train_samples_per_second,train_steps_per_second,total_flos,train_loss
1.9032,1.4424785375595093,2.5000000000000004e-07,0.004347826086956522,1,,,,,,,,
1.8687,0.8945632576942444,6.25e-06,0.10869565217391304,25,,,,,,,,
,,,0.10869565217391304,25,1.8659158945083618,0.6838235294117647,0.8122270742358079,6.3777,,,,
1.8637,1.1262743473052979,1.25e-05,0.21739130434782608,50,,,,,,,,
,,,0.21739130434782608,50,1.8454993963241577,0.6838235294117647,0.8122270742358079,12.3303,,,,
1.8335,3.6430914402008057,1.8750000000000002e-05,0.32608695652173914,75,,,,,,,,
,,,0.32608695652173914,75,1.8169715404510498,0.6838235294117647,0.8122270742358079,18.3899,,,,
1.8159,1.0786000490188599,2.5e-05,0.43478260869565216,100,,,,,,,,
,,,0.43478260869565216,100,1.7842828035354614,0.6838235294117647,0.8122270742358079,24.3844,,,,
1.7445,1.408055305480957,3.125e-05,0.5434782608695652,125,,,,,,,,
,,,0.5434782608695652,125,1.7423425912857056,0.6838235294117647,0.8122270742358079,30.3989,,,,
1.728,2.5197463035583496,3.7500000000000003e-05,0.6521739130434783,150,,,,,,,,
,,,0.6521739130434783,150,1.6984199285507202,0.6838235294117647,0.8122270742358079,36.4489,,,,
1.6895,1.1213147640228271,4.375e-05,0.7608695652173914,175,,,,,,,,
,,,0.7608695652173914,175,1.643564224243164,0.6838235294117647,0.8122270742358079,42.6123,,,,
1.6264,1.0374783277511597,5e-05,0.8695652173913043,200,,,,,,,,
,,,0.8695652173913043,200,1.5672636032104492,0.6838235294117647,0.8122270742358079,48.7845,,,,
1.5291,0.9382473826408386,4.940476190476191e-05,0.9782608695652174,225,,,,,,,,
,,,0.9782608695652174,225,1.4760546684265137,0.6838235294117647,0.8122270742358079,54.7988,,,,
1.4294,0.6190450191497803,4.880952380952381e-05,1.0869565217391304,250,,,,,,,,
,,,1.0869565217391304,250,1.3823747634887695,0.6838235294117647,0.8122270742358079,60.728,,,,
1.3349,2.4757728576660156,4.8214285714285716e-05,1.1956521739130435,275,,,,,,,,
,,,1.1956521739130435,275,1.2764967679977417,0.6838235294117647,0.8122270742358079,66.7588,,,,
1.2302,0.7294609546661377,4.761904761904762e-05,1.3043478260869565,300,,,,,,,,
,,,1.3043478260869565,300,1.1670348644256592,0.6838235294117647,0.8122270742358079,72.8898,,,,
1.129,2.1579360961914062,4.7023809523809525e-05,1.4130434782608696,325,,,,,,,,
,,,1.4130434782608696,325,1.0589110851287842,0.6838235294117647,0.8122270742358079,78.8863,,,,
1.0317,2.5563859939575195,4.642857142857143e-05,1.5217391304347827,350,,,,,,,,
,,,1.5217391304347827,350,0.937548816204071,0.6838235294117647,0.8122270742358079,84.957,,,,
0.8743,1.206789493560791,4.5833333333333334e-05,1.6304347826086958,375,,,,,,,,
,,,1.6304347826086958,375,0.8121744990348816,0.6838235294117647,0.8122270742358079,90.8795,,,,
0.7525,2.001188039779663,4.523809523809524e-05,1.7391304347826086,400,,,,,,,,
,,,1.7391304347826086,400,0.6972943544387817,0.6838235294117647,0.8122270742358079,96.9315,,,,
0.6592,2.356231212615967,4.464285714285715e-05,1.8478260869565217,425,,,,,,,,
,,,1.8478260869565217,425,0.6274762749671936,0.6838235294117647,0.8122270742358079,103.0727,,,,
0.6418,2.147489547729492,4.404761904761905e-05,1.9565217391304348,450,,,,,,,,
,,,1.9565217391304348,450,0.6189374923706055,0.6838235294117647,0.8122270742358079,109.2205,,,,
0.628,0.788284957408905,4.345238095238096e-05,2.0652173913043477,475,,,,,,,,
,,,2.0652173913043477,475,0.6173202395439148,0.6838235294117647,0.8122270742358079,115.1864,,,,
0.6304,0.8514479994773865,4.2857142857142856e-05,2.1739130434782608,500,,,,,,,,
,,,2.1739130434782608,500,0.6174839735031128,0.6838235294117647,0.8122270742358079,121.2308,,,,
0.5905,1.3010278940200806,4.226190476190476e-05,2.282608695652174,525,,,,,,,,
,,,2.282608695652174,525,0.6163033246994019,0.6838235294117647,0.8122270742358079,127.6273,,,,
0.6329,3.0294899940490723,4.166666666666667e-05,2.391304347826087,550,,,,,,,,
,,,2.391304347826087,550,0.6161727905273438,0.6838235294117647,0.8122270742358079,133.6211,,,,
0.6241,1.7468490600585938,4.107142857142857e-05,2.5,575,,,,,,,,
,,,2.5,575,0.6154597997665405,0.6838235294117647,0.8122270742358079,139.8106,,,,
0.6253,1.6863478422164917,4.047619047619048e-05,2.608695652173913,600,,,,,,,,
,,,2.608695652173913,600,0.6151204109191895,0.6838235294117647,0.8122270742358079,145.809,,,,
0.6154,1.1398754119873047,3.9880952380952386e-05,2.717391304347826,625,,,,,,,,
,,,2.717391304347826,625,0.6143977642059326,0.6838235294117647,0.8122270742358079,152.0253,,,,
0.626,1.6703004837036133,3.928571428571429e-05,2.8260869565217392,650,,,,,,,,
,,,2.8260869565217392,650,0.6139921545982361,0.6838235294117647,0.8122270742358079,158.079,,,,
0.6033,1.7058578729629517,3.8690476190476195e-05,2.9347826086956523,675,,,,,,,,
,,,2.9347826086956523,675,0.6147356033325195,0.6838235294117647,0.8122270742358079,164.2771,,,,
0.6267,1.1500775814056396,3.809523809523809e-05,3.0434782608695654,700,,,,,,,,
,,,3.0434782608695654,700,0.6137073040008545,0.6838235294117647,0.8122270742358079,170.0889,,,,
0.5991,0.6441766023635864,3.7500000000000003e-05,3.1521739130434785,725,,,,,,,,
,,,3.1521739130434785,725,0.6170638799667358,0.6838235294117647,0.8122270742358079,176.1883,,,,
0.6079,1.7971301078796387,3.690476190476191e-05,3.260869565217391,750,,,,,,,,
,,,3.260869565217391,750,0.6147268414497375,0.6838235294117647,0.8122270742358079,182.2816,,,,
0.6356,1.306131362915039,3.630952380952381e-05,3.369565217391304,775,,,,,,,,
,,,3.369565217391304,775,0.6118625998497009,0.6838235294117647,0.8122270742358079,188.2594,,,,
0.6161,2.077637195587158,3.571428571428572e-05,3.4782608695652173,800,,,,,,,,
,,,3.4782608695652173,800,0.6120025515556335,0.6838235294117647,0.8122270742358079,194.3093,,,,
0.6144,0.9568726420402527,3.511904761904762e-05,3.5869565217391304,825,,,,,,,,
,,,3.5869565217391304,825,0.6109249591827393,0.6838235294117647,0.8122270742358079,200.4189,,,,
0.6284,1.031440019607544,3.4523809523809526e-05,3.6956521739130435,850,,,,,,,,
,,,3.6956521739130435,850,0.6105095148086548,0.6838235294117647,0.8122270742358079,206.5991,,,,
0.609,1.8363332748413086,3.392857142857143e-05,3.8043478260869565,875,,,,,,,,
,,,3.8043478260869565,875,0.6102502942085266,0.6838235294117647,0.8122270742358079,212.65,,,,
0.627,1.0752304792404175,3.3333333333333335e-05,3.9130434782608696,900,,,,,,,,
,,,3.9130434782608696,900,0.6103324294090271,0.6838235294117647,0.8122270742358079,218.8057,,,,
0.6534,1.005255937576294,3.273809523809524e-05,4.021739130434782,925,,,,,,,,
,,,4.021739130434782,925,0.6100273728370667,0.6838235294117647,0.8122270742358079,224.6907,,,,
0.5961,1.219504952430725,3.2142857142857144e-05,4.130434782608695,950,,,,,,,,
,,,4.130434782608695,950,0.6093351244926453,0.6838235294117647,0.8122270742358079,230.896,,,,
0.6103,1.4565610885620117,3.154761904761905e-05,4.239130434782608,975,,,,,,,,
,,,4.239130434782608,975,0.6088125109672546,0.6838235294117647,0.8122270742358079,236.8209,,,,
0.6145,0.8209707140922546,3.095238095238095e-05,4.3478260869565215,1000,,,,,,,,
,,,4.3478260869565215,1000,0.6086447238922119,0.6838235294117647,0.8122270742358079,242.8788,,,,
0.5976,0.6830889582633972,3.0357142857142857e-05,4.456521739130435,1025,,,,,,,,
,,,4.456521739130435,1025,0.608440637588501,0.6838235294117647,0.8122270742358079,249.2688,,,,
0.6209,0.8403454422950745,2.9761904761904762e-05,4.565217391304348,1050,,,,,,,,
,,,4.565217391304348,1050,0.6080494523048401,0.6838235294117647,0.8122270742358079,255.4059,,,,
0.6225,0.9029783010482788,2.916666666666667e-05,4.673913043478261,1075,,,,,,,,
,,,4.673913043478261,1075,0.6074780821800232,0.6838235294117647,0.8122270742358079,261.394,,,,
0.6169,2.9306273460388184,2.857142857142857e-05,4.782608695652174,1100,,,,,,,,
,,,4.782608695652174,1100,0.6072937250137329,0.6838235294117647,0.8122270742358079,267.5056,,,,
0.6299,3.005084753036499,2.797619047619048e-05,4.891304347826087,1125,,,,,,,,
,,,4.891304347826087,1125,0.6072750687599182,0.6838235294117647,0.8122270742358079,273.5514,,,,
0.5965,4.035531997680664,2.7380952380952383e-05,5.0,1150,,,,,,,,
,,,5.0,1150,0.6066412925720215,0.6838235294117647,0.8122270742358079,279.6083,,,,
0.6269,2.2055277824401855,2.6785714285714288e-05,5.108695652173913,1175,,,,,,,,
,,,5.108695652173913,1175,0.6062158942222595,0.6838235294117647,0.8122270742358079,285.6249,,,,
0.6106,4.331777095794678,2.6190476190476192e-05,5.217391304347826,1200,,,,,,,,
,,,5.217391304347826,1200,0.6062658429145813,0.6838235294117647,0.8122270742358079,291.7436,,,,
0.6367,0.7851865291595459,2.5595238095238093e-05,5.326086956521739,1225,,,,,,,,
,,,5.326086956521739,1225,0.6058090925216675,0.6838235294117647,0.8122270742358079,297.8692,,,,
0.64,1.621692419052124,2.5e-05,5.434782608695652,1250,,,,,,,,
,,,5.434782608695652,1250,0.6068309545516968,0.6838235294117647,0.8122270742358079,303.8408,,,,
0.6078,0.9935595989227295,2.4404761904761906e-05,5.543478260869565,1275,,,,,,,,
,,,5.543478260869565,1275,0.6054978370666504,0.6838235294117647,0.8122270742358079,309.9206,,,,
0.579,0.815122127532959,2.380952380952381e-05,5.6521739130434785,1300,,,,,,,,
,,,5.6521739130434785,1300,0.6055028438568115,0.6838235294117647,0.8122270742358079,315.9229,,,,
0.6038,1.6293525695800781,2.3214285714285715e-05,5.760869565217392,1325,,,,,,,,
,,,5.760869565217392,1325,0.6056281924247742,0.6838235294117647,0.8122270742358079,322.128,,,,
0.5816,0.8589608669281006,2.261904761904762e-05,5.869565217391305,1350,,,,,,,,
,,,5.869565217391305,1350,0.6071416139602661,0.6838235294117647,0.8122270742358079,328.2487,,,,
0.5966,0.7970290184020996,2.2023809523809524e-05,5.978260869565218,1375,,,,,,,,
,,,5.978260869565218,1375,0.6052151322364807,0.6838235294117647,0.8122270742358079,334.5036,,,,
0.5693,1.604722023010254,2.1428571428571428e-05,6.086956521739131,1400,,,,,,,,
,,,6.086956521739131,1400,0.6048209071159363,0.6838235294117647,0.8122270742358079,340.4614,,,,
0.6055,1.2836979627609253,2.0833333333333336e-05,6.195652173913044,1425,,,,,,,,
,,,6.195652173913044,1425,0.6045764088630676,0.6838235294117647,0.8122270742358079,346.7316,,,,
0.6316,0.7731538414955139,2.023809523809524e-05,6.304347826086957,1450,,,,,,,,
,,,6.304347826086957,1450,0.6042213439941406,0.6838235294117647,0.8122270742358079,352.6242,,,,
0.6098,0.8104510307312012,1.9642857142857145e-05,6.413043478260869,1475,,,,,,,,
,,,6.413043478260869,1475,0.6036565899848938,0.6838235294117647,0.8122270742358079,358.7103,,,,
0.6412,4.825070381164551,1.9047619047619046e-05,6.521739130434782,1500,,,,,,,,
,,,6.521739130434782,1500,0.6038476824760437,0.6838235294117647,0.8122270742358079,364.7136,,,,
0.58,2.7062511444091797,1.8452380952380954e-05,6.630434782608695,1525,,,,,,,,
,,,6.630434782608695,1525,0.6033124327659607,0.6838235294117647,0.8122270742358079,371.1342,,,,
0.5999,1.209306001663208,1.785714285714286e-05,6.739130434782608,1550,,,,,,,,
,,,6.739130434782608,1550,0.6030620336532593,0.6838235294117647,0.8122270742358079,377.1999,,,,
0.6172,1.4732602834701538,1.7261904761904763e-05,6.8478260869565215,1575,,,,,,,,
,,,6.8478260869565215,1575,0.6029035449028015,0.6838235294117647,0.8122270742358079,383.2259,,,,
0.5957,1.1108790636062622,1.6666666666666667e-05,6.956521739130435,1600,,,,,,,,
,,,6.956521739130435,1600,0.6027862429618835,0.6838235294117647,0.8122270742358079,389.4075,,,,
0.6211,3.0767662525177,1.6071428571428572e-05,7.065217391304348,1625,,,,,,,,
,,,7.065217391304348,1625,0.6026216745376587,0.6862745098039216,0.8134110787172011,395.3408,,,,
0.5686,1.088062047958374,1.5476190476190476e-05,7.173913043478261,1650,,,,,,,,
,,,7.173913043478261,1650,0.6021647453308105,0.6838235294117647,0.8122270742358079,401.436,,,,
0.5958,0.9374032616615295,1.4880952380952381e-05,7.282608695652174,1675,,,,,,,,
,,,7.282608695652174,1675,0.6027113795280457,0.6838235294117647,0.8122270742358079,407.447,,,,
0.6074,0.9169618487358093,1.4285714285714285e-05,7.391304347826087,1700,,,,,,,,
,,,7.391304347826087,1700,0.6023157835006714,0.6838235294117647,0.8122270742358079,413.6576,,,,
0.6406,2.6131720542907715,1.3690476190476192e-05,7.5,1725,,,,,,,,
,,,7.5,1725,0.6016983985900879,0.6838235294117647,0.8122270742358079,419.7729,,,,
0.6019,0.6486048698425293,1.3095238095238096e-05,7.608695652173913,1750,,,,,,,,
,,,7.608695652173913,1750,0.6016163229942322,0.6911764705882353,0.8157894736842105,425.8847,,,,
0.6055,0.7847304940223694,1.25e-05,7.717391304347826,1775,,,,,,,,
,,,7.717391304347826,1775,0.6015070080757141,0.6936274509803921,0.8169838945827232,431.9577,,,,
0.615,1.9831758737564087,1.1904761904761905e-05,7.826086956521739,1800,,,,,,,,
,,,7.826086956521739,1800,0.601249098777771,0.6936274509803921,0.8169838945827232,437.971,,,,
0.5891,0.9267438054084778,1.130952380952381e-05,7.934782608695652,1825,,,,,,,,
,,,7.934782608695652,1825,0.6011636257171631,0.6936274509803921,0.8169838945827232,444.1946,,,,
0.5908,1.4014182090759277,1.0714285714285714e-05,8.043478260869565,1850,,,,,,,,
,,,8.043478260869565,1850,0.6009309887886047,0.6911764705882353,0.8157894736842105,450.1204,,,,
0.6276,0.7463630437850952,1.011904761904762e-05,8.152173913043478,1875,,,,,,,,
,,,8.152173913043478,1875,0.6009934544563293,0.6936274509803921,0.8169838945827232,456.1879,,,,
0.5827,1.7191627025604248,9.523809523809523e-06,8.26086956521739,1900,,,,,,,,
,,,8.26086956521739,1900,0.6007336378097534,0.6862745098039216,0.8134110787172011,462.2139,,,,
0.6147,2.696195602416992,8.92857142857143e-06,8.369565217391305,1925,,,,,,,,
,,,8.369565217391305,1925,0.6006932258605957,0.6887254901960784,0.8145985401459854,468.4044,,,,
0.6234,1.8438029289245605,8.333333333333334e-06,8.478260869565217,1950,,,,,,,,
,,,8.478260869565217,1950,0.6006141304969788,0.6936274509803921,0.8169838945827232,474.5002,,,,
0.5757,0.8315026164054871,7.738095238095238e-06,8.58695652173913,1975,,,,,,,,
,,,8.58695652173913,1975,0.6004387140274048,0.6887254901960784,0.8145985401459854,480.5346,,,,
0.6023,1.9506627321243286,7.142857142857143e-06,8.695652173913043,2000,,,,,,,,
,,,8.695652173913043,2000,0.6003044247627258,0.6887254901960784,0.8145985401459854,486.5395,,,,
0.6196,0.8621196746826172,6.547619047619048e-06,8.804347826086957,2025,,,,,,,,
,,,8.804347826086957,2025,0.6001842021942139,0.6936274509803921,0.8169838945827232,492.8749,,,,
0.5755,1.8897298574447632,5.9523809523809525e-06,8.91304347826087,2050,,,,,,,,
,,,8.91304347826087,2050,0.6001095771789551,0.6936274509803921,0.8169838945827232,498.9355,,,,
0.6027,1.4106298685073853,5.357142857142857e-06,9.021739130434783,2075,,,,,,,,
,,,9.021739130434783,2075,0.6000769138336182,0.6911764705882353,0.8157894736842105,504.9084,,,,
0.5949,2.0768778324127197,4.7619047619047615e-06,9.130434782608695,2100,,,,,,,,
,,,9.130434782608695,2100,0.6000286340713501,0.6936274509803921,0.8169838945827232,510.8762,,,,
0.6013,1.7287660837173462,4.166666666666667e-06,9.23913043478261,2125,,,,,,,,
,,,9.23913043478261,2125,0.5999954342842102,0.6936274509803921,0.8169838945827232,516.8981,,,,
0.5842,1.4017970561981201,3.5714285714285714e-06,9.347826086956522,2150,,,,,,,,
,,,9.347826086956522,2150,0.5999385118484497,0.6936274509803921,0.8169838945827232,522.9012,,,,
0.5977,1.5254013538360596,2.9761904761904763e-06,9.456521739130435,2175,,,,,,,,
,,,9.456521739130435,2175,0.5998823046684265,0.6936274509803921,0.8169838945827232,528.9492,,,,
0.6008,0.6961143016815186,2.3809523809523808e-06,9.565217391304348,2200,,,,,,,,
,,,9.565217391304348,2200,0.5998573303222656,0.6936274509803921,0.8169838945827232,535.0206,,,,
0.6109,0.8622240424156189,1.7857142857142857e-06,9.673913043478262,2225,,,,,,,,
,,,9.673913043478262,2225,0.5998299717903137,0.6936274509803921,0.8169838945827232,541.0287,,,,
0.61,0.542934238910675,1.1904761904761904e-06,9.782608695652174,2250,,,,,,,,
,,,9.782608695652174,2250,0.5998133420944214,0.6936274509803921,0.8169838945827232,547.1101,,,,
0.6104,2.169189214706421,5.952380952380952e-07,9.891304347826086,2275,,,,,,,,
,,,9.891304347826086,2275,0.5998024940490723,0.6936274509803921,0.8169838945827232,553.1748,,,,
0.6232,2.5373892784118652,0.0,10.0,2300,,,,,,,,
,,,10.0,2300,0.5997925400733948,0.6936274509803921,0.8169838945827232,559.224,,,,
,,,10.0,2300,,,,558.8526,65.634,4.116,1458501490289760.0,0.759878327380056
