loss,grad_norm,learning_rate,epoch,step,eval_loss,eval_accuracy,eval_f1,train_runtime,train_samples_per_second,train_steps_per_second,total_flos,train_loss
1.1838,4.33413553237915,1e-05,0.0625,1,,,,,,,,
1.097,3.4877893924713135,0.0001,0.625,10,,,,,,,,
,,,0.625,10,1.0451123714447021,0.4107142857142857,0.1940928270042194,4.792,,,,
0.9474,3.525317668914795,0.0002,1.25,20,,,,,,,,
,,,1.25,20,0.9082478284835815,0.4107142857142857,0.1940928270042194,9.2868,,,,
0.8723,3.108870029449463,0.0003,1.875,30,,,,,,,,
,,,1.875,30,0.8618455529212952,0.7321428571428571,0.5115440115440115,13.614,,,,
0.829,3.520246982574463,0.0004,2.5,40,,,,,,,,
,,,2.5,40,0.7269913554191589,0.7321428571428571,0.5115440115440115,17.891,,,,
0.631,4.242403507232666,0.0005,3.125,50,,,,,,,,
,,,3.125,50,0.7152042984962463,0.75,0.5239825581395349,22.2863,,,,
0.5293,3.438366651535034,0.00048148148148148144,3.75,60,,,,,,,,
,,,3.75,60,0.6087106466293335,0.7857142857142857,0.5490058479532164,26.7341,,,,
0.3083,5.444046974182129,0.000462962962962963,4.375,70,,,,,,,,
,,,4.375,70,0.3819775879383087,0.8392857142857143,0.5866760497302369,30.9065,,,,
0.1801,6.034449100494385,0.0004444444444444444,5.0,80,,,,,,,,
,,,5.0,80,0.4695497155189514,0.875,0.6121863799283154,35.2662,,,,
0.1502,4.359934329986572,0.00042592592592592595,5.625,90,,,,,,,,
,,,5.625,90,0.3955814242362976,0.8392857142857143,0.5866760497302369,39.9848,,,,
0.1172,7.52239990234375,0.0004074074074074074,6.25,100,,,,,,,,
,,,6.25,100,0.39021992683410645,0.8571428571428571,0.7841545132045723,44.2037,,,,
0.0426,3.57427978515625,0.0003888888888888889,6.875,110,,,,,,,,
,,,6.875,110,0.527888298034668,0.8392857142857143,0.6898550724637681,48.5042,,,,
0.0929,0.38466528058052063,0.00037037037037037035,7.5,120,,,,,,,,
,,,7.5,120,0.5092306733131409,0.875,0.7885884607196082,52.4551,,,,
0.0475,3.6142921447753906,0.0003518518518518519,8.125,130,,,,,,,,
,,,8.125,130,0.4263567626476288,0.8928571428571429,0.8969456469456469,57.0109,,,,
0.0384,10.609782218933105,0.0003333333333333333,8.75,140,,,,,,,,
,,,8.75,140,0.6053913235664368,0.875,0.7152166829586184,61.8342,,,,
0.0024,0.21468140184879303,0.0003148148148148148,9.375,150,,,,,,,,
,,,9.375,150,0.5484463572502136,0.8928571428571429,0.8784271284271284,66.1961,,,,
0.0161,0.00219234568066895,0.0002962962962962963,10.0,160,,,,,,,,
,,,10.0,160,0.5882283449172974,0.8928571428571429,0.890993265993266,70.5738,,,,
0.0007,0.04218963161110878,0.0002777777777777778,10.625,170,,,,,,,,
,,,10.625,170,0.5461787581443787,0.8928571428571429,0.8902449360115264,75.2982,,,,
0.0005,0.020384471863508224,0.00025925925925925926,11.25,180,,,,,,,,
,,,11.25,180,0.5246461033821106,0.9107142857142857,0.9029374201787995,79.5842,,,,
0.0014,0.008484897203743458,0.00024074074074074072,11.875,190,,,,,,,,
,,,11.875,190,0.496123343706131,0.9107142857142857,0.9042579994960948,84.3535,,,,
0.0001,0.005534755997359753,0.0002222222222222222,12.5,200,,,,,,,,
,,,12.5,200,0.5849494338035583,0.9285714285714286,0.9174283717679944,88.5971,,,,
0.0009,0.0612211637198925,0.0002037037037037037,13.125,210,,,,,,,,
,,,13.125,210,0.5115501880645752,0.9107142857142857,0.9042579994960948,92.882,,,,
0.0002,0.005855433642864227,0.00018518518518518518,13.75,220,,,,,,,,
,,,13.75,220,0.4739704132080078,0.9107142857142857,0.9029374201787995,97.6975,,,,
0.0002,0.004808889701962471,0.00016666666666666666,14.375,230,,,,,,,,
,,,14.375,230,0.5110775232315063,0.9107142857142857,0.9029374201787995,102.3444,,,,
0.0002,0.011218082159757614,0.00014814814814814815,15.0,240,,,,,,,,
,,,15.0,240,0.5191476941108704,0.9107142857142857,0.9029374201787995,106.6062,,,,
0.0002,0.00351059902459383,0.00012962962962962963,15.625,250,,,,,,,,
,,,15.625,250,0.5272462964057922,0.9107142857142857,0.9029374201787995,111.0191,,,,
0.0001,0.013306024484336376,0.0001111111111111111,16.25,260,,,,,,,,
,,,16.25,260,0.5303661227226257,0.9107142857142857,0.9029374201787995,115.5723,,,,
0.0002,0.006945404689759016,9.259259259259259e-05,16.875,270,,,,,,,,
,,,16.875,270,0.5320399403572083,0.9107142857142857,0.9029374201787995,120.0683,,,,
0.0002,0.0018138634040951729,7.407407407407407e-05,17.5,280,,,,,,,,
,,,17.5,280,0.5321946144104004,0.9107142857142857,0.9029374201787995,124.722,,,,
0.0001,0.01281046587973833,5.555555555555555e-05,18.125,290,,,,,,,,
,,,18.125,290,0.5315783619880676,0.9107142857142857,0.9029374201787995,129.0648,,,,
0.0001,0.02481626160442829,3.7037037037037037e-05,18.75,300,,,,,,,,
,,,18.75,300,0.5313059687614441,0.9107142857142857,0.9029374201787995,133.8048,,,,
0.0005,0.49386510252952576,1.8518518518518518e-05,19.375,310,,,,,,,,
,,,19.375,310,0.5311914086341858,0.9107142857142857,0.9029374201787995,137.8026,,,,
0.0001,0.002678351243957877,0.0,20.0,320,,,,,,,,
,,,20.0,320,0.5308242440223694,0.9107142857142857,0.9029374201787995,142.3896,,,,
,,,20.0,320,,,,141.8983,35.236,2.255,451472400475200.0,0.18487579304528481
