loss,grad_norm,learning_rate,epoch,step,eval_loss,eval_accuracy,train_runtime,train_samples_per_second,train_steps_per_second,total_flos,train_loss
0.718,1.784610629081726,3.5e-06,0.00641025641025641,1,,,,,,,
0.7036,2.5811543464660645,8.75e-05,0.16025641025641027,25,,,,,,,
,,,0.16025641025641027,25,0.7088068127632141,0.4729241877256318,11.3127,,,,
0.724,1.1370306015014648,0.000175,0.32051282051282054,50,,,,,,,
,,,0.32051282051282054,50,0.6946018934249878,0.5270758122743683,22.1197,,,,
0.6984,0.5655173659324646,0.0002625,0.4807692307692308,75,,,,,,,
,,,0.4807692307692308,75,0.6958959698677063,0.5270758122743683,34.3265,,,,
0.7074,4.176555156707764,0.00035,0.6410256410256411,100,,,,,,,
,,,0.6410256410256411,100,0.6935328245162964,0.5270758122743683,45.5462,,,,
0.6936,1.831609845161438,0.0004375,0.8012820512820513,125,,,,,,,
,,,0.8012820512820513,125,0.7053380012512207,0.4729241877256318,57.5156,,,,
0.708,1.8271366357803345,0.000525,0.9615384615384616,150,,,,,,,
,,,0.9615384615384616,150,0.6980858445167542,0.4729241877256318,68.6571,,,,
0.6971,3.0492868423461914,0.0006125,1.1217948717948718,175,,,,,,,
,,,1.1217948717948718,175,0.6968474388122559,0.4729241877256318,80.1882,,,,
0.7016,3.316145181655884,0.0007,1.282051282051282,200,,,,,,,
,,,1.282051282051282,200,0.6917301416397095,0.5270758122743683,91.7002,,,,
0.706,0.5236932039260864,0.0006871323529411764,1.4423076923076923,225,,,,,,,
,,,1.4423076923076923,225,0.703594446182251,0.4729241877256318,102.9256,,,,
0.7068,0.7241005301475525,0.0006742647058823529,1.6025641025641026,250,,,,,,,
,,,1.6025641025641026,250,0.6990271210670471,0.4729241877256318,114.3228,,,,
0.7143,1.8944828510284424,0.0006613970588235294,1.7628205128205128,275,,,,,,,
,,,1.7628205128205128,275,0.6931377053260803,0.5270758122743683,125.3047,,,,
0.7041,1.5544122457504272,0.0006485294117647059,1.9230769230769231,300,,,,,,,
,,,1.9230769230769231,300,0.7041217088699341,0.4729241877256318,136.9517,,,,
0.7049,0.5710925459861755,0.0006356617647058823,2.0833333333333335,325,,,,,,,
,,,2.0833333333333335,325,0.7022932767868042,0.4729241877256318,147.9991,,,,
0.6996,0.6201253533363342,0.0006227941176470587,2.2435897435897436,350,,,,,,,
,,,2.2435897435897436,350,0.7046374082565308,0.4729241877256318,159.1642,,,,
0.7036,1.5770597457885742,0.0006099264705882353,2.4038461538461537,375,,,,,,,
,,,2.4038461538461537,375,0.6999724507331848,0.4729241877256318,170.4642,,,,
0.7206,2.015759229660034,0.0005970588235294117,2.564102564102564,400,,,,,,,
,,,2.564102564102564,400,0.7022935152053833,0.4729241877256318,181.8269,,,,
0.6885,0.4093613922595978,0.0005841911764705882,2.7243589743589745,425,,,,,,,
,,,2.7243589743589745,425,0.7158452272415161,0.4729241877256318,193.2905,,,,
0.7037,0.6455487012863159,0.0005713235294117647,2.8846153846153846,450,,,,,,,
,,,2.8846153846153846,450,0.706810712814331,0.5270758122743683,204.7609,,,,
0.689,0.45100754499435425,0.0005584558823529412,3.0448717948717947,475,,,,,,,
,,,3.0448717948717947,475,0.6933454871177673,0.4729241877256318,215.9822,,,,
0.7006,1.0181323289871216,0.0005455882352941177,3.2051282051282053,500,,,,,,,
,,,3.2051282051282053,500,0.6933331489562988,0.4729241877256318,227.4788,,,,
0.6987,2.097142457962036,0.0005327205882352941,3.3653846153846154,525,,,,,,,
,,,3.3653846153846154,525,0.6916819214820862,0.5270758122743683,239.2997,,,,
0.7031,1.166259527206421,0.0005198529411764706,3.5256410256410255,550,,,,,,,
,,,3.5256410256410255,550,0.6919429898262024,0.5270758122743683,250.1675,,,,
0.6973,0.36890941858291626,0.0005069852941176471,3.685897435897436,575,,,,,,,
,,,3.685897435897436,575,0.6921576261520386,0.5270758122743683,261.113,,,,
0.697,0.7532082796096802,0.0004941176470588236,3.8461538461538463,600,,,,,,,
,,,3.8461538461538463,600,0.6960071921348572,0.4729241877256318,272.7851,,,,
0.7023,1.6319748163223267,0.00048125,4.006410256410256,625,,,,,,,
,,,4.006410256410256,625,0.6980227828025818,0.4729241877256318,284.3509,,,,
0.6934,0.6041927337646484,0.00046838235294117644,4.166666666666667,650,,,,,,,
,,,4.166666666666667,650,0.6929187774658203,0.5270758122743683,295.8442,,,,
0.7,0.6163645386695862,0.00045551470588235297,4.326923076923077,675,,,,,,,
,,,4.326923076923077,675,0.6929140686988831,0.5270758122743683,306.7823,,,,
0.6956,0.9156496524810791,0.0004426470588235294,4.487179487179487,700,,,,,,,
,,,4.487179487179487,700,0.7018566727638245,0.4729241877256318,318.3816,,,,
0.6943,0.7968266606330872,0.0004297794117647059,4.647435897435898,725,,,,,,,
,,,4.647435897435898,725,0.6918075084686279,0.5270758122743683,329.4416,,,,
0.6986,1.5136542320251465,0.00041691176470588234,4.8076923076923075,750,,,,,,,
,,,4.8076923076923075,750,0.6924834251403809,0.5270758122743683,340.8188,,,,
0.6879,0.9144667983055115,0.00040404411764705876,4.967948717948718,775,,,,,,,
,,,4.967948717948718,775,0.6952446103096008,0.5270758122743683,352.0327,,,,
0.6991,0.3755147159099579,0.0003911764705882353,5.128205128205128,800,,,,,,,
,,,5.128205128205128,800,0.691680908203125,0.5270758122743683,363.4906,,,,
0.7034,1.2959364652633667,0.00037830882352941176,5.288461538461538,825,,,,,,,
,,,5.288461538461538,825,0.6918420791625977,0.5270758122743683,374.8742,,,,
0.7005,0.6680267453193665,0.00036544117647058824,5.448717948717949,850,,,,,,,
,,,5.448717948717949,850,0.6933797597885132,0.4729241877256318,386.6707,,,,
0.6989,2.7155039310455322,0.0003525735294117647,5.608974358974359,875,,,,,,,
,,,5.608974358974359,875,0.6917346119880676,0.5270758122743683,398.2434,,,,
0.6995,2.3615493774414062,0.0003397058823529412,5.769230769230769,900,,,,,,,
,,,5.769230769230769,900,0.6974964141845703,0.4729241877256318,409.3176,,,,
0.6925,0.48858097195625305,0.00032683823529411766,5.92948717948718,925,,,,,,,
,,,5.92948717948718,925,0.6941220164299011,0.4729241877256318,420.5033,,,,
0.6909,0.6753374934196472,0.00031397058823529414,6.089743589743589,950,,,,,,,
,,,6.089743589743589,950,0.6930320262908936,0.5270758122743683,431.7822,,,,
0.6943,1.3071248531341553,0.0003011029411764706,6.25,975,,,,,,,
,,,6.25,975,0.6917140483856201,0.5270758122743683,443.3826,,,,
0.6985,1.170729160308838,0.00028823529411764703,6.410256410256411,1000,,,,,,,
,,,6.410256410256411,1000,0.693846583366394,0.4729241877256318,454.4532,,,,
0.6941,1.1539933681488037,0.0002753676470588235,6.57051282051282,1025,,,,,,,
,,,6.57051282051282,1025,0.6982869505882263,0.4729241877256318,466.0893,,,,
0.6924,0.5369263887405396,0.0002625,6.730769230769231,1050,,,,,,,
,,,6.730769230769231,1050,0.6962838768959045,0.4729241877256318,477.579,,,,
0.7018,0.8959888815879822,0.00024963235294117646,6.891025641025641,1075,,,,,,,
,,,6.891025641025641,1075,0.6920079588890076,0.5270758122743683,489.5672,,,,
0.6942,1.1467082500457764,0.00023676470588235296,7.051282051282051,1100,,,,,,,
,,,7.051282051282051,1100,0.6929724812507629,0.5270758122743683,500.6749,,,,
0.693,0.806050181388855,0.00022389705882352938,7.211538461538462,1125,,,,,,,
,,,7.211538461538462,1125,0.6946795582771301,0.4729241877256318,511.7451,,,,
0.6924,0.576494574546814,0.00021102941176470586,7.371794871794872,1150,,,,,,,
,,,7.371794871794872,1150,0.6931781768798828,0.4729241877256318,523.9293,,,,
0.6959,0.3423232436180115,0.00019816176470588236,7.532051282051282,1175,,,,,,,
,,,7.532051282051282,1175,0.6916995048522949,0.5270758122743683,534.9508,,,,
0.6936,0.6865320205688477,0.00018529411764705883,7.6923076923076925,1200,,,,,,,
,,,7.6923076923076925,1200,0.6941231489181519,0.4729241877256318,546.1149,,,,
0.696,0.8891222476959229,0.0001724264705882353,7.852564102564102,1225,,,,,,,
,,,7.852564102564102,1225,0.6916875243186951,0.5270758122743683,557.6465,,,,
0.6968,0.6395796537399292,0.00015955882352941176,8.012820512820513,1250,,,,,,,
,,,8.012820512820513,1250,0.693804919719696,0.4729241877256318,568.9644,,,,
0.694,0.7204684019088745,0.00014669117647058823,8.173076923076923,1275,,,,,,,
,,,8.173076923076923,1275,0.6930909156799316,0.5270758122743683,580.4694,,,,
0.693,0.767587423324585,0.0001338235294117647,8.333333333333334,1300,,,,,,,
,,,8.333333333333334,1300,0.6921029686927795,0.5270758122743683,591.5026,,,,
0.6928,1.4260354042053223,0.00012095588235294117,8.493589743589745,1325,,,,,,,
,,,8.493589743589745,1325,0.6920309662818909,0.5270758122743683,603.2124,,,,
0.6953,0.33924829959869385,0.00010808823529411764,8.653846153846153,1350,,,,,,,
,,,8.653846153846153,1350,0.692319929599762,0.5270758122743683,613.9978,,,,
0.6927,1.3927068710327148,9.52205882352941e-05,8.814102564102564,1375,,,,,,,
,,,8.814102564102564,1375,0.69260573387146,0.5270758122743683,625.2771,,,,
0.6938,0.5051965117454529,8.235294117647058e-05,8.974358974358974,1400,,,,,,,
,,,8.974358974358974,1400,0.6930444836616516,0.5270758122743683,636.426,,,,
0.6934,0.29178768396377563,6.948529411764706e-05,9.134615384615385,1425,,,,,,,
,,,9.134615384615385,1425,0.6939813494682312,0.4729241877256318,647.5126,,,,
0.6958,0.37516555190086365,5.661764705882353e-05,9.294871794871796,1450,,,,,,,
,,,9.294871794871796,1450,0.693082869052887,0.5270758122743683,658.8849,,,,
0.6932,0.4673476219177246,4.375e-05,9.455128205128204,1475,,,,,,,
,,,9.455128205128204,1475,0.6935600638389587,0.4729241877256318,669.9488,,,,
0.6943,0.3459017872810364,3.0882352941176475e-05,9.615384615384615,1500,,,,,,,
,,,9.615384615384615,1500,0.6926887631416321,0.5270758122743683,681.7919,,,,
0.6919,1.8246650695800781,1.801470588235294e-05,9.775641025641026,1525,,,,,,,
,,,9.775641025641026,1525,0.6926062703132629,0.5270758122743683,693.5457,,,,
0.6943,0.28519535064697266,5.147058823529411e-06,9.935897435897436,1550,,,,,,,
,,,9.935897435897436,1550,0.6926788687705994,0.5270758122743683,704.7872,,,,
,,,10.0,1560,,,707.7483,35.182,2.204,2114081943215040.0,0.6983194593435679
