loss,grad_norm,learning_rate,epoch,step,eval_loss,eval_accuracy,eval_f1,train_runtime,train_samples_per_second,train_steps_per_second,total_flos,train_loss
1.1672,3.7007546424865723,0.0001,0.0625,1,,,,,,,,
0.9586,2.1168205738067627,0.001,0.625,10,,,,,,,,
,,,0.625,10,0.9246594309806824,0.5,0.2222222222222222,4.4488,,,,
1.0353,3.2000348567962646,0.002,1.25,20,,,,,,,,
,,,1.25,20,0.9737631678581238,0.6428571428571429,0.44546094299788885,8.609,,,,
0.8835,2.2071735858917236,0.003,1.875,30,,,,,,,,
,,,1.875,30,0.8977557420730591,0.6071428571428571,0.41433691756272406,12.615,,,,
0.8528,2.714689016342163,0.004,2.5,40,,,,,,,,
,,,2.5,40,0.7176678776741028,0.6785714285714286,0.47478301665493783,16.596,,,,
0.6066,1.5304852724075317,0.005,3.125,50,,,,,,,,
,,,3.125,50,0.7168307900428772,0.7857142857142857,0.5499031007751939,20.6107,,,,
0.6411,2.612582206726074,0.004814814814814814,3.75,60,,,,,,,,
,,,3.75,60,0.705398440361023,0.6964285714285714,0.4792779049071956,24.6771,,,,
0.423,1.2164788246154785,0.004629629629629629,4.375,70,,,,,,,,
,,,4.375,70,0.7594233751296997,0.75,0.5281161560231328,28.6457,,,,
0.3561,0.6099220514297485,0.0044444444444444444,5.0,80,,,,,,,,
,,,5.0,80,0.6418360471725464,0.7857142857142857,0.5487179487179487,32.6234,,,,
0.195,1.0869483947753906,0.0042592592592592595,5.625,90,,,,,,,,
,,,5.625,90,0.3406197130680084,0.875,0.7154589371980676,36.9553,,,,
0.0917,0.2506674528121948,0.004074074074074074,6.25,100,,,,,,,,
,,,6.25,100,0.37753018736839294,0.9285714285714286,0.917003367003367,40.9618,,,,
0.0202,0.008820487186312675,0.003888888888888889,6.875,110,,,,,,,,
,,,6.875,110,0.6750841736793518,0.875,0.7155172413793104,44.8931,,,,
0.0726,1.5469242334365845,0.0037037037037037034,7.5,120,,,,,,,,
,,,7.5,120,0.5454813838005066,0.9285714285714286,0.9237290159275974,48.5606,,,,
0.0278,0.00028793676756322384,0.0035185185185185185,8.125,130,,,,,,,,
,,,8.125,130,0.5797351598739624,0.9107142857142857,0.8650793650793651,52.8256,,,,
0.0105,0.7070009112358093,0.003333333333333333,8.75,140,,,,,,,,
,,,8.75,140,0.4941292107105255,0.9285714285714286,0.917003367003367,57.3288,,,,
0.003,0.10865280777215958,0.003148148148148148,9.375,150,,,,,,,,
,,,9.375,150,0.46201929450035095,0.9285714285714286,0.9225296442687747,61.3291,,,,
0.0197,0.0004715624381788075,0.002962962962962963,10.0,160,,,,,,,,
,,,10.0,160,0.5047000646591187,0.9107142857142857,0.8650793650793651,65.3969,,,,
0.0119,2.2030274868011475,0.002777777777777778,10.625,170,,,,,,,,
,,,10.625,170,0.6076863408088684,0.9285714285714286,0.917003367003367,69.7094,,,,
0.0499,0.012128259055316448,0.0025925925925925925,11.25,180,,,,,,,,
,,,11.25,180,0.6592944264411926,0.9107142857142857,0.8808641975308643,73.6701,,,,
0.011,0.6439371109008789,0.002407407407407407,11.875,190,,,,,,,,
,,,11.875,190,0.5292722582817078,0.8928571428571429,0.8001253132832081,78.0545,,,,
0.0122,7.451717465301044e-06,0.0022222222222222222,12.5,200,,,,,,,,
,,,12.5,200,0.5400465130805969,0.8928571428571429,0.8001253132832081,81.9943,,,,
0.0033,0.001033117063343525,0.002037037037037037,13.125,210,,,,,,,,
,,,13.125,210,0.6415916085243225,0.9107142857142857,0.9042579994960948,86.0117,,,,
0.0021,0.005826650187373161,0.0018518518518518517,13.75,220,,,,,,,,
,,,13.75,220,0.721771240234375,0.8928571428571429,0.8678731870106534,90.4256,,,,
0.0611,0.002508091041818261,0.0016666666666666666,14.375,230,,,,,,,,
,,,14.375,230,0.6549639105796814,0.9285714285714286,0.9475308641975309,94.7642,,,,
0.0007,0.03650619462132454,0.0014814814814814814,15.0,240,,,,,,,,
,,,15.0,240,0.6545043587684631,0.9464285714285714,0.9605415860735009,98.6832,,,,
0.0019,0.0005501135601662099,0.0012962962962962963,15.625,250,,,,,,,,
,,,15.625,250,0.6801682114601135,0.9285714285714286,0.9475308641975309,102.7307,,,,
0.001,0.0073555647395551205,0.0011111111111111111,16.25,260,,,,,,,,
,,,16.25,260,0.7393509745597839,0.9285714285714286,0.9475308641975309,107.0295,,,,
0.0014,0.0036629964597523212,0.0009259259259259259,16.875,270,,,,,,,,
,,,16.875,270,0.7412338256835938,0.9285714285714286,0.9475308641975309,111.1314,,,,
0.0088,0.0020455133635550737,0.0007407407407407407,17.5,280,,,,,,,,
,,,17.5,280,0.7450593113899231,0.9285714285714286,0.9475308641975309,115.4899,,,,
0.0039,0.10514461249113083,0.0005555555555555556,18.125,290,,,,,,,,
,,,18.125,290,0.8010076284408569,0.9107142857142857,0.9042579994960948,119.4772,,,,
0.0226,0.0032856150064617395,0.00037037037037037035,18.75,300,,,,,,,,
,,,18.75,300,0.7487736940383911,0.9285714285714286,0.9475308641975309,123.7943,,,,
0.0011,0.03310156986117363,0.00018518518518518518,19.375,310,,,,,,,,
,,,19.375,310,0.7215326428413391,0.9285714285714286,0.9475308641975309,127.4936,,,,
0.0009,0.002762937918305397,0.0,20.0,320,,,,,,,,
,,,20.0,320,0.7150880098342896,0.9285714285714286,0.9475308641975309,131.7556,,,,
,,,20.0,320,,,,131.2788,38.087,2.438,450126133093440.0,0.20038270512304734
