loss,grad_norm,learning_rate,epoch,step,eval_loss,eval_accuracy,train_runtime,train_samples_per_second,train_steps_per_second,total_flos,train_loss
0.718,1.6967381238937378,3.5e-06,0.00641025641025641,1,,,,,,,
0.7041,1.0582520961761475,8.75e-05,0.16025641025641027,25,,,,,,,
,,,0.16025641025641027,25,0.7032503485679626,0.4729241877256318,11.2754,,,,
0.7265,0.9879891872406006,0.000175,0.32051282051282054,50,,,,,,,
,,,0.32051282051282054,50,0.6915053129196167,0.5270758122743683,21.9606,,,,
0.6939,0.8102974891662598,0.0002625,0.4807692307692308,75,,,,,,,
,,,0.4807692307692308,75,0.7004737257957458,0.5270758122743683,33.9932,,,,
0.7042,2.6683292388916016,0.00035,0.6410256410256411,100,,,,,,,
,,,0.6410256410256411,100,0.6970956325531006,0.4729241877256318,45.0096,,,,
0.7167,3.6793699264526367,0.0004375,0.8012820512820513,125,,,,,,,
,,,0.8012820512820513,125,0.7191833853721619,0.5270758122743683,56.8022,,,,
0.7034,1.9364683628082275,0.000525,0.9615384615384616,150,,,,,,,
,,,0.9615384615384616,150,0.692939817905426,0.4693140794223827,67.7601,,,,
0.6939,2.712688446044922,0.0006125,1.1217948717948718,175,,,,,,,
,,,1.1217948717948718,175,0.6911648511886597,0.4981949458483754,79.0971,,,,
0.695,2.4565892219543457,0.0007,1.282051282051282,200,,,,,,,
,,,1.282051282051282,200,0.677094042301178,0.5848375451263538,90.4123,,,,
0.6661,0.6188153624534607,0.0006871323529411764,1.4423076923076923,225,,,,,,,
,,,1.4423076923076923,225,0.6885164380073547,0.631768953068592,101.5344,,,,
0.7415,0.7204685807228088,0.0006742647058823529,1.6025641025641026,250,,,,,,,
,,,1.6025641025641026,250,0.6539629697799683,0.631768953068592,112.7836,,,,
0.6909,0.8407793641090393,0.0006613970588235294,1.7628205128205128,275,,,,,,,
,,,1.7628205128205128,275,0.6507494449615479,0.6028880866425993,123.6203,,,,
0.675,1.16648530960083,0.0006485294117647059,1.9230769230769231,300,,,,,,,
,,,1.9230769230769231,300,0.6580204367637634,0.6028880866425993,135.1118,,,,
0.647,1.0113459825515747,0.0006356617647058823,2.0833333333333335,325,,,,,,,
,,,2.0833333333333335,325,0.6466060876846313,0.6534296028880866,145.9573,,,,
0.6247,1.0300171375274658,0.0006227941176470587,2.2435897435897436,350,,,,,,,
,,,2.2435897435897436,350,0.6299847960472107,0.6389891696750902,156.9321,,,,
0.6138,1.3459365367889404,0.0006099264705882353,2.4038461538461537,375,,,,,,,
,,,2.4038461538461537,375,0.6707851886749268,0.6425992779783394,168.1205,,,,
0.6717,1.3057810068130493,0.0005970588235294117,2.564102564102564,400,,,,,,,
,,,2.564102564102564,400,0.6627891063690186,0.628158844765343,179.29,,,,
0.6156,0.6329631805419922,0.0005841911764705882,2.7243589743589745,425,,,,,,,
,,,2.7243589743589745,425,0.6016906499862671,0.6787003610108303,190.6055,,,,
0.6396,0.5950198173522949,0.0005713235294117647,2.8846153846153846,450,,,,,,,
,,,2.8846153846153846,450,0.6674098372459412,0.6353790613718412,201.9355,,,,
0.5857,1.7275524139404297,0.0005584558823529412,3.0448717948717947,475,,,,,,,
,,,3.0448717948717947,475,0.6321731805801392,0.6859205776173285,213.0286,,,,
0.6373,1.7534459829330444,0.0005455882352941177,3.2051282051282053,500,,,,,,,
,,,3.2051282051282053,500,0.5776172876358032,0.6895306859205776,224.3349,,,,
0.5908,1.5784659385681152,0.0005327205882352941,3.3653846153846154,525,,,,,,,
,,,3.3653846153846154,525,0.5708276629447937,0.6967509025270758,235.9343,,,,
0.558,1.692463994026184,0.0005198529411764706,3.5256410256410255,550,,,,,,,
,,,3.5256410256410255,550,0.5588098168373108,0.6967509025270758,246.6001,,,,
0.5583,0.9247075319290161,0.0005069852941176471,3.685897435897436,575,,,,,,,
,,,3.685897435897436,575,0.553999125957489,0.7003610108303249,257.4322,,,,
0.5828,2.8500142097473145,0.0004941176470588236,3.8461538461538463,600,,,,,,,
,,,3.8461538461538463,600,0.6467211246490479,0.7003610108303249,268.9425,,,,
0.5453,1.9907708168029785,0.00048125,4.006410256410256,625,,,,,,,
,,,4.006410256410256,625,0.6398665904998779,0.7075812274368231,280.3145,,,,
0.5327,1.29689359664917,0.00046838235294117644,4.166666666666667,650,,,,,,,
,,,4.166666666666667,650,0.560548722743988,0.7075812274368231,291.8488,,,,
0.5517,1.2075709104537964,0.00045551470588235297,4.326923076923077,675,,,,,,,
,,,4.326923076923077,675,0.5590428113937378,0.7003610108303249,302.6359,,,,
0.5195,0.9769964814186096,0.0004426470588235294,4.487179487179487,700,,,,,,,
,,,4.487179487179487,700,0.5598356127738953,0.7075812274368231,314.0869,,,,
0.5013,1.1234705448150635,0.0004297794117647059,4.647435897435898,725,,,,,,,
,,,4.647435897435898,725,0.603034257888794,0.7256317689530686,325.0437,,,,
0.5379,3.2354931831359863,0.00041691176470588234,4.8076923076923075,750,,,,,,,
,,,4.8076923076923075,750,0.5661150217056274,0.7075812274368231,336.2918,,,,
0.5139,3.984356164932251,0.00040404411764705876,4.967948717948718,775,,,,,,,
,,,4.967948717948718,775,0.7879279255867004,0.6895306859205776,347.3432,,,,
0.473,0.897520124912262,0.0003911764705882353,5.128205128205128,800,,,,,,,
,,,5.128205128205128,800,0.5553860068321228,0.703971119133574,358.6595,,,,
0.4606,1.6053358316421509,0.00037830882352941176,5.288461538461538,825,,,,,,,
,,,5.288461538461538,825,0.5973419547080994,0.7075812274368231,369.9202,,,,
0.4971,0.8373079299926758,0.00036544117647058824,5.448717948717949,850,,,,,,,
,,,5.448717948717949,850,0.5377124547958374,0.703971119133574,381.5864,,,,
0.4653,2.0388009548187256,0.0003525735294117647,5.608974358974359,875,,,,,,,
,,,5.608974358974359,875,0.579813539981842,0.703971119133574,392.997,,,,
0.4508,2.9020426273345947,0.0003397058823529412,5.769230769230769,900,,,,,,,
,,,5.769230769230769,900,0.5691899061203003,0.7184115523465704,403.9454,,,,
0.5102,1.2986729145050049,0.00032683823529411766,5.92948717948718,925,,,,,,,
,,,5.92948717948718,925,0.561414361000061,0.7292418772563177,415.0083,,,,
0.4711,0.7426964640617371,0.00031397058823529414,6.089743589743589,950,,,,,,,
,,,6.089743589743589,950,0.5794249176979065,0.7256317689530686,426.1305,,,,
0.4366,0.8418142199516296,0.0003011029411764706,6.25,975,,,,,,,
,,,6.25,975,0.612305760383606,0.7256317689530686,437.533,,,,
0.5059,2.0100090503692627,0.00028823529411764703,6.410256410256411,1000,,,,,,,
,,,6.410256410256411,1000,0.5919642448425293,0.7256317689530686,448.4669,,,,
0.4647,1.3087271451950073,0.0002753676470588235,6.57051282051282,1025,,,,,,,
,,,6.57051282051282,1025,0.6243279576301575,0.7256317689530686,459.9793,,,,
0.4434,0.6274102926254272,0.0002625,6.730769230769231,1050,,,,,,,
,,,6.730769230769231,1050,0.5595871806144714,0.7220216606498195,471.2534,,,,
0.4196,2.445258378982544,0.00024963235294117646,6.891025641025641,1075,,,,,,,
,,,6.891025641025641,1075,0.5701190829277039,0.7364620938628159,483.0772,,,,
0.4007,0.716346800327301,0.00023676470588235296,7.051282051282051,1100,,,,,,,
,,,7.051282051282051,1100,0.5577165484428406,0.740072202166065,494.0864,,,,
0.4244,1.7019588947296143,0.00022389705882352938,7.211538461538462,1125,,,,,,,
,,,7.211538461538462,1125,0.5614602565765381,0.7220216606498195,505.0569,,,,
0.366,0.9834396839141846,0.00021102941176470586,7.371794871794872,1150,,,,,,,
,,,7.371794871794872,1150,0.5723727941513062,0.7472924187725631,517.0975,,,,
0.4222,1.5486141443252563,0.00019816176470588236,7.532051282051282,1175,,,,,,,
,,,7.532051282051282,1175,0.6383629441261292,0.7436823104693141,528.0291,,,,
0.3815,1.7051219940185547,0.00018529411764705883,7.6923076923076925,1200,,,,,,,
,,,7.6923076923076925,1200,0.6233332753181458,0.7436823104693141,539.0838,,,,
0.4251,1.083434820175171,0.0001724264705882353,7.852564102564102,1225,,,,,,,
,,,7.852564102564102,1225,0.5652732253074646,0.740072202166065,550.5043,,,,
0.4712,3.074300527572632,0.00015955882352941176,8.012820512820513,1250,,,,,,,
,,,8.012820512820513,1250,0.5877581834793091,0.7256317689530686,561.6608,,,,
0.3912,0.8758234977722168,0.00014669117647058823,8.173076923076923,1275,,,,,,,
,,,8.173076923076923,1275,0.6118916273117065,0.7256317689530686,573.0169,,,,
0.4176,1.0026130676269531,0.0001338235294117647,8.333333333333334,1300,,,,,,,
,,,8.333333333333334,1300,0.5991550087928772,0.7292418772563177,583.935,,,,
0.3373,1.452717661857605,0.00012095588235294117,8.493589743589745,1325,,,,,,,
,,,8.493589743589745,1325,0.6454668045043945,0.7364620938628159,595.5313,,,,
0.4208,1.844928503036499,0.00010808823529411764,8.653846153846153,1350,,,,,,,
,,,8.653846153846153,1350,0.5866941809654236,0.7436823104693141,606.2187,,,,
0.3338,4.586958885192871,9.52205882352941e-05,8.814102564102564,1375,,,,,,,
,,,8.814102564102564,1375,0.6737142205238342,0.7292418772563177,617.3511,,,,
0.3783,2.2264931201934814,8.235294117647058e-05,8.974358974358974,1400,,,,,,,
,,,8.974358974358974,1400,0.6196924448013306,0.7472924187725631,628.3263,,,,
0.366,0.9383851885795593,6.948529411764706e-05,9.134615384615385,1425,,,,,,,
,,,9.134615384615385,1425,0.6206847429275513,0.7436823104693141,639.259,,,,
0.3871,1.66214120388031,5.661764705882353e-05,9.294871794871796,1450,,,,,,,
,,,9.294871794871796,1450,0.6280351877212524,0.7545126353790613,650.5099,,,,
0.3077,0.6186701059341431,4.375e-05,9.455128205128204,1475,,,,,,,
,,,9.455128205128204,1475,0.6727913618087769,0.7328519855595668,661.4646,,,,
0.3629,2.713776111602783,3.0882352941176475e-05,9.615384615384615,1500,,,,,,,
,,,9.615384615384615,1500,0.6360525488853455,0.7581227436823105,673.1493,,,,
0.3547,5.4942426681518555,1.801470588235294e-05,9.775641025641026,1525,,,,,,,
,,,9.775641025641026,1525,0.6249707937240601,0.7436823104693141,684.7552,,,,
0.434,1.6586686372756958,5.147058823529411e-06,9.935897435897436,1550,,,,,,,
,,,9.935897435897436,1550,0.6206121444702148,0.7436823104693141,695.9158,,,,
,,,10.0,1560,,,698.6824,35.639,2.233,2135696326810560.0,0.5219015904726126
