loss,grad_norm,learning_rate,epoch,step,eval_loss,eval_accuracy,eval_f1,train_runtime,train_samples_per_second,train_steps_per_second,total_flos,train_loss
0.6963,1.4430679082870483,2.5e-05,0.004347826086956522,1,,,,,,,,
0.6641,1.5003185272216797,0.000625,0.10869565217391304,25,,,,,,,,
,,,0.10869565217391304,25,0.6603954434394836,0.6838235294117647,0.8122270742358079,6.1499,,,,
0.7596,1.8337172269821167,0.00125,0.21739130434782608,50,,,,,,,,
,,,0.21739130434782608,50,0.6187645792961121,0.6838235294117647,0.8122270742358079,11.7945,,,,
0.6898,1.2099969387054443,0.001875,0.32608695652173914,75,,,,,,,,
,,,0.32608695652173914,75,0.6077373623847961,0.696078431372549,0.8181818181818181,17.6908,,,,
0.5977,1.366918683052063,0.0025,0.43478260869565216,100,,,,,,,,
,,,0.43478260869565216,100,0.5524656772613525,0.7132352941176471,0.8224582701062216,23.4419,,,,
0.5529,1.8903977870941162,0.003125,0.5434782608695652,125,,,,,,,,
,,,0.5434782608695652,125,0.6460397243499756,0.6985294117647058,0.8172362555720655,29.3573,,,,
0.5683,1.202080488204956,0.00375,0.6521739130434783,150,,,,,,,,
,,,0.6521739130434783,150,0.5289827585220337,0.7524509803921569,0.8409448818897638,35.175,,,,
0.5682,2.8647055625915527,0.004375,0.7608695652173914,175,,,,,,,,
,,,0.7608695652173914,175,0.5092438459396362,0.7524509803921569,0.8419405320813772,41.1415,,,,
0.5822,1.2072334289550781,0.005,0.8695652173913043,200,,,,,,,,
,,,0.8695652173913043,200,0.5973575711250305,0.7524509803921569,0.8434108527131784,46.9806,,,,
0.5188,1.779678225517273,0.0049404761904761904,0.9782608695652174,225,,,,,,,,
,,,0.9782608695652174,225,0.43335607647895813,0.8161764705882353,0.8704663212435233,52.7157,,,,
0.4407,2.1556286811828613,0.004880952380952381,1.0869565217391304,250,,,,,,,,
,,,1.0869565217391304,250,0.40202540159225464,0.8137254901960784,0.8628158844765343,58.3171,,,,
0.5483,3.610719680786133,0.004821428571428572,1.1956521739130435,275,,,,,,,,
,,,1.1956521739130435,275,0.41037100553512573,0.8161764705882353,0.8700173310225303,63.9786,,,,
0.5149,4.830621719360352,0.0047619047619047615,1.3043478260869565,300,,,,,,,,
,,,1.3043478260869565,300,0.39197659492492676,0.8161764705882353,0.8658318425760286,69.7655,,,,
0.4383,0.9992159008979797,0.004702380952380953,1.4130434782608696,325,,,,,,,,
,,,1.4130434782608696,325,0.3722037374973297,0.8357843137254902,0.8858603066439524,75.409,,,,
0.4691,1.0953961610794067,0.004642857142857143,1.5217391304347827,350,,,,,,,,
,,,1.5217391304347827,350,0.6067443490028381,0.7524509803921569,0.7908902691511388,81.1711,,,,
0.5193,1.576416254043579,0.004583333333333333,1.6304347826086958,375,,,,,,,,
,,,1.6304347826086958,375,0.3685203194618225,0.8284313725490197,0.8727272727272727,86.7718,,,,
0.4573,0.6808920502662659,0.004523809523809524,1.7391304347826086,400,,,,,,,,
,,,1.7391304347826086,400,0.37448373436927795,0.8259803921568627,0.8798646362098139,92.465,,,,
0.5412,1.545076847076416,0.004464285714285715,1.8478260869565217,425,,,,,,,,
,,,1.8478260869565217,425,0.5551618933677673,0.7573529411764706,0.8493150684931507,98.2572,,,,
0.5559,2.9856042861938477,0.004404761904761904,1.9565217391304348,450,,,,,,,,
,,,1.9565217391304348,450,0.3692474365234375,0.8431372549019608,0.8929765886287626,104.0571,,,,
0.3814,0.6563531756401062,0.004345238095238096,2.0652173913043477,475,,,,,,,,
,,,2.0652173913043477,475,0.516501784324646,0.8357843137254902,0.888888888888889,109.6683,,,,
0.3651,2.6611979007720947,0.004285714285714286,2.1739130434782608,500,,,,,,,,
,,,2.1739130434782608,500,0.3882880210876465,0.8382352941176471,0.8885135135135136,115.4528,,,,
0.3883,2.6206085681915283,0.004226190476190476,2.282608695652174,525,,,,,,,,
,,,2.282608695652174,525,0.3962017595767975,0.8259803921568627,0.8637236084452974,121.8586,,,,
0.3959,0.6826046705245972,0.004166666666666667,2.391304347826087,550,,,,,,,,
,,,2.391304347826087,550,0.3484792411327362,0.8480392156862745,0.8900709219858156,127.6715,,,,
0.3578,5.213554382324219,0.004107142857142857,2.5,575,,,,,,,,
,,,2.5,575,0.6742921471595764,0.7965686274509803,0.8701095461658842,133.608,,,,
0.3247,1.489569902420044,0.004047619047619048,2.608695652173913,600,,,,,,,,
,,,2.608695652173913,600,0.39187195897102356,0.8602941176470589,0.9028960817717206,139.4408,,,,
0.3449,2.348958730697632,0.0039880952380952385,2.717391304347826,625,,,,,,,,
,,,2.717391304347826,625,0.39568230509757996,0.8480392156862745,0.8916083916083916,145.3366,,,,
0.4763,1.6133264303207397,0.003928571428571429,2.8260869565217392,650,,,,,,,,
,,,2.8260869565217392,650,0.3323564827442169,0.8529411764705882,0.8920863309352518,151.1684,,,,
0.3474,4.5826849937438965,0.003869047619047619,2.9347826086956523,675,,,,,,,,
,,,2.9347826086956523,675,0.5473790168762207,0.8259803921568627,0.8841761827079935,156.9703,,,,
0.3833,1.6616215705871582,0.0038095238095238095,3.0434782608695654,700,,,,,,,,
,,,3.0434782608695654,700,0.3824058175086975,0.8529411764705882,0.8943661971830987,162.5507,,,,
0.327,1.2093478441238403,0.00375,3.1521739130434785,725,,,,,,,,
,,,3.1521739130434785,725,0.3774828314781189,0.8553921568627451,0.8944543828264758,168.2717,,,,
0.2712,1.2882646322250366,0.0036904761904761906,3.260869565217391,750,,,,,,,,
,,,3.260869565217391,750,0.358430951833725,0.8602941176470589,0.8987566607460036,174.0906,,,,
0.2975,6.475233554840088,0.003630952380952381,3.369565217391304,775,,,,,,,,
,,,3.369565217391304,775,0.495324045419693,0.8431372549019608,0.8823529411764707,179.6954,,,,
0.4035,3.96484112739563,0.0035714285714285718,3.4782608695652173,800,,,,,,,,
,,,3.4782608695652173,800,0.478507399559021,0.8553921568627451,0.9015025041736227,185.444,,,,
0.3343,3.8218510150909424,0.0035119047619047617,3.5869565217391304,825,,,,,,,,
,,,3.5869565217391304,825,0.34748682379722595,0.8406862745098039,0.8816029143897995,191.2069,,,,
0.3033,2.383211612701416,0.0034523809523809524,3.6956521739130435,850,,,,,,,,
,,,3.6956521739130435,850,0.40911370515823364,0.8406862745098039,0.8780487804878049,197.0139,,,,
0.3144,6.177631855010986,0.003392857142857143,3.8043478260869565,875,,,,,,,,
,,,3.8043478260869565,875,0.5335943698883057,0.8357843137254902,0.8850771869639793,202.7806,,,,
0.3571,3.3682005405426025,0.003333333333333333,3.9130434782608696,900,,,,,,,,
,,,3.9130434782608696,900,0.3683282136917114,0.8578431372549019,0.8978873239436619,208.5646,,,,
0.3364,2.2305922508239746,0.003273809523809524,4.021739130434782,925,,,,,,,,
,,,4.021739130434782,925,0.34346556663513184,0.8382352941176471,0.8821428571428571,214.2835,,,,
0.2657,1.7367209196090698,0.0032142857142857147,4.130434782608695,950,,,,,,,,
,,,4.130434782608695,950,0.382670521736145,0.8357843137254902,0.8809946714031971,220.1373,,,,
0.269,6.2321858406066895,0.0031547619047619046,4.239130434782608,975,,,,,,,,
,,,4.239130434782608,975,0.6661928296089172,0.8284313725490197,0.8856209150326797,225.9315,,,,
0.3322,4.458583354949951,0.0030952380952380953,4.3478260869565215,1000,,,,,,,,
,,,4.3478260869565215,1000,0.49893808364868164,0.8382352941176471,0.8873720136518771,231.7237,,,,
0.3405,5.762662887573242,0.0030357142857142857,4.456521739130435,1025,,,,,,,,
,,,4.456521739130435,1025,0.4349779486656189,0.821078431372549,0.8655616942909761,238.2685,,,,
0.2715,2.8209176063537598,0.002976190476190476,4.565217391304348,1050,,,,,,,,
,,,4.565217391304348,1050,0.5169492363929749,0.8235294117647058,0.8762886597938144,244.0951,,,,
0.223,1.2770304679870605,0.002916666666666667,4.673913043478261,1075,,,,,,,,
,,,4.673913043478261,1075,0.39256781339645386,0.8382352941176471,0.88339222614841,249.877,,,,
0.227,0.2775261104106903,0.002857142857142857,4.782608695652174,1100,,,,,,,,
,,,4.782608695652174,1100,0.5773139595985413,0.8431372549019608,0.8947368421052632,255.6807,,,,
0.3531,3.6117024421691895,0.002797619047619048,4.891304347826087,1125,,,,,,,,
,,,4.891304347826087,1125,0.35582298040390015,0.8602941176470589,0.8942486085343229,261.4178,,,,
0.2083,0.025515621528029442,0.0027380952380952383,5.0,1150,,,,,,,,
,,,5.0,1150,0.4449269771575928,0.8431372549019608,0.8836363636363636,267.2223,,,,
0.1991,0.38184159994125366,0.0026785714285714286,5.108695652173913,1175,,,,,,,,
,,,5.108695652173913,1175,0.45198050141334534,0.8455882352941176,0.8900523560209423,272.8722,,,,
0.2296,3.9297006130218506,0.0026190476190476194,5.217391304347826,1200,,,,,,,,
,,,5.217391304347826,1200,0.4818876385688782,0.8406862745098039,0.8861646234676007,278.7203,,,,
0.2396,1.1348462104797363,0.0025595238095238093,5.326086956521739,1225,,,,,,,,
,,,5.326086956521739,1225,0.4318822920322418,0.8284313725490197,0.8754448398576512,284.4567,,,,
0.2352,1.148069977760315,0.0025,5.434782608695652,1250,,,,,,,,
,,,5.434782608695652,1250,0.45384272933006287,0.8602941176470589,0.9015544041450777,290.1382,,,,
0.1287,3.3704347610473633,0.0024404761904761904,5.543478260869565,1275,,,,,,,,
,,,5.543478260869565,1275,0.638641357421875,0.8627450980392157,0.903114186851211,295.8194,,,,
0.3495,0.3908231258392334,0.0023809523809523807,5.6521739130434785,1300,,,,,,,,
,,,5.6521739130434785,1300,0.45252934098243713,0.8504901960784313,0.8927943760984183,301.5255,,,,
0.2149,0.8098266124725342,0.0023214285714285715,5.760869565217392,1325,,,,,,,,
,,,5.760869565217392,1325,0.43476399779319763,0.8382352941176471,0.8791208791208791,307.3369,,,,
0.2136,1.7746988534927368,0.002261904761904762,5.869565217391305,1350,,,,,,,,
,,,5.869565217391305,1350,0.40700021386146545,0.8382352941176471,0.8821428571428571,313.148,,,,
0.2202,1.4158285856246948,0.002202380952380952,5.978260869565218,1375,,,,,,,,
,,,5.978260869565218,1375,0.40480080246925354,0.8504901960784313,0.893542757417103,319.1211,,,,
0.1774,2.9306235313415527,0.002142857142857143,6.086956521739131,1400,,,,,,,,
,,,6.086956521739131,1400,0.6565207839012146,0.8357843137254902,0.888888888888889,324.8551,,,,
0.1938,2.0615806579589844,0.0020833333333333333,6.195652173913044,1425,,,,,,,,
,,,6.195652173913044,1425,0.5185682773590088,0.8578431372549019,0.8999999999999999,330.9741,,,,
0.2145,1.8030450344085693,0.002023809523809524,6.304347826086957,1450,,,,,,,,
,,,6.304347826086957,1450,0.46152013540267944,0.8431372549019608,0.8853046594982079,336.7145,,,,
0.1474,0.7912060618400574,0.0019642857142857144,6.413043478260869,1475,,,,,,,,
,,,6.413043478260869,1475,0.5544342994689941,0.8382352941176471,0.8759398496240601,342.6134,,,,
0.2584,0.6813325881958008,0.0019047619047619048,6.521739130434782,1500,,,,,,,,
,,,6.521739130434782,1500,0.4615500569343567,0.8504901960784313,0.893169877408056,348.3843,,,,
0.2111,1.51537024974823,0.0018452380952380953,6.630434782608695,1525,,,,,,,,
,,,6.630434782608695,1525,0.5232729315757751,0.8406862745098039,0.888888888888889,354.855,,,,
0.2512,1.4064472913742065,0.0017857142857142859,6.739130434782608,1550,,,,,,,,
,,,6.739130434782608,1550,0.4104889929294586,0.8480392156862745,0.8892857142857142,360.5375,,,,
0.1312,0.47299328446388245,0.0017261904761904762,6.8478260869565215,1575,,,,,,,,
,,,6.8478260869565215,1575,0.6245203018188477,0.8406862745098039,0.8892674616695059,366.2579,,,,
0.2549,0.5028891563415527,0.0016666666666666666,6.956521739130435,1600,,,,,,,,
,,,6.956521739130435,1600,0.4593271017074585,0.8455882352941176,0.8911917098445595,372.0992,,,,
0.1171,1.2168513536453247,0.0016071428571428573,7.065217391304348,1625,,,,,,,,
,,,7.065217391304348,1625,0.5485395789146423,0.8406862745098039,0.8869565217391304,377.6569,,,,
0.1194,1.5178515911102295,0.0015476190476190477,7.173913043478261,1650,,,,,,,,
,,,7.173913043478261,1650,0.5887629389762878,0.8406862745098039,0.8861646234676007,383.4062,,,,
0.175,1.7921148538589478,0.001488095238095238,7.282608695652174,1675,,,,,,,,
,,,7.282608695652174,1675,0.566020131111145,0.8455882352941176,0.8904347826086957,389.068,,,,
0.2008,1.3453948497772217,0.0014285714285714286,7.391304347826087,1700,,,,,,,,
,,,7.391304347826087,1700,0.43709683418273926,0.8529411764705882,0.8943661971830987,394.9396,,,,
0.1415,0.7331278324127197,0.0013690476190476191,7.5,1725,,,,,,,,
,,,7.5,1725,0.4777686297893524,0.8504901960784313,0.891651865008881,400.7204,,,,
0.1575,1.8940526247024536,0.0013095238095238097,7.608695652173913,1750,,,,,,,,
,,,7.608695652173913,1750,0.5139436721801758,0.8431372549019608,0.8881118881118882,406.4306,,,,
0.179,5.293239116668701,0.00125,7.717391304347826,1775,,,,,,,,
,,,7.717391304347826,1775,0.5800166130065918,0.8455882352941176,0.8923076923076922,412.2309,,,,
0.1062,0.4105302691459656,0.0011904761904761904,7.826086956521739,1800,,,,,,,,
,,,7.826086956521739,1800,0.5979858040809631,0.8357843137254902,0.8838821490467937,417.9723,,,,
0.1431,1.5105091333389282,0.001130952380952381,7.934782608695652,1825,,,,,,,,
,,,7.934782608695652,1825,0.5363029837608337,0.8357843137254902,0.8792792792792793,424.0254,,,,
0.1669,5.070649147033691,0.0010714285714285715,8.043478260869565,1850,,,,,,,,
,,,8.043478260869565,1850,0.5341709852218628,0.8333333333333334,0.8790035587188612,429.777,,,,
0.1221,0.6876142621040344,0.001011904761904762,8.152173913043478,1875,,,,,,,,
,,,8.152173913043478,1875,0.5767601132392883,0.8455882352941176,0.8896672504378283,435.7431,,,,
0.0913,0.07220611721277237,0.0009523809523809524,8.26086956521739,1900,,,,,,,,
,,,8.26086956521739,1900,0.6476485133171082,0.8480392156862745,0.8923611111111109,441.6152,,,,
0.1018,1.2584205865859985,0.0008928571428571429,8.369565217391305,1925,,,,,,,,
,,,8.369565217391305,1925,0.664975643157959,0.8480392156862745,0.8916083916083916,447.5394,,,,
0.1357,2.082479476928711,0.0008333333333333333,8.478260869565217,1950,,,,,,,,
,,,8.478260869565217,1950,0.6274439096450806,0.8357843137254902,0.8801431127012522,453.4105,,,,
0.153,2.650448799133301,0.0007738095238095238,8.58695652173913,1975,,,,,,,,
,,,8.58695652173913,1975,0.6144112944602966,0.8431372549019608,0.8881118881118882,459.113,,,,
0.1852,1.1587494611740112,0.0007142857142857143,8.695652173913043,2000,,,,,,,,
,,,8.695652173913043,2000,0.547806441783905,0.8406862745098039,0.8869565217391304,464.8477,,,,
0.1012,3.0518388748168945,0.0006547619047619048,8.804347826086957,2025,,,,,,,,
,,,8.804347826086957,2025,0.5436971187591553,0.8431372549019608,0.8857142857142857,471.1072,,,,
0.1541,1.8575193881988525,0.0005952380952380952,8.91304347826087,2050,,,,,,,,
,,,8.91304347826087,2050,0.595488429069519,0.8406862745098039,0.8869565217391304,476.9199,,,,
0.112,0.6721873879432678,0.0005357142857142857,9.021739130434783,2075,,,,,,,,
,,,9.021739130434783,2075,0.5633372664451599,0.8406862745098039,0.8865619546247819,482.4731,,,,
0.0624,2.6656737327575684,0.0004761904761904762,9.130434782608695,2100,,,,,,,,
,,,9.130434782608695,2100,0.5972155928611755,0.8431372549019608,0.8877192982456141,488.2526,,,,
0.1027,0.25584718585014343,0.00041666666666666664,9.23913043478261,2125,,,,,,,,
,,,9.23913043478261,2125,0.6342079043388367,0.8455882352941176,0.8904347826086957,493.9324,,,,
0.112,1.5399246215820312,0.00035714285714285714,9.347826086956522,2150,,,,,,,,
,,,9.347826086956522,2150,0.6553062200546265,0.8431372549019608,0.8892733564013842,499.725,,,,
0.1446,0.10162314772605896,0.0002976190476190476,9.456521739130435,2175,,,,,,,,
,,,9.456521739130435,2175,0.6255566477775574,0.8480392156862745,0.8916083916083916,505.446,,,,
0.1055,2.791511297225952,0.0002380952380952381,9.565217391304348,2200,,,,,,,,
,,,9.565217391304348,2200,0.6138418316841125,0.8480392156862745,0.8908450704225351,511.255,,,,
0.1216,1.6705117225646973,0.00017857142857142857,9.673913043478262,2225,,,,,,,,
,,,9.673913043478262,2225,0.6260637044906616,0.8406862745098039,0.8869565217391304,517.0056,,,,
0.1297,0.38073623180389404,0.00011904761904761905,9.782608695652174,2250,,,,,,,,
,,,9.782608695652174,2250,0.618700385093689,0.8406862745098039,0.8869565217391304,522.8062,,,,
0.1075,2.6745216846466064,5.9523809523809524e-05,9.891304347826086,2275,,,,,,,,
,,,9.891304347826086,2275,0.6186087131500244,0.8455882352941176,0.8900523560209423,528.7625,,,,
0.1275,0.008811013773083687,0.0,10.0,2300,,,,,,,,
,,,10.0,2300,0.6167053580284119,0.8455882352941176,0.8896672504378283,534.5665,,,,
,,,10.0,2300,,,,534.1924,68.664,4.306,1451673350395296.0,0.2905966630189315
