loss,grad_norm,learning_rate,epoch,step,eval_loss,eval_accuracy,train_runtime,train_samples_per_second,train_steps_per_second,total_flos,train_loss
0.718,1.699585199356079,3.5e-06,0.00641025641025641,1,,,,,,,
0.704,1.1696488857269287,8.75e-05,0.16025641025641027,25,,,,,,,
,,,0.16025641025641027,25,0.7045853734016418,0.4729241877256318,11.1078,,,,
0.7216,0.8667736053466797,0.000175,0.32051282051282054,50,,,,,,,
,,,0.32051282051282054,50,0.6925456523895264,0.5270758122743683,21.7036,,,,
0.6992,0.47813552618026733,0.0002625,0.4807692307692308,75,,,,,,,
,,,0.4807692307692308,75,0.6943731904029846,0.5270758122743683,33.5869,,,,
0.7017,1.9814913272857666,0.00035,0.6410256410256411,100,,,,,,,
,,,0.6410256410256411,100,0.6876518726348877,0.5415162454873647,44.5013,,,,
0.6814,1.2843042612075806,0.0004375,0.8012820512820513,125,,,,,,,
,,,0.8012820512820513,125,0.7375852465629578,0.4729241877256318,56.2411,,,,
0.705,1.757016897201538,0.000525,0.9615384615384616,150,,,,,,,
,,,0.9615384615384616,150,0.6965790390968323,0.4729241877256318,67.1587,,,,
0.6958,3.4682281017303467,0.0006125,1.1217948717948718,175,,,,,,,
,,,1.1217948717948718,175,0.6986528038978577,0.4729241877256318,78.4646,,,,
0.6956,2.6587677001953125,0.0007,1.282051282051282,200,,,,,,,
,,,1.282051282051282,200,0.6820527911186218,0.5631768953068592,89.7312,,,,
0.707,1.0405986309051514,0.0006871323529411764,1.4423076923076923,225,,,,,,,
,,,1.4423076923076923,225,0.7186952829360962,0.4729241877256318,100.7347,,,,
0.7059,0.6951418519020081,0.0006742647058823529,1.6025641025641026,250,,,,,,,
,,,1.6025641025641026,250,0.6906482577323914,0.49458483754512633,111.9169,,,,
0.6955,0.9623979926109314,0.0006613970588235294,1.7628205128205128,275,,,,,,,
,,,1.7628205128205128,275,0.6571738123893738,0.6209386281588448,122.658,,,,
0.6851,1.5587729215621948,0.0006485294117647059,1.9230769230769231,300,,,,,,,
,,,1.9230769230769231,300,0.6748622059822083,0.5667870036101083,134.0638,,,,
0.662,1.7302935123443604,0.0006356617647058823,2.0833333333333335,325,,,,,,,
,,,2.0833333333333335,325,0.6078269481658936,0.6931407942238267,144.8904,,,,
0.6283,1.826127290725708,0.0006227941176470587,2.2435897435897436,350,,,,,,,
,,,2.2435897435897436,350,0.6145203709602356,0.6750902527075813,155.84,,,,
0.6273,2.260331392288208,0.0006099264705882353,2.4038461538461537,375,,,,,,,
,,,2.4038461538461537,375,0.749940812587738,0.6245487364620939,166.9282,,,,
0.6047,3.641460418701172,0.0005970588235294117,2.564102564102564,400,,,,,,,
,,,2.564102564102564,400,0.5725381970405579,0.7003610108303249,178.0585,,,,
0.5888,3.4238121509552,0.0005841911764705882,2.7243589743589745,425,,,,,,,
,,,2.7243589743589745,425,0.6211063265800476,0.6353790613718412,189.246,,,,
0.609,2.4671976566314697,0.0005713235294117647,2.8846153846153846,450,,,,,,,
,,,2.8846153846153846,450,0.6593733429908752,0.631768953068592,200.5027,,,,
0.5821,3.997188091278076,0.0005584558823529412,3.0448717948717947,475,,,,,,,
,,,3.0448717948717947,475,0.6215904951095581,0.6859205776173285,211.5808,,,,
0.6228,5.099920749664307,0.0005455882352941177,3.2051282051282053,500,,,,,,,
,,,3.2051282051282053,500,0.5778535008430481,0.703971119133574,222.9449,,,,
0.5592,4.362607002258301,0.0005327205882352941,3.3653846153846154,525,,,,,,,
,,,3.3653846153846154,525,0.6194300651550293,0.6787003610108303,234.4645,,,,
0.5888,10.047307014465332,0.0005198529411764706,3.5256410256410255,550,,,,,,,
,,,3.5256410256410255,550,0.6639508605003357,0.6750902527075813,245.131,,,,
0.5196,5.0121235847473145,0.0005069852941176471,3.685897435897436,575,,,,,,,
,,,3.685897435897436,575,0.5683401823043823,0.7111913357400722,255.8783,,,,
0.5857,5.736932754516602,0.0004941176470588236,3.8461538461538463,600,,,,,,,
,,,3.8461538461538463,600,0.6934925317764282,0.6967509025270758,267.311,,,,
0.4502,10.362278938293457,0.00048125,4.006410256410256,625,,,,,,,
,,,4.006410256410256,625,0.7020216584205627,0.7220216606498195,278.6333,,,,
0.4238,6.744399547576904,0.00046838235294117644,4.166666666666667,650,,,,,,,
,,,4.166666666666667,650,0.6337679624557495,0.703971119133574,289.9376,,,,
0.4841,5.208775043487549,0.00045551470588235297,4.326923076923077,675,,,,,,,
,,,4.326923076923077,675,0.6072700023651123,0.7003610108303249,300.685,,,,
0.4161,4.9595866203308105,0.0004426470588235294,4.487179487179487,700,,,,,,,
,,,4.487179487179487,700,0.648013174533844,0.7292418772563177,312.0827,,,,
0.4115,6.257394790649414,0.0004297794117647059,4.647435897435898,725,,,,,,,
,,,4.647435897435898,725,0.6964265704154968,0.7184115523465704,322.9503,,,,
0.4105,6.598542213439941,0.00041691176470588234,4.8076923076923075,750,,,,,,,
,,,4.8076923076923075,750,0.5691627264022827,0.7256317689530686,334.1117,,,,
0.3953,12.895146369934082,0.00040404411764705876,4.967948717948718,775,,,,,,,
,,,4.967948717948718,775,0.7293221950531006,0.7003610108303249,345.0888,,,,
0.3461,11.489550590515137,0.0003911764705882353,5.128205128205128,800,,,,,,,
,,,5.128205128205128,800,0.6880427002906799,0.7075812274368231,356.382,,,,
0.2993,5.274608135223389,0.00037830882352941176,5.288461538461538,825,,,,,,,
,,,5.288461538461538,825,0.7292065620422363,0.7220216606498195,367.6174,,,,
0.3546,13.587667465209961,0.00036544117647058824,5.448717948717949,850,,,,,,,
,,,5.448717948717949,850,0.6248735189437866,0.740072202166065,379.2139,,,,
0.3494,12.682948112487793,0.0003525735294117647,5.608974358974359,875,,,,,,,
,,,5.608974358974359,875,0.7078694105148315,0.7328519855595668,390.6285,,,,
0.3302,8.111221313476562,0.0003397058823529412,5.769230769230769,900,,,,,,,
,,,5.769230769230769,900,0.6849847435951233,0.7184115523465704,401.5835,,,,
0.3865,6.353144645690918,0.00032683823529411766,5.92948717948718,925,,,,,,,
,,,5.92948717948718,925,0.6370027661323547,0.7292418772563177,412.563,,,,
0.3284,4.5204081535339355,0.00031397058823529414,6.089743589743589,950,,,,,,,
,,,6.089743589743589,950,0.7585868835449219,0.7328519855595668,423.6563,,,,
0.2712,3.723508358001709,0.0003011029411764706,6.25,975,,,,,,,
,,,6.25,975,0.8199437260627747,0.740072202166065,435.0229,,,,
0.2178,7.8575029373168945,0.00028823529411764703,6.410256410256411,1000,,,,,,,
,,,6.410256410256411,1000,0.8418716788291931,0.7436823104693141,445.9189,,,,
0.2888,4.399157524108887,0.0002753676470588235,6.57051282051282,1025,,,,,,,
,,,6.57051282051282,1025,0.8063005805015564,0.7256317689530686,457.3673,,,,
0.2708,9.841170310974121,0.0002625,6.730769230769231,1050,,,,,,,
,,,6.730769230769231,1050,0.7756033539772034,0.7256317689530686,468.6424,,,,
0.236,4.0693182945251465,0.00024963235294117646,6.891025641025641,1075,,,,,,,
,,,6.891025641025641,1075,0.9493889808654785,0.7111913357400722,480.4492,,,,
0.2236,7.746867656707764,0.00023676470588235296,7.051282051282051,1100,,,,,,,
,,,7.051282051282051,1100,1.1061009168624878,0.7364620938628159,491.4304,,,,
0.2053,13.475934982299805,0.00022389705882352938,7.211538461538462,1125,,,,,,,
,,,7.211538461538462,1125,1.0654006004333496,0.7220216606498195,502.3501,,,,
0.1478,0.4172113537788391,0.00021102941176470586,7.371794871794872,1150,,,,,,,
,,,7.371794871794872,1150,1.2558988332748413,0.7256317689530686,514.2602,,,,
0.2375,6.597925186157227,0.00019816176470588236,7.532051282051282,1175,,,,,,,
,,,7.532051282051282,1175,1.1093484163284302,0.7436823104693141,525.0642,,,,
0.1641,10.791288375854492,0.00018529411764705883,7.6923076923076925,1200,,,,,,,
,,,7.6923076923076925,1200,1.1285157203674316,0.740072202166065,536.0212,,,,
0.2637,31.266151428222656,0.0001724264705882353,7.852564102564102,1225,,,,,,,
,,,7.852564102564102,1225,1.1511327028274536,0.7256317689530686,547.3174,,,,
0.2722,1.8199256658554077,0.00015955882352941176,8.012820512820513,1250,,,,,,,
,,,8.012820512820513,1250,1.1216484308242798,0.7220216606498195,558.4158,,,,
0.2083,25.500551223754883,0.00014669117647058823,8.173076923076923,1275,,,,,,,
,,,8.173076923076923,1275,1.2724149227142334,0.703971119133574,569.7119,,,,
0.1894,9.624381065368652,0.0001338235294117647,8.333333333333334,1300,,,,,,,
,,,8.333333333333334,1300,1.094167947769165,0.7148014440433214,580.5979,,,,
0.1077,4.054393768310547,0.00012095588235294117,8.493589743589745,1325,,,,,,,
,,,8.493589743589745,1325,1.280211091041565,0.7328519855595668,592.1124,,,,
0.2052,20.698808670043945,0.00010808823529411764,8.653846153846153,1350,,,,,,,
,,,8.653846153846153,1350,1.4369455575942993,0.7148014440433214,602.7214,,,,
0.1419,32.780555725097656,9.52205882352941e-05,8.814102564102564,1375,,,,,,,
,,,8.814102564102564,1375,1.2869654893875122,0.7148014440433214,613.8478,,,,
0.1179,21.077451705932617,8.235294117647058e-05,8.974358974358974,1400,,,,,,,
,,,8.974358974358974,1400,1.3670244216918945,0.7292418772563177,624.8259,,,,
0.176,7.772141933441162,6.948529411764706e-05,9.134615384615385,1425,,,,,,,
,,,9.134615384615385,1425,1.358657956123352,0.7256317689530686,635.7412,,,,
0.0804,2.5635342597961426,5.661764705882353e-05,9.294871794871796,1450,,,,,,,
,,,9.294871794871796,1450,1.2318001985549927,0.7220216606498195,646.8993,,,,
0.0716,9.029629707336426,4.375e-05,9.455128205128204,1475,,,,,,,
,,,9.455128205128204,1475,1.5027400255203247,0.7256317689530686,657.7628,,,,
0.119,0.7917885184288025,3.0882352941176475e-05,9.615384615384615,1500,,,,,,,
,,,9.615384615384615,1500,1.4399782419204712,0.7220216606498195,669.3962,,,,
0.1624,38.90847396850586,1.801470588235294e-05,9.775641025641026,1525,,,,,,,
,,,9.775641025641026,1525,1.4951434135437012,0.7184115523465704,680.9457,,,,
0.1982,16.617828369140625,5.147058823529411e-06,9.935897435897436,1550,,,,,,,
,,,9.935897435897436,1550,1.4152268171310425,0.7148014440433214,692.0411,,,,
,,,10.0,1560,,,694.9253,35.831,2.245,2121286737746880.0,0.4102704413426228
