loss,grad_norm,learning_rate,epoch,step,eval_loss,eval_accuracy,eval_f1,train_runtime,train_samples_per_second,train_steps_per_second,total_flos,train_loss
1.1838,4.285800457000732,1e-05,0.0625,1,,,,,,,,
1.1012,3.5233356952667236,0.0001,0.625,10,,,,,,,,
,,,0.625,10,1.0550851821899414,0.4107142857142857,0.1940928270042194,4.814,,,,
0.9658,3.2605559825897217,0.0002,1.25,20,,,,,,,,
,,,1.25,20,0.9404013752937317,0.4107142857142857,0.1940928270042194,9.303,,,,
0.8871,2.302947998046875,0.0003,1.875,30,,,,,,,,
,,,1.875,30,0.9010958671569824,0.5,0.24617886178861784,13.6358,,,,
0.9536,1.1574089527130127,0.0004,2.5,40,,,,,,,,
,,,2.5,40,0.8824863433837891,0.7142857142857143,0.49137709137709135,17.9487,,,,
0.7956,2.598794460296631,0.0005,3.125,50,,,,,,,,
,,,3.125,50,0.8271203637123108,0.6964285714285714,0.48646125116713357,22.2969,,,,
0.8042,2.329922676086426,0.00048148148148148144,3.75,60,,,,,,,,
,,,3.75,60,0.7250073552131653,0.7142857142857143,0.49976359338061477,26.7423,,,,
0.6287,3.496882438659668,0.000462962962962963,4.375,70,,,,,,,,
,,,4.375,70,0.7489873170852661,0.6785714285714286,0.47478301665493783,30.9342,,,,
0.6219,3.9013102054595947,0.0004444444444444444,5.0,80,,,,,,,,
,,,5.0,80,0.6493068337440491,0.6964285714285714,0.4872881355932203,35.2604,,,,
0.453,3.278089761734009,0.00042592592592592595,5.625,90,,,,,,,,
,,,5.625,90,0.5846267938613892,0.75,0.5239825581395349,39.9863,,,,
0.3952,4.35724401473999,0.0004074074074074074,6.25,100,,,,,,,,
,,,6.25,100,0.44941040873527527,0.8214285714285714,0.5756501182033097,44.1874,,,,
0.2271,2.901752471923828,0.0003888888888888889,6.875,110,,,,,,,,
,,,6.875,110,0.4734463095664978,0.8392857142857143,0.5866760497302369,48.4484,,,,
0.2055,2.358125686645508,0.00037037037037037035,7.5,120,,,,,,,,
,,,7.5,120,0.42731356620788574,0.8214285714285714,0.5740350877192982,52.4503,,,,
0.1151,2.4508869647979736,0.0003518518518518519,8.125,130,,,,,,,,
,,,8.125,130,0.45966872572898865,0.8571428571428571,0.6884928199262931,56.9619,,,,
0.0603,0.5139548778533936,0.0003333333333333333,8.75,140,,,,,,,,
,,,8.75,140,0.34786754846572876,0.8571428571428571,0.6931913116123641,61.7684,,,,
0.1058,7.360003471374512,0.0003148148148148148,9.375,150,,,,,,,,
,,,9.375,150,0.38407230377197266,0.875,0.7085018806330282,66.1658,,,,
0.0461,0.145101398229599,0.0002962962962962963,10.0,160,,,,,,,,
,,,10.0,160,0.37967798113822937,0.875,0.6121863799283154,70.4731,,,,
0.0245,0.6581262946128845,0.0002777777777777778,10.625,170,,,,,,,,
,,,10.625,170,0.3792233169078827,0.8571428571428571,0.5993408662900189,75.2037,,,,
0.088,3.135836124420166,0.00025925925925925926,11.25,180,,,,,,,,
,,,11.25,180,0.37137579917907715,0.8928571428571429,0.7848484848484848,79.49,,,,
0.0371,0.04765274003148079,0.00024074074074074072,11.875,190,,,,,,,,
,,,11.875,190,0.27809569239616394,0.8928571428571429,0.8001253132832081,84.1953,,,,
0.0258,2.3905131816864014,0.0002222222222222222,12.5,200,,,,,,,,
,,,12.5,200,0.36217576265335083,0.8928571428571429,0.8523500309214596,88.4604,,,,
0.0153,0.13554862141609192,0.0002037037037037037,13.125,210,,,,,,,,
,,,13.125,210,0.3217277526855469,0.9285714285714286,0.8792929292929292,92.7102,,,,
0.0085,0.9247534275054932,0.00018518518518518518,13.75,220,,,,,,,,
,,,13.75,220,0.2931862473487854,0.9464285714285714,0.9308622952690748,97.498,,,,
0.0027,0.023313777521252632,0.00016666666666666666,14.375,230,,,,,,,,
,,,14.375,230,0.26488497853279114,0.9285714285714286,0.8951933124346918,102.1561,,,,
0.0156,1.4823347330093384,0.00014814814814814815,15.0,240,,,,,,,,
,,,15.0,240,0.23972801864147186,0.9285714285714286,0.8950310559006213,106.356,,,,
0.0035,0.08052487671375275,0.00012962962962962963,15.625,250,,,,,,,,
,,,15.625,250,0.24741220474243164,0.9285714285714286,0.8950310559006213,110.7789,,,,
0.0099,0.7259737253189087,0.0001111111111111111,16.25,260,,,,,,,,
,,,16.25,260,0.2857450544834137,0.9464285714285714,0.9308622952690748,115.3311,,,,
0.0035,0.0736314058303833,9.259259259259259e-05,16.875,270,,,,,,,,
,,,16.875,270,0.27919697761535645,0.9285714285714286,0.8951933124346918,119.7877,,,,
0.0072,0.04216662794351578,7.407407407407407e-05,17.5,280,,,,,,,,
,,,17.5,280,0.28468096256256104,0.9285714285714286,0.8951933124346918,124.4879,,,,
0.0061,4.633039951324463,5.555555555555555e-05,18.125,290,,,,,,,,
,,,18.125,290,0.2991998493671417,0.9464285714285714,0.9308622952690748,128.7866,,,,
0.0015,0.09039247781038284,3.7037037037037037e-05,18.75,300,,,,,,,,
,,,18.75,300,0.31906619668006897,0.9464285714285714,0.9308622952690748,133.499,,,,
0.0043,0.12941530346870422,1.8518518518518518e-05,19.375,310,,,,,,,,
,,,19.375,310,0.2974560558795929,0.9285714285714286,0.8951933124346918,137.5293,,,,
0.0011,0.18521764874458313,0.0,20.0,320,,,,,,,,
,,,20.0,320,0.2938055992126465,0.9285714285714286,0.8951933124346918,142.1033,,,,
,,,20.0,320,,,,141.6144,35.307,2.26,450318457005120.0,0.26966181696916464
