loss,grad_norm,learning_rate,epoch,step,eval_loss,eval_accuracy,eval_f1,train_runtime,train_samples_per_second,train_steps_per_second,total_flos,train_loss
0.6801,0.5770394802093506,2.5e-06,0.0,1,,,,,,,,
0.7097,0.7551905512809753,6.25e-05,0.11,25,,,,,,,,
,,,0.11,25,0.6509028673171997,0.6838235294117647,0.8122270742358079,6.6,,,,
0.6603,1.7849948406219482,0.000125,0.22,50,,,,,,,,
,,,0.22,50,0.6193660497665405,0.6838235294117647,0.8122270742358079,12.7273,,,,
0.6396,2.3059871196746826,0.0001875,0.33,75,,,,,,,,
,,,0.33,75,0.6092633008956909,0.6838235294117647,0.8122270742358079,19.1214,,,,
0.6246,1.8354393243789673,0.00025,0.43,100,,,,,,,,
,,,0.43,100,0.5944139361381531,0.7083333333333334,0.818320610687023,25.3118,,,,
0.5543,2.0547397136688232,0.0003125,0.54,125,,,,,,,,
,,,0.54,125,0.5562590956687927,0.7132352941176471,0.8186046511627908,31.398,,,,
0.5417,5.187922477722168,0.000375,0.65,150,,,,,,,,
,,,0.65,150,0.5311439633369446,0.75,0.843558282208589,37.2869,,,,
0.5635,7.683504104614258,0.0004375,0.76,175,,,,,,,,
,,,0.76,175,0.4890596270561218,0.7647058823529411,0.8202247191011236,43.2605,,,,
0.5387,2.326887607574463,0.0005,0.87,200,,,,,,,,
,,,0.87,200,0.4368089437484741,0.7916666666666666,0.8617886178861789,49.1199,,,,
0.5867,9.998883247375488,0.0004940476190476191,0.98,225,,,,,,,,
,,,0.98,225,0.7165660262107849,0.6004901960784313,0.5914786967418546,54.867,,,,
0.5114,3.291698455810547,0.0004880952380952381,1.09,250,,,,,,,,
,,,1.09,250,0.3980812132358551,0.8406862745098039,0.8853615520282188,60.3941,,,,
0.472,3.1135668754577637,0.00048214285714285715,1.2,275,,,,,,,,
,,,1.2,275,0.36523833870887756,0.8455882352941176,0.8908145580589255,66.0847,,,,
0.4241,4.0813093185424805,0.0004761904761904762,1.3,300,,,,,,,,
,,,1.3,300,0.39283668994903564,0.821078431372549,0.8797364085667215,71.817,,,,
0.4997,5.247945308685303,0.00047023809523809523,1.41,325,,,,,,,,
,,,1.41,325,0.4240846335887909,0.8112745098039216,0.8510638297872339,77.5894,,,,
0.4736,8.505176544189453,0.00046428571428571433,1.52,350,,,,,,,,
,,,1.52,350,0.4590468406677246,0.8627450980392157,0.9014084507042254,83.4334,,,,
0.4353,3.256523609161377,0.0004583333333333333,1.63,375,,,,,,,,
,,,1.63,375,0.3470800817012787,0.8480392156862745,0.8923611111111109,89.2711,,,,
0.3803,4.4343485832214355,0.00045238095238095237,1.74,400,,,,,,,,
,,,1.74,400,0.46157675981521606,0.8455882352941176,0.8892794376098417,95.216,,,,
0.4202,4.079348564147949,0.00044642857142857147,1.85,425,,,,,,,,
,,,1.85,425,0.35175177454948425,0.8480392156862745,0.8956228956228957,101.2716,,,,
0.4501,8.70595932006836,0.00044047619047619046,1.96,450,,,,,,,,
,,,1.96,450,0.34433895349502563,0.8578431372549019,0.8964285714285715,107.3655,,,,
0.3442,1.9836219549179077,0.00043452380952380956,2.07,475,,,,,,,,
,,,2.07,475,0.3817296624183655,0.8651960784313726,0.9050086355785838,113.1595,,,,
0.3903,3.1469383239746094,0.00042857142857142855,2.17,500,,,,,,,,
,,,2.17,500,0.3226222097873688,0.8700980392156863,0.9031078610603291,119.1224,,,,
0.3647,4.046558856964111,0.00042261904761904765,2.28,525,,,,,,,,
,,,2.28,525,0.2937174439430237,0.8700980392156863,0.905861456483126,125.316,,,,
0.3399,12.28516960144043,0.0004166666666666667,2.39,550,,,,,,,,
,,,2.39,550,0.36612823605537415,0.8602941176470589,0.902229845626072,131.1663,,,,
0.3517,7.674405574798584,0.0004107142857142857,2.5,575,,,,,,,,
,,,2.5,575,0.3248663544654846,0.8627450980392157,0.901060070671378,137.0665,,,,
0.3095,6.850459575653076,0.0004047619047619048,2.61,600,,,,,,,,
,,,2.61,600,0.35170507431030273,0.8823529411764706,0.9148936170212766,142.8672,,,,
0.3109,5.310018539428711,0.00039880952380952383,2.72,625,,,,,,,,
,,,2.72,625,0.4042518734931946,0.8504901960784313,0.8985024958402663,148.8071,,,,
0.3734,8.56207275390625,0.0003928571428571429,2.83,650,,,,,,,,
,,,2.83,650,0.34764227271080017,0.8651960784313726,0.9046793760831888,154.6899,,,,
0.3176,4.142818927764893,0.0003869047619047619,2.93,675,,,,,,,,
,,,2.93,675,0.39477553963661194,0.8676470588235294,0.9052631578947367,160.6194,,,,
0.2804,2.871070384979248,0.00038095238095238096,3.04,700,,,,,,,,
,,,3.04,700,0.38877588510513306,0.8578431372549019,0.901023890784983,166.2306,,,,
0.2869,2.2252016067504883,0.000375,3.15,725,,,,,,,,
,,,3.15,725,0.3613041043281555,0.8676470588235294,0.9049295774647886,172.1702,,,,
0.2193,4.659917831420898,0.00036904761904761905,3.26,750,,,,,,,,
,,,3.26,750,0.3509579002857208,0.8897058823529411,0.9200710479573712,178.0733,,,,
0.2722,6.174482822418213,0.0003630952380952381,3.37,775,,,,,,,,
,,,3.37,775,0.35804831981658936,0.8725490196078431,0.9078014184397164,183.9124,,,,
0.2687,5.034111499786377,0.00035714285714285714,3.48,800,,,,,,,,
,,,3.48,800,0.47697702050209045,0.8259803921568627,0.8826446280991737,189.8096,,,,
0.2901,9.440022468566895,0.0003511904761904762,3.59,825,,,,,,,,
,,,3.59,825,0.39291688799858093,0.8676470588235294,0.9039145907473309,195.8085,,,,
0.2924,8.1939115524292,0.00034523809523809523,3.7,850,,,,,,,,
,,,3.7,850,0.37067312002182007,0.8676470588235294,0.9045936395759717,201.8019,,,,
0.2594,12.010952949523926,0.00033928571428571433,3.8,875,,,,,,,,
,,,3.8,875,0.41661056876182556,0.8700980392156863,0.9048473967684021,207.7631,,,,
0.3132,12.276476860046387,0.0003333333333333333,3.91,900,,,,,,,,
,,,3.91,900,0.49735602736473083,0.8504901960784313,0.8991735537190082,213.7123,,,,
0.2996,6.381348609924316,0.00032738095238095237,4.02,925,,,,,,,,
,,,4.02,925,0.40122151374816895,0.8455882352941176,0.8951747088186357,219.5002,,,,
0.1322,0.9388195872306824,0.00032142857142857147,4.13,950,,,,,,,,
,,,4.13,950,0.5382192134857178,0.8651960784313726,0.9053356282271946,225.4141,,,,
0.2482,16.143898010253906,0.00031547619047619046,4.24,975,,,,,,,,
,,,4.24,975,0.7039633393287659,0.8235294117647058,0.8838709677419355,231.231,,,,
0.2558,6.435930252075195,0.00030952380952380956,4.35,1000,,,,,,,,
,,,4.35,1000,0.3775380849838257,0.8651960784313726,0.9063032367972743,237.0377,,,,
0.2405,4.691864490509033,0.00030357142857142855,4.46,1025,,,,,,,,
,,,4.46,1025,0.29392802715301514,0.8774509803921569,0.910394265232975,243.2962,,,,
0.1593,6.466302394866943,0.00029761904761904765,4.57,1050,,,,,,,,
,,,4.57,1050,0.408648282289505,0.8921568627450981,0.923076923076923,249.1945,,,,
0.1989,4.004006862640381,0.0002916666666666667,4.67,1075,,,,,,,,
,,,4.67,1075,0.3654344975948334,0.8823529411764706,0.9175257731958764,255.0669,,,,
0.1811,5.847504138946533,0.0002857142857142857,4.78,1100,,,,,,,,
,,,4.78,1100,0.384175568819046,0.8995098039215687,0.9271758436944938,260.8987,,,,
0.207,6.410420894622803,0.0002797619047619048,4.89,1125,,,,,,,,
,,,4.89,1125,0.34761443734169006,0.8970588235294118,0.922794117647059,266.8187,,,,
0.1868,1.7259304523468018,0.0002738095238095238,5.0,1150,,,,,,,,
,,,5.0,1150,0.34949052333831787,0.8946078431372549,0.9233511586452763,272.6854,,,,
0.1163,0.1781795471906662,0.00026785714285714287,5.11,1175,,,,,,,,
,,,5.11,1175,0.3962955176830292,0.8848039215686274,0.9171075837742505,278.5398,,,,
0.1423,2.0089590549468994,0.0002619047619047619,5.22,1200,,,,,,,,
,,,5.22,1200,0.5638998746871948,0.8700980392156863,0.9103214890016922,284.4432,,,,
0.1061,14.902480125427246,0.00025595238095238096,5.33,1225,,,,,,,,
,,,5.33,1225,0.45483994483947754,0.8921568627450981,0.9217081850533807,290.3917,,,,
0.189,5.806761741638184,0.00025,5.43,1250,,,,,,,,
,,,5.43,1250,0.38284268975257874,0.8921568627450981,0.9205776173285197,296.1824,,,,
0.1409,9.380160331726074,0.00024404761904761905,5.54,1275,,,,,,,,
,,,5.54,1275,0.4754425585269928,0.8848039215686274,0.9140767824497258,302.0942,,,,
0.1376,8.338033676147461,0.0002380952380952381,5.65,1300,,,,,,,,
,,,5.65,1300,0.42673102021217346,0.8774509803921569,0.9125874125874125,307.9571,,,,
0.117,0.07841935008764267,0.00023214285714285717,5.76,1325,,,,,,,,
,,,5.76,1325,0.5296436548233032,0.8848039215686274,0.9171075837742505,313.9745,,,,
0.1879,9.957757949829102,0.00022619047619047618,5.87,1350,,,,,,,,
,,,5.87,1350,0.5334001183509827,0.8823529411764706,0.9151943462897526,319.9169,,,,
0.0987,5.690594673156738,0.00022023809523809523,5.98,1375,,,,,,,,
,,,5.98,1375,0.47773095965385437,0.8823529411764706,0.916083916083916,325.972,,,,
0.1204,13.971834182739258,0.00021428571428571427,6.09,1400,,,,,,,,
,,,6.09,1400,0.5830840468406677,0.8700980392156863,0.9094017094017094,331.7421,,,,
0.1717,0.7455371618270874,0.00020833333333333335,6.2,1425,,,,,,,,
,,,6.2,1425,0.4063025712966919,0.8848039215686274,0.9173989455184535,337.8692,,,,
0.0983,16.66929054260254,0.0002023809523809524,6.3,1450,,,,,,,,
,,,6.3,1450,0.5416045188903809,0.8872549019607843,0.9166666666666666,343.6211,,,,
0.0967,0.408751517534256,0.00019642857142857144,6.41,1475,,,,,,,,
,,,6.41,1475,0.5803698897361755,0.8725490196078431,0.9090909090909091,349.5568,,,,
0.1268,0.13178424537181854,0.00019047619047619048,6.52,1500,,,,,,,,
,,,6.52,1500,0.5611920952796936,0.8823529411764706,0.9130434782608696,355.3864,,,,
0.1304,14.603357315063477,0.00018452380952380953,6.63,1525,,,,,,,,
,,,6.63,1525,0.5258586406707764,0.8995098039215687,0.927689594356261,361.7426,,,,
0.1335,3.7655675411224365,0.00017857142857142857,6.74,1550,,,,,,,,
,,,6.74,1550,0.4967370927333832,0.8774509803921569,0.910394265232975,367.5734,,,,
0.0825,2.0222907066345215,0.00017261904761904762,6.85,1575,,,,,,,,
,,,6.85,1575,0.5361588597297668,0.8921568627450981,0.923076923076923,373.532,,,,
0.1205,16.085988998413086,0.00016666666666666666,6.96,1600,,,,,,,,
,,,6.96,1600,0.6948320865631104,0.8700980392156863,0.9081455805892548,379.4704,,,,
0.0833,23.590063095092773,0.00016071428571428573,7.07,1625,,,,,,,,
,,,7.07,1625,0.6157585978507996,0.8823529411764706,0.915492957746479,385.2727,,,,
0.0918,5.672360420227051,0.00015476190476190478,7.17,1650,,,,,,,,
,,,7.17,1650,0.6268337965011597,0.8774509803921569,0.912280701754386,391.1129,,,,
0.0685,0.44007742404937744,0.00014880952380952382,7.28,1675,,,,,,,,
,,,7.28,1675,0.6007446646690369,0.8774509803921569,0.9128919860627178,397.0429,,,,
0.1276,5.231057643890381,0.00014285714285714284,7.39,1700,,,,,,,,
,,,7.39,1700,0.6151245832443237,0.8799019607843137,0.9147826086956522,402.9959,,,,
0.0726,0.0768272802233696,0.0001369047619047619,7.5,1725,,,,,,,,
,,,7.5,1725,0.5675018429756165,0.8848039215686274,0.9140767824497258,409.037,,,,
0.082,3.1366052627563477,0.00013095238095238096,7.61,1750,,,,,,,,
,,,7.61,1750,0.6008099317550659,0.8799019607843137,0.9141856392294221,414.9415,,,,
0.0931,4.848945617675781,0.000125,7.72,1775,,,,,,,,
,,,7.72,1775,0.6193709373474121,0.8774509803921569,0.9125874125874125,420.9534,,,,
0.0563,0.1416013389825821,0.00011904761904761905,7.83,1800,,,,,,,,
,,,7.83,1800,0.6728871464729309,0.8799019607843137,0.913884007029877,426.8174,,,,
0.0435,12.223923683166504,0.00011309523809523809,7.93,1825,,,,,,,,
,,,7.93,1825,0.680673360824585,0.8823529411764706,0.9151943462897526,432.9387,,,,
0.1574,32.179962158203125,0.00010714285714285714,8.04,1850,,,,,,,,
,,,8.04,1850,0.7679876685142517,0.8651960784313726,0.905982905982906,438.7125,,,,
0.0525,0.22488239407539368,0.0001011904761904762,8.15,1875,,,,,,,,
,,,8.15,1875,0.6259585618972778,0.8799019607843137,0.9129662522202486,444.6595,,,,
0.0254,0.10730249434709549,9.523809523809524e-05,8.26,1900,,,,,,,,
,,,8.26,1900,0.6941501498222351,0.8774509803921569,0.9116607773851589,450.5865,,,,
0.0287,0.04520033299922943,8.928571428571429e-05,8.37,1925,,,,,,,,
,,,8.37,1925,0.7130435109138489,0.8774509803921569,0.911032028469751,456.5976,,,,
0.0473,0.005547092296183109,8.333333333333333e-05,8.48,1950,,,,,,,,
,,,8.48,1950,0.7471736669540405,0.8725490196078431,0.9087719298245615,462.5564,,,,
0.0264,13.378443717956543,7.738095238095239e-05,8.59,1975,,,,,,,,
,,,8.59,1975,0.7905417680740356,0.875,0.9113043478260869,468.4225,,,,
0.071,0.36806055903434753,7.142857142857142e-05,8.7,2000,,,,,,,,
,,,8.7,2000,0.8136544823646545,0.8725490196078431,0.9103448275862069,474.2753,,,,
0.0733,0.12123871594667435,6.547619047619048e-05,8.8,2025,,,,,,,,
,,,8.8,2025,0.7538357973098755,0.8774509803921569,0.9125874125874125,480.7017,,,,
0.0444,15.918244361877441,5.9523809523809524e-05,8.91,2050,,,,,,,,
,,,8.91,2050,0.7334021925926208,0.8823529411764706,0.9148936170212766,486.6214,,,,
0.0625,0.7479730248451233,5.357142857142857e-05,9.02,2075,,,,,,,,
,,,9.02,2075,0.7343977093696594,0.8872549019607843,0.9181494661921709,492.415,,,,
0.0065,0.0063959285616874695,4.761904761904762e-05,9.13,2100,,,,,,,,
,,,9.13,2100,0.7493953108787537,0.8872549019607843,0.9184397163120569,498.2506,,,,
0.0487,0.10311229526996613,4.1666666666666665e-05,9.24,2125,,,,,,,,
,,,9.24,2125,0.7538209557533264,0.8823529411764706,0.9148936170212766,504.1627,,,,
0.0521,0.05309411883354187,3.571428571428571e-05,9.35,2150,,,,,,,,
,,,9.35,2150,0.7579585313796997,0.8774509803921569,0.912280701754386,510.0431,,,,
0.0872,0.052484672516584396,2.9761904761904762e-05,9.46,2175,,,,,,,,
,,,9.46,2175,0.7646281123161316,0.8799019607843137,0.9141856392294221,516.0377,,,,
0.0188,3.209639072418213,2.380952380952381e-05,9.57,2200,,,,,,,,
,,,9.57,2200,0.7602884769439697,0.8774509803921569,0.912280701754386,521.9011,,,,
0.0641,0.0411653034389019,1.7857142857142855e-05,9.67,2225,,,,,,,,
,,,9.67,2225,0.763972282409668,0.875,0.9106830122591945,527.8076,,,,
0.0758,0.047265391796827316,1.1904761904761905e-05,9.78,2250,,,,,,,,
,,,9.78,2250,0.7609990239143372,0.8725490196078431,0.9090909090909091,533.6851,,,,
0.0518,0.06284726411104202,5.9523809523809525e-06,9.89,2275,,,,,,,,
,,,9.89,2275,0.7587133049964905,0.8725490196078431,0.9090909090909091,539.6843,,,,
0.0329,0.005595362279564142,0.0,10.0,2300,,,,,,,,
,,,10.0,2300,0.7608776688575745,0.8725490196078431,0.9090909090909091,545.4963,,,,
,,,10.0,2300,,,,545.053,67.296,4.22,1470901495715232.0,0.23087765003676
