loss,grad_norm,learning_rate,epoch,step,eval_loss,eval_accuracy,train_runtime,train_samples_per_second,train_steps_per_second,total_flos,train_loss
0.718,1.8798811435699463,1.0000000000000002e-06,0.00641025641025641,1,,,,,,,
0.7099,1.1238598823547363,5e-05,0.32051282051282054,50,,,,,,,
,,,0.32051282051282054,50,0.6918056011199951,0.5270758122743683,18.5469,,,,
0.6929,3.1258578300476074,0.0001,0.6410256410256411,100,,,,,,,
,,,0.6410256410256411,100,0.6901147961616516,0.5270758122743683,36.5106,,,,
0.7005,2.000784158706665,0.00015000000000000001,0.9615384615384616,150,,,,,,,
,,,0.9615384615384616,150,0.722611129283905,0.4729241877256318,54.8254,,,,
0.7004,3.9195520877838135,0.0002,1.282051282051282,200,,,,,,,
,,,1.282051282051282,200,0.6857993602752686,0.5270758122743683,73.356,,,,
0.691,12.815177917480469,0.00019264705882352944,1.6025641025641026,250,,,,,,,
,,,1.6025641025641026,250,0.6569882035255432,0.628158844765343,92.001,,,,
0.6768,7.905632972717285,0.00018529411764705883,1.9230769230769231,300,,,,,,,
,,,1.9230769230769231,300,0.6549440622329712,0.6353790613718412,110.7267,,,,
0.6238,13.134082794189453,0.00017794117647058823,2.2435897435897436,350,,,,,,,
,,,2.2435897435897436,350,0.6333054304122925,0.6642599277978339,128.7556,,,,
0.6296,17.565298080444336,0.00017058823529411766,2.564102564102564,400,,,,,,,
,,,2.564102564102564,400,0.647188663482666,0.6425992779783394,147.1543,,,,
0.6157,13.175519943237305,0.00016323529411764706,2.8846153846153846,450,,,,,,,
,,,2.8846153846153846,450,0.6343110203742981,0.6714801444043321,165.6949,,,,
0.5905,14.378559112548828,0.00015588235294117648,3.2051282051282053,500,,,,,,,
,,,3.2051282051282053,500,0.5994250774383545,0.6750902527075813,184.14,,,,
0.5819,26.416513442993164,0.00014852941176470588,3.5256410256410255,550,,,,,,,
,,,3.5256410256410255,550,0.6054420471191406,0.6787003610108303,202.6362,,,,
0.5936,26.542957305908203,0.0001411764705882353,3.8461538461538463,600,,,,,,,
,,,3.8461538461538463,600,0.6382037401199341,0.6931407942238267,221.0547,,,,
0.5294,35.61697769165039,0.0001338235294117647,4.166666666666667,650,,,,,,,
,,,4.166666666666667,650,0.6745964884757996,0.6606498194945848,239.8181,,,,
0.5187,28.212188720703125,0.0001264705882352941,4.487179487179487,700,,,,,,,
,,,4.487179487179487,700,0.6320794224739075,0.6859205776173285,258.1895,,,,
0.526,43.92374801635742,0.00011911764705882353,4.8076923076923075,750,,,,,,,
,,,4.8076923076923075,750,0.6676573753356934,0.6823104693140795,276.3799,,,,
0.4914,45.83353042602539,0.00011176470588235294,5.128205128205128,800,,,,,,,
,,,5.128205128205128,800,0.6367828249931335,0.6859205776173285,294.7393,,,,
0.4675,32.14928436279297,0.00010441176470588237,5.448717948717949,850,,,,,,,
,,,5.448717948717949,850,0.61638343334198,0.6931407942238267,313.6477,,,,
0.4628,34.85103225708008,9.705882352941177e-05,5.769230769230769,900,,,,,,,
,,,5.769230769230769,900,0.7120126485824585,0.6895306859205776,332.1461,,,,
0.5213,21.43684196472168,8.970588235294118e-05,6.089743589743589,950,,,,,,,
,,,6.089743589743589,950,0.6469640135765076,0.6931407942238267,350.4213,,,,
0.4344,38.62860107421875,8.23529411764706e-05,6.410256410256411,1000,,,,,,,
,,,6.410256410256411,1000,0.7379187941551208,0.6895306859205776,368.9053,,,,
0.4681,26.18044090270996,7.500000000000001e-05,6.730769230769231,1050,,,,,,,
,,,6.730769230769231,1050,0.6000567674636841,0.7148014440433214,387.7049,,,,
0.4216,23.612632751464844,6.764705882352942e-05,7.051282051282051,1100,,,,,,,
,,,7.051282051282051,1100,0.7425824403762817,0.6967509025270758,406.6083,,,,
0.4008,35.05221939086914,6.0294117647058825e-05,7.371794871794872,1150,,,,,,,
,,,7.371794871794872,1150,0.7079538106918335,0.6931407942238267,425.535,,,,
0.3683,41.863399505615234,5.294117647058824e-05,7.6923076923076925,1200,,,,,,,
,,,7.6923076923076925,1200,0.8652903437614441,0.7111913357400722,443.6581,,,,
0.4338,34.878787994384766,4.558823529411765e-05,8.012820512820513,1250,,,,,,,
,,,8.012820512820513,1250,0.6893238425254822,0.7075812274368231,462.2064,,,,
0.3827,57.91790771484375,3.8235294117647055e-05,8.333333333333334,1300,,,,,,,
,,,8.333333333333334,1300,0.7794037461280823,0.7256317689530686,480.5169,,,,
0.3831,22.131084442138672,3.0882352941176475e-05,8.653846153846153,1350,,,,,,,
,,,8.653846153846153,1350,0.7144834995269775,0.703971119133574,498.847,,,,
0.3405,31.25533676147461,2.3529411764705884e-05,8.974358974358974,1400,,,,,,,
,,,8.974358974358974,1400,0.7709500193595886,0.7148014440433214,516.9811,,,,
0.3452,27.493865966796875,1.6176470588235296e-05,9.294871794871796,1450,,,,,,,
,,,9.294871794871796,1450,0.8328649401664734,0.7003610108303249,535.2467,,,,
0.322,61.06736373901367,8.823529411764707e-06,9.615384615384615,1500,,,,,,,
,,,9.615384615384615,1500,0.827562689781189,0.7075812274368231,553.7734,,,,
0.3669,56.43159866333008,1.4705882352941177e-06,9.935897435897436,1550,,,,,,,
,,,9.935897435897436,1550,0.8374175429344177,0.7075812274368231,572.4865,,,,
,,,10.0,1560,,,575.1064,43.296,2.713,2107777747999680.0,0.515238424218618
