loss,grad_norm,learning_rate,epoch,step,eval_loss,eval_accuracy,eval_f1,train_runtime,train_samples_per_second,train_steps_per_second,total_flos,train_loss
0.7008,1.440407395362854,2.5e-06,0.0,1,,,,,,,,
0.6567,0.8017167448997498,6.25e-05,0.11,25,,,,,,,,
,,,0.11,25,0.6359972357749939,0.6838235294117647,0.8122270742358079,6.1679,,,,
0.6603,1.2612100839614868,0.000125,0.22,50,,,,,,,,
,,,0.22,50,0.6254417300224304,0.6838235294117647,0.8122270742358079,11.9363,,,,
0.6397,2.4574594497680664,0.0001875,0.33,75,,,,,,,,
,,,0.33,75,0.6213637590408325,0.6838235294117647,0.8122270742358079,17.7971,,,,
0.6412,0.6211115121841431,0.00025,0.43,100,,,,,,,,
,,,0.43,100,0.6173399090766907,0.6838235294117647,0.8122270742358079,23.535,,,,
0.6027,1.1928328275680542,0.0003125,0.54,125,,,,,,,,
,,,0.54,125,0.6113410592079163,0.6838235294117647,0.8122270742358079,29.3128,,,,
0.6244,3.8785316944122314,0.000375,0.65,150,,,,,,,,
,,,0.65,150,0.5910585522651672,0.7034313725490197,0.8191330343796712,35.0471,,,,
0.5955,1.3530573844909668,0.0004375,0.76,175,,,,,,,,
,,,0.76,175,0.5299742221832275,0.7083333333333334,0.8155038759689922,41.0011,,,,
0.5765,2.5401604175567627,0.0005,0.87,200,,,,,,,,
,,,0.87,200,0.5104496479034424,0.7573529411764706,0.8374384236453202,46.8283,,,,
0.5806,1.7867649793624878,0.0004940476190476191,0.98,225,,,,,,,,
,,,0.98,225,0.49574556946754456,0.7843137254901961,0.8513513513513514,52.6538,,,,
0.551,1.6858826875686646,0.0004880952380952381,1.09,250,,,,,,,,
,,,1.09,250,0.5310395359992981,0.7303921568627451,0.8328267477203649,58.215,,,,
0.5101,0.7767454385757446,0.00048214285714285715,1.2,275,,,,,,,,
,,,1.2,275,0.44766226410865784,0.7794117647058824,0.8538961038961038,64.0612,,,,
0.4839,1.591908574104309,0.0004761904761904762,1.3,300,,,,,,,,
,,,1.3,300,0.43396005034446716,0.7965686274509803,0.8628099173553719,69.8609,,,,
0.4575,3.17478346824646,0.00047023809523809523,1.41,325,,,,,,,,
,,,1.41,325,0.5177295207977295,0.7181372549019608,0.7516198704103673,75.6938,,,,
0.493,4.79917573928833,0.00046428571428571433,1.52,350,,,,,,,,
,,,1.52,350,0.4144500195980072,0.8063725490196079,0.871125611745514,81.4887,,,,
0.4182,1.154271125793457,0.0004583333333333333,1.63,375,,,,,,,,
,,,1.63,375,0.37174004316329956,0.8284313725490197,0.8698884758364313,87.2625,,,,
0.363,2.043147087097168,0.00045238095238095237,1.74,400,,,,,,,,
,,,1.74,400,0.42596763372421265,0.821078431372549,0.87893864013267,93.0187,,,,
0.46,3.884655237197876,0.00044642857142857147,1.85,425,,,,,,,,
,,,1.85,425,0.35352325439453125,0.8431372549019608,0.8848920863309353,98.924,,,,
0.4117,1.1626533269882202,0.00044047619047619046,1.96,450,,,,,,,,
,,,1.96,450,0.3387451171875,0.8602941176470589,0.8983957219251337,104.8008,,,,
0.3934,2.300745964050293,0.00043452380952380956,2.07,475,,,,,,,,
,,,2.07,475,0.4557596445083618,0.7965686274509803,0.8663446054750403,110.447,,,,
0.4126,1.2230616807937622,0.00042857142857142855,2.17,500,,,,,,,,
,,,2.17,500,0.33761507272720337,0.8406862745098039,0.8828828828828829,116.2489,,,,
0.3794,2.15580415725708,0.00042261904761904765,2.28,525,,,,,,,,
,,,2.28,525,0.34888342022895813,0.8431372549019608,0.8801498127340824,122.3674,,,,
0.3282,1.6514006853103638,0.0004166666666666667,2.39,550,,,,,,,,
,,,2.39,550,0.3423521816730499,0.8553921568627451,0.8913443830570903,128.098,,,,
0.4257,1.0148735046386719,0.0004107142857142857,2.5,575,,,,,,,,
,,,2.5,575,0.3317693769931793,0.8529411764705882,0.8972602739726027,133.919,,,,
0.3368,2.2317490577697754,0.0004047619047619048,2.61,600,,,,,,,,
,,,2.61,600,0.32801398634910583,0.8553921568627451,0.8977469670710572,139.6812,,,,
0.3458,2.0726473331451416,0.00039880952380952383,2.72,625,,,,,,,,
,,,2.72,625,0.3402443826198578,0.8627450980392157,0.904109589041096,145.5454,,,,
0.3955,4.2155375480651855,0.0003928571428571429,2.83,650,,,,,,,,
,,,2.83,650,0.3123142123222351,0.8700980392156863,0.9068541300527241,151.3824,,,,
0.3327,1.9495973587036133,0.0003869047619047619,2.93,675,,,,,,,,
,,,2.93,675,0.3223043978214264,0.8725490196078431,0.907473309608541,157.2243,,,,
0.3432,3.1578993797302246,0.00038095238095238096,3.04,700,,,,,,,,
,,,3.04,700,0.35154274106025696,0.8578431372549019,0.9003436426116839,162.8303,,,,
0.3511,3.264707088470459,0.000375,3.15,725,,,,,,,,
,,,3.15,725,0.44423380494117737,0.8333333333333334,0.8877887788778879,168.6212,,,,
0.3684,1.9480022192001343,0.00036904761904761905,3.26,750,,,,,,,,
,,,3.26,750,0.3730616569519043,0.8431372549019608,0.8929765886287626,174.4943,,,,
0.2729,3.468554973602295,0.0003630952380952381,3.37,775,,,,,,,,
,,,3.37,775,0.3570052981376648,0.8676470588235294,0.9052631578947367,180.1618,,,,
0.3494,4.614691257476807,0.00035714285714285714,3.48,800,,,,,,,,
,,,3.48,800,0.3283342123031616,0.875,0.9113043478260869,186.0187,,,,
0.3523,2.99584698677063,0.0003511904761904762,3.59,825,,,,,,,,
,,,3.59,825,0.2944525182247162,0.8725490196078431,0.907473309608541,191.8362,,,,
0.3359,1.8691794872283936,0.00034523809523809523,3.7,850,,,,,,,,
,,,3.7,850,0.2940415143966675,0.8578431372549019,0.894927536231884,197.8197,,,,
0.3034,7.813986301422119,0.00033928571428571433,3.8,875,,,,,,,,
,,,3.8,875,0.31793212890625,0.8676470588235294,0.9028776978417268,203.6214,,,,
0.3378,3.259831190109253,0.0003333333333333333,3.91,900,,,,,,,,
,,,3.91,900,0.3149261474609375,0.8651960784313726,0.9050086355785838,209.5844,,,,
0.3379,2.7272117137908936,0.00032738095238095237,4.02,925,,,,,,,,
,,,4.02,925,0.3187074363231659,0.8676470588235294,0.9065743944636677,215.239,,,,
0.2897,2.431039333343506,0.00032142857142857147,4.13,950,,,,,,,,
,,,4.13,950,0.3111046850681305,0.8700980392156863,0.9061946902654867,221.1668,,,,
0.3461,2.095559597015381,0.00031547619047619046,4.24,975,,,,,,,,
,,,4.24,975,0.3138572871685028,0.8700980392156863,0.9087779690189328,226.8588,,,,
0.3415,1.506897211074829,0.00030952380952380956,4.35,1000,,,,,,,,
,,,4.35,1000,0.3156418800354004,0.8700980392156863,0.9071803852889667,232.6632,,,,
0.3074,4.67719030380249,0.00030357142857142855,4.46,1025,,,,,,,,
,,,4.46,1025,0.31664207577705383,0.8480392156862745,0.8872727272727273,238.7566,,,,
0.2728,4.359060764312744,0.00029761904761904765,4.57,1050,,,,,,,,
,,,4.57,1050,0.32990166544914246,0.8725490196078431,0.907473309608541,244.6431,,,,
0.2466,3.0848333835601807,0.0002916666666666667,4.67,1075,,,,,,,,
,,,4.67,1075,0.3460291028022766,0.8799019607843137,0.9141856392294221,250.4151,,,,
0.2382,2.377068519592285,0.0002857142857142857,4.78,1100,,,,,,,,
,,,4.78,1100,0.3241194784641266,0.8725490196078431,0.907473309608541,256.2591,,,,
0.2941,2.9080708026885986,0.0002797619047619048,4.89,1125,,,,,,,,
,,,4.89,1125,0.30733004212379456,0.8725490196078431,0.9071428571428571,262.0563,,,,
0.2735,0.06567069888114929,0.0002738095238095238,5.0,1150,,,,,,,,
,,,5.0,1150,0.31345364451408386,0.8725490196078431,0.9071428571428571,267.8896,,,,
0.2659,0.8280126452445984,0.00026785714285714287,5.11,1175,,,,,,,,
,,,5.11,1175,0.336885929107666,0.875,0.9122203098106711,273.6764,,,,
0.2922,5.273525238037109,0.0002619047619047619,5.22,1200,,,,,,,,
,,,5.22,1200,0.3173055946826935,0.8872549019607843,0.9198606271777002,279.5557,,,,
0.2746,1.4752413034439087,0.00025595238095238096,5.33,1225,,,,,,,,
,,,5.33,1225,0.3091796636581421,0.8725490196078431,0.907473309608541,285.4502,,,,
0.3339,2.828214406967163,0.00025,5.43,1250,,,,,,,,
,,,5.43,1250,0.31319108605384827,0.8700980392156863,0.9051878354203935,291.2013,,,,
0.2443,3.708681106567383,0.00024404761904761905,5.54,1275,,,,,,,,
,,,5.54,1275,0.3234814703464508,0.875,0.9087656529516995,297.038,,,,
0.2692,2.8244826793670654,0.0002380952380952381,5.65,1300,,,,,,,,
,,,5.65,1300,0.3261058032512665,0.8725490196078431,0.9094076655052264,302.8257,,,,
0.2292,2.3827662467956543,0.00023214285714285717,5.76,1325,,,,,,,,
,,,5.76,1325,0.34282660484313965,0.8774509803921569,0.9125874125874125,308.8246,,,,
0.2974,4.551874160766602,0.00022619047619047618,5.87,1350,,,,,,,,
,,,5.87,1350,0.3213810622692108,0.8602941176470589,0.8965517241379312,314.6942,,,,
0.2799,0.8407626152038574,0.00022023809523809523,5.98,1375,,,,,,,,
,,,5.98,1375,0.3138173520565033,0.8799019607843137,0.9113924050632911,320.7005,,,,
0.1978,4.947564601898193,0.00021428571428571427,6.09,1400,,,,,,,,
,,,6.09,1400,0.44870051741600037,0.8480392156862745,0.8966666666666667,326.4007,,,,
0.2815,1.6238776445388794,0.00020833333333333335,6.2,1425,,,,,,,,
,,,6.2,1425,0.32143768668174744,0.8602941176470589,0.8972972972972973,332.4618,,,,
0.2814,2.7927980422973633,0.0002023809523809524,6.3,1450,,,,,,,,
,,,6.3,1450,0.34859123826026917,0.8553921568627451,0.888468809073724,338.1335,,,,
0.2808,1.1062778234481812,0.00019642857142857144,6.41,1475,,,,,,,,
,,,6.41,1475,0.3254346549510956,0.8700980392156863,0.9087779690189328,344.0279,,,,
0.2745,0.7806081771850586,0.00019047619047619048,6.52,1500,,,,,,,,
,,,6.52,1500,0.3355083763599396,0.8700980392156863,0.9027522935779816,349.7747,,,,
0.2084,8.561237335205078,0.00018452380952380953,6.63,1525,,,,,,,,
,,,6.63,1525,0.36403656005859375,0.875,0.9113043478260869,356.0587,,,,
0.2825,1.00283682346344,0.00017857142857142857,6.74,1550,,,,,,,,
,,,6.74,1550,0.3313536047935486,0.8651960784313726,0.8994515539305302,361.8021,,,,
0.2449,2.822310209274292,0.00017261904761904762,6.85,1575,,,,,,,,
,,,6.85,1575,0.33811530470848083,0.8676470588235294,0.9028776978417268,367.6536,,,,
0.2832,1.7871023416519165,0.00016666666666666666,6.96,1600,,,,,,,,
,,,6.96,1600,0.3240149915218353,0.8774509803921569,0.9107142857142857,373.5342,,,,
0.2087,2.8515853881835938,0.00016071428571428573,7.07,1625,,,,,,,,
,,,7.07,1625,0.34003400802612305,0.8774509803921569,0.9100719424460433,379.2504,,,,
0.2667,1.87300443649292,0.00015476190476190478,7.17,1650,,,,,,,,
,,,7.17,1650,0.3372673988342285,0.8823529411764706,0.9145907473309609,385.0271,,,,
0.2232,1.686047911643982,0.00014880952380952382,7.28,1675,,,,,,,,
,,,7.28,1675,0.37692123651504517,0.8627450980392157,0.9057239057239057,390.8387,,,,
0.2842,2.883596658706665,0.00014285714285714284,7.39,1700,,,,,,,,
,,,7.39,1700,0.30858364701271057,0.8700980392156863,0.9078260869565218,396.7758,,,,
0.2286,1.9817423820495605,0.0001369047619047619,7.5,1725,,,,,,,,
,,,7.5,1725,0.3099844753742218,0.8848039215686274,0.9147005444646098,402.6815,,,,
0.2413,1.6524162292480469,0.00013095238095238096,7.61,1750,,,,,,,,
,,,7.61,1750,0.3052345812320709,0.875,0.9087656529516995,408.5758,,,,
0.2678,4.272713661193848,0.000125,7.72,1775,,,,,,,,
,,,7.72,1775,0.3292142152786255,0.8774509803921569,0.9140893470790378,414.4469,,,,
0.2306,2.994626998901367,0.00011904761904761905,7.83,1800,,,,,,,,
,,,7.83,1800,0.32301729917526245,0.8725490196078431,0.9094076655052264,420.3193,,,,
0.2449,1.7381199598312378,0.00011309523809523809,7.93,1825,,,,,,,,
,,,7.93,1825,0.3118971884250641,0.875,0.9084380610412927,426.3395,,,,
0.3132,2.7293403148651123,0.00010714285714285714,8.04,1850,,,,,,,,
,,,8.04,1850,0.3165937662124634,0.8848039215686274,0.9173989455184535,432.1648,,,,
0.2023,0.8553816676139832,0.0001011904761904762,8.15,1875,,,,,,,,
,,,8.15,1875,0.3267509639263153,0.8848039215686274,0.9162210338680927,437.9742,,,,
0.199,0.1360781341791153,9.523809523809524e-05,8.26,1900,,,,,,,,
,,,8.26,1900,0.34442391991615295,0.875,0.9103690685413005,443.9091,,,,
0.2335,1.9941149950027466,8.928571428571429e-05,8.37,1925,,,,,,,,
,,,8.37,1925,0.33021441102027893,0.8774509803921569,0.910394265232975,449.7692,,,,
0.2114,3.430542230606079,8.333333333333333e-05,8.48,1950,,,,,,,,
,,,8.48,1950,0.3439675569534302,0.8848039215686274,0.9171075837742505,455.7312,,,,
0.2008,2.574652671813965,7.738095238095239e-05,8.59,1975,,,,,,,,
,,,8.59,1975,0.35227102041244507,0.8725490196078431,0.9100346020761245,461.4414,,,,
0.231,2.505990505218506,7.142857142857142e-05,8.7,2000,,,,,,,,
,,,8.7,2000,0.3386552929878235,0.8725490196078431,0.9094076655052264,467.3169,,,,
0.226,3.5611209869384766,6.547619047619048e-05,8.8,2025,,,,,,,,
,,,8.8,2025,0.3419330418109894,0.8823529411764706,0.9148936170212766,473.6258,,,,
0.2702,3.457350492477417,5.9523809523809524e-05,8.91,2050,,,,,,,,
,,,8.91,2050,0.3427886664867401,0.8774509803921569,0.9125874125874125,479.5468,,,,
0.2676,1.4122666120529175,5.357142857142857e-05,9.02,2075,,,,,,,,
,,,9.02,2075,0.3358784019947052,0.875,0.9106830122591945,485.2035,,,,
0.1973,1.35043466091156,4.761904761904762e-05,9.13,2100,,,,,,,,
,,,9.13,2100,0.33459123969078064,0.8823529411764706,0.9133574007220215,491.0479,,,,
0.2148,2.5432286262512207,4.1666666666666665e-05,9.24,2125,,,,,,,,
,,,9.24,2125,0.33901891112327576,0.8799019607843137,0.9132743362831858,496.7952,,,,
0.2642,3.2368593215942383,3.571428571428571e-05,9.35,2150,,,,,,,,
,,,9.35,2150,0.3399611711502075,0.8700980392156863,0.9071803852889667,502.6334,,,,
0.2152,0.8632643818855286,2.9761904761904762e-05,9.46,2175,,,,,,,,
,,,9.46,2175,0.33538174629211426,0.8676470588235294,0.9052631578947367,508.4592,,,,
0.226,2.2562928199768066,2.380952380952381e-05,9.57,2200,,,,,,,,
,,,9.57,2200,0.34829166531562805,0.8725490196078431,0.9097222222222222,514.2962,,,,
0.2495,4.375298023223877,1.7857142857142855e-05,9.67,2225,,,,,,,,
,,,9.67,2225,0.33736029267311096,0.8627450980392157,0.9020979020979022,520.0914,,,,
0.237,1.4252101182937622,1.1904761904761905e-05,9.78,2250,,,,,,,,
,,,9.78,2250,0.3371690809726715,0.8725490196078431,0.9090909090909091,525.9001,,,,
0.2304,5.06935977935791,5.9523809523809525e-06,9.89,2275,,,,,,,,
,,,9.89,2275,0.3372619152069092,0.8725490196078431,0.9090909090909091,531.7922,,,,
0.2179,6.061037540435791,0.0,10.0,2300,,,,,,,,
,,,10.0,2300,0.3361586630344391,0.8725490196078431,0.9087719298245615,537.5517,,,,
,,,10.0,2300,,,,537.1695,68.284,4.282,1453534138652064.0,0.331139983146087
