loss,grad_norm,learning_rate,epoch,step,eval_loss,eval_accuracy,train_runtime,train_samples_per_second,train_steps_per_second,total_flos,train_loss
0.718,1.6967742443084717,3.5e-06,0.00641025641025641,1,,,,,,,
0.7041,1.0596424341201782,8.75e-05,0.16025641025641027,25,,,,,,,
,,,0.16025641025641027,25,0.7032426595687866,0.4729241877256318,10.9614,,,,
0.7265,0.9869423508644104,0.000175,0.32051282051282054,50,,,,,,,
,,,0.32051282051282054,50,0.691504180431366,0.5270758122743683,21.313,,,,
0.6939,0.8095805048942566,0.0002625,0.4807692307692308,75,,,,,,,
,,,0.4807692307692308,75,0.7004412412643433,0.5270758122743683,32.8733,,,,
0.7042,2.6690456867218018,0.00035,0.6410256410256411,100,,,,,,,
,,,0.6410256410256411,100,0.6970241665840149,0.4729241877256318,43.5142,,,,
0.7166,3.6931560039520264,0.0004375,0.8012820512820513,125,,,,,,,
,,,0.8012820512820513,125,0.7188370823860168,0.5270758122743683,54.849,,,,
0.7029,1.8739125728607178,0.000525,0.9615384615384616,150,,,,,,,
,,,0.9615384615384616,150,0.694083034992218,0.4693140794223827,65.3847,,,,
0.695,2.6599268913269043,0.0006125,1.1217948717948718,175,,,,,,,
,,,1.1217948717948718,175,0.6906278133392334,0.5054151624548736,76.3451,,,,
0.696,2.8089120388031006,0.0007,1.282051282051282,200,,,,,,,
,,,1.282051282051282,200,0.6777105331420898,0.5992779783393501,87.3186,,,,
0.6777,0.9339941143989563,0.0006871323529411764,1.4423076923076923,225,,,,,,,
,,,1.4423076923076923,225,0.6489264369010925,0.6101083032490975,98.0943,,,,
0.7005,2.147880792617798,0.0006742647058823529,1.6025641025641026,250,,,,,,,
,,,1.6025641025641026,250,0.7020307779312134,0.5595667870036101,108.9707,,,,
0.7127,2.3764901161193848,0.0006613970588235294,1.7628205128205128,275,,,,,,,
,,,1.7628205128205128,275,0.6898666620254517,0.5270758122743683,119.3956,,,,
0.6626,1.625767469406128,0.0006485294117647059,1.9230769230769231,300,,,,,,,
,,,1.9230769230769231,300,0.6749921441078186,0.5992779783393501,130.499,,,,
0.642,1.8863657712936401,0.0006356617647058823,2.0833333333333335,325,,,,,,,
,,,2.0833333333333335,325,0.622261106967926,0.6462093862815884,141.013,,,,
0.6005,1.5469592809677124,0.0006227941176470587,2.2435897435897436,350,,,,,,,
,,,2.2435897435897436,350,0.5876381993293762,0.6931407942238267,151.6431,,,,
0.5894,1.877038836479187,0.0006099264705882353,2.4038461538461537,375,,,,,,,
,,,2.4038461538461537,375,0.6601887345314026,0.6714801444043321,162.4152,,,,
0.6122,1.1663366556167603,0.0005970588235294117,2.564102564102564,400,,,,,,,
,,,2.564102564102564,400,0.5792097449302673,0.6931407942238267,173.1844,,,,
0.5993,1.0589081048965454,0.0005841911764705882,2.7243589743589745,425,,,,,,,
,,,2.7243589743589745,425,0.5631548762321472,0.7148014440433214,184.0697,,,,
0.5758,1.0050948858261108,0.0005713235294117647,2.8846153846153846,450,,,,,,,
,,,2.8846153846153846,450,0.588885486125946,0.7003610108303249,195.0519,,,,
0.5507,1.0871630907058716,0.0005584558823529412,3.0448717948717947,475,,,,,,,
,,,3.0448717948717947,475,0.5640535950660706,0.7075812274368231,205.7724,,,,
0.6198,2.0727579593658447,0.0005455882352941177,3.2051282051282053,500,,,,,,,
,,,3.2051282051282053,500,0.571098268032074,0.7075812274368231,216.7496,,,,
0.565,1.2492365837097168,0.0005327205882352941,3.3653846153846154,525,,,,,,,
,,,3.3653846153846154,525,0.541351318359375,0.7148014440433214,227.958,,,,
0.5378,3.027301788330078,0.0005198529411764706,3.5256410256410255,550,,,,,,,
,,,3.5256410256410255,550,0.5492160320281982,0.7184115523465704,238.2505,,,,
0.5214,1.0328348875045776,0.0005069852941176471,3.685897435897436,575,,,,,,,
,,,3.685897435897436,575,0.5248146653175354,0.7292418772563177,248.7043,,,,
0.5603,4.224736213684082,0.0004941176470588236,3.8461538461538463,600,,,,,,,
,,,3.8461538461538463,600,0.6329765319824219,0.7111913357400722,259.8571,,,,
0.4844,4.41414737701416,0.00048125,4.006410256410256,625,,,,,,,
,,,4.006410256410256,625,0.6939871311187744,0.6931407942238267,270.8816,,,,
0.4675,1.9615381956100464,0.00046838235294117644,4.166666666666667,650,,,,,,,
,,,4.166666666666667,650,0.5644563436508179,0.703971119133574,281.945,,,,
0.5109,2.561008930206299,0.00045551470588235297,4.326923076923077,675,,,,,,,
,,,4.326923076923077,675,0.5918129682540894,0.703971119133574,292.3764,,,,
0.442,1.6856484413146973,0.0004426470588235294,4.487179487179487,700,,,,,,,
,,,4.487179487179487,700,0.6168986558914185,0.7220216606498195,303.429,,,,
0.4635,1.808597207069397,0.0004297794117647059,4.647435897435898,725,,,,,,,
,,,4.647435897435898,725,0.6418489813804626,0.7184115523465704,313.9847,,,,
0.4938,4.155086517333984,0.00041691176470588234,4.8076923076923075,750,,,,,,,
,,,4.8076923076923075,750,0.5883191227912903,0.703971119133574,324.792,,,,
0.509,5.98460054397583,0.00040404411764705876,4.967948717948718,775,,,,,,,
,,,4.967948717948718,775,0.7303645610809326,0.703971119133574,335.4669,,,,
0.425,1.382596492767334,0.0003911764705882353,5.128205128205128,800,,,,,,,
,,,5.128205128205128,800,0.571395754814148,0.7328519855595668,346.4325,,,,
0.4328,3.5920627117156982,0.00037830882352941176,5.288461538461538,825,,,,,,,
,,,5.288461538461538,825,0.6160792708396912,0.7111913357400722,357.2589,,,,
0.4497,1.5392398834228516,0.00036544117647058824,5.448717948717949,850,,,,,,,
,,,5.448717948717949,850,0.5423824191093445,0.7148014440433214,368.4829,,,,
0.4369,1.6966100931167603,0.0003525735294117647,5.608974358974359,875,,,,,,,
,,,5.608974358974359,875,0.5422062277793884,0.7256317689530686,379.544,,,,
0.401,5.85944938659668,0.0003397058823529412,5.769230769230769,900,,,,,,,
,,,5.769230769230769,900,0.5732057094573975,0.7220216606498195,390.158,,,,
0.4658,3.546785831451416,0.00032683823529411766,5.92948717948718,925,,,,,,,
,,,5.92948717948718,925,0.5726225972175598,0.7111913357400722,400.8535,,,,
0.4736,1.1380152702331543,0.00031397058823529414,6.089743589743589,950,,,,,,,
,,,6.089743589743589,950,0.5557900667190552,0.7111913357400722,411.5754,,,,
0.3917,1.481648564338684,0.0003011029411764706,6.25,975,,,,,,,
,,,6.25,975,0.6495916843414307,0.7075812274368231,422.5497,,,,
0.4437,2.073514699935913,0.00028823529411764703,6.410256410256411,1000,,,,,,,
,,,6.410256410256411,1000,0.6113623976707458,0.7256317689530686,433.111,,,,
0.4223,2.3963937759399414,0.0002753676470588235,6.57051282051282,1025,,,,,,,
,,,6.57051282051282,1025,0.6139126420021057,0.7148014440433214,444.2765,,,,
0.4071,1.2919437885284424,0.0002625,6.730769230769231,1050,,,,,,,
,,,6.730769230769231,1050,0.5714307427406311,0.7256317689530686,455.2,,,,
0.3821,3.525864601135254,0.00024963235294117646,6.891025641025641,1075,,,,,,,
,,,6.891025641025641,1075,0.5758988857269287,0.7364620938628159,466.6922,,,,
0.3622,1.2066234350204468,0.00023676470588235296,7.051282051282051,1100,,,,,,,
,,,7.051282051282051,1100,0.6220801472663879,0.7220216606498195,477.3043,,,,
0.3914,2.5654044151306152,0.00022389705882352938,7.211538461538462,1125,,,,,,,
,,,7.211538461538462,1125,0.5887534618377686,0.7075812274368231,487.8181,,,,
0.3545,2.581692695617676,0.00021102941176470586,7.371794871794872,1150,,,,,,,
,,,7.371794871794872,1150,0.6321849226951599,0.7148014440433214,499.3877,,,,
0.3805,2.850957155227661,0.00019816176470588236,7.532051282051282,1175,,,,,,,
,,,7.532051282051282,1175,0.7544973492622375,0.7220216606498195,509.9108,,,,
0.3354,2.8826940059661865,0.00018529411764705883,7.6923076923076925,1200,,,,,,,
,,,7.6923076923076925,1200,0.6497220993041992,0.7220216606498195,520.5783,,,,
0.3961,2.2860159873962402,0.0001724264705882353,7.852564102564102,1225,,,,,,,
,,,7.852564102564102,1225,0.6185361742973328,0.7292418772563177,531.5555,,,,
0.4115,6.781820774078369,0.00015955882352941176,8.012820512820513,1250,,,,,,,
,,,8.012820512820513,1250,0.6911802887916565,0.7184115523465704,542.2983,,,,
0.3726,1.9808865785598755,0.00014669117647058823,8.173076923076923,1275,,,,,,,
,,,8.173076923076923,1275,0.627831757068634,0.7256317689530686,553.1795,,,,
0.3723,2.261253833770752,0.0001338235294117647,8.333333333333334,1300,,,,,,,
,,,8.333333333333334,1300,0.6491900682449341,0.7220216606498195,563.7339,,,,
0.3361,3.2319843769073486,0.00012095588235294117,8.493589743589745,1325,,,,,,,
,,,8.493589743589745,1325,0.6648258566856384,0.7256317689530686,574.9171,,,,
0.3727,2.1901378631591797,0.00010808823529411764,8.653846153846153,1350,,,,,,,
,,,8.653846153846153,1350,0.6554273962974548,0.7292418772563177,585.2545,,,,
0.3008,6.393163204193115,9.52205882352941e-05,8.814102564102564,1375,,,,,,,
,,,8.814102564102564,1375,0.6912811398506165,0.7220216606498195,595.9858,,,,
0.3375,1.266158103942871,8.235294117647058e-05,8.974358974358974,1400,,,,,,,
,,,8.974358974358974,1400,0.6460800170898438,0.7292418772563177,606.5555,,,,
0.3253,2.3623239994049072,6.948529411764706e-05,9.134615384615385,1425,,,,,,,
,,,9.134615384615385,1425,0.6680889129638672,0.7292418772563177,617.1299,,,,
0.3474,3.2027127742767334,5.661764705882353e-05,9.294871794871796,1450,,,,,,,
,,,9.294871794871796,1450,0.6625698208808899,0.7220216606498195,628.021,,,,
0.2579,1.4045699834823608,4.375e-05,9.455128205128204,1475,,,,,,,
,,,9.455128205128204,1475,0.7220568656921387,0.7184115523465704,638.5698,,,,
0.3565,5.490285396575928,3.0882352941176475e-05,9.615384615384615,1500,,,,,,,
,,,9.615384615384615,1500,0.6714015603065491,0.7256317689530686,649.9067,,,,
0.3593,5.080969333648682,1.801470588235294e-05,9.775641025641026,1525,,,,,,,
,,,9.775641025641026,1525,0.6672155857086182,0.7256317689530686,661.1084,,,,
0.3886,2.4446444511413574,5.147058823529411e-06,9.935897435897436,1550,,,,,,,
,,,9.935897435897436,1550,0.6594241857528687,0.7292418772563177,671.7933,,,,
,,,10.0,1560,,,674.485,36.917,2.313,2110479545949120.0,0.49290250425155346
