loss,grad_norm,learning_rate,epoch,step,eval_loss,eval_accuracy,eval_f1,train_runtime,train_samples_per_second,train_steps_per_second,total_flos,train_loss
0.7008,1.440367341041565,2.5e-06,0.004347826086956522,1,,,,,,,,
0.6567,0.8016394972801208,6.25e-05,0.10869565217391304,25,,,,,,,,
,,,0.10869565217391304,25,0.6360384821891785,0.6838235294117647,0.8122270742358079,6.2688,,,,
0.6603,1.2579163312911987,0.000125,0.21739130434782608,50,,,,,,,,
,,,0.21739130434782608,50,0.6254175901412964,0.6838235294117647,0.8122270742358079,12.1253,,,,
0.6397,2.483250141143799,0.0001875,0.32608695652173914,75,,,,,,,,
,,,0.32608695652173914,75,0.6213144063949585,0.6838235294117647,0.8122270742358079,18.1286,,,,
0.6416,0.6172007322311401,0.00025,0.43478260869565216,100,,,,,,,,
,,,0.43478260869565216,100,0.6176391839981079,0.6838235294117647,0.8122270742358079,23.9719,,,,
0.6043,1.2329641580581665,0.0003125,0.5434782608695652,125,,,,,,,,
,,,0.5434782608695652,125,0.6134538650512695,0.6838235294117647,0.8122270742358079,29.9697,,,,
0.6384,3.295954942703247,0.000375,0.6521739130434783,150,,,,,,,,
,,,0.6521739130434783,150,0.6136060357093811,0.6936274509803921,0.8169838945827232,35.8531,,,,
0.613,0.9465193748474121,0.0004375,0.7608695652173914,175,,,,,,,,
,,,0.7608695652173914,175,0.5551970601081848,0.696078431372549,0.8165680473372782,42.0279,,,,
0.6027,1.535503625869751,0.0005,0.8695652173913043,200,,,,,,,,
,,,0.8695652173913043,200,0.5490497350692749,0.7549019607843137,0.8355263157894737,48.0066,,,,
0.6149,1.7152245044708252,0.0004940476190476191,0.9782608695652174,225,,,,,,,,
,,,0.9782608695652174,225,0.5895390510559082,0.7647058823529411,0.8356164383561645,54.0312,,,,
0.5919,0.7413573861122131,0.0004880952380952381,1.0869565217391304,250,,,,,,,,
,,,1.0869565217391304,250,0.5160378217697144,0.7205882352941176,0.8277945619335348,59.7581,,,,
0.5378,0.9178323745727539,0.00048214285714285715,1.1956521739130435,275,,,,,,,,
,,,1.1956521739130435,275,0.5298514366149902,0.7377450980392157,0.8341085271317831,65.7187,,,,
0.5309,1.6370816230773926,0.0004761904761904762,1.3043478260869565,300,,,,,,,,
,,,1.3043478260869565,300,0.45684534311294556,0.7867647058823529,0.8532883642495784,71.6512,,,,
0.473,2.869394302368164,0.00047023809523809523,1.4130434782608696,325,,,,,,,,
,,,1.4130434782608696,325,0.4558248221874237,0.7622549019607843,0.8123791102514506,77.5448,,,,
0.5325,8.123357772827148,0.00046428571428571433,1.5217391304347827,350,,,,,,,,
,,,1.5217391304347827,350,0.5315401554107666,0.7647058823529411,0.8490566037735848,83.5125,,,,
0.4891,2.0353543758392334,0.0004583333333333333,1.6304347826086958,375,,,,,,,,
,,,1.6304347826086958,375,0.4081387519836426,0.7990196078431373,0.8605442176870748,89.3151,,,,
0.4379,1.8223670721054077,0.00045238095238095237,1.7391304347826086,400,,,,,,,,
,,,1.7391304347826086,400,0.5248667597770691,0.7573529411764706,0.8460342146189735,95.2918,,,,
0.503,1.2544653415679932,0.00044642857142857147,1.8478260869565217,425,,,,,,,,
,,,1.8478260869565217,425,0.4398501217365265,0.7941176470588235,0.8631921824104234,101.2407,,,,
0.4402,1.1634254455566406,0.00044047619047619046,1.9565217391304348,450,,,,,,,,
,,,1.9565217391304348,450,0.37325870990753174,0.8284313725490197,0.8731884057971014,107.3315,,,,
0.4325,0.8725066781044006,0.00043452380952380956,2.0652173913043477,475,,,,,,,,
,,,2.0652173913043477,475,0.439242422580719,0.7647058823529411,0.8481012658227849,113.0106,,,,
0.4498,0.9730936288833618,0.00042857142857142855,2.1739130434782608,500,,,,,,,,
,,,2.1739130434782608,500,0.35488876700401306,0.8259803921568627,0.8725314183123878,118.9971,,,,
0.3894,2.1825098991394043,0.00042261904761904765,2.282608695652174,525,,,,,,,,
,,,2.282608695652174,525,0.3650728464126587,0.8284313725490197,0.8684210526315789,124.9718,,,,
0.3633,1.1683704853057861,0.0004166666666666667,2.391304347826087,550,,,,,,,,
,,,2.391304347826087,550,0.35444116592407227,0.8284313725490197,0.8722627737226278,130.8546,,,,
0.4415,1.4146661758422852,0.0004107142857142857,2.5,575,,,,,,,,
,,,2.5,575,0.35147857666015625,0.8284313725490197,0.8788927335640139,136.7945,,,,
0.3643,1.17012619972229,0.0004047619047619048,2.608695652173913,600,,,,,,,,
,,,2.608695652173913,600,0.35254818201065063,0.8455882352941176,0.8892794376098417,142.673,,,,
0.4085,1.0890792608261108,0.00039880952380952383,2.717391304347826,625,,,,,,,,
,,,2.717391304347826,625,0.34069913625717163,0.8578431372549019,0.8996539792387542,148.711,,,,
0.4721,2.0153393745422363,0.0003928571428571429,2.8260869565217392,650,,,,,,,,
,,,2.8260869565217392,650,0.3292801082134247,0.8627450980392157,0.899641577060932,154.6616,,,,
0.3743,1.0618573427200317,0.0003869047619047619,2.9347826086956523,675,,,,,,,,
,,,2.9347826086956523,675,0.33329305052757263,0.8382352941176471,0.8786764705882353,160.7304,,,,
0.3508,2.3859474658966064,0.00038095238095238096,3.0434782608695654,700,,,,,,,,
,,,3.0434782608695654,700,0.3610706627368927,0.8480392156862745,0.8956228956228957,166.4076,,,,
0.3892,2.437856435775757,0.000375,3.1521739130434785,725,,,,,,,,
,,,3.1521739130434785,725,0.37692490220069885,0.8578431372549019,0.9026845637583893,172.4234,,,,
0.395,1.8249093294143677,0.00036904761904761905,3.260869565217391,750,,,,,,,,
,,,3.260869565217391,750,0.37584683299064636,0.8578431372549019,0.9026845637583893,178.3688,,,,
0.3103,2.0288827419281006,0.0003630952380952381,3.369565217391304,775,,,,,,,,
,,,3.369565217391304,775,0.3589075207710266,0.8627450980392157,0.903114186851211,184.2315,,,,
0.3772,2.825777292251587,0.00035714285714285714,3.4782608695652173,800,,,,,,,,
,,,3.4782608695652173,800,0.3343260586261749,0.8431372549019608,0.8836363636363636,190.1332,,,,
0.3882,2.435511589050293,0.0003511904761904762,3.5869565217391304,825,,,,,,,,
,,,3.5869565217391304,825,0.31423652172088623,0.8529411764705882,0.8916967509025271,196.0911,,,,
0.3849,1.5452834367752075,0.00034523809523809523,3.6956521739130435,850,,,,,,,,
,,,3.6956521739130435,850,0.31142136454582214,0.8602941176470589,0.8957952468007313,202.1591,,,,
0.3437,5.384797096252441,0.00033928571428571433,3.8043478260869565,875,,,,,,,,
,,,3.8043478260869565,875,0.31553637981414795,0.8627450980392157,0.9,208.0967,,,,
0.3519,2.623605251312256,0.0003333333333333333,3.9130434782608696,900,,,,,,,,
,,,3.9130434782608696,900,0.34036576747894287,0.8700980392156863,0.9087779690189328,214.1236,,,,
0.3863,1.0954594612121582,0.00032738095238095237,4.021739130434782,925,,,,,,,,
,,,4.021739130434782,925,0.3085068464279175,0.8700980392156863,0.905861456483126,219.8986,,,,
0.3271,1.5262959003448486,0.00032142857142857147,4.130434782608695,950,,,,,,,,
,,,4.130434782608695,950,0.3109792172908783,0.875,0.9103690685413005,225.9679,,,,
0.3558,2.2611958980560303,0.00031547619047619046,4.239130434782608,975,,,,,,,,
,,,4.239130434782608,975,0.3197750747203827,0.875,0.9125214408233276,231.7711,,,,
0.358,1.6383416652679443,0.00030952380952380956,4.3478260869565215,1000,,,,,,,,
,,,4.3478260869565215,1000,0.30900484323501587,0.8799019607843137,0.9141856392294221,237.7173,,,,
0.3327,3.2054734230041504,0.00030357142857142855,4.456521739130435,1025,,,,,,,,
,,,4.456521739130435,1025,0.31202006340026855,0.8578431372549019,0.8929889298892988,243.9056,,,,
0.3134,3.4492695331573486,0.00029761904761904765,4.565217391304348,1050,,,,,,,,
,,,4.565217391304348,1050,0.3351658582687378,0.875,0.9106830122591945,249.9141,,,,
0.2712,2.1553025245666504,0.0002916666666666667,4.673913043478261,1075,,,,,,,,
,,,4.673913043478261,1075,0.3382717967033386,0.8725490196078431,0.9081272084805654,255.8393,,,,
0.2882,2.807023286819458,0.0002857142857142857,4.782608695652174,1100,,,,,,,,
,,,4.782608695652174,1100,0.3203423321247101,0.8700980392156863,0.9051878354203935,261.7812,,,,
0.3386,3.448800563812256,0.0002797619047619048,4.891304347826087,1125,,,,,,,,
,,,4.891304347826087,1125,0.3037383556365967,0.875,0.9087656529516995,267.8057,,,,
0.3197,0.17394588887691498,0.0002738095238095238,5.0,1150,,,,,,,,
,,,5.0,1150,0.3038172423839569,0.8799019607843137,0.9132743362831858,273.7641,,,,
0.2902,1.1874433755874634,0.00026785714285714287,5.108695652173913,1175,,,,,,,,
,,,5.108695652173913,1175,0.3365974426269531,0.875,0.9125214408233276,279.7515,,,,
0.3194,3.671109914779663,0.0002619047619047619,5.217391304347826,1200,,,,,,,,
,,,5.217391304347826,1200,0.32454240322113037,0.8799019607843137,0.9156626506024096,285.7453,,,,
0.3038,2.1290245056152344,0.00025595238095238096,5.326086956521739,1225,,,,,,,,
,,,5.326086956521739,1225,0.31124186515808105,0.875,0.9097345132743363,291.8261,,,,
0.362,2.176431894302368,0.00025,5.434782608695652,1250,,,,,,,,
,,,5.434782608695652,1250,0.3011254370212555,0.8774509803921569,0.9094202898550725,297.72,,,,
0.2742,2.6028847694396973,0.00024404761904761905,5.543478260869565,1275,,,,,,,,
,,,5.543478260869565,1275,0.3101726174354553,0.875,0.906764168190128,303.6603,,,,
0.3138,2.205584764480591,0.0002380952380952381,5.6521739130434785,1300,,,,,,,,
,,,5.6521739130434785,1300,0.32074102759361267,0.8700980392156863,0.9071803852889667,309.5845,,,,
0.28,2.7339022159576416,0.00023214285714285717,5.760869565217392,1325,,,,,,,,
,,,5.760869565217392,1325,0.32691192626953125,0.875,0.9097345132743363,315.6218,,,,
0.3214,2.411248207092285,0.00022619047619047618,5.869565217391305,1350,,,,,,,,
,,,5.869565217391305,1350,0.3102371394634247,0.875,0.9084380610412927,321.6622,,,,
0.306,0.8314390182495117,0.00022023809523809523,5.978260869565218,1375,,,,,,,,
,,,5.978260869565218,1375,0.30127009749412537,0.8725490196078431,0.9061371841155236,327.7245,,,,
0.226,3.6071248054504395,0.00021428571428571427,6.086956521739131,1400,,,,,,,,
,,,6.086956521739131,1400,0.4264165759086609,0.8480392156862745,0.8966666666666667,333.62,,,,
0.3078,1.2675951719284058,0.00020833333333333335,6.195652173913044,1425,,,,,,,,
,,,6.195652173913044,1425,0.3179191052913666,0.8725490196078431,0.9068100358422939,339.7266,,,,
0.3157,1.968780755996704,0.0002023809523809524,6.304347826086957,1450,,,,,,,,
,,,6.304347826086957,1450,0.3208572566509247,0.8602941176470589,0.8950276243093922,345.6372,,,,
0.3244,1.3653109073638916,0.00019642857142857144,6.413043478260869,1475,,,,,,,,
,,,6.413043478260869,1475,0.30863407254219055,0.8799019607843137,0.9126559714795008,351.5769,,,,
0.3284,0.819997251033783,0.00019047619047619048,6.521739130434782,1500,,,,,,,,
,,,6.521739130434782,1500,0.3131820559501648,0.8823529411764706,0.9136690647482014,357.5287,,,,
0.25,3.714050769805908,0.00018452380952380953,6.630434782608695,1525,,,,,,,,
,,,6.630434782608695,1525,0.3435138761997223,0.8848039215686274,0.9176882661996497,363.7001,,,,
0.326,0.5689375400543213,0.00017857142857142857,6.739130434782608,1550,,,,,,,,
,,,6.739130434782608,1550,0.3108351230621338,0.8774509803921569,0.9097472924187725,369.6341,,,,
0.283,1.9651682376861572,0.00017261904761904762,6.8478260869565215,1575,,,,,,,,
,,,6.8478260869565215,1575,0.30904877185821533,0.8823529411764706,0.9142857142857143,375.5833,,,,
0.3313,1.461791753768921,0.00016666666666666666,6.956521739130435,1600,,,,,,,,
,,,6.956521739130435,1600,0.3084137737751007,0.875,0.9077757685352622,381.5708,,,,
0.2421,2.1960837841033936,0.00016071428571428573,7.065217391304348,1625,,,,,,,,
,,,7.065217391304348,1625,0.3171006739139557,0.8848039215686274,0.9162210338680927,387.43,,,,
0.2796,1.3393239974975586,0.00015476190476190478,7.173913043478261,1650,,,,,,,,
,,,7.173913043478261,1650,0.3150250017642975,0.8823529411764706,0.9133574007220215,393.3232,,,,
0.2685,1.095214605331421,0.00014880952380952382,7.282608695652174,1675,,,,,,,,
,,,7.282608695652174,1675,0.3197181224822998,0.8774509803921569,0.9134948096885814,399.3224,,,,
0.3097,1.9270739555358887,0.00014285714285714284,7.391304347826087,1700,,,,,,,,
,,,7.391304347826087,1700,0.3008266091346741,0.8774509803921569,0.912280701754386,405.3349,,,,
0.277,0.7409063577651978,0.0001369047619047619,7.5,1725,,,,,,,,
,,,7.5,1725,0.2966920733451843,0.8848039215686274,0.9156193895870736,411.4496,,,,
0.2839,2.5284974575042725,0.00013095238095238096,7.608695652173913,1750,,,,,,,,
,,,7.608695652173913,1750,0.30042505264282227,0.8774509803921569,0.9119718309859154,417.4024,,,,
0.2923,1.9082404375076294,0.000125,7.717391304347826,1775,,,,,,,,
,,,7.717391304347826,1775,0.307082861661911,0.8700980392156863,0.9071803852889667,423.4893,,,,
0.2975,1.3047733306884766,0.00011904761904761905,7.826086956521739,1800,,,,,,,,
,,,7.826086956521739,1800,0.30070167779922485,0.8872549019607843,0.9181494661921709,429.3936,,,,
0.2629,2.1992621421813965,0.00011309523809523809,7.934782608695652,1825,,,,,,,,
,,,7.934782608695652,1825,0.3033106029033661,0.8823529411764706,0.9139784946236559,435.5573,,,,
0.3371,1.640026330947876,0.00010714285714285714,8.043478260869565,1850,,,,,,,,
,,,8.043478260869565,1850,0.3143593966960907,0.8799019607843137,0.913884007029877,441.3781,,,,
0.2715,2.2471835613250732,0.0001011904761904762,8.152173913043478,1875,,,,,,,,
,,,8.152173913043478,1875,0.3109394311904907,0.8799019607843137,0.913884007029877,447.3483,,,,
0.2376,0.2593228816986084,9.523809523809524e-05,8.26086956521739,1900,,,,,,,,
,,,8.26086956521739,1900,0.3151778280735016,0.8848039215686274,0.9168141592920355,453.3266,,,,
0.2706,0.8600320816040039,8.928571428571429e-05,8.369565217391305,1925,,,,,,,,
,,,8.369565217391305,1925,0.30753952264785767,0.8897058823529411,0.9200710479573712,459.3605,,,,
0.2651,2.525526285171509,8.333333333333333e-05,8.478260869565217,1950,,,,,,,,
,,,8.478260869565217,1950,0.3205811679363251,0.8774509803921569,0.912280701754386,465.476,,,,
0.2608,3.061147451400757,7.738095238095239e-05,8.58695652173913,1975,,,,,,,,
,,,8.58695652173913,1975,0.33054855465888977,0.8700980392156863,0.9078260869565218,471.3483,,,,
0.2783,1.0646638870239258,7.142857142857142e-05,8.695652173913043,2000,,,,,,,,
,,,8.695652173913043,2000,0.3136836290359497,0.8848039215686274,0.9173989455184535,477.3666,,,,
0.3276,2.3763675689697266,6.547619047619048e-05,8.804347826086957,2025,,,,,,,,
,,,8.804347826086957,2025,0.3083045780658722,0.8799019607843137,0.9126559714795008,483.4949,,,,
0.3114,2.317232608795166,5.9523809523809524e-05,8.91304347826087,2050,,,,,,,,
,,,8.91304347826087,2050,0.3083961009979248,0.8823529411764706,0.9151943462897526,489.5943,,,,
0.2995,0.9998581409454346,5.357142857142857e-05,9.021739130434783,2075,,,,,,,,
,,,9.021739130434783,2075,0.308336079120636,0.8823529411764706,0.9157894736842105,495.3833,,,,
0.2566,0.8577696084976196,4.761904761904762e-05,9.130434782608695,2100,,,,,,,,
,,,9.130434782608695,2100,0.3034166693687439,0.8848039215686274,0.9156193895870736,501.316,,,,
0.2434,0.8030068278312683,4.1666666666666665e-05,9.23913043478261,2125,,,,,,,,
,,,9.23913043478261,2125,0.309345006942749,0.8823529411764706,0.9145907473309609,507.2636,,,,
0.3095,1.6925023794174194,3.571428571428571e-05,9.347826086956522,2150,,,,,,,,
,,,9.347826086956522,2150,0.31087347865104675,0.8799019607843137,0.9132743362831858,513.1968,,,,
0.2695,0.7881548404693604,2.9761904761904762e-05,9.456521739130435,2175,,,,,,,,
,,,9.456521739130435,2175,0.3068743646144867,0.8799019607843137,0.9132743362831858,519.2248,,,,
0.304,1.196916937828064,2.380952380952381e-05,9.565217391304348,2200,,,,,,,,
,,,9.565217391304348,2200,0.31265789270401,0.8823529411764706,0.915492957746479,525.1742,,,,
0.2941,2.082834005355835,1.7857142857142855e-05,9.673913043478262,2225,,,,,,,,
,,,9.673913043478262,2225,0.3073970675468445,0.8848039215686274,0.9171075837742505,531.1857,,,,
0.2822,0.9441577792167664,1.1904761904761905e-05,9.782608695652174,2250,,,,,,,,
,,,9.782608695652174,2250,0.3080503046512604,0.8848039215686274,0.9171075837742505,537.1402,,,,
0.2463,2.213344097137451,5.9523809523809525e-06,9.891304347826086,2275,,,,,,,,
,,,9.891304347826086,2275,0.3077008128166199,0.8848039215686274,0.9171075837742505,543.2498,,,,
0.2577,5.106321811676025,0.0,10.0,2300,,,,,,,,
,,,10.0,2300,0.30744650959968567,0.8823529411764706,0.9151943462897526,549.1254,,,,
,,,10.0,2300,,,,548.7671,66.841,4.191,1453534138652064.0,0.3672544106711512
