loss,grad_norm,learning_rate,epoch,step,eval_loss,eval_accuracy,eval_f1,train_runtime,train_samples_per_second,train_steps_per_second,total_flos,train_loss
1.0935,3.448720693588257,4.984375e-05,0.0625,1,,,,,,,,
0.9124,4.1938629150390625,4.8437500000000005e-05,0.625,10,,,,,,,,
,,,0.625,10,0.8760964274406433,0.6785714285714286,0.47478301665493783,6.2213,,,,
0.7454,18.18429183959961,4.6875e-05,1.25,20,,,,,,,,
,,,1.25,20,0.7085920572280884,0.75,0.5237762237762238,12.192,,,,
0.6508,12.309415817260742,4.5312500000000004e-05,1.875,30,,,,,,,,
,,,1.875,30,0.6346480250358582,0.75,0.5237762237762238,17.9908,,,,
0.3579,3.8706767559051514,4.375e-05,2.5,40,,,,,,,,
,,,2.5,40,0.6265774369239807,0.8035714285714286,0.5608391608391609,23.7307,,,,
0.2716,0.7528272271156311,4.21875e-05,3.125,50,,,,,,,,
,,,3.125,50,0.5166348814964294,0.8392857142857143,0.5887667887667888,29.529,,,,
0.2786,0.9855997562408447,4.0625000000000005e-05,3.75,60,,,,,,,,
,,,3.75,60,0.468545526266098,0.8392857142857143,0.7746031746031745,35.5079,,,,
0.092,2.070850372314453,3.90625e-05,4.375,70,,,,,,,,
,,,4.375,70,0.6144852042198181,0.8035714285714286,0.7399148277197057,41.1025,,,,
0.0651,0.10372869670391083,3.7500000000000003e-05,5.0,80,,,,,,,,
,,,5.0,80,0.5975432395935059,0.8571428571428571,0.7044639947865754,46.8889,,,,
0.1051,0.26210394501686096,3.59375e-05,5.625,90,,,,,,,,
,,,5.625,90,0.45060989260673523,0.8928571428571429,0.8784271284271284,53.1806,,,,
0.0326,0.033373959362506866,3.4375e-05,6.25,100,,,,,,,,
,,,6.25,100,0.49201759696006775,0.9107142857142857,0.9044113450893111,58.8359,,,,
0.0364,0.024627752602100372,3.2812500000000005e-05,6.875,110,,,,,,,,
,,,6.875,110,0.49956128001213074,0.9107142857142857,0.9038945268453465,64.5842,,,,
0.0297,0.03736823797225952,3.125e-05,7.5,120,,,,,,,,
,,,7.5,120,0.4907407760620117,0.9107142857142857,0.8919191919191919,69.8897,,,,
0.0012,0.03128093108534813,2.96875e-05,8.125,130,,,,,,,,
,,,8.125,130,0.5577040314674377,0.8928571428571429,0.8784219001610305,75.9618,,,,
0.0453,0.013154372572898865,2.8125000000000003e-05,8.75,140,,,,,,,,
,,,8.75,140,0.5183234810829163,0.9107142857142857,0.8919191919191919,82.3705,,,,
0.0009,0.021816113963723183,2.6562500000000002e-05,9.375,150,,,,,,,,
,,,9.375,150,0.5389106273651123,0.9107142857142857,0.8919488644090846,88.243,,,,
0.0053,0.012006041593849659,2.5e-05,10.0,160,,,,,,,,
,,,10.0,160,0.5006471276283264,0.9285714285714286,0.9052603327965647,94.027,,,,
0.0007,0.01191826444119215,2.34375e-05,10.625,170,,,,,,,,
,,,10.625,170,0.5874890089035034,0.9107142857142857,0.8917213078192603,100.3608,,,,
0.0025,0.01249301340430975,2.1875e-05,11.25,180,,,,,,,,
,,,11.25,180,0.6410722136497498,0.9107142857142857,0.8919191919191919,106.0981,,,,
0.0006,0.009042041376233101,2.0312500000000002e-05,11.875,190,,,,,,,,
,,,11.875,190,0.6267619132995605,0.9107142857142857,0.8919191919191919,112.3987,,,,
0.0006,0.008196709677577019,1.8750000000000002e-05,12.5,200,,,,,,,,
,,,12.5,200,0.6119895577430725,0.9107142857142857,0.8919191919191919,118.0697,,,,
0.0005,0.007087016478180885,1.71875e-05,13.125,210,,,,,,,,
,,,13.125,210,0.6085882186889648,0.9107142857142857,0.8919191919191919,123.8375,,,,
0.0005,0.009017693810164928,1.5625e-05,13.75,220,,,,,,,,
,,,13.75,220,0.6102139353752136,0.9107142857142857,0.8919191919191919,130.23,,,,
0.0005,0.0076093776151537895,1.4062500000000001e-05,14.375,230,,,,,,,,
,,,14.375,230,0.6139439940452576,0.9107142857142857,0.8919191919191919,136.4491,,,,
0.0005,0.009449191391468048,1.25e-05,15.0,240,,,,,,,,
,,,15.0,240,0.6180710196495056,0.9107142857142857,0.8919191919191919,142.0996,,,,
0.0004,0.005737485364079475,1.09375e-05,15.625,250,,,,,,,,
,,,15.625,250,0.6214526295661926,0.9107142857142857,0.8919191919191919,148.0216,,,,
0.0004,0.007158386055380106,9.375000000000001e-06,16.25,260,,,,,,,,
,,,16.25,260,0.6244930624961853,0.9107142857142857,0.8919191919191919,154.1001,,,,
0.0004,0.008540044538676739,7.8125e-06,16.875,270,,,,,,,,
,,,16.875,270,0.6245179772377014,0.9107142857142857,0.8919191919191919,160.1229,,,,
0.0004,0.005857478361576796,6.25e-06,17.5,280,,,,,,,,
,,,17.5,280,0.6250466704368591,0.9107142857142857,0.8919191919191919,166.3519,,,,
0.0004,0.0055530378594994545,4.6875000000000004e-06,18.125,290,,,,,,,,
,,,18.125,290,0.6259050369262695,0.9107142857142857,0.8919191919191919,172.139,,,,
0.0004,0.006359394174069166,3.125e-06,18.75,300,,,,,,,,
,,,18.75,300,0.6266365647315979,0.9107142857142857,0.8919191919191919,178.4336,,,,
0.0004,0.006013401784002781,1.5625e-06,19.375,310,,,,,,,,
,,,19.375,310,0.6272112727165222,0.9107142857142857,0.8919191919191919,183.8556,,,,
0.0004,0.007557868957519531,0.0,20.0,320,,,,,,,,
,,,20.0,320,0.627396285533905,0.9107142857142857,0.8919191919191919,189.9237,,,,
,,,20.0,320,,,,189.457,26.391,1.689,446840583950880.0,0.11431058323942125
