loss,grad_norm,learning_rate,epoch,step,eval_loss,eval_accuracy,eval_f1,train_runtime,train_samples_per_second,train_steps_per_second,total_flos,train_loss
1.1672,3.7006514072418213,0.0001,0.0625,1,,,,,,,,
0.9587,2.0883326530456543,0.001,0.625,10,,,,,,,,
,,,0.625,10,0.9246138334274292,0.5,0.2222222222222222,4.4821,,,,
1.0354,3.2314131259918213,0.002,1.25,20,,,,,,,,
,,,1.25,20,0.9804248213768005,0.6428571428571429,0.4430260047281324,8.7382,,,,
0.896,2.31435489654541,0.003,1.875,30,,,,,,,,
,,,1.875,30,0.9110535383224487,0.5178571428571429,0.33557213930348256,12.8801,,,,
0.933,3.629350185394287,0.004,2.5,40,,,,,,,,
,,,2.5,40,0.7357592582702637,0.7142857142857143,0.49806201550387597,17.0017,,,,
0.7219,1.287790298461914,0.005,3.125,50,,,,,,,,
,,,3.125,50,0.7592851519584656,0.75,0.524731182795699,21.1942,,,,
0.7296,4.239033222198486,0.004814814814814814,3.75,60,,,,,,,,
,,,3.75,60,0.7680816054344177,0.6964285714285714,0.4792779049071956,25.4339,,,,
0.5096,1.1123793125152588,0.004629629629629629,4.375,70,,,,,,,,
,,,4.375,70,0.7786999940872192,0.7678571428571429,0.5365079365079365,29.4004,,,,
0.4321,1.668348789215088,0.0044444444444444444,5.0,80,,,,,,,,
,,,5.0,80,0.7138124704360962,0.7678571428571429,0.535988819007687,33.4074,,,,
0.3098,1.213430643081665,0.0042592592592592595,5.625,90,,,,,,,,
,,,5.625,90,0.5398106575012207,0.8214285714285714,0.5740350877192982,37.7808,,,,
0.2337,1.6802256107330322,0.004074074074074074,6.25,100,,,,,,,,
,,,6.25,100,0.4959269165992737,0.8392857142857143,0.6915604128718883,41.7824,,,,
0.0645,0.036118149757385254,0.003888888888888889,6.875,110,,,,,,,,
,,,6.875,110,0.820179283618927,0.8214285714285714,0.5740350877192982,45.6471,,,,
0.1947,1.6330718994140625,0.0037037037037037034,7.5,120,,,,,,,,
,,,7.5,120,0.6069172620773315,0.8571428571428571,0.8224367761288912,49.2701,,,,
0.0677,0.059488046914339066,0.0035185185185185185,8.125,130,,,,,,,,
,,,8.125,130,0.8215693235397339,0.8392857142857143,0.5866760497302369,53.3889,,,,
0.153,0.11519857496023178,0.003333333333333333,8.75,140,,,,,,,,
,,,8.75,140,0.6280258893966675,0.8928571428571429,0.8972218257932544,57.6868,,,,
0.0347,0.149369478225708,0.003148148148148148,9.375,150,,,,,,,,
,,,9.375,150,0.514835774898529,0.9285714285714286,0.9475308641975309,61.6182,,,,
0.0219,0.002336193574592471,0.002962962962962963,10.0,160,,,,,,,,
,,,10.0,160,0.6936661601066589,0.875,0.8787497905144964,65.5331,,,,
0.0123,0.1999661773443222,0.002777777777777778,10.625,170,,,,,,,,
,,,10.625,170,0.48518532514572144,0.9285714285714286,0.9178768434087582,69.7052,,,,
0.0261,0.06638144701719284,0.0025925925925925925,11.25,180,,,,,,,,
,,,11.25,180,0.43272528052330017,0.9642857142857143,0.9736024844720497,73.5543,,,,
0.007,0.7912586331367493,0.002407407407407407,11.875,190,,,,,,,,
,,,11.875,190,0.5311761498451233,0.9107142857142857,0.8650793650793651,77.8122,,,,
0.0059,0.00021074189862702042,0.0022222222222222222,12.5,200,,,,,,,,
,,,12.5,200,0.5625642538070679,0.9107142857142857,0.8650793650793651,81.6403,,,,
0.0438,3.9950520992279053,0.002037037037037037,13.125,210,,,,,,,,
,,,13.125,210,0.5609118938446045,0.9285714285714286,0.8791854072963519,85.6246,,,,
0.0029,0.00421553011983633,0.0018518518518518517,13.75,220,,,,,,,,
,,,13.75,220,0.601590633392334,0.8928571428571429,0.8523500309214596,90.0009,,,,
0.0083,1.5980606079101562,0.0016666666666666666,14.375,230,,,,,,,,
,,,14.375,230,0.6285296082496643,0.875,0.8396296296296297,94.2458,,,,
0.0013,0.10347303748130798,0.0014814814814814814,15.0,240,,,,,,,,
,,,15.0,240,0.5436363816261292,0.9107142857142857,0.9048821548821548,98.1445,,,,
0.0025,0.34010472893714905,0.0012962962962962963,15.625,250,,,,,,,,
,,,15.625,250,0.5197252631187439,0.9107142857142857,0.9048821548821548,102.2208,,,,
0.0007,0.019456222653388977,0.0011111111111111111,16.25,260,,,,,,,,
,,,16.25,260,0.5421753525733948,0.9107142857142857,0.9048821548821548,106.4373,,,,
0.0015,0.1317041516304016,0.0009259259259259259,16.875,270,,,,,,,,
,,,16.875,270,0.5327049493789673,0.9107142857142857,0.9048821548821548,110.5739,,,,
0.0012,0.002177437534555793,0.0007407407407407407,17.5,280,,,,,,,,
,,,17.5,280,0.5200539827346802,0.9107142857142857,0.9048821548821548,114.9704,,,,
0.0008,0.6279014348983765,0.0005555555555555556,18.125,290,,,,,,,,
,,,18.125,290,0.5194782018661499,0.9107142857142857,0.9048821548821548,118.9026,,,,
0.0163,0.005061545874923468,0.00037037037037037035,18.75,300,,,,,,,,
,,,18.75,300,0.5253353118896484,0.9107142857142857,0.9048821548821548,123.1884,,,,
0.0044,0.7515367865562439,0.00018518518518518518,19.375,310,,,,,,,,
,,,19.375,310,0.5108059644699097,0.9107142857142857,0.9048821548821548,126.9161,,,,
0.0005,0.005496261641383171,0.0,20.0,320,,,,,,,,
,,,20.0,320,0.5081971883773804,0.9107142857142857,0.9048821548821548,131.0827,,,,
,,,20.0,320,,,,130.6538,38.269,2.449,450078052115520.0,0.2328897944855271
