loss,grad_norm,learning_rate,epoch,step,eval_loss,eval_accuracy,train_runtime,train_samples_per_second,train_steps_per_second,total_flos,train_loss
1.7658,0.9041316509246826,1e-05,0.00641025641025641,1,,,,,,,
1.5491,2.820244550704956,0.0005,0.32051282051282054,50,,,,,,,
,,,0.32051282051282054,50,1.0380915403366089,0.5776173285198556,25.652,,,,
0.8061,1.0804551839828491,0.001,0.6410256410256411,100,,,,,,,
,,,0.6410256410256411,100,0.7007947564125061,0.5270758122743683,52.9442,,,,
0.7196,1.7538491487503052,0.0015,0.9615384615384616,150,,,,,,,
,,,0.9615384615384616,150,0.7056299448013306,0.5270758122743683,79.5699,,,,
0.7354,2.591707229614258,0.002,1.282051282051282,200,,,,,,,
,,,1.282051282051282,200,0.7096834182739258,0.5270758122743683,106.2039,,,,
0.7271,0.5250731706619263,0.0019264705882352942,1.6025641025641026,250,,,,,,,
,,,1.6025641025641026,250,0.7041537761688232,0.628158844765343,132.4263,,,,
0.7342,1.76587975025177,0.0018529411764705885,1.9230769230769231,300,,,,,,,
,,,1.9230769230769231,300,0.6699753999710083,0.6498194945848376,158.6258,,,,
0.7185,0.7132377028465271,0.0017794117647058822,2.2435897435897436,350,,,,,,,
,,,2.2435897435897436,350,0.6212664246559143,0.6787003610108303,184.2421,,,,
0.6625,1.6731699705123901,0.0017058823529411764,2.564102564102564,400,,,,,,,
,,,2.564102564102564,400,0.637856662273407,0.6823104693140795,210.5124,,,,
0.656,3.2029788494110107,0.0016323529411764706,2.8846153846153846,450,,,,,,,
,,,2.8846153846153846,450,0.797277569770813,0.6714801444043321,237.0682,,,,
0.6207,2.3296444416046143,0.0015588235294117648,3.2051282051282053,500,,,,,,,
,,,3.2051282051282053,500,0.6249260902404785,0.703971119133574,263.2875,,,,
0.6145,3.182119369506836,0.0014852941176470588,3.5256410256410255,550,,,,,,,
,,,3.5256410256410255,550,0.6283535361289978,0.7292418772563177,289.6578,,,,
0.5836,2.392908811569214,0.001411764705882353,3.8461538461538463,600,,,,,,,
,,,3.8461538461538463,600,0.5552319884300232,0.7653429602888087,315.7164,,,,
0.5049,1.476867437362671,0.001338235294117647,4.166666666666667,650,,,,,,,
,,,4.166666666666667,650,0.5049644708633423,0.7906137184115524,342.3277,,,,
0.488,1.5354467630386353,0.0012647058823529412,4.487179487179487,700,,,,,,,
,,,4.487179487179487,700,0.5798450112342834,0.740072202166065,368.3591,,,,
0.5173,3.5813400745391846,0.0011911764705882352,4.8076923076923075,750,,,,,,,
,,,4.8076923076923075,750,0.5537018179893494,0.7653429602888087,394.013,,,,
0.438,4.864481449127197,0.0011176470588235294,5.128205128205128,800,,,,,,,
,,,5.128205128205128,800,0.6772505640983582,0.7617328519855595,420.1749,,,,
0.4392,1.3597702980041504,0.0010441176470588236,5.448717948717949,850,,,,,,,
,,,5.448717948717949,850,0.574579656124115,0.779783393501805,446.8495,,,,
0.4101,2.2933037281036377,0.0009705882352941176,5.769230769230769,900,,,,,,,
,,,5.769230769230769,900,0.5020381808280945,0.7978339350180506,473.0183,,,,
0.4311,1.1092010736465454,0.0008970588235294118,6.089743589743589,950,,,,,,,
,,,6.089743589743589,950,0.5570411682128906,0.779783393501805,498.9549,,,,
0.3259,1.5389653444290161,0.0008235294117647058,6.410256410256411,1000,,,,,,,
,,,6.410256410256411,1000,0.7799257636070251,0.7472924187725631,525.0563,,,,
0.3213,3.0087146759033203,0.00075,6.730769230769231,1050,,,,,,,
,,,6.730769230769231,1050,0.6269975900650024,0.8086642599277978,552.049,,,,
0.3281,1.3077154159545898,0.0006764705882352942,7.051282051282051,1100,,,,,,,
,,,7.051282051282051,1100,0.6625571250915527,0.7725631768953068,578.7615,,,,
0.2336,2.5304434299468994,0.0006029411764705882,7.371794871794872,1150,,,,,,,
,,,7.371794871794872,1150,0.6818445920944214,0.8014440433212996,605.6311,,,,
0.2474,3.8473613262176514,0.0005294117647058824,7.6923076923076925,1200,,,,,,,
,,,7.6923076923076925,1200,0.7572408318519592,0.7689530685920578,631.3866,,,,
0.2639,1.402681589126587,0.00045588235294117646,8.012820512820513,1250,,,,,,,
,,,8.012820512820513,1250,0.6647090315818787,0.8014440433212996,657.6603,,,,
0.1884,5.203436374664307,0.00038235294117647055,8.333333333333334,1300,,,,,,,
,,,8.333333333333334,1300,0.8172049522399902,0.7870036101083032,683.633,,,,
0.1601,5.241633892059326,0.0003088235294117647,8.653846153846153,1350,,,,,,,
,,,8.653846153846153,1350,0.808172345161438,0.7942238267148014,709.57,,,,
0.1517,2.877333879470825,0.00023529411764705883,8.974358974358974,1400,,,,,,,
,,,8.974358974358974,1400,0.9029603004455566,0.8014440433212996,735.3671,,,,
0.1267,0.4210651218891144,0.00016176470588235295,9.294871794871796,1450,,,,,,,
,,,9.294871794871796,1450,0.898687481880188,0.779783393501805,761.3867,,,,
0.103,0.7996833324432373,8.823529411764706e-05,9.615384615384615,1500,,,,,,,
,,,9.615384615384615,1500,0.9037136435508728,0.7978339350180506,787.585,,,,
0.1042,10.330842971801758,1.4705882352941177e-05,9.935897435897436,1550,,,,,,,
,,,9.935897435897436,1550,0.9124693870544434,0.7978339350180506,814.3673,,,,
,,,10.0,1560,,,818.3129,30.428,1.906,2155532378552640.0,0.47920689636316055
