loss,grad_norm,learning_rate,epoch,step,eval_loss,eval_accuracy,train_runtime,train_samples_per_second,train_steps_per_second,total_flos,train_loss
0.718,1.7190988063812256,1.0000000000000002e-06,0.00641025641025641,1,,,,,,,
0.7097,0.7415914535522461,5e-05,0.32051282051282054,50,,,,,,,
,,,0.32051282051282054,50,0.6917060613632202,0.5270758122743683,18.3402,,,,
0.6934,2.272198438644409,0.0001,0.6410256410256411,100,,,,,,,
,,,0.6410256410256411,100,0.6910644769668579,0.5270758122743683,37.6979,,,,
0.6976,2.036924362182617,0.00015000000000000001,0.9615384615384616,150,,,,,,,
,,,0.9615384615384616,150,0.7011962532997131,0.4729241877256318,56.8593,,,,
0.6987,3.618987798690796,0.0002,1.282051282051282,200,,,,,,,
,,,1.282051282051282,200,0.6932594776153564,0.5270758122743683,75.8597,,,,
0.6977,0.5812419652938843,0.00019264705882352944,1.6025641025641026,250,,,,,,,
,,,1.6025641025641026,250,0.6943082809448242,0.4729241877256318,94.4983,,,,
0.6977,2.1243772506713867,0.00018529411764705883,1.9230769230769231,300,,,,,,,
,,,1.9230769230769231,300,0.6931823492050171,0.4729241877256318,113.2022,,,,
0.6968,1.1659520864486694,0.00017794117647058823,2.2435897435897436,350,,,,,,,
,,,2.2435897435897436,350,0.694689929485321,0.4729241877256318,131.4393,,,,
0.6999,2.0194995403289795,0.00017058823529411766,2.564102564102564,400,,,,,,,
,,,2.564102564102564,400,0.6967408657073975,0.4729241877256318,150.1242,,,,
0.6939,0.4960693418979645,0.00016323529411764706,2.8846153846153846,450,,,,,,,
,,,2.8846153846153846,450,0.695086658000946,0.5270758122743683,168.9869,,,,
0.6964,1.7182952165603638,0.00015588235294117648,3.2051282051282053,500,,,,,,,
,,,3.2051282051282053,500,0.6960262060165405,0.4729241877256318,187.6765,,,,
0.6995,1.1379386186599731,0.00014852941176470588,3.5256410256410255,550,,,,,,,
,,,3.5256410256410255,550,0.6956875920295715,0.4729241877256318,206.2666,,,,
0.6975,1.1754947900772095,0.0001411764705882353,3.8461538461538463,600,,,,,,,
,,,3.8461538461538463,600,0.694175660610199,0.4729241877256318,224.9597,,,,
0.6995,0.718945324420929,0.0001338235294117647,4.166666666666667,650,,,,,,,
,,,4.166666666666667,650,0.6916874051094055,0.5270758122743683,244.0189,,,,
0.6982,1.6615701913833618,0.0001264705882352941,4.487179487179487,700,,,,,,,
,,,4.487179487179487,700,0.6960103511810303,0.4729241877256318,262.6241,,,,
0.6959,2.585151433944702,0.00011911764705882353,4.8076923076923075,750,,,,,,,
,,,4.8076923076923075,750,0.6918005347251892,0.5270758122743683,281.0827,,,,
0.6938,0.4893307089805603,0.00011176470588235294,5.128205128205128,800,,,,,,,
,,,5.128205128205128,800,0.6921147108078003,0.5270758122743683,299.8222,,,,
0.7014,1.2171226739883423,0.00010441176470588237,5.448717948717949,850,,,,,,,
,,,5.448717948717949,850,0.691982090473175,0.5270758122743683,319.031,,,,
0.6963,3.77074933052063,9.705882352941177e-05,5.769230769230769,900,,,,,,,
,,,5.769230769230769,900,0.6943697929382324,0.4729241877256318,337.7989,,,,
0.6912,1.0966581106185913,8.970588235294118e-05,6.089743589743589,950,,,,,,,
,,,6.089743589743589,950,0.6930301189422607,0.5270758122743683,356.3856,,,,
0.6975,2.1920721530914307,8.23529411764706e-05,6.410256410256411,1000,,,,,,,
,,,6.410256410256411,1000,0.6935747861862183,0.4729241877256318,375.0219,,,,
0.6943,0.9826369285583496,7.500000000000001e-05,6.730769230769231,1050,,,,,,,
,,,6.730769230769231,1050,0.696098804473877,0.4729241877256318,394.2367,,,,
0.6976,2.055363655090332,6.764705882352942e-05,7.051282051282051,1100,,,,,,,
,,,7.051282051282051,1100,0.6935960054397583,0.4729241877256318,413.3871,,,,
0.6924,1.0221308469772339,6.0294117647058825e-05,7.371794871794872,1150,,,,,,,
,,,7.371794871794872,1150,0.6937182545661926,0.4729241877256318,432.63,,,,
0.6948,1.2574337720870972,5.294117647058824e-05,7.6923076923076925,1200,,,,,,,
,,,7.6923076923076925,1200,0.6939903497695923,0.4729241877256318,450.8634,,,,
0.6968,1.119014859199524,4.558823529411765e-05,8.012820512820513,1250,,,,,,,
,,,8.012820512820513,1250,0.6936575174331665,0.4729241877256318,469.6802,,,,
0.6939,1.3922618627548218,3.8235294117647055e-05,8.333333333333334,1300,,,,,,,
,,,8.333333333333334,1300,0.6922010779380798,0.5270758122743683,488.2823,,,,
0.6938,0.5288183689117432,3.0882352941176475e-05,8.653846153846153,1350,,,,,,,
,,,8.653846153846153,1350,0.6924777626991272,0.5270758122743683,506.9266,,,,
0.6935,0.9179903268814087,2.3529411764705884e-05,8.974358974358974,1400,,,,,,,
,,,8.974358974358974,1400,0.6928402781486511,0.5270758122743683,525.4417,,,,
0.6955,0.6587796211242676,1.6176470588235296e-05,9.294871794871796,1450,,,,,,,
,,,9.294871794871796,1450,0.6931838989257812,0.4729241877256318,543.9807,,,,
0.6946,0.5703597664833069,8.823529411764707e-06,9.615384615384615,1500,,,,,,,
,,,9.615384615384615,1500,0.69256591796875,0.5270758122743683,562.8269,,,,
0.6932,0.5321353673934937,1.4705882352941177e-06,9.935897435897436,1550,,,,,,,
,,,9.935897435897436,1550,0.6924325227737427,0.5270758122743683,581.7813,,,,
,,,10.0,1560,,,584.5397,42.598,2.669,2135696326810560.0,0.696565028719413
