loss,grad_norm,learning_rate,epoch,step,eval_loss,eval_accuracy,eval_f1,train_runtime,train_samples_per_second,train_steps_per_second,total_flos,train_loss
0.6928,1.5369442701339722,3.5e-06,0.008695652173913044,1,,,,,,,,
0.6765,1.120622158050537,8.75e-05,0.21739130434782608,25,,,,,,,,
,,,0.21739130434782608,25,0.6317456364631653,0.6838235294117647,0.8122270742358079,9.1885,,,,
0.6345,0.6854475140571594,0.000175,0.43478260869565216,50,,,,,,,,
,,,0.43478260869565216,50,0.6212710738182068,0.6838235294117647,0.8122270742358079,17.7756,,,,
0.6014,1.4145941734313965,0.0002625,0.6521739130434783,75,,,,,,,,
,,,0.6521739130434783,75,0.589974582195282,0.7009803921568627,0.8189910979228486,26.2646,,,,
0.5803,1.338225245475769,0.00035,0.8695652173913043,100,,,,,,,,
,,,0.8695652173913043,100,0.5274185538291931,0.7328431372549019,0.8315301391035548,35.1789,,,,
0.5364,1.6796430349349976,0.0004375,1.0869565217391304,125,,,,,,,,
,,,1.0869565217391304,125,0.44884464144706726,0.7843137254901961,0.8571428571428571,43.9403,,,,
0.4967,1.0071738958358765,0.000525,1.3043478260869565,150,,,,,,,,
,,,1.3043478260869565,150,0.3878207504749298,0.8063725490196079,0.8685524126455907,52.6446,,,,
0.4761,4.678987503051758,0.0006125,1.5217391304347827,175,,,,,,,,
,,,1.5217391304347827,175,0.48417121171951294,0.7696078431372549,0.8517350157728708,61.1803,,,,
0.4094,3.8247036933898926,0.0007,1.7391304347826086,200,,,,,,,,
,,,1.7391304347826086,200,0.430400013923645,0.821078431372549,0.8797364085667215,69.9293,,,,
0.4097,2.15838623046875,0.0006815789473684211,1.9565217391304348,225,,,,,,,,
,,,1.9565217391304348,225,0.3531627357006073,0.8602941176470589,0.8969258589511754,78.7892,,,,
0.3775,0.9764168858528137,0.0006631578947368421,2.1739130434782608,250,,,,,,,,
,,,2.1739130434782608,250,0.30834412574768066,0.8553921568627451,0.8897196261682244,87.5283,,,,
0.328,0.8946066498756409,0.0006447368421052632,2.391304347826087,275,,,,,,,,
,,,2.391304347826087,275,0.31397101283073425,0.8553921568627451,0.8981001727115717,95.9018,,,,
0.3399,3.620025873184204,0.0006263157894736842,2.608695652173913,300,,,,,,,,
,,,2.608695652173913,300,0.37334996461868286,0.8333333333333334,0.8877887788778879,104.4211,,,,
0.3392,2.947542190551758,0.0006078947368421053,2.8260869565217392,325,,,,,,,,
,,,2.8260869565217392,325,0.31058454513549805,0.8602941176470589,0.9035532994923857,113.4007,,,,
0.3329,1.2661309242248535,0.0005894736842105263,3.0434782608695654,350,,,,,,,,
,,,3.0434782608695654,350,0.35031771659851074,0.8627450980392157,0.9060402684563759,122.1382,,,,
0.2781,1.9811702966690063,0.0005710526315789473,3.260869565217391,375,,,,,,,,
,,,3.260869565217391,375,0.3292456567287445,0.8774509803921569,0.9146757679180888,130.9132,,,,
0.2477,1.4075067043304443,0.0005526315789473684,3.4782608695652173,400,,,,,,,,
,,,3.4782608695652173,400,0.3305424451828003,0.8700980392156863,0.909710391822828,139.3639,,,,
0.2989,3.3633852005004883,0.0005342105263157895,3.6956521739130435,425,,,,,,,,
,,,3.6956521739130435,425,0.28606632351875305,0.8676470588235294,0.9075342465753423,148.4255,,,,
0.2531,2.4211559295654297,0.0005157894736842105,3.9130434782608696,450,,,,,,,,
,,,3.9130434782608696,450,0.3019808530807495,0.8700980392156863,0.9106239460370995,157.4309,,,,
0.2051,0.7572634816169739,0.0004973684210526315,4.130434782608695,475,,,,,,,,
,,,4.130434782608695,475,0.38461095094680786,0.8602941176470589,0.9025641025641027,166.2976,,,,
0.2303,3.4193811416625977,0.00047894736842105264,4.3478260869565215,500,,,,,,,,
,,,4.3478260869565215,500,0.33522680401802063,0.8627450980392157,0.902439024390244,174.8574,,,,
0.1903,3.1322152614593506,0.00046052631578947373,4.565217391304348,525,,,,,,,,
,,,4.565217391304348,525,0.30489739775657654,0.8774509803921569,0.911032028469751,183.7727,,,,
0.1739,1.6762211322784424,0.0004421052631578947,4.782608695652174,550,,,,,,,,
,,,4.782608695652174,550,0.2924249470233917,0.8897058823529411,0.9214659685863874,192.7074,,,,
0.2015,1.7662768363952637,0.0004236842105263158,5.0,575,,,,,,,,
,,,5.0,575,0.30063796043395996,0.8872549019607843,0.9181494661921709,201.3326,,,,
0.1534,1.5154249668121338,0.00040526315789473684,5.217391304347826,600,,,,,,,,
,,,5.217391304347826,600,0.3902154564857483,0.8725490196078431,0.9100346020761245,210.2009,,,,
0.1689,3.1350667476654053,0.0003868421052631579,5.434782608695652,625,,,,,,,,
,,,5.434782608695652,625,0.34426602721214294,0.8774509803921569,0.912280701754386,219.0275,,,,
0.1464,3.9207119941711426,0.0003684210526315789,5.6521739130434785,650,,,,,,,,
,,,5.6521739130434785,650,0.34704911708831787,0.8799019607843137,0.9150779896013865,227.6522,,,,
0.1474,1.5469077825546265,0.00035,5.869565217391305,675,,,,,,,,
,,,5.869565217391305,675,0.372516930103302,0.8774509803921569,0.9134948096885814,236.5611,,,,
0.1169,1.3208670616149902,0.00033157894736842103,6.086956521739131,700,,,,,,,,
,,,6.086956521739131,700,0.39473870396614075,0.8823529411764706,0.9175257731958764,245.4842,,,,
0.1252,1.2011765241622925,0.0003131578947368421,6.304347826086957,725,,,,,,,,
,,,6.304347826086957,725,0.328235924243927,0.8774509803921569,0.912280701754386,254.4458,,,,
0.1508,1.4433224201202393,0.00029473684210526316,6.521739130434782,750,,,,,,,,
,,,6.521739130434782,750,0.31814903020858765,0.8921568627450981,0.9191176470588236,263.0357,,,,
0.1153,0.985854983329773,0.0002763157894736842,6.739130434782608,775,,,,,,,,
,,,6.739130434782608,775,0.44588783383369446,0.8872549019607843,0.9201388888888888,271.7083,,,,
0.0887,0.5496304035186768,0.00025789473684210523,6.956521739130435,800,,,,,,,,
,,,6.956521739130435,800,0.49108392000198364,0.8725490196078431,0.9094076655052264,280.634,,,,
0.081,4.838961601257324,0.00023947368421052632,7.173913043478261,825,,,,,,,,
,,,7.173913043478261,825,0.5247035026550293,0.8799019607843137,0.9129662522202486,289.4634,,,,
0.0709,5.863973617553711,0.00022105263157894735,7.391304347826087,850,,,,,,,,
,,,7.391304347826087,850,0.58060622215271,0.8872549019607843,0.9172661870503597,298.4491,,,,
0.0933,4.1208319664001465,0.00020263157894736842,7.608695652173913,875,,,,,,,,
,,,7.608695652173913,875,0.5701262354850769,0.8700980392156863,0.9065255731922399,307.1369,,,,
0.0996,7.1266961097717285,0.00018421052631578945,7.826086956521739,900,,,,,,,,
,,,7.826086956521739,900,0.4687619209289551,0.8799019607843137,0.9129662522202486,315.7982,,,,
0.0632,1.8050240278244019,0.00016578947368421052,8.043478260869565,925,,,,,,,,
,,,8.043478260869565,925,0.5636879801750183,0.8774509803921569,0.9119718309859154,324.876,,,,
0.065,0.1181478276848793,0.00014736842105263158,8.26086956521739,950,,,,,,,,
,,,8.26086956521739,950,0.558422863483429,0.8725490196078431,0.9090909090909091,333.9733,,,,
0.0708,3.9340808391571045,0.00012894736842105261,8.478260869565217,975,,,,,,,,
,,,8.478260869565217,975,0.5478240847587585,0.8725490196078431,0.9078014184397164,342.9787,,,,
0.0601,0.46268174052238464,0.00011052631578947368,8.695652173913043,1000,,,,,,,,
,,,8.695652173913043,1000,0.6048962473869324,0.875,0.9113043478260869,351.6878,,,,
0.0395,0.5814985632896423,9.210526315789473e-05,8.91304347826087,1025,,,,,,,,
,,,8.91304347826087,1025,0.6150760054588318,0.8725490196078431,0.9068100358422939,360.9187,,,,
0.0672,0.40227752923965454,7.368421052631579e-05,9.130434782608695,1050,,,,,,,,
,,,9.130434782608695,1050,0.6121652126312256,0.8799019607843137,0.9135802469135803,369.5052,,,,
0.0502,0.16138918697834015,5.526315789473684e-05,9.347826086956522,1075,,,,,,,,
,,,9.347826086956522,1075,0.5984346270561218,0.8799019607843137,0.913884007029877,378.5056,,,,
0.0429,0.44185131788253784,3.6842105263157895e-05,9.565217391304348,1100,,,,,,,,
,,,9.565217391304348,1100,0.6171601414680481,0.8774509803921569,0.9119718309859154,387.4357,,,,
0.0648,0.49881067872047424,1.8421052631578947e-05,9.782608695652174,1125,,,,,,,,
,,,9.782608695652174,1125,0.5998843312263489,0.8799019607843137,0.9135802469135803,396.113,,,,
0.0479,12.267704010009766,0.0,10.0,1150,,,,,,,,
,,,10.0,1150,0.5989072322845459,0.8799019607843137,0.9135802469135803,405.1263,,,,
,,,10.0,1150,,,,404.7754,90.618,2.841,1540372717279872.0,0.2336429222252058
