loss,grad_norm,learning_rate,epoch,step,eval_loss,eval_accuracy,eval_f1,train_runtime,train_samples_per_second,train_steps_per_second,total_flos,train_loss
1.1838,4.286464214324951,2e-05,0.0625,1,,,,,,,,
1.0714,2.903992176055908,0.0002,0.625,10,,,,,,,,
,,,0.625,10,0.9946483969688416,0.4107142857142857,0.1940928270042194,4.3949,,,,
0.9188,3.007765054702759,0.0004,1.25,20,,,,,,,,
,,,1.25,20,0.9096043705940247,0.5,0.30821730821730825,8.4393,,,,
0.8607,2.6465587615966797,0.0006,1.875,30,,,,,,,,
,,,1.875,30,0.8456761240959167,0.6964285714285714,0.4792779049071956,12.3218,,,,
0.8126,1.5732930898666382,0.0008,2.5,40,,,,,,,,
,,,2.5,40,0.7502685785293579,0.6785714285714286,0.47478301665493783,16.1508,,,,
0.5792,1.4568512439727783,0.001,3.125,50,,,,,,,,
,,,3.125,50,0.5939412713050842,0.75,0.5250591016548464,20.1138,,,,
0.5137,1.2418204545974731,0.0009629629629629629,3.75,60,,,,,,,,
,,,3.75,60,0.3634963035583496,0.8035714285714286,0.5614657210401891,24.0978,,,,
0.2672,7.720155715942383,0.000925925925925926,4.375,70,,,,,,,,
,,,4.375,70,0.6861134767532349,0.8214285714285714,0.6772727272727272,27.8357,,,,
0.128,0.34029659628868103,0.0008888888888888888,5.0,80,,,,,,,,
,,,5.0,80,0.2582862079143524,0.8571428571428571,0.7040229885057472,31.7261,,,,
0.081,0.663318932056427,0.0008518518518518519,5.625,90,,,,,,,,
,,,5.625,90,0.2429589480161667,0.9464285714285714,0.960723912206392,35.9308,,,,
0.0536,4.663446426391602,0.0008148148148148148,6.25,100,,,,,,,,
,,,6.25,100,0.3565768599510193,0.9107142857142857,0.8641414141414141,39.6875,,,,
0.0152,0.008164464496076107,0.0007777777777777778,6.875,110,,,,,,,,
,,,6.875,110,0.23554499447345734,0.9107142857142857,0.8650793650793651,43.4977,,,,
0.02,0.5106499195098877,0.0007407407407407407,7.5,120,,,,,,,,
,,,7.5,120,0.10507700592279434,0.9642857142857143,0.9736024844720497,47.0604,,,,
0.0038,0.0028926199302077293,0.0007037037037037038,8.125,130,,,,,,,,
,,,8.125,130,0.26953285932540894,0.9464285714285714,0.9369401562797789,51.1075,,,,
0.0194,0.1325507014989853,0.0006666666666666666,8.75,140,,,,,,,,
,,,8.75,140,0.08921313285827637,0.9285714285714286,0.9177522349936144,55.3957,,,,
0.0272,0.009366759099066257,0.0006296296296296296,9.375,150,,,,,,,,
,,,9.375,150,0.2169259488582611,0.9464285714285714,0.960723912206392,59.3533,,,,
0.0042,0.0028193043544888496,0.0005925925925925926,10.0,160,,,,,,,,
,,,10.0,160,0.13630901277065277,0.9642857142857143,0.9737654320987654,63.2192,,,,
0.0001,0.0012616791063919663,0.0005555555555555556,10.625,170,,,,,,,,
,,,10.625,170,0.22082354128360748,0.9464285714285714,0.9302091206853111,67.411,,,,
0.0008,0.1182120218873024,0.0005185185185185185,11.25,180,,,,,,,,
,,,11.25,180,0.25506529211997986,0.9464285714285714,0.9302091206853111,71.2853,,,,
0.0003,0.009712396189570427,0.00048148148148148144,11.875,190,,,,,,,,
,,,11.875,190,0.24996624886989594,0.9285714285714286,0.8780766852195424,75.4633,,,,
0.0003,0.0002406358253210783,0.0004444444444444444,12.5,200,,,,,,,,
,,,12.5,200,0.24505998194217682,0.9464285714285714,0.9302091206853111,79.2366,,,,
0.0008,0.00019334947864990681,0.0004074074074074074,13.125,210,,,,,,,,
,,,13.125,210,0.24611353874206543,0.9464285714285714,0.9302091206853111,83.1045,,,,
0.0002,0.0027555746491998434,0.00037037037037037035,13.75,220,,,,,,,,
,,,13.75,220,0.21730811893939972,0.9285714285714286,0.8940572455397254,87.3959,,,,
0.0,0.0003761564439628273,0.0003333333333333333,14.375,230,,,,,,,,
,,,14.375,230,0.22988449037075043,0.9464285714285714,0.9369401562797789,91.5156,,,,
0.0002,0.0005313957226462662,0.0002962962962962963,15.0,240,,,,,,,,
,,,15.0,240,0.21569140255451202,0.9464285714285714,0.9369401562797789,95.2956,,,,
0.0001,0.0055031124502420425,0.00025925925925925926,15.625,250,,,,,,,,
,,,15.625,250,0.19989903271198273,0.9464285714285714,0.9369401562797789,99.23,,,,
0.0,0.03230811655521393,0.0002222222222222222,16.25,260,,,,,,,,
,,,16.25,260,0.19121141731739044,0.9464285714285714,0.9369401562797789,103.2828,,,,
0.0001,0.000697429059073329,0.00018518518518518518,16.875,270,,,,,,,,
,,,16.875,270,0.18454670906066895,0.9464285714285714,0.9369401562797789,107.2768,,,,
0.0001,0.03613651171326637,0.00014814814814814815,17.5,280,,,,,,,,
,,,17.5,280,0.18126069009304047,0.9464285714285714,0.9369401562797789,111.4713,,,,
0.0001,0.0005018138326704502,0.0001111111111111111,18.125,290,,,,,,,,
,,,18.125,290,0.17840471863746643,0.9464285714285714,0.9369401562797789,115.3034,,,,
0.0001,0.0005083268042653799,7.407407407407407e-05,18.75,300,,,,,,,,
,,,18.75,300,0.1744544506072998,0.9642857142857143,0.9737654320987654,119.4734,,,,
0.0001,0.00025298516266047955,3.7037037037037037e-05,19.375,310,,,,,,,,
,,,19.375,310,0.1734614074230194,0.9642857142857143,0.9737654320987654,123.1145,,,,
0.0001,0.027897614985704422,0.0,20.0,320,,,,,,,,
,,,20.0,320,0.17356932163238525,0.9642857142857143,0.9737654320987654,127.1307,,,,
,,,20.0,320,,,,126.5842,39.499,2.528,453010991768640.0,0.16845537732624508
