loss,grad_norm,learning_rate,epoch,step,eval_loss,eval_accuracy,eval_f1,train_runtime,train_samples_per_second,train_steps_per_second,total_flos,train_loss
1.1672,4.064709186553955,2.0000000000000002e-07,0.0625,1,,,,,,,,
1.1405,5.455153465270996,2.0000000000000003e-06,0.625,10,,,,,,,,
,,,0.625,10,1.124426007270813,0.4107142857142857,0.1940928270042194,5.8193,,,,
1.1051,4.222944259643555,4.000000000000001e-06,1.25,20,,,,,,,,
,,,1.25,20,1.1013644933700562,0.4107142857142857,0.1940928270042194,11.5331,,,,
1.0782,3.8597514629364014,6e-06,1.875,30,,,,,,,,
,,,1.875,30,1.0610567331314087,0.4107142857142857,0.1940928270042194,17.0164,,,,
1.0053,3.693528890609741,8.000000000000001e-06,2.5,40,,,,,,,,
,,,2.5,40,0.9849052429199219,0.4107142857142857,0.1940928270042194,22.458,,,,
0.9241,5.684493064880371,1e-05,3.125,50,,,,,,,,
,,,3.125,50,0.8725013732910156,0.625,0.43543123543123535,27.9911,,,,
0.823,4.575864315032959,1.2e-05,3.75,60,,,,,,,,
,,,3.75,60,0.7912639379501343,0.6785714285714286,0.47391812865497074,33.6236,,,,
0.6419,7.134864807128906,1.4e-05,4.375,70,,,,,,,,
,,,4.375,70,0.7814310789108276,0.6785714285714286,0.47391812865497074,38.9893,,,,
0.6076,9.346643447875977,1.6000000000000003e-05,5.0,80,,,,,,,,
,,,5.0,80,0.697216808795929,0.7142857142857143,0.49976359338061477,44.4459,,,,
0.4388,7.533146381378174,1.8e-05,5.625,90,,,,,,,,
,,,5.625,90,0.6115336418151855,0.7857142857142857,0.5483193277310924,50.3923,,,,
0.3323,2.618281364440918,2e-05,6.25,100,,,,,,,,
,,,6.25,100,0.4944704473018646,0.8214285714285714,0.5725768321513002,55.7706,,,,
0.1863,16.205244064331055,1.9090909090909094e-05,6.875,110,,,,,,,,
,,,6.875,110,0.4755403399467468,0.8035714285714286,0.5603197674418604,61.2056,,,,
0.1887,13.557920455932617,1.8181818181818182e-05,7.5,120,,,,,,,,
,,,7.5,120,0.4138563573360443,0.8214285714285714,0.5735930735930737,66.2257,,,,
0.1019,11.050138473510742,1.7272727272727274e-05,8.125,130,,,,,,,,
,,,8.125,130,0.4209609627723694,0.875,0.7874149659863946,71.9512,,,,
0.065,1.9228065013885498,1.6363636363636366e-05,8.75,140,,,,,,,,
,,,8.75,140,0.4580768644809723,0.8571428571428571,0.7886279039917854,78.0232,,,,
0.0986,0.5113816857337952,1.5454545454545454e-05,9.375,150,,,,,,,,
,,,9.375,150,0.36681607365608215,0.9107142857142857,0.9044113450893111,83.5316,,,,
0.0146,0.1422841101884842,1.4545454545454546e-05,10.0,160,,,,,,,,
,,,10.0,160,0.3958776593208313,0.8928571428571429,0.849744503862151,89.0546,,,,
0.0154,0.13615702092647552,1.3636363636363637e-05,10.625,170,,,,,,,,
,,,10.625,170,0.28285089135169983,0.9107142857142857,0.9036924462456377,94.9491,,,,
0.0105,0.07650122791528702,1.2727272727272728e-05,11.25,180,,,,,,,,
,,,11.25,180,0.533475935459137,0.9107142857142857,0.9038945268453465,100.3903,,,,
0.0111,0.06122090667486191,1.181818181818182e-05,11.875,190,,,,,,,,
,,,11.875,190,0.30905383825302124,0.9464285714285714,0.960233918128655,106.3133,,,,
0.0024,0.044546958059072495,1.0909090909090909e-05,12.5,200,,,,,,,,
,,,12.5,200,0.38332369923591614,0.8928571428571429,0.849744503862151,111.6844,,,,
0.0022,0.03134556859731674,1e-05,13.125,210,,,,,,,,
,,,13.125,210,0.35621127486228943,0.8928571428571429,0.849744503862151,117.155,,,,
0.0019,0.05962177738547325,9.090909090909091e-06,13.75,220,,,,,,,,
,,,13.75,220,0.3102714419364929,0.9464285714285714,0.960723912206392,123.1744,,,,
0.0018,0.035151440650224686,8.181818181818183e-06,14.375,230,,,,,,,,
,,,14.375,230,0.3033830523490906,0.9107142857142857,0.9342359767891683,129.0577,,,,
0.0017,0.07077804952859879,7.272727272727273e-06,15.0,240,,,,,,,,
,,,15.0,240,0.3142276406288147,0.9107142857142857,0.9342359767891683,134.4271,,,,
0.0015,0.02367996983230114,6.363636363636364e-06,15.625,250,,,,,,,,
,,,15.625,250,0.3165571987628937,0.9107142857142857,0.9342359767891683,139.964,,,,
0.0014,0.02461760863661766,5.4545454545454545e-06,16.25,260,,,,,,,,
,,,16.25,260,0.318613737821579,0.9107142857142857,0.9342359767891683,145.7804,,,,
0.0014,0.026537932455539703,4.5454545454545455e-06,16.875,270,,,,,,,,
,,,16.875,270,0.3206290602684021,0.9107142857142857,0.9342359767891683,151.4049,,,,
0.0014,0.029478734359145164,3.6363636363636366e-06,17.5,280,,,,,,,,
,,,17.5,280,0.3216584324836731,0.9107142857142857,0.9342359767891683,157.3506,,,,
0.0013,0.029154516756534576,2.7272727272727272e-06,18.125,290,,,,,,,,
,,,18.125,290,0.3231220841407776,0.9107142857142857,0.9342359767891683,162.7876,,,,
0.0013,0.01929621212184429,1.8181818181818183e-06,18.75,300,,,,,,,,
,,,18.75,300,0.3241879343986511,0.9107142857142857,0.9342359767891683,168.6938,,,,
0.0013,0.02458035759627819,9.090909090909091e-07,19.375,310,,,,,,,,
,,,19.375,310,0.32484498620033264,0.9107142857142857,0.9342359767891683,173.8095,,,,
0.0013,0.025321826338768005,0.0,20.0,320,,,,,,,,
,,,20.0,320,0.3250364363193512,0.9107142857142857,0.9342359767891683,179.5813,,,,
,,,20.0,320,,,,179.1953,27.903,1.786,446840583950880.0,0.275380753990612
