loss,grad_norm,learning_rate,epoch,step,eval_loss,eval_accuracy,eval_f1,train_runtime,train_samples_per_second,train_steps_per_second,total_flos,train_loss
0.6801,0.5893138647079468,2.5e-06,0.004347826086956522,1,,,,,,,,
0.7113,0.8571441769599915,6.25e-05,0.10869565217391304,25,,,,,,,,
,,,0.10869565217391304,25,0.6543071866035461,0.6838235294117647,0.8122270742358079,6.2468,,,,
0.6619,1.6016638278961182,0.000125,0.21739130434782608,50,,,,,,,,
,,,0.21739130434782608,50,0.6235641241073608,0.6838235294117647,0.8122270742358079,11.877,,,,
0.6375,2.4928879737854004,0.0001875,0.32608695652173914,75,,,,,,,,
,,,0.32608695652173914,75,0.6160638332366943,0.6838235294117647,0.8122270742358079,17.7418,,,,
0.6353,1.2759367227554321,0.00025,0.43478260869565216,100,,,,,,,,
,,,0.43478260869565216,100,0.5938180088996887,0.6985294117647058,0.8183161004431315,23.3769,,,,
0.5814,3.6330747604370117,0.0003125,0.5434782608695652,125,,,,,,,,
,,,0.5434782608695652,125,0.5489155650138855,0.7132352941176471,0.8240601503759398,29.1805,,,,
0.5524,17.982357025146484,0.000375,0.6521739130434783,150,,,,,,,,
,,,0.6521739130434783,150,0.49806317687034607,0.7598039215686274,0.8039999999999999,34.8166,,,,
0.5536,8.050164222717285,0.0004375,0.7608695652173914,175,,,,,,,,
,,,0.7608695652173914,175,0.4677189886569977,0.7916666666666666,0.853195164075993,40.7173,,,,
0.5028,4.7322797775268555,0.0005,0.8695652173913043,200,,,,,,,,
,,,0.8695652173913043,200,0.5750277042388916,0.7622549019607843,0.847244094488189,46.5103,,,,
0.5695,6.625883102416992,0.0004940476190476191,0.9782608695652174,225,,,,,,,,
,,,0.9782608695652174,225,0.503899872303009,0.7794117647058824,0.82,52.2288,,,,
0.4968,4.334406852722168,0.0004880952380952381,1.0869565217391304,250,,,,,,,,
,,,1.0869565217391304,250,0.4669538736343384,0.8259803921568627,0.8814691151919867,57.8667,,,,
0.4778,7.759006977081299,0.00048214285714285715,1.1956521739130435,275,,,,,,,,
,,,1.1956521739130435,275,0.40616920590400696,0.8161764705882353,0.8776508972267536,63.5775,,,,
0.4471,10.13925552368164,0.0004761904761904762,1.3043478260869565,300,,,,,,,,
,,,1.3043478260869565,300,0.44834253191947937,0.8308823529411765,0.8840336134453781,69.4413,,,,
0.4221,6.9372124671936035,0.00047023809523809523,1.4130434782608696,325,,,,,,,,
,,,1.4130434782608696,325,0.383139967918396,0.8382352941176471,0.8791208791208791,75.1249,,,,
0.4608,22.347929000854492,0.00046428571428571433,1.5217391304347827,350,,,,,,,,
,,,1.5217391304347827,350,0.4640366733074188,0.8357843137254902,0.8854700854700854,80.9188,,,,
0.4377,4.968922138214111,0.0004583333333333333,1.6304347826086958,375,,,,,,,,
,,,1.6304347826086958,375,0.36438795924186707,0.8357843137254902,0.8775137111517367,86.5733,,,,
0.363,10.44418716430664,0.00045238095238095237,1.7391304347826086,400,,,,,,,,
,,,1.7391304347826086,400,0.41648074984550476,0.8480392156862745,0.89198606271777,92.2673,,,,
0.4232,7.292235851287842,0.00044642857142857147,1.8478260869565217,425,,,,,,,,
,,,1.8478260869565217,425,0.368488609790802,0.8357843137254902,0.8885191347753744,98.1101,,,,
0.3891,25.066089630126953,0.00044047619047619046,1.9565217391304348,450,,,,,,,,
,,,1.9565217391304348,450,0.4270550608634949,0.8382352941176471,0.8749999999999999,103.9256,,,,
0.3714,6.570626735687256,0.00043452380952380956,2.0652173913043477,475,,,,,,,,
,,,2.0652173913043477,475,0.4064468741416931,0.8455882352941176,0.8930390492359932,109.5618,,,,
0.3831,6.990729808807373,0.00042857142857142855,2.1739130434782608,500,,,,,,,,
,,,2.1739130434782608,500,0.34219270944595337,0.8651960784313726,0.9033391915641477,115.2778,,,,
0.3673,21.49774169921875,0.00042261904761904765,2.282608695652174,525,,,,,,,,
,,,2.282608695652174,525,0.30955347418785095,0.8627450980392157,0.900709219858156,121.4674,,,,
0.319,8.737834930419922,0.0004166666666666667,2.391304347826087,550,,,,,,,,
,,,2.391304347826087,550,0.3141859471797943,0.8725490196078431,0.9057971014492753,127.1478,,,,
0.3767,10.970268249511719,0.0004107142857142857,2.5,575,,,,,,,,
,,,2.5,575,0.40743255615234375,0.8357843137254902,0.8917609046849758,132.9025,,,,
0.3302,8.890095710754395,0.0004047619047619048,2.608695652173913,600,,,,,,,,
,,,2.608695652173913,600,0.3764076232910156,0.8651960784313726,0.9066213921901529,138.7033,,,,
0.3143,10.254382133483887,0.00039880952380952383,2.717391304347826,625,,,,,,,,
,,,2.717391304347826,625,0.3809150159358978,0.8553921568627451,0.9001692047377327,144.5366,,,,
0.4465,8.584461212158203,0.0003928571428571429,2.8260869565217392,650,,,,,,,,
,,,2.8260869565217392,650,0.33210882544517517,0.8553921568627451,0.9008403361344538,150.444,,,,
0.3438,17.75054931640625,0.0003869047619047619,2.9347826086956523,675,,,,,,,,
,,,2.9347826086956523,675,0.3702608346939087,0.8480392156862745,0.8896797153024911,156.2661,,,,
0.3198,15.157669067382812,0.00038095238095238096,3.0434782608695654,700,,,,,,,,
,,,3.0434782608695654,700,0.4302918016910553,0.8651960784313726,0.9043478260869565,161.8694,,,,
0.3471,11.403393745422363,0.000375,3.1521739130434785,725,,,,,,,,
,,,3.1521739130434785,725,0.4448436200618744,0.8480392156862745,0.8931034482758621,167.6295,,,,
0.3434,9.192567825317383,0.00036904761904761905,3.260869565217391,750,,,,,,,,
,,,3.260869565217391,750,0.5124536156654358,0.8431372549019608,0.893687707641196,173.4571,,,,
0.3019,11.637048721313477,0.0003630952380952381,3.369565217391304,775,,,,,,,,
,,,3.369565217391304,775,0.3631732761859894,0.8578431372549019,0.8993055555555555,179.09,,,,
0.3034,21.395599365234375,0.00035714285714285714,3.4782608695652173,800,,,,,,,,
,,,3.4782608695652173,800,0.5051051378250122,0.8406862745098039,0.8929159802306424,184.8075,,,,
0.3526,9.105774879455566,0.0003511904761904762,3.5869565217391304,825,,,,,,,,
,,,3.5869565217391304,825,0.3159233629703522,0.8602941176470589,0.8991150442477877,190.6381,,,,
0.3047,15.99461841583252,0.00034523809523809523,3.6956521739130435,850,,,,,,,,
,,,3.6956521739130435,850,0.3618718683719635,0.8627450980392157,0.8992805755395683,196.4488,,,,
0.2829,14.495680809020996,0.00033928571428571433,3.8043478260869565,875,,,,,,,,
,,,3.8043478260869565,875,0.38163840770721436,0.8602941176470589,0.8954128440366973,202.2703,,,,
0.3345,30.364320755004883,0.0003333333333333333,3.9130434782608696,900,,,,,,,,
,,,3.9130434782608696,900,0.3403059244155884,0.8700980392156863,0.9075043630017452,208.0615,,,,
0.3481,25.598255157470703,0.00032738095238095237,4.021739130434782,925,,,,,,,,
,,,4.021739130434782,925,0.33969855308532715,0.8651960784313726,0.9036777583187391,213.7777,,,,
0.2208,5.284461975097656,0.00032142857142857147,4.130434782608695,950,,,,,,,,
,,,4.130434782608695,950,0.4222021698951721,0.875,0.9122203098106711,219.574,,,,
0.2751,33.95895004272461,0.00031547619047619046,4.239130434782608,975,,,,,,,,
,,,4.239130434782608,975,0.5042275190353394,0.8333333333333334,0.8862876254180602,225.3005,,,,
0.3129,4.624786376953125,0.00030952380952380956,4.3478260869565215,1000,,,,,,,,
,,,4.3478260869565215,1000,0.4035203158855438,0.8578431372549019,0.9006849315068494,231.0548,,,,
0.2909,9.996681213378906,0.00030357142857142855,4.456521739130435,1025,,,,,,,,
,,,4.456521739130435,1025,0.3441733121871948,0.8627450980392157,0.900709219858156,237.4602,,,,
0.2247,21.540081024169922,0.00029761904761904765,4.565217391304348,1050,,,,,,,,
,,,4.565217391304348,1050,0.4673699140548706,0.8627450980392157,0.9044368600682594,243.3547,,,,
0.212,4.801689624786377,0.0002916666666666667,4.673913043478261,1075,,,,,,,,
,,,4.673913043478261,1075,0.4242725670337677,0.8578431372549019,0.8999999999999999,249.105,,,,
0.1949,1.0383002758026123,0.0002857142857142857,4.782608695652174,1100,,,,,,,,
,,,4.782608695652174,1100,0.5460737347602844,0.8700980392156863,0.9075043630017452,254.9854,,,,
0.2554,10.08247184753418,0.0002797619047619048,4.891304347826087,1125,,,,,,,,
,,,4.891304347826087,1125,0.33617258071899414,0.8774509803921569,0.911032028469751,260.7624,,,,
0.2446,0.2777225077152252,0.0002738095238095238,5.0,1150,,,,,,,,
,,,5.0,1150,0.3210303485393524,0.875,0.9097345132743363,266.6299,,,,
0.1953,3.527885913848877,0.00026785714285714287,5.108695652173913,1175,,,,,,,,
,,,5.108695652173913,1175,0.3886972963809967,0.8774509803921569,0.912280701754386,272.3058,,,,
0.2083,6.195425033569336,0.0002619047619047619,5.217391304347826,1200,,,,,,,,
,,,5.217391304347826,1200,0.41262492537498474,0.8774509803921569,0.9131944444444444,278.1252,,,,
0.2038,19.42589569091797,0.00025595238095238096,5.326086956521739,1225,,,,,,,,
,,,5.326086956521739,1225,0.36868780851364136,0.8700980392156863,0.9055258467023173,283.9484,,,,
0.2681,3.764777898788452,0.00025,5.434782608695652,1250,,,,,,,,
,,,5.434782608695652,1250,0.31755363941192627,0.8725490196078431,0.9084507042253521,289.6405,,,,
0.2578,42.02975845336914,0.00024404761904761905,5.543478260869565,1275,,,,,,,,
,,,5.543478260869565,1275,0.5068418979644775,0.8725490196078431,0.9084507042253521,295.4731,,,,
0.2282,16.4800968170166,0.0002380952380952381,5.6521739130434785,1300,,,,,,,,
,,,5.6521739130434785,1300,0.3946392238140106,0.8725490196078431,0.9084507042253521,301.2208,,,,
0.1987,10.884777069091797,0.00023214285714285717,5.760869565217392,1325,,,,,,,,
,,,5.760869565217392,1325,0.4650551974773407,0.8725490196078431,0.9081272084805654,307.1608,,,,
0.2483,13.832419395446777,0.00022619047619047618,5.869565217391305,1350,,,,,,,,
,,,5.869565217391305,1350,0.38645103573799133,0.8823529411764706,0.9151943462897526,312.9807,,,,
0.2276,7.849353313446045,0.00022023809523809523,5.978260869565218,1375,,,,,,,,
,,,5.978260869565218,1375,0.32121819257736206,0.8700980392156863,0.9071803852889667,318.9294,,,,
0.1288,25.264236450195312,0.00021428571428571427,6.086956521739131,1400,,,,,,,,
,,,6.086956521739131,1400,0.6180176138877869,0.8529411764705882,0.8983050847457628,324.6817,,,,
0.2314,6.238607883453369,0.00020833333333333335,6.195652173913044,1425,,,,,,,,
,,,6.195652173913044,1425,0.4814339578151703,0.8823529411764706,0.9148936170212766,330.6502,,,,
0.1788,7.009598731994629,0.0002023809523809524,6.304347826086957,1450,,,,,,,,
,,,6.304347826086957,1450,0.43480896949768066,0.8651960784313726,0.8979591836734695,336.4204,,,,
0.2315,5.458429336547852,0.00019642857142857144,6.413043478260869,1475,,,,,,,,
,,,6.413043478260869,1475,0.446391761302948,0.8725490196078431,0.9106529209621993,342.2076,,,,
0.2473,2.516514539718628,0.00019047619047619048,6.521739130434782,1500,,,,,,,,
,,,6.521739130434782,1500,0.40917152166366577,0.8799019607843137,0.9135802469135803,348.0589,,,,
0.165,32.716651916503906,0.00018452380952380953,6.630434782608695,1525,,,,,,,,
,,,6.630434782608695,1525,0.43733593821525574,0.8774509803921569,0.9125874125874125,354.8071,,,,
0.1889,1.5956858396530151,0.00017857142857142857,6.739130434782608,1550,,,,,,,,
,,,6.739130434782608,1550,0.4393153488636017,0.8823529411764706,0.9151943462897526,360.6029,,,,
0.2068,31.62308692932129,0.00017261904761904762,6.8478260869565215,1575,,,,,,,,
,,,6.8478260869565215,1575,0.5241068005561829,0.8799019607843137,0.9147826086956522,366.3785,,,,
0.2351,21.289365768432617,0.00016666666666666666,6.956521739130435,1600,,,,,,,,
,,,6.956521739130435,1600,0.545473575592041,0.8848039215686274,0.9182608695652175,372.2439,,,,
0.1827,67.01275634765625,0.00016071428571428573,7.065217391304348,1625,,,,,,,,
,,,7.065217391304348,1625,0.5849834680557251,0.8823529411764706,0.9172413793103448,377.9058,,,,
0.1793,18.713394165039062,0.00015476190476190478,7.173913043478261,1650,,,,,,,,
,,,7.173913043478261,1650,0.5635740160942078,0.8774509803921569,0.9125874125874125,383.6044,,,,
0.1694,7.517434597015381,0.00014880952380952382,7.282608695652174,1675,,,,,,,,
,,,7.282608695652174,1675,0.5285583138465881,0.8799019607843137,0.915951972555746,389.4254,,,,
0.1864,23.13745880126953,0.00014285714285714284,7.391304347826087,1700,,,,,,,,
,,,7.391304347826087,1700,0.5673702955245972,0.8774509803921569,0.9134948096885814,395.2641,,,,
0.1706,22.603097915649414,0.0001369047619047619,7.5,1725,,,,,,,,
,,,7.5,1725,0.5867182612419128,0.8799019607843137,0.9117117117117116,401.2155,,,,
0.2078,8.21314811706543,0.00013095238095238096,7.608695652173913,1750,,,,,,,,
,,,7.608695652173913,1750,0.4771251976490021,0.8799019607843137,0.9144851657940662,407.0292,,,,
0.1527,4.5735931396484375,0.000125,7.717391304347826,1775,,,,,,,,
,,,7.717391304347826,1775,0.5446601510047913,0.8774509803921569,0.9140893470790378,412.937,,,,
0.1628,21.4140682220459,0.00011904761904761905,7.826086956521739,1800,,,,,,,,
,,,7.826086956521739,1800,0.542259156703949,0.8725490196078431,0.9078014184397164,418.7197,,,,
0.1306,5.465541839599609,0.00011309523809523809,7.934782608695652,1825,,,,,,,,
,,,7.934782608695652,1825,0.5274173021316528,0.8725490196078431,0.9081272084805654,424.7184,,,,
0.3453,50.144901275634766,0.00010714285714285714,8.043478260869565,1850,,,,,,,,
,,,8.043478260869565,1850,0.5083596706390381,0.8725490196078431,0.9100346020761245,430.4598,,,,
0.122,4.74146842956543,0.0001011904761904762,8.152173913043478,1875,,,,,,,,
,,,8.152173913043478,1875,0.4691651165485382,0.8774509803921569,0.912280701754386,436.2728,,,,
0.1294,0.04318435862660408,9.523809523809524e-05,8.26086956521739,1900,,,,,,,,
,,,8.26086956521739,1900,0.5015437006950378,0.8823529411764706,0.915492957746479,442.2053,,,,
0.1133,7.781546592712402,8.928571428571429e-05,8.369565217391305,1925,,,,,,,,
,,,8.369565217391305,1925,0.5298911929130554,0.8799019607843137,0.9147826086956522,448.0378,,,,
0.123,26.329639434814453,8.333333333333333e-05,8.478260869565217,1950,,,,,,,,
,,,8.478260869565217,1950,0.588690996170044,0.8823529411764706,0.915492957746479,453.9677,,,,
0.1428,46.950260162353516,7.738095238095239e-05,8.58695652173913,1975,,,,,,,,
,,,8.58695652173913,1975,0.641650378704071,0.8799019607843137,0.915951972555746,459.6612,,,,
0.2188,36.90081787109375,7.142857142857142e-05,8.695652173913043,2000,,,,,,,,
,,,8.695652173913043,2000,0.5636473894119263,0.8848039215686274,0.9176882661996497,465.4714,,,,
0.1322,45.18353271484375,6.547619047619048e-05,8.804347826086957,2025,,,,,,,,
,,,8.804347826086957,2025,0.5706241726875305,0.8848039215686274,0.9171075837742505,471.7978,,,,
0.1983,23.784393310546875,5.9523809523809524e-05,8.91304347826087,2050,,,,,,,,
,,,8.91304347826087,2050,0.5952811241149902,0.8848039215686274,0.9173989455184535,477.6502,,,,
0.1119,32.22317123413086,5.357142857142857e-05,9.021739130434783,2075,,,,,,,,
,,,9.021739130434783,2075,0.5737935900688171,0.8823529411764706,0.916083916083916,483.3213,,,,
0.1115,2.4832050800323486,4.761904761904762e-05,9.130434782608695,2100,,,,,,,,
,,,9.130434782608695,2100,0.5726461410522461,0.8823529411764706,0.9148936170212766,489.0813,,,,
0.1625,3.0035500526428223,4.1666666666666665e-05,9.23913043478261,2125,,,,,,,,
,,,9.23913043478261,2125,0.5620076656341553,0.8872549019607843,0.9184397163120569,494.9314,,,,
0.1297,28.739105224609375,3.571428571428571e-05,9.347826086956522,2150,,,,,,,,
,,,9.347826086956522,2150,0.5870633721351624,0.875,0.9116117850953207,500.7035,,,,
0.145,1.396907925605774,2.9761904761904762e-05,9.456521739130435,2175,,,,,,,,
,,,9.456521739130435,2175,0.5598623156547546,0.875,0.9113043478260869,506.6175,,,,
0.0918,2.05188250541687,2.380952380952381e-05,9.565217391304348,2200,,,,,,,,
,,,9.565217391304348,2200,0.5802322626113892,0.875,0.9116117850953207,512.3735,,,,
0.1026,40.38093948364258,1.7857142857142855e-05,9.673913043478262,2225,,,,,,,,
,,,9.673913043478262,2225,0.5867683291435242,0.8848039215686274,0.9176882661996497,518.1874,,,,
0.1257,0.8039724826812744,1.1904761904761905e-05,9.782608695652174,2250,,,,,,,,
,,,9.782608695652174,2250,0.6025614738464355,0.8774509803921569,0.9128919860627178,524.0117,,,,
0.159,2.9196102619171143,5.9523809523809525e-06,9.891304347826086,2275,,,,,,,,
,,,9.891304347826086,2275,0.6058298349380493,0.8774509803921569,0.9128919860627178,529.8584,,,,
0.1327,0.03968769684433937,0.0,10.0,2300,,,,,,,,
,,,10.0,2300,0.6078729629516602,0.8774509803921569,0.9128919860627178,535.6638,,,,
,,,10.0,2300,,,,535.2043,68.535,4.297,1452293613147552.0,0.28514711527720743
