loss,grad_norm,learning_rate,epoch,step,eval_loss,eval_accuracy,eval_f1,train_runtime,train_samples_per_second,train_steps_per_second,total_flos,train_loss
0.6859,0.8968190550804138,2.5e-06,0.004347826086956522,1,,,,,,,,
0.6744,3.4634246826171875,6.25e-05,0.10869565217391304,25,,,,,,,,
,,,0.10869565217391304,25,0.6130096316337585,0.6838235294117647,0.8122270742358079,8.2907,,,,
0.6468,4.8523359298706055,0.000125,0.21739130434782608,50,,,,,,,,
,,,0.21739130434782608,50,0.6167987585067749,0.6838235294117647,0.8122270742358079,16.0717,,,,
0.6623,3.0172441005706787,0.0001875,0.32608695652173914,75,,,,,,,,
,,,0.32608695652173914,75,0.6413143873214722,0.6838235294117647,0.8122270742358079,24.0865,,,,
0.644,0.7941055297851562,0.00025,0.43478260869565216,100,,,,,,,,
,,,0.43478260869565216,100,0.6239940524101257,0.6838235294117647,0.8122270742358079,31.8424,,,,
0.6327,2.0924980640411377,0.0003125,0.5434782608695652,125,,,,,,,,
,,,0.5434782608695652,125,0.6851675510406494,0.6838235294117647,0.8122270742358079,39.7594,,,,
0.6817,2.7338037490844727,0.000375,0.6521739130434783,150,,,,,,,,
,,,0.6521739130434783,150,0.6258108019828796,0.6838235294117647,0.8122270742358079,47.5223,,,,
0.6834,2.0206828117370605,0.0004375,0.7608695652173914,175,,,,,,,,
,,,0.7608695652173914,175,0.6246799826622009,0.6838235294117647,0.8122270742358079,55.5656,,,,
0.6616,1.6760903596878052,0.0005,0.8695652173913043,200,,,,,,,,
,,,0.8695652173913043,200,0.6245752573013306,0.6838235294117647,0.8122270742358079,63.4348,,,,
0.6619,0.8200092911720276,0.0004940476190476191,0.9782608695652174,225,,,,,,,,
,,,0.9782608695652174,225,0.6775065660476685,0.6838235294117647,0.8122270742358079,71.219,,,,
0.6774,0.9734819531440735,0.0004880952380952381,1.0869565217391304,250,,,,,,,,
,,,1.0869565217391304,250,0.6246179938316345,0.6838235294117647,0.8122270742358079,78.7889,,,,
0.6335,0.5544065237045288,0.00048214285714285715,1.1956521739130435,275,,,,,,,,
,,,1.1956521739130435,275,0.6964746117591858,0.6838235294117647,0.8122270742358079,86.5763,,,,
0.6339,0.9998743534088135,0.0004761904761904762,1.3043478260869565,300,,,,,,,,
,,,1.3043478260869565,300,0.6241288185119629,0.6838235294117647,0.8122270742358079,94.4042,,,,
0.6473,1.5877232551574707,0.00047023809523809523,1.4130434782608696,325,,,,,,,,
,,,1.4130434782608696,325,0.6373339891433716,0.6838235294117647,0.8122270742358079,102.2295,,,,
0.6573,1.8743144273757935,0.00046428571428571433,1.5217391304347827,350,,,,,,,,
,,,1.5217391304347827,350,0.6356680393218994,0.6838235294117647,0.8122270742358079,110.0772,,,,
0.6247,1.1748161315917969,0.0004583333333333333,1.6304347826086958,375,,,,,,,,
,,,1.6304347826086958,375,0.644352912902832,0.6838235294117647,0.8122270742358079,117.8033,,,,
0.6206,1.2572904825210571,0.00045238095238095237,1.7391304347826086,400,,,,,,,,
,,,1.7391304347826086,400,0.6372480392456055,0.6838235294117647,0.8122270742358079,125.6426,,,,
0.6483,1.939934253692627,0.00044642857142857147,1.8478260869565217,425,,,,,,,,
,,,1.8478260869565217,425,0.6514297127723694,0.6838235294117647,0.8122270742358079,133.5776,,,,
0.6405,0.8790939450263977,0.00044047619047619046,1.9565217391304348,450,,,,,,,,
,,,1.9565217391304348,450,0.6271650791168213,0.6838235294117647,0.8122270742358079,141.5719,,,,
0.6354,0.5716786980628967,0.00043452380952380956,2.0652173913043477,475,,,,,,,,
,,,2.0652173913043477,475,0.6396232843399048,0.6838235294117647,0.8122270742358079,149.0713,,,,
0.6472,0.7230684757232666,0.00042857142857142855,2.1739130434782608,500,,,,,,,,
,,,2.1739130434782608,500,0.649608314037323,0.6838235294117647,0.8122270742358079,156.92,,,,
0.6307,0.8713313341140747,0.00042261904761904765,2.282608695652174,525,,,,,,,,
,,,2.282608695652174,525,0.6242406964302063,0.6838235294117647,0.8122270742358079,173.5258,,,,
0.64,1.293290615081787,0.0004166666666666667,2.391304347826087,550,,,,,,,,
,,,2.391304347826087,550,0.6250820755958557,0.6838235294117647,0.8122270742358079,181.3214,,,,
0.6347,0.7839248776435852,0.0004107142857142857,2.5,575,,,,,,,,
,,,2.5,575,0.6535198092460632,0.6838235294117647,0.8122270742358079,189.318,,,,
0.6601,1.7219091653823853,0.0004047619047619048,2.608695652173913,600,,,,,,,,
,,,2.608695652173913,600,0.6262636184692383,0.6838235294117647,0.8122270742358079,197.344,,,,
0.6498,1.1753984689712524,0.00039880952380952383,2.717391304347826,625,,,,,,,,
,,,2.717391304347826,625,0.6260491013526917,0.6838235294117647,0.8122270742358079,205.4561,,,,
0.6469,1.452513337135315,0.0003928571428571429,2.8260869565217392,650,,,,,,,,
,,,2.8260869565217392,650,0.6259125471115112,0.6838235294117647,0.8122270742358079,213.3939,,,,
0.6259,1.6458731889724731,0.0003869047619047619,2.9347826086956523,675,,,,,,,,
,,,2.9347826086956523,675,0.6255657076835632,0.6838235294117647,0.8122270742358079,221.3315,,,,
0.6503,0.6732319593429565,0.00038095238095238096,3.0434782608695654,700,,,,,,,,
,,,3.0434782608695654,700,0.6307308077812195,0.6838235294117647,0.8122270742358079,228.7991,,,,
0.6297,0.634207010269165,0.000375,3.1521739130434785,725,,,,,,,,
,,,3.1521739130434785,725,0.6269295811653137,0.6838235294117647,0.8122270742358079,236.5402,,,,
0.6263,1.745409607887268,0.00036904761904761905,3.260869565217391,750,,,,,,,,
,,,3.260869565217391,750,0.6268113255500793,0.6838235294117647,0.8122270742358079,244.3719,,,,
0.6517,0.7754168510437012,0.0003630952380952381,3.369565217391304,775,,,,,,,,
,,,3.369565217391304,775,0.6244269609451294,0.6838235294117647,0.8122270742358079,251.9621,,,,
0.6431,0.9357396960258484,0.00035714285714285714,3.4782608695652173,800,,,,,,,,
,,,3.4782608695652173,800,0.6274838447570801,0.6838235294117647,0.8122270742358079,259.7488,,,,
0.6347,0.5520557761192322,0.0003511904761904762,3.5869565217391304,825,,,,,,,,
,,,3.5869565217391304,825,0.6240505576133728,0.6838235294117647,0.8122270742358079,267.6099,,,,
0.6437,1.4475656747817993,0.00034523809523809523,3.6956521739130435,850,,,,,,,,
,,,3.6956521739130435,850,0.6292504072189331,0.6838235294117647,0.8122270742358079,275.5824,,,,
0.6301,1.3741997480392456,0.00033928571428571433,3.8043478260869565,875,,,,,,,,
,,,3.8043478260869565,875,0.6251080632209778,0.6838235294117647,0.8122270742358079,283.4829,,,,
0.6505,0.7030309438705444,0.0003333333333333333,3.9130434782608696,900,,,,,,,,
,,,3.9130434782608696,900,0.626976490020752,0.6838235294117647,0.8122270742358079,291.4047,,,,
0.6776,1.1416057348251343,0.00032738095238095237,4.021739130434782,925,,,,,,,,
,,,4.021739130434782,925,0.6292374730110168,0.6838235294117647,0.8122270742358079,299.0829,,,,
0.6108,0.5225383043289185,0.00032142857142857147,4.130434782608695,950,,,,,,,,
,,,4.130434782608695,950,0.6275660991668701,0.6838235294117647,0.8122270742358079,306.9933,,,,
0.6398,1.4549435377120972,0.00031547619047619046,4.239130434782608,975,,,,,,,,
,,,4.239130434782608,975,0.6257970929145813,0.6838235294117647,0.8122270742358079,314.6581,,,,
0.6363,1.1769757270812988,0.00030952380952380956,4.3478260869565215,1000,,,,,,,,
,,,4.3478260869565215,1000,0.6239599585533142,0.6838235294117647,0.8122270742358079,322.4193,,,,
0.6193,0.5130978226661682,0.00030357142857142855,4.456521739130435,1025,,,,,,,,
,,,4.456521739130435,1025,0.6302012205123901,0.6838235294117647,0.8122270742358079,336.27,,,,
0.6462,0.6753716468811035,0.00029761904761904765,4.565217391304348,1050,,,,,,,,
,,,4.565217391304348,1050,0.6252990961074829,0.6838235294117647,0.8122270742358079,344.078,,,,
0.6601,0.43003132939338684,0.0002916666666666667,4.673913043478261,1075,,,,,,,,
,,,4.673913043478261,1075,0.6242144703865051,0.6838235294117647,0.8122270742358079,351.9246,,,,
0.6357,1.942469835281372,0.0002857142857142857,4.782608695652174,1100,,,,,,,,
,,,4.782608695652174,1100,0.6252344846725464,0.6838235294117647,0.8122270742358079,359.8595,,,,
0.6585,2.5399389266967773,0.0002797619047619048,4.891304347826087,1125,,,,,,,,
,,,4.891304347826087,1125,0.6307625770568848,0.6838235294117647,0.8122270742358079,367.794,,,,
0.625,2.249959707260132,0.0002738095238095238,5.0,1150,,,,,,,,
,,,5.0,1150,0.6245452165603638,0.6838235294117647,0.8122270742358079,375.7387,,,,
0.6541,0.5868794322013855,0.00026785714285714287,5.108695652173913,1175,,,,,,,,
,,,5.108695652173913,1175,0.6239684820175171,0.6838235294117647,0.8122270742358079,383.5327,,,,
0.628,2.7471492290496826,0.0002619047619047619,5.217391304347826,1200,,,,,,,,
,,,5.217391304347826,1200,0.6295310258865356,0.6838235294117647,0.8122270742358079,391.4687,,,,
0.6551,0.7204291820526123,0.00025595238095238096,5.326086956521739,1225,,,,,,,,
,,,5.326086956521739,1225,0.6275776028633118,0.6838235294117647,0.8122270742358079,399.2944,,,,
0.659,0.3698651194572449,0.00025,5.434782608695652,1250,,,,,,,,
,,,5.434782608695652,1250,0.6290265321731567,0.6838235294117647,0.8122270742358079,406.9542,,,,
0.6331,1.8464951515197754,0.00024404761904761905,5.543478260869565,1275,,,,,,,,
,,,5.543478260869565,1275,0.6277686953544617,0.6838235294117647,0.8122270742358079,414.6496,,,,
0.61,1.0794637203216553,0.0002380952380952381,5.6521739130434785,1300,,,,,,,,
,,,5.6521739130434785,1300,0.623958170413971,0.6838235294117647,0.8122270742358079,422.349,,,,
0.6278,2.2791478633880615,0.00023214285714285717,5.760869565217392,1325,,,,,,,,
,,,5.760869565217392,1325,0.6257489323616028,0.6838235294117647,0.8122270742358079,430.2625,,,,
0.618,0.8533754348754883,0.00022619047619047618,5.869565217391305,1350,,,,,,,,
,,,5.869565217391305,1350,0.624100923538208,0.6838235294117647,0.8122270742358079,438.1869,,,,
0.6213,0.6541654467582703,0.00022023809523809523,5.978260869565218,1375,,,,,,,,
,,,5.978260869565218,1375,0.6239602565765381,0.6838235294117647,0.8122270742358079,446.1974,,,,
0.5931,2.2876923084259033,0.00021428571428571427,6.086956521739131,1400,,,,,,,,
,,,6.086956521739131,1400,0.6329266428947449,0.6838235294117647,0.8122270742358079,453.9695,,,,
0.6447,0.9222167134284973,0.00020833333333333335,6.195652173913044,1425,,,,,,,,
,,,6.195652173913044,1425,0.624328076839447,0.6838235294117647,0.8122270742358079,462.0825,,,,
0.6479,0.4108975827693939,0.0002023809523809524,6.304347826086957,1450,,,,,,,,
,,,6.304347826086957,1450,0.6243788003921509,0.6838235294117647,0.8122270742358079,469.8051,,,,
0.6344,0.8095486760139465,0.00019642857142857144,6.413043478260869,1475,,,,,,,,
,,,6.413043478260869,1475,0.6242291927337646,0.6838235294117647,0.8122270742358079,477.6689,,,,
0.662,2.1980137825012207,0.00019047619047619048,6.521739130434782,1500,,,,,,,,
,,,6.521739130434782,1500,0.6240742206573486,0.6838235294117647,0.8122270742358079,485.4066,,,,
0.6181,0.5075677037239075,0.00018452380952380953,6.630434782608695,1525,,,,,,,,
,,,6.630434782608695,1525,0.6239553093910217,0.6838235294117647,0.8122270742358079,507.4794,,,,
0.6281,0.3961367905139923,0.00017857142857142857,6.739130434782608,1550,,,,,,,,
,,,6.739130434782608,1550,0.6247164607048035,0.6838235294117647,0.8122270742358079,515.2394,,,,
0.6446,0.7229570150375366,0.00017261904761904762,6.8478260869565215,1575,,,,,,,,
,,,6.8478260869565215,1575,0.6245588660240173,0.6838235294117647,0.8122270742358079,523.2178,,,,
0.6216,1.3658206462860107,0.00016666666666666666,6.956521739130435,1600,,,,,,,,
,,,6.956521739130435,1600,0.6245684027671814,0.6838235294117647,0.8122270742358079,531.3918,,,,
0.6571,1.3849990367889404,0.00016071428571428573,7.065217391304348,1625,,,,,,,,
,,,7.065217391304348,1625,0.6278877854347229,0.6838235294117647,0.8122270742358079,539.2003,,,,
0.6185,0.3370385766029358,0.00015476190476190478,7.173913043478261,1650,,,,,,,,
,,,7.173913043478261,1650,0.6243962645530701,0.6838235294117647,0.8122270742358079,547.1029,,,,
0.6188,0.7773676514625549,0.00014880952380952382,7.282608695652174,1675,,,,,,,,
,,,7.282608695652174,1675,0.6245073080062866,0.6838235294117647,0.8122270742358079,554.9458,,,,
0.6234,0.9200814962387085,0.00014285714285714284,7.391304347826087,1700,,,,,,,,
,,,7.391304347826087,1700,0.6242775321006775,0.6838235294117647,0.8122270742358079,562.802,,,,
0.6562,0.6388410925865173,0.0001369047619047619,7.5,1725,,,,,,,,
,,,7.5,1725,0.6265689730644226,0.6838235294117647,0.8122270742358079,570.6869,,,,
0.6435,0.37772098183631897,0.00013095238095238096,7.608695652173913,1750,,,,,,,,
,,,7.608695652173913,1750,0.6258804798126221,0.6838235294117647,0.8122270742358079,578.4447,,,,
0.637,0.7314329743385315,0.000125,7.717391304347826,1775,,,,,,,,
,,,7.717391304347826,1775,0.6259872317314148,0.6838235294117647,0.8122270742358079,586.2298,,,,
0.6464,1.1219388246536255,0.00011904761904761905,7.826086956521739,1800,,,,,,,,
,,,7.826086956521739,1800,0.6251582503318787,0.6838235294117647,0.8122270742358079,593.9671,,,,
0.6289,1.409058690071106,0.00011309523809523809,7.934782608695652,1825,,,,,,,,
,,,7.934782608695652,1825,0.6239538192749023,0.6838235294117647,0.8122270742358079,602.0133,,,,
0.6012,0.8080355525016785,0.00010714285714285714,8.043478260869565,1850,,,,,,,,
,,,8.043478260869565,1850,0.6265003681182861,0.6838235294117647,0.8122270742358079,609.7259,,,,
0.6639,0.6225845217704773,0.0001011904761904762,8.152173913043478,1875,,,,,,,,
,,,8.152173913043478,1875,0.6245008707046509,0.6838235294117647,0.8122270742358079,617.6221,,,,
0.6064,0.6535559296607971,9.523809523809524e-05,8.26086956521739,1900,,,,,,,,
,,,8.26086956521739,1900,0.6241399049758911,0.6838235294117647,0.8122270742358079,625.5528,,,,
0.6301,1.5097332000732422,8.928571428571429e-05,8.369565217391305,1925,,,,,,,,
,,,8.369565217391305,1925,0.6240144371986389,0.6838235294117647,0.8122270742358079,633.5379,,,,
0.6485,1.252991795539856,8.333333333333333e-05,8.478260869565217,1950,,,,,,,,
,,,8.478260869565217,1950,0.6252191066741943,0.6838235294117647,0.8122270742358079,641.5364,,,,
0.6193,0.5767698884010315,7.738095238095239e-05,8.58695652173913,1975,,,,,,,,
,,,8.58695652173913,1975,0.6243355870246887,0.6838235294117647,0.8122270742358079,649.2969,,,,
0.6383,0.3206214904785156,7.142857142857142e-05,8.695652173913043,2000,,,,,,,,
,,,8.695652173913043,2000,0.6240079402923584,0.6838235294117647,0.8122270742358079,657.0966,,,,
0.6448,0.4098963439464569,6.547619047619048e-05,8.804347826086957,2025,,,,,,,,
,,,8.804347826086957,2025,0.6244750618934631,0.6838235294117647,0.8122270742358079,671.0109,,,,
0.6121,1.59663987159729,5.9523809523809524e-05,8.91304347826087,2050,,,,,,,,
,,,8.91304347826087,2050,0.6239778399467468,0.6838235294117647,0.8122270742358079,678.794,,,,
0.6232,0.5860491394996643,5.357142857142857e-05,9.021739130434783,2075,,,,,,,,
,,,9.021739130434783,2075,0.6239693760871887,0.6838235294117647,0.8122270742358079,686.4924,,,,
0.6187,1.5939910411834717,4.761904761904762e-05,9.130434782608695,2100,,,,,,,,
,,,9.130434782608695,2100,0.6239930987358093,0.6838235294117647,0.8122270742358079,694.3877,,,,
0.6336,0.8827887773513794,4.1666666666666665e-05,9.23913043478261,2125,,,,,,,,
,,,9.23913043478261,2125,0.6242802739143372,0.6838235294117647,0.8122270742358079,702.3127,,,,
0.612,1.1591089963912964,3.571428571428571e-05,9.347826086956522,2150,,,,,,,,
,,,9.347826086956522,2150,0.623954176902771,0.6838235294117647,0.8122270742358079,710.2171,,,,
0.6326,0.8620380163192749,2.9761904761904762e-05,9.456521739130435,2175,,,,,,,,
,,,9.456521739130435,2175,0.6241973638534546,0.6838235294117647,0.8122270742358079,718.1277,,,,
0.6333,0.9128716588020325,2.380952380952381e-05,9.565217391304348,2200,,,,,,,,
,,,9.565217391304348,2200,0.6239672899246216,0.6838235294117647,0.8122270742358079,725.9698,,,,
0.6331,0.5236139893531799,1.7857142857142855e-05,9.673913043478262,2225,,,,,,,,
,,,9.673913043478262,2225,0.6239851117134094,0.6838235294117647,0.8122270742358079,733.7141,,,,
0.6337,1.0127310752868652,1.1904761904761905e-05,9.782608695652174,2250,,,,,,,,
,,,9.782608695652174,2250,0.6240032911300659,0.6838235294117647,0.8122270742358079,741.4502,,,,
0.6453,0.5734550952911377,5.9523809523809525e-06,9.891304347826086,2275,,,,,,,,
,,,9.891304347826086,2275,0.6241416335105896,0.6838235294117647,0.8122270742358079,749.3093,,,,
0.6554,3.4293372631073,0.0,10.0,2300,,,,,,,,
,,,10.0,2300,0.6241627335548401,0.6838235294117647,0.8122270742358079,756.948,,,,
,,,10.0,2300,,,,756.5058,48.486,3.04,1441090083533520.0,0.6390097132195597
