loss,grad_norm,learning_rate,epoch,step,eval_loss,eval_accuracy,eval_f1,train_runtime,train_samples_per_second,train_steps_per_second,total_flos,train_loss
1.1838,4.290159225463867,1e-05,0.0625,1,,,,,,,,
1.1009,3.526404857635498,0.0001,0.625,10,,,,,,,,
,,,0.625,10,1.0543707609176636,0.4107142857142857,0.1940928270042194,4.7258,,,,
0.9637,3.3455920219421387,0.0002,1.25,20,,,,,,,,
,,,1.25,20,0.9357070922851562,0.4107142857142857,0.1940928270042194,9.1279,,,,
0.8802,23.259889602661133,0.0003,1.875,30,,,,,,,,
,,,1.875,30,0.8908983469009399,0.5714285714285714,0.34571175950486294,13.4291,,,,
0.939,2.1092796325683594,0.0004,2.5,40,,,,,,,,
,,,2.5,40,0.8326120972633362,0.7142857142857143,0.49806201550387597,17.6567,,,,
0.7021,4.981952667236328,0.0005,3.125,50,,,,,,,,
,,,3.125,50,0.7583026885986328,0.6785714285714286,0.47478301665493783,21.9516,,,,
0.7075,5.794696807861328,0.00048148148148148144,3.75,60,,,,,,,,
,,,3.75,60,0.6872069239616394,0.75,0.524731182795699,26.3559,,,,
0.54,9.277283668518066,0.000462962962962963,4.375,70,,,,,,,,
,,,4.375,70,0.6593207120895386,0.6964285714285714,0.4872881355932203,30.4799,,,,
0.4311,18.48921775817871,0.0004444444444444444,5.0,80,,,,,,,,
,,,5.0,80,0.5394091606140137,0.8035714285714286,0.5613912231559289,34.7893,,,,
0.3092,23.771577835083008,0.00042592592592592595,5.625,90,,,,,,,,
,,,5.625,90,0.48872873187065125,0.8392857142857143,0.5866760497302369,39.4741,,,,
0.3555,18.072463989257812,0.0004074074074074074,6.25,100,,,,,,,,
,,,6.25,100,0.5956752896308899,0.7321428571428571,0.5087064676616916,43.6335,,,,
0.2377,3.5570297241210938,0.0003888888888888889,6.875,110,,,,,,,,
,,,6.875,110,0.4652687609195709,0.8214285714285714,0.5740350877192982,47.923,,,,
0.2037,18.50277328491211,0.00037037037037037035,7.5,120,,,,,,,,
,,,7.5,120,0.4043038487434387,0.8392857142857143,0.7628446115288221,51.8472,,,,
0.138,2.898728609085083,0.0003518518518518519,8.125,130,,,,,,,,
,,,8.125,130,0.34917157888412476,0.875,0.8554480980012896,56.3316,,,,
0.1614,29.210264205932617,0.0003333333333333333,8.75,140,,,,,,,,
,,,8.75,140,0.6963532567024231,0.8214285714285714,0.6780753968253967,61.1147,,,,
0.2281,5.2376556396484375,0.0003148148148148148,9.375,150,,,,,,,,
,,,9.375,150,0.5341120362281799,0.8928571428571429,0.8525403872240719,65.416,,,,
0.0643,2.4182493686676025,0.0002962962962962963,10.0,160,,,,,,,,
,,,10.0,160,0.2706104815006256,0.8571428571428571,0.7883589541453161,69.7103,,,,
0.0182,4.8842597007751465,0.0002777777777777778,10.625,170,,,,,,,,
,,,10.625,170,0.3447989523410797,0.8928571428571429,0.8001731601731602,74.4154,,,,
0.1466,11.670915603637695,0.00025925925925925926,11.25,180,,,,,,,,
,,,11.25,180,0.32801252603530884,0.9107142857142857,0.8653086419753087,78.6592,,,,
0.0222,0.11174903064966202,0.00024074074074074072,11.875,190,,,,,,,,
,,,11.875,190,0.2710752487182617,0.875,0.8363395863395864,83.3224,,,,
0.0092,0.5023708343505859,0.0002222222222222222,12.5,200,,,,,,,,
,,,12.5,200,0.3277025818824768,0.875,0.8785490295787778,87.5165,,,,
0.0061,0.502859890460968,0.0002037037037037037,13.125,210,,,,,,,,
,,,13.125,210,0.33020663261413574,0.875,0.8785490295787778,91.7269,,,,
0.031,0.6393765807151794,0.00018518518518518518,13.75,220,,,,,,,,
,,,13.75,220,0.3104681372642517,0.8928571428571429,0.8917876843408759,96.5024,,,,
0.0022,0.1051439493894577,0.00016666666666666666,14.375,230,,,,,,,,
,,,14.375,230,0.3421401083469391,0.8928571428571429,0.8663250558402313,101.0953,,,,
0.0019,0.12614107131958008,0.00014814814814814815,15.0,240,,,,,,,,
,,,15.0,240,0.24900387227535248,0.875,0.8541407867494825,105.2573,,,,
0.005,0.098672054708004,0.00012962962962962963,15.625,250,,,,,,,,
,,,15.625,250,0.2410498857498169,0.8928571428571429,0.8917876843408759,109.6513,,,,
0.0007,0.16400085389614105,0.0001111111111111111,16.25,260,,,,,,,,
,,,16.25,260,0.25352901220321655,0.9107142857142857,0.9048821548821548,114.1468,,,,
0.0009,0.07666867226362228,9.259259259259259e-05,16.875,270,,,,,,,,
,,,16.875,270,0.2998656630516052,0.9285714285714286,0.9178634416729654,118.5674,,,,
0.0013,0.1475326120853424,7.407407407407407e-05,17.5,280,,,,,,,,
,,,17.5,280,0.25015494227409363,0.9107142857142857,0.9048821548821548,123.2067,,,,
0.0002,0.050214409828186035,5.555555555555555e-05,18.125,290,,,,,,,,
,,,18.125,290,0.2568046450614929,0.9107142857142857,0.9047376896347149,127.4919,,,,
0.0006,0.026332298293709755,3.7037037037037037e-05,18.75,300,,,,,,,,
,,,18.75,300,0.2707338035106659,0.9107142857142857,0.9047376896347149,132.1734,,,,
0.0023,1.5845751762390137,1.8518518518518518e-05,19.375,310,,,,,,,,
,,,19.375,310,0.2734741270542145,0.9107142857142857,0.9047376896347149,136.1351,,,,
0.0004,0.03511476144194603,0.0,20.0,320,,,,,,,,
,,,20.0,320,0.2691917419433594,0.9107142857142857,0.9047376896347149,140.6395,,,,
,,,20.0,320,,,,140.1637,35.673,2.283,450126133093440.0,0.2568529582153133
