loss,grad_norm,learning_rate,epoch,step,eval_loss,eval_accuracy,eval_f1,train_runtime,train_samples_per_second,train_steps_per_second,total_flos,train_loss
0.6801,0.5720943808555603,2.5e-06,0.004347826086956522,1,,,,,,,,
0.7133,0.8255317211151123,6.25e-05,0.10869565217391304,25,,,,,,,,
,,,0.10869565217391304,25,0.6586990356445312,0.6838235294117647,0.8122270742358079,5.8404,,,,
0.6627,1.4574394226074219,0.000125,0.21739130434782608,50,,,,,,,,
,,,0.21739130434782608,50,0.6248111128807068,0.6838235294117647,0.8122270742358079,11.3034,,,,
0.6386,2.6891915798187256,0.0001875,0.32608695652173914,75,,,,,,,,
,,,0.32608695652173914,75,0.6224418878555298,0.6838235294117647,0.8122270742358079,16.8534,,,,
0.6398,0.6548078656196594,0.00025,0.43478260869565216,100,,,,,,,,
,,,0.43478260869565216,100,0.6180224418640137,0.6838235294117647,0.8122270742358079,22.3667,,,,
0.6031,1.1647255420684814,0.0003125,0.5434782608695652,125,,,,,,,,
,,,0.5434782608695652,125,0.6142358183860779,0.6838235294117647,0.8122270742358079,27.8523,,,,
0.6433,3.33025860786438,0.000375,0.6521739130434783,150,,,,,,,,
,,,0.6521739130434783,150,0.6189637184143066,0.6936274509803921,0.8169838945827232,33.3706,,,,
0.6228,0.5125316381454468,0.0004375,0.7608695652173914,175,,,,,,,,
,,,0.7608695652173914,175,0.5890786647796631,0.6887254901960784,0.8145985401459854,38.9946,,,,
0.5902,1.3992701768875122,0.0005,0.8695652173913043,200,,,,,,,,
,,,0.8695652173913043,200,0.5287649035453796,0.7279411764705882,0.8246445497630333,44.6241,,,,
0.5792,0.7627823352813721,0.0004940476190476191,0.9782608695652174,225,,,,,,,,
,,,0.9782608695652174,225,0.5056928992271423,0.7549019607843137,0.8392282958199357,50.1349,,,,
0.5466,1.551517367362976,0.0004880952380952381,1.0869565217391304,250,,,,,,,,
,,,1.0869565217391304,250,0.548613429069519,0.7181372549019608,0.8270676691729323,55.5047,,,,
0.5101,0.9353567957878113,0.00048214285714285715,1.1956521739130435,275,,,,,,,,
,,,1.1956521739130435,275,0.4697742164134979,0.7671568627450981,0.846029173419773,61.0024,,,,
0.511,1.351240873336792,0.0004761904761904762,1.3043478260869565,300,,,,,,,,
,,,1.3043478260869565,300,0.5022780299186707,0.7549019607843137,0.8412698412698412,66.557,,,,
0.4701,2.5351061820983887,0.00047023809523809523,1.4130434782608696,325,,,,,,,,
,,,1.4130434782608696,325,0.534496545791626,0.7205882352941176,0.759493670886076,72.0575,,,,
0.5161,5.064142227172852,0.00046428571428571433,1.5217391304347827,350,,,,,,,,
,,,1.5217391304347827,350,0.4955088794231415,0.7426470588235294,0.8341232227488151,77.5874,,,,
0.4519,0.7985458970069885,0.0004583333333333333,1.6304347826086958,375,,,,,,,,
,,,1.6304347826086958,375,0.4135361611843109,0.8161764705882353,0.8598130841121495,83.0494,,,,
0.404,1.1183053255081177,0.00045238095238095237,1.7391304347826086,400,,,,,,,,
,,,1.7391304347826086,400,0.3932517468929291,0.8186274509803921,0.872852233676976,88.5414,,,,
0.4669,3.553751230239868,0.00044642857142857147,1.8478260869565217,425,,,,,,,,
,,,1.8478260869565217,425,0.3771645724773407,0.8333333333333334,0.8794326241134752,94.175,,,,
0.4232,1.05678391456604,0.00044047619047619046,1.9565217391304348,450,,,,,,,,
,,,1.9565217391304348,450,0.3713669776916504,0.8235294117647058,0.875,99.7934,,,,
0.4505,0.893758237361908,0.00043452380952380956,2.0652173913043477,475,,,,,,,,
,,,2.0652173913043477,475,0.4981529712677002,0.7647058823529411,0.8518518518518517,105.1745,,,,
0.4307,1.0769507884979248,0.00042857142857142855,2.1739130434782608,500,,,,,,,,
,,,2.1739130434782608,500,0.3669624328613281,0.8382352941176471,0.8854166666666665,110.7081,,,,
0.4083,1.3873854875564575,0.00042261904761904765,2.282608695652174,525,,,,,,,,
,,,2.282608695652174,525,0.35793644189834595,0.8382352941176471,0.8773234200743494,116.4911,,,,
0.3602,0.5568986535072327,0.0004166666666666667,2.391304347826087,550,,,,,,,,
,,,2.391304347826087,550,0.40909141302108765,0.8333333333333334,0.880701754385965,121.9621,,,,
0.4452,0.7079446911811829,0.0004107142857142857,2.5,575,,,,,,,,
,,,2.5,575,0.38746747374534607,0.8161764705882353,0.8756218905472636,127.5143,,,,
0.3903,1.3822357654571533,0.0004047619047619048,2.608695652173913,600,,,,,,,,
,,,2.608695652173913,600,0.36506563425064087,0.8431372549019608,0.888888888888889,132.9997,,,,
0.3944,1.0670102834701538,0.00039880952380952383,2.717391304347826,625,,,,,,,,
,,,2.717391304347826,625,0.4407745897769928,0.8137254901960784,0.8774193548387096,138.5833,,,,
0.4441,1.9750550985336304,0.0003928571428571429,2.8260869565217392,650,,,,,,,,
,,,2.8260869565217392,650,0.33800166845321655,0.8431372549019608,0.8885017421602788,144.1546,,,,
0.369,1.8605157136917114,0.0003869047619047619,2.9347826086956523,675,,,,,,,,
,,,2.9347826086956523,675,0.35848894715309143,0.8480392156862745,0.8927335640138409,149.7053,,,,
0.3644,3.214665651321411,0.00038095238095238096,3.0434782608695654,700,,,,,,,,
,,,3.0434782608695654,700,0.40864309668540955,0.8382352941176471,0.8896321070234114,155.0838,,,,
0.4333,1.6509193181991577,0.000375,3.1521739130434785,725,,,,,,,,
,,,3.1521739130434785,725,0.42483943700790405,0.8137254901960784,0.8758169934640523,160.5851,,,,
0.3836,0.9605868458747864,0.00036904761904761905,3.260869565217391,750,,,,,,,,
,,,3.260869565217391,750,0.4136457145214081,0.8333333333333334,0.8874172185430463,166.2031,,,,
0.3252,1.8629404306411743,0.0003630952380952381,3.369565217391304,775,,,,,,,,
,,,3.369565217391304,775,0.3447630703449249,0.8627450980392157,0.903114186851211,171.6191,,,,
0.3811,2.871904134750366,0.00035714285714285714,3.4782608695652173,800,,,,,,,,
,,,3.4782608695652173,800,0.35257527232170105,0.8406862745098039,0.8873483535528597,177.1849,,,,
0.4006,1.7985470294952393,0.0003511904761904762,3.5869565217391304,825,,,,,,,,
,,,3.5869565217391304,825,0.32547080516815186,0.8602941176470589,0.8976660682226212,182.7217,,,,
0.37,1.0169765949249268,0.00034523809523809523,3.6956521739130435,850,,,,,,,,
,,,3.6956521739130435,850,0.3250367343425751,0.8578431372549019,0.8937728937728937,188.3725,,,,
0.3663,2.180379867553711,0.00033928571428571433,3.8043478260869565,875,,,,,,,,
,,,3.8043478260869565,875,0.32211020588874817,0.8651960784313726,0.9029982363315697,193.907,,,,
0.3678,0.8864670991897583,0.0003333333333333333,3.9130434782608696,900,,,,,,,,
,,,3.9130434782608696,900,0.38166308403015137,0.8357843137254902,0.8892561983471075,199.4986,,,,
0.3895,1.3458936214447021,0.00032738095238095237,4.021739130434782,925,,,,,,,,
,,,4.021739130434782,925,0.32820001244544983,0.8774509803921569,0.912280701754386,204.9316,,,,
0.3363,1.071304440498352,0.00032142857142857147,4.130434782608695,950,,,,,,,,
,,,4.130434782608695,950,0.31883472204208374,0.8627450980392157,0.904109589041096,210.498,,,,
0.386,1.2338252067565918,0.00031547619047619046,4.239130434782608,975,,,,,,,,
,,,4.239130434782608,975,0.3228502869606018,0.8627450980392157,0.903448275862069,216.0027,,,,
0.3639,0.9218844175338745,0.00030952380952380956,4.3478260869565215,1000,,,,,,,,
,,,4.3478260869565215,1000,0.3329959809780121,0.8602941176470589,0.9012131715771231,221.4586,,,,
0.3554,2.2685964107513428,0.00030357142857142855,4.456521739130435,1025,,,,,,,,
,,,4.456521739130435,1025,0.3161289691925049,0.8651960784313726,0.8987108655616944,227.3205,,,,
0.322,2.479947566986084,0.00029761904761904765,4.565217391304348,1050,,,,,,,,
,,,4.565217391304348,1050,0.35134589672088623,0.8529411764705882,0.8969072164948454,232.8873,,,,
0.3124,0.6687535643577576,0.0002916666666666667,4.673913043478261,1075,,,,,,,,
,,,4.673913043478261,1075,0.3251152038574219,0.8627450980392157,0.9017543859649123,238.4705,,,,
0.2927,1.6813331842422485,0.0002857142857142857,4.782608695652174,1100,,,,,,,,
,,,4.782608695652174,1100,0.3390423357486725,0.8676470588235294,0.9052631578947367,243.9904,,,,
0.3544,1.2837834358215332,0.0002797619047619048,4.891304347826087,1125,,,,,,,,
,,,4.891304347826087,1125,0.31022170186042786,0.8676470588235294,0.9059233449477352,249.5685,,,,
0.3219,0.14662465453147888,0.0002738095238095238,5.0,1150,,,,,,,,
,,,5.0,1150,0.3024221956729889,0.8700980392156863,0.9065255731922399,255.0844,,,,
0.3024,0.6167203783988953,0.00026785714285714287,5.108695652173913,1175,,,,,,,,
,,,5.108695652173913,1175,0.330209881067276,0.8529411764705882,0.8979591836734693,260.5694,,,,
0.3095,2.3639724254608154,0.0002619047619047619,5.217391304347826,1200,,,,,,,,
,,,5.217391304347826,1200,0.3152252733707428,0.875,0.9103690685413005,266.1629,,,,
0.3304,1.1044890880584717,0.00025595238095238096,5.326086956521739,1225,,,,,,,,
,,,5.326086956521739,1225,0.30480220913887024,0.8774509803921569,0.9116607773851589,271.6985,,,,
0.3598,1.0875725746154785,0.00025,5.434782608695652,1250,,,,,,,,
,,,5.434782608695652,1250,0.3044792711734772,0.875,0.9084380610412927,277.2225,,,,
0.2972,1.6908352375030518,0.00024404761904761905,5.543478260869565,1275,,,,,,,,
,,,5.543478260869565,1275,0.30617770552635193,0.8823529411764706,0.9136690647482014,282.6974,,,,
0.2851,1.0767985582351685,0.0002380952380952381,5.6521739130434785,1300,,,,,,,,
,,,5.6521739130434785,1300,0.3143000900745392,0.8725490196078431,0.9087719298245615,288.2963,,,,
0.2744,1.4228088855743408,0.00023214285714285717,5.760869565217392,1325,,,,,,,,
,,,5.760869565217392,1325,0.31164687871932983,0.8700980392156863,0.9068541300527241,293.8891,,,,
0.3336,1.4086360931396484,0.00022619047619047618,5.869565217391305,1350,,,,,,,,
,,,5.869565217391305,1350,0.30079010128974915,0.875,0.9074410163339381,299.5477,,,,
0.3462,0.6067190170288086,0.00022023809523809523,5.978260869565218,1375,,,,,,,,
,,,5.978260869565218,1375,0.2991046905517578,0.8725490196078431,0.9047619047619048,305.1765,,,,
0.2471,2.789504051208496,0.00021428571428571427,6.086956521739131,1400,,,,,,,,
,,,6.086956521739131,1400,0.4395020306110382,0.8455882352941176,0.8972267536704731,310.675,,,,
0.3214,0.6796258091926575,0.00020833333333333335,6.195652173913044,1425,,,,,,,,
,,,6.195652173913044,1425,0.3125775456428528,0.8651960784313726,0.9023090586145649,316.3755,,,,
0.3115,1.165268063545227,0.0002023809523809524,6.304347826086957,1450,,,,,,,,
,,,6.304347826086957,1450,0.3409532308578491,0.8529411764705882,0.8863636363636364,321.8171,,,,
0.3654,1.11813485622406,0.00019642857142857144,6.413043478260869,1475,,,,,,,,
,,,6.413043478260869,1475,0.3191881477832794,0.8651960784313726,0.9053356282271946,327.3439,,,,
0.3278,1.1133521795272827,0.00019047619047619048,6.521739130434782,1500,,,,,,,,
,,,6.521739130434782,1500,0.2983855903148651,0.8700980392156863,0.9027522935779816,332.8364,,,,
0.2835,2.7939612865448,0.00018452380952380953,6.630434782608695,1525,,,,,,,,
,,,6.630434782608695,1525,0.31743595004081726,0.8774509803921569,0.9131944444444444,338.6925,,,,
0.3238,0.8854984641075134,0.00017857142857142857,6.739130434782608,1550,,,,,,,,
,,,6.739130434782608,1550,0.29194584488868713,0.8774509803921569,0.9100719424460433,344.1671,,,,
0.289,1.3386887311935425,0.00017261904761904762,6.8478260869565215,1575,,,,,,,,
,,,6.8478260869565215,1575,0.2987433671951294,0.8799019607843137,0.9120287253141832,349.745,,,,
0.3117,0.8307578563690186,0.00016666666666666666,6.956521739130435,1600,,,,,,,,
,,,6.956521739130435,1600,0.30483943223953247,0.8848039215686274,0.9156193895870736,355.3204,,,,
0.2547,1.0777791738510132,0.00016071428571428573,7.065217391304348,1625,,,,,,,,
,,,7.065217391304348,1625,0.31492555141448975,0.8799019607843137,0.9132743362831858,360.8425,,,,
0.2883,1.2633928060531616,0.00015476190476190478,7.173913043478261,1650,,,,,,,,
,,,7.173913043478261,1650,0.2986416220664978,0.8799019607843137,0.9110707803992741,366.3521,,,,
0.2713,0.7816771268844604,0.00014880952380952382,7.282608695652174,1675,,,,,,,,
,,,7.282608695652174,1675,0.3058859705924988,0.8725490196078431,0.9097222222222222,371.9263,,,,
0.2975,1.0369873046875,0.00014285714285714284,7.391304347826087,1700,,,,,,,,
,,,7.391304347826087,1700,0.2929565906524658,0.8823529411764706,0.9133574007220215,377.5362,,,,
0.2972,0.6234236359596252,0.0001369047619047619,7.5,1725,,,,,,,,
,,,7.5,1725,0.29590630531311035,0.8823529411764706,0.9127272727272728,383.2437,,,,
0.3175,0.7851985692977905,0.00013095238095238096,7.608695652173913,1750,,,,,,,,
,,,7.608695652173913,1750,0.29175081849098206,0.8848039215686274,0.9162210338680927,388.7885,,,,
0.3087,1.7314836978912354,0.000125,7.717391304347826,1775,,,,,,,,
,,,7.717391304347826,1775,0.2975319027900696,0.8848039215686274,0.9173989455184535,394.4055,,,,
0.2883,1.1603953838348389,0.00011904761904761905,7.826086956521739,1800,,,,,,,,
,,,7.826086956521739,1800,0.3011108338832855,0.8823529411764706,0.9136690647482014,399.9151,,,,
0.2456,0.7242326736450195,0.00011309523809523809,7.934782608695652,1825,,,,,,,,
,,,7.934782608695652,1825,0.29982754588127136,0.8823529411764706,0.9133574007220215,405.6185,,,,
0.3714,0.885241687297821,0.00010714285714285714,8.043478260869565,1850,,,,,,,,
,,,8.043478260869565,1850,0.3053875267505646,0.8872549019607843,0.9192982456140351,411.1114,,,,
0.2771,1.7080810070037842,0.0001011904761904762,8.152173913043478,1875,,,,,,,,
,,,8.152173913043478,1875,0.2951117753982544,0.8848039215686274,0.9153153153153154,416.649,,,,
0.2706,0.32020652294158936,9.523809523809524e-05,8.26086956521739,1900,,,,,,,,
,,,8.26086956521739,1900,0.299373060464859,0.8848039215686274,0.9153153153153154,422.3001,,,,
0.2588,0.9584651589393616,8.928571428571429e-05,8.369565217391305,1925,,,,,,,,
,,,8.369565217391305,1925,0.2974192500114441,0.8799019607843137,0.9113924050632911,427.8936,,,,
0.2945,1.276212215423584,8.333333333333333e-05,8.478260869565217,1950,,,,,,,,
,,,8.478260869565217,1950,0.2967817187309265,0.8897058823529411,0.9194991055456172,433.6054,,,,
0.261,2.313178539276123,7.738095238095239e-05,8.58695652173913,1975,,,,,,,,
,,,8.58695652173913,1975,0.3073045313358307,0.8774509803921569,0.9134948096885814,439.079,,,,
0.2711,0.7882363796234131,7.142857142857142e-05,8.695652173913043,2000,,,,,,,,
,,,8.695652173913043,2000,0.2987743318080902,0.8823529411764706,0.915492957746479,444.6704,,,,
0.2617,1.2438595294952393,6.547619047619048e-05,8.804347826086957,2025,,,,,,,,
,,,8.804347826086957,2025,0.2977990210056305,0.8823529411764706,0.9136690647482014,450.3633,,,,
0.3033,1.3351471424102783,5.9523809523809524e-05,8.91304347826087,2050,,,,,,,,
,,,8.91304347826087,2050,0.29932743310928345,0.8872549019607843,0.9181494661921709,455.9994,,,,
0.3227,0.5331412553787231,5.357142857142857e-05,9.021739130434783,2075,,,,,,,,
,,,9.021739130434783,2075,0.2969972491264343,0.8872549019607843,0.9184397163120569,461.4104,,,,
0.2643,0.6919688582420349,4.761904761904762e-05,9.130434782608695,2100,,,,,,,,
,,,9.130434782608695,2100,0.2922351062297821,0.8799019607843137,0.9113924050632911,466.9426,,,,
0.2559,0.8340380191802979,4.1666666666666665e-05,9.23913043478261,2125,,,,,,,,
,,,9.23913043478261,2125,0.292291522026062,0.8774509803921569,0.9097472924187725,472.466,,,,
0.2898,0.9827944040298462,3.571428571428571e-05,9.347826086956522,2150,,,,,,,,
,,,9.347826086956522,2150,0.29604023694992065,0.8848039215686274,0.9168141592920355,477.9803,,,,
0.2758,0.7514391541481018,2.9761904761904762e-05,9.456521739130435,2175,,,,,,,,
,,,9.456521739130435,2175,0.2940094769001007,0.8848039215686274,0.9162210338680927,483.587,,,,
0.2912,0.8027346730232239,2.380952380952381e-05,9.565217391304348,2200,,,,,,,,
,,,9.565217391304348,2200,0.3005213141441345,0.8848039215686274,0.9173989455184535,489.1142,,,,
0.2935,0.8528065085411072,1.7857142857142855e-05,9.673913043478262,2225,,,,,,,,
,,,9.673913043478262,2225,0.29758691787719727,0.8872549019607843,0.9190140845070423,494.6822,,,,
0.278,0.672914981842041,1.1904761904761905e-05,9.782608695652174,2250,,,,,,,,
,,,9.782608695652174,2250,0.2953283488750458,0.8823529411764706,0.9148936170212766,500.2192,,,,
0.2719,2.9021284580230713,5.9523809523809525e-06,9.891304347826086,2275,,,,,,,,
,,,9.891304347826086,2275,0.29502665996551514,0.8799019607843137,0.9129662522202486,505.8756,,,,
0.253,2.113593578338623,0.0,10.0,2300,,,,,,,,
,,,10.0,2300,0.2945767343044281,0.8823529411764706,0.9145907473309609,511.3355,,,,
,,,10.0,2300,,,,511.0008,71.781,4.501,1460977291679136.0,0.3702771153916483
