loss,grad_norm,learning_rate,epoch,step,eval_loss,eval_accuracy,eval_f1,train_runtime,train_samples_per_second,train_steps_per_second,total_flos,train_loss
0.6801,0.5916338562965393,2.5e-06,0.0,1,,,,,,,,
0.7051,0.8096739053726196,6.25e-05,0.11,25,,,,,,,,
,,,0.11,25,0.6404163241386414,0.6838235294117647,0.8122270742358079,6.5672,,,,
0.6635,3.7016499042510986,0.000125,0.22,50,,,,,,,,
,,,0.22,50,0.6185872554779053,0.6838235294117647,0.8122270742358079,12.8234,,,,
0.6333,1.8796238899230957,0.0001875,0.33,75,,,,,,,,
,,,0.33,75,0.6226513981819153,0.6838235294117647,0.8122270742358079,19.9733,,,,
0.6446,1.6991736888885498,0.00025,0.43,100,,,,,,,,
,,,0.43,100,0.6249371767044067,0.6838235294117647,0.8122270742358079,26.0412,,,,
0.6385,0.9867559671401978,0.0003125,0.54,125,,,,,,,,
,,,0.54,125,0.6245107650756836,0.6838235294117647,0.8122270742358079,32.0491,,,,
0.6365,3.3865408897399902,0.000375,0.65,150,,,,,,,,
,,,0.65,150,0.6399741768836975,0.6838235294117647,0.8122270742358079,37.7843,,,,
0.6435,0.7010504603385925,0.0004375,0.76,175,,,,,,,,
,,,0.76,175,0.6243360638618469,0.6838235294117647,0.8122270742358079,43.7207,,,,
0.6471,1.774444341659546,0.0005,0.87,200,,,,,,,,
,,,0.87,200,0.626603901386261,0.6838235294117647,0.8122270742358079,49.4409,,,,
0.6331,0.4940577447414398,0.0004940476190476191,0.98,225,,,,,,,,
,,,0.98,225,0.6332178115844727,0.6838235294117647,0.8122270742358079,55.1575,,,,
0.6484,1.8975610733032227,0.0004880952380952381,1.09,250,,,,,,,,
,,,1.09,250,0.6324295401573181,0.6838235294117647,0.8122270742358079,60.568,,,,
0.6316,1.2713721990585327,0.00048214285714285715,1.2,275,,,,,,,,
,,,1.2,275,0.6611377596855164,0.6838235294117647,0.8122270742358079,66.2676,,,,
0.6316,0.5639597177505493,0.0004761904761904762,1.3,300,,,,,,,,
,,,1.3,300,0.6299101710319519,0.6838235294117647,0.8122270742358079,71.9701,,,,
0.6465,2.396343469619751,0.00047023809523809523,1.41,325,,,,,,,,
,,,1.41,325,0.6290101408958435,0.6838235294117647,0.8122270742358079,77.6821,,,,
0.6647,2.7200520038604736,0.00046428571428571433,1.52,350,,,,,,,,
,,,1.52,350,0.6243488192558289,0.6838235294117647,0.8122270742358079,83.4606,,,,
0.6224,0.9681445360183716,0.0004583333333333333,1.63,375,,,,,,,,
,,,1.63,375,0.6241838335990906,0.6838235294117647,0.8122270742358079,89.2023,,,,
0.6244,0.5858909487724304,0.00045238095238095237,1.74,400,,,,,,,,
,,,1.74,400,0.6538629531860352,0.6838235294117647,0.8122270742358079,95.054,,,,
0.6448,1.1563043594360352,0.00044642857142857147,1.85,425,,,,,,,,
,,,1.85,425,0.640846848487854,0.6838235294117647,0.8122270742358079,101.0298,,,,
0.6502,1.6609389781951904,0.00044047619047619046,1.96,450,,,,,,,,
,,,1.96,450,0.6259067058563232,0.6838235294117647,0.8122270742358079,107.059,,,,
0.6364,0.6549095511436462,0.00043452380952380956,2.07,475,,,,,,,,
,,,2.07,475,0.6326831579208374,0.6838235294117647,0.8122270742358079,112.7318,,,,
0.6412,1.0481727123260498,0.00042857142857142855,2.17,500,,,,,,,,
,,,2.17,500,0.6442873477935791,0.6838235294117647,0.8122270742358079,118.6108,,,,
0.6236,0.5130916833877563,0.00042261904761904765,2.28,525,,,,,,,,
,,,2.28,525,0.624923050403595,0.6838235294117647,0.8122270742358079,124.6892,,,,
0.6412,1.6786205768585205,0.0004166666666666667,2.39,550,,,,,,,,
,,,2.39,550,0.6250295639038086,0.6838235294117647,0.8122270742358079,130.4228,,,,
0.6353,1.0083380937576294,0.0004107142857142857,2.5,575,,,,,,,,
,,,2.5,575,0.6276024580001831,0.6838235294117647,0.8122270742358079,136.2082,,,,
0.6623,1.7321697473526,0.0004047619047619048,2.61,600,,,,,,,,
,,,2.61,600,0.6420580744743347,0.6838235294117647,0.8122270742358079,141.9526,,,,
0.6325,0.7673855423927307,0.00039880952380952383,2.72,625,,,,,,,,
,,,2.72,625,0.6243298053741455,0.6838235294117647,0.8122270742358079,147.7747,,,,
0.6485,1.3011261224746704,0.0003928571428571429,2.83,650,,,,,,,,
,,,2.83,650,0.6249276995658875,0.6838235294117647,0.8122270742358079,153.6012,,,,
0.6125,0.987167477607727,0.0003869047619047619,2.93,675,,,,,,,,
,,,2.93,675,0.6240383982658386,0.6838235294117647,0.8122270742358079,159.44,,,,
0.6443,0.6185124516487122,0.00038095238095238096,3.04,700,,,,,,,,
,,,3.04,700,0.6244837045669556,0.6838235294117647,0.8122270742358079,165.0487,,,,
0.6203,0.33821165561676025,0.000375,3.15,725,,,,,,,,
,,,3.15,725,0.6271842122077942,0.6838235294117647,0.8122270742358079,170.8688,,,,
0.6237,1.212706208229065,0.00036904761904761905,3.26,750,,,,,,,,
,,,3.26,750,0.6279408931732178,0.6838235294117647,0.8122270742358079,176.7483,,,,
0.6502,0.8786380887031555,0.0003630952380952381,3.37,775,,,,,,,,
,,,3.37,775,0.6248147487640381,0.6838235294117647,0.8122270742358079,182.4789,,,,
0.6414,0.7951618432998657,0.00035714285714285714,3.48,800,,,,,,,,
,,,3.48,800,0.6301199793815613,0.6838235294117647,0.8122270742358079,188.3608,,,,
0.6334,0.5565370321273804,0.0003511904761904762,3.59,825,,,,,,,,
,,,3.59,825,0.6245396137237549,0.6838235294117647,0.8122270742358079,194.2077,,,,
0.6385,1.134531855583191,0.00034523809523809523,3.7,850,,,,,,,,
,,,3.7,850,0.626146137714386,0.6838235294117647,0.8122270742358079,200.1648,,,,
0.6318,1.290785312652588,0.00033928571428571433,3.8,875,,,,,,,,
,,,3.8,875,0.626262366771698,0.6838235294117647,0.8122270742358079,205.9802,,,,
0.6503,0.6312792301177979,0.0003333333333333333,3.91,900,,,,,,,,
,,,3.91,900,0.623975396156311,0.6838235294117647,0.8122270742358079,211.8776,,,,
0.6655,0.5228545069694519,0.00032738095238095237,4.02,925,,,,,,,,
,,,4.02,925,0.6274391412734985,0.6838235294117647,0.8122270742358079,217.5266,,,,
0.6134,0.3777897357940674,0.00032142857142857147,4.13,950,,,,,,,,
,,,4.13,950,0.6256678104400635,0.6838235294117647,0.8122270742358079,223.426,,,,
0.6295,0.8498638868331909,0.00031547619047619046,4.24,975,,,,,,,,
,,,4.24,975,0.6239651441574097,0.6838235294117647,0.8122270742358079,229.1047,,,,
0.6319,0.585630476474762,0.00030952380952380956,4.35,1000,,,,,,,,
,,,4.35,1000,0.6241539120674133,0.6838235294117647,0.8122270742358079,234.8996,,,,
0.6227,0.6045615673065186,0.00030357142857142855,4.46,1025,,,,,,,,
,,,4.46,1025,0.6262570023536682,0.6838235294117647,0.8122270742358079,241.0516,,,,
0.6432,0.3308736979961395,0.00029761904761904765,4.57,1050,,,,,,,,
,,,4.57,1050,0.6252567768096924,0.6838235294117647,0.8122270742358079,246.9443,,,,
0.6573,0.5421547293663025,0.0002916666666666667,4.67,1075,,,,,,,,
,,,4.67,1075,0.6243022084236145,0.6838235294117647,0.8122270742358079,252.7122,,,,
0.6345,1.7664283514022827,0.0002857142857142857,4.78,1100,,,,,,,,
,,,4.78,1100,0.6243506669998169,0.6838235294117647,0.8122270742358079,258.5653,,,,
0.6557,1.4644416570663452,0.0002797619047619048,4.89,1125,,,,,,,,
,,,4.89,1125,0.6261897087097168,0.6838235294117647,0.8122270742358079,264.3768,,,,
0.6259,2.095550537109375,0.0002738095238095238,5.0,1150,,,,,,,,
,,,5.0,1150,0.6241065859794617,0.6838235294117647,0.8122270742358079,270.2963,,,,
0.6557,1.2606945037841797,0.00026785714285714287,5.11,1175,,,,,,,,
,,,5.11,1175,0.6244167685508728,0.6838235294117647,0.8122270742358079,276.0005,,,,
0.6293,2.3590035438537598,0.0002619047619047619,5.22,1200,,,,,,,,
,,,5.22,1200,0.6249005198478699,0.6838235294117647,0.8122270742358079,281.9129,,,,
0.6517,0.36719244718551636,0.00025595238095238096,5.33,1225,,,,,,,,
,,,5.33,1225,0.6249362826347351,0.6838235294117647,0.8122270742358079,287.7438,,,,
0.6559,0.40904906392097473,0.00025,5.43,1250,,,,,,,,
,,,5.43,1250,0.6322318911552429,0.6838235294117647,0.8122270742358079,293.5532,,,,
0.6358,0.6947126984596252,0.00024404761904761905,5.54,1275,,,,,,,,
,,,5.54,1275,0.6267899870872498,0.6838235294117647,0.8122270742358079,299.3365,,,,
0.6111,0.3958670496940613,0.0002380952380952381,5.65,1300,,,,,,,,
,,,5.65,1300,0.6239827275276184,0.6838235294117647,0.8122270742358079,305.2262,,,,
0.6231,0.8299204111099243,0.00023214285714285717,5.76,1325,,,,,,,,
,,,5.76,1325,0.623957633972168,0.6838235294117647,0.8122270742358079,311.1407,,,,
0.6115,0.438493549823761,0.00022619047619047618,5.87,1350,,,,,,,,
,,,5.87,1350,0.624358594417572,0.6838235294117647,0.8122270742358079,317.1101,,,,
0.6209,0.32937854528427124,0.00022023809523809523,5.98,1375,,,,,,,,
,,,5.98,1375,0.6243780255317688,0.6838235294117647,0.8122270742358079,323.1083,,,,
0.5946,1.364572286605835,0.00021428571428571427,6.09,1400,,,,,,,,
,,,6.09,1400,0.6287389993667603,0.6838235294117647,0.8122270742358079,328.9433,,,,
0.6348,0.7026990056037903,0.00020833333333333335,6.2,1425,,,,,,,,
,,,6.2,1425,0.6239978075027466,0.6838235294117647,0.8122270742358079,334.9694,,,,
0.6445,0.33816736936569214,0.0002023809523809524,6.3,1450,,,,,,,,
,,,6.3,1450,0.6240262985229492,0.6838235294117647,0.8122270742358079,340.7462,,,,
0.6357,0.38274574279785156,0.00019642857142857144,6.41,1475,,,,,,,,
,,,6.41,1475,0.6254439949989319,0.6838235294117647,0.8122270742358079,346.6277,,,,
0.6651,2.538602113723755,0.00019047619047619048,6.52,1500,,,,,,,,
,,,6.52,1500,0.6245867609977722,0.6838235294117647,0.8122270742358079,352.4446,,,,
0.6138,1.7333714962005615,0.00018452380952380953,6.63,1525,,,,,,,,
,,,6.63,1525,0.6239712834358215,0.6838235294117647,0.8122270742358079,358.7391,,,,
0.6312,0.6662652492523193,0.00017857142857142857,6.74,1550,,,,,,,,
,,,6.74,1550,0.6239602565765381,0.6838235294117647,0.8122270742358079,364.5486,,,,
0.6469,0.6844808459281921,0.00017261904761904762,6.85,1575,,,,,,,,
,,,6.85,1575,0.6255325675010681,0.6838235294117647,0.8122270742358079,370.3852,,,,
0.6233,0.6927531361579895,0.00016666666666666666,6.96,1600,,,,,,,,
,,,6.96,1600,0.6244580745697021,0.6838235294117647,0.8122270742358079,376.2948,,,,
0.6594,1.6104282140731812,0.00016071428571428573,7.07,1625,,,,,,,,
,,,7.07,1625,0.6257209181785583,0.6838235294117647,0.8122270742358079,381.9939,,,,
0.6119,0.5193023085594177,0.00015476190476190478,7.17,1650,,,,,,,,
,,,7.17,1650,0.6245014667510986,0.6838235294117647,0.8122270742358079,387.8172,,,,
0.6163,0.49900344014167786,0.00014880952380952382,7.28,1675,,,,,,,,
,,,7.28,1675,0.6250630021095276,0.6838235294117647,0.8122270742358079,393.6115,,,,
0.6279,0.44210243225097656,0.00014285714285714284,7.39,1700,,,,,,,,
,,,7.39,1700,0.6240598559379578,0.6838235294117647,0.8122270742358079,399.5549,,,,
0.6609,0.8237940669059753,0.0001369047619047619,7.5,1725,,,,,,,,
,,,7.5,1725,0.6265068650245667,0.6838235294117647,0.8122270742358079,405.4772,,,,
0.6414,0.44798707962036133,0.00013095238095238096,7.61,1750,,,,,,,,
,,,7.61,1750,0.6260636448860168,0.6838235294117647,0.8122270742358079,411.3379,,,,
0.6379,0.6560486555099487,0.000125,7.72,1775,,,,,,,,
,,,7.72,1775,0.6247970461845398,0.6838235294117647,0.8122270742358079,417.2275,,,,
0.6441,0.6837118864059448,0.00011904761904761905,7.83,1800,,,,,,,,
,,,7.83,1800,0.6242457628250122,0.6838235294117647,0.8122270742358079,423.0371,,,,
0.6225,0.3355669379234314,0.00011309523809523809,7.93,1825,,,,,,,,
,,,7.93,1825,0.6239539980888367,0.6838235294117647,0.8122270742358079,429.0652,,,,
0.6119,0.49385079741477966,0.00010714285714285714,8.04,1850,,,,,,,,
,,,8.04,1850,0.6241742372512817,0.6838235294117647,0.8122270742358079,434.823,,,,
0.661,0.4189439117908478,0.0001011904761904762,8.15,1875,,,,,,,,
,,,8.15,1875,0.6254352331161499,0.6838235294117647,0.8122270742358079,440.6942,,,,
0.6054,0.5218816995620728,9.523809523809524e-05,8.26,1900,,,,,,,,
,,,8.26,1900,0.6239834427833557,0.6838235294117647,0.8122270742358079,446.5468,,,,
0.6337,1.203346848487854,8.928571428571429e-05,8.37,1925,,,,,,,,
,,,8.37,1925,0.6239617466926575,0.6838235294117647,0.8122270742358079,452.4745,,,,
0.6478,1.0425026416778564,8.333333333333333e-05,8.48,1950,,,,,,,,
,,,8.48,1950,0.625291109085083,0.6838235294117647,0.8122270742358079,458.3729,,,,
0.6183,0.4366677701473236,7.738095238095239e-05,8.59,1975,,,,,,,,
,,,8.59,1975,0.6239756345748901,0.6838235294117647,0.8122270742358079,464.1454,,,,
0.6409,0.8678350448608398,7.142857142857142e-05,8.7,2000,,,,,,,,
,,,8.7,2000,0.6241099238395691,0.6838235294117647,0.8122270742358079,469.9412,,,,
0.6437,0.3897272050380707,6.547619047619048e-05,8.8,2025,,,,,,,,
,,,8.8,2025,0.6243610382080078,0.6838235294117647,0.8122270742358079,476.0856,,,,
0.6089,1.1575915813446045,5.9523809523809524e-05,8.91,2050,,,,,,,,
,,,8.91,2050,0.623958170413971,0.6838235294117647,0.8122270742358079,481.9626,,,,
0.6225,0.2667960226535797,5.357142857142857e-05,9.02,2075,,,,,,,,
,,,9.02,2075,0.6239733099937439,0.6838235294117647,0.8122270742358079,487.6871,,,,
0.6256,1.223057746887207,4.761904761904762e-05,9.13,2100,,,,,,,,
,,,9.13,2100,0.6239541172981262,0.6838235294117647,0.8122270742358079,493.4717,,,,
0.6351,0.8660023808479309,4.1666666666666665e-05,9.24,2125,,,,,,,,
,,,9.24,2125,0.6241360902786255,0.6838235294117647,0.8122270742358079,499.3092,,,,
0.6134,0.8631070852279663,3.571428571428571e-05,9.35,2150,,,,,,,,
,,,9.35,2150,0.6239717602729797,0.6838235294117647,0.8122270742358079,505.1287,,,,
0.6369,0.6441857814788818,2.9761904761904762e-05,9.46,2175,,,,,,,,
,,,9.46,2175,0.6239542365074158,0.6838235294117647,0.8122270742358079,511.057,,,,
0.6291,0.4138619899749756,2.380952380952381e-05,9.57,2200,,,,,,,,
,,,9.57,2200,0.6239535808563232,0.6838235294117647,0.8122270742358079,516.8718,,,,
0.6335,0.36517834663391113,1.7857142857142855e-05,9.67,2225,,,,,,,,
,,,9.67,2225,0.6239699721336365,0.6838235294117647,0.8122270742358079,522.7368,,,,
0.6349,0.3591047525405884,1.1904761904761905e-05,9.78,2250,,,,,,,,
,,,9.78,2250,0.6239850521087646,0.6838235294117647,0.8122270742358079,528.5752,,,,
0.6409,0.7042174935340881,5.9523809523809525e-06,9.89,2275,,,,,,,,
,,,9.89,2275,0.6240501403808594,0.6838235294117647,0.8122270742358079,534.538,,,,
0.6538,1.2104953527450562,0.0,10.0,2300,,,,,,,,
,,,10.0,2300,0.62404465675354,0.6838235294117647,0.8122270742358079,540.2989,,,,
,,,10.0,2300,,,,539.9296,67.935,4.26,1470901495715232.0,0.6365300761357597
