loss,grad_norm,learning_rate,epoch,step,eval_loss,eval_accuracy,eval_f1,train_runtime,train_samples_per_second,train_steps_per_second,total_flos,train_loss
1.0935,3.448720693588257,1.0000000000000002e-06,0.0625,1,,,,,,,,
1.1047,4.489147186279297,1e-05,0.625,10,,,,,,,,
,,,0.625,10,1.0835444927215576,0.5,0.2222222222222222,6.0481,,,,
1.0484,3.7684895992279053,2e-05,1.25,20,,,,,,,,
,,,1.25,20,0.9874264001846313,0.5178571428571429,0.25267737617135205,11.8786,,,,
0.8798,4.888731002807617,3e-05,1.875,30,,,,,,,,
,,,1.875,30,0.8214779496192932,0.6785714285714286,0.47391812865497074,17.5453,,,,
0.7288,4.402191162109375,4e-05,2.5,40,,,,,,,,
,,,2.5,40,0.7505568861961365,0.6785714285714286,0.474468085106383,23.1466,,,,
0.6112,9.839191436767578,5e-05,3.125,50,,,,,,,,
,,,3.125,50,0.6876980662345886,0.6785714285714286,0.47391812865497074,28.8523,,,,
0.4386,27.172130584716797,4.814814814814815e-05,3.75,60,,,,,,,,
,,,3.75,60,0.7893829345703125,0.7678571428571429,0.530920060331825,34.6466,,,,
0.2977,14.927955627441406,4.62962962962963e-05,4.375,70,,,,,,,,
,,,4.375,70,0.6272135972976685,0.8214285714285714,0.572893772893773,40.1062,,,,
0.139,1.147170901298523,4.4444444444444447e-05,5.0,80,,,,,,,,
,,,5.0,80,0.7054415345191956,0.8214285714285714,0.6747133625182405,45.7681,,,,
0.1581,13.323943138122559,4.259259259259259e-05,5.625,90,,,,,,,,
,,,5.625,90,0.5533922910690308,0.8571428571428571,0.7436735377911848,51.9156,,,,
0.0772,0.12059137225151062,4.074074074074074e-05,6.25,100,,,,,,,,
,,,6.25,100,0.3072803020477295,0.9285714285714286,0.9174849267872524,57.4208,,,,
0.0189,0.04346735030412674,3.888888888888889e-05,6.875,110,,,,,,,,
,,,6.875,110,0.250880628824234,0.9642857142857143,0.9737654320987654,63.0614,,,,
0.0058,0.04395601525902748,3.7037037037037037e-05,7.5,120,,,,,,,,
,,,7.5,120,0.3653811514377594,0.9285714285714286,0.9237290159275974,68.2658,,,,
0.0014,0.01934896968305111,3.518518518518519e-05,8.125,130,,,,,,,,
,,,8.125,130,0.4920496940612793,0.9285714285714286,0.9052603327965647,74.1854,,,,
0.0012,0.015955058857798576,3.3333333333333335e-05,8.75,140,,,,,,,,
,,,8.75,140,0.5388752818107605,0.9107142857142857,0.8919191919191919,80.4652,,,,
0.0009,0.012783430516719818,3.148148148148148e-05,9.375,150,,,,,,,,
,,,9.375,150,0.5508562326431274,0.9107142857142857,0.8919191919191919,86.1846,,,,
0.0008,0.011955843307077885,2.962962962962963e-05,10.0,160,,,,,,,,
,,,10.0,160,0.5553298592567444,0.9107142857142857,0.8919191919191919,91.8728,,,,
0.0006,0.009453389793634415,2.777777777777778e-05,10.625,170,,,,,,,,
,,,10.625,170,0.5554702877998352,0.9107142857142857,0.8919191919191919,98.0392,,,,
0.0007,0.009529544040560722,2.5925925925925925e-05,11.25,180,,,,,,,,
,,,11.25,180,0.5572771430015564,0.9107142857142857,0.8919191919191919,103.6842,,,,
0.0006,0.00853391457349062,2.4074074074074074e-05,11.875,190,,,,,,,,
,,,11.875,190,0.558834433555603,0.9107142857142857,0.8919191919191919,109.8212,,,,
0.0006,0.007144667208194733,2.2222222222222223e-05,12.5,200,,,,,,,,
,,,12.5,200,0.560940146446228,0.9107142857142857,0.8919191919191919,115.364,,,,
0.0005,0.006836336106061935,2.037037037037037e-05,13.125,210,,,,,,,,
,,,13.125,210,0.5633498430252075,0.9107142857142857,0.8919191919191919,120.9776,,,,
0.0005,0.011497309431433678,1.8518518518518518e-05,13.75,220,,,,,,,,
,,,13.75,220,0.5653064846992493,0.9107142857142857,0.8919191919191919,127.213,,,,
0.0005,0.006063717883080244,1.6666666666666667e-05,14.375,230,,,,,,,,
,,,14.375,230,0.5669944882392883,0.9107142857142857,0.8919191919191919,133.2731,,,,
0.0005,0.011328564025461674,1.4814814814814815e-05,15.0,240,,,,,,,,
,,,15.0,240,0.5681852698326111,0.9285714285714286,0.9052603327965647,138.783,,,,
0.0004,0.005451645236462355,1.2962962962962962e-05,15.625,250,,,,,,,,
,,,15.625,250,0.5682999491691589,0.9285714285714286,0.9052603327965647,144.5601,,,,
0.0004,0.007295018993318081,1.1111111111111112e-05,16.25,260,,,,,,,,
,,,16.25,260,0.5688853859901428,0.9285714285714286,0.9052603327965647,150.4657,,,,
0.0004,0.008150322362780571,9.259259259259259e-06,16.875,270,,,,,,,,
,,,16.875,270,0.5695987343788147,0.9285714285714286,0.9052603327965647,156.3314,,,,
0.0004,0.005351298954337835,7.4074074074074075e-06,17.5,280,,,,,,,,
,,,17.5,280,0.5705199837684631,0.9285714285714286,0.9052603327965647,162.4109,,,,
0.0004,0.005378373432904482,5.555555555555556e-06,18.125,290,,,,,,,,
,,,18.125,290,0.5711394548416138,0.9285714285714286,0.9052603327965647,168.0557,,,,
0.0004,0.005761103704571724,3.7037037037037037e-06,18.75,300,,,,,,,,
,,,18.75,300,0.5714961886405945,0.9285714285714286,0.9052603327965647,174.2148,,,,
0.0004,0.007654973771423101,1.8518518518518519e-06,19.375,310,,,,,,,,
,,,19.375,310,0.5718528628349304,0.9285714285714286,0.9052603327965647,179.4629,,,,
0.0004,0.006506997160613537,0.0,20.0,320,,,,,,,,
,,,20.0,320,0.5719098448753357,0.9285714285714286,0.9052603327965647,185.3702,,,,
,,,20.0,320,,,,184.9021,27.041,1.731,446840583950880.0,0.17247758070734562
