loss,grad_norm,learning_rate,epoch,step,eval_loss,eval_accuracy,train_runtime,train_samples_per_second,train_steps_per_second,total_flos,train_loss
1.7741,0.7035475969314575,1e-05,0.00641025641025641,1,,,,,,,
1.555,2.8110413551330566,0.0005,0.32051282051282054,50,,,,,,,
,,,0.32051282051282054,50,1.0543771982192993,0.5523465703971119,26.4635,,,,
0.8091,1.8923704624176025,0.001,0.6410256410256411,100,,,,,,,
,,,0.6410256410256411,100,0.7042506337165833,0.5667870036101083,54.7095,,,,
0.7257,2.0629403591156006,0.0015,0.9615384615384616,150,,,,,,,
,,,0.9615384615384616,150,0.7152083516120911,0.5270758122743683,82.492,,,,
0.7254,2.9415717124938965,0.002,1.282051282051282,200,,,,,,,
,,,1.282051282051282,200,0.71246337890625,0.5270758122743683,110.1221,,,,
0.7226,0.8439750671386719,0.0019264705882352942,1.6025641025641026,250,,,,,,,
,,,1.6025641025641026,250,0.6776210069656372,0.631768953068592,137.4755,,,,
0.7205,0.6359525918960571,0.0018529411764705885,1.9230769230769231,300,,,,,,,
,,,1.9230769230769231,300,0.7632286548614502,0.49458483754512633,164.8332,,,,
0.6804,0.670551061630249,0.0017794117647058822,2.2435897435897436,350,,,,,,,
,,,2.2435897435897436,350,0.6132078766822815,0.7364620938628159,191.6176,,,,
0.675,1.0574275255203247,0.0017058823529411764,2.564102564102564,400,,,,,,,
,,,2.564102564102564,400,0.6020660996437073,0.7111913357400722,219.1015,,,,
0.6538,1.2914462089538574,0.0016323529411764706,2.8846153846153846,450,,,,,,,
,,,2.8846153846153846,450,0.6485417485237122,0.6895306859205776,247.2122,,,,
0.593,2.0204968452453613,0.0015588235294117648,3.2051282051282053,500,,,,,,,
,,,3.2051282051282053,500,0.6049946546554565,0.7256317689530686,274.7868,,,,
0.6017,2.3729958534240723,0.0014852941176470588,3.5256410256410255,550,,,,,,,
,,,3.5256410256410255,550,0.6153367161750793,0.779783393501805,301.9853,,,,
0.5921,2.4455814361572266,0.001411764705882353,3.8461538461538463,600,,,,,,,
,,,3.8461538461538463,600,0.5698897838592529,0.7328519855595668,329.2211,,,,
0.5102,1.7516613006591797,0.001338235294117647,4.166666666666667,650,,,,,,,
,,,4.166666666666667,650,0.4976608455181122,0.7870036101083032,357.1773,,,,
0.5046,1.0682417154312134,0.0012647058823529412,4.487179487179487,700,,,,,,,
,,,4.487179487179487,700,0.5786027908325195,0.7689530685920578,384.5618,,,,
0.4926,2.3542423248291016,0.0011911764705882352,4.8076923076923075,750,,,,,,,
,,,4.8076923076923075,750,0.5289932489395142,0.8122743682310469,411.6736,,,,
0.4552,1.9201632738113403,0.0011176470588235294,5.128205128205128,800,,,,,,,
,,,5.128205128205128,800,0.5034915208816528,0.7978339350180506,439.1677,,,,
0.467,1.209808588027954,0.0010441176470588236,5.448717948717949,850,,,,,,,
,,,5.448717948717949,850,0.4852769672870636,0.8050541516245487,467.2978,,,,
0.3972,1.8998948335647583,0.0009705882352941176,5.769230769230769,900,,,,,,,
,,,5.769230769230769,900,0.5226211547851562,0.8050541516245487,495.0192,,,,
0.4518,1.2286877632141113,0.0008970588235294118,6.089743589743589,950,,,,,,,
,,,6.089743589743589,950,0.5431171655654907,0.7653429602888087,522.2323,,,,
0.3783,2.4059064388275146,0.0008235294117647058,6.410256410256411,1000,,,,,,,
,,,6.410256410256411,1000,0.6433929204940796,0.7545126353790613,549.6958,,,,
0.356,1.903308391571045,0.00075,6.730769230769231,1050,,,,,,,
,,,6.730769230769231,1050,0.5729042887687683,0.7942238267148014,577.9194,,,,
0.3469,2.552790880203247,0.0006764705882352942,7.051282051282051,1100,,,,,,,
,,,7.051282051282051,1100,0.5881927013397217,0.8050541516245487,606.0749,,,,
0.2557,2.6762044429779053,0.0006029411764705882,7.371794871794872,1150,,,,,,,
,,,7.371794871794872,1150,0.6416046023368835,0.8014440433212996,634.3369,,,,
0.29,2.5944535732269287,0.0005294117647058824,7.6923076923076925,1200,,,,,,,
,,,7.6923076923076925,1200,0.6199606657028198,0.7581227436823105,661.3724,,,,
0.3068,1.2144705057144165,0.00045588235294117646,8.012820512820513,1250,,,,,,,
,,,8.012820512820513,1250,0.5712173581123352,0.8158844765342961,689.1482,,,,
0.1923,2.4469621181488037,0.00038235294117647055,8.333333333333334,1300,,,,,,,
,,,8.333333333333334,1300,0.86489337682724,0.7870036101083032,716.4904,,,,
0.1777,4.176480293273926,0.0003088235294117647,8.653846153846153,1350,,,,,,,
,,,8.653846153846153,1350,0.8065935969352722,0.8014440433212996,744.1102,,,,
0.1635,3.1173229217529297,0.00023529411764705883,8.974358974358974,1400,,,,,,,
,,,8.974358974358974,1400,0.8428884744644165,0.7906137184115524,771.3726,,,,
0.1403,3.0269722938537598,0.00016176470588235295,9.294871794871796,1450,,,,,,,
,,,9.294871794871796,1450,0.9606336355209351,0.7906137184115524,798.7149,,,,
0.1254,23.722448348999023,8.823529411764706e-05,9.615384615384615,1500,,,,,,,
,,,9.615384615384615,1500,0.9045450687408447,0.8050541516245487,826.3848,,,,
0.1219,9.078200340270996,1.4705882352941177e-05,9.935897435897436,1550,,,,,,,
,,,9.935897435897436,1550,0.8635914921760559,0.8014440433212996,854.2879,,,,
,,,10.0,1560,,,858.4559,29.006,1.817,2155532378552640.0,0.4881896673868864
