loss,grad_norm,learning_rate,epoch,step,eval_loss,eval_accuracy,eval_f1,train_runtime,train_samples_per_second,train_steps_per_second,total_flos,train_loss
0.6963,1.4430267810821533,2.5e-05,0.004347826086956522,1,,,,,,,,
0.6642,1.4978305101394653,0.000625,0.10869565217391304,25,,,,,,,,
,,,0.10869565217391304,25,0.6602709293365479,0.6838235294117647,0.8122270742358079,5.7374,,,,
0.7615,1.8493363857269287,0.00125,0.21739130434782608,50,,,,,,,,
,,,0.21739130434782608,50,0.6199172735214233,0.6838235294117647,0.8122270742358079,11.1224,,,,
0.6935,1.2490493059158325,0.001875,0.32608695652173914,75,,,,,,,,
,,,0.32608695652173914,75,0.6123316287994385,0.6838235294117647,0.8122270742358079,16.5797,,,,
0.6102,1.069854497909546,0.0025,0.43478260869565216,100,,,,,,,,
,,,0.43478260869565216,100,0.5631867051124573,0.7132352941176471,0.823529411764706,21.9984,,,,
0.5417,2.0254597663879395,0.003125,0.5434782608695652,125,,,,,,,,
,,,0.5434782608695652,125,0.62035071849823,0.7083333333333334,0.8215892053973014,27.3979,,,,
0.5834,1.171148657798767,0.00375,0.6521739130434783,150,,,,,,,,
,,,0.6521739130434783,150,0.5645240545272827,0.7034313725490197,0.819672131147541,32.8055,,,,
0.5599,0.8903166651725769,0.004375,0.7608695652173914,175,,,,,,,,
,,,0.7608695652173914,175,0.6376453638076782,0.6985294117647058,0.8188512518409425,38.3967,,,,
0.5657,2.40276837348938,0.005,0.8695652173913043,200,,,,,,,,
,,,0.8695652173913043,200,0.4425008296966553,0.7941176470588235,0.8618421052631581,43.8222,,,,
0.5192,1.4228606224060059,0.0049404761904761904,0.9782608695652174,225,,,,,,,,
,,,0.9782608695652174,225,0.44803324341773987,0.7916666666666666,0.864,49.3093,,,,
0.4755,1.6654860973358154,0.004880952380952381,1.0869565217391304,250,,,,,,,,
,,,1.0869565217391304,250,0.425180047750473,0.803921568627451,0.846743295019157,54.5377,,,,
0.614,2.4749321937561035,0.004821428571428572,1.1956521739130435,275,,,,,,,,
,,,1.1956521739130435,275,0.39208659529685974,0.8137254901960784,0.8633093525179856,60.0153,,,,
0.4704,2.975533962249756,0.0047619047619047615,1.3043478260869565,300,,,,,,,,
,,,1.3043478260869565,300,0.4036466181278229,0.8137254901960784,0.8733333333333333,65.4354,,,,
0.4256,1.5799672603607178,0.004702380952380953,1.4130434782608696,325,,,,,,,,
,,,1.4130434782608696,325,0.3744683861732483,0.8259803921568627,0.8716094032549728,70.869,,,,
0.456,1.222983956336975,0.004642857142857143,1.5217391304347827,350,,,,,,,,
,,,1.5217391304347827,350,0.39740341901779175,0.8186274509803921,0.8593155893536123,76.3116,,,,
0.4444,1.8732521533966064,0.004583333333333333,1.6304347826086958,375,,,,,,,,
,,,1.6304347826086958,375,0.3790677785873413,0.8259803921568627,0.864244741873805,81.6309,,,,
0.4365,0.7726545333862305,0.004523809523809524,1.7391304347826086,400,,,,,,,,
,,,1.7391304347826086,400,0.371961772441864,0.8406862745098039,0.8907563025210083,87.1465,,,,
0.6106,1.2504676580429077,0.004464285714285715,1.8478260869565217,425,,,,,,,,
,,,1.8478260869565217,425,0.7481318712234497,0.7598039215686274,0.8501529051987767,92.5984,,,,
0.5538,2.9245455265045166,0.004404761904761904,1.9565217391304348,450,,,,,,,,
,,,1.9565217391304348,450,0.3308578133583069,0.8725490196078431,0.91156462585034,98.1999,,,,
0.3909,0.6786770820617676,0.004345238095238096,2.0652173913043477,475,,,,,,,,
,,,2.0652173913043477,475,0.42297229170799255,0.8431372549019608,0.8954248366013072,103.5151,,,,
0.4111,5.365377426147461,0.004285714285714286,2.1739130434782608,500,,,,,,,,
,,,2.1739130434782608,500,0.44746533036231995,0.8455882352941176,0.896551724137931,108.9674,,,,
0.404,2.4416584968566895,0.004226190476190476,2.282608695652174,525,,,,,,,,
,,,2.282608695652174,525,0.3366345763206482,0.8676470588235294,0.9072164948453608,114.6817,,,,
0.3486,0.9868214130401611,0.004166666666666667,2.391304347826087,550,,,,,,,,
,,,2.391304347826087,550,0.3635757267475128,0.8504901960784313,0.8920353982300885,120.0569,,,,
0.3733,4.47328519821167,0.004107142857142857,2.5,575,,,,,,,,
,,,2.5,575,0.4816020131111145,0.8137254901960784,0.8793650793650793,125.5441,,,,
0.3334,1.7277061939239502,0.004047619047619048,2.608695652173913,600,,,,,,,,
,,,2.608695652173913,600,0.40922221541404724,0.8651960784313726,0.9053356282271946,130.9671,,,,
0.3632,1.5582575798034668,0.0039880952380952385,2.717391304347826,625,,,,,,,,
,,,2.717391304347826,625,0.3661741018295288,0.8529411764705882,0.8943661971830987,136.513,,,,
0.377,1.4028593301773071,0.003928571428571429,2.8260869565217392,650,,,,,,,,
,,,2.8260869565217392,650,0.33735379576683044,0.8578431372549019,0.8960573476702509,141.9616,,,,
0.3777,4.747778415679932,0.003869047619047619,2.9347826086956523,675,,,,,,,,
,,,2.9347826086956523,675,0.6703000664710999,0.7426470588235294,0.8406676783004553,147.4699,,,,
0.4114,1.6441572904586792,0.0038095238095238095,3.0434782608695654,700,,,,,,,,
,,,3.0434782608695654,700,0.3829320967197418,0.8480392156862745,0.89419795221843,152.7542,,,,
0.3407,0.9425948858261108,0.00375,3.1521739130434785,725,,,,,,,,
,,,3.1521739130434785,725,0.42212095856666565,0.8431372549019608,0.8900343642611684,158.1718,,,,
0.3079,1.1152514219284058,0.0036904761904761906,3.260869565217391,750,,,,,,,,
,,,3.260869565217391,750,0.3576154410839081,0.8578431372549019,0.8999999999999999,163.7233,,,,
0.2549,2.1703126430511475,0.003630952380952381,3.369565217391304,775,,,,,,,,
,,,3.369565217391304,775,0.41108545660972595,0.8553921568627451,0.8981001727115717,169.0274,,,,
0.3254,1.5241539478302002,0.0035714285714285718,3.4782608695652173,800,,,,,,,,
,,,3.4782608695652173,800,0.36158713698387146,0.8529411764705882,0.8969072164948454,174.4863,,,,
0.3682,1.3643790483474731,0.0035119047619047617,3.5869565217391304,825,,,,,,,,
,,,3.5869565217391304,825,0.4049161970615387,0.8578431372549019,0.9016949152542373,179.9432,,,,
0.324,2.3901777267456055,0.0034523809523809524,3.6956521739130435,850,,,,,,,,
,,,3.6956521739130435,850,0.40323492884635925,0.8333333333333334,0.8754578754578755,185.4586,,,,
0.3323,3.6389505863189697,0.003392857142857143,3.8043478260869565,875,,,,,,,,
,,,3.8043478260869565,875,0.4341684877872467,0.8431372549019608,0.8907849829351535,190.9732,,,,
0.3449,2.052093505859375,0.003333333333333333,3.9130434782608696,900,,,,,,,,
,,,3.9130434782608696,900,0.387527734041214,0.8578431372549019,0.8982456140350877,196.4313,,,,
0.3363,2.2459769248962402,0.003273809523809524,4.021739130434782,925,,,,,,,,
,,,4.021739130434782,925,0.3616713583469391,0.8406862745098039,0.8849557522123894,201.8291,,,,
0.2507,0.35766059160232544,0.0032142857142857147,4.130434782608695,950,,,,,,,,
,,,4.130434782608695,950,0.39534491300582886,0.8406862745098039,0.8885077186963979,207.2753,,,,
0.2906,1.9245802164077759,0.0031547619047619046,4.239130434782608,975,,,,,,,,
,,,4.239130434782608,975,0.4218738377094269,0.8529411764705882,0.8996655518394648,212.6394,,,,
0.3109,2.4770963191986084,0.0030952380952380953,4.3478260869565215,1000,,,,,,,,
,,,4.3478260869565215,1000,0.36343252658843994,0.8431372549019608,0.8881118881118882,218.0559,,,,
0.2932,5.234210968017578,0.0030357142857142857,4.456521739130435,1025,,,,,,,,
,,,4.456521739130435,1025,0.4744876027107239,0.8357843137254902,0.8838821490467937,223.7949,,,,
0.2434,4.111296653747559,0.002976190476190476,4.565217391304348,1050,,,,,,,,
,,,4.565217391304348,1050,0.476986825466156,0.8357843137254902,0.8862478777589134,229.3579,,,,
0.2392,0.6493315696716309,0.002916666666666667,4.673913043478261,1075,,,,,,,,
,,,4.673913043478261,1075,0.3911718428134918,0.8578431372549019,0.9003436426116839,234.7834,,,,
0.2562,0.5382487773895264,0.002857142857142857,4.782608695652174,1100,,,,,,,,
,,,4.782608695652174,1100,0.4365966022014618,0.8480392156862745,0.8963210702341137,240.249,,,,
0.3177,2.7185590267181396,0.002797619047619048,4.891304347826087,1125,,,,,,,,
,,,4.891304347826087,1125,0.35581108927726746,0.8504901960784313,0.8884826325411335,245.6776,,,,
0.25,0.11665097624063492,0.0027380952380952383,5.0,1150,,,,,,,,
,,,5.0,1150,0.3961002826690674,0.8553921568627451,0.8901303538175047,251.1575,,,,
0.2016,0.32830610871315,0.0026785714285714286,5.108695652173913,1175,,,,,,,,
,,,5.108695652173913,1175,0.41516557335853577,0.8578431372549019,0.8971631205673759,256.5667,,,,
0.2371,3.130154848098755,0.0026190476190476194,5.217391304347826,1200,,,,,,,,
,,,5.217391304347826,1200,0.4027145206928253,0.8627450980392157,0.904109589041096,262.0122,,,,
0.2443,1.8424967527389526,0.0025595238095238093,5.326086956521739,1225,,,,,,,,
,,,5.326086956521739,1225,0.42019033432006836,0.8553921568627451,0.8966725043782837,267.5365,,,,
0.2497,1.3158663511276245,0.0025,5.434782608695652,1250,,,,,,,,
,,,5.434782608695652,1250,0.39303138852119446,0.8553921568627451,0.8991452991452993,272.9216,,,,
0.1825,1.4892559051513672,0.0024404761904761904,5.543478260869565,1275,,,,,,,,
,,,5.543478260869565,1275,0.4890013337135315,0.8627450980392157,0.903114186851211,278.3431,,,,
0.2754,1.2248239517211914,0.0023809523809523807,5.6521739130434785,1300,,,,,,,,
,,,5.6521739130434785,1300,0.4440340995788574,0.8553921568627451,0.8977469670710572,283.7609,,,,
0.2191,0.8309521675109863,0.0023214285714285715,5.760869565217392,1325,,,,,,,,
,,,5.760869565217392,1325,0.42359980940818787,0.8357843137254902,0.8761552680221812,289.2909,,,,
0.2689,3.3106300830841064,0.002261904761904762,5.869565217391305,1350,,,,,,,,
,,,5.869565217391305,1350,0.42241570353507996,0.8529411764705882,0.8913043478260869,294.8475,,,,
0.2383,1.5567203760147095,0.002202380952380952,5.978260869565218,1375,,,,,,,,
,,,5.978260869565218,1375,0.40713223814964294,0.8651960784313726,0.9053356282271946,300.3849,,,,
0.1284,5.379538059234619,0.002142857142857143,6.086956521739131,1400,,,,,,,,
,,,6.086956521739131,1400,0.833127498626709,0.8431372549019608,0.8947368421052632,305.8298,,,,
0.2802,1.644929051399231,0.0020833333333333333,6.195652173913044,1425,,,,,,,,
,,,6.195652173913044,1425,0.42832237482070923,0.8651960784313726,0.9043478260869565,311.4275,,,,
0.2021,2.526148796081543,0.002023809523809524,6.304347826086957,1450,,,,,,,,
,,,6.304347826086957,1450,0.4276508390903473,0.8651960784313726,0.9023090586145649,316.8242,,,,
0.2472,0.24612683057785034,0.0019642857142857144,6.413043478260869,1475,,,,,,,,
,,,6.413043478260869,1475,0.4199807345867157,0.8602941176470589,0.8994708994708994,322.2701,,,,
0.2535,0.5083647966384888,0.0019047619047619048,6.521739130434782,1500,,,,,,,,
,,,6.521739130434782,1500,0.4185727834701538,0.8504901960784313,0.891651865008881,327.6615,,,,
0.2609,1.828262209892273,0.0018452380952380953,6.630434782608695,1525,,,,,,,,
,,,6.630434782608695,1525,0.46566012501716614,0.8480392156862745,0.8970099667774086,333.5699,,,,
0.2467,1.120485782623291,0.0017857142857142859,6.739130434782608,1550,,,,,,,,
,,,6.739130434782608,1550,0.3876320421695709,0.8529411764705882,0.8943661971830987,338.9378,,,,
0.1433,1.376686453819275,0.0017261904761904762,6.8478260869565215,1575,,,,,,,,
,,,6.8478260869565215,1575,0.5130054950714111,0.8602941176470589,0.9008695652173914,344.4256,,,,
0.2383,1.694686770439148,0.0016666666666666666,6.956521739130435,1600,,,,,,,,
,,,6.956521739130435,1600,0.5105094313621521,0.8504901960784313,0.8974789915966387,349.9278,,,,
0.1579,1.2474569082260132,0.0016071428571428573,7.065217391304348,1625,,,,,,,,
,,,7.065217391304348,1625,0.48680174350738525,0.8578431372549019,0.8982456140350877,355.2804,,,,
0.1712,1.5727306604385376,0.0015476190476190477,7.173913043478261,1650,,,,,,,,
,,,7.173913043478261,1650,0.5081939697265625,0.8504901960784313,0.8927943760984183,360.7494,,,,
0.1714,0.9948566555976868,0.001488095238095238,7.282608695652174,1675,,,,,,,,
,,,7.282608695652174,1675,0.44283705949783325,0.8725490196078431,0.9100346020761245,366.1728,,,,
0.2118,1.0698386430740356,0.0014285714285714286,7.391304347826087,1700,,,,,,,,
,,,7.391304347826087,1700,0.41256654262542725,0.8602941176470589,0.900523560209424,371.7015,,,,
0.151,1.83457612991333,0.0013690476190476191,7.5,1725,,,,,,,,
,,,7.5,1725,0.43884673714637756,0.8627450980392157,0.900709219858156,377.2297,,,,
0.1876,1.5077050924301147,0.0013095238095238097,7.608695652173913,1750,,,,,,,,
,,,7.608695652173913,1750,0.4316198229789734,0.8553921568627451,0.8987993138936535,382.7671,,,,
0.1875,4.40870475769043,0.00125,7.717391304347826,1775,,,,,,,,
,,,7.717391304347826,1775,0.49582305550575256,0.8529411764705882,0.8986486486486487,388.2404,,,,
0.1354,3.350034475326538,0.0011904761904761904,7.826086956521739,1800,,,,,,,,
,,,7.826086956521739,1800,0.49603471159935,0.8529411764705882,0.896551724137931,393.684,,,,
0.1968,1.837522268295288,0.001130952380952381,7.934782608695652,1825,,,,,,,,
,,,7.934782608695652,1825,0.42657017707824707,0.8529411764705882,0.8913043478260869,399.2961,,,,
0.1796,3.729034662246704,0.0010714285714285715,8.043478260869565,1850,,,,,,,,
,,,8.043478260869565,1850,0.4272252917289734,0.8602941176470589,0.9008695652173914,404.6594,,,,
0.1289,2.0447936058044434,0.001011904761904762,8.152173913043478,1875,,,,,,,,
,,,8.152173913043478,1875,0.517370343208313,0.8553921568627451,0.8987993138936535,410.1602,,,,
0.1172,0.03872465342283249,0.0009523809523809524,8.26086956521739,1900,,,,,,,,
,,,8.26086956521739,1900,0.5100080370903015,0.8529411764705882,0.8951048951048952,415.6254,,,,
0.1413,0.21980731189250946,0.0008928571428571429,8.369565217391305,1925,,,,,,,,
,,,8.369565217391305,1925,0.5186330676078796,0.8529411764705882,0.894736842105263,421.188,,,,
0.1487,1.549452543258667,0.0008333333333333333,8.478260869565217,1950,,,,,,,,
,,,8.478260869565217,1950,0.5426421165466309,0.8529411764705882,0.8951048951048952,426.6936,,,,
0.123,2.9256553649902344,0.0007738095238095238,8.58695652173913,1975,,,,,,,,
,,,8.58695652173913,1975,0.5808178186416626,0.8480392156862745,0.8938356164383561,432.1822,,,,
0.2054,1.0949567556381226,0.0007142857142857143,8.695652173913043,2000,,,,,,,,
,,,8.695652173913043,2000,0.4827885627746582,0.8553921568627451,0.8977469670710572,437.6084,,,,
0.1174,2.9800918102264404,0.0006547619047619048,8.804347826086957,2025,,,,,,,,
,,,8.804347826086957,2025,0.48846495151519775,0.8406862745098039,0.8857644991212652,443.2647,,,,
0.1621,2.0306923389434814,0.0005952380952380952,8.91304347826087,2050,,,,,,,,
,,,8.91304347826087,2050,0.5257019400596619,0.8529411764705882,0.8969072164948454,448.7852,,,,
0.1623,1.9521112442016602,0.0005357142857142857,9.021739130434783,2075,,,,,,,,
,,,9.021739130434783,2075,0.4644969403743744,0.8455882352941176,0.8880994671403197,454.1263,,,,
0.0865,0.16082485020160675,0.0004761904761904762,9.130434782608695,2100,,,,,,,,
,,,9.130434782608695,2100,0.5055699348449707,0.8529411764705882,0.8958333333333334,459.6012,,,,
0.1123,0.4662162661552429,0.00041666666666666664,9.23913043478261,2125,,,,,,,,
,,,9.23913043478261,2125,0.5436305403709412,0.8578431372549019,0.8999999999999999,465.0133,,,,
0.1541,1.2740156650543213,0.00035714285714285714,9.347826086956522,2150,,,,,,,,
,,,9.347826086956522,2150,0.5466354489326477,0.8553921568627451,0.8987993138936535,470.4734,,,,
0.1803,0.49475109577178955,0.0002976190476190476,9.456521739130435,2175,,,,,,,,
,,,9.456521739130435,2175,0.4932444095611572,0.8529411764705882,0.8939929328621908,475.9561,,,,
0.1336,2.145674228668213,0.0002380952380952381,9.565217391304348,2200,,,,,,,,
,,,9.565217391304348,2200,0.5082178115844727,0.8529411764705882,0.8954703832752613,481.3589,,,,
0.1452,1.5872397422790527,0.00017857142857142857,9.673913043478262,2225,,,,,,,,
,,,9.673913043478262,2225,0.5092014670372009,0.8529411764705882,0.8958333333333334,486.8586,,,,
0.1476,0.47703537344932556,0.00011904761904761905,9.782608695652174,2250,,,,,,,,
,,,9.782608695652174,2250,0.4950413405895233,0.8529411764705882,0.8954703832752613,492.2784,,,,
0.1105,0.6137210130691528,5.9523809523809524e-05,9.891304347826086,2275,,,,,,,,
,,,9.891304347826086,2275,0.5007473826408386,0.8553921568627451,0.897391304347826,497.8342,,,,
0.105,0.08271495252847672,0.0,10.0,2300,,,,,,,,
,,,10.0,2300,0.49861806631088257,0.8504901960784313,0.893542757417103,503.2263,,,,
,,,10.0,2300,,,,502.898,72.937,4.573,1451518284707232.0,0.29906375620676123
