loss,grad_norm,learning_rate,epoch,step,eval_loss,eval_accuracy,eval_f1,train_runtime,train_samples_per_second,train_steps_per_second,total_flos,train_loss
1.0935,3.448720693588257,4.0000000000000003e-07,0.0625,1,,,,,,,,
1.1144,4.7972941398620605,4.000000000000001e-06,0.625,10,,,,,,,,
,,,0.625,10,1.1028110980987549,0.5,0.2222222222222222,5.9324,,,,
1.0929,3.924694061279297,8.000000000000001e-06,1.25,20,,,,,,,,
,,,1.25,20,1.0647865533828735,0.5,0.2222222222222222,11.6382,,,,
1.0309,3.546003818511963,1.2e-05,1.875,30,,,,,,,,
,,,1.875,30,0.9932621717453003,0.5,0.2222222222222222,17.1647,,,,
0.9151,4.048807144165039,1.6000000000000003e-05,2.5,40,,,,,,,,
,,,2.5,40,0.8418139815330505,0.6607142857142857,0.461392254692326,22.6583,,,,
0.7149,6.768845558166504,2e-05,3.125,50,,,,,,,,
,,,3.125,50,0.8238798975944519,0.6785714285714286,0.47391812865497074,28.2055,,,,
0.6926,9.808476448059082,1.925925925925926e-05,3.75,60,,,,,,,,
,,,3.75,60,0.7077731490135193,0.7321428571428571,0.5115440115440115,33.8797,,,,
0.4783,8.633337020874023,1.851851851851852e-05,4.375,70,,,,,,,,
,,,4.375,70,0.6624330878257751,0.7321428571428571,0.5122356854359705,39.191,,,,
0.2471,4.4558844566345215,1.7777777777777777e-05,5.0,80,,,,,,,,
,,,5.0,80,0.4328536093235016,0.8214285714285714,0.5732587933845795,44.724,,,,
0.2388,5.018857479095459,1.7037037037037038e-05,5.625,90,,,,,,,,
,,,5.625,90,0.5465843677520752,0.8214285714285714,0.5732587933845795,50.7232,,,,
0.2304,1.7725821733474731,1.6296296296296297e-05,6.25,100,,,,,,,,
,,,6.25,100,0.44467660784721375,0.8214285714285714,0.5741525423728813,56.0727,,,,
0.1082,0.6258354783058167,1.555555555555556e-05,6.875,110,,,,,,,,
,,,6.875,110,0.41437867283821106,0.8571428571428571,0.7028284998209812,61.5501,,,,
0.1043,1.261985421180725,1.4814814814814815e-05,7.5,120,,,,,,,,
,,,7.5,120,0.3756429851055145,0.8392857142857143,0.7756172839506172,66.6065,,,,
0.0329,0.7032519578933716,1.4074074074074075e-05,8.125,130,,,,,,,,
,,,8.125,130,0.404632031917572,0.875,0.8317685047193243,72.3707,,,,
0.017,2.6103482246398926,1.3333333333333333e-05,8.75,140,,,,,,,,
,,,8.75,140,0.38345596194267273,0.9107142857142857,0.8913565426170468,78.4758,,,,
0.0083,0.10327089577913284,1.2592592592592593e-05,9.375,150,,,,,,,,
,,,9.375,150,0.4327101707458496,0.9107142857142857,0.8913565426170468,84.0193,,,,
0.0047,0.06662758439779282,1.1851851851851852e-05,10.0,160,,,,,,,,
,,,10.0,160,0.3868318498134613,0.8392857142857143,0.8088848956773486,89.5516,,,,
0.003,0.048706118017435074,1.1111111111111113e-05,10.625,170,,,,,,,,
,,,10.625,170,0.25294551253318787,0.875,0.883794466403162,95.544,,,,
0.0033,0.06132036820054054,1.037037037037037e-05,11.25,180,,,,,,,,
,,,11.25,180,0.27550509572029114,0.875,0.883794466403162,101.0198,,,,
0.0022,0.03927484527230263,9.62962962962963e-06,11.875,190,,,,,,,,
,,,11.875,190,0.31397268176078796,0.8928571428571429,0.8969456469456469,106.9605,,,,
0.002,0.026588518172502518,8.888888888888888e-06,12.5,200,,,,,,,,
,,,12.5,200,0.34549659490585327,0.8928571428571429,0.8771043771043772,112.3447,,,,
0.0019,0.0274826493114233,8.148148148148148e-06,13.125,210,,,,,,,,
,,,13.125,210,0.3622869849205017,0.8928571428571429,0.8771043771043772,117.7877,,,,
0.0018,0.03413088992238045,7.4074074074074075e-06,13.75,220,,,,,,,,
,,,13.75,220,0.36252886056900024,0.8928571428571429,0.8771043771043772,123.8435,,,,
0.0016,0.03235404193401337,6.666666666666667e-06,14.375,230,,,,,,,,
,,,14.375,230,0.35998234152793884,0.8928571428571429,0.8771043771043772,129.7435,,,,
0.0016,0.03855391591787338,5.925925925925926e-06,15.0,240,,,,,,,,
,,,15.0,240,0.35602498054504395,0.8928571428571429,0.8771043771043772,135.095,,,,
0.0015,0.01844598725438118,5.185185185185185e-06,15.625,250,,,,,,,,
,,,15.625,250,0.356399804353714,0.8928571428571429,0.8971989397521313,140.6898,,,,
0.0015,0.02318856492638588,4.444444444444444e-06,16.25,260,,,,,,,,
,,,16.25,260,0.35826176404953003,0.8928571428571429,0.8971989397521313,146.4349,,,,
0.0014,0.03795376047492027,3.7037037037037037e-06,16.875,270,,,,,,,,
,,,16.875,270,0.35846906900405884,0.8928571428571429,0.8971989397521313,152.1501,,,,
0.0014,0.019446486607193947,2.962962962962963e-06,17.5,280,,,,,,,,
,,,17.5,280,0.3590230643749237,0.8928571428571429,0.8971989397521313,158.0604,,,,
0.0013,0.02116481028497219,2.222222222222222e-06,18.125,290,,,,,,,,
,,,18.125,290,0.35848966240882874,0.8928571428571429,0.8971989397521313,163.5602,,,,
0.0013,0.019780749455094337,1.4814814814814815e-06,18.75,300,,,,,,,,
,,,18.75,300,0.3611447215080261,0.8928571428571429,0.8971989397521313,169.5385,,,,
0.0013,0.024606764316558838,7.407407407407407e-07,19.375,310,,,,,,,,
,,,19.375,310,0.361501544713974,0.8928571428571429,0.8971989397521313,174.646,,,,
0.0014,0.02596648782491684,0.0,20.0,320,,,,,,,,
,,,20.0,320,0.36111757159233093,0.8928571428571429,0.8971989397521313,180.4198,,,,
,,,20.0,320,,,,179.9544,27.785,1.778,446840583950880.0,0.22053782823495566
