loss,grad_norm,learning_rate,epoch,step,eval_loss,eval_accuracy,eval_f1,train_runtime,train_samples_per_second,train_steps_per_second,total_flos,train_loss
1.0935,3.448720693588257,1.0000000000000001e-07,0.0625,1,,,,,,,,
1.1192,4.971843719482422,1.0000000000000002e-06,0.625,10,,,,,,,,
,,,0.625,10,1.112546443939209,0.35714285714285715,0.21164021164021166,5.9522,,,,
1.1188,3.8153328895568848,2.0000000000000003e-06,1.25,20,,,,,,,,
,,,1.25,20,1.1020269393920898,0.5,0.2222222222222222,11.6394,,,,
1.0969,4.046699523925781,3e-06,1.875,30,,,,,,,,
,,,1.875,30,1.0851761102676392,0.5,0.2222222222222222,17.208,,,,
1.0779,3.5466251373291016,4.000000000000001e-06,2.5,40,,,,,,,,
,,,2.5,40,1.0625282526016235,0.5,0.2222222222222222,22.6624,,,,
1.0394,3.552642345428467,5e-06,3.125,50,,,,,,,,
,,,3.125,50,1.0309836864471436,0.5,0.2222222222222222,28.2138,,,,
0.9909,3.486428737640381,4.814814814814815e-06,3.75,60,,,,,,,,
,,,3.75,60,0.983910083770752,0.5357142857142857,0.29907407407407405,33.8927,,,,
0.9204,3.1071648597717285,4.62962962962963e-06,4.375,70,,,,,,,,
,,,4.375,70,0.8988848924636841,0.6785714285714286,0.47359617682198324,39.2004,,,,
0.7962,6.7544026374816895,4.444444444444444e-06,5.0,80,,,,,,,,
,,,5.0,80,0.8112329840660095,0.6785714285714286,0.474468085106383,44.7624,,,,
0.6866,4.803788185119629,4.2592592592592596e-06,5.625,90,,,,,,,,
,,,5.625,90,0.793899416923523,0.6785714285714286,0.47391812865497074,50.7276,,,,
0.7053,5.852994441986084,4.074074074074074e-06,6.25,100,,,,,,,,
,,,6.25,100,0.7736434936523438,0.6785714285714286,0.47478301665493783,56.1134,,,,
0.5909,6.146344184875488,3.88888888888889e-06,6.875,110,,,,,,,,
,,,6.875,110,0.7849981188774109,0.6964285714285714,0.4872881355932203,61.5685,,,,
0.6709,8.726295471191406,3.7037037037037037e-06,7.5,120,,,,,,,,
,,,7.5,120,0.7330296635627747,0.6964285714285714,0.486277269528501,66.6285,,,,
0.5482,13.212944030761719,3.5185185185185187e-06,8.125,130,,,,,,,,
,,,8.125,130,0.7117466330528259,0.6964285714285714,0.486277269528501,72.4152,,,,
0.5132,7.493138313293457,3.3333333333333333e-06,8.75,140,,,,,,,,
,,,8.75,140,0.6750207543373108,0.6785714285714286,0.474468085106383,78.489,,,,
0.473,8.458783149719238,3.1481481481481483e-06,9.375,150,,,,,,,,
,,,9.375,150,0.6383322477340698,0.6964285714285714,0.486277269528501,84.0951,,,,
0.4566,8.820842742919922,2.962962962962963e-06,10.0,160,,,,,,,,
,,,10.0,160,0.5955390930175781,0.7142857142857143,0.4991636798088411,89.6079,,,,
0.3482,5.328256607055664,2.7777777777777783e-06,10.625,170,,,,,,,,
,,,10.625,170,0.546176552772522,0.7678571428571429,0.5376574008077929,95.6372,,,,
0.3991,7.916483402252197,2.5925925925925925e-06,11.25,180,,,,,,,,
,,,11.25,180,0.5130881667137146,0.7678571428571429,0.5376574008077929,101.0979,,,,
0.2835,4.3093719482421875,2.4074074074074075e-06,11.875,190,,,,,,,,
,,,11.875,190,0.48445653915405273,0.7857142857142857,0.5489642184557438,107.0809,,,,
0.2383,9.968656539916992,2.222222222222222e-06,12.5,200,,,,,,,,
,,,12.5,200,0.4708879292011261,0.8035714285714286,0.5607017543859648,112.478,,,,
0.2456,8.707130432128906,2.037037037037037e-06,13.125,210,,,,,,,,
,,,13.125,210,0.460293710231781,0.7857142857142857,0.5489642184557438,117.9251,,,,
0.2251,10.914237022399902,1.8518518518518519e-06,13.75,220,,,,,,,,
,,,13.75,220,0.43534794449806213,0.8035714285714286,0.561576354679803,124.0183,,,,
0.1916,3.70569109916687,1.6666666666666667e-06,14.375,230,,,,,,,,
,,,14.375,230,0.4168313443660736,0.8035714285714286,0.561576354679803,129.9001,,,,
0.2374,10.08745002746582,1.4814814814814815e-06,15.0,240,,,,,,,,
,,,15.0,240,0.4134621322154999,0.8035714285714286,0.561576354679803,135.2802,,,,
0.1727,2.29799485206604,1.2962962962962962e-06,15.625,250,,,,,,,,
,,,15.625,250,0.3934142291545868,0.8035714285714286,0.561576354679803,140.8712,,,,
0.1715,4.411931037902832,1.111111111111111e-06,16.25,260,,,,,,,,
,,,16.25,260,0.3960641324520111,0.8035714285714286,0.561576354679803,146.6379,,,,
0.1516,11.766674995422363,9.259259259259259e-07,16.875,270,,,,,,,,
,,,16.875,270,0.41001272201538086,0.7857142857142857,0.5485863625564268,152.3446,,,,
0.1952,4.187317848205566,7.407407407407407e-07,17.5,280,,,,,,,,
,,,17.5,280,0.39907437562942505,0.7857142857142857,0.5485863625564268,158.2241,,,,
0.1199,5.256821155548096,5.555555555555555e-07,18.125,290,,,,,,,,
,,,18.125,290,0.39378538727760315,0.8035714285714286,0.561576354679803,163.728,,,,
0.1523,6.90256929397583,3.7037037037037036e-07,18.75,300,,,,,,,,
,,,18.75,300,0.3973238468170166,0.8035714285714286,0.561576354679803,169.6784,,,,
0.1491,3.677885055541992,1.8518518518518518e-07,19.375,310,,,,,,,,
,,,19.375,310,0.39530831575393677,0.7857142857142857,0.5489642184557438,174.8161,,,,
0.1472,8.151728630065918,0.0,20.0,320,,,,,,,,
,,,20.0,320,0.3945937156677246,0.7857142857142857,0.5489642184557438,180.5804,,,,
,,,20.0,320,,,,180.1103,27.761,1.777,446840583950880.0,0.5071898493915796
