loss,grad_norm,learning_rate,epoch,step,eval_loss,eval_accuracy,train_runtime,train_samples_per_second,train_steps_per_second,total_flos,train_loss
0.718,1.7388025522232056,3.5e-06,0.00641025641025641,1,,,,,,,
0.7039,2.038104295730591,8.75e-05,0.16025641025641027,25,,,,,,,
,,,0.16025641025641027,25,0.7059584856033325,0.4729241877256318,10.8101,,,,
0.7233,1.0390651226043701,0.000175,0.32051282051282054,50,,,,,,,
,,,0.32051282051282054,50,0.6935579180717468,0.5270758122743683,21.0557,,,,
0.699,0.5505679249763489,0.0002625,0.4807692307692308,75,,,,,,,
,,,0.4807692307692308,75,0.6969677805900574,0.5270758122743683,32.6172,,,,
0.7016,1.848496437072754,0.00035,0.6410256410256411,100,,,,,,,
,,,0.6410256410256411,100,0.6875911951065063,0.5270758122743683,43.2636,,,,
0.6989,3.3057658672332764,0.0004375,0.8012820512820513,125,,,,,,,
,,,0.8012820512820513,125,0.6842265129089355,0.555956678700361,54.6505,,,,
0.6979,2.036412000656128,0.000525,0.9615384615384616,150,,,,,,,
,,,0.9615384615384616,150,0.6717221736907959,0.5703971119133574,65.2585,,,,
0.6905,5.991537570953369,0.0006125,1.1217948717948718,175,,,,,,,
,,,1.1217948717948718,175,0.740971028804779,0.4729241877256318,76.2138,,,,
0.6763,10.988944053649902,0.0007,1.282051282051282,200,,,,,,,
,,,1.282051282051282,200,0.677769124507904,0.5848375451263538,87.1524,,,,
0.7343,7.864945888519287,0.0006871323529411764,1.4423076923076923,225,,,,,,,
,,,1.4423076923076923,225,0.6849392652511597,0.5667870036101083,97.8645,,,,
0.7031,12.72243881225586,0.0006742647058823529,1.6025641025641026,250,,,,,,,
,,,1.6025641025641026,250,0.66438227891922,0.5884476534296029,108.7638,,,,
0.7045,6.637280464172363,0.0006613970588235294,1.7628205128205128,275,,,,,,,
,,,1.7628205128205128,275,0.7230312824249268,0.4729241877256318,119.2656,,,,
0.7027,1.4700862169265747,0.0006485294117647059,1.9230769230769231,300,,,,,,,
,,,1.9230769230769231,300,0.7841164469718933,0.4729241877256318,130.3324,,,,
0.7039,0.5608307123184204,0.0006356617647058823,2.0833333333333335,325,,,,,,,
,,,2.0833333333333335,325,0.6999875903129578,0.4729241877256318,140.786,,,,
0.7016,0.8906512260437012,0.0006227941176470587,2.2435897435897436,350,,,,,,,
,,,2.2435897435897436,350,0.7032370567321777,0.4729241877256318,151.4297,,,,
0.7035,1.5372711420059204,0.0006099264705882353,2.4038461538461537,375,,,,,,,
,,,2.4038461538461537,375,0.6946749687194824,0.4729241877256318,162.2071,,,,
0.7249,1.1144587993621826,0.0005970588235294117,2.564102564102564,400,,,,,,,
,,,2.564102564102564,400,0.6919443011283875,0.5270758122743683,172.9903,,,,
0.7016,0.44379812479019165,0.0005841911764705882,2.7243589743589745,425,,,,,,,
,,,2.7243589743589745,425,0.7082076668739319,0.4729241877256318,183.8112,,,,
0.7026,0.5253892540931702,0.0005713235294117647,2.8846153846153846,450,,,,,,,
,,,2.8846153846153846,450,0.7045992016792297,0.5270758122743683,194.6772,,,,
0.6888,0.4646311104297638,0.0005584558823529412,3.0448717948717947,475,,,,,,,
,,,3.0448717948717947,475,0.6935194730758667,0.4729241877256318,205.3125,,,,
0.7028,1.182349443435669,0.0005455882352941177,3.2051282051282053,500,,,,,,,
,,,3.2051282051282053,500,0.6932222843170166,0.4729241877256318,216.1932,,,,
0.7003,1.9427711963653564,0.0005327205882352941,3.3653846153846154,525,,,,,,,
,,,3.3653846153846154,525,0.6919840574264526,0.5270758122743683,227.394,,,,
0.7012,1.4471368789672852,0.0005198529411764706,3.5256410256410255,550,,,,,,,
,,,3.5256410256410255,550,0.6918187737464905,0.5270758122743683,237.7047,,,,
0.6987,0.3622957766056061,0.0005069852941176471,3.685897435897436,575,,,,,,,
,,,3.685897435897436,575,0.6921320557594299,0.5270758122743683,248.0491,,,,
0.6965,0.7871240973472595,0.0004941176470588236,3.8461538461538463,600,,,,,,,
,,,3.8461538461538463,600,0.6954684853553772,0.4729241877256318,259.117,,,,
0.7013,1.5036767721176147,0.00048125,4.006410256410256,625,,,,,,,
,,,4.006410256410256,625,0.6972560286521912,0.4729241877256318,270.0626,,,,
0.6928,0.6271137595176697,0.00046838235294117644,4.166666666666667,650,,,,,,,
,,,4.166666666666667,650,0.6930952072143555,0.5270758122743683,281.0225,,,,
0.7037,0.5786253809928894,0.00045551470588235297,4.326923076923077,675,,,,,,,
,,,4.326923076923077,675,0.6922190189361572,0.5270758122743683,291.4448,,,,
0.6958,0.8828461766242981,0.0004426470588235294,4.487179487179487,700,,,,,,,
,,,4.487179487179487,700,0.7028734683990479,0.4729241877256318,302.443,,,,
0.6919,0.8538413643836975,0.0004297794117647059,4.647435897435898,725,,,,,,,
,,,4.647435897435898,725,0.6916849613189697,0.5270758122743683,312.9118,,,,
0.7113,1.6135814189910889,0.00041691176470588234,4.8076923076923075,750,,,,,,,
,,,4.8076923076923075,750,0.6922349333763123,0.5270758122743683,323.7112,,,,
0.6873,1.0082058906555176,0.00040404411764705876,4.967948717948718,775,,,,,,,
,,,4.967948717948718,775,0.6960889101028442,0.5270758122743683,334.2948,,,,
0.6999,0.39260950684547424,0.0003911764705882353,5.128205128205128,800,,,,,,,
,,,5.128205128205128,800,0.6916853189468384,0.5270758122743683,345.2919,,,,
0.7023,1.2575421333312988,0.00037830882352941176,5.288461538461538,825,,,,,,,
,,,5.288461538461538,825,0.6917064785957336,0.5270758122743683,356.1131,,,,
0.699,0.6208776235580444,0.00036544117647058824,5.448717948717949,850,,,,,,,
,,,5.448717948717949,850,0.6939034461975098,0.4729241877256318,367.2686,,,,
0.6992,2.674395799636841,0.0003525735294117647,5.608974358974359,875,,,,,,,
,,,5.608974358974359,875,0.691831648349762,0.5270758122743683,378.2266,,,,
0.7008,2.4407103061676025,0.0003397058823529412,5.769230769230769,900,,,,,,,
,,,5.769230769230769,900,0.6971803307533264,0.4729241877256318,388.8122,,,,
0.6928,0.46875059604644775,0.00032683823529411766,5.92948717948718,925,,,,,,,
,,,5.92948717948718,925,0.694308876991272,0.4729241877256318,399.4232,,,,
0.6911,0.6376223564147949,0.00031397058823529414,6.089743589743589,950,,,,,,,
,,,6.089743589743589,950,0.6932806372642517,0.4729241877256318,410.1258,,,,
0.6938,1.2926923036575317,0.0003011029411764706,6.25,975,,,,,,,
,,,6.25,975,0.6916976571083069,0.5270758122743683,421.0921,,,,
0.6989,1.1505385637283325,0.00028823529411764703,6.410256410256411,1000,,,,,,,
,,,6.410256410256411,1000,0.6938297152519226,0.4729241877256318,431.5411,,,,
0.6938,1.1026734113693237,0.0002753676470588235,6.57051282051282,1025,,,,,,,
,,,6.57051282051282,1025,0.698479175567627,0.4729241877256318,442.6632,,,,
0.6931,0.5414159297943115,0.0002625,6.730769230769231,1050,,,,,,,
,,,6.730769230769231,1050,0.6957728266716003,0.4729241877256318,453.518,,,,
0.7004,0.8757320642471313,0.00024963235294117646,6.891025641025641,1075,,,,,,,
,,,6.891025641025641,1075,0.6920306086540222,0.5270758122743683,464.8908,,,,
0.6938,1.0857878923416138,0.00023676470588235296,7.051282051282051,1100,,,,,,,
,,,7.051282051282051,1100,0.6930614709854126,0.5270758122743683,475.4639,,,,
0.6946,0.7937950491905212,0.00022389705882352938,7.211538461538462,1125,,,,,,,
,,,7.211538461538462,1125,0.694908082485199,0.4729241877256318,485.9352,,,,
0.692,0.5775003433227539,0.00021102941176470586,7.371794871794872,1150,,,,,,,
,,,7.371794871794872,1150,0.6930152177810669,0.5270758122743683,497.4406,,,,
0.6963,0.341762512922287,0.00019816176470588236,7.532051282051282,1175,,,,,,,
,,,7.532051282051282,1175,0.6917126178741455,0.5270758122743683,507.9191,,,,
0.694,0.6922789216041565,0.00018529411764705883,7.6923076923076925,1200,,,,,,,
,,,7.6923076923076925,1200,0.6938296556472778,0.4729241877256318,518.5384,,,,
0.6957,0.8854349255561829,0.0001724264705882353,7.852564102564102,1225,,,,,,,
,,,7.852564102564102,1225,0.6916942596435547,0.5270758122743683,529.4596,,,,
0.6966,0.6144631505012512,0.00015955882352941176,8.012820512820513,1250,,,,,,,
,,,8.012820512820513,1250,0.6935917735099792,0.4729241877256318,540.2275,,,,
0.6946,0.7049177289009094,0.00014669117647058823,8.173076923076923,1275,,,,,,,
,,,8.173076923076923,1275,0.692943811416626,0.5270758122743683,551.0691,,,,
0.693,0.7990842461585999,0.0001338235294117647,8.333333333333334,1300,,,,,,,
,,,8.333333333333334,1300,0.6919909715652466,0.5270758122743683,561.5617,,,,
0.6933,1.3783550262451172,0.00012095588235294117,8.493589743589745,1325,,,,,,,
,,,8.493589743589745,1325,0.6919733881950378,0.5270758122743683,572.6978,,,,
0.6948,0.37624192237854004,0.00010808823529411764,8.653846153846153,1350,,,,,,,
,,,8.653846153846153,1350,0.6922740340232849,0.5270758122743683,583.016,,,,
0.6933,1.3525320291519165,9.52205882352941e-05,8.814102564102564,1375,,,,,,,
,,,8.814102564102564,1375,0.692623496055603,0.5270758122743683,593.7278,,,,
0.6939,0.46738412976264954,8.235294117647058e-05,8.974358974358974,1400,,,,,,,
,,,8.974358974358974,1400,0.6929466128349304,0.5270758122743683,604.2676,,,,
0.6932,0.28247344493865967,6.948529411764706e-05,9.134615384615385,1425,,,,,,,
,,,9.134615384615385,1425,0.6937780976295471,0.4729241877256318,614.8034,,,,
0.6955,0.37008583545684814,5.661764705882353e-05,9.294871794871796,1450,,,,,,,
,,,9.294871794871796,1450,0.692925751209259,0.5270758122743683,625.6056,,,,
0.693,0.5155020952224731,4.375e-05,9.455128205128204,1475,,,,,,,
,,,9.455128205128204,1475,0.6933506727218628,0.4729241877256318,636.1182,,,,
0.6947,0.38034769892692566,3.0882352941176475e-05,9.615384615384615,1500,,,,,,,
,,,9.615384615384615,1500,0.6925627589225769,0.5270758122743683,647.3614,,,,
0.6924,1.7778927087783813,1.801470588235294e-05,9.775641025641026,1525,,,,,,,
,,,9.775641025641026,1525,0.6925122141838074,0.5270758122743683,658.5861,,,,
0.6937,0.27088072896003723,5.147058823529411e-06,9.935897435897436,1550,,,,,,,
,,,9.935897435897436,1550,0.6925831437110901,0.5270758122743683,669.2288,,,,
,,,10.0,1560,,,672.0102,37.053,2.321,2110479545949120.0,0.6983927626640368
