loss,grad_norm,learning_rate,epoch,step,eval_loss,eval_accuracy,eval_f1,train_runtime,train_samples_per_second,train_steps_per_second,total_flos,train_loss
1.1672,4.064709186553955,4e-08,0.0625,1,,,,,,,,
1.1435,5.5389533042907715,4.0000000000000003e-07,0.625,10,,,,,,,,
,,,0.625,10,1.1305588483810425,0.4107142857142857,0.1940928270042194,6.014,,,,
1.1218,4.352255344390869,8.000000000000001e-07,1.25,20,,,,,,,,
,,,1.25,20,1.1257973909378052,0.4107142857142857,0.1940928270042194,11.715,,,,
1.1229,4.307584285736084,1.2000000000000002e-06,1.875,30,,,,,,,,
,,,1.875,30,1.1178548336029053,0.4107142857142857,0.1940928270042194,17.2526,,,,
1.0973,4.07192325592041,1.6000000000000001e-06,2.5,40,,,,,,,,
,,,2.5,40,1.106764554977417,0.4107142857142857,0.1940928270042194,22.7243,,,,
1.1001,4.355804443359375,2.0000000000000003e-06,3.125,50,,,,,,,,
,,,3.125,50,1.0925171375274658,0.4107142857142857,0.1940928270042194,28.274,,,,
1.0798,3.8785741329193115,2.4000000000000003e-06,3.75,60,,,,,,,,
,,,3.75,60,1.073917269706726,0.4107142857142857,0.1940928270042194,33.9767,,,,
1.036,3.178036689758301,2.8000000000000003e-06,4.375,70,,,,,,,,
,,,4.375,70,1.0455715656280518,0.4107142857142857,0.1940928270042194,39.291,,,,
0.9971,4.64152193069458,3.2000000000000003e-06,5.0,80,,,,,,,,
,,,5.0,80,1.0015581846237183,0.4107142857142857,0.1940928270042194,44.8482,,,,
0.9326,3.270996332168579,3.6000000000000003e-06,5.625,90,,,,,,,,
,,,5.625,90,0.9283105134963989,0.5,0.3082010582010582,50.838,,,,
0.8973,4.406116485595703,4.000000000000001e-06,6.25,100,,,,,,,,
,,,6.25,100,0.8464795351028442,0.6785714285714286,0.47391812865497074,56.2024,,,,
0.7519,4.689960956573486,4.4e-06,6.875,110,,,,,,,,
,,,6.875,110,0.8060362935066223,0.6785714285714286,0.47391812865497074,61.6681,,,,
0.8128,6.795538425445557,4.800000000000001e-06,7.5,120,,,,,,,,
,,,7.5,120,0.7940943837165833,0.6785714285714286,0.47391812865497074,66.7069,,,,
0.68,6.969104290008545,5.2e-06,8.125,130,,,,,,,,
,,,8.125,130,0.7743235230445862,0.6785714285714286,0.47391812865497074,72.4923,,,,
0.6135,5.891790390014648,5.600000000000001e-06,8.75,140,,,,,,,,
,,,8.75,140,0.7623171210289001,0.6964285714285714,0.486277269528501,78.5401,,,,
0.5798,10.521681785583496,6e-06,9.375,150,,,,,,,,
,,,9.375,150,0.7693099975585938,0.6785714285714286,0.47391812865497074,84.1073,,,,
0.5618,8.20755672454834,6.4000000000000006e-06,10.0,160,,,,,,,,
,,,10.0,160,0.6901731491088867,0.7142857142857143,0.49858757062146886,89.6101,,,,
0.4119,5.38834810256958,6.800000000000001e-06,10.625,170,,,,,,,,
,,,10.625,170,0.5869613885879517,0.7857142857142857,0.5483193277310924,95.5865,,,,
0.4308,7.340694904327393,7.2000000000000005e-06,11.25,180,,,,,,,,
,,,11.25,180,0.5189443230628967,0.7678571428571429,0.535075329566855,101.0383,,,,
0.2679,6.144402027130127,7.600000000000001e-06,11.875,190,,,,,,,,
,,,11.875,190,0.4930102229118347,0.8035714285714286,0.5607017543859648,106.9812,,,,
0.1701,6.131925582885742,8.000000000000001e-06,12.5,200,,,,,,,,
,,,12.5,200,0.46341967582702637,0.7857142857142857,0.5489642184557438,112.4096,,,,
0.1482,1.8849940299987793,8.400000000000001e-06,13.125,210,,,,,,,,
,,,13.125,210,0.3647013306617737,0.8571428571428571,0.5993408662900189,117.8348,,,,
0.1222,6.721739292144775,8.8e-06,13.75,220,,,,,,,,
,,,13.75,220,0.3753949701786041,0.8571428571428571,0.5994297933000713,123.9233,,,,
0.0841,7.016885757446289,9.200000000000002e-06,14.375,230,,,,,,,,
,,,14.375,230,0.4129151403903961,0.8035714285714286,0.561576354679803,129.8292,,,,
0.0917,6.163717746734619,9.600000000000001e-06,15.0,240,,,,,,,,
,,,15.0,240,0.35649213194847107,0.8392857142857143,0.5866760497302369,135.1885,,,,
0.0495,0.43825849890708923,1e-05,15.625,250,,,,,,,,
,,,15.625,250,0.33880987763404846,0.8928571428571429,0.8917876843408759,140.805,,,,
0.0278,10.381896018981934,1.04e-05,16.25,260,,,,,,,,
,,,16.25,260,0.4168405532836914,0.8928571428571429,0.8686335403726709,146.5815,,,,
0.0127,1.8605507612228394,1.0800000000000002e-05,16.875,270,,,,,,,,
,,,16.875,270,0.4235188663005829,0.8928571428571429,0.8663250558402313,152.2979,,,,
0.0126,0.47937723994255066,1.1200000000000001e-05,17.5,280,,,,,,,,
,,,17.5,280,0.4084487557411194,0.8928571428571429,0.8782051282051282,158.1955,,,,
0.0056,0.09064531326293945,1.16e-05,18.125,290,,,,,,,,
,,,18.125,290,0.3229863941669464,0.9285714285714286,0.9177522349936144,163.702,,,,
0.004,0.06393127888441086,1.2e-05,18.75,300,,,,,,,,
,,,18.75,300,0.3217514157295227,0.8928571428571429,0.8917876843408759,169.6678,,,,
0.003,0.2861767113208771,1.2400000000000002e-05,19.375,310,,,,,,,,
,,,19.375,310,0.3777182400226593,0.9285714285714286,0.9475308641975309,174.7783,,,,
0.0025,0.05027914419770241,1.2800000000000001e-05,20.0,320,,,,,,,,
,,,20.0,320,0.3875291645526886,0.9107142857142857,0.9342359767891683,180.5604,,,,
,,,20.0,320,,,,180.0201,27.775,1.778,446840583950880.0,0.5117237072845455
