loss,grad_norm,learning_rate,epoch,step,eval_loss,eval_accuracy,train_runtime,train_samples_per_second,train_steps_per_second,total_flos,train_loss
0.6773,1.0235929489135742,3.5e-06,0.00641025641025641,1,,,,,,,
0.7004,1.3402405977249146,0.000175,0.32051282051282054,50,,,,,,,
,,,0.32051282051282054,50,0.6944978833198547,0.5270758122743683,19.663,,,,
0.7012,0.6780281662940979,0.00035,0.6410256410256411,100,,,,,,,
,,,0.6410256410256411,100,0.6936178207397461,0.5270758122743683,40.7362,,,,
0.7002,2.0828514099121094,0.000525,0.9615384615384616,150,,,,,,,
,,,0.9615384615384616,150,0.6921066045761108,0.5270758122743683,61.4136,,,,
0.6957,3.9380035400390625,0.0007,1.282051282051282,200,,,,,,,
,,,1.282051282051282,200,0.6851759552955627,0.5523465703971119,82.0545,,,,
0.6844,1.5638841390609741,0.0006742647058823529,1.6025641025641026,250,,,,,,,
,,,1.6025641025641026,250,0.6561198234558105,0.6173285198555957,101.9525,,,,
0.69,1.3446663618087769,0.0006485294117647059,1.9230769230769231,300,,,,,,,
,,,1.9230769230769231,300,0.6298452019691467,0.6642599277978339,122.0755,,,,
0.5965,1.598207950592041,0.0006227941176470587,2.2435897435897436,350,,,,,,,
,,,2.2435897435897436,350,0.5621100068092346,0.703971119133574,141.7407,,,,
0.5316,2.6318984031677246,0.0005970588235294117,2.564102564102564,400,,,,,,,
,,,2.564102564102564,400,0.541711151599884,0.7328519855595668,161.9029,,,,
0.5443,4.145680904388428,0.0005713235294117647,2.8846153846153846,450,,,,,,,
,,,2.8846153846153846,450,0.6600787043571472,0.7184115523465704,182.2007,,,,
0.4373,3.759030818939209,0.0005455882352941177,3.2051282051282053,500,,,,,,,
,,,3.2051282051282053,500,0.559703528881073,0.776173285198556,202.3495,,,,
0.398,1.152665138244629,0.0005198529411764706,3.5256410256410255,550,,,,,,,
,,,3.5256410256410255,550,0.5173735618591309,0.7870036101083032,222.513,,,,
0.4333,5.801596641540527,0.0004941176470588236,3.8461538461538463,600,,,,,,,
,,,3.8461538461538463,600,0.5855136513710022,0.7545126353790613,242.6116,,,,
0.341,2.036079168319702,0.00046838235294117644,4.166666666666667,650,,,,,,,
,,,4.166666666666667,650,0.6091973781585693,0.7653429602888087,263.1205,,,,
0.2779,3.4656684398651123,0.0004426470588235294,4.487179487179487,700,,,,,,,
,,,4.487179487179487,700,0.7585428953170776,0.7509025270758123,283.0339,,,,
0.2985,9.392648696899414,0.00041691176470588234,4.8076923076923075,750,,,,,,,
,,,4.8076923076923075,750,0.8274624943733215,0.7292418772563177,302.978,,,,
0.2415,0.9556208848953247,0.0003911764705882353,5.128205128205128,800,,,,,,,
,,,5.128205128205128,800,1.1242173910140991,0.7833935018050542,323.0959,,,,
0.2055,5.534479141235352,0.00036544117647058824,5.448717948717949,850,,,,,,,
,,,5.448717948717949,850,0.9035799503326416,0.7653429602888087,343.9238,,,,
0.2078,3.388477325439453,0.0003397058823529412,5.769230769230769,900,,,,,,,
,,,5.769230769230769,900,0.8565215468406677,0.7725631768953068,364.0742,,,,
0.1745,2.2314321994781494,0.00031397058823529414,6.089743589743589,950,,,,,,,
,,,6.089743589743589,950,0.9674651622772217,0.7725631768953068,384.0653,,,,
0.1157,1.7460036277770996,0.00028823529411764703,6.410256410256411,1000,,,,,,,
,,,6.410256410256411,1000,1.1252049207687378,0.7581227436823105,404.0666,,,,
0.0899,6.178786277770996,0.0002625,6.730769230769231,1050,,,,,,,
,,,6.730769230769231,1050,1.2182934284210205,0.7942238267148014,424.646,,,,
0.141,3.7230191230773926,0.00023676470588235296,7.051282051282051,1100,,,,,,,
,,,7.051282051282051,1100,1.165718913078308,0.7617328519855595,445.2849,,,,
0.1045,7.261536598205566,0.00021102941176470586,7.371794871794872,1150,,,,,,,
,,,7.371794871794872,1150,1.134046196937561,0.7689530685920578,466.0303,,,,
0.0833,0.45219293236732483,0.00018529411764705883,7.6923076923076925,1200,,,,,,,
,,,7.6923076923076925,1200,1.3104677200317383,0.7581227436823105,485.6914,,,,
0.1017,0.0762314423918724,0.00015955882352941176,8.012820512820513,1250,,,,,,,
,,,8.012820512820513,1250,1.280495285987854,0.7545126353790613,505.9083,,,,
0.0565,3.4172770977020264,0.0001338235294117647,8.333333333333334,1300,,,,,,,
,,,8.333333333333334,1300,1.4764342308044434,0.7689530685920578,525.9459,,,,
0.0325,0.028775136917829514,0.00010808823529411764,8.653846153846153,1350,,,,,,,
,,,8.653846153846153,1350,1.5567278861999512,0.776173285198556,545.9284,,,,
0.0725,1.8574600219726562,8.235294117647058e-05,8.974358974358974,1400,,,,,,,
,,,8.974358974358974,1400,1.7057796716690063,0.7545126353790613,565.8891,,,,
0.0467,5.039845943450928,5.661764705882353e-05,9.294871794871796,1450,,,,,,,
,,,9.294871794871796,1450,1.701097846031189,0.7509025270758123,585.7367,,,,
0.0249,7.134218215942383,3.0882352941176475e-05,9.615384615384615,1500,,,,,,,
,,,9.615384615384615,1500,1.7451486587524414,0.7581227436823105,606.0429,,,,
0.0235,0.0052344780415296555,5.147058823529411e-06,9.935897435897436,1550,,,,,,,
,,,9.935897435897436,1550,1.740814208984375,0.7509025270758123,626.5404,,,,
,,,10.0,1560,,,629.5147,39.554,2.478,2139298724076480.0,0.3127459739263241
