loss,grad_norm,learning_rate,epoch,step,eval_loss,eval_accuracy,train_runtime,train_samples_per_second,train_steps_per_second,total_flos,train_loss
0.737,1.8590028285980225,5e-06,0.00641025641025641,1,,,,,,,
0.693,2.2923476696014404,0.000125,0.16025641025641027,25,,,,,,,
,,,0.16025641025641027,25,0.7046934962272644,0.4729241877256318,10.4691,,,,
0.7033,1.234208345413208,0.00025,0.32051282051282054,50,,,,,,,
,,,0.32051282051282054,50,0.6908722519874573,0.5270758122743683,20.4566,,,,
0.7105,0.9404389262199402,0.000375,0.4807692307692308,75,,,,,,,
,,,0.4807692307692308,75,0.6932218074798584,0.5270758122743683,31.6274,,,,
0.7095,1.7903125286102295,0.0005,0.6410256410256411,100,,,,,,,
,,,0.6410256410256411,100,0.6938686370849609,0.47653429602888087,41.8404,,,,
0.6912,3.1703341007232666,0.000625,0.8012820512820513,125,,,,,,,
,,,0.8012820512820513,125,0.6945833563804626,0.4693140794223827,52.7828,,,,
0.7157,2.331533670425415,0.00075,0.9615384615384616,150,,,,,,,
,,,0.9615384615384616,150,0.6899774074554443,0.5740072202166066,62.9329,,,,
0.7154,1.3186208009719849,0.000875,1.1217948717948718,175,,,,,,,
,,,1.1217948717948718,175,0.6943557858467102,0.5270758122743683,73.4763,,,,
0.7228,4.331211566925049,0.001,1.282051282051282,200,,,,,,,
,,,1.282051282051282,200,0.7074393033981323,0.5270758122743683,84.0299,,,,
0.724,0.7107595205307007,0.0009816176470588236,1.4423076923076923,225,,,,,,,
,,,1.4423076923076923,225,0.7184573411941528,0.4729241877256318,94.3044,,,,
0.7215,1.1457931995391846,0.0009632352941176471,1.6025641025641026,250,,,,,,,
,,,1.6025641025641026,250,0.724604070186615,0.4729241877256318,104.8234,,,,
0.7037,1.2085071802139282,0.0009448529411764706,1.7628205128205128,275,,,,,,,
,,,1.7628205128205128,275,0.6863000392913818,0.5415162454873647,114.9518,,,,
0.6914,1.1822080612182617,0.0009264705882352942,1.9230769230769231,300,,,,,,,
,,,1.9230769230769231,300,0.7012667655944824,0.4729241877256318,125.6955,,,,
0.6905,0.710444450378418,0.0009080882352941177,2.0833333333333335,325,,,,,,,
,,,2.0833333333333335,325,0.6921898722648621,0.48375451263537905,135.8361,,,,
0.684,0.6489118933677673,0.0008897058823529411,2.2435897435897436,350,,,,,,,
,,,2.2435897435897436,350,0.6748908162117004,0.6028880866425993,146.0567,,,,
0.6664,0.8553969264030457,0.0008713235294117648,2.4038461538461537,375,,,,,,,
,,,2.4038461538461537,375,0.6689611673355103,0.5703971119133574,156.476,,,,
0.6747,1.0217880010604858,0.0008529411764705882,2.564102564102564,400,,,,,,,
,,,2.564102564102564,400,0.6675240993499756,0.592057761732852,166.9433,,,,
0.6902,0.8775027394294739,0.0008345588235294118,2.7243589743589745,425,,,,,,,
,,,2.7243589743589745,425,0.6516770124435425,0.628158844765343,177.4856,,,,
0.6403,0.6273808479309082,0.0008161764705882353,2.8846153846153846,450,,,,,,,
,,,2.8846153846153846,450,0.657947838306427,0.6101083032490975,188.0698,,,,
0.6651,0.7407716512680054,0.0007977941176470589,3.0448717948717947,475,,,,,,,
,,,3.0448717948717947,475,0.6347448825836182,0.6570397111913358,198.3887,,,,
0.6626,0.7617616057395935,0.0007794117647058824,3.2051282051282053,500,,,,,,,
,,,3.2051282051282053,500,0.6344725489616394,0.628158844765343,208.9428,,,,
0.6719,1.9632364511489868,0.0007610294117647059,3.3653846153846154,525,,,,,,,
,,,3.3653846153846154,525,0.6301608085632324,0.6606498194945848,219.7064,,,,
0.6377,1.1530709266662598,0.0007426470588235294,3.5256410256410255,550,,,,,,,
,,,3.5256410256410255,550,0.6319172382354736,0.6389891696750902,229.6944,,,,
0.6402,0.6423934102058411,0.000724264705882353,3.685897435897436,575,,,,,,,
,,,3.685897435897436,575,0.6231473684310913,0.6534296028880866,239.7384,,,,
0.6558,1.1119612455368042,0.0007058823529411765,3.8461538461538463,600,,,,,,,
,,,3.8461538461538463,600,0.6245737075805664,0.6498194945848376,250.4099,,,,
0.5922,1.5974972248077393,0.0006875,4.006410256410256,625,,,,,,,
,,,4.006410256410256,625,0.6307026147842407,0.6642599277978339,260.9631,,,,
0.5949,0.8143681287765503,0.0006691176470588235,4.166666666666667,650,,,,,,,
,,,4.166666666666667,650,0.6119102239608765,0.6678700361010831,271.5482,,,,
0.6346,1.2687199115753174,0.0006507352941176471,4.326923076923077,675,,,,,,,
,,,4.326923076923077,675,0.6109787821769714,0.6678700361010831,281.575,,,,
0.6593,1.643375039100647,0.0006323529411764706,4.487179487179487,700,,,,,,,
,,,4.487179487179487,700,0.6054880619049072,0.6678700361010831,292.2383,,,,
0.6033,0.6906427145004272,0.0006139705882352942,4.647435897435898,725,,,,,,,
,,,4.647435897435898,725,0.6246147751808167,0.6642599277978339,302.336,,,,
0.622,2.3764588832855225,0.0005955882352941176,4.8076923076923075,750,,,,,,,
,,,4.8076923076923075,750,0.6871602535247803,0.6209386281588448,312.738,,,,
0.6186,2.06075119972229,0.0005772058823529412,4.967948717948718,775,,,,,,,
,,,4.967948717948718,775,0.6590047478675842,0.6462093862815884,323.0327,,,,
0.6042,1.046026587486267,0.0005588235294117647,5.128205128205128,800,,,,,,,
,,,5.128205128205128,800,0.6091443300247192,0.6678700361010831,333.6383,,,,
0.5888,1.604595422744751,0.0005404411764705883,5.288461538461538,825,,,,,,,
,,,5.288461538461538,825,0.7095246315002441,0.6209386281588448,344.1405,,,,
0.6083,0.905243456363678,0.0005220588235294118,5.448717948717949,850,,,,,,,
,,,5.448717948717949,850,0.5953273773193359,0.6787003610108303,354.9858,,,,
0.5708,1.6515640020370483,0.0005036764705882353,5.608974358974359,875,,,,,,,
,,,5.608974358974359,875,0.6274725794792175,0.6714801444043321,365.6396,,,,
0.5581,1.8001384735107422,0.0004852941176470588,5.769230769230769,900,,,,,,,
,,,5.769230769230769,900,0.6262668371200562,0.6678700361010831,375.86,,,,
0.6198,2.335486888885498,0.00046691176470588236,5.92948717948718,925,,,,,,,
,,,5.92948717948718,925,0.6131153106689453,0.6787003610108303,386.2077,,,,
0.6401,0.8041696548461914,0.0004485294117647059,6.089743589743589,950,,,,,,,
,,,6.089743589743589,950,0.6231189370155334,0.6678700361010831,396.5821,,,,
0.5856,1.2552928924560547,0.00043014705882352946,6.25,975,,,,,,,
,,,6.25,975,0.5894663333892822,0.6714801444043321,407.2284,,,,
0.6141,2.371598958969116,0.0004117647058823529,6.410256410256411,1000,,,,,,,
,,,6.410256410256411,1000,0.5907389521598816,0.6714801444043321,417.4212,,,,
0.5657,1.0182147026062012,0.00039338235294117646,6.57051282051282,1025,,,,,,,
,,,6.57051282051282,1025,0.6046032309532166,0.6787003610108303,428.2462,,,,
0.5548,0.7664816379547119,0.000375,6.730769230769231,1050,,,,,,,
,,,6.730769230769231,1050,0.5892834067344666,0.6642599277978339,438.7328,,,,
0.5623,1.4178318977355957,0.00035661764705882356,6.891025641025641,1075,,,,,,,
,,,6.891025641025641,1075,0.6042114496231079,0.6678700361010831,449.7312,,,,
0.537,1.0135537385940552,0.0003382352941176471,7.051282051282051,1100,,,,,,,
,,,7.051282051282051,1100,0.6010690331459045,0.6714801444043321,459.9712,,,,
0.5821,2.0926220417022705,0.00031985294117647055,7.211538461538462,1125,,,,,,,
,,,7.211538461538462,1125,0.6089382767677307,0.6642599277978339,470.1463,,,,
0.5483,1.171673059463501,0.0003014705882352941,7.371794871794872,1150,,,,,,,
,,,7.371794871794872,1150,0.6119796633720398,0.6678700361010831,481.3557,,,,
0.5515,1.43168044090271,0.00028308823529411766,7.532051282051282,1175,,,,,,,
,,,7.532051282051282,1175,0.6210636496543884,0.6678700361010831,491.4894,,,,
0.5311,1.097841739654541,0.0002647058823529412,7.6923076923076925,1200,,,,,,,
,,,7.6923076923076925,1200,0.5960614085197449,0.6714801444043321,501.7958,,,,
0.5787,1.4529069662094116,0.0002463235294117647,7.852564102564102,1225,,,,,,,
,,,7.852564102564102,1225,0.620010256767273,0.6714801444043321,512.3695,,,,
0.5998,2.875246047973633,0.00022794117647058823,8.012820512820513,1250,,,,,,,
,,,8.012820512820513,1250,0.5986738204956055,0.6750902527075813,522.7492,,,,
0.5855,0.9903855919837952,0.00020955882352941178,8.173076923076923,1275,,,,,,,
,,,8.173076923076923,1275,0.5982444882392883,0.6787003610108303,533.2873,,,,
0.5367,0.7131384015083313,0.00019117647058823528,8.333333333333334,1300,,,,,,,
,,,8.333333333333334,1300,0.6081262230873108,0.6787003610108303,543.4569,,,,
0.5599,1.1461530923843384,0.00017279411764705883,8.493589743589745,1325,,,,,,,
,,,8.493589743589745,1325,0.6221368312835693,0.6678700361010831,554.2328,,,,
0.5967,0.6408233642578125,0.00015441176470588235,8.653846153846153,1350,,,,,,,
,,,8.653846153846153,1350,0.5967826843261719,0.6823104693140795,564.1536,,,,
0.5223,3.0507469177246094,0.00013602941176470588,8.814102564102564,1375,,,,,,,
,,,8.814102564102564,1375,0.6248809695243835,0.6642599277978339,574.4555,,,,
0.5615,1.8585630655288696,0.00011764705882352942,8.974358974358974,1400,,,,,,,
,,,8.974358974358974,1400,0.6029569506645203,0.6859205776173285,584.655,,,,
0.5262,1.4464417695999146,9.926470588235294e-05,9.134615384615385,1425,,,,,,,
,,,9.134615384615385,1425,0.5996069312095642,0.6823104693140795,594.853,,,,
0.5756,0.8969354033470154,8.088235294117648e-05,9.294871794871796,1450,,,,,,,
,,,9.294871794871796,1450,0.6264481544494629,0.6714801444043321,605.2909,,,,
0.4954,1.5390162467956543,6.25e-05,9.455128205128204,1475,,,,,,,
,,,9.455128205128204,1475,0.6010963320732117,0.6823104693140795,615.4303,,,,
0.5409,0.8151156306266785,4.411764705882353e-05,9.615384615384615,1500,,,,,,,
,,,9.615384615384615,1500,0.6038339138031006,0.6823104693140795,626.2591,,,,
0.5211,2.4534895420074463,2.5735294117647057e-05,9.775641025641026,1525,,,,,,,
,,,9.775641025641026,1525,0.6020263433456421,0.6823104693140795,636.986,,,,
0.5866,0.8248522877693176,7.3529411764705884e-06,9.935897435897436,1550,,,,,,,
,,,9.935897435897436,1550,0.6011171340942383,0.6823104693140795,647.2948,,,,
,,,10.0,1560,,,649.9167,38.313,2.4,2107327448341440.0,0.6196593677004179
