loss,grad_norm,learning_rate,epoch,step,eval_loss,eval_accuracy,eval_f1,train_runtime,train_samples_per_second,train_steps_per_second,total_flos,train_loss
0.6801,0.5721284747123718,2.5e-06,0.0,1,,,,,,,,
0.7133,0.8243022561073303,6.25e-05,0.11,25,,,,,,,,
,,,0.11,25,0.6586077809333801,0.6838235294117647,0.8122270742358079,6.2316,,,,
0.6627,1.4602105617523193,0.000125,0.22,50,,,,,,,,
,,,0.22,50,0.62477046251297,0.6838235294117647,0.8122270742358079,12.1428,,,,
0.6384,2.684837579727173,0.0001875,0.33,75,,,,,,,,
,,,0.33,75,0.6222826838493347,0.6838235294117647,0.8122270742358079,18.2172,,,,
0.6395,0.6543549299240112,0.00025,0.43,100,,,,,,,,
,,,0.43,100,0.6173307299613953,0.6838235294117647,0.8122270742358079,24.2882,,,,
0.602,1.1042927503585815,0.0003125,0.54,125,,,,,,,,
,,,0.54,125,0.6113601922988892,0.6838235294117647,0.8122270742358079,30.3036,,,,
0.6327,3.8848893642425537,0.000375,0.65,150,,,,,,,,
,,,0.65,150,0.5911577343940735,0.7058823529411765,0.8208955223880596,36.2286,,,,
0.5939,2.2782537937164307,0.0004375,0.76,175,,,,,,,,
,,,0.76,175,0.5433924198150635,0.7230392156862745,0.8226059654631083,42.1836,,,,
0.5763,2.649534225463867,0.0005,0.87,200,,,,,,,,
,,,0.87,200,0.5054712891578674,0.7328431372549019,0.8304821150855365,48.0386,,,,
0.5648,1.1325271129608154,0.0004940476190476191,0.98,225,,,,,,,,
,,,0.98,225,0.5050718188285828,0.7769607843137255,0.852988691437803,53.7379,,,,
0.5388,2.3614659309387207,0.0004880952380952381,1.09,250,,,,,,,,
,,,1.09,250,0.5286796689033508,0.7450980392156863,0.8385093167701864,59.2822,,,,
0.4985,1.3257455825805664,0.00048214285714285715,1.2,275,,,,,,,,
,,,1.2,275,0.43128693103790283,0.7843137254901961,0.847750865051903,64.9532,,,,
0.5305,1.7938414812088013,0.0004761904761904762,1.3,300,,,,,,,,
,,,1.3,300,0.4539284408092499,0.7671568627450981,0.8484848484848485,70.6749,,,,
0.4666,3.5728960037231445,0.00047023809523809523,1.41,325,,,,,,,,
,,,1.41,325,0.5306950807571411,0.7254901960784313,0.7554585152838429,76.3655,,,,
0.5087,4.4149489402771,0.00046428571428571433,1.52,350,,,,,,,,
,,,1.52,350,0.4313633441925049,0.7769607843137255,0.8557844690966719,82.0949,,,,
0.4336,1.4314937591552734,0.0004583333333333333,1.63,375,,,,,,,,
,,,1.63,375,0.3554622530937195,0.8431372549019608,0.8840579710144927,87.796,,,,
0.3942,2.439781904220581,0.00045238095238095237,1.74,400,,,,,,,,
,,,1.74,400,0.33830147981643677,0.8529411764705882,0.8951048951048952,93.5636,,,,
0.4283,4.507647514343262,0.00044642857142857147,1.85,425,,,,,,,,
,,,1.85,425,0.3399905860424042,0.8529411764705882,0.896551724137931,99.4964,,,,
0.433,3.624379873275757,0.00044047619047619046,1.96,450,,,,,,,,
,,,1.96,450,0.36038678884506226,0.8504901960784313,0.8974789915966387,105.4067,,,,
0.4417,1.5755325555801392,0.00043452380952380956,2.07,475,,,,,,,,
,,,2.07,475,0.45452940464019775,0.7965686274509803,0.8692913385826772,111.1249,,,,
0.4117,1.8603912591934204,0.00042857142857142855,2.17,500,,,,,,,,
,,,2.17,500,0.3192407190799713,0.875,0.9081081081081082,116.9552,,,,
0.3969,3.5284650325775146,0.00042261904761904765,2.28,525,,,,,,,,
,,,2.28,525,0.33037108182907104,0.8602941176470589,0.8954128440366973,123.0712,,,,
0.3516,1.1771891117095947,0.0004166666666666667,2.39,550,,,,,,,,
,,,2.39,550,0.3160231411457062,0.8651960784313726,0.9023090586145649,128.8268,,,,
0.3872,1.304665207862854,0.0004107142857142857,2.5,575,,,,,,,,
,,,2.5,575,0.31680893898010254,0.8627450980392157,0.903114186851211,134.6817,,,,
0.3409,2.3504016399383545,0.0004047619047619048,2.61,600,,,,,,,,
,,,2.61,600,0.3129614591598511,0.875,0.9100529100529101,140.4313,,,,
0.383,1.4298774003982544,0.00039880952380952383,2.72,625,,,,,,,,
,,,2.72,625,0.3196128010749817,0.8774509803921569,0.9140893470790378,146.3571,,,,
0.4495,2.6540093421936035,0.0003928571428571429,2.83,650,,,,,,,,
,,,2.83,650,0.3197211027145386,0.8676470588235294,0.9075342465753423,152.1585,,,,
0.3597,4.8237528800964355,0.0003869047619047619,2.93,675,,,,,,,,
,,,2.93,675,0.3246587812900543,0.875,0.9125214408233276,158.0436,,,,
0.3356,4.273692607879639,0.00038095238095238096,3.04,700,,,,,,,,
,,,3.04,700,0.3636678159236908,0.8700980392156863,0.9087779690189328,163.5769,,,,
0.3775,3.115882158279419,0.000375,3.15,725,,,,,,,,
,,,3.15,725,0.47357386350631714,0.8161764705882353,0.8792270531400967,169.3779,,,,
0.358,1.4272544384002686,0.00036904761904761905,3.26,750,,,,,,,,
,,,3.26,750,0.37999215722084045,0.8553921568627451,0.9015025041736227,175.1897,,,,
0.3171,4.792640209197998,0.0003630952380952381,3.37,775,,,,,,,,
,,,3.37,775,0.320000559091568,0.8799019607843137,0.9156626506024096,180.8671,,,,
0.3431,4.093437671661377,0.00035714285714285714,3.48,800,,,,,,,,
,,,3.48,800,0.30628323554992676,0.8725490196078431,0.9094076655052264,186.671,,,,
0.38,3.6010372638702393,0.0003511904761904762,3.59,825,,,,,,,,
,,,3.59,825,0.2859165370464325,0.8799019607843137,0.9129662522202486,192.4733,,,,
0.3527,1.6300681829452515,0.00034523809523809523,3.7,850,,,,,,,,
,,,3.7,850,0.29362738132476807,0.8725490196078431,0.9087719298245615,198.3748,,,,
0.3255,3.9961845874786377,0.00033928571428571433,3.8,875,,,,,,,,
,,,3.8,875,0.3020511567592621,0.8823529411764706,0.9151943462897526,204.1829,,,,
0.3385,2.048521041870117,0.0003333333333333333,3.91,900,,,,,,,,
,,,3.91,900,0.3445858061313629,0.8627450980392157,0.9057239057239057,210.067,,,,
0.3606,4.241881847381592,0.00032738095238095237,4.02,925,,,,,,,,
,,,4.02,925,0.38083717226982117,0.8480392156862745,0.8970099667774086,215.6991,,,,
0.3026,1.502742052078247,0.00032142857142857147,4.13,950,,,,,,,,
,,,4.13,950,0.31884056329727173,0.875,0.911917098445596,221.6266,,,,
0.3552,3.1016061305999756,0.00031547619047619046,4.24,975,,,,,,,,
,,,4.24,975,0.3181297481060028,0.8676470588235294,0.9059233449477352,227.2835,,,,
0.3495,1.3038437366485596,0.00030952380952380956,4.35,1000,,,,,,,,
,,,4.35,1000,0.31361737847328186,0.8553921568627451,0.8981001727115717,233.0973,,,,
0.3514,4.480467796325684,0.00030357142857142855,4.46,1025,,,,,,,,
,,,4.46,1025,0.30168676376342773,0.8725490196078431,0.9047619047619048,239.325,,,,
0.2928,4.631241798400879,0.00029761904761904765,4.57,1050,,,,,,,,
,,,4.57,1050,0.3166447877883911,0.8725490196078431,0.9087719298245615,245.2167,,,,
0.2907,1.1252973079681396,0.0002916666666666667,4.67,1075,,,,,,,,
,,,4.67,1075,0.31166887283325195,0.8725490196078431,0.9081272084805654,250.9739,,,,
0.2569,2.42628812789917,0.0002857142857142857,4.78,1100,,,,,,,,
,,,4.78,1100,0.3417593240737915,0.875,0.9109947643979057,256.8447,,,,
0.3066,2.9011828899383545,0.0002797619047619048,4.89,1125,,,,,,,,
,,,4.89,1125,0.303931325674057,0.875,0.9106830122591945,262.6371,,,,
0.2892,0.12376198172569275,0.0002738095238095238,5.0,1150,,,,,,,,
,,,5.0,1150,0.29878947138786316,0.8823529411764706,0.9151943462897526,268.5182,,,,
0.2586,1.2899953126907349,0.00026785714285714287,5.11,1175,,,,,,,,
,,,5.11,1175,0.3411925733089447,0.8774509803921569,0.9131944444444444,274.2517,,,,
0.3033,2.4703574180603027,0.0002619047619047619,5.22,1200,,,,,,,,
,,,5.22,1200,0.3078831434249878,0.8676470588235294,0.9072164948453608,280.1527,,,,
0.2661,1.6277894973754883,0.00025595238095238096,5.33,1225,,,,,,,,
,,,5.33,1225,0.3039911389350891,0.8848039215686274,0.9168141592920355,285.9711,,,,
0.3269,2.4432027339935303,0.00025,5.43,1250,,,,,,,,
,,,5.43,1250,0.31128162145614624,0.8799019607843137,0.9123434704830053,291.7395,,,,
0.2513,3.991514205932617,0.00024404761904761905,5.54,1275,,,,,,,,
,,,5.54,1275,0.31407293677330017,0.8774509803921569,0.9107142857142857,297.5047,,,,
0.2658,3.259314775466919,0.0002380952380952381,5.65,1300,,,,,,,,
,,,5.65,1300,0.3338809013366699,0.875,0.9100529100529101,303.3281,,,,
0.2643,1.7518746852874756,0.00023214285714285717,5.76,1325,,,,,,,,
,,,5.76,1325,0.3191571831703186,0.8627450980392157,0.9014084507042254,309.2403,,,,
0.3237,3.9077799320220947,0.00022619047619047618,5.87,1350,,,,,,,,
,,,5.87,1350,0.29113641381263733,0.8848039215686274,0.9162210338680927,315.1274,,,,
0.3092,1.3266141414642334,0.00022023809523809523,5.98,1375,,,,,,,,
,,,5.98,1375,0.2831706404685974,0.8774509803921569,0.9113475177304964,321.1213,,,,
0.1874,4.058255672454834,0.00021428571428571427,6.09,1400,,,,,,,,
,,,6.09,1400,0.44295957684516907,0.8529411764705882,0.9000000000000001,326.846,,,,
0.2936,1.4502516984939575,0.00020833333333333335,6.2,1425,,,,,,,,
,,,6.2,1425,0.31922516226768494,0.8823529411764706,0.9145907473309609,332.9115,,,,
0.2691,2.4509639739990234,0.0002023809523809524,6.3,1450,,,,,,,,
,,,6.3,1450,0.32651033997535706,0.875,0.9057301293900184,338.6129,,,,
0.2992,2.1056833267211914,0.00019642857142857144,6.41,1475,,,,,,,,
,,,6.41,1475,0.3142291307449341,0.8725490196078431,0.9097222222222222,344.493,,,,
0.3138,1.46719229221344,0.00019047619047619048,6.52,1500,,,,,,,,
,,,6.52,1500,0.2971229553222656,0.8823529411764706,0.9148936170212766,350.2605,,,,
0.2399,4.175886631011963,0.00018452380952380953,6.63,1525,,,,,,,,
,,,6.63,1525,0.33200788497924805,0.8725490196078431,0.9094076655052264,356.4737,,,,
0.2739,1.4929897785186768,0.00017857142857142857,6.74,1550,,,,,,,,
,,,6.74,1550,0.30727627873420715,0.8921568627450981,0.9202898550724639,362.2047,,,,
0.2746,2.544848918914795,0.00017261904761904762,6.85,1575,,,,,,,,
,,,6.85,1575,0.31582191586494446,0.8799019607843137,0.9132743362831858,368.0982,,,,
0.3071,1.449501395225525,0.00016666666666666666,6.96,1600,,,,,,,,
,,,6.96,1600,0.30229946970939636,0.8848039215686274,0.9159212880143113,373.961,,,,
0.1952,2.552584409713745,0.00016071428571428573,7.07,1625,,,,,,,,
,,,7.07,1625,0.31673064827919006,0.8921568627450981,0.9208633093525179,379.7119,,,,
0.2947,3.268754005432129,0.00015476190476190478,7.17,1650,,,,,,,,
,,,7.17,1650,0.3122994303703308,0.8872549019607843,0.9172661870503597,385.4689,,,,
0.2389,1.860575556755066,0.00014880952380952382,7.28,1675,,,,,,,,
,,,7.28,1675,0.30366289615631104,0.8970588235294118,0.9265734265734265,391.3162,,,,
0.2634,3.171712875366211,0.00014285714285714284,7.39,1700,,,,,,,,
,,,7.39,1700,0.2968496084213257,0.8897058823529411,0.9206349206349206,397.2137,,,,
0.262,1.8734891414642334,0.0001369047619047619,7.5,1725,,,,,,,,
,,,7.5,1725,0.2894535958766937,0.8897058823529411,0.918918918918919,403.1643,,,,
0.2696,1.912685751914978,0.00013095238095238096,7.61,1750,,,,,,,,
,,,7.61,1750,0.2844086289405823,0.8921568627450981,0.9217081850533807,408.9891,,,,
0.2775,2.7556822299957275,0.000125,7.72,1775,,,,,,,,
,,,7.72,1775,0.30632683634757996,0.8872549019607843,0.9184397163120569,414.8888,,,,
0.2528,1.97678804397583,0.00011904761904761905,7.83,1800,,,,,,,,
,,,7.83,1800,0.3095146119594574,0.8799019607843137,0.9129662522202486,420.6408,,,,
0.2351,1.0889630317687988,0.00011309523809523809,7.93,1825,,,,,,,,
,,,7.93,1825,0.29786017537117004,0.8823529411764706,0.9145907473309609,426.6796,,,,
0.3298,1.6144516468048096,0.00010714285714285714,8.04,1850,,,,,,,,
,,,8.04,1850,0.3140195608139038,0.8823529411764706,0.9163763066202091,432.3946,,,,
0.2526,3.6658263206481934,0.0001011904761904762,8.15,1875,,,,,,,,
,,,8.15,1875,0.29350289702415466,0.8872549019607843,0.9181494661921709,438.2195,,,,
0.2135,0.448991596698761,9.523809523809524e-05,8.26,1900,,,,,,,,
,,,8.26,1900,0.31144627928733826,0.8872549019607843,0.9187279151943463,444.1205,,,,
0.2216,2.1035029888153076,8.928571428571429e-05,8.37,1925,,,,,,,,
,,,8.37,1925,0.30423080921173096,0.8872549019607843,0.9184397163120569,450.0063,,,,
0.2339,2.616048812866211,8.333333333333333e-05,8.48,1950,,,,,,,,
,,,8.48,1950,0.3064260184764862,0.8897058823529411,0.9203539823008849,455.9638,,,,
0.257,4.447007656097412,7.738095238095239e-05,8.59,1975,,,,,,,,
,,,8.59,1975,0.3271014392375946,0.875,0.911917098445596,461.7275,,,,
0.2512,2.1962106227874756,7.142857142857142e-05,8.7,2000,,,,,,,,
,,,8.7,2000,0.30679959058761597,0.8897058823529411,0.9209138840070299,467.6154,,,,
0.2325,3.1998438835144043,6.547619047619048e-05,8.8,2025,,,,,,,,
,,,8.8,2025,0.30626121163368225,0.8946078431372549,0.9236234458259325,473.6399,,,,
0.2519,3.548916816711426,5.9523809523809524e-05,8.91,2050,,,,,,,,
,,,8.91,2050,0.31449371576309204,0.8946078431372549,0.9238938053097344,479.5808,,,,
0.2977,1.2888789176940918,5.357142857142857e-05,9.02,2075,,,,,,,,
,,,9.02,2075,0.3103131055831909,0.8946078431372549,0.9238938053097344,485.2519,,,,
0.2134,1.0603587627410889,4.761904761904762e-05,9.13,2100,,,,,,,,
,,,9.13,2100,0.3025856912136078,0.8848039215686274,0.9159212880143113,491.1429,,,,
0.2318,2.611067771911621,4.1666666666666665e-05,9.24,2125,,,,,,,,
,,,9.24,2125,0.3084045946598053,0.8897058823529411,0.9200710479573712,496.9461,,,,
0.2576,1.8750596046447754,3.571428571428571e-05,9.35,2150,,,,,,,,
,,,9.35,2150,0.31766173243522644,0.8872549019607843,0.9192982456140351,502.8001,,,,
0.227,1.1734908819198608,2.9761904761904762e-05,9.46,2175,,,,,,,,
,,,9.46,2175,0.3103058636188507,0.8872549019607843,0.9187279151943463,508.6279,,,,
0.2323,1.7013447284698486,2.380952380952381e-05,9.57,2200,,,,,,,,
,,,9.57,2200,0.3279303014278412,0.8774509803921569,0.9128919860627178,514.5068,,,,
0.2659,3.0969793796539307,1.7857142857142855e-05,9.67,2225,,,,,,,,
,,,9.67,2225,0.31775009632110596,0.8872549019607843,0.9187279151943463,520.3072,,,,
0.2206,2.0926597118377686,1.1904761904761905e-05,9.78,2250,,,,,,,,
,,,9.78,2250,0.31688061356544495,0.8872549019607843,0.9187279151943463,526.2054,,,,
0.2183,4.062551021575928,5.9523809523809525e-06,9.89,2275,,,,,,,,
,,,9.89,2275,0.3187728524208069,0.8897058823529411,0.9206349206349206,532.0849,,,,
0.1878,1.801222562789917,0.0,10.0,2300,,,,,,,,
,,,10.0,2300,0.317671000957489,0.8872549019607843,0.9187279151943463,537.9227,,,,
,,,10.0,2300,,,,537.5246,68.239,4.279,1453534138652064.0,0.3431892449182013
