loss,grad_norm,learning_rate,epoch,step,eval_loss,eval_accuracy,train_runtime,train_samples_per_second,train_steps_per_second,total_flos,train_loss
0.6953,1.4147281646728516,5e-06,0.00641025641025641,1,,,,,,,
0.7029,5.427097797393799,0.00025,0.32051282051282054,50,,,,,,,
,,,0.32051282051282054,50,0.7084848284721375,0.4729241877256318,25.6728,,,,
0.7236,2.677471876144409,0.0005,0.6410256410256411,100,,,,,,,
,,,0.6410256410256411,100,0.7050260305404663,0.4729241877256318,52.9953,,,,
0.7151,4.615778923034668,0.00075,0.9615384615384616,150,,,,,,,
,,,0.9615384615384616,150,0.7051876187324524,0.5270758122743683,79.2668,,,,
0.7556,3.6079890727996826,0.001,1.282051282051282,200,,,,,,,
,,,1.282051282051282,200,0.6926433444023132,0.5270758122743683,105.6436,,,,
0.71,0.8141979575157166,0.0009632352941176471,1.6025641025641026,250,,,,,,,
,,,1.6025641025641026,250,0.6972194910049438,0.4729241877256318,131.7422,,,,
0.7121,1.1185187101364136,0.0009264705882352942,1.9230769230769231,300,,,,,,,
,,,1.9230769230769231,300,0.7391636967658997,0.4729241877256318,157.6336,,,,
0.7095,1.154471516609192,0.0008897058823529411,2.2435897435897436,350,,,,,,,
,,,2.2435897435897436,350,0.6949502825737,0.4729241877256318,182.9353,,,,
0.7104,1.5547339916229248,0.0008529411764705882,2.564102564102564,400,,,,,,,
,,,2.564102564102564,400,0.7075575590133667,0.5270758122743683,208.9959,,,,
0.7047,1.122130274772644,0.0008161764705882353,2.8846153846153846,450,,,,,,,
,,,2.8846153846153846,450,0.7036149501800537,0.5270758122743683,235.3622,,,,
0.7154,0.47349944710731506,0.0007794117647058824,3.2051282051282053,500,,,,,,,
,,,3.2051282051282053,500,0.6921666264533997,0.5270758122743683,261.4466,,,,
0.7079,0.5527545809745789,0.0007426470588235294,3.5256410256410255,550,,,,,,,
,,,3.5256410256410255,550,0.6965906023979187,0.4729241877256318,299.9879,,,,
0.699,0.6477406620979309,0.0007058823529411765,3.8461538461538463,600,,,,,,,
,,,3.8461538461538463,600,0.6977011561393738,0.4729241877256318,326.4692,,,,
0.6985,1.2014461755752563,0.0006691176470588235,4.166666666666667,650,,,,,,,
,,,4.166666666666667,650,0.6920228004455566,0.5270758122743683,352.8218,,,,
0.6966,1.6801292896270752,0.0006323529411764706,4.487179487179487,700,,,,,,,
,,,4.487179487179487,700,0.6991671323776245,0.4729241877256318,378.544,,,,
0.7019,2.364279270172119,0.0005955882352941176,4.8076923076923075,750,,,,,,,
,,,4.8076923076923075,750,0.6938502192497253,0.5270758122743683,404.307,,,,
0.7014,0.4885339140892029,0.0005588235294117647,5.128205128205128,800,,,,,,,
,,,5.128205128205128,800,0.6918440461158752,0.5270758122743683,430.3887,,,,
0.7006,0.3778771460056305,0.0005220588235294118,5.448717948717949,850,,,,,,,
,,,5.448717948717949,850,0.714052140712738,0.4729241877256318,456.9201,,,,
0.7004,1.0427343845367432,0.0004852941176470588,5.769230769230769,900,,,,,,,
,,,5.769230769230769,900,0.6972182393074036,0.4729241877256318,482.9647,,,,
0.6973,0.33115777373313904,0.0004485294117647059,6.089743589743589,950,,,,,,,
,,,6.089743589743589,950,0.6917832493782043,0.5270758122743683,508.7278,,,,
0.6963,2.097886085510254,0.0004117647058823529,6.410256410256411,1000,,,,,,,
,,,6.410256410256411,1000,0.7130797505378723,0.4729241877256318,534.6813,,,,
0.6926,0.46679165959358215,0.000375,6.730769230769231,1050,,,,,,,
,,,6.730769230769231,1050,0.7057361602783203,0.4729241877256318,570.4722,,,,
0.6993,1.4148200750350952,0.0003382352941176471,7.051282051282051,1100,,,,,,,
,,,7.051282051282051,1100,0.6928116679191589,0.5270758122743683,597.3848,,,,
0.6969,0.718537449836731,0.0003014705882352941,7.371794871794872,1150,,,,,,,
,,,7.371794871794872,1150,0.6941726803779602,0.4729241877256318,623.8974,,,,
0.6942,0.6846957206726074,0.0002647058823529412,7.6923076923076925,1200,,,,,,,
,,,7.6923076923076925,1200,0.6949313879013062,0.4729241877256318,649.1784,,,,
0.6977,0.8438389897346497,0.00022794117647058823,8.012820512820513,1250,,,,,,,
,,,8.012820512820513,1250,0.6932904720306396,0.4729241877256318,675.354,,,,
0.6938,1.4218581914901733,0.00019117647058823528,8.333333333333334,1300,,,,,,,
,,,8.333333333333334,1300,0.6929469108581543,0.5270758122743683,701.1315,,,,
0.6947,0.3262394666671753,0.00015441176470588235,8.653846153846153,1350,,,,,,,
,,,8.653846153846153,1350,0.6922250390052795,0.5270758122743683,726.8617,,,,
0.6933,0.4026709198951721,0.00011764705882352942,8.974358974358974,1400,,,,,,,
,,,8.974358974358974,1400,0.6941929459571838,0.4729241877256318,752.395,,,,
0.6942,0.38673603534698486,8.088235294117648e-05,9.294871794871796,1450,,,,,,,
,,,9.294871794871796,1450,0.6934860944747925,0.4729241877256318,778.0867,,,,
0.694,0.3231360614299774,4.411764705882353e-05,9.615384615384615,1500,,,,,,,
,,,9.615384615384615,1500,0.6927156448364258,0.5270758122743683,804.28,,,,
0.6929,0.4581044018268585,7.3529411764705884e-06,9.935897435897436,1550,,,,,,,
,,,9.935897435897436,1550,0.6930177807807922,0.5270758122743683,844.8307,,,,
,,,10.0,1560,,,848.9658,29.33,1.838,2092411223301600.0,0.7032702474639966
