loss,grad_norm,learning_rate,epoch,step,eval_loss,eval_accuracy,eval_f1,train_runtime,train_samples_per_second,train_steps_per_second,total_flos,train_loss
1.9032,1.4424785375595093,2.5e-05,0.004347826086956522,1,,,,,,,,
1.7492,1.2617828845977783,0.000625,0.10869565217391304,25,,,,,,,,
,,,0.10869565217391304,25,1.44004225730896,0.6838235294117647,0.8122270742358079,6.3124,,,,
1.0528,1.9301064014434814,0.00125,0.21739130434782608,50,,,,,,,,
,,,0.21739130434782608,50,0.7584525942802429,0.6838235294117647,0.8122270742358079,12.2644,,,,
0.7428,3.130626916885376,0.001875,0.32608695652173914,75,,,,,,,,
,,,0.32608695652173914,75,0.6679438948631287,0.6838235294117647,0.8122270742358079,18.2815,,,,
0.6735,0.6117320656776428,0.0025,0.43478260869565216,100,,,,,,,,
,,,0.43478260869565216,100,0.6259123682975769,0.6838235294117647,0.8122270742358079,24.1987,,,,
0.6313,1.015511155128479,0.003125,0.5434782608695652,125,,,,,,,,
,,,0.5434782608695652,125,0.6066634058952332,0.6985294117647058,0.8177777777777778,30.1817,,,,
0.7874,5.464367866516113,0.00375,0.6521739130434783,150,,,,,,,,
,,,0.6521739130434783,150,0.6749810576438904,0.6887254901960784,0.7562380038387716,36.0899,,,,
0.8169,3.753190040588379,0.004375,0.7608695652173914,175,,,,,,,,
,,,0.7608695652173914,175,0.6342785954475403,0.7524509803921569,0.8341543513957307,42.2598,,,,
0.935,2.52976393699646,0.005,0.8695652173913043,200,,,,,,,,
,,,0.8695652173913043,200,0.7384654879570007,0.7352941176470589,0.8175675675675675,48.2611,,,,
0.7782,2.0524237155914307,0.0049404761904761904,0.9782608695652174,225,,,,,,,,
,,,0.9782608695652174,225,0.5990546941757202,0.7426470588235294,0.8346456692913385,54.323,,,,
0.6834,1.2587248086929321,0.004880952380952381,1.0869565217391304,250,,,,,,,,
,,,1.0869565217391304,250,0.5362552404403687,0.7965686274509803,0.8618968386023296,60.092,,,,
0.6883,2.1465771198272705,0.004821428571428572,1.1956521739130435,275,,,,,,,,
,,,1.1956521739130435,275,0.5293495059013367,0.7892156862745098,0.8506944444444444,66.1199,,,,
0.6102,3.7865636348724365,0.0047619047619047615,1.3043478260869565,300,,,,,,,,
,,,1.3043478260869565,300,0.7473604083061218,0.7426470588235294,0.8406676783004553,72.0833,,,,
0.6739,2.4166553020477295,0.004702380952380953,1.4130434782608696,325,,,,,,,,
,,,1.4130434782608696,325,0.5428171157836914,0.7524509803921569,0.8438948995363215,78.0959,,,,
0.6193,3.3147027492523193,0.004642857142857143,1.5217391304347827,350,,,,,,,,
,,,1.5217391304347827,350,0.5829396843910217,0.7843137254901961,0.8287937743190662,84.0648,,,,
0.6832,2.712775945663452,0.004583333333333333,1.6304347826086958,375,,,,,,,,
,,,1.6304347826086958,375,0.5472903251647949,0.821078431372549,0.8739205526770293,89.9885,,,,
0.6603,4.733220100402832,0.004523809523809524,1.7391304347826086,400,,,,,,,,
,,,1.7391304347826086,400,0.6241769194602966,0.7573529411764706,0.7933194154488518,95.9357,,,,
0.6518,5.639772891998291,0.004464285714285715,1.8478260869565217,425,,,,,,,,
,,,1.8478260869565217,425,0.47771844267845154,0.7990196078431373,0.8530465949820788,101.9656,,,,
0.7172,7.146045207977295,0.004404761904761904,1.9565217391304348,450,,,,,,,,
,,,1.9565217391304348,450,0.8777623772621155,0.6838235294117647,0.8122270742358079,108.0815,,,,
0.6307,1.425567388534546,0.004345238095238096,2.0652173913043477,475,,,,,,,,
,,,2.0652173913043477,475,0.47002753615379333,0.8235294117647058,0.8795986622073578,113.857,,,,
0.55,3.0076513290405273,0.004285714285714286,2.1739130434782608,500,,,,,,,,
,,,2.1739130434782608,500,0.5457484126091003,0.75,0.8440366972477065,119.898,,,,
0.54,1.4988772869110107,0.004226190476190476,2.282608695652174,525,,,,,,,,
,,,2.282608695652174,525,0.41523534059524536,0.8357843137254902,0.8805704099821747,126.1133,,,,
0.4759,3.7977452278137207,0.004166666666666667,2.391304347826087,550,,,,,,,,
,,,2.391304347826087,550,0.466622531414032,0.8308823529411765,0.8836424957841484,132.1062,,,,
0.5053,2.8488566875457764,0.004107142857142857,2.5,575,,,,,,,,
,,,2.5,575,0.5624698400497437,0.7794117647058824,0.8598130841121494,138.0802,,,,
0.5191,3.967841148376465,0.004047619047619048,2.608695652173913,600,,,,,,,,
,,,2.608695652173913,600,0.797707200050354,0.7696078431372549,0.8558282208588958,144.1278,,,,
0.5376,1.6620668172836304,0.0039880952380952385,2.717391304347826,625,,,,,,,,
,,,2.717391304347826,625,0.3932640254497528,0.8455882352941176,0.8892794376098417,150.1828,,,,
0.6326,3.596813917160034,0.003928571428571429,2.8260869565217392,650,,,,,,,,
,,,2.8260869565217392,650,0.4375629127025604,0.8259803921568627,0.8702010968921388,156.2961,,,,
0.5167,3.639456272125244,0.003869047619047619,2.9347826086956523,675,,,,,,,,
,,,2.9347826086956523,675,0.5507012605667114,0.8308823529411765,0.8855721393034827,162.3369,,,,
0.4899,5.373034954071045,0.0038095238095238095,3.0434782608695654,700,,,,,,,,
,,,3.0434782608695654,700,0.5866988301277161,0.7892156862745098,0.8634920634920634,168.1932,,,,
0.5433,2.1587958335876465,0.00375,3.1521739130434785,725,,,,,,,,
,,,3.1521739130434785,725,0.5018441081047058,0.8382352941176471,0.8869863013698631,174.2009,,,,
0.5829,1.6153432130813599,0.0036904761904761906,3.260869565217391,750,,,,,,,,
,,,3.260869565217391,750,0.40715280175209045,0.8308823529411765,0.881646655231561,180.2631,,,,
0.4903,0.9222334623336792,0.003630952380952381,3.369565217391304,775,,,,,,,,
,,,3.369565217391304,775,0.5305967330932617,0.7843137254901961,0.8620689655172414,186.131,,,,
0.5964,6.111652851104736,0.0035714285714285718,3.4782608695652173,800,,,,,,,,
,,,3.4782608695652173,800,0.543572723865509,0.8137254901960784,0.8789808917197452,192.0859,,,,
0.5123,3.5534770488739014,0.0035119047619047617,3.5869565217391304,825,,,,,,,,
,,,3.5869565217391304,825,0.3692415654659271,0.8529411764705882,0.8954703832752613,198.1087,,,,
0.5075,1.8934110403060913,0.0034523809523809524,3.6956521739130435,850,,,,,,,,
,,,3.6956521739130435,850,0.38924601674079895,0.8504901960784313,0.8888888888888888,204.1951,,,,
0.4494,4.508884906768799,0.003392857142857143,3.8043478260869565,875,,,,,,,,
,,,3.8043478260869565,875,0.4373396337032318,0.8382352941176471,0.8829787234042553,210.2387,,,,
0.4892,2.6717417240142822,0.003333333333333333,3.9130434782608696,900,,,,,,,,
,,,3.9130434782608696,900,0.41395115852355957,0.8529411764705882,0.8983050847457628,216.2567,,,,
0.4957,1.454534649848938,0.003273809523809524,4.021739130434782,925,,,,,,,,
,,,4.021739130434782,925,0.3530464470386505,0.8504901960784313,0.8960817717206134,222.1796,,,,
0.4772,2.160576820373535,0.0032142857142857147,4.130434782608695,950,,,,,,,,
,,,4.130434782608695,950,0.37768325209617615,0.8480392156862745,0.895973154362416,228.1749,,,,
0.5132,5.238598346710205,0.0031547619047619046,4.239130434782608,975,,,,,,,,
,,,4.239130434782608,975,0.4782354235649109,0.8235294117647058,0.883495145631068,234.1531,,,,
0.478,1.623388648033142,0.0030952380952380953,4.3478260869565215,1000,,,,,,,,
,,,4.3478260869565215,1000,0.372344970703125,0.8357843137254902,0.8846815834767642,240.054,,,,
0.483,1.2626159191131592,0.0030357142857142857,4.456521739130435,1025,,,,,,,,
,,,4.456521739130435,1025,0.3559109568595886,0.8529411764705882,0.8932384341637011,246.4541,,,,
0.4459,4.490616798400879,0.002976190476190476,4.565217391304348,1050,,,,,,,,
,,,4.565217391304348,1050,0.47449028491973877,0.8308823529411765,0.886326194398682,252.4406,,,,
0.4062,1.869946002960205,0.002916666666666667,4.673913043478261,1075,,,,,,,,
,,,4.673913043478261,1075,0.39209404587745667,0.8333333333333334,0.8819444444444444,258.4522,,,,
0.4008,3.067011594772339,0.002857142857142857,4.782608695652174,1100,,,,,,,,
,,,4.782608695652174,1100,0.38200387358665466,0.8602941176470589,0.8983957219251337,264.3991,,,,
0.487,8.419795036315918,0.002797619047619048,4.891304347826087,1125,,,,,,,,
,,,4.891304347826087,1125,0.5136991739273071,0.7720588235294118,0.8074534161490685,270.4262,,,,
0.405,0.31913474202156067,0.0027380952380952383,5.0,1150,,,,,,,,
,,,5.0,1150,0.43883004784584045,0.8627450980392157,0.9047619047619047,276.4362,,,,
0.4142,1.1018701791763306,0.0026785714285714286,5.108695652173913,1175,,,,,,,,
,,,5.108695652173913,1175,0.32988473773002625,0.8627450980392157,0.9,282.3803,,,,
0.4821,2.9254963397979736,0.0026190476190476194,5.217391304347826,1200,,,,,,,,
,,,5.217391304347826,1200,0.4069662392139435,0.8553921568627451,0.8998302207130731,288.4633,,,,
0.4328,1.1552258729934692,0.0025595238095238093,5.326086956521739,1225,,,,,,,,
,,,5.326086956521739,1225,0.3662809431552887,0.8529411764705882,0.8932384341637011,294.4874,,,,
0.4821,1.1696140766143799,0.0025,5.434782608695652,1250,,,,,,,,
,,,5.434782608695652,1250,0.3859251141548157,0.8480392156862745,0.8864468864468864,300.5071,,,,
0.4237,3.3440756797790527,0.0024404761904761904,5.543478260869565,1275,,,,,,,,
,,,5.543478260869565,1275,0.37129825353622437,0.8504901960784313,0.8920353982300885,306.4505,,,,
0.448,2.9497814178466797,0.0023809523809523807,5.6521739130434785,1300,,,,,,,,
,,,5.6521739130434785,1300,0.36854130029678345,0.8382352941176471,0.8777777777777779,312.5019,,,,
0.347,2.2257654666900635,0.0023214285714285715,5.760869565217392,1325,,,,,,,,
,,,5.760869565217392,1325,0.4764018952846527,0.8382352941176471,0.888135593220339,318.5541,,,,
0.458,1.2567830085754395,0.002261904761904762,5.869565217391305,1350,,,,,,,,
,,,5.869565217391305,1350,0.376958429813385,0.8455882352941176,0.8948247078464107,324.7087,,,,
0.4244,1.7884528636932373,0.002202380952380952,5.978260869565218,1375,,,,,,,,
,,,5.978260869565218,1375,0.3478723466396332,0.8602941176470589,0.902229845626072,330.8004,,,,
0.3664,6.138114929199219,0.002142857142857143,6.086956521739131,1400,,,,,,,,
,,,6.086956521739131,1400,0.8780244588851929,0.7745098039215687,0.8580246913580246,336.7819,,,,
0.4286,1.8199409246444702,0.0020833333333333333,6.195652173913044,1425,,,,,,,,
,,,6.195652173913044,1425,0.3772861957550049,0.8553921568627451,0.899488926746167,342.9467,,,,
0.4152,3.364091157913208,0.002023809523809524,6.304347826086957,1450,,,,,,,,
,,,6.304347826086957,1450,0.3630433976650238,0.8431372549019608,0.8823529411764707,348.8859,,,,
0.398,1.0601755380630493,0.0019642857142857144,6.413043478260869,1475,,,,,,,,
,,,6.413043478260869,1475,0.32884860038757324,0.8602941176470589,0.8998242530755711,354.8543,,,,
0.4091,0.8916335701942444,0.0019047619047619048,6.521739130434782,1500,,,,,,,,
,,,6.521739130434782,1500,0.3141695261001587,0.8676470588235294,0.9021739130434783,360.8379,,,,
0.412,4.563048839569092,0.0018452380952380953,6.630434782608695,1525,,,,,,,,
,,,6.630434782608695,1525,0.35895848274230957,0.8676470588235294,0.9065743944636677,367.2379,,,,
0.35,1.4930932521820068,0.0017857142857142859,6.739130434782608,1550,,,,,,,,
,,,6.739130434782608,1550,0.3484191596508026,0.8627450980392157,0.9,373.1709,,,,
0.4161,2.0528292655944824,0.0017261904761904762,6.8478260869565215,1575,,,,,,,,
,,,6.8478260869565215,1575,0.3511146008968353,0.8700980392156863,0.9078260869565218,379.2278,,,,
0.3728,1.5711690187454224,0.0016666666666666666,6.956521739130435,1600,,,,,,,,
,,,6.956521739130435,1600,0.3456358015537262,0.8602941176470589,0.8987566607460036,385.267,,,,
0.3279,2.4866528511047363,0.0016071428571428573,7.065217391304348,1625,,,,,,,,
,,,7.065217391304348,1625,0.39538004994392395,0.8651960784313726,0.9053356282271946,391.2159,,,,
0.3104,2.0248727798461914,0.0015476190476190477,7.173913043478261,1650,,,,,,,,
,,,7.173913043478261,1650,0.35081279277801514,0.8799019607843137,0.9144851657940662,397.157,,,,
0.2883,2.212890625,0.001488095238095238,7.282608695652174,1675,,,,,,,,
,,,7.282608695652174,1675,0.35935744643211365,0.8799019607843137,0.9162393162393162,403.2021,,,,
0.3582,3.595921754837036,0.0014285714285714286,7.391304347826087,1700,,,,,,,,
,,,7.391304347826087,1700,0.3291062116622925,0.8799019607843137,0.9150779896013865,409.2515,,,,
0.3264,1.6624345779418945,0.0013690476190476191,7.5,1725,,,,,,,,
,,,7.5,1725,0.3025590479373932,0.8725490196078431,0.9068100358422939,415.4303,,,,
0.3129,3.1115775108337402,0.0013095238095238097,7.608695652173913,1750,,,,,,,,
,,,7.608695652173913,1750,0.41646838188171387,0.8676470588235294,0.9102990033222592,421.4093,,,,
0.3731,2.4405622482299805,0.00125,7.717391304347826,1775,,,,,,,,
,,,7.717391304347826,1775,0.34696340560913086,0.8651960784313726,0.9066213921901529,427.5419,,,,
0.3193,3.104419231414795,0.0011904761904761904,7.826086956521739,1800,,,,,,,,
,,,7.826086956521739,1800,0.3662062883377075,0.8578431372549019,0.901360544217687,433.4582,,,,
0.3068,2.2692439556121826,0.001130952380952381,7.934782608695652,1825,,,,,,,,
,,,7.934782608695652,1825,0.3105933666229248,0.8700980392156863,0.9065255731922399,439.6859,,,,
0.3408,5.2018585205078125,0.0010714285714285715,8.043478260869565,1850,,,,,,,,
,,,8.043478260869565,1850,0.2905842661857605,0.875,0.9090909090909091,445.5345,,,,
0.2701,2.738258123397827,0.001011904761904762,8.152173913043478,1875,,,,,,,,
,,,8.152173913043478,1875,0.3079204559326172,0.8700980392156863,0.9065255731922399,451.551,,,,
0.2292,4.404562473297119,0.0009523809523809524,8.26086956521739,1900,,,,,,,,
,,,8.26086956521739,1900,0.4145854115486145,0.8799019607843137,0.9170896785109983,457.5709,,,,
0.2771,1.5058811902999878,0.0008928571428571429,8.369565217391305,1925,,,,,,,,
,,,8.369565217391305,1925,0.3549548089504242,0.875,0.9131175468483815,463.6058,,,,
0.3027,3.6371841430664062,0.0008333333333333333,8.478260869565217,1950,,,,,,,,
,,,8.478260869565217,1950,0.3783137798309326,0.8725490196078431,0.9109589041095889,469.7316,,,,
0.2586,2.7771401405334473,0.0007738095238095238,8.58695652173913,1975,,,,,,,,
,,,8.58695652173913,1975,0.3453740179538727,0.8774509803921569,0.9134948096885814,475.6609,,,,
0.2859,3.0890395641326904,0.0007142857142857143,8.695652173913043,2000,,,,,,,,
,,,8.695652173913043,2000,0.37197190523147583,0.8823529411764706,0.9183673469387754,481.7108,,,,
0.2849,2.4034225940704346,0.0006547619047619048,8.804347826086957,2025,,,,,,,,
,,,8.804347826086957,2025,0.3625263273715973,0.8725490196078431,0.9090909090909091,487.9488,,,,
0.3214,1.329005241394043,0.0005952380952380952,8.91304347826087,2050,,,,,,,,
,,,8.91304347826087,2050,0.3468225598335266,0.875,0.9122203098106711,494.1008,,,,
0.2958,1.0438562631607056,0.0005357142857142857,9.021739130434783,2075,,,,,,,,
,,,9.021739130434783,2075,0.30352091789245605,0.8774509803921569,0.9125874125874125,499.9688,,,,
0.2175,1.8812344074249268,0.0004761904761904762,9.130434782608695,2100,,,,,,,,
,,,9.130434782608695,2100,0.30214598774909973,0.8799019607843137,0.9123434704830053,506.0231,,,,
0.1975,0.4973180890083313,0.00041666666666666664,9.23913043478261,2125,,,,,,,,
,,,9.23913043478261,2125,0.32339727878570557,0.8799019607843137,0.9147826086956522,512.0037,,,,
0.2318,3.427091360092163,0.00035714285714285714,9.347826086956522,2150,,,,,,,,
,,,9.347826086956522,2150,0.3353734612464905,0.8848039215686274,0.919104991394148,518.0948,,,,
0.2115,0.7455127835273743,0.0002976190476190476,9.456521739130435,2175,,,,,,,,
,,,9.456521739130435,2175,0.31270793080329895,0.8897058823529411,0.922279792746114,524.1297,,,,
0.2392,2.130516290664673,0.0002380952380952381,9.565217391304348,2200,,,,,,,,
,,,9.565217391304348,2200,0.3107717037200928,0.8897058823529411,0.9217391304347826,530.1976,,,,
0.227,3.261725902557373,0.00017857142857142857,9.673913043478262,2225,,,,,,,,
,,,9.673913043478262,2225,0.29057520627975464,0.8897058823529411,0.9209138840070299,536.1515,,,,
0.2086,2.4689900875091553,0.00011904761904761905,9.782608695652174,2250,,,,,,,,
,,,9.782608695652174,2250,0.3132334053516388,0.8897058823529411,0.9220103986135182,542.1908,,,,
0.2215,6.399423122406006,5.9523809523809524e-05,9.891304347826086,2275,,,,,,,,
,,,9.891304347826086,2275,0.29920127987861633,0.8848039215686274,0.917975567190227,548.292,,,,
0.1995,0.5293168425559998,0.0,10.0,2300,,,,,,,,
,,,10.0,2300,0.29755330085754395,0.8897058823529411,0.9211908931698775,554.2751,,,,
,,,10.0,2300,,,,553.9156,66.219,4.152,1458501490289760.0,0.4733276502464129
