loss,grad_norm,learning_rate,epoch,step,eval_loss,eval_accuracy,eval_f1,train_runtime,train_samples_per_second,train_steps_per_second,total_flos,train_loss
1.8824,0.5776246190071106,1.0000000000000001e-07,0.004347826086956522,1,,,,,,,,
1.95,2.0950374603271484,2.5e-06,0.10869565217391304,25,,,,,,,,
,,,0.10869565217391304,25,1.9416779279708862,0.3161764705882353,0.0,6.3478,,,,
1.9271,2.7086524963378906,5e-06,0.21739130434782608,50,,,,,,,,
,,,0.21739130434782608,50,1.9228267669677734,0.3161764705882353,0.0,12.3445,,,,
1.9025,5.833571910858154,7.500000000000001e-06,0.32608695652173914,75,,,,,,,,
,,,0.32608695652173914,75,1.8945587873458862,0.3161764705882353,0.0,18.3894,,,,
1.874,2.199740409851074,1e-05,0.43478260869565216,100,,,,,,,,
,,,0.43478260869565216,100,1.8614511489868164,0.6838235294117647,0.8122270742358079,24.4614,,,,
1.8318,1.6816480159759521,1.25e-05,0.5434782608695652,125,,,,,,,,
,,,0.5434782608695652,125,1.8263938426971436,0.6838235294117647,0.8122270742358079,30.4238,,,,
1.8165,3.474729061126709,1.5000000000000002e-05,0.6521739130434783,150,,,,,,,,
,,,0.6521739130434783,150,1.7957407236099243,0.6838235294117647,0.8122270742358079,36.4752,,,,
1.7912,1.590994119644165,1.7500000000000002e-05,0.7608695652173914,175,,,,,,,,
,,,0.7608695652173914,175,1.767598032951355,0.6838235294117647,0.8122270742358079,42.6119,,,,
1.7644,0.9120275378227234,2e-05,0.8695652173913043,200,,,,,,,,
,,,0.8695652173913043,200,1.7368652820587158,0.6838235294117647,0.8122270742358079,48.744,,,,
1.7283,0.7874741554260254,1.9761904761904763e-05,0.9782608695652174,225,,,,,,,,
,,,0.9782608695652174,225,1.7038137912750244,0.6838235294117647,0.8122270742358079,54.7081,,,,
1.6874,0.6872350573539734,1.9523809523809524e-05,1.0869565217391304,250,,,,,,,,
,,,1.0869565217391304,250,1.6734912395477295,0.6838235294117647,0.8122270742358079,60.5682,,,,
1.6597,2.585843801498413,1.928571428571429e-05,1.1956521739130435,275,,,,,,,,
,,,1.1956521739130435,275,1.6415585279464722,0.6838235294117647,0.8122270742358079,66.5438,,,,
1.6346,0.7361724972724915,1.904761904761905e-05,1.3043478260869565,300,,,,,,,,
,,,1.3043478260869565,300,1.6104696989059448,0.6838235294117647,0.8122270742358079,72.5658,,,,
1.6161,1.5917085409164429,1.880952380952381e-05,1.4130434782608696,325,,,,,,,,
,,,1.4130434782608696,325,1.582221269607544,0.6838235294117647,0.8122270742358079,78.5141,,,,
1.6,2.7488648891448975,1.8571428571428575e-05,1.5217391304347827,350,,,,,,,,
,,,1.5217391304347827,350,1.5524680614471436,0.6838235294117647,0.8122270742358079,84.5107,,,,
1.5345,1.0094411373138428,1.8333333333333333e-05,1.6304347826086958,375,,,,,,,,
,,,1.6304347826086958,375,1.5185660123825073,0.6838235294117647,0.8122270742358079,90.3938,,,,
1.5055,2.045053482055664,1.8095238095238097e-05,1.7391304347826086,400,,,,,,,,
,,,1.7391304347826086,400,1.4884988069534302,0.6838235294117647,0.8122270742358079,96.3437,,,,
1.4813,2.5821638107299805,1.785714285714286e-05,1.8478260869565217,425,,,,,,,,
,,,1.8478260869565217,425,1.4602785110473633,0.6838235294117647,0.8122270742358079,102.4514,,,,
1.469,2.68045973777771,1.761904761904762e-05,1.9565217391304348,450,,,,,,,,
,,,1.9565217391304348,450,1.428011178970337,0.6838235294117647,0.8122270742358079,108.5196,,,,
1.4213,0.7790009379386902,1.7380952380952384e-05,2.0652173913043477,475,,,,,,,,
,,,2.0652173913043477,475,1.3994059562683105,0.6838235294117647,0.8122270742358079,114.4291,,,,
1.401,0.859593391418457,1.7142857142857142e-05,2.1739130434782608,500,,,,,,,,
,,,2.1739130434782608,500,1.3691555261611938,0.6838235294117647,0.8122270742358079,120.4077,,,,
1.3296,1.1502501964569092,1.6904761904761906e-05,2.282608695652174,525,,,,,,,,
,,,2.282608695652174,525,1.337360143661499,0.6838235294117647,0.8122270742358079,126.6289,,,,
1.3398,2.791621208190918,1.6666666666666667e-05,2.391304347826087,550,,,,,,,,
,,,2.391304347826087,550,1.3022807836532593,0.6838235294117647,0.8122270742358079,132.5862,,,,
1.2952,1.4861643314361572,1.642857142857143e-05,2.5,575,,,,,,,,
,,,2.5,575,1.2671574354171753,0.6838235294117647,0.8122270742358079,138.6701,,,,
1.2677,1.808241367340088,1.6190476190476193e-05,2.608695652173913,600,,,,,,,,
,,,2.608695652173913,600,1.2341833114624023,0.6838235294117647,0.8122270742358079,144.6267,,,,
1.2225,1.1724458932876587,1.5952380952380954e-05,2.717391304347826,625,,,,,,,,
,,,2.717391304347826,625,1.1990346908569336,0.6838235294117647,0.8122270742358079,150.7417,,,,
1.1938,1.7173423767089844,1.5714285714285715e-05,2.8260869565217392,650,,,,,,,,
,,,2.8260869565217392,650,1.1659036874771118,0.6838235294117647,0.8122270742358079,156.7359,,,,
1.138,1.5092360973358154,1.5476190476190476e-05,2.9347826086956523,675,,,,,,,,
,,,2.9347826086956523,675,1.1304798126220703,0.6838235294117647,0.8122270742358079,162.8312,,,,
1.1292,1.1604301929473877,1.523809523809524e-05,3.0434782608695654,700,,,,,,,,
,,,3.0434782608695654,700,1.0987213850021362,0.6838235294117647,0.8122270742358079,168.6144,,,,
1.0749,0.7355690598487854,1.5000000000000002e-05,3.1521739130434785,725,,,,,,,,
,,,3.1521739130434785,725,1.0666024684906006,0.6838235294117647,0.8122270742358079,174.6407,,,,
1.0446,1.9406052827835083,1.4761904761904763e-05,3.260869565217391,750,,,,,,,,
,,,3.260869565217391,750,1.0309165716171265,0.6838235294117647,0.8122270742358079,180.7354,,,,
1.0383,0.9949306845664978,1.4523809523809524e-05,3.369565217391304,775,,,,,,,,
,,,3.369565217391304,775,0.9970453977584839,0.6838235294117647,0.8122270742358079,186.5959,,,,
0.9938,2.339958429336548,1.4285714285714287e-05,3.4782608695652173,800,,,,,,,,
,,,3.4782608695652173,800,0.9648096561431885,0.6838235294117647,0.8122270742358079,192.6335,,,,
0.9552,1.0339179039001465,1.4047619047619048e-05,3.5869565217391304,825,,,,,,,,
,,,3.5869565217391304,825,0.9333334565162659,0.6838235294117647,0.8122270742358079,198.6553,,,,
0.9353,0.9515467882156372,1.3809523809523811e-05,3.6956521739130435,850,,,,,,,,
,,,3.6956521739130435,850,0.9013568758964539,0.6838235294117647,0.8122270742358079,204.8117,,,,
0.887,1.9826836585998535,1.3571428571428574e-05,3.8043478260869565,875,,,,,,,,
,,,3.8043478260869565,875,0.8703680038452148,0.6838235294117647,0.8122270742358079,210.8006,,,,
0.8739,0.903096616268158,1.3333333333333333e-05,3.9130434782608696,900,,,,,,,,
,,,3.9130434782608696,900,0.8405368328094482,0.6838235294117647,0.8122270742358079,216.9313,,,,
0.8618,1.224233627319336,1.3095238095238096e-05,4.021739130434782,925,,,,,,,,
,,,4.021739130434782,925,0.809083878993988,0.6838235294117647,0.8122270742358079,222.7652,,,,
0.7766,1.1151401996612549,1.2857142857142859e-05,4.130434782608695,950,,,,,,,,
,,,4.130434782608695,950,0.7794733047485352,0.6838235294117647,0.8122270742358079,228.8284,,,,
0.7608,1.4056074619293213,1.261904761904762e-05,4.239130434782608,975,,,,,,,,
,,,4.239130434782608,975,0.7480369806289673,0.6838235294117647,0.8122270742358079,234.6962,,,,
0.7365,0.9825952649116516,1.2380952380952383e-05,4.3478260869565215,1000,,,,,,,,
,,,4.3478260869565215,1000,0.7173638343811035,0.6838235294117647,0.8122270742358079,240.6717,,,,
0.6975,0.6482269167900085,1.2142857142857142e-05,4.456521739130435,1025,,,,,,,,
,,,4.456521739130435,1025,0.6853106617927551,0.6838235294117647,0.8122270742358079,247.0312,,,,
0.686,0.8002017140388489,1.1904761904761905e-05,4.565217391304348,1050,,,,,,,,
,,,4.565217391304348,1050,0.656245231628418,0.6838235294117647,0.8122270742358079,253.0632,,,,
0.6689,0.7754641771316528,1.1666666666666668e-05,4.673913043478261,1075,,,,,,,,
,,,4.673913043478261,1075,0.6335945725440979,0.6838235294117647,0.8122270742358079,259.0643,,,,
0.6367,3.0666139125823975,1.1428571428571429e-05,4.782608695652174,1100,,,,,,,,
,,,4.782608695652174,1100,0.625635027885437,0.6838235294117647,0.8122270742358079,265.0389,,,,
0.6421,2.5796735286712646,1.1190476190476192e-05,4.891304347826087,1125,,,,,,,,
,,,4.891304347826087,1125,0.6227056384086609,0.6838235294117647,0.8122270742358079,271.0613,,,,
0.6128,3.93295955657959,1.0952380952380955e-05,5.0,1150,,,,,,,,
,,,5.0,1150,0.6205475926399231,0.6838235294117647,0.8122270742358079,277.0269,,,,
0.6428,2.046976327896118,1.0714285714285714e-05,5.108695652173913,1175,,,,,,,,
,,,5.108695652173913,1175,0.619214653968811,0.6838235294117647,0.8122270742358079,283.044,,,,
0.6216,4.197937488555908,1.0476190476190477e-05,5.217391304347826,1200,,,,,,,,
,,,5.217391304347826,1200,0.6182924509048462,0.6838235294117647,0.8122270742358079,289.0587,,,,
0.6405,0.7474861741065979,1.0238095238095238e-05,5.326086956521739,1225,,,,,,,,
,,,5.326086956521739,1225,0.6176398396492004,0.6838235294117647,0.8122270742358079,295.1735,,,,
0.6461,1.507561445236206,1e-05,5.434782608695652,1250,,,,,,,,
,,,5.434782608695652,1250,0.6179452538490295,0.6838235294117647,0.8122270742358079,301.0756,,,,
0.6147,0.8426121473312378,9.761904761904762e-06,5.543478260869565,1275,,,,,,,,
,,,5.543478260869565,1275,0.6170069575309753,0.6838235294117647,0.8122270742358079,307.0706,,,,
0.5972,0.8034048080444336,9.523809523809525e-06,5.6521739130434785,1300,,,,,,,,
,,,5.6521739130434785,1300,0.6165684461593628,0.6838235294117647,0.8122270742358079,313.0308,,,,
0.6122,1.4626933336257935,9.285714285714288e-06,5.760869565217392,1325,,,,,,,,
,,,5.760869565217392,1325,0.6162092685699463,0.6838235294117647,0.8122270742358079,319.1483,,,,
0.5952,0.8604997396469116,9.047619047619049e-06,5.869565217391305,1350,,,,,,,,
,,,5.869565217391305,1350,0.6160613894462585,0.6838235294117647,0.8122270742358079,325.2079,,,,
0.61,0.7094936370849609,8.80952380952381e-06,5.978260869565218,1375,,,,,,,,
,,,5.978260869565218,1375,0.6159054636955261,0.6838235294117647,0.8122270742358079,331.3981,,,,
0.5795,1.917751431465149,8.571428571428571e-06,6.086956521739131,1400,,,,,,,,
,,,6.086956521739131,1400,0.6158260107040405,0.6838235294117647,0.8122270742358079,337.334,,,,
0.6127,1.264110803604126,8.333333333333334e-06,6.195652173913044,1425,,,,,,,,
,,,6.195652173913044,1425,0.6158544421195984,0.6838235294117647,0.8122270742358079,343.5379,,,,
0.6366,0.7610010504722595,8.095238095238097e-06,6.304347826086957,1450,,,,,,,,
,,,6.304347826086957,1450,0.6157236099243164,0.6838235294117647,0.8122270742358079,349.4835,,,,
0.6247,0.9622842073440552,7.857142857142858e-06,6.413043478260869,1475,,,,,,,,
,,,6.413043478260869,1475,0.6154383420944214,0.6838235294117647,0.8122270742358079,355.5104,,,,
0.6572,5.095736026763916,7.61904761904762e-06,6.521739130434782,1500,,,,,,,,
,,,6.521739130434782,1500,0.6154909133911133,0.6838235294117647,0.8122270742358079,361.5389,,,,
0.5978,3.0443501472473145,7.380952380952382e-06,6.630434782608695,1525,,,,,,,,
,,,6.630434782608695,1525,0.6153648495674133,0.6838235294117647,0.8122270742358079,367.9035,,,,
0.6164,1.0842268466949463,7.1428571428571436e-06,6.739130434782608,1550,,,,,,,,
,,,6.739130434782608,1550,0.6152063608169556,0.6838235294117647,0.8122270742358079,373.9271,,,,
0.6316,1.2370187044143677,6.9047619047619055e-06,6.8478260869565215,1575,,,,,,,,
,,,6.8478260869565215,1575,0.6151958703994751,0.6838235294117647,0.8122270742358079,379.9217,,,,
0.612,0.9930742979049683,6.666666666666667e-06,6.956521739130435,1600,,,,,,,,
,,,6.956521739130435,1600,0.6152190566062927,0.6838235294117647,0.8122270742358079,386.0902,,,,
0.6432,3.3027193546295166,6.4285714285714295e-06,7.065217391304348,1625,,,,,,,,
,,,7.065217391304348,1625,0.615298867225647,0.6838235294117647,0.8122270742358079,392.0099,,,,
0.5873,1.0918301343917847,6.1904761904761914e-06,7.173913043478261,1650,,,,,,,,
,,,7.173913043478261,1650,0.6149837374687195,0.6838235294117647,0.8122270742358079,398.0746,,,,
0.6058,0.8008551001548767,5.9523809523809525e-06,7.282608695652174,1675,,,,,,,,
,,,7.282608695652174,1675,0.6147356033325195,0.6838235294117647,0.8122270742358079,404.0529,,,,
0.6177,0.7410412430763245,5.7142857142857145e-06,7.391304347826087,1700,,,,,,,,
,,,7.391304347826087,1700,0.6146747469902039,0.6838235294117647,0.8122270742358079,410.189,,,,
0.6558,2.4040040969848633,5.476190476190477e-06,7.5,1725,,,,,,,,
,,,7.5,1725,0.6147328019142151,0.6838235294117647,0.8122270742358079,416.2873,,,,
0.6217,1.1037778854370117,5.2380952380952384e-06,7.608695652173913,1750,,,,,,,,
,,,7.608695652173913,1750,0.6147347092628479,0.6838235294117647,0.8122270742358079,422.3746,,,,
0.6197,1.180285930633545,5e-06,7.717391304347826,1775,,,,,,,,
,,,7.717391304347826,1775,0.6147356033325195,0.6838235294117647,0.8122270742358079,428.4243,,,,
0.6287,2.020667791366577,4.761904761904762e-06,7.826086956521739,1800,,,,,,,,
,,,7.826086956521739,1800,0.6146489977836609,0.6838235294117647,0.8122270742358079,434.4252,,,,
0.6058,0.9330992698669434,4.523809523809524e-06,7.934782608695652,1825,,,,,,,,
,,,7.934782608695652,1825,0.614603579044342,0.6838235294117647,0.8122270742358079,440.6843,,,,
0.6046,1.1954411268234253,4.2857142857142855e-06,8.043478260869565,1850,,,,,,,,
,,,8.043478260869565,1850,0.6144658327102661,0.6838235294117647,0.8122270742358079,446.586,,,,
0.6409,0.923787534236908,4.047619047619048e-06,8.152173913043478,1875,,,,,,,,
,,,8.152173913043478,1875,0.6145620346069336,0.6838235294117647,0.8122270742358079,452.6568,,,,
0.5928,1.4797624349594116,3.80952380952381e-06,8.26086956521739,1900,,,,,,,,
,,,8.26086956521739,1900,0.6143810153007507,0.6838235294117647,0.8122270742358079,458.6515,,,,
0.6228,2.6230735778808594,3.5714285714285718e-06,8.369565217391305,1925,,,,,,,,
,,,8.369565217391305,1925,0.6143299341201782,0.6838235294117647,0.8122270742358079,464.7959,,,,
0.632,1.802959680557251,3.3333333333333333e-06,8.478260869565217,1950,,,,,,,,
,,,8.478260869565217,1950,0.6143819689750671,0.6838235294117647,0.8122270742358079,470.8443,,,,
0.5979,0.7756450772285461,3.0952380952380957e-06,8.58695652173913,1975,,,,,,,,
,,,8.58695652173913,1975,0.6142366528511047,0.6838235294117647,0.8122270742358079,476.8691,,,,
0.6236,1.53221595287323,2.8571428571428573e-06,8.695652173913043,2000,,,,,,,,
,,,8.695652173913043,2000,0.614179790019989,0.6838235294117647,0.8122270742358079,482.8436,,,,
0.6302,0.7675776481628418,2.6190476190476192e-06,8.804347826086957,2025,,,,,,,,
,,,8.804347826086957,2025,0.6141765117645264,0.6838235294117647,0.8122270742358079,489.2005,,,,
0.5938,2.118220567703247,2.380952380952381e-06,8.91304347826087,2050,,,,,,,,
,,,8.91304347826087,2050,0.6141158938407898,0.6838235294117647,0.8122270742358079,495.2367,,,,
0.615,1.3203665018081665,2.1428571428571427e-06,9.021739130434783,2075,,,,,,,,
,,,9.021739130434783,2075,0.614065408706665,0.6838235294117647,0.8122270742358079,501.2337,,,,
0.6129,2.2809627056121826,1.904761904761905e-06,9.130434782608695,2100,,,,,,,,
,,,9.130434782608695,2100,0.6140362620353699,0.6838235294117647,0.8122270742358079,507.2128,,,,
0.6206,1.879770040512085,1.6666666666666667e-06,9.23913043478261,2125,,,,,,,,
,,,9.23913043478261,2125,0.6140671372413635,0.6838235294117647,0.8122270742358079,513.2429,,,,
0.6004,1.5957270860671997,1.4285714285714286e-06,9.347826086956522,2150,,,,,,,,
,,,9.347826086956522,2150,0.6140268445014954,0.6838235294117647,0.8122270742358079,519.241,,,,
0.6213,1.3384506702423096,1.1904761904761906e-06,9.456521739130435,2175,,,,,,,,
,,,9.456521739130435,2175,0.6139829754829407,0.6838235294117647,0.8122270742358079,525.2835,,,,
0.6141,0.688646137714386,9.523809523809525e-07,9.565217391304348,2200,,,,,,,,
,,,9.565217391304348,2200,0.6139698624610901,0.6838235294117647,0.8122270742358079,531.3365,,,,
0.6247,0.8195598721504211,7.142857142857143e-07,9.673913043478262,2225,,,,,,,,
,,,9.673913043478262,2225,0.6139751076698303,0.6838235294117647,0.8122270742358079,537.3166,,,,
0.6246,0.5733184814453125,4.7619047619047623e-07,9.782608695652174,2250,,,,,,,,
,,,9.782608695652174,2250,0.6139678359031677,0.6838235294117647,0.8122270742358079,543.3485,,,,
0.6231,1.8679494857788086,2.3809523809523811e-07,9.891304347826086,2275,,,,,,,,
,,,9.891304347826086,2275,0.6139699220657349,0.6838235294117647,0.8122270742358079,549.4297,,,,
0.6395,2.787214517593384,0.0,10.0,2300,,,,,,,,
,,,10.0,2300,0.613965630531311,0.6838235294117647,0.8122270742358079,555.5015,,,,
,,,10.0,2300,,,,555.1302,66.075,4.143,1458501490289760.0,0.9441435918082361
