loss,grad_norm,learning_rate,epoch,step,eval_loss,eval_accuracy,train_runtime,train_samples_per_second,train_steps_per_second,total_flos,train_loss
0.6953,1.4147281646728516,5.0000000000000004e-08,0.00641025641025641,1,,,,,,,
0.7066,2.2608933448791504,2.5e-06,0.32051282051282054,50,,,,,,,
,,,0.32051282051282054,50,0.692287802696228,0.5270758122743683,25.8199,,,,
0.6955,1.0668971538543701,5e-06,0.6410256410256411,100,,,,,,,
,,,0.6410256410256411,100,0.6915968060493469,0.5270758122743683,52.4978,,,,
0.6966,2.9181933403015137,7.500000000000001e-06,0.9615384615384616,150,,,,,,,
,,,0.9615384615384616,150,0.6911861300468445,0.5270758122743683,78.9841,,,,
0.6935,4.476705551147461,1e-05,1.282051282051282,200,,,,,,,
,,,1.282051282051282,200,0.685390055179596,0.6389891696750902,105.6496,,,,
0.6782,5.2748613357543945,9.632352941176471e-06,1.6025641025641026,250,,,,,,,
,,,1.6025641025641026,250,0.6427503228187561,0.6498194945848376,131.6945,,,,
0.6495,15.2609224319458,9.264705882352942e-06,1.9230769230769231,300,,,,,,,
,,,1.9230769230769231,300,0.6063432097434998,0.6750902527075813,157.6307,,,,
0.5209,12.160006523132324,8.897058823529413e-06,2.2435897435897436,350,,,,,,,
,,,2.2435897435897436,350,0.6008355021476746,0.6931407942238267,183.2018,,,,
0.4989,14.049078941345215,8.529411764705883e-06,2.564102564102564,400,,,,,,,
,,,2.564102564102564,400,0.6365634799003601,0.7003610108303249,209.372,,,,
0.5083,24.320974349975586,8.161764705882354e-06,2.8846153846153846,450,,,,,,,
,,,2.8846153846153846,450,0.5949516296386719,0.6931407942238267,235.8188,,,,
0.4181,54.3984260559082,7.794117647058825e-06,3.2051282051282053,500,,,,,,,
,,,3.2051282051282053,500,0.7487056255340576,0.7256317689530686,261.9397,,,,
0.38,23.052520751953125,7.426470588235295e-06,3.5256410256410255,550,,,,,,,
,,,3.5256410256410255,550,0.6012531518936157,0.7436823104693141,294.2211,,,,
0.3691,25.847455978393555,7.058823529411766e-06,3.8461538461538463,600,,,,,,,
,,,3.8461538461538463,600,0.6796078681945801,0.7364620938628159,320.571,,,,
0.3043,24.656843185424805,6.6911764705882356e-06,4.166666666666667,650,,,,,,,
,,,4.166666666666667,650,0.7651690244674683,0.7292418772563177,347.0487,,,,
0.2544,34.71805953979492,6.323529411764706e-06,4.487179487179487,700,,,,,,,
,,,4.487179487179487,700,0.76724773645401,0.7545126353790613,373.0371,,,,
0.2715,27.166301727294922,5.955882352941177e-06,4.8076923076923075,750,,,,,,,
,,,4.8076923076923075,750,0.7073544859886169,0.7689530685920578,398.859,,,,
0.2121,14.435029983520508,5.588235294117647e-06,5.128205128205128,800,,,,,,,
,,,5.128205128205128,800,0.7418792247772217,0.7725631768953068,424.9713,,,,
0.183,43.1365852355957,5.220588235294118e-06,5.448717948717949,850,,,,,,,
,,,5.448717948717949,850,0.8503350019454956,0.7689530685920578,451.6221,,,,
0.1543,54.0300407409668,4.852941176470589e-06,5.769230769230769,900,,,,,,,
,,,5.769230769230769,900,0.8948924541473389,0.7509025270758123,477.7615,,,,
0.1679,1.0157496929168701,4.485294117647059e-06,6.089743589743589,950,,,,,,,
,,,6.089743589743589,950,0.894572913646698,0.776173285198556,503.5575,,,,
0.1113,2.2883377075195312,4.11764705882353e-06,6.410256410256411,1000,,,,,,,
,,,6.410256410256411,1000,1.062913417816162,0.7617328519855595,529.5822,,,,
0.1484,72.8086929321289,3.7500000000000005e-06,6.730769230769231,1050,,,,,,,
,,,6.730769230769231,1050,1.0422734022140503,0.7870036101083032,570.8496,,,,
0.1469,12.254283905029297,3.382352941176471e-06,7.051282051282051,1100,,,,,,,
,,,7.051282051282051,1100,1.2179962396621704,0.7689530685920578,598.1278,,,,
0.0992,71.64105224609375,3.0147058823529413e-06,7.371794871794872,1150,,,,,,,
,,,7.371794871794872,1150,1.1102635860443115,0.7906137184115524,624.7742,,,,
0.0906,163.1788787841797,2.647058823529412e-06,7.6923076923076925,1200,,,,,,,
,,,7.6923076923076925,1200,1.1376633644104004,0.7906137184115524,650.1418,,,,
0.1155,0.6949626803398132,2.2794117647058826e-06,8.012820512820513,1250,,,,,,,
,,,8.012820512820513,1250,1.2603812217712402,0.7833935018050542,676.4951,,,,
0.0618,0.09916231781244278,1.9117647058823528e-06,8.333333333333334,1300,,,,,,,
,,,8.333333333333334,1300,1.2360374927520752,0.7906137184115524,702.3882,,,,
0.0748,0.03899626433849335,1.5441176470588238e-06,8.653846153846153,1350,,,,,,,
,,,8.653846153846153,1350,1.331883192062378,0.7833935018050542,728.1957,,,,
0.0782,0.25264671444892883,1.1764705882352942e-06,8.974358974358974,1400,,,,,,,
,,,8.974358974358974,1400,1.3855839967727661,0.779783393501805,753.8967,,,,
0.0737,0.29979294538497925,8.088235294117648e-07,9.294871794871796,1450,,,,,,,
,,,9.294871794871796,1450,1.3968911170959473,0.7689530685920578,779.8138,,,,
0.029,0.18840770423412323,4.4117647058823536e-07,9.615384615384615,1500,,,,,,,
,,,9.615384615384615,1500,1.355368971824646,0.7870036101083032,806.2117,,,,
0.0713,5.9450578689575195,7.352941176470589e-08,9.935897435897436,1550,,,,,,,
,,,9.935897435897436,1550,1.3489006757736206,0.7833935018050542,843.2073,,,,
,,,10.0,1560,,,847.2829,29.388,1.841,2092411223301600.0,0.3036103151738644
