loss,grad_norm,learning_rate,epoch,step,eval_loss,eval_accuracy,eval_f1,train_runtime,train_samples_per_second,train_steps_per_second,total_flos,train_loss
1.1672,3.7007386684417725,0.0001,0.0625,1,,,,,,,,
0.9587,2.111752986907959,0.001,0.625,10,,,,,,,,
,,,0.625,10,0.9246945977210999,0.5,0.2222222222222222,4.4299,,,,
1.036,3.226536273956299,0.002,1.25,20,,,,,,,,
,,,1.25,20,0.977803647518158,0.6428571428571429,0.4430260047281324,8.5506,,,,
0.8954,2.162322998046875,0.003,1.875,30,,,,,,,,
,,,1.875,30,0.8960718512535095,0.5357142857142857,0.35230352303523044,12.4869,,,,
0.9322,3.5447309017181396,0.004,2.5,40,,,,,,,,
,,,2.5,40,0.7291619181632996,0.7321428571428571,0.5115440115440115,16.4302,,,,
0.6792,2.1649234294891357,0.005,3.125,50,,,,,,,,
,,,3.125,50,0.7812281250953674,0.7321428571428571,0.5087064676616916,20.4091,,,,
0.7103,2.5477938652038574,0.004814814814814814,3.75,60,,,,,,,,
,,,3.75,60,0.7169704437255859,0.7678571428571429,0.5365079365079365,24.4337,,,,
0.496,1.755807876586914,0.004629629629629629,4.375,70,,,,,,,,
,,,4.375,70,0.7051624655723572,0.7857142857142857,0.5499031007751939,28.3447,,,,
0.4145,0.7742581367492676,0.0044444444444444444,5.0,80,,,,,,,,
,,,5.0,80,0.7274690270423889,0.7678571428571429,0.535988819007687,32.2632,,,,
0.2748,1.563783884048462,0.0042592592592592595,5.625,90,,,,,,,,
,,,5.625,90,0.4118203818798065,0.8392857142857143,0.6901587301587302,36.526,,,,
0.1459,0.8378595113754272,0.004074074074074074,6.25,100,,,,,,,,
,,,6.25,100,0.39435523748397827,0.8928571428571429,0.8775369106561398,40.4541,,,,
0.0301,0.05316845327615738,0.003888888888888889,6.875,110,,,,,,,,
,,,6.875,110,0.8115704655647278,0.8392857142857143,0.5866760497302369,44.3604,,,,
0.1395,1.4944441318511963,0.0037037037037037034,7.5,120,,,,,,,,
,,,7.5,120,0.7956091165542603,0.8571428571428571,0.8354578754578754,47.9579,,,,
0.0818,0.00921939779073,0.0035185185185185185,8.125,130,,,,,,,,
,,,8.125,130,0.775751531124115,0.875,0.7169531594342269,52.1196,,,,
0.0795,2.533651828765869,0.003333333333333333,8.75,140,,,,,,,,
,,,8.75,140,0.9024447202682495,0.875,0.9084967320261438,56.53,,,,
0.0687,1.2774585485458374,0.003148148148148148,9.375,150,,,,,,,,
,,,9.375,150,0.5437642335891724,0.875,0.7886093272976104,60.464,,,,
0.0533,0.00031001539900898933,0.002962962962962963,10.0,160,,,,,,,,
,,,10.0,160,0.47398409247398376,0.9464285714285714,0.9605415860735009,64.4391,,,,
0.0104,0.2516999840736389,0.002777777777777778,10.625,170,,,,,,,,
,,,10.625,170,0.4485141336917877,0.9285714285714286,0.9475308641975309,68.7352,,,,
0.0275,0.028660258278250694,0.0025925925925925925,11.25,180,,,,,,,,
,,,11.25,180,0.41345176100730896,0.9285714285714286,0.9237290159275974,72.6383,,,,
0.0076,0.018117960542440414,0.002407407407407407,11.875,190,,,,,,,,
,,,11.875,190,0.3831079304218292,0.9464285714285714,0.9605415860735009,76.9185,,,,
0.0051,8.845028787618503e-05,0.0022222222222222222,12.5,200,,,,,,,,
,,,12.5,200,0.4738718569278717,0.9285714285714286,0.917003367003367,80.8312,,,,
0.019,0.010592499747872353,0.002037037037037037,13.125,210,,,,,,,,
,,,13.125,210,0.3746885359287262,0.9464285714285714,0.9605415860735009,84.7926,,,,
0.0148,0.0067026917822659016,0.0018518518518518517,13.75,220,,,,,,,,
,,,13.75,220,0.4463963508605957,0.9285714285714286,0.9475308641975309,89.121,,,,
0.0099,0.048496585339307785,0.0016666666666666666,14.375,230,,,,,,,,
,,,14.375,230,0.38761964440345764,0.9464285714285714,0.9605415860735009,93.4027,,,,
0.0017,0.036460962146520615,0.0014814814814814814,15.0,240,,,,,,,,
,,,15.0,240,0.3778192698955536,0.9464285714285714,0.9605415860735009,97.2524,,,,
0.0094,0.12491453438997269,0.0012962962962962963,15.625,250,,,,,,,,
,,,15.625,250,0.3849465548992157,0.9464285714285714,0.9605415860735009,101.2518,,,,
0.0025,0.14137659966945648,0.0011111111111111111,16.25,260,,,,,,,,
,,,16.25,260,0.4032958447933197,0.9464285714285714,0.9605415860735009,105.5165,,,,
0.0007,0.02292083390057087,0.0009259259259259259,16.875,270,,,,,,,,
,,,16.875,270,0.4156939387321472,0.9464285714285714,0.9605415860735009,109.5851,,,,
0.0003,0.02084476314485073,0.0007407407407407407,17.5,280,,,,,,,,
,,,17.5,280,0.4184608459472656,0.9464285714285714,0.9605415860735009,113.8999,,,,
0.001,0.02613571286201477,0.0005555555555555556,18.125,290,,,,,,,,
,,,18.125,290,0.415327787399292,0.9464285714285714,0.9605415860735009,117.8683,,,,
0.0012,0.06105839088559151,0.00037037037037037035,18.75,300,,,,,,,,
,,,18.75,300,0.4094977378845215,0.9464285714285714,0.9605415860735009,122.1477,,,,
0.0003,0.01283299271017313,0.00018518518518518518,19.375,310,,,,,,,,
,,,19.375,310,0.40894562005996704,0.9464285714285714,0.9605415860735009,125.803,,,,
0.0008,0.03299570828676224,0.0,20.0,320,,,,,,,,
,,,20.0,320,0.4091889560222626,0.9464285714285714,0.9605415860735009,129.9845,,,,
,,,20.0,320,,,,129.5136,38.606,2.471,450078052115520.0,0.222786473348242
