loss,grad_norm,learning_rate,epoch,step,eval_loss,eval_accuracy,eval_f1,train_runtime,train_samples_per_second,train_steps_per_second,total_flos,train_loss
1.9032,1.4424785375595093,5e-06,0.004347826086956522,1,,,,,,,,
1.8348,1.1843942403793335,0.000125,0.10869565217391304,25,,,,,,,,
,,,0.10869565217391304,25,1.7636407613754272,0.6838235294117647,0.8122270742358079,6.4534,,,,
1.7114,1.5972263813018799,0.00025,0.21739130434782608,50,,,,,,,,
,,,0.21739130434782608,50,1.5153671503067017,0.6838235294117647,0.8122270742358079,12.3531,,,,
1.2843,1.9979650974273682,0.000375,0.32608695652173914,75,,,,,,,,
,,,0.32608695652173914,75,0.9005566835403442,0.6838235294117647,0.8122270742358079,18.414,,,,
0.7306,0.6865771412849426,0.0005,0.43478260869565216,100,,,,,,,,
,,,0.43478260869565216,100,0.6435205936431885,0.6838235294117647,0.8122270742358079,24.3099,,,,
0.6447,1.4671262502670288,0.000625,0.5434782608695652,125,,,,,,,,
,,,0.5434782608695652,125,0.6288036108016968,0.6887254901960784,0.8145985401459854,30.3457,,,,
0.6698,4.424259662628174,0.00075,0.6521739130434783,150,,,,,,,,
,,,0.6521739130434783,150,0.6746832132339478,0.7132352941176471,0.8115942028985507,36.2538,,,,
0.6643,0.6758238673210144,0.000875,0.7608695652173914,175,,,,,,,,
,,,0.7608695652173914,175,0.6212830543518066,0.6838235294117647,0.8122270742358079,42.4516,,,,
0.6512,0.732435405254364,0.001,0.8695652173913043,200,,,,,,,,
,,,0.8695652173913043,200,0.6148999333381653,0.6838235294117647,0.8122270742358079,48.4557,,,,
0.6268,0.7686741948127747,0.0009880952380952382,0.9782608695652174,225,,,,,,,,
,,,0.9782608695652174,225,0.6072129011154175,0.6985294117647058,0.8183161004431315,54.5552,,,,
0.6395,0.7932927012443542,0.0009761904761904762,1.0869565217391304,250,,,,,,,,
,,,1.0869565217391304,250,0.5920701622962952,0.6936274509803921,0.8153618906942391,60.3475,,,,
0.5863,1.117505431175232,0.0009642857142857143,1.1956521739130435,275,,,,,,,,
,,,1.1956521739130435,275,0.5612530708312988,0.6985294117647058,0.8161434977578476,66.3805,,,,
0.5737,0.9666014313697815,0.0009523809523809524,1.3043478260869565,300,,,,,,,,
,,,1.3043478260869565,300,0.5440537929534912,0.7205882352941176,0.8229813664596273,72.3522,,,,
0.5566,0.6070188879966736,0.0009404761904761905,1.4130434782608696,325,,,,,,,,
,,,1.4130434782608696,325,0.5342468023300171,0.7622549019607843,0.8330464716006885,78.3855,,,,
0.563,1.4341994524002075,0.0009285714285714287,1.5217391304347827,350,,,,,,,,
,,,1.5217391304347827,350,0.5932565927505493,0.6936274509803921,0.7390396659707723,84.3704,,,,
0.572,1.6983226537704468,0.0009166666666666666,1.6304347826086958,375,,,,,,,,
,,,1.6304347826086958,375,0.47740688920021057,0.7622549019607843,0.8438003220611916,90.2922,,,,
0.4804,1.8450238704681396,0.0009047619047619047,1.7391304347826086,400,,,,,,,,
,,,1.7391304347826086,400,0.43598833680152893,0.8063725490196079,0.8635578583765113,96.2591,,,,
0.4978,3.2777552604675293,0.0008928571428571429,1.8478260869565217,425,,,,,,,,
,,,1.8478260869565217,425,0.4300238788127899,0.8088235294117647,0.8677966101694915,102.3051,,,,
0.4912,3.7619974613189697,0.0008809523809523809,1.9565217391304348,450,,,,,,,,
,,,1.9565217391304348,450,0.4584246873855591,0.8161764705882353,0.8772504091653027,108.4097,,,,
0.5524,0.6899515390396118,0.0008690476190476191,2.0652173913043477,475,,,,,,,,
,,,2.0652173913043477,475,0.4576021730899811,0.7549019607843137,0.84472049689441,114.1893,,,,
0.499,2.255967378616333,0.0008571428571428571,2.1739130434782608,500,,,,,,,,
,,,2.1739130434782608,500,0.3740840554237366,0.8382352941176471,0.88,120.2565,,,,
0.4379,1.7645622491836548,0.0008452380952380953,2.282608695652174,525,,,,,,,,
,,,2.282608695652174,525,0.38611146807670593,0.8308823529411765,0.877005347593583,126.5516,,,,
0.4079,1.0618703365325928,0.0008333333333333334,2.391304347826087,550,,,,,,,,
,,,2.391304347826087,550,0.38261938095092773,0.8235294117647058,0.8686131386861314,132.5512,,,,
0.4686,1.1943823099136353,0.0008214285714285714,2.5,575,,,,,,,,
,,,2.5,575,0.4123281240463257,0.8112745098039216,0.8743882544861337,138.5322,,,,
0.4015,1.002286434173584,0.0008095238095238096,2.608695652173913,600,,,,,,,,
,,,2.608695652173913,600,0.38638800382614136,0.8382352941176471,0.8869863013698631,144.5792,,,,
0.4192,1.8134621381759644,0.0007976190476190477,2.717391304347826,625,,,,,,,,
,,,2.717391304347826,625,0.42233628034591675,0.8088235294117647,0.8729641693811075,150.6145,,,,
0.4767,3.5745420455932617,0.0007857142857142857,2.8260869565217392,650,,,,,,,,
,,,2.8260869565217392,650,0.37276533246040344,0.8259803921568627,0.88107202680067,156.7185,,,,
0.3887,2.4549431800842285,0.0007738095238095238,2.9347826086956523,675,,,,,,,,
,,,2.9347826086956523,675,0.37152713537216187,0.8455882352941176,0.8888888888888888,162.7373,,,,
0.3792,2.755347967147827,0.0007619047619047619,3.0434782608695654,700,,,,,,,,
,,,3.0434782608695654,700,0.36959466338157654,0.8382352941176471,0.8862068965517241,168.5911,,,,
0.3914,1.1413334608078003,0.00075,3.1521739130434785,725,,,,,,,,
,,,3.1521739130434785,725,0.3818818926811218,0.8627450980392157,0.9037800687285222,174.5388,,,,
0.4235,2.8200509548187256,0.0007380952380952381,3.260869565217391,750,,,,,,,,
,,,3.260869565217391,750,0.3549322187900543,0.8651960784313726,0.9040139616055847,180.639,,,,
0.3428,2.9765539169311523,0.0007261904761904762,3.369565217391304,775,,,,,,,,
,,,3.369565217391304,775,0.36145490407943726,0.8578431372549019,0.8996539792387542,186.5052,,,,
0.3665,6.904783248901367,0.0007142857142857143,3.4782608695652173,800,,,,,,,,
,,,3.4782608695652173,800,0.4441996216773987,0.8357843137254902,0.8873949579831933,192.4991,,,,
0.4355,1.528271198272705,0.0007023809523809524,3.5869565217391304,825,,,,,,,,
,,,3.5869565217391304,825,0.3323651850223541,0.8602941176470589,0.9012131715771231,198.4911,,,,
0.3942,1.5969539880752563,0.0006904761904761905,3.6956521739130435,850,,,,,,,,
,,,3.6956521739130435,850,0.3365296721458435,0.8431372549019608,0.8814814814814815,204.5887,,,,
0.374,6.250477313995361,0.0006785714285714287,3.8043478260869565,875,,,,,,,,
,,,3.8043478260869565,875,0.3523898422718048,0.8529411764705882,0.8916967509025271,210.5973,,,,
0.3845,1.9359031915664673,0.0006666666666666666,3.9130434782608696,900,,,,,,,,
,,,3.9130434782608696,900,0.32157808542251587,0.8504901960784313,0.8946459412780656,216.6396,,,,
0.3851,1.8873531818389893,0.0006547619047619047,4.021739130434782,925,,,,,,,,
,,,4.021739130434782,925,0.3116455376148224,0.8700980392156863,0.9048473967684021,222.5297,,,,
0.3555,2.4988627433776855,0.0006428571428571429,4.130434782608695,950,,,,,,,,
,,,4.130434782608695,950,0.3123132586479187,0.8602941176470589,0.9008695652173914,228.5547,,,,
0.3841,5.086150169372559,0.0006309523809523809,4.239130434782608,975,,,,,,,,
,,,4.239130434782608,975,0.39941665530204773,0.8235294117647058,0.8827361563517915,234.531,,,,
0.4073,1.6227445602416992,0.0006190476190476191,4.3478260869565215,1000,,,,,,,,
,,,4.3478260869565215,1000,0.34541523456573486,0.8406862745098039,0.8903878583473862,240.4301,,,,
0.3651,4.373997688293457,0.0006071428571428571,4.456521739130435,1025,,,,,,,,
,,,4.456521739130435,1025,0.3287246525287628,0.8553921568627451,0.888468809073724,246.8673,,,,
0.3459,2.491732358932495,0.0005952380952380953,4.565217391304348,1050,,,,,,,,
,,,4.565217391304348,1050,0.3287942111492157,0.8676470588235294,0.9042553191489361,252.8736,,,,
0.3117,3.1949591636657715,0.0005833333333333334,4.673913043478261,1075,,,,,,,,
,,,4.673913043478261,1075,0.4217483699321747,0.8504901960784313,0.8927943760984183,258.9035,,,,
0.294,2.5286920070648193,0.0005714285714285714,4.782608695652174,1100,,,,,,,,
,,,4.782608695652174,1100,0.3574415147304535,0.8578431372549019,0.8975265017667844,264.873,,,,
0.3809,4.672126293182373,0.0005595238095238096,4.891304347826087,1125,,,,,,,,
,,,4.891304347826087,1125,0.3168196976184845,0.8774509803921569,0.9084249084249084,270.9282,,,,
0.3385,0.39059537649154663,0.0005476190476190477,5.0,1150,,,,,,,,
,,,5.0,1150,0.3214680552482605,0.8627450980392157,0.8981818181818181,276.9295,,,,
0.3201,0.9159263372421265,0.0005357142857142857,5.108695652173913,1175,,,,,,,,
,,,5.108695652173913,1175,0.3357539474964142,0.8700980392156863,0.9081455805892548,282.8482,,,,
0.3481,3.8391737937927246,0.0005238095238095238,5.217391304347826,1200,,,,,,,,
,,,5.217391304347826,1200,0.3259807527065277,0.8627450980392157,0.900709219858156,288.943,,,,
0.305,1.5369346141815186,0.0005119047619047619,5.326086956521739,1225,,,,,,,,
,,,5.326086956521739,1225,0.32341018319129944,0.8799019607843137,0.9126559714795008,294.9458,,,,
0.3874,1.40430748462677,0.0005,5.434782608695652,1250,,,,,,,,
,,,5.434782608695652,1250,0.32286420464515686,0.8725490196078431,0.9090909090909091,300.9313,,,,
0.2854,2.7807273864746094,0.0004880952380952381,5.543478260869565,1275,,,,,,,,
,,,5.543478260869565,1275,0.32921743392944336,0.8627450980392157,0.8981818181818181,306.8821,,,,
0.3173,1.6036908626556396,0.0004761904761904762,5.6521739130434785,1300,,,,,,,,
,,,5.6521739130434785,1300,0.3093818128108978,0.8651960784313726,0.9016100178890876,312.9258,,,,
0.3028,2.732628583908081,0.00046428571428571433,5.760869565217392,1325,,,,,,,,
,,,5.760869565217392,1325,0.3383250832557678,0.8578431372549019,0.8996539792387542,318.9786,,,,
0.3327,2.42291522026062,0.00045238095238095237,5.869565217391305,1350,,,,,,,,
,,,5.869565217391305,1350,0.33971625566482544,0.8627450980392157,0.9027777777777778,325.1436,,,,
0.3713,1.0389816761016846,0.00044047619047619046,5.978260869565218,1375,,,,,,,,
,,,5.978260869565218,1375,0.3253888189792633,0.8602941176470589,0.9001751313485115,331.2456,,,,
0.2348,5.3407793045043945,0.00042857142857142855,6.086956521739131,1400,,,,,,,,
,,,6.086956521739131,1400,0.5719950199127197,0.8112745098039216,0.8764044943820225,337.2267,,,,
0.3494,1.5428053140640259,0.0004166666666666667,6.195652173913044,1425,,,,,,,,
,,,6.195652173913044,1425,0.3400994837284088,0.8651960784313726,0.9036777583187391,343.3742,,,,
0.2831,2.777301549911499,0.0004047619047619048,6.304347826086957,1450,,,,,,,,
,,,6.304347826086957,1450,0.3707481920719147,0.8553921568627451,0.8901303538175047,349.305,,,,
0.3477,1.4584033489227295,0.0003928571428571429,6.413043478260869,1475,,,,,,,,
,,,6.413043478260869,1475,0.30182260274887085,0.8553921568627451,0.8936936936936937,355.2808,,,,
0.3218,1.4949400424957275,0.00038095238095238096,6.521739130434782,1500,,,,,,,,
,,,6.521739130434782,1500,0.33209094405174255,0.8553921568627451,0.8901303538175047,361.3013,,,,
0.2916,4.926865577697754,0.00036904761904761905,6.630434782608695,1525,,,,,,,,
,,,6.630434782608695,1525,0.3545064628124237,0.8700980392156863,0.9051878354203935,367.6295,,,,
0.3198,0.9078120589256287,0.00035714285714285714,6.739130434782608,1550,,,,,,,,
,,,6.739130434782608,1550,0.3484728932380676,0.8480392156862745,0.8847583643122676,373.5729,,,,
0.2779,6.04224157333374,0.00034523809523809523,6.8478260869565215,1575,,,,,,,,
,,,6.8478260869565215,1575,0.3384333550930023,0.8651960784313726,0.8975791433891992,379.5515,,,,
0.3209,1.4791207313537598,0.0003333333333333333,6.956521739130435,1600,,,,,,,,
,,,6.956521739130435,1600,0.3170486092567444,0.8700980392156863,0.9055258467023173,385.6309,,,,
0.2329,2.642214059829712,0.00032142857142857147,7.065217391304348,1625,,,,,,,,
,,,7.065217391304348,1625,0.34402674436569214,0.8651960784313726,0.9029982363315697,391.5301,,,,
0.2997,1.5898113250732422,0.00030952380952380956,7.173913043478261,1650,,,,,,,,
,,,7.173913043478261,1650,0.3787357211112976,0.8529411764705882,0.8867924528301886,397.5198,,,,
0.265,1.3026422262191772,0.00029761904761904765,7.282608695652174,1675,,,,,,,,
,,,7.282608695652174,1675,0.34096160531044006,0.8700980392156863,0.9087779690189328,403.509,,,,
0.2995,4.703098297119141,0.0002857142857142857,7.391304347826087,1700,,,,,,,,
,,,7.391304347826087,1700,0.35015976428985596,0.8651960784313726,0.9056603773584906,409.5773,,,,
0.2691,2.283379316329956,0.0002738095238095238,7.5,1725,,,,,,,,
,,,7.5,1725,0.3044608235359192,0.8700980392156863,0.9055258467023173,415.7136,,,,
0.2838,1.9927443265914917,0.0002619047619047619,7.608695652173913,1750,,,,,,,,
,,,7.608695652173913,1750,0.30402812361717224,0.875,0.9097345132743363,421.717,,,,
0.2969,3.0344362258911133,0.00025,7.717391304347826,1775,,,,,,,,
,,,7.717391304347826,1775,0.3355390429496765,0.8725490196078431,0.9100346020761245,427.8509,,,,
0.2931,3.2387149333953857,0.0002380952380952381,7.826086956521739,1800,,,,,,,,
,,,7.826086956521739,1800,0.3338741958141327,0.8651960784313726,0.9036777583187391,433.7745,,,,
0.2609,1.7982702255249023,0.00022619047619047618,7.934782608695652,1825,,,,,,,,
,,,7.934782608695652,1825,0.3361435830593109,0.8676470588235294,0.9003690036900369,439.9933,,,,
0.3432,1.8925336599349976,0.00021428571428571427,8.043478260869565,1850,,,,,,,,
,,,8.043478260869565,1850,0.33187130093574524,0.8627450980392157,0.9020979020979022,445.8672,,,,
0.2771,1.4471744298934937,0.0002023809523809524,8.152173913043478,1875,,,,,,,,
,,,8.152173913043478,1875,0.31016433238983154,0.8700980392156863,0.9051878354203935,451.9829,,,,
0.2065,0.7768878936767578,0.00019047619047619048,8.26086956521739,1900,,,,,,,,
,,,8.26086956521739,1900,0.34188956022262573,0.8651960784313726,0.9043478260869565,457.9755,,,,
0.2852,1.4684866666793823,0.00017857142857142857,8.369565217391305,1925,,,,,,,,
,,,8.369565217391305,1925,0.3130519986152649,0.8676470588235294,0.9039145907473309,464.0917,,,,
0.2299,4.038931369781494,0.00016666666666666666,8.478260869565217,1950,,,,,,,,
,,,8.478260869565217,1950,0.35280272364616394,0.8700980392156863,0.9084628670120898,470.1205,,,,
0.2289,2.1947245597839355,0.00015476190476190478,8.58695652173913,1975,,,,,,,,
,,,8.58695652173913,1975,0.3290506601333618,0.875,0.9109947643979057,476.0633,,,,
0.2564,2.491741180419922,0.00014285714285714284,8.695652173913043,2000,,,,,,,,
,,,8.695652173913043,2000,0.3264729976654053,0.875,0.9106830122591945,482.0173,,,,
0.246,3.250145673751831,0.00013095238095238096,8.804347826086957,2025,,,,,,,,
,,,8.804347826086957,2025,0.335758775472641,0.875,0.9100529100529101,488.235,,,,
0.3085,3.425225019454956,0.00011904761904761905,8.91304347826087,2050,,,,,,,,
,,,8.91304347826087,2050,0.32631102204322815,0.8725490196078431,0.9084507042253521,494.2827,,,,
0.3188,0.9903873801231384,0.00010714285714285714,9.021739130434783,2075,,,,,,,,
,,,9.021739130434783,2075,0.3082613945007324,0.8725490196078431,0.9078014184397164,500.1194,,,,
0.2281,1.687347650527954,9.523809523809524e-05,9.130434782608695,2100,,,,,,,,
,,,9.130434782608695,2100,0.3116459846496582,0.875,0.9081081081081082,506.133,,,,
0.2253,1.5545343160629272,8.333333333333333e-05,9.23913043478261,2125,,,,,,,,
,,,9.23913043478261,2125,0.3223537504673004,0.8700980392156863,0.905861456483126,512.0796,,,,
0.2686,2.620828151702881,7.142857142857142e-05,9.347826086956522,2150,,,,,,,,
,,,9.347826086956522,2150,0.3304358422756195,0.8774509803921569,0.9125874125874125,518.1152,,,,
0.2304,1.3107837438583374,5.9523809523809524e-05,9.456521739130435,2175,,,,,,,,
,,,9.456521739130435,2175,0.31094247102737427,0.8725490196078431,0.9071428571428571,524.1069,,,,
0.2503,1.3935158252716064,4.761904761904762e-05,9.565217391304348,2200,,,,,,,,
,,,9.565217391304348,2200,0.3243606686592102,0.875,0.9109947643979057,530.1652,,,,
0.2655,3.55307674407959,3.571428571428571e-05,9.673913043478262,2225,,,,,,,,
,,,9.673913043478262,2225,0.3061489164829254,0.875,0.9090909090909091,536.1109,,,,
0.2384,1.103886365890503,2.380952380952381e-05,9.782608695652174,2250,,,,,,,,
,,,9.782608695652174,2250,0.31220194697380066,0.8799019607843137,0.9135802469135803,542.176,,,,
0.2333,4.973521709442139,1.1904761904761905e-05,9.891304347826086,2275,,,,,,,,
,,,9.891304347826086,2275,0.3140075206756592,0.8774509803921569,0.9116607773851589,548.2299,,,,
0.2173,1.8330796957015991,0.0,10.0,2300,,,,,,,,
,,,10.0,2300,0.3141697645187378,0.8774509803921569,0.9116607773851589,554.2592,,,,
,,,10.0,2300,,,,553.7928,66.234,4.153,1458501490289760.0,0.4126987403890361
