loss,grad_norm,learning_rate,epoch,step,eval_loss,eval_accuracy,train_runtime,train_samples_per_second,train_steps_per_second,total_flos,train_loss
1.7452,1.1148936748504639,1e-05,0.00641025641025641,1,,,,,,,
1.5661,0.6220259666442871,0.0005,0.32051282051282054,50,,,,,,,
,,,0.32051282051282054,50,1.0906816720962524,0.5270758122743683,20.6042,,,,
0.819,0.891018807888031,0.001,0.6410256410256411,100,,,,,,,
,,,0.6410256410256411,100,0.7032660245895386,0.5306859205776173,42.3826,,,,
0.7298,3.06408953666687,0.0015,0.9615384615384616,150,,,,,,,
,,,0.9615384615384616,150,0.7142570614814758,0.5270758122743683,63.9859,,,,
0.7274,2.2185628414154053,0.002,1.282051282051282,200,,,,,,,
,,,1.282051282051282,200,0.7029671669006348,0.5884476534296029,85.4979,,,,
0.7209,1.3797714710235596,0.0019264705882352942,1.6025641025641026,250,,,,,,,
,,,1.6025641025641026,250,0.7158222794532776,0.5270758122743683,106.5632,,,,
0.7292,0.897214412689209,0.0018529411764705885,1.9230769230769231,300,,,,,,,
,,,1.9230769230769231,300,0.7202573418617249,0.48736462093862815,127.8881,,,,
0.7064,2.417804479598999,0.0017794117647058822,2.2435897435897436,350,,,,,,,
,,,2.2435897435897436,350,0.6945819854736328,0.5776173285198556,148.5876,,,,
0.7348,0.6441131234169006,0.0017058823529411764,2.564102564102564,400,,,,,,,
,,,2.564102564102564,400,0.6893088221549988,0.5631768953068592,169.9141,,,,
0.6739,1.969335913658142,0.0016323529411764706,2.8846153846153846,450,,,,,,,
,,,2.8846153846153846,450,0.7717702984809875,0.555956678700361,191.5423,,,,
0.6539,2.1479597091674805,0.0015588235294117648,3.2051282051282053,500,,,,,,,
,,,3.2051282051282053,500,0.649749219417572,0.6245487364620939,212.8018,,,,
0.6363,2.310561180114746,0.0014852941176470588,3.5256410256410255,550,,,,,,,
,,,3.5256410256410255,550,0.6031889915466309,0.6895306859205776,234.0465,,,,
0.6282,2.433389186859131,0.001411764705882353,3.8461538461538463,600,,,,,,,
,,,3.8461538461538463,600,0.6319260001182556,0.6967509025270758,255.4348,,,,
0.5761,1.8214815855026245,0.001338235294117647,4.166666666666667,650,,,,,,,
,,,4.166666666666667,650,0.5605716705322266,0.7220216606498195,277.0898,,,,
0.603,1.5295394659042358,0.0012647058823529412,4.487179487179487,700,,,,,,,
,,,4.487179487179487,700,0.5640361905097961,0.7256317689530686,298.2432,,,,
0.6019,3.170818567276001,0.0011911764705882352,4.8076923076923075,750,,,,,,,
,,,4.8076923076923075,750,0.6009378433227539,0.7111913357400722,319.2809,,,,
0.5422,2.396817684173584,0.0011176470588235294,5.128205128205128,800,,,,,,,
,,,5.128205128205128,800,0.5540263652801514,0.7220216606498195,340.471,,,,
0.5519,1.315962314605713,0.0010441176470588236,5.448717948717949,850,,,,,,,
,,,5.448717948717949,850,0.5360662937164307,0.7689530685920578,362.2173,,,,
0.4923,1.418311595916748,0.0009705882352941176,5.769230769230769,900,,,,,,,
,,,5.769230769230769,900,0.5490886569023132,0.7472924187725631,383.7397,,,,
0.5621,0.9922219514846802,0.0008970588235294118,6.089743589743589,950,,,,,,,
,,,6.089743589743589,950,0.567202627658844,0.7111913357400722,404.7214,,,,
0.4711,1.3377283811569214,0.0008235294117647058,6.410256410256411,1000,,,,,,,
,,,6.410256410256411,1000,0.5120375156402588,0.7617328519855595,426.0271,,,,
0.4707,1.0224357843399048,0.00075,6.730769230769231,1050,,,,,,,
,,,6.730769230769231,1050,0.4916754364967346,0.7617328519855595,447.7866,,,,
0.4473,1.4056118726730347,0.0006764705882352942,7.051282051282051,1100,,,,,,,
,,,7.051282051282051,1100,0.5494635701179504,0.7545126353790613,469.5553,,,,
0.421,2.0482966899871826,0.0006029411764705882,7.371794871794872,1150,,,,,,,
,,,7.371794871794872,1150,0.49787259101867676,0.776173285198556,491.4376,,,,
0.3947,3.430145740509033,0.0005294117647058824,7.6923076923076925,1200,,,,,,,
,,,7.6923076923076925,1200,0.5273653268814087,0.7725631768953068,512.3794,,,,
0.4198,1.104291319847107,0.00045588235294117646,8.012820512820513,1250,,,,,,,
,,,8.012820512820513,1250,0.48393353819847107,0.7833935018050542,533.7557,,,,
0.3914,1.9809215068817139,0.00038235294117647055,8.333333333333334,1300,,,,,,,
,,,8.333333333333334,1300,0.519365668296814,0.7906137184115524,554.7937,,,,
0.3421,2.420504093170166,0.0003088235294117647,8.653846153846153,1350,,,,,,,
,,,8.653846153846153,1350,0.46264952421188354,0.7978339350180506,575.9145,,,,
0.3223,1.4761348962783813,0.00023529411764705883,8.974358974358974,1400,,,,,,,
,,,8.974358974358974,1400,0.4920717179775238,0.8050541516245487,596.8579,,,,
0.2832,4.1506781578063965,0.00016176470588235295,9.294871794871796,1450,,,,,,,
,,,9.294871794871796,1450,0.5477007031440735,0.7978339350180506,617.8973,,,,
0.196,3.3366458415985107,8.823529411764706e-05,9.615384615384615,1500,,,,,,,
,,,9.615384615384615,1500,0.6076128482818604,0.8014440433212996,639.4301,,,,
0.3208,3.1445486545562744,1.4705882352941177e-05,9.935897435897436,1550,,,,,,,
,,,9.935897435897436,1550,0.5407994389533997,0.8086642599277978,660.9839,,,,
,,,10.0,1560,,,664.2079,37.488,2.349,2131204763617920.0,0.570119833946228
