loss,grad_norm,learning_rate,epoch,step,eval_loss,eval_accuracy,train_runtime,train_samples_per_second,train_steps_per_second,total_flos,train_loss
0.718,1.6997461318969727,3.5e-06,0.00641025641025641,1,,,,,,,
0.7041,1.1489917039871216,8.75e-05,0.16025641025641027,25,,,,,,,
,,,0.16025641025641027,25,0.7035276889801025,0.4729241877256318,10.9533,,,,
0.7252,1.1429715156555176,0.000175,0.32051282051282054,50,,,,,,,
,,,0.32051282051282054,50,0.6918661594390869,0.5270758122743683,21.4362,,,,
0.6957,0.802290141582489,0.0002625,0.4807692307692308,75,,,,,,,
,,,0.4807692307692308,75,0.695698618888855,0.5270758122743683,33.2396,,,,
0.7012,2.5522403717041016,0.00035,0.6410256410256411,100,,,,,,,
,,,0.6410256410256411,100,0.6906859874725342,0.5379061371841155,44.1068,,,,
0.6895,2.665515184402466,0.0004375,0.8012820512820513,125,,,,,,,
,,,0.8012820512820513,125,0.6839847564697266,0.5487364620938628,55.6904,,,,
0.7002,1.873707890510559,0.000525,0.9615384615384616,150,,,,,,,
,,,0.9615384615384616,150,0.6982736587524414,0.47653429602888087,66.4718,,,,
0.6752,6.329665660858154,0.0006125,1.1217948717948718,175,,,,,,,
,,,1.1217948717948718,175,0.6659603118896484,0.5776173285198556,77.5983,,,,
0.6739,5.060959815979004,0.0007,1.282051282051282,200,,,,,,,
,,,1.282051282051282,200,0.6181955337524414,0.6787003610108303,88.749,,,,
0.62,4.985644340515137,0.0006871323529411764,1.4423076923076923,225,,,,,,,
,,,1.4423076923076923,225,0.6311244368553162,0.6642599277978339,99.6319,,,,
0.6332,7.093628406524658,0.0006742647058823529,1.6025641025641026,250,,,,,,,
,,,1.6025641025641026,250,0.6043702960014343,0.6859205776173285,110.6818,,,,
0.6417,5.375925064086914,0.0006613970588235294,1.7628205128205128,275,,,,,,,
,,,1.7628205128205128,275,0.6267701387405396,0.6462093862815884,121.3256,,,,
0.647,14.437579154968262,0.0006485294117647059,1.9230769230769231,300,,,,,,,
,,,1.9230769230769231,300,0.600147008895874,0.6967509025270758,132.6,,,,
0.5886,4.888271331787109,0.0006356617647058823,2.0833333333333335,325,,,,,,,
,,,2.0833333333333335,325,0.5628018975257874,0.7111913357400722,143.2764,,,,
0.5509,7.555698871612549,0.0006227941176470587,2.2435897435897436,350,,,,,,,
,,,2.2435897435897436,350,0.547798752784729,0.7256317689530686,154.0218,,,,
0.5425,14.049479484558105,0.0006099264705882353,2.4038461538461537,375,,,,,,,
,,,2.4038461538461537,375,0.6008395552635193,0.7509025270758123,165.0201,,,,
0.6028,14.168405532836914,0.0005970588235294117,2.564102564102564,400,,,,,,,
,,,2.564102564102564,400,0.5780232548713684,0.7256317689530686,176.0265,,,,
0.566,9.283888816833496,0.0005841911764705882,2.7243589743589745,425,,,,,,,
,,,2.7243589743589745,425,0.5892072916030884,0.6642599277978339,187.1502,,,,
0.5631,5.231308460235596,0.0005713235294117647,2.8846153846153846,450,,,,,,,
,,,2.8846153846153846,450,0.5880797505378723,0.6967509025270758,198.3321,,,,
0.5187,10.45618724822998,0.0005584558823529412,3.0448717948717947,475,,,,,,,
,,,3.0448717948717947,475,0.5747044682502747,0.7003610108303249,209.1974,,,,
0.5711,10.539448738098145,0.0005455882352941177,3.2051282051282053,500,,,,,,,
,,,3.2051282051282053,500,0.5653764605522156,0.7075812274368231,220.3058,,,,
0.4827,11.464410781860352,0.0005327205882352941,3.3653846153846154,525,,,,,,,
,,,3.3653846153846154,525,0.5494286417961121,0.7184115523465704,231.6663,,,,
0.4865,11.539852142333984,0.0005198529411764706,3.5256410256410255,550,,,,,,,
,,,3.5256410256410255,550,0.5466120839118958,0.7148014440433214,242.2062,,,,
0.5312,9.731496810913086,0.0005069852941176471,3.685897435897436,575,,,,,,,
,,,3.685897435897436,575,0.5528086423873901,0.7111913357400722,252.9131,,,,
0.5069,11.020315170288086,0.0004941176470588236,3.8461538461538463,600,,,,,,,
,,,3.8461538461538463,600,0.5958964228630066,0.7184115523465704,264.2777,,,,
0.447,12.46468734741211,0.00048125,4.006410256410256,625,,,,,,,
,,,4.006410256410256,625,0.6383591294288635,0.7256317689530686,275.4771,,,,
0.4294,7.0863847732543945,0.00046838235294117644,4.166666666666667,650,,,,,,,
,,,4.166666666666667,650,0.5913603901863098,0.7184115523465704,286.7014,,,,
0.4909,12.94023609161377,0.00045551470588235297,4.326923076923077,675,,,,,,,
,,,4.326923076923077,675,0.6123015880584717,0.7184115523465704,297.2427,,,,
0.4016,7.202175617218018,0.0004426470588235294,4.487179487179487,700,,,,,,,
,,,4.487179487179487,700,0.6224127411842346,0.7256317689530686,308.4946,,,,
0.4328,9.146775245666504,0.0004297794117647059,4.647435897435898,725,,,,,,,
,,,4.647435897435898,725,0.5959529876708984,0.740072202166065,319.2146,,,,
0.4191,13.498323440551758,0.00041691176470588234,4.8076923076923075,750,,,,,,,
,,,4.8076923076923075,750,0.6389087438583374,0.7436823104693141,330.2609,,,,
0.389,31.29962158203125,0.00040404411764705876,4.967948717948718,775,,,,,,,
,,,4.967948717948718,775,0.7442017793655396,0.7292418772563177,341.1039,,,,
0.3561,13.251803398132324,0.0003911764705882353,5.128205128205128,800,,,,,,,
,,,5.128205128205128,800,0.6001132130622864,0.7364620938628159,352.2677,,,,
0.3696,11.355552673339844,0.00037830882352941176,5.288461538461538,825,,,,,,,
,,,5.288461538461538,825,0.5633931756019592,0.7509025270758123,363.2744,,,,
0.3874,37.9167594909668,0.00036544117647058824,5.448717948717949,850,,,,,,,
,,,5.448717948717949,850,0.5493001937866211,0.7509025270758123,374.709,,,,
0.4075,15.259519577026367,0.0003525735294117647,5.608974358974359,875,,,,,,,
,,,5.608974358974359,875,0.5411497950553894,0.7581227436823105,386.0143,,,,
0.3576,27.15496826171875,0.0003397058823529412,5.769230769230769,900,,,,,,,
,,,5.769230769230769,900,0.6471990942955017,0.7545126353790613,396.8424,,,,
0.4197,25.97100830078125,0.00032683823529411766,5.92948717948718,925,,,,,,,
,,,5.92948717948718,925,0.6233051419258118,0.740072202166065,407.7528,,,,
0.3979,10.239258766174316,0.00031397058823529414,6.089743589743589,950,,,,,,,
,,,6.089743589743589,950,0.6066364049911499,0.7292418772563177,418.7405,,,,
0.2976,13.001564025878906,0.0003011029411764706,6.25,975,,,,,,,
,,,6.25,975,0.7356367707252502,0.7509025270758123,429.9844,,,,
0.3613,14.374906539916992,0.00028823529411764703,6.410256410256411,1000,,,,,,,
,,,6.410256410256411,1000,0.6983211040496826,0.7545126353790613,440.7018,,,,
0.3469,43.89363098144531,0.0002753676470588235,6.57051282051282,1025,,,,,,,
,,,6.57051282051282,1025,0.67799973487854,0.7436823104693141,452.0468,,,,
0.3448,9.00422191619873,0.0002625,6.730769230769231,1050,,,,,,,
,,,6.730769230769231,1050,0.5993067622184753,0.7581227436823105,463.1677,,,,
0.3177,14.848121643066406,0.00024963235294117646,6.891025641025641,1075,,,,,,,
,,,6.891025641025641,1075,0.6477038264274597,0.7689530685920578,474.8591,,,,
0.3169,5.536997318267822,0.00023676470588235296,7.051282051282051,1100,,,,,,,
,,,7.051282051282051,1100,0.6549956202507019,0.7689530685920578,485.6877,,,,
0.2714,19.106782913208008,0.00022389705882352938,7.211538461538462,1125,,,,,,,
,,,7.211538461538462,1125,0.6366338133811951,0.7617328519855595,496.4741,,,,
0.2457,16.13793182373047,0.00021102941176470586,7.371794871794872,1150,,,,,,,
,,,7.371794871794872,1150,0.7412187457084656,0.7545126353790613,508.2675,,,,
0.2872,35.05091857910156,0.00019816176470588236,7.532051282051282,1175,,,,,,,
,,,7.532051282051282,1175,0.8470983505249023,0.7472924187725631,518.9316,,,,
0.2336,19.001359939575195,0.00018529411764705883,7.6923076923076925,1200,,,,,,,
,,,7.6923076923076925,1200,0.812463641166687,0.7689530685920578,529.8426,,,,
0.3217,42.82139587402344,0.0001724264705882353,7.852564102564102,1225,,,,,,,
,,,7.852564102564102,1225,0.6933687329292297,0.779783393501805,541.0277,,,,
0.2653,15.232568740844727,0.00015955882352941176,8.012820512820513,1250,,,,,,,
,,,8.012820512820513,1250,0.6481810212135315,0.776173285198556,552.0537,,,,
0.2862,18.100587844848633,0.00014669117647058823,8.173076923076923,1275,,,,,,,
,,,8.173076923076923,1275,0.6978175044059753,0.7653429602888087,563.2108,,,,
0.2731,36.561279296875,0.0001338235294117647,8.333333333333334,1300,,,,,,,
,,,8.333333333333334,1300,0.7021938562393188,0.776173285198556,573.9531,,,,
0.2348,27.94110870361328,0.00012095588235294117,8.493589743589745,1325,,,,,,,
,,,8.493589743589745,1325,0.8073803782463074,0.7653429602888087,585.334,,,,
0.2518,32.729393005371094,0.00010808823529411764,8.653846153846153,1350,,,,,,,
,,,8.653846153846153,1350,0.6998178362846375,0.7689530685920578,595.9462,,,,
0.2345,14.858190536499023,9.52205882352941e-05,8.814102564102564,1375,,,,,,,
,,,8.814102564102564,1375,0.771562933921814,0.7617328519855595,606.91,,,,
0.2117,11.859658241271973,8.235294117647058e-05,8.974358974358974,1400,,,,,,,
,,,8.974358974358974,1400,0.7867391705513,0.7653429602888087,617.7739,,,,
0.2309,21.112693786621094,6.948529411764706e-05,9.134615384615385,1425,,,,,,,
,,,9.134615384615385,1425,0.8135759830474854,0.7653429602888087,628.5423,,,,
0.2298,12.22053050994873,5.661764705882353e-05,9.294871794871796,1450,,,,,,,
,,,9.294871794871796,1450,0.7986469268798828,0.7545126353790613,639.5335,,,,
0.1751,10.665861129760742,4.375e-05,9.455128205128204,1475,,,,,,,
,,,9.455128205128204,1475,0.8756094574928284,0.7545126353790613,650.2683,,,,
0.3168,37.85179138183594,3.0882352941176475e-05,9.615384615384615,1500,,,,,,,
,,,9.615384615384615,1500,0.7948318719863892,0.7581227436823105,661.7399,,,,
0.2118,12.065258979797363,1.801470588235294e-05,9.775641025641026,1525,,,,,,,
,,,9.775641025641026,1525,0.7860008478164673,0.7617328519855595,673.1064,,,,
0.2647,14.120697975158691,5.147058823529411e-06,9.935897435897436,1550,,,,,,,
,,,9.935897435897436,1550,0.7822083830833435,0.7653429602888087,684.0556,,,,
,,,10.0,1560,,,686.8209,36.254,2.271,2107777747999680.0,0.43188542746580566
