loss,grad_norm,learning_rate,epoch,step,eval_loss,eval_accuracy,eval_f1,train_runtime,train_samples_per_second,train_steps_per_second,total_flos,train_loss
1.1672,4.064709186553955,4e-08,0.0625,1,,,,,,,,
1.1435,5.5389533042907715,4.0000000000000003e-07,0.625,10,,,,,,,,
,,,0.625,10,1.1305588483810425,0.4107142857142857,0.1940928270042194,6.0825,,,,
1.1218,4.352254867553711,8.000000000000001e-07,1.25,20,,,,,,,,
,,,1.25,20,1.1257975101470947,0.4107142857142857,0.1940928270042194,11.7615,,,,
1.1229,4.307561874389648,1.2000000000000002e-06,1.875,30,,,,,,,,
,,,1.875,30,1.1178556680679321,0.4107142857142857,0.1940928270042194,17.3221,,,,
1.0973,4.071898937225342,1.6000000000000001e-06,2.5,40,,,,,,,,
,,,2.5,40,1.1067653894424438,0.4107142857142857,0.1940928270042194,22.763,,,,
1.1002,4.35754919052124,2.0000000000000003e-06,3.125,50,,,,,,,,
,,,3.125,50,1.0925167798995972,0.4107142857142857,0.1940928270042194,28.3145,,,,
1.0798,4.089048862457275,2.4000000000000003e-06,3.75,60,,,,,,,,
,,,3.75,60,1.0738831758499146,0.4107142857142857,0.1940928270042194,33.9766,,,,
1.0363,3.3571765422821045,2.8000000000000003e-06,4.375,70,,,,,,,,
,,,4.375,70,1.0460917949676514,0.4107142857142857,0.1940928270042194,39.279,,,,
0.9979,4.6330342292785645,3.2000000000000003e-06,5.0,80,,,,,,,,
,,,5.0,80,1.002531886100769,0.4107142857142857,0.1940928270042194,44.8407,,,,
0.9335,3.2437584400177,3.6000000000000003e-06,5.625,90,,,,,,,,
,,,5.625,90,0.9307785630226135,0.48214285714285715,0.28801528801528803,50.8303,,,,
0.8979,4.447819709777832,4.000000000000001e-06,6.25,100,,,,,,,,
,,,6.25,100,0.8503383994102478,0.6785714285714286,0.47391812865497074,56.2345,,,,
0.7521,4.639563083648682,4.4e-06,6.875,110,,,,,,,,
,,,6.875,110,0.806269645690918,0.6785714285714286,0.47391812865497074,61.7017,,,,
0.8144,5.918987274169922,4.800000000000001e-06,7.5,120,,,,,,,,
,,,7.5,120,0.7938774824142456,0.6785714285714286,0.47391812865497074,66.7731,,,,
0.683,6.959840297698975,5.2e-06,8.125,130,,,,,,,,
,,,8.125,130,0.7766742706298828,0.6785714285714286,0.47391812865497074,72.5689,,,,
0.6107,5.023674011230469,5.600000000000001e-06,8.75,140,,,,,,,,
,,,8.75,140,0.7612166404724121,0.6964285714285714,0.486277269528501,78.6551,,,,
0.5806,12.153306007385254,6e-06,9.375,150,,,,,,,,
,,,9.375,150,0.7660312056541443,0.6785714285714286,0.47391812865497074,84.2344,,,,
0.5642,7.854392051696777,6.4000000000000006e-06,10.0,160,,,,,,,,
,,,10.0,160,0.6712669134140015,0.7142857142857143,0.49858757062146886,89.7378,,,,
0.4131,5.831493377685547,6.800000000000001e-06,10.625,170,,,,,,,,
,,,10.625,170,0.5568872094154358,0.7678571428571429,0.5356725146198831,95.7476,,,,
0.4172,7.7217559814453125,7.2000000000000005e-06,11.25,180,,,,,,,,
,,,11.25,180,0.501909613609314,0.7857142857142857,0.5479709125029323,101.1811,,,,
0.2602,6.699725151062012,7.600000000000001e-06,11.875,190,,,,,,,,
,,,11.875,190,0.45111018419265747,0.8035714285714286,0.5607017543859648,107.1393,,,,
0.1702,6.087048530578613,8.000000000000001e-06,12.5,200,,,,,,,,
,,,12.5,200,0.46448007225990295,0.8214285714285714,0.5741525423728813,112.5398,,,,
0.1424,2.494650363922119,8.400000000000001e-06,13.125,210,,,,,,,,
,,,13.125,210,0.3520694077014923,0.8392857142857143,0.5857309941520468,117.9593,,,,
0.1164,7.379024505615234,8.8e-06,13.75,220,,,,,,,,
,,,13.75,220,0.40372365713119507,0.8214285714285714,0.6780753968253967,124.0445,,,,
0.0825,9.327780723571777,9.200000000000002e-06,14.375,230,,,,,,,,
,,,14.375,230,0.39426374435424805,0.875,0.8396296296296297,129.9267,,,,
0.0815,4.27351188659668,9.600000000000001e-06,15.0,240,,,,,,,,
,,,15.0,240,0.33601608872413635,0.8928571428571429,0.8531984007996002,135.3049,,,,
0.0379,0.40375182032585144,1e-05,15.625,250,,,,,,,,
,,,15.625,250,0.3547191619873047,0.875,0.8649582943039386,140.899,,,,
0.0192,2.902221918106079,1.04e-05,16.25,260,,,,,,,,
,,,16.25,260,0.39582568407058716,0.9107142857142857,0.9044113450893111,146.6775,,,,
0.0198,5.895850658416748,1.0800000000000002e-05,16.875,270,,,,,,,,
,,,16.875,270,0.4783852994441986,0.8928571428571429,0.891912320483749,152.3805,,,,
0.0083,1.3903992176055908,1.1200000000000001e-05,17.5,280,,,,,,,,
,,,17.5,280,0.40597131848335266,0.8928571428571429,0.8624708624708624,158.283,,,,
0.0049,1.0600932836532593,1.16e-05,18.125,290,,,,,,,,
,,,18.125,290,0.3247120976448059,0.9107142857142857,0.9048821548821548,163.7961,,,,
0.0035,0.058454111218452454,1.2e-05,18.75,300,,,,,,,,
,,,18.75,300,0.3714589476585388,0.9107142857142857,0.9047376896347149,169.7273,,,,
0.0028,0.09319140762090683,1.2400000000000002e-05,19.375,310,,,,,,,,
,,,19.375,310,0.3559800684452057,0.9285714285714286,0.9472049689440993,174.8566,,,,
0.0024,0.03867284953594208,1.2800000000000001e-05,20.0,320,,,,,,,,
,,,20.0,320,0.37222740054130554,0.9285714285714286,0.9472049689440993,180.6008,,,,
,,,20.0,320,,,,179.9817,27.781,1.778,446840583950880.0,0.5100281185179483
