loss,grad_norm,learning_rate,epoch,step,eval_loss,eval_accuracy,eval_f1,train_runtime,train_samples_per_second,train_steps_per_second,total_flos,train_loss
1.1061,3.943967580795288,1e-05,0.0625,1,,,,,,,,
1.0934,2.785350799560547,0.0001,0.625,10,,,,,,,,
,,,0.625,10,1.0468628406524658,0.5,0.2222222222222222,4.3109,,,,
0.9871,3.941995859146118,0.0002,1.25,20,,,,,,,,
,,,1.25,20,0.9371532797813416,0.7321428571428571,0.5087064676616916,8.3638,,,,
0.9192,2.029829740524292,0.0003,1.875,30,,,,,,,,
,,,1.875,30,0.9027201533317566,0.5,0.24617886178861784,12.2783,,,,
0.8787,1.8514882326126099,0.0004,2.5,40,,,,,,,,
,,,2.5,40,0.8895087838172913,0.6964285714285714,0.4868139700641481,16.1199,,,,
0.8388,2.2007803916931152,0.0005,3.125,50,,,,,,,,
,,,3.125,50,0.8622435331344604,0.6964285714285714,0.4861402282785931,20.0347,,,,
0.823,1.7735414505004883,0.00048148148148148144,3.75,60,,,,,,,,
,,,3.75,60,0.7802316546440125,0.6785714285714286,0.47478301665493783,24.0437,,,,
0.6972,2.505901336669922,0.000462962962962963,4.375,70,,,,,,,,
,,,4.375,70,0.7102222442626953,0.6785714285714286,0.47478301665493783,27.797,,,,
0.5877,1.478419542312622,0.0004444444444444444,5.0,80,,,,,,,,
,,,5.0,80,0.6686691045761108,0.7142857142857143,0.49976359338061477,31.6952,,,,
0.4753,1.0499508380889893,0.00042592592592592595,5.625,90,,,,,,,,
,,,5.625,90,0.5686575174331665,0.7678571428571429,0.5364145658263305,35.9353,,,,
0.4053,2.010484457015991,0.0004074074074074074,6.25,100,,,,,,,,
,,,6.25,100,0.4964042603969574,0.7321428571428571,0.5099163679808841,39.7175,,,,
0.3021,1.253191351890564,0.0003888888888888889,6.875,110,,,,,,,,
,,,6.875,110,0.3957867920398712,0.8214285714285714,0.7492640692640693,43.5602,,,,
0.2302,0.6714880466461182,0.00037037037037037035,7.5,120,,,,,,,,
,,,7.5,120,0.329647958278656,0.8571428571428571,0.7745405179615705,47.1407,,,,
0.1371,0.3718474507331848,0.0003518518518518519,8.125,130,,,,,,,,
,,,8.125,130,0.30247679352760315,0.8214285714285714,0.8127184338457495,51.2071,,,,
0.1374,2.6724514961242676,0.0003333333333333333,8.75,140,,,,,,,,
,,,8.75,140,0.2916698753833771,0.8392857142857143,0.8515094447297837,55.5527,,,,
0.1158,0.6589945554733276,0.0003148148148148148,9.375,150,,,,,,,,
,,,9.375,150,0.2727563679218292,0.8571428571428571,0.8651340996168582,59.4929,,,,
0.1229,0.7890558242797852,0.0002962962962962963,10.0,160,,,,,,,,
,,,10.0,160,0.27138596773147583,0.875,0.9072124756335281,63.3824,,,,
0.043,0.30925899744033813,0.0002777777777777778,10.625,170,,,,,,,,
,,,10.625,170,0.2644865810871124,0.8392857142857143,0.8127186406796602,67.6349,,,,
0.086,0.7762326598167419,0.00025925925925925926,11.25,180,,,,,,,,
,,,11.25,180,0.26554837822914124,0.875,0.9072124756335281,71.5024,,,,
0.0504,0.042620666325092316,0.00024074074074074072,11.875,190,,,,,,,,
,,,11.875,190,0.27164754271507263,0.8928571428571429,0.920062695924765,75.7098,,,,
0.0417,0.20828157663345337,0.0002222222222222222,12.5,200,,,,,,,,
,,,12.5,200,0.26811686158180237,0.8928571428571429,0.920062695924765,79.5162,,,,
0.0317,0.07213684916496277,0.0002037037037037037,13.125,210,,,,,,,,
,,,13.125,210,0.27259474992752075,0.9107142857142857,0.9337231968810916,83.3707,,,,
0.0445,2.101145029067993,0.00018518518518518518,13.75,220,,,,,,,,
,,,13.75,220,0.2815660834312439,0.9107142857142857,0.9337231968810916,87.6778,,,,
0.0355,0.7845990061759949,0.00016666666666666666,14.375,230,,,,,,,,
,,,14.375,230,0.28667697310447693,0.8928571428571429,0.8950026581605529,91.8594,,,,
0.0317,1.4563877582550049,0.00014814814814814815,15.0,240,,,,,,,,
,,,15.0,240,0.29220715165138245,0.8928571428571429,0.8950026581605529,95.6604,,,,
0.0228,0.026575034484267235,0.00012962962962962963,15.625,250,,,,,,,,
,,,15.625,250,0.293674498796463,0.8928571428571429,0.920062695924765,99.6111,,,,
0.0243,1.0263333320617676,0.0001111111111111111,16.25,260,,,,,,,,
,,,16.25,260,0.2960970997810364,0.8928571428571429,0.920062695924765,103.7047,,,,
0.0194,0.5520312190055847,9.259259259259259e-05,16.875,270,,,,,,,,
,,,16.875,270,0.3058595359325409,0.8928571428571429,0.920062695924765,107.7484,,,,
0.0441,0.3212636709213257,7.407407407407407e-05,17.5,280,,,,,,,,
,,,17.5,280,0.3075437545776367,0.8928571428571429,0.920062695924765,111.9428,,,,
0.0204,0.13178129494190216,5.555555555555555e-05,18.125,290,,,,,,,,
,,,18.125,290,0.3013606369495392,0.8928571428571429,0.8950026581605529,115.8061,,,,
0.0142,0.20239360630512238,3.7037037037037037e-05,18.75,300,,,,,,,,
,,,18.75,300,0.29951906204223633,0.8928571428571429,0.920062695924765,120.0781,,,,
0.0158,0.1787344515323639,1.8518518518518518e-05,19.375,310,,,,,,,,
,,,19.375,310,0.29881903529167175,0.8928571428571429,0.8950026581605529,123.6833,,,,
0.013,0.09112072736024857,0.0,20.0,320,,,,,,,,
,,,20.0,320,0.29859644174575806,0.8928571428571429,0.8950026581605529,127.7402,,,,
,,,20.0,320,,,,127.2885,39.281,2.514,451472400475200.0,0.2903434060048312
