loss,grad_norm,learning_rate,epoch,step,eval_loss,eval_accuracy,eval_f1,train_runtime,train_samples_per_second,train_steps_per_second,total_flos,train_loss
1.1672,4.064709186553955,2.0000000000000002e-07,0.0625,1,,,,,,,,
1.1405,5.455155849456787,2.0000000000000003e-06,0.625,10,,,,,,,,
,,,0.625,10,1.124426007270813,0.4107142857142857,0.1940928270042194,5.7892,,,,
1.1051,4.222960948944092,4.000000000000001e-06,1.25,20,,,,,,,,
,,,1.25,20,1.1013643741607666,0.4107142857142857,0.1940928270042194,11.4816,,,,
1.0782,3.8597567081451416,6e-06,1.875,30,,,,,,,,
,,,1.875,30,1.0610560178756714,0.4107142857142857,0.1940928270042194,16.9467,,,,
1.0053,3.6934256553649902,8.000000000000001e-06,2.5,40,,,,,,,,
,,,2.5,40,0.9849416613578796,0.4107142857142857,0.1940928270042194,22.3777,,,,
0.9246,5.7106804847717285,1e-05,3.125,50,,,,,,,,
,,,3.125,50,0.8761852383613586,0.625,0.43543123543123535,27.8872,,,,
0.8268,4.115440845489502,1.2e-05,3.75,60,,,,,,,,
,,,3.75,60,0.7884737849235535,0.6785714285714286,0.47391812865497074,33.5292,,,,
0.6431,7.907280921936035,1.4e-05,4.375,70,,,,,,,,
,,,4.375,70,0.7797389626502991,0.6785714285714286,0.47391812865497074,38.8566,,,,
0.5996,7.95225715637207,1.6000000000000003e-05,5.0,80,,,,,,,,
,,,5.0,80,0.6977609992027283,0.7142857142857143,0.4991636798088411,44.3255,,,,
0.4485,7.448512077331543,1.8e-05,5.625,90,,,,,,,,
,,,5.625,90,0.5994739532470703,0.7857142857142857,0.5483193277310924,50.2258,,,,
0.3409,4.839680194854736,2e-05,6.25,100,,,,,,,,
,,,6.25,100,0.4377848207950592,0.8035714285714286,0.5595153243050606,55.6007,,,,
0.1809,6.856087684631348,1.9090909090909094e-05,6.875,110,,,,,,,,
,,,6.875,110,0.4252009987831116,0.8214285714285714,0.5735930735930737,61.0245,,,,
0.1881,5.70074987411499,1.8181818181818182e-05,7.5,120,,,,,,,,
,,,7.5,120,0.33789753913879395,0.8392857142857143,0.5866188769414576,66.0125,,,,
0.0922,2.1585757732391357,1.7272727272727274e-05,8.125,130,,,,,,,,
,,,8.125,130,0.3736271560192108,0.9107142857142857,0.8653086419753087,71.7619,,,,
0.0764,8.285625457763672,1.6363636363636366e-05,8.75,140,,,,,,,,
,,,8.75,140,0.30100950598716736,0.8571428571428571,0.799067599067599,77.8037,,,,
0.1105,3.2035322189331055,1.5454545454545454e-05,9.375,150,,,,,,,,
,,,9.375,150,0.24553832411766052,0.9285714285714286,0.8780766852195424,83.3043,,,,
0.0143,0.1843896061182022,1.4545454545454546e-05,10.0,160,,,,,,,,
,,,10.0,160,0.1778070628643036,0.9107142857142857,0.8800417972831767,88.7908,,,,
0.0045,0.11373048275709152,1.3636363636363637e-05,10.625,170,,,,,,,,
,,,10.625,170,0.22571973502635956,0.9285714285714286,0.8780766852195424,94.6589,,,,
0.005,0.056166987866163254,1.2727272727272728e-05,11.25,180,,,,,,,,
,,,11.25,180,0.2840336859226227,0.9107142857142857,0.9044113450893111,100.0808,,,,
0.0026,0.05550533905625343,1.181818181818182e-05,11.875,190,,,,,,,,
,,,11.875,190,0.1978657990694046,0.9285714285714286,0.9177522349936144,105.9711,,,,
0.0021,0.025807030498981476,1.0909090909090909e-05,12.5,200,,,,,,,,
,,,12.5,200,0.18309904634952545,0.9642857142857143,0.9736024844720497,111.3508,,,,
0.0019,0.02492658980190754,1e-05,13.125,210,,,,,,,,
,,,13.125,210,0.18902063369750977,0.9464285714285714,0.960233918128655,116.8046,,,,
0.0017,0.0375901535153389,9.090909090909091e-06,13.75,220,,,,,,,,
,,,13.75,220,0.19719195365905762,0.9285714285714286,0.9177522349936144,122.836,,,,
0.0015,0.027977462857961655,8.181818181818183e-06,14.375,230,,,,,,,,
,,,14.375,230,0.21201622486114502,0.9285714285714286,0.9177522349936144,128.6537,,,,
0.0016,0.04426327347755432,7.272727272727273e-06,15.0,240,,,,,,,,
,,,15.0,240,0.2219380885362625,0.9285714285714286,0.9177522349936144,134.0094,,,,
0.0014,0.02071704901754856,6.363636363636364e-06,15.625,250,,,,,,,,
,,,15.625,250,0.2187056839466095,0.9285714285714286,0.9177522349936144,139.5431,,,,
0.0014,0.04569448158144951,5.4545454545454545e-06,16.25,260,,,,,,,,
,,,16.25,260,0.21677552163600922,0.9285714285714286,0.9177522349936144,145.3078,,,,
0.0013,0.02375093102455139,4.5454545454545455e-06,16.875,270,,,,,,,,
,,,16.875,270,0.21882370114326477,0.9285714285714286,0.9177522349936144,150.9597,,,,
0.0014,0.021530631929636,3.6363636363636366e-06,17.5,280,,,,,,,,
,,,17.5,280,0.2271278351545334,0.9285714285714286,0.9177522349936144,156.8859,,,,
0.0012,0.01839428022503853,2.7272727272727272e-06,18.125,290,,,,,,,,
,,,18.125,290,0.23412062227725983,0.9285714285714286,0.9177522349936144,162.3315,,,,
0.0013,0.01807655580341816,1.8181818181818183e-06,18.75,300,,,,,,,,
,,,18.75,300,0.23457886278629303,0.9285714285714286,0.9177522349936144,168.1943,,,,
0.0012,0.023435043171048164,9.090909090909091e-07,19.375,310,,,,,,,,
,,,19.375,310,0.236686110496521,0.9285714285714286,0.9177522349936144,173.3231,,,,
0.0013,0.02068149857223034,0.0,20.0,320,,,,,,,,
,,,20.0,320,0.23672804236412048,0.9285714285714286,0.9177522349936144,179.0882,,,,
,,,20.0,320,,,,178.7335,27.975,1.79,446840583950880.0,0.27528245793364475
