loss,grad_norm,learning_rate,epoch,step,eval_loss,eval_accuracy,eval_f1,train_runtime,train_samples_per_second,train_steps_per_second,total_flos,train_loss
1.116,3.96354341506958,1e-05,0.0625,1,,,,,,,,
1.0889,2.9069321155548096,0.0001,0.625,10,,,,,,,,
,,,0.625,10,1.0422827005386353,0.5,0.2222222222222222,4.5071,,,,
0.9887,2.6734867095947266,0.0002,1.25,20,,,,,,,,
,,,1.25,20,0.9309563636779785,0.6785714285714286,0.47359617682198324,8.7543,,,,
0.8708,1.1784777641296387,0.0003,1.875,30,,,,,,,,
,,,1.875,30,0.8911782503128052,0.6785714285714286,0.474468085106383,12.8371,,,,
0.8247,0.94464111328125,0.0004,2.5,40,,,,,,,,
,,,2.5,40,0.8134927153587341,0.6785714285714286,0.474468085106383,16.8926,,,,
0.7291,1.1223742961883545,0.0005,3.125,50,,,,,,,,
,,,3.125,50,0.7861108779907227,0.6785714285714286,0.47478301665493783,21.0189,,,,
0.6639,3.2748963832855225,0.00048148148148148144,3.75,60,,,,,,,,
,,,3.75,60,0.691988468170166,0.7321428571428571,0.5087064676616916,25.2265,,,,
0.4693,2.4067463874816895,0.000462962962962963,4.375,70,,,,,,,,
,,,4.375,70,0.6720567941665649,0.7321428571428571,0.5115440115440115,29.2006,,,,
0.3095,5.052798271179199,0.0004444444444444444,5.0,80,,,,,,,,
,,,5.0,80,0.4970293939113617,0.8571428571428571,0.7746561614486143,33.3633,,,,
0.1536,1.5999739170074463,0.00042592592592592595,5.625,90,,,,,,,,
,,,5.625,90,0.27509674429893494,0.8571428571428571,0.7027687622711064,37.8428,,,,
0.101,0.4380858540534973,0.0004074074074074074,6.25,100,,,,,,,,
,,,6.25,100,0.24638043344020844,0.9285714285714286,0.9178768434087582,41.8817,,,,
0.041,2.7611043453216553,0.0003888888888888889,6.875,110,,,,,,,,
,,,6.875,110,0.380121648311615,0.8571428571428571,0.7043650793650794,45.9872,,,,
0.0548,0.5712070465087891,0.00037037037037037035,7.5,120,,,,,,,,
,,,7.5,120,0.2822505533695221,0.9107142857142857,0.9095446187644769,49.7848,,,,
0.0202,0.012148826383054256,0.0003518518518518519,8.125,130,,,,,,,,
,,,8.125,130,0.2579442858695984,0.8928571428571429,0.8917876843408759,54.1785,,,,
0.014,0.8530158400535583,0.0003333333333333333,8.75,140,,,,,,,,
,,,8.75,140,0.3946587145328522,0.9107142857142857,0.9038945268453465,58.7911,,,,
0.0078,0.13174615800380707,0.0003148148148148148,9.375,150,,,,,,,,
,,,9.375,150,0.3695487380027771,0.9107142857142857,0.881478629187524,62.9689,,,,
0.0093,0.003963398281484842,0.0002962962962962963,10.0,160,,,,,,,,
,,,10.0,160,0.28359338641166687,0.9285714285714286,0.9236477807906379,67.2321,,,,
0.0033,0.5337160229682922,0.0002777777777777778,10.625,170,,,,,,,,
,,,10.625,170,0.2033303678035736,0.9107142857142857,0.9048821548821548,71.7557,,,,
0.0006,0.005512578412890434,0.00025925925925925926,11.25,180,,,,,,,,
,,,11.25,180,0.21964754164218903,0.9285714285714286,0.9178634416729654,75.8513,,,,
0.0011,0.3824884593486786,0.00024074074074074072,11.875,190,,,,,,,,
,,,11.875,190,0.24708092212677002,0.9464285714285714,0.960723912206392,80.3788,,,,
0.0005,0.009213520213961601,0.0002222222222222222,12.5,200,,,,,,,,
,,,12.5,200,0.19565273821353912,0.9285714285714286,0.9475308641975309,84.417,,,,
0.0007,0.0009557381272315979,0.0002037037037037037,13.125,210,,,,,,,,
,,,13.125,210,0.18665811419487,0.9285714285714286,0.9475308641975309,88.463,,,,
0.0004,0.0091361403465271,0.00018518518518518518,13.75,220,,,,,,,,
,,,13.75,220,0.2162729799747467,0.9464285714285714,0.960723912206392,93.0462,,,,
0.0005,0.016103072091937065,0.00016666666666666666,14.375,230,,,,,,,,
,,,14.375,230,0.2291680872440338,0.9464285714285714,0.960723912206392,97.4396,,,,
0.0005,0.006370499264448881,0.00014814814814814815,15.0,240,,,,,,,,
,,,15.0,240,0.22286786139011383,0.9464285714285714,0.960723912206392,101.4577,,,,
0.0006,0.002452703658491373,0.00012962962962962963,15.625,250,,,,,,,,
,,,15.625,250,0.2204623967409134,0.9285714285714286,0.9178634416729654,105.6776,,,,
0.0011,0.02250911295413971,0.0001111111111111111,16.25,260,,,,,,,,
,,,16.25,260,0.18484903872013092,0.9107142857142857,0.9048821548821548,109.9914,,,,
0.0005,0.010668566450476646,9.259259259259259e-05,16.875,270,,,,,,,,
,,,16.875,270,0.17683199048042297,0.9107142857142857,0.9048821548821548,114.2553,,,,
0.0008,0.007998556829988956,7.407407407407407e-05,17.5,280,,,,,,,,
,,,17.5,280,0.17572954297065735,0.9107142857142857,0.9048821548821548,118.7147,,,,
0.0002,0.008933420293033123,5.555555555555555e-05,18.125,290,,,,,,,,
,,,18.125,290,0.1792381852865219,0.9107142857142857,0.9048821548821548,122.8158,,,,
0.0007,0.005264765117317438,3.7037037037037037e-05,18.75,300,,,,,,,,
,,,18.75,300,0.17850632965564728,0.9107142857142857,0.9048821548821548,127.3138,,,,
0.0003,0.0069312602281570435,1.8518518518518518e-05,19.375,310,,,,,,,,
,,,19.375,310,0.17490831017494202,0.9107142857142857,0.9048821548821548,131.1311,,,,
0.0005,0.012580474838614464,0.0,20.0,320,,,,,,,,
,,,20.0,320,0.17477016150951385,0.9107142857142857,0.9048821548821548,135.4328,,,,
,,,20.0,320,,,,134.9947,37.038,2.37,454549583062080.0,0.1987979729186918
