loss,grad_norm,learning_rate,epoch,step,eval_loss,eval_accuracy,eval_f1,train_runtime,train_samples_per_second,train_steps_per_second,total_flos,train_loss
1.1893,4.657621383666992,1e-05,0.0625,1,,,,,,,,
1.1031,2.7320125102996826,0.0001,0.625,10,,,,,,,,
,,,0.625,10,1.0532299280166626,0.4107142857142857,0.1940928270042194,4.345,,,,
0.9758,4.507359027862549,0.0002,1.25,20,,,,,,,,
,,,1.25,20,0.926738440990448,0.4107142857142857,0.1940928270042194,8.3311,,,,
0.9197,1.9871041774749756,0.0003,1.875,30,,,,,,,,
,,,1.875,30,0.8887985348701477,0.7142857142857143,0.49642769154964284,12.1919,,,,
0.8549,2.037431240081787,0.0004,2.5,40,,,,,,,,
,,,2.5,40,0.8353034853935242,0.6785714285714286,0.47478301665493783,16.0169,,,,
0.7567,1.7070283889770508,0.0005,3.125,50,,,,,,,,
,,,3.125,50,0.7273136377334595,0.6964285714285714,0.4872881355932203,19.8752,,,,
0.7002,1.9694939851760864,0.00048148148148148144,3.75,60,,,,,,,,
,,,3.75,60,0.6871023178100586,0.7321428571428571,0.5122356854359705,23.8442,,,,
0.571,3.1993939876556396,0.000462962962962963,4.375,70,,,,,,,,
,,,4.375,70,0.6538963317871094,0.7321428571428571,0.5115440115440115,27.6164,,,,
0.4336,6.079457759857178,0.0004444444444444444,5.0,80,,,,,,,,
,,,5.0,80,0.540664792060852,0.7857142857142857,0.548101560680177,31.4829,,,,
0.4083,9.18217658996582,0.00042592592592592595,5.625,90,,,,,,,,
,,,5.625,90,0.46650832891464233,0.8392857142857143,0.5857808857808857,35.6701,,,,
0.3358,1.330545425415039,0.0004074074074074074,6.25,100,,,,,,,,
,,,6.25,100,0.3405013978481293,0.875,0.7153968253968254,39.4302,,,,
0.1503,0.3732754588127136,0.0003888888888888889,6.875,110,,,,,,,,
,,,6.875,110,0.3363054394721985,0.875,0.6117757447806709,43.2476,,,,
0.2959,3.57427716255188,0.00037037037037037035,7.5,120,,,,,,,,
,,,7.5,120,0.22763316333293915,0.9107142857142857,0.8429292929292928,46.7628,,,,
0.1337,1.5231609344482422,0.0003518518518518519,8.125,130,,,,,,,,
,,,8.125,130,0.21988356113433838,0.8928571428571429,0.8519659076769939,50.834,,,,
0.0759,2.3928940296173096,0.0003333333333333333,8.75,140,,,,,,,,
,,,8.75,140,0.2687096893787384,0.9285714285714286,0.9174283717679944,55.1365,,,,
0.1315,0.8266549706459045,0.0003148148148148148,9.375,150,,,,,,,,
,,,9.375,150,0.179475337266922,0.9285714285714286,0.8568522756165776,59.0167,,,,
0.0939,0.0699191763997078,0.0002962962962962963,10.0,160,,,,,,,,
,,,10.0,160,0.27862539887428284,0.9107142857142857,0.8660884483415936,62.9206,,,,
0.0403,5.1110520362854,0.0002777777777777778,10.625,170,,,,,,,,
,,,10.625,170,0.38588520884513855,0.8928571428571429,0.8525403872240719,67.1461,,,,
0.1767,1.1808350086212158,0.00025925925925925926,11.25,180,,,,,,,,
,,,11.25,180,0.18364731967449188,0.9107142857142857,0.8633242726265982,70.9705,,,,
0.0855,0.1275869905948639,0.00024074074074074072,11.875,190,,,,,,,,
,,,11.875,190,0.10587946325540543,0.9642857142857143,0.903726514868732,75.165,,,,
0.016,1.3244731426239014,0.0002222222222222222,12.5,200,,,,,,,,
,,,12.5,200,0.12085122615098953,0.9464285714285714,0.9308622952690748,78.9426,,,,
0.0169,0.6397181749343872,0.0002037037037037037,13.125,210,,,,,,,,
,,,13.125,210,0.1768520027399063,0.9464285714285714,0.8908730158730158,82.7515,,,,
0.0637,2.3880209922790527,0.00018518518518518518,13.75,220,,,,,,,,
,,,13.75,220,0.12959463894367218,0.9464285714285714,0.8906796601699151,87.043,,,,
0.0079,0.3886721730232239,0.00016666666666666666,14.375,230,,,,,,,,
,,,14.375,230,0.07339257001876831,0.9642857142857143,0.9503848003848003,91.1865,,,,
0.0139,1.750366449356079,0.00014814814814814815,15.0,240,,,,,,,,
,,,15.0,240,0.18170879781246185,0.9464285714285714,0.8906796601699151,94.9316,,,,
0.0079,0.013581403531134129,0.00012962962962962963,15.625,250,,,,,,,,
,,,15.625,250,0.14451433718204498,0.9464285714285714,0.8906796601699151,98.8608,,,,
0.0073,0.0293441079556942,0.0001111111111111111,16.25,260,,,,,,,,
,,,16.25,260,0.1356436312198639,0.9464285714285714,0.9069358178053831,102.9211,,,,
0.0041,0.17350110411643982,9.259259259259259e-05,16.875,270,,,,,,,,
,,,16.875,270,0.21225647628307343,0.9285714285714286,0.8774952919020715,106.9041,,,,
0.0095,0.06318745017051697,7.407407407407407e-05,17.5,280,,,,,,,,
,,,17.5,280,0.21972954273223877,0.9285714285714286,0.8774952919020715,111.0695,,,,
0.0088,0.18379157781600952,5.555555555555555e-05,18.125,290,,,,,,,,
,,,18.125,290,0.19477532804012299,0.9285714285714286,0.8568522756165776,114.9063,,,,
0.0031,0.02506076917052269,3.7037037037037037e-05,18.75,300,,,,,,,,
,,,18.75,300,0.18840132653713226,0.9285714285714286,0.8568522756165776,119.0976,,,,
0.0028,0.12629051506519318,1.8518518518518518e-05,19.375,310,,,,,,,,
,,,19.375,310,0.17999610304832458,0.9464285714285714,0.9069358178053831,122.6649,,,,
0.0062,0.0028680351097136736,0.0,20.0,320,,,,,,,,
,,,20.0,320,0.179005429148674,0.9464285714285714,0.9069358178053831,126.7421,,,,
,,,20.0,320,,,,126.2418,39.607,2.535,451472400475200.0,0.2631169232772663
