loss,grad_norm,learning_rate,epoch,step,eval_loss,eval_accuracy,eval_f1,train_runtime,train_samples_per_second,train_steps_per_second,total_flos,train_loss
0.7151,1.5240999460220337,2.5e-06,0.004347826086956522,1,,,,,,,,
0.7134,0.666576623916626,6.25e-05,0.10869565217391304,25,,,,,,,,
,,,0.10869565217391304,25,0.666510283946991,0.6838235294117647,0.8122270742358079,7.859,,,,
0.658,0.9413605332374573,0.000125,0.21739130434782608,50,,,,,,,,
,,,0.21739130434782608,50,0.6239076256752014,0.6838235294117647,0.8122270742358079,12.6949,,,,
0.639,2.8328258991241455,0.0001875,0.32608695652173914,75,,,,,,,,
,,,0.32608695652173914,75,0.6257332563400269,0.6838235294117647,0.8122270742358079,17.7585,,,,
0.6329,2.0464792251586914,0.00025,0.43478260869565216,100,,,,,,,,
,,,0.43478260869565216,100,0.6209558844566345,0.6838235294117647,0.8122270742358079,22.6643,,,,
0.5994,1.2007073163986206,0.0003125,0.5434782608695652,125,,,,,,,,
,,,0.5434782608695652,125,0.6077132225036621,0.6838235294117647,0.8122270742358079,27.6838,,,,
0.6078,2.8267178535461426,0.000375,0.6521739130434783,150,,,,,,,,
,,,0.6521739130434783,150,0.5831573605537415,0.7132352941176471,0.8240601503759398,32.6648,,,,
0.6172,3.696943998336792,0.0004375,0.7608695652173914,175,,,,,,,,
,,,0.7608695652173914,175,0.5579286813735962,0.6936274509803921,0.8159057437407953,37.8383,,,,
0.5907,3.0280778408050537,0.0005,0.8695652173913043,200,,,,,,,,
,,,0.8695652173913043,200,0.5554916262626648,0.7058823529411765,0.8214285714285715,43.0947,,,,
0.5994,0.8666582107543945,0.0004940476190476191,0.9782608695652174,225,,,,,,,,
,,,0.9782608695652174,225,0.5270805358886719,0.7181372549019608,0.8260211800302572,48.2439,,,,
0.5504,0.6004230380058289,0.0004880952380952381,1.0869565217391304,250,,,,,,,,
,,,1.0869565217391304,250,0.5041863918304443,0.7254901960784313,0.8287461773700305,53.187,,,,
0.5639,0.5747586488723755,0.00048214285714285715,1.1956521739130435,275,,,,,,,,
,,,1.1956521739130435,275,0.6177482008934021,0.7034313725490197,0.8191330343796712,58.3967,,,,
0.5181,1.4372808933258057,0.0004761904761904762,1.3043478260869565,300,,,,,,,,
,,,1.3043478260869565,300,0.47178205847740173,0.7671568627450981,0.8455284552845528,63.5987,,,,
0.4791,1.1931662559509277,0.00047023809523809523,1.4130434782608696,325,,,,,,,,
,,,1.4130434782608696,325,0.4458536207675934,0.7818627450980392,0.8528925619834711,68.8204,,,,
0.5025,5.0603156089782715,0.00046428571428571433,1.5217391304347827,350,,,,,,,,
,,,1.5217391304347827,350,0.5131757855415344,0.7671568627450981,0.8517940717628706,74.0992,,,,
0.4883,2.7131102085113525,0.0004583333333333333,1.6304347826086958,375,,,,,,,,
,,,1.6304347826086958,375,0.44524267315864563,0.8088235294117647,0.8712871287128714,79.3276,,,,
0.4337,0.7232117652893066,0.00045238095238095237,1.7391304347826086,400,,,,,,,,
,,,1.7391304347826086,400,0.4772830307483673,0.7867647058823529,0.8599033816425121,84.6968,,,,
0.4516,5.275107383728027,0.00044642857142857147,1.8478260869565217,425,,,,,,,,
,,,1.8478260869565217,425,0.4025317132472992,0.8186274509803921,0.8715277777777779,90.0827,,,,
0.4796,1.4382404088974,0.00044047619047619046,1.9565217391304348,450,,,,,,,,
,,,1.9565217391304348,450,0.3813178837299347,0.8259803921568627,0.8765217391304347,95.869,,,,
0.417,0.7068895101547241,0.00043452380952380956,2.0652173913043477,475,,,,,,,,
,,,2.0652173913043477,475,0.5037217736244202,0.7867647058823529,0.861685214626391,101.1231,,,,
0.4675,1.5896259546279907,0.00042857142857142855,2.1739130434782608,500,,,,,,,,
,,,2.1739130434782608,500,0.40222984552383423,0.8284313725490197,0.8763250883392226,106.6498,,,,
0.4013,2.6950860023498535,0.00042261904761904765,2.282608695652174,525,,,,,,,,
,,,2.282608695652174,525,0.3758243918418884,0.8480392156862745,0.8880866425992779,112.4644,,,,
0.3852,3.2479665279388428,0.0004166666666666667,2.391304347826087,550,,,,,,,,
,,,2.391304347826087,550,0.45173346996307373,0.8161764705882353,0.8739495798319329,118.0243,,,,
0.4079,1.5415407419204712,0.0004107142857142857,2.5,575,,,,,,,,
,,,2.5,575,0.42436715960502625,0.8284313725490197,0.8817567567567567,123.72,,,,
0.3985,2.001000165939331,0.0004047619047619048,2.608695652173913,600,,,,,,,,
,,,2.608695652173913,600,0.4294982850551605,0.8431372549019608,0.8904109589041096,129.3247,,,,
0.3736,2.0452659130096436,0.00039880952380952383,2.717391304347826,625,,,,,,,,
,,,2.717391304347826,625,0.49150338768959045,0.8186274509803921,0.8758389261744967,135.0636,,,,
0.4508,4.87806510925293,0.0003928571428571429,2.8260869565217392,650,,,,,,,,
,,,2.8260869565217392,650,0.3825788199901581,0.8504901960784313,0.8942807625649914,140.6376,,,,
0.4012,1.2625268697738647,0.0003869047619047619,2.9347826086956523,675,,,,,,,,
,,,2.9347826086956523,675,0.35929015278816223,0.8431372549019608,0.8877192982456141,146.2445,,,,
0.3737,2.1263623237609863,0.00038095238095238096,3.0434782608695654,700,,,,,,,,
,,,3.0434782608695654,700,0.4918270409107208,0.8259803921568627,0.8822553897180763,151.4899,,,,
0.3648,1.2570308446884155,0.000375,3.1521739130434785,725,,,,,,,,
,,,3.1521739130434785,725,0.4561630189418793,0.8308823529411765,0.883248730964467,156.9358,,,,
0.323,1.2761201858520508,0.00036904761904761905,3.260869565217391,750,,,,,,,,
,,,3.260869565217391,750,0.4656762480735779,0.8308823529411765,0.883248730964467,162.4864,,,,
0.3264,3.092466354370117,0.0003630952380952381,3.369565217391304,775,,,,,,,,
,,,3.369565217391304,775,0.44772589206695557,0.8382352941176471,0.8873720136518771,167.8297,,,,
0.3474,1.7454943656921387,0.00035714285714285714,3.4782608695652173,800,,,,,,,,
,,,3.4782608695652173,800,0.4659484028816223,0.8259803921568627,0.8798646362098139,173.3103,,,,
0.3838,1.4756592512130737,0.0003511904761904762,3.5869565217391304,825,,,,,,,,
,,,3.5869565217391304,825,0.4441390037536621,0.8406862745098039,0.8896434634974534,178.7879,,,,
0.3715,3.9519705772399902,0.00034523809523809523,3.6956521739130435,850,,,,,,,,
,,,3.6956521739130435,850,0.3584069311618805,0.8627450980392157,0.901060070671378,184.3755,,,,
0.32,3.2059402465820312,0.00033928571428571433,3.8043478260869565,875,,,,,,,,
,,,3.8043478260869565,875,0.427942156791687,0.8480392156862745,0.8938356164383561,189.8883,,,,
0.3502,1.0733764171600342,0.0003333333333333333,3.9130434782608696,900,,,,,,,,
,,,3.9130434782608696,900,0.49087995290756226,0.8333333333333334,0.8866666666666667,195.463,,,,
0.3631,1.6903094053268433,0.00032738095238095237,4.021739130434782,925,,,,,,,,
,,,4.021739130434782,925,0.4250738024711609,0.8480392156862745,0.8938356164383561,200.9229,,,,
0.321,0.8012179136276245,0.00032142857142857147,4.130434782608695,950,,,,,,,,
,,,4.130434782608695,950,0.4600655138492584,0.8406862745098039,0.8914858096828046,206.4834,,,,
0.3357,2.5302858352661133,0.00031547619047619046,4.239130434782608,975,,,,,,,,
,,,4.239130434782608,975,0.3817954659461975,0.8578431372549019,0.8978873239436619,211.9711,,,,
0.3944,2.476490020751953,0.00030952380952380956,4.3478260869565215,1000,,,,,,,,
,,,4.3478260869565215,1000,0.39512595534324646,0.8504901960784313,0.8946459412780656,217.448,,,,
0.3486,2.9708502292633057,0.00030357142857142855,4.456521739130435,1025,,,,,,,,
,,,4.456521739130435,1025,0.3788062334060669,0.8578431372549019,0.8989547038327526,223.3211,,,,
0.2896,3.132904529571533,0.00029761904761904765,4.565217391304348,1050,,,,,,,,
,,,4.565217391304348,1050,0.545462429523468,0.8284313725490197,0.8841059602649006,228.8811,,,,
0.2801,1.1096346378326416,0.0002916666666666667,4.673913043478261,1075,,,,,,,,
,,,4.673913043478261,1075,0.4499383866786957,0.8529411764705882,0.8979591836734693,234.3633,,,,
0.3136,4.063624858856201,0.0002857142857142857,4.782608695652174,1100,,,,,,,,
,,,4.782608695652174,1100,0.3546869158744812,0.8676470588235294,0.9021739130434783,239.9672,,,,
0.3821,2.8432278633117676,0.0002797619047619048,4.891304347826087,1125,,,,,,,,
,,,4.891304347826087,1125,0.3516080975532532,0.8651960784313726,0.9026548672566371,245.4718,,,,
0.3221,0.13953450322151184,0.0002738095238095238,5.0,1150,,,,,,,,
,,,5.0,1150,0.4030255973339081,0.8651960784313726,0.9046793760831888,251.0583,,,,
0.2701,0.894457995891571,0.00026785714285714287,5.108695652173913,1175,,,,,,,,
,,,5.108695652173913,1175,0.4891960918903351,0.8529411764705882,0.8993288590604027,256.4972,,,,
0.3276,1.750579833984375,0.0002619047619047619,5.217391304347826,1200,,,,,,,,
,,,5.217391304347826,1200,0.3932740390300751,0.8676470588235294,0.9055944055944055,262.1356,,,,
0.2755,3.099364757537842,0.00025595238095238096,5.326086956521739,1225,,,,,,,,
,,,5.326086956521739,1225,0.376892626285553,0.8774509803921569,0.911032028469751,267.683,,,,
0.3213,2.633059501647949,0.00025,5.434782608695652,1250,,,,,,,,
,,,5.434782608695652,1250,0.4305851459503174,0.8651960784313726,0.9046793760831888,273.1372,,,,
0.2633,2.3854119777679443,0.00024404761904761905,5.543478260869565,1275,,,,,,,,
,,,5.543478260869565,1275,0.40395280718803406,0.8602941176470589,0.900523560209424,278.6981,,,,
0.2775,3.824266195297241,0.0002380952380952381,5.6521739130434785,1300,,,,,,,,
,,,5.6521739130434785,1300,0.49263063073158264,0.8431372549019608,0.891891891891892,284.1428,,,,
0.3163,1.1680117845535278,0.00023214285714285717,5.760869565217392,1325,,,,,,,,
,,,5.760869565217392,1325,0.3949185907840729,0.8602941176470589,0.9008695652173914,289.759,,,,
0.3151,4.438416957855225,0.00022619047619047618,5.869565217391305,1350,,,,,,,,
,,,5.869565217391305,1350,0.3576838970184326,0.8676470588235294,0.9039145907473309,295.3152,,,,
0.2898,1.147253155708313,0.00022023809523809523,5.978260869565218,1375,,,,,,,,
,,,5.978260869565218,1375,0.3595973253250122,0.8725490196078431,0.9078014184397164,300.9409,,,,
0.204,4.704864501953125,0.00021428571428571427,6.086956521739131,1400,,,,,,,,
,,,6.086956521739131,1400,0.5324353575706482,0.8553921568627451,0.9005059021922428,306.3801,,,,
0.2535,1.9337247610092163,0.00020833333333333335,6.195652173913044,1425,,,,,,,,
,,,6.195652173913044,1425,0.4036385118961334,0.8725490196078431,0.9090909090909091,312.0524,,,,
0.3089,1.8469454050064087,0.0002023809523809524,6.304347826086957,1450,,,,,,,,
,,,6.304347826086957,1450,0.37273669242858887,0.8774509803921569,0.9107142857142857,317.4957,,,,
0.3296,3.8150858879089355,0.00019642857142857144,6.413043478260869,1475,,,,,,,,
,,,6.413043478260869,1475,0.41747647523880005,0.8602941176470589,0.9025641025641027,323.0125,,,,
0.2793,1.3116575479507446,0.00019047619047619048,6.521739130434782,1500,,,,,,,,
,,,6.521739130434782,1500,0.38314878940582275,0.8651960784313726,0.9036777583187391,328.5385,,,,
0.2751,4.413003444671631,0.00018452380952380953,6.630434782608695,1525,,,,,,,,
,,,6.630434782608695,1525,0.4762864112854004,0.8529411764705882,0.8986486486486487,334.3685,,,,
0.2684,1.3421434164047241,0.00017857142857142857,6.739130434782608,1550,,,,,,,,
,,,6.739130434782608,1550,0.3845484256744385,0.8651960784313726,0.9029982363315697,339.822,,,,
0.2551,1.9597728252410889,0.00017261904761904762,6.8478260869565215,1575,,,,,,,,
,,,6.8478260869565215,1575,0.43519720435142517,0.8676470588235294,0.906896551724138,345.3615,,,,
0.2982,2.115103006362915,0.00016666666666666666,6.956521739130435,1600,,,,,,,,
,,,6.956521739130435,1600,0.4117722511291504,0.8700980392156863,0.9071803852889667,350.9247,,,,
0.2309,3.258791208267212,0.00016071428571428573,7.065217391304348,1625,,,,,,,,
,,,7.065217391304348,1625,0.391916424036026,0.875,0.9090909090909091,356.3888,,,,
0.2473,3.0199899673461914,0.00015476190476190478,7.173913043478261,1650,,,,,,,,
,,,7.173913043478261,1650,0.4638943374156952,0.8651960784313726,0.9053356282271946,361.8344,,,,
0.2406,1.7645870447158813,0.00014880952380952382,7.282608695652174,1675,,,,,,,,
,,,7.282608695652174,1675,0.4347204566001892,0.8602941176470589,0.9012131715771231,367.3888,,,,
0.2703,2.0912559032440186,0.00014285714285714284,7.391304347826087,1700,,,,,,,,
,,,7.391304347826087,1700,0.4061823785305023,0.8627450980392157,0.9020979020979022,372.9581,,,,
0.2595,2.5613090991973877,0.0001369047619047619,7.5,1725,,,,,,,,
,,,7.5,1725,0.4495781660079956,0.8700980392156863,0.9087779690189328,378.5706,,,,
0.2831,2.587048292160034,0.00013095238095238096,7.608695652173913,1750,,,,,,,,
,,,7.608695652173913,1750,0.42870357632637024,0.8676470588235294,0.9072164948453608,384.1148,,,,
0.2701,1.3371717929840088,0.000125,7.717391304347826,1775,,,,,,,,
,,,7.717391304347826,1775,0.4435751736164093,0.8651960784313726,0.905982905982906,389.6769,,,,
0.29,1.7508645057678223,0.00011904761904761905,7.826086956521739,1800,,,,,,,,
,,,7.826086956521739,1800,0.40822896361351013,0.8676470588235294,0.90625,395.2548,,,,
0.2441,1.6596572399139404,0.00011309523809523809,7.934782608695652,1825,,,,,,,,
,,,7.934782608695652,1825,0.4132017493247986,0.8627450980392157,0.9027777777777778,400.967,,,,
0.2835,2.4585318565368652,0.00010714285714285714,8.043478260869565,1850,,,,,,,,
,,,8.043478260869565,1850,0.41992688179016113,0.8651960784313726,0.9053356282271946,406.4135,,,,
0.2442,5.048097610473633,0.0001011904761904762,8.152173913043478,1875,,,,,,,,
,,,8.152173913043478,1875,0.39785653352737427,0.8725490196078431,0.9094076655052264,411.9523,,,,
0.233,1.2311527729034424,9.523809523809524e-05,8.26086956521739,1900,,,,,,,,
,,,8.26086956521739,1900,0.39936402440071106,0.875,0.9106830122591945,417.518,,,,
0.2311,3.2619264125823975,8.928571428571429e-05,8.369565217391305,1925,,,,,,,,
,,,8.369565217391305,1925,0.402255117893219,0.875,0.9106830122591945,423.1373,,,,
0.2687,0.9260901808738708,8.333333333333333e-05,8.478260869565217,1950,,,,,,,,
,,,8.478260869565217,1950,0.40704789757728577,0.8823529411764706,0.9163763066202091,428.723,,,,
0.2649,4.714953899383545,7.738095238095239e-05,8.58695652173913,1975,,,,,,,,
,,,8.58695652173913,1975,0.4681810438632965,0.8529411764705882,0.8986486486486487,434.2513,,,,
0.2591,2.948700428009033,7.142857142857142e-05,8.695652173913043,2000,,,,,,,,
,,,8.695652173913043,2000,0.41563278436660767,0.8774509803921569,0.9137931034482758,439.7603,,,,
0.2443,3.8894705772399902,6.547619047619048e-05,8.804347826086957,2025,,,,,,,,
,,,8.804347826086957,2025,0.42780858278274536,0.8725490196078431,0.9103448275862069,445.6546,,,,
0.262,3.53320574760437,5.9523809523809524e-05,8.91304347826087,2050,,,,,,,,
,,,8.91304347826087,2050,0.4286588132381439,0.8725490196078431,0.9103448275862069,451.227,,,,
0.2528,0.7975154519081116,5.357142857142857e-05,9.021739130434783,2075,,,,,,,,
,,,9.021739130434783,2075,0.4464696943759918,0.8700980392156863,0.9090909090909091,456.6052,,,,
0.1934,2.4031786918640137,4.761904761904762e-05,9.130434782608695,2100,,,,,,,,
,,,9.130434782608695,2100,0.3931804597377777,0.8774509803921569,0.9113475177304964,462.1266,,,,
0.2512,2.895655632019043,4.1666666666666665e-05,9.23913043478261,2125,,,,,,,,
,,,9.23913043478261,2125,0.40960609912872314,0.8700980392156863,0.9071803852889667,467.6063,,,,
0.2734,0.9833881258964539,3.571428571428571e-05,9.347826086956522,2150,,,,,,,,
,,,9.347826086956522,2150,0.4383482038974762,0.8774509803921569,0.9134948096885814,473.1833,,,,
0.278,1.5853698253631592,2.9761904761904762e-05,9.456521739130435,2175,,,,,,,,
,,,9.456521739130435,2175,0.4180832803249359,0.8725490196078431,0.9097222222222222,478.7919,,,,
0.2451,2.1060574054718018,2.380952380952381e-05,9.565217391304348,2200,,,,,,,,
,,,9.565217391304348,2200,0.434783399105072,0.8774509803921569,0.9134948096885814,484.3052,,,,
0.2443,1.4570245742797852,1.7857142857142855e-05,9.673913043478262,2225,,,,,,,,
,,,9.673913043478262,2225,0.4497261047363281,0.8700980392156863,0.9090909090909091,489.8008,,,,
0.2769,1.074958324432373,1.1904761904761905e-05,9.782608695652174,2250,,,,,,,,
,,,9.782608695652174,2250,0.44332724809646606,0.8725490196078431,0.9106529209621993,495.3178,,,,
0.2428,3.8073062896728516,5.9523809523809525e-06,9.891304347826086,2275,,,,,,,,
,,,9.891304347826086,2275,0.4292891025543213,0.8774509803921569,0.9134948096885814,500.9158,,,,
0.2058,7.129610538482666,0.0,10.0,2300,,,,,,,,
,,,10.0,2300,0.4266354441642761,0.8774509803921569,0.9134948096885814,506.36,,,,
,,,10.0,2300,,,,505.423,72.573,4.551,1456015189661088.0,0.35389532830404197
