loss,grad_norm,learning_rate,epoch,step,eval_loss,eval_accuracy,train_runtime,train_samples_per_second,train_steps_per_second,total_flos,train_loss
0.718,1.6967450380325317,3.5e-06,0.00641025641025641,1,,,,,,,
0.7155,0.9881336092948914,0.000175,0.32051282051282054,50,,,,,,,
,,,0.32051282051282054,50,0.69147127866745,0.5270758122743683,18.6218,,,,
0.699,2.7458903789520264,0.00035,0.6410256410256411,100,,,,,,,
,,,0.6410256410256411,100,0.6959834694862366,0.4729241877256318,38.4457,,,,
0.7082,1.8869311809539795,0.000525,0.9615384615384616,150,,,,,,,
,,,0.9615384615384616,150,0.6952954530715942,0.48375451263537905,57.9975,,,,
0.6914,2.9869697093963623,0.0007,1.282051282051282,200,,,,,,,
,,,1.282051282051282,200,0.6734240055084229,0.6064981949458483,77.5808,,,,
0.6903,0.880681037902832,0.0006742647058823529,1.6025641025641026,250,,,,,,,
,,,1.6025641025641026,250,0.6687076091766357,0.5812274368231047,96.7732,,,,
0.6788,2.034395933151245,0.0006485294117647059,1.9230769230769231,300,,,,,,,
,,,1.9230769230769231,300,0.6203383207321167,0.6498194945848376,116.0081,,,,
0.6031,2.466892957687378,0.0006227941176470587,2.2435897435897436,350,,,,,,,
,,,2.2435897435897436,350,0.6175613403320312,0.6678700361010831,134.7617,,,,
0.6172,1.2488551139831543,0.0005970588235294117,2.564102564102564,400,,,,,,,
,,,2.564102564102564,400,0.6245750188827515,0.6606498194945848,154.0304,,,,
0.61,1.258994221687317,0.0005713235294117647,2.8846153846153846,450,,,,,,,
,,,2.8846153846153846,450,0.6122797727584839,0.6895306859205776,173.5378,,,,
0.5302,2.0787577629089355,0.0005455882352941177,3.2051282051282053,500,,,,,,,
,,,3.2051282051282053,500,0.6827600598335266,0.6859205776173285,192.7895,,,,
0.5118,1.0500373840332031,0.0005198529411764706,3.5256410256410255,550,,,,,,,
,,,3.5256410256410255,550,0.6549627780914307,0.7075812274368231,211.8092,,,,
0.5121,2.8184735774993896,0.0004941176470588236,3.8461538461538463,600,,,,,,,
,,,3.8461538461538463,600,0.6981597542762756,0.6931407942238267,231.0638,,,,
0.4328,2.2351174354553223,0.00046838235294117644,4.166666666666667,650,,,,,,,
,,,4.166666666666667,650,0.6515644788742065,0.7220216606498195,250.5958,,,,
0.403,1.735850214958191,0.0004426470588235294,4.487179487179487,700,,,,,,,
,,,4.487179487179487,700,0.6852561235427856,0.7256317689530686,269.7244,,,,
0.4404,2.022702693939209,0.00041691176470588234,4.8076923076923075,750,,,,,,,
,,,4.8076923076923075,750,0.6132670044898987,0.7328519855595668,288.6676,,,,
0.3631,2.875295877456665,0.0003911764705882353,5.128205128205128,800,,,,,,,
,,,5.128205128205128,800,0.6459341645240784,0.7472924187725631,307.9302,,,,
0.3528,2.7724668979644775,0.00036544117647058824,5.448717948717949,850,,,,,,,
,,,5.448717948717949,850,0.78704434633255,0.7292418772563177,327.6393,,,,
0.3452,2.8352038860321045,0.0003397058823529412,5.769230769230769,900,,,,,,,
,,,5.769230769230769,900,0.738841712474823,0.7292418772563177,346.9858,,,,
0.351,3.42590594291687,0.00031397058823529414,6.089743589743589,950,,,,,,,
,,,6.089743589743589,950,0.832848072052002,0.7148014440433214,365.998,,,,
0.2983,2.3186042308807373,0.00028823529411764703,6.410256410256411,1000,,,,,,,
,,,6.410256410256411,1000,0.8596710562705994,0.7256317689530686,385.2298,,,,
0.3154,2.43534255027771,0.0002625,6.730769230769231,1050,,,,,,,
,,,6.730769230769231,1050,0.7639342546463013,0.7328519855595668,404.7461,,,,
0.2784,1.8316361904144287,0.00023676470588235296,7.051282051282051,1100,,,,,,,
,,,7.051282051282051,1100,0.8039462566375732,0.7472924187725631,424.4274,,,,
0.2515,2.1134419441223145,0.00021102941176470586,7.371794871794872,1150,,,,,,,
,,,7.371794871794872,1150,0.8438513875007629,0.740072202166065,444.2121,,,,
0.2447,2.501642942428589,0.00018529411764705883,7.6923076923076925,1200,,,,,,,
,,,7.6923076923076925,1200,0.9251485466957092,0.7472924187725631,463.1059,,,,
0.2821,3.728675127029419,0.00015955882352941176,8.012820512820513,1250,,,,,,,
,,,8.012820512820513,1250,0.9793406128883362,0.7328519855595668,482.4231,,,,
0.2329,1.6290104389190674,0.0001338235294117647,8.333333333333334,1300,,,,,,,
,,,8.333333333333334,1300,0.9034645557403564,0.740072202166065,501.5895,,,,
0.2226,4.646636009216309,0.00010808823529411764,8.653846153846153,1350,,,,,,,
,,,8.653846153846153,1350,0.9928469657897949,0.7364620938628159,520.6692,,,,
0.2177,1.7038518190383911,8.235294117647058e-05,8.974358974358974,1400,,,,,,,
,,,8.974358974358974,1400,0.9394645690917969,0.7472924187725631,539.6631,,,,
0.1969,3.2692153453826904,5.661764705882353e-05,9.294871794871796,1450,,,,,,,
,,,9.294871794871796,1450,1.0715904235839844,0.7292418772563177,558.6351,,,,
0.1736,4.524816513061523,3.0882352941176475e-05,9.615384615384615,1500,,,,,,,
,,,9.615384615384615,1500,1.0567518472671509,0.7292418772563177,578.0784,,,,
0.2259,6.3866071701049805,5.147058823529411e-06,9.935897435897436,1550,,,,,,,
,,,9.935897435897436,1550,1.0300321578979492,0.7292418772563177,597.5413,,,,
,,,10.0,1560,,,600.3438,41.476,2.599,2121286737746880.0,0.4245056868363649
