loss,grad_norm,learning_rate,epoch,step,eval_loss,eval_accuracy,eval_f1,train_runtime,train_samples_per_second,train_steps_per_second,total_flos,train_loss
1.1838,4.285003662109375,1e-05,0.0625,1,,,,,,,,
1.1014,3.5276191234588623,0.0001,0.625,10,,,,,,,,
,,,0.625,10,1.0556560754776,0.4107142857142857,0.1940928270042194,4.7531,,,,
0.9669,3.2435333728790283,0.0002,1.25,20,,,,,,,,
,,,1.25,20,0.9421575665473938,0.4107142857142857,0.1940928270042194,9.2425,,,,
0.8895,2.2625789642333984,0.0003,1.875,30,,,,,,,,
,,,1.875,30,0.9032296538352966,0.5,0.24617886178861784,13.5889,,,,
0.9552,1.2408156394958496,0.0004,2.5,40,,,,,,,,
,,,2.5,40,0.892210066318512,0.6071428571428571,0.38737973967176004,17.864,,,,
0.8217,2.319817543029785,0.0005,3.125,50,,,,,,,,
,,,3.125,50,0.8667899370193481,0.6964285714285714,0.4872514619883041,22.2576,,,,
0.8648,1.3980987071990967,0.00048148148148148144,3.75,60,,,,,,,,
,,,3.75,60,0.8099971413612366,0.6964285714285714,0.4872881355932203,26.7125,,,,
0.7687,2.8135838508605957,0.000462962962962963,4.375,70,,,,,,,,
,,,4.375,70,0.7596913576126099,0.6785714285714286,0.47391812865497074,30.8809,,,,
0.6972,3.7808542251586914,0.0004444444444444444,5.0,80,,,,,,,,
,,,5.0,80,0.7214228510856628,0.7142857142857143,0.49976359338061477,35.2462,,,,
0.6079,1.5237034559249878,0.00042592592592592595,5.625,90,,,,,,,,
,,,5.625,90,0.7194158434867859,0.6785714285714286,0.47478301665493783,39.9785,,,,
0.6797,2.0547409057617188,0.0004074074074074074,6.25,100,,,,,,,,
,,,6.25,100,0.6938924193382263,0.7321428571428571,0.5122356854359705,44.206,,,,
0.5545,3.1096670627593994,0.0003888888888888889,6.875,110,,,,,,,,
,,,6.875,110,0.6738659739494324,0.7142857142857143,0.4991636798088411,48.5127,,,,
0.5881,0.7712409496307373,0.00037037037037037035,7.5,120,,,,,,,,
,,,7.5,120,0.6387826204299927,0.6964285714285714,0.4872514619883041,52.4693,,,,
0.4618,1.9046891927719116,0.0003518518518518519,8.125,130,,,,,,,,
,,,8.125,130,0.6259980797767639,0.75,0.5239825581395349,57.0092,,,,
0.392,0.9176687598228455,0.0003333333333333333,8.75,140,,,,,,,,
,,,8.75,140,0.5495404601097107,0.7857142857142857,0.5490058479532164,61.8095,,,,
0.3733,1.5452309846878052,0.0003148148148148148,9.375,150,,,,,,,,
,,,9.375,150,0.5072500109672546,0.8035714285714286,0.563079116179615,66.1502,,,,
0.2426,1.966742753982544,0.0002962962962962963,10.0,160,,,,,,,,
,,,10.0,160,0.4407508373260498,0.8392857142857143,0.5866760497302369,70.5331,,,,
0.1326,1.5355334281921387,0.0002777777777777778,10.625,170,,,,,,,,
,,,10.625,170,0.49424809217453003,0.8392857142857143,0.5866760497302369,75.2264,,,,
0.2376,2.321448564529419,0.00025925925925925926,11.25,180,,,,,,,,
,,,11.25,180,0.416287362575531,0.8392857142857143,0.7304008814306298,79.5089,,,,
0.1249,0.2157038152217865,0.00024074074074074072,11.875,190,,,,,,,,
,,,11.875,190,0.37843242287635803,0.8571428571428571,0.7028284998209812,84.2494,,,,
0.0973,2.693507671356201,0.0002222222222222222,12.5,200,,,,,,,,
,,,12.5,200,0.40482160449028015,0.8392857142857143,0.5866760497302369,88.4593,,,,
0.0672,0.34632569551467896,0.0002037037037037037,13.125,210,,,,,,,,
,,,13.125,210,0.3470589220523834,0.875,0.7884294068504595,92.7185,,,,
0.0924,1.8195666074752808,0.00018518518518518518,13.75,220,,,,,,,,
,,,13.75,220,0.3426925539970398,0.8928571428571429,0.7828625235404897,97.5102,,,,
0.0407,0.42067277431488037,0.00016666666666666666,14.375,230,,,,,,,,
,,,14.375,230,0.374465674161911,0.875,0.7063492063492062,102.1328,,,,
0.103,5.0793304443359375,0.00014814814814814815,15.0,240,,,,,,,,
,,,15.0,240,0.31618252396583557,0.9107142857142857,0.8144015159490473,106.3403,,,,
0.046,0.18976305425167084,0.00012962962962962963,15.625,250,,,,,,,,
,,,15.625,250,0.32834938168525696,0.8928571428571429,0.729951690821256,110.747,,,,
0.0447,2.5390689373016357,0.0001111111111111111,16.25,260,,,,,,,,
,,,16.25,260,0.3806608021259308,0.8571428571428571,0.6933503654815129,115.2723,,,,
0.0466,1.4163987636566162,9.259259259259259e-05,16.875,270,,,,,,,,
,,,16.875,270,0.3631313145160675,0.8571428571428571,0.6933503654815129,119.7515,,,,
0.0532,1.4701470136642456,7.407407407407407e-05,17.5,280,,,,,,,,
,,,17.5,280,0.27995771169662476,0.9464285714285714,0.9309263496906518,124.3918,,,,
0.0362,3.3702733516693115,5.555555555555555e-05,18.125,290,,,,,,,,
,,,18.125,290,0.2950488030910492,0.9285714285714286,0.8791854072963519,128.6911,,,,
0.016,0.2920609414577484,3.7037037037037037e-05,18.75,300,,,,,,,,
,,,18.75,300,0.3209899961948395,0.8928571428571429,0.8015873015873015,133.4058,,,,
0.0421,1.6901496648788452,1.8518518518518518e-05,19.375,310,,,,,,,,
,,,19.375,310,0.32165029644966125,0.875,0.7696969696969695,137.3964,,,,
0.0229,0.2943305969238281,0.0,20.0,320,,,,,,,,
,,,20.0,320,0.31889814138412476,0.875,0.7696969696969695,141.9514,,,,
,,,20.0,320,,,,141.5001,35.336,2.261,450318457005120.0,0.38052865490317345
