loss,grad_norm,learning_rate,epoch,step,eval_loss,eval_accuracy,train_runtime,train_samples_per_second,train_steps_per_second,total_flos,train_loss
0.6739,0.9087371826171875,3.5e-06,0.00641025641025641,1,,,,,,,
0.7031,0.6252447962760925,0.000175,0.32051282051282054,50,,,,,,,
,,,0.32051282051282054,50,0.6929935812950134,0.5270758122743683,20.1961,,,,
0.7027,0.47696414589881897,0.00035,0.6410256410256411,100,,,,,,,
,,,0.6410256410256411,100,0.6914560198783875,0.5270758122743683,41.5895,,,,
0.6904,3.0016422271728516,0.000525,0.9615384615384616,150,,,,,,,
,,,0.9615384615384616,150,0.6980459690093994,0.5234657039711191,62.7871,,,,
0.6945,2.9582712650299072,0.0007,1.282051282051282,200,,,,,,,
,,,1.282051282051282,200,0.6875198483467102,0.5342960288808665,83.8131,,,,
0.7088,1.0547224283218384,0.0006742647058823529,1.6025641025641026,250,,,,,,,
,,,1.6025641025641026,250,0.667536735534668,0.6353790613718412,104.5077,,,,
0.6986,2.3180806636810303,0.0006485294117647059,1.9230769230769231,300,,,,,,,
,,,1.9230769230769231,300,0.737038254737854,0.6064981949458483,125.1276,,,,
0.6323,1.8802944421768188,0.0006227941176470587,2.2435897435897436,350,,,,,,,
,,,2.2435897435897436,350,0.6280736923217773,0.7111913357400722,145.4254,,,,
0.6038,2.6984827518463135,0.0005970588235294117,2.564102564102564,400,,,,,,,
,,,2.564102564102564,400,0.6423532366752625,0.6353790613718412,166.1797,,,,
0.5989,2.4839274883270264,0.0005713235294117647,2.8846153846153846,450,,,,,,,
,,,2.8846153846153846,450,0.7782559990882874,0.6895306859205776,187.1419,,,,
0.5296,3.7112927436828613,0.0005455882352941177,3.2051282051282053,500,,,,,,,
,,,3.2051282051282053,500,0.5782794952392578,0.7364620938628159,207.9012,,,,
0.4847,5.403173446655273,0.0005198529411764706,3.5256410256410255,550,,,,,,,
,,,3.5256410256410255,550,0.7201968431472778,0.7364620938628159,228.6073,,,,
0.4869,2.5632143020629883,0.0004941176470588236,3.8461538461538463,600,,,,,,,
,,,3.8461538461538463,600,0.6171624064445496,0.7111913357400722,249.3193,,,,
0.3789,6.508174896240234,0.00046838235294117644,4.166666666666667,650,,,,,,,
,,,4.166666666666667,650,0.6072487831115723,0.776173285198556,270.4902,,,,
0.3301,5.785465240478516,0.0004426470588235294,4.487179487179487,700,,,,,,,
,,,4.487179487179487,700,0.7269189357757568,0.776173285198556,291.0227,,,,
0.3417,6.225217819213867,0.00041691176470588234,4.8076923076923075,750,,,,,,,
,,,4.8076923076923075,750,0.7062897086143494,0.7581227436823105,311.4084,,,,
0.2938,0.2610844671726227,0.0003911764705882353,5.128205128205128,800,,,,,,,
,,,5.128205128205128,800,0.9537436366081238,0.740072202166065,331.945,,,,
0.2628,2.1680796146392822,0.00036544117647058824,5.448717948717949,850,,,,,,,
,,,5.448717948717949,850,0.6623427271842957,0.7725631768953068,353.1741,,,,
0.2004,7.213562965393066,0.0003397058823529412,5.769230769230769,900,,,,,,,
,,,5.769230769230769,900,0.8354229927062988,0.7545126353790613,374.0127,,,,
0.2403,1.9895195960998535,0.00031397058823529414,6.089743589743589,950,,,,,,,
,,,6.089743589743589,950,0.7589727640151978,0.7581227436823105,394.571,,,,
0.156,3.3061840534210205,0.00028823529411764703,6.410256410256411,1000,,,,,,,
,,,6.410256410256411,1000,0.858363687992096,0.7545126353790613,415.1814,,,,
0.1387,15.866362571716309,0.0002625,6.730769230769231,1050,,,,,,,
,,,6.730769230769231,1050,0.8867518305778503,0.7870036101083032,436.2472,,,,
0.1489,2.1794683933258057,0.00023676470588235296,7.051282051282051,1100,,,,,,,
,,,7.051282051282051,1100,0.9349529147148132,0.7833935018050542,457.4363,,,,
0.0791,1.312611699104309,0.00021102941176470586,7.371794871794872,1150,,,,,,,
,,,7.371794871794872,1150,1.036119818687439,0.7689530685920578,478.7141,,,,
0.0962,0.1198664978146553,0.00018529411764705883,7.6923076923076925,1200,,,,,,,
,,,7.6923076923076925,1200,1.1589137315750122,0.7725631768953068,498.871,,,,
0.1169,0.0642978847026825,0.00015955882352941176,8.012820512820513,1250,,,,,,,
,,,8.012820512820513,1250,1.0583274364471436,0.7725631768953068,519.7249,,,,
0.0557,25.948476791381836,0.0001338235294117647,8.333333333333334,1300,,,,,,,
,,,8.333333333333334,1300,1.1694749593734741,0.7725631768953068,540.246,,,,
0.0865,0.7634019255638123,0.00010808823529411764,8.653846153846153,1350,,,,,,,
,,,8.653846153846153,1350,1.1883050203323364,0.7833935018050542,560.8411,,,,
0.0474,0.04238837957382202,8.235294117647058e-05,8.974358974358974,1400,,,,,,,
,,,8.974358974358974,1400,1.194002389907837,0.7725631768953068,581.2621,,,,
0.036,0.0999603345990181,5.661764705882353e-05,9.294871794871796,1450,,,,,,,
,,,9.294871794871796,1450,1.2147642374038696,0.776173285198556,601.7235,,,,
0.0505,0.039356011897325516,3.0882352941176475e-05,9.615384615384615,1500,,,,,,,
,,,9.615384615384615,1500,1.2647652626037598,0.7725631768953068,622.6301,,,,
0.05,0.027710355818271637,5.147058823529411e-06,9.935897435897436,1550,,,,,,,
,,,9.935897435897436,1550,1.2823289632797241,0.7725631768953068,643.6475,,,,
,,,10.0,1560,,,646.6378,38.507,2.412,2146503518608320.0,0.3417273431252211
