loss,grad_norm,learning_rate,epoch,step,eval_loss,eval_accuracy,eval_f1,train_runtime,train_samples_per_second,train_steps_per_second,total_flos,train_loss
1.1838,4.285043716430664,1e-05,0.0625,1,,,,,,,,
1.1014,3.5263798236846924,0.0001,0.625,10,,,,,,,,
,,,0.625,10,1.055485486984253,0.4107142857142857,0.1940928270042194,4.8006,,,,
0.9666,3.2512550354003906,0.0002,1.25,20,,,,,,,,
,,,1.25,20,0.941552996635437,0.4107142857142857,0.1940928270042194,9.301,,,,
0.8885,2.2710931301116943,0.0003,1.875,30,,,,,,,,
,,,1.875,30,0.9022992253303528,0.5,0.24617886178861784,13.6334,,,,
0.9537,1.2076823711395264,0.0004,2.5,40,,,,,,,,
,,,2.5,40,0.8890145421028137,0.6607142857142857,0.44265377383830246,17.9394,,,,
0.8158,2.3592002391815186,0.0005,3.125,50,,,,,,,,
,,,3.125,50,0.8571597933769226,0.6964285714285714,0.4872514619883041,22.3064,,,,
0.849,1.571953535079956,0.00048148148148148144,3.75,60,,,,,,,,
,,,3.75,60,0.7809542417526245,0.7142857142857143,0.49976359338061477,26.7525,,,,
0.7183,2.795546054840088,0.000462962962962963,4.375,70,,,,,,,,
,,,4.375,70,0.7249917387962341,0.6785714285714286,0.47391812865497074,30.9499,,,,
0.6893,3.468219518661499,0.0004444444444444444,5.0,80,,,,,,,,
,,,5.0,80,0.7156103849411011,0.6785714285714286,0.47478301665493783,35.2853,,,,
0.5853,1.8545570373535156,0.00042592592592592595,5.625,90,,,,,,,,
,,,5.625,90,0.6612638235092163,0.7321428571428571,0.5122356854359705,40.0094,,,,
0.5614,2.544275999069214,0.0004074074074074074,6.25,100,,,,,,,,
,,,6.25,100,0.5978507995605469,0.7321428571428571,0.5115440115440115,44.2412,,,,
0.4165,1.8181630373001099,0.0003888888888888889,6.875,110,,,,,,,,
,,,6.875,110,0.5194016098976135,0.7857142857142857,0.5500821018062397,48.5199,,,,
0.3371,3.039886713027954,0.00037037037037037035,7.5,120,,,,,,,,
,,,7.5,120,0.4403475224971771,0.8214285714285714,0.5740350877192982,52.4784,,,,
0.2444,3.6524038314819336,0.0003518518518518519,8.125,130,,,,,,,,
,,,8.125,130,0.42642340064048767,0.8392857142857143,0.591378263509411,57.0483,,,,
0.1459,1.3758469820022583,0.0003333333333333333,8.75,140,,,,,,,,
,,,8.75,140,0.3193778395652771,0.8392857142857143,0.5866760497302369,61.8594,,,,
0.1461,1.9891550540924072,0.0003148148148148148,9.375,150,,,,,,,,
,,,9.375,150,0.2903922498226166,0.875,0.7155172413793104,66.2355,,,,
0.0962,0.6595192551612854,0.0002962962962962963,10.0,160,,,,,,,,
,,,10.0,160,0.4091000556945801,0.875,0.6121863799283154,70.5882,,,,
0.0509,3.010870933532715,0.0002777777777777778,10.625,170,,,,,,,,
,,,10.625,170,0.45832759141921997,0.8571428571428571,0.5993408662900189,75.3072,,,,
0.1327,2.0896432399749756,0.00025925925925925926,11.25,180,,,,,,,,
,,,11.25,180,0.33228883147239685,0.875,0.7867366528152414,79.6572,,,,
0.0538,0.04016701877117157,0.00024074074074074072,11.875,190,,,,,,,,
,,,11.875,190,0.23500454425811768,0.9107142857142857,0.8128777556510499,84.3861,,,,
0.0439,0.49493545293807983,0.0002222222222222222,12.5,200,,,,,,,,
,,,12.5,200,0.24988484382629395,0.8928571428571429,0.8001253132832081,88.6067,,,,
0.0126,0.08492616564035416,0.0002037037037037037,13.125,210,,,,,,,,
,,,13.125,210,0.26331594586372375,0.8928571428571429,0.7999087623258588,92.9021,,,,
0.0259,1.1105817556381226,0.00018518518518518518,13.75,220,,,,,,,,
,,,13.75,220,0.23348820209503174,0.8928571428571429,0.7999087623258588,97.691,,,,
0.0078,0.10359200090169907,0.00016666666666666666,14.375,230,,,,,,,,
,,,14.375,230,0.24849830567836761,0.9107142857142857,0.866195856873823,102.344,,,,
0.0224,0.4873524010181427,0.00014814814814814815,15.0,240,,,,,,,,
,,,15.0,240,0.17909471690654755,0.9464285714285714,0.9309263496906518,106.5721,,,,
0.0074,0.05689125508069992,0.00012962962962962963,15.625,250,,,,,,,,
,,,15.625,250,0.16581813991069794,0.9285714285714286,0.877846211272863,110.993,,,,
0.0116,0.5525175333023071,0.0001111111111111111,16.25,260,,,,,,,,
,,,16.25,260,0.19286468625068665,0.9107142857142857,0.866195856873823,115.5613,,,,
0.0088,0.2676338255405426,9.259259259259259e-05,16.875,270,,,,,,,,
,,,16.875,270,0.23849762976169586,0.9107142857142857,0.866195856873823,120.0159,,,,
0.0128,0.06266412138938904,7.407407407407407e-05,17.5,280,,,,,,,,
,,,17.5,280,0.19248053431510925,0.9285714285714286,0.9177522349936144,124.6853,,,,
0.0126,3.0800271034240723,5.555555555555555e-05,18.125,290,,,,,,,,
,,,18.125,290,0.17545582354068756,0.9107142857142857,0.8646926536731634,129.0431,,,,
0.0102,0.12742960453033447,3.7037037037037037e-05,18.75,300,,,,,,,,
,,,18.75,300,0.20245984196662903,0.9107142857142857,0.866195856873823,133.7604,,,,
0.0088,0.7010648250579834,1.8518518518518518e-05,19.375,310,,,,,,,,
,,,19.375,310,0.1989520937204361,0.9107142857142857,0.866195856873823,137.764,,,,
0.0065,0.07628092169761658,0.0,20.0,320,,,,,,,,
,,,20.0,320,0.19402511417865753,0.9107142857142857,0.866195856873823,142.3607,,,,
,,,20.0,320,,,,141.8916,35.238,2.255,450703104828480.0,0.31101133634801953
