loss,grad_norm,learning_rate,epoch,step,eval_loss,eval_accuracy,train_runtime,train_samples_per_second,train_steps_per_second,total_flos,train_loss
0.718,1.6971051692962646,3.5e-06,0.00641025641025641,1,,,,,,,
0.704,1.1209297180175781,8.75e-05,0.16025641025641027,25,,,,,,,
,,,0.16025641025641027,25,0.70452481508255,0.4729241877256318,11.5565,,,,
0.7209,0.8476125001907349,0.000175,0.32051282051282054,50,,,,,,,
,,,0.32051282051282054,50,0.6923769116401672,0.5270758122743683,22.5159,,,,
0.6988,0.4600932002067566,0.0002625,0.4807692307692308,75,,,,,,,
,,,0.4807692307692308,75,0.6944957375526428,0.5270758122743683,34.8802,,,,
0.7018,1.9247984886169434,0.00035,0.6410256410256411,100,,,,,,,
,,,0.6410256410256411,100,0.6876907348632812,0.5342960288808665,46.2067,,,,
0.6834,1.4948468208312988,0.0004375,0.8012820512820513,125,,,,,,,
,,,0.8012820512820513,125,0.710708737373352,0.47653429602888087,58.4269,,,,
0.6974,1.5861657857894897,0.000525,0.9615384615384616,150,,,,,,,
,,,0.9615384615384616,150,0.7014136910438538,0.4729241877256318,69.6791,,,,
0.7086,2.1647586822509766,0.0006125,1.1217948717948718,175,,,,,,,
,,,1.1217948717948718,175,0.6843456625938416,0.5812274368231047,81.3695,,,,
0.6914,2.698575735092163,0.0007,1.282051282051282,200,,,,,,,
,,,1.282051282051282,200,0.6764460802078247,0.5631768953068592,93.06,,,,
0.6999,0.8962647318840027,0.0006871323529411764,1.4423076923076923,225,,,,,,,
,,,1.4423076923076923,225,0.7065510153770447,0.47653429602888087,104.5195,,,,
0.7,0.5520407557487488,0.0006742647058823529,1.6025641025641026,250,,,,,,,
,,,1.6025641025641026,250,0.6866363883018494,0.555956678700361,116.1343,,,,
0.7004,1.2640056610107422,0.0006613970588235294,1.7628205128205128,275,,,,,,,
,,,1.7628205128205128,275,0.6869077086448669,0.5234657039711191,127.3221,,,,
0.6909,1.1862635612487793,0.0006485294117647059,1.9230769230769231,300,,,,,,,
,,,1.9230769230769231,300,0.7080903053283691,0.48375451263537905,139.1665,,,,
0.6729,0.7892678380012512,0.0006356617647058823,2.0833333333333335,325,,,,,,,
,,,2.0833333333333335,325,0.641181230545044,0.6353790613718412,150.4287,,,,
0.6646,2.7261698246002197,0.0006227941176470587,2.2435897435897436,350,,,,,,,
,,,2.2435897435897436,350,0.642798662185669,0.6245487364620939,161.7238,,,,
0.6939,1.839683175086975,0.0006099264705882353,2.4038461538461537,375,,,,,,,
,,,2.4038461538461537,375,0.7553395628929138,0.5523465703971119,173.2372,,,,
0.6017,4.874104976654053,0.0005970588235294117,2.564102564102564,400,,,,,,,
,,,2.564102564102564,400,0.594270646572113,0.7111913357400722,184.8256,,,,
0.6632,0.7440652251243591,0.0005841911764705882,2.7243589743589745,425,,,,,,,
,,,2.7243589743589745,425,0.6557829976081848,0.5884476534296029,196.5368,,,,
0.6175,1.626596212387085,0.0005713235294117647,2.8846153846153846,450,,,,,,,
,,,2.8846153846153846,450,0.7412109375,0.6498194945848376,208.2693,,,,
0.5489,1.8974140882492065,0.0005584558823529412,3.0448717948717947,475,,,,,,,
,,,3.0448717948717947,475,0.6856206059455872,0.6714801444043321,219.7598,,,,
0.5784,3.194838762283325,0.0005455882352941177,3.2051282051282053,500,,,,,,,
,,,3.2051282051282053,500,0.5951261520385742,0.7003610108303249,231.494,,,,
0.5392,1.0918738842010498,0.0005327205882352941,3.3653846153846154,525,,,,,,,
,,,3.3653846153846154,525,0.576033890247345,0.7075812274368231,243.5627,,,,
0.5331,4.557125568389893,0.0005198529411764706,3.5256410256410255,550,,,,,,,
,,,3.5256410256410255,550,0.6322571635246277,0.7148014440433214,254.6198,,,,
0.4983,1.6745054721832275,0.0005069852941176471,3.685897435897436,575,,,,,,,
,,,3.685897435897436,575,0.5681478977203369,0.7220216606498195,265.7565,,,,
0.5726,4.106257915496826,0.0004941176470588236,3.8461538461538463,600,,,,,,,
,,,3.8461538461538463,600,0.6699057817459106,0.6642599277978339,277.6288,,,,
0.4634,3.3980841636657715,0.00048125,4.006410256410256,625,,,,,,,
,,,4.006410256410256,625,0.5854715704917908,0.7148014440433214,289.3614,,,,
0.3726,1.333653450012207,0.00046838235294117644,4.166666666666667,650,,,,,,,
,,,4.166666666666667,650,0.6263879537582397,0.7075812274368231,301.1242,,,,
0.412,3.379213333129883,0.00045551470588235297,4.326923076923077,675,,,,,,,
,,,4.326923076923077,675,0.7056578397750854,0.6895306859205776,312.3035,,,,
0.3487,1.970509648323059,0.0004426470588235294,4.487179487179487,700,,,,,,,
,,,4.487179487179487,700,0.7911780476570129,0.6823104693140795,324.1619,,,,
0.3918,2.5146267414093018,0.0004297794117647059,4.647435897435898,725,,,,,,,
,,,4.647435897435898,725,0.7262691259384155,0.7111913357400722,335.4468,,,,
0.396,1.727584719657898,0.00041691176470588234,4.8076923076923075,750,,,,,,,
,,,4.8076923076923075,750,0.6587380170822144,0.7581227436823105,347.0836,,,,
0.3866,3.842297315597534,0.00040404411764705876,4.967948717948718,775,,,,,,,
,,,4.967948717948718,775,0.7145668864250183,0.7184115523465704,358.4738,,,,
0.3014,1.3454865217208862,0.0003911764705882353,5.128205128205128,800,,,,,,,
,,,5.128205128205128,800,0.9019866585731506,0.7256317689530686,370.2015,,,,
0.2506,1.7654528617858887,0.00037830882352941176,5.288461538461538,825,,,,,,,
,,,5.288461538461538,825,0.9474013447761536,0.7111913357400722,381.7849,,,,
0.2842,1.5828609466552734,0.00036544117647058824,5.448717948717949,850,,,,,,,
,,,5.448717948717949,850,0.7413386702537537,0.7328519855595668,393.7728,,,,
0.2879,5.888880729675293,0.0003525735294117647,5.608974358974359,875,,,,,,,
,,,5.608974358974359,875,0.8800466060638428,0.7364620938628159,405.5927,,,,
0.2813,3.535308599472046,0.0003397058823529412,5.769230769230769,900,,,,,,,
,,,5.769230769230769,900,0.8477047085762024,0.7075812274368231,416.9377,,,,
0.3266,8.130698204040527,0.00032683823529411766,5.92948717948718,925,,,,,,,
,,,5.92948717948718,925,0.8561442494392395,0.703971119133574,428.3599,,,,
0.2507,2.0927374362945557,0.00031397058823529414,6.089743589743589,950,,,,,,,
,,,6.089743589743589,950,0.8110970854759216,0.7075812274368231,439.8757,,,,
0.2153,0.8230189681053162,0.0003011029411764706,6.25,975,,,,,,,
,,,6.25,975,1.1080435514450073,0.7256317689530686,451.6366,,,,
0.2038,1.9103765487670898,0.00028823529411764703,6.410256410256411,1000,,,,,,,
,,,6.410256410256411,1000,0.9508689045906067,0.7364620938628159,463.0102,,,,
0.1955,6.554642200469971,0.0002753676470588235,6.57051282051282,1025,,,,,,,
,,,6.57051282051282,1025,1.0777041912078857,0.7075812274368231,474.9558,,,,
0.1546,5.918842792510986,0.0002625,6.730769230769231,1050,,,,,,,
,,,6.730769230769231,1050,0.9862082600593567,0.7617328519855595,486.5701,,,,
0.2223,2.956059217453003,0.00024963235294117646,6.891025641025641,1075,,,,,,,
,,,6.891025641025641,1075,1.131387710571289,0.7148014440433214,498.7748,,,,
0.1443,1.227008581161499,0.00023676470588235296,7.051282051282051,1100,,,,,,,
,,,7.051282051282051,1100,0.9688286781311035,0.7256317689530686,510.0766,,,,
0.1297,4.55434513092041,0.00022389705882352938,7.211538461538462,1125,,,,,,,
,,,7.211538461538462,1125,1.137129306793213,0.7292418772563177,521.4027,,,,
0.1282,2.515575408935547,0.00021102941176470586,7.371794871794872,1150,,,,,,,
,,,7.371794871794872,1150,1.4979337453842163,0.6967509025270758,533.7888,,,,
0.1389,4.390675067901611,0.00019816176470588236,7.532051282051282,1175,,,,,,,
,,,7.532051282051282,1175,1.4241642951965332,0.7148014440433214,545.0373,,,,
0.1009,2.1778790950775146,0.00018529411764705883,7.6923076923076925,1200,,,,,,,
,,,7.6923076923076925,1200,1.4788274765014648,0.7220216606498195,556.4248,,,,
0.1467,19.204256057739258,0.0001724264705882353,7.852564102564102,1225,,,,,,,
,,,7.852564102564102,1225,1.2989165782928467,0.7328519855595668,568.1749,,,,
0.1093,0.8114613890647888,0.00015955882352941176,8.012820512820513,1250,,,,,,,
,,,8.012820512820513,1250,1.4600149393081665,0.7256317689530686,579.6995,,,,
0.1399,0.8030581474304199,0.00014669117647058823,8.173076923076923,1275,,,,,,,
,,,8.173076923076923,1275,1.4525433778762817,0.7148014440433214,591.4001,,,,
0.0629,2.4596621990203857,0.0001338235294117647,8.333333333333334,1300,,,,,,,
,,,8.333333333333334,1300,1.5221774578094482,0.7148014440433214,602.6543,,,,
0.0833,7.038158416748047,0.00012095588235294117,8.493589743589745,1325,,,,,,,
,,,8.493589743589745,1325,1.7418603897094727,0.7111913357400722,614.6291,,,,
0.1137,0.8564485907554626,0.00010808823529411764,8.653846153846153,1350,,,,,,,
,,,8.653846153846153,1350,1.5748106241226196,0.7364620938628159,625.6609,,,,
0.0604,4.534032344818115,9.52205882352941e-05,8.814102564102564,1375,,,,,,,
,,,8.814102564102564,1375,1.6194336414337158,0.7364620938628159,637.1744,,,,
0.0949,0.3887835741043091,8.235294117647058e-05,8.974358974358974,1400,,,,,,,
,,,8.974358974358974,1400,1.5840623378753662,0.7436823104693141,648.5448,,,,
0.0489,1.4629204273223877,6.948529411764706e-05,9.134615384615385,1425,,,,,,,
,,,9.134615384615385,1425,1.6258946657180786,0.7256317689530686,659.953,,,,
0.033,0.2691980302333832,5.661764705882353e-05,9.294871794871796,1450,,,,,,,
,,,9.294871794871796,1450,1.7065742015838623,0.7292418772563177,671.5136,,,,
0.0558,0.037502605468034744,4.375e-05,9.455128205128204,1475,,,,,,,
,,,9.455128205128204,1475,1.7142220735549927,0.7292418772563177,682.7557,,,,
0.0886,5.390133380889893,3.0882352941176475e-05,9.615384615384615,1500,,,,,,,
,,,9.615384615384615,1500,1.721432089805603,0.7328519855595668,694.7538,,,,
0.0795,6.822331428527832,1.801470588235294e-05,9.775641025641026,1525,,,,,,,
,,,9.775641025641026,1525,1.6873584985733032,0.7364620938628159,706.8562,,,,
0.1272,3.9266045093536377,5.147058823529411e-06,9.935897435897436,1550,,,,,,,
,,,9.935897435897436,1550,1.6766480207443237,0.740072202166065,718.3276,,,,
,,,10.0,1560,,,721.3404,34.519,2.163,2222153861192640.0,0.37236898507063204
