loss,grad_norm,learning_rate,epoch,step,eval_loss,eval_accuracy,eval_f1,train_runtime,train_samples_per_second,train_steps_per_second,total_flos,train_loss
0.6801,0.5728042721748352,2.5e-06,0.0,1,,,,,,,,
0.7132,0.8275956511497498,6.25e-05,0.11,25,,,,,,,,
,,,0.11,25,0.65830397605896,0.6838235294117647,0.8122270742358079,5.7895,,,,
0.6627,1.4823031425476074,0.000125,0.22,50,,,,,,,,
,,,0.22,50,0.6244447827339172,0.6838235294117647,0.8122270742358079,11.1448,,,,
0.6383,2.694082498550415,0.0001875,0.33,75,,,,,,,,
,,,0.33,75,0.6211037635803223,0.6838235294117647,0.8122270742358079,16.5505,,,,
0.6378,0.655254602432251,0.00025,0.43,100,,,,,,,,
,,,0.43,100,0.6122262477874756,0.6838235294117647,0.8122270742358079,21.9746,,,,
0.5936,2.735961437225342,0.0003125,0.54,125,,,,,,,,
,,,0.54,125,0.5805104374885559,0.6936274509803921,0.8159057437407953,27.3867,,,,
0.5585,7.832429885864258,0.000375,0.65,150,,,,,,,,
,,,0.65,150,0.6536515355110168,0.7352941176470589,0.834355828220859,32.8169,,,,
0.5614,12.435591697692871,0.0004375,0.76,175,,,,,,,,
,,,0.76,175,0.4387374520301819,0.7818627450980392,0.8424778761061947,38.4115,,,,
0.5026,5.058809280395508,0.0005,0.87,200,,,,,,,,
,,,0.87,200,0.5675894021987915,0.7769607843137255,0.8571428571428571,43.9397,,,,
0.5682,5.809248924255371,0.0004940476190476191,0.98,225,,,,,,,,
,,,0.98,225,0.4334065020084381,0.8186274509803921,0.8644688644688645,49.451,,,,
0.4756,28.6114444732666,0.0004880952380952381,1.09,250,,,,,,,,
,,,1.09,250,0.3998502492904663,0.8235294117647058,0.8827361563517915,54.7294,,,,
0.4594,3.0797839164733887,0.00048214285714285715,1.2,275,,,,,,,,
,,,1.2,275,0.4029446542263031,0.7916666666666666,0.864,60.2314,,,,
0.4469,7.821471214294434,0.0004761904761904762,1.3,300,,,,,,,,
,,,1.3,300,0.37677016854286194,0.8259803921568627,0.88107202680067,65.6579,,,,
0.43,9.762893676757812,0.00047023809523809523,1.41,325,,,,,,,,
,,,1.41,325,0.4067387282848358,0.7916666666666666,0.8296593186372746,71.1288,,,,
0.472,25.333980560302734,0.00046428571428571433,1.52,350,,,,,,,,
,,,1.52,350,0.43458542227745056,0.8455882352941176,0.8944723618090453,76.5421,,,,
0.4513,2.5110554695129395,0.0004583333333333333,1.63,375,,,,,,,,
,,,1.63,375,0.3327081799507141,0.8627450980392157,0.9,81.9478,,,,
0.3671,14.657343864440918,0.00045238095238095237,1.74,400,,,,,,,,
,,,1.74,400,0.37015843391418457,0.8700980392156863,0.9045045045045046,87.3251,,,,
0.4307,5.596728801727295,0.00044642857142857147,1.85,425,,,,,,,,
,,,1.85,425,0.3446759283542633,0.8406862745098039,0.8922056384742951,92.8051,,,,
0.42,8.165565490722656,0.00044047619047619046,1.96,450,,,,,,,,
,,,1.96,450,0.3252004384994507,0.875,0.9103690685413005,98.338,,,,
0.3664,6.072410583496094,0.00043452380952380956,2.07,475,,,,,,,,
,,,2.07,475,0.39972397685050964,0.8627450980392157,0.9069767441860465,103.5774,,,,
0.3717,4.597792625427246,0.00042857142857142855,2.17,500,,,,,,,,
,,,2.17,500,0.2990697920322418,0.8897058823529411,0.9200710479573712,109.0753,,,,
0.3872,9.534977912902832,0.00042261904761904765,2.28,525,,,,,,,,
,,,2.28,525,0.31484612822532654,0.875,0.9077757685352622,115.0604,,,,
0.3453,6.634179592132568,0.0004166666666666667,2.39,550,,,,,,,,
,,,2.39,550,0.3466692268848419,0.8578431372549019,0.8993055555555555,120.555,,,,
0.3808,11.205657005310059,0.0004107142857142857,2.5,575,,,,,,,,
,,,2.5,575,0.3742125928401947,0.8382352941176471,0.892156862745098,126.0186,,,,
0.3706,7.625002384185791,0.0004047619047619048,2.61,600,,,,,,,,
,,,2.61,600,0.32621145248413086,0.8676470588235294,0.9072164948453608,131.5452,,,,
0.313,10.34696102142334,0.00039880952380952383,2.72,625,,,,,,,,
,,,2.72,625,0.38909271359443665,0.8553921568627451,0.9015025041736227,137.0657,,,,
0.4275,9.938787460327148,0.0003928571428571429,2.83,650,,,,,,,,
,,,2.83,650,0.3291957974433899,0.8627450980392157,0.9047619047619047,142.5954,,,,
0.3425,19.920724868774414,0.0003869047619047619,2.93,675,,,,,,,,
,,,2.93,675,0.40107348561286926,0.8700980392156863,0.9100169779286927,148.0786,,,,
0.3465,8.879919052124023,0.00038095238095238096,3.04,700,,,,,,,,
,,,3.04,700,0.37236011028289795,0.8455882352941176,0.893760539629005,153.3359,,,,
0.3608,11.754298210144043,0.000375,3.15,725,,,,,,,,
,,,3.15,725,0.4665035605430603,0.8431372549019608,0.8943894389438943,158.7617,,,,
0.3207,6.766694068908691,0.00036904761904761905,3.26,750,,,,,,,,
,,,3.26,750,0.39051228761672974,0.8725490196078431,0.9121621621621623,164.2529,,,,
0.2849,22.005586624145508,0.0003630952380952381,3.37,775,,,,,,,,
,,,3.37,775,0.3315735161304474,0.8725490196078431,0.9087719298245615,169.6412,,,,
0.3338,6.898739337921143,0.00035714285714285714,3.48,800,,,,,,,,
,,,3.48,800,0.3233563303947449,0.8676470588235294,0.9084745762711864,175.0526,,,,
0.3829,6.5657877922058105,0.0003511904761904762,3.59,825,,,,,,,,
,,,3.59,825,0.2824016213417053,0.8823529411764706,0.9151943462897526,180.5957,,,,
0.3163,7.740983963012695,0.00034523809523809523,3.7,850,,,,,,,,
,,,3.7,850,0.32084524631500244,0.8725490196078431,0.9081272084805654,186.1159,,,,
0.3285,22.607210159301758,0.00033928571428571433,3.8,875,,,,,,,,
,,,3.8,875,0.33917632699012756,0.8627450980392157,0.9017543859649123,191.6434,,,,
0.3085,24.42457389831543,0.0003333333333333333,3.91,900,,,,,,,,
,,,3.91,900,0.3817705512046814,0.8700980392156863,0.9106239460370995,197.14,,,,
0.3535,10.62059211730957,0.00032738095238095237,4.02,925,,,,,,,,
,,,4.02,925,0.31992489099502563,0.8602941176470589,0.9015544041450777,202.5518,,,,
0.2601,4.83043909072876,0.00032142857142857147,4.13,950,,,,,,,,
,,,4.13,950,0.33817848563194275,0.8627450980392157,0.9054054054054055,208.0154,,,,
0.3012,7.62667179107666,0.00031547619047619046,4.24,975,,,,,,,,
,,,4.24,975,0.3396930396556854,0.8676470588235294,0.9084745762711864,213.4424,,,,
0.3413,6.2665791511535645,0.00030952380952380956,4.35,1000,,,,,,,,
,,,4.35,1000,0.30756837129592896,0.875,0.9106830122591945,218.8415,,,,
0.3193,11.064973831176758,0.00030357142857142855,4.46,1025,,,,,,,,
,,,4.46,1025,0.2959473133087158,0.8627450980392157,0.8989169675090252,225.0537,,,,
0.2767,6.1677327156066895,0.00029761904761904765,4.57,1050,,,,,,,,
,,,4.57,1050,0.35059207677841187,0.8848039215686274,0.9193825042881646,230.5619,,,,
0.2907,1.8865859508514404,0.0002916666666666667,4.67,1075,,,,,,,,
,,,4.67,1075,0.3141791522502899,0.8921568627450981,0.9219858156028369,235.9587,,,,
0.2429,9.082425117492676,0.0002857142857142857,4.78,1100,,,,,,,,
,,,4.78,1100,0.3382950723171234,0.8872549019607843,0.9206896551724139,241.4299,,,,
0.2968,9.412240028381348,0.0002797619047619048,4.89,1125,,,,,,,,
,,,4.89,1125,0.2985486686229706,0.8774509803921569,0.9113475177304964,246.8575,,,,
0.2688,0.1714170128107071,0.0002738095238095238,5.0,1150,,,,,,,,
,,,5.0,1150,0.327225923538208,0.8872549019607843,0.9190140845070423,252.3691,,,,
0.2461,1.3105671405792236,0.00026785714285714287,5.11,1175,,,,,,,,
,,,5.11,1175,0.404317706823349,0.8553921568627451,0.9005059021922428,257.7602,,,,
0.2578,11.730401992797852,0.0002619047619047619,5.22,1200,,,,,,,,
,,,5.22,1200,0.32155272364616394,0.875,0.911917098445596,263.2943,,,,
0.2384,6.047249794006348,0.00025595238095238096,5.33,1225,,,,,,,,
,,,5.33,1225,0.30964475870132446,0.8823529411764706,0.9136690647482014,268.738,,,,
0.3222,7.883772850036621,0.00025,5.43,1250,,,,,,,,
,,,5.43,1250,0.3220948576927185,0.8897058823529411,0.922279792746114,274.1525,,,,
0.2644,18.042814254760742,0.00024404761904761905,5.54,1275,,,,,,,,
,,,5.54,1275,0.32017800211906433,0.8946078431372549,0.924693520140105,279.5626,,,,
0.2302,16.3821964263916,0.0002380952380952381,5.65,1300,,,,,,,,
,,,5.65,1300,0.3538224399089813,0.8799019607843137,0.9147826086956522,284.9891,,,,
0.2584,3.235293388366699,0.00023214285714285717,5.76,1325,,,,,,,,
,,,5.76,1325,0.34428519010543823,0.8872549019607843,0.9184397163120569,290.5668,,,,
0.2895,8.100476264953613,0.00022619047619047618,5.87,1350,,,,,,,,
,,,5.87,1350,0.29744425415992737,0.8774509803921569,0.9116607773851589,296.0708,,,,
0.2771,7.341001033782959,0.00022023809523809523,5.98,1375,,,,,,,,
,,,5.98,1375,0.2844873368740082,0.8823529411764706,0.9148936170212766,301.71,,,,
0.1822,29.46535873413086,0.00021428571428571427,6.09,1400,,,,,,,,
,,,6.09,1400,0.6170099377632141,0.8455882352941176,0.8968903436988543,307.0427,,,,
0.3917,5.333344459533691,0.00020833333333333335,6.2,1425,,,,,,,,
,,,6.2,1425,0.35600608587265015,0.8774509803921569,0.910394265232975,312.7239,,,,
0.3235,14.160651206970215,0.0002023809523809524,6.3,1450,,,,,,,,
,,,6.3,1450,0.3230586349964142,0.875,0.9084380610412927,318.0587,,,,
0.2922,9.080679893493652,0.00019642857142857144,6.41,1475,,,,,,,,
,,,6.41,1475,0.3460625410079956,0.8651960784313726,0.9072512647554806,323.5554,,,,
0.2852,5.238924980163574,0.00019047619047619048,6.52,1500,,,,,,,,
,,,6.52,1500,0.3309800326824188,0.8848039215686274,0.9153153153153154,328.9474,,,,
0.195,24.01451873779297,0.00018452380952380953,6.63,1525,,,,,,,,
,,,6.63,1525,0.3646564781665802,0.8799019607843137,0.9147826086956522,335.101,,,,
0.2491,4.182642459869385,0.00017857142857142857,6.74,1550,,,,,,,,
,,,6.74,1550,0.330687552690506,0.8799019607843137,0.9117117117117116,340.4949,,,,
0.2247,13.879283905029297,0.00017261904761904762,6.85,1575,,,,,,,,
,,,6.85,1575,0.3877304792404175,0.8848039215686274,0.9188255613126081,345.9492,,,,
0.2494,6.039436340332031,0.00016666666666666666,6.96,1600,,,,,,,,
,,,6.96,1600,0.3327700197696686,0.8774509803921569,0.912280701754386,351.4985,,,,
0.2079,7.043702602386475,0.00016071428571428573,7.07,1625,,,,,,,,
,,,7.07,1625,0.33501747250556946,0.8848039215686274,0.9173989455184535,356.824,,,,
0.2501,9.84114933013916,0.00015476190476190478,7.17,1650,,,,,,,,
,,,7.17,1650,0.3627621531486511,0.8872549019607843,0.9209621993127148,362.3333,,,,
0.2235,5.015118598937988,0.00014880952380952382,7.28,1675,,,,,,,,
,,,7.28,1675,0.31692010164260864,0.8848039215686274,0.917975567190227,367.7258,,,,
0.2041,11.571073532104492,0.00014285714285714284,7.39,1700,,,,,,,,
,,,7.39,1700,0.3441006541252136,0.8823529411764706,0.9169550173010381,373.3118,,,,
0.206,3.669022798538208,0.0001369047619047619,7.5,1725,,,,,,,,
,,,7.5,1725,0.3452990651130676,0.875,0.9071038251366121,378.8306,,,,
0.2468,9.951126098632812,0.00013095238095238096,7.61,1750,,,,,,,,
,,,7.61,1750,0.3154452443122864,0.8872549019607843,0.9204152249134948,384.3605,,,,
0.2309,8.246057510375977,0.000125,7.72,1775,,,,,,,,
,,,7.72,1775,0.3145577311515808,0.8897058823529411,0.9211908931698775,389.8537,,,,
0.2363,4.250413417816162,0.00011904761904761905,7.83,1800,,,,,,,,
,,,7.83,1800,0.34023308753967285,0.8848039215686274,0.9182608695652175,395.3021,,,,
0.2135,6.127448558807373,0.00011309523809523809,7.93,1825,,,,,,,,
,,,7.93,1825,0.32984405755996704,0.8872549019607843,0.9195804195804195,400.9148,,,,
0.2425,12.428973197937012,0.00010714285714285714,8.04,1850,,,,,,,,
,,,8.04,1850,0.3496881425380707,0.8872549019607843,0.9201388888888888,406.2665,,,,
0.1936,7.804502487182617,0.0001011904761904762,8.15,1875,,,,,,,,
,,,8.15,1875,0.3329719007015228,0.8970588235294118,0.9265734265734265,411.7573,,,,
0.1742,1.5269763469696045,9.523809523809524e-05,8.26,1900,,,,,,,,
,,,8.26,1900,0.3641316890716553,0.8872549019607843,0.9201388888888888,417.2038,,,,
0.2016,3.843939781188965,8.928571428571429e-05,8.37,1925,,,,,,,,
,,,8.37,1925,0.33728817105293274,0.8897058823529411,0.9211908931698775,422.7647,,,,
0.1866,10.386531829833984,8.333333333333333e-05,8.48,1950,,,,,,,,
,,,8.48,1950,0.36027467250823975,0.8946078431372549,0.9244288224956063,428.2687,,,,
0.1937,12.190970420837402,7.738095238095239e-05,8.59,1975,,,,,,,,
,,,8.59,1975,0.38125815987586975,0.8774509803921569,0.9137931034482758,433.7301,,,,
0.2293,17.5598201751709,7.142857142857142e-05,8.7,2000,,,,,,,,
,,,8.7,2000,0.33407431840896606,0.8921568627450981,0.9228070175438596,439.2559,,,,
0.1974,23.33123779296875,6.547619047619048e-05,8.8,2025,,,,,,,,
,,,8.8,2025,0.34141090512275696,0.8897058823529411,0.9209138840070299,445.3179,,,,
0.1978,16.292245864868164,5.9523809523809524e-05,8.91,2050,,,,,,,,
,,,8.91,2050,0.3644474148750305,0.8897058823529411,0.9217391304347826,450.8067,,,,
0.2392,5.002808570861816,5.357142857142857e-05,9.02,2075,,,,,,,,
,,,9.02,2075,0.3540916442871094,0.8921568627450981,0.9233449477351917,456.1886,,,,
0.1664,6.243034362792969,4.761904761904762e-05,9.13,2100,,,,,,,,
,,,9.13,2100,0.35580047965049744,0.8872549019607843,0.9187279151943463,461.6065,,,,
0.1887,10.308772087097168,4.1666666666666665e-05,9.24,2125,,,,,,,,
,,,9.24,2125,0.36733725666999817,0.8872549019607843,0.9192982456140351,467.0753,,,,
0.2316,6.274020195007324,3.571428571428571e-05,9.35,2150,,,,,,,,
,,,9.35,2150,0.3553149700164795,0.8872549019607843,0.9192982456140351,472.5608,,,,
0.2008,9.937747955322266,2.9761904761904762e-05,9.46,2175,,,,,,,,
,,,9.46,2175,0.35590195655822754,0.8897058823529411,0.9217391304347826,478.0632,,,,
0.1866,5.143032073974609,2.380952380952381e-05,9.57,2200,,,,,,,,
,,,9.57,2200,0.36854028701782227,0.8897058823529411,0.9220103986135182,483.619,,,,
0.2258,8.81894588470459,1.7857142857142855e-05,9.67,2225,,,,,,,,
,,,9.67,2225,0.3514135777950287,0.8897058823529411,0.9211908931698775,489.0863,,,,
0.2084,9.093050956726074,1.1904761904761905e-05,9.78,2250,,,,,,,,
,,,9.78,2250,0.35644781589508057,0.8921568627450981,0.9233449477351917,494.6927,,,,
0.1981,12.77377700805664,5.9523809523809525e-06,9.89,2275,,,,,,,,
,,,9.89,2275,0.3569493889808655,0.8921568627450981,0.9233449477351917,500.2439,,,,
0.1611,2.3929226398468018,0.0,10.0,2300,,,,,,,,
,,,10.0,2300,0.3570006787776947,0.8921568627450981,0.9233449477351917,505.7906,,,,
,,,10.0,2300,,,,505.3938,72.577,4.551,1451673350395296.0,0.31790129684883617
