loss,grad_norm,learning_rate,epoch,step,eval_loss,eval_accuracy,eval_f1,train_runtime,train_samples_per_second,train_steps_per_second,total_flos,train_loss
0.6983,1.3046064376831055,2.5e-06,0.0,1,,,,,,,,
0.6692,1.3257406949996948,6.25e-05,0.11,25,,,,,,,,
,,,0.11,25,0.6412531733512878,0.6838235294117647,0.8122270742358079,6.6326,,,,
0.6613,0.8600634336471558,0.000125,0.22,50,,,,,,,,
,,,0.22,50,0.6255035400390625,0.6838235294117647,0.8122270742358079,12.8725,,,,
0.6384,0.8729993104934692,0.0001875,0.33,75,,,,,,,,
,,,0.33,75,0.6161445379257202,0.6838235294117647,0.8122270742358079,19.2982,,,,
0.6224,3.409949779510498,0.00025,0.43,100,,,,,,,,
,,,0.43,100,0.6324418783187866,0.6838235294117647,0.8122270742358079,25.5653,,,,
0.5469,1.7223360538482666,0.0003125,0.54,125,,,,,,,,
,,,0.54,125,0.6728721857070923,0.7132352941176471,0.8213740458015268,31.785,,,,
0.5321,4.246894359588623,0.000375,0.65,150,,,,,,,,
,,,0.65,150,0.48411285877227783,0.7720588235294118,0.8330341113105925,37.8805,,,,
0.5568,2.1447131633758545,0.0004375,0.76,175,,,,,,,,
,,,0.76,175,0.45030108094215393,0.7769607843137255,0.8548644338118022,44.1035,,,,
0.4954,1.781123161315918,0.0005,0.87,200,,,,,,,,
,,,0.87,200,0.6456071734428406,0.7892156862745098,0.8634920634920634,50.1721,,,,
0.5335,2.873060703277588,0.0004940476190476191,0.98,225,,,,,,,,
,,,0.98,225,0.4945172667503357,0.7254901960784313,0.7656903765690376,56.1767,,,,
0.4479,1.511875867843628,0.0004880952380952381,1.09,250,,,,,,,,
,,,1.09,250,0.590408980846405,0.8161764705882353,0.8743718592964823,61.9128,,,,
0.4733,0.7885975241661072,0.00048214285714285715,1.2,275,,,,,,,,
,,,1.2,275,0.416306734085083,0.8063725490196079,0.8715447154471545,67.8772,,,,
0.4428,2.4406819343566895,0.0004761904761904762,1.3,300,,,,,,,,
,,,1.3,300,0.38827192783355713,0.8431372549019608,0.8907849829351535,73.8569,,,,
0.5056,2.985387086868286,0.00047023809523809523,1.41,325,,,,,,,,
,,,1.41,325,0.3561393916606903,0.8357843137254902,0.8788426763110307,79.7981,,,,
0.4158,3.5775325298309326,0.00046428571428571433,1.52,350,,,,,,,,
,,,1.52,350,0.3585416078567505,0.8455882352941176,0.8904347826086957,85.8016,,,,
0.4117,2.0597028732299805,0.0004583333333333333,1.63,375,,,,,,,,
,,,1.63,375,0.34948432445526123,0.8333333333333334,0.8823529411764706,91.7305,,,,
0.3153,1.5939784049987793,0.00045238095238095237,1.74,400,,,,,,,,
,,,1.74,400,0.45434463024139404,0.8504901960784313,0.8960817717206134,97.7742,,,,
0.4398,3.2933759689331055,0.00044642857142857147,1.85,425,,,,,,,,
,,,1.85,425,0.32514071464538574,0.8553921568627451,0.8963093145869947,103.8922,,,,
0.3997,3.3747661113739014,0.00044047619047619046,1.96,450,,,,,,,,
,,,1.96,450,0.3595942258834839,0.8602941176470589,0.8976660682226212,110.1005,,,,
0.2834,1.3513802289962769,0.00043452380952380956,2.07,475,,,,,,,,
,,,2.07,475,0.41389450430870056,0.8504901960784313,0.8960817717206134,116.0052,,,,
0.37,3.8888368606567383,0.00042857142857142855,2.17,500,,,,,,,,
,,,2.17,500,0.3347671329975128,0.8504901960784313,0.8912655971479501,122.1657,,,,
0.3134,2.3103673458099365,0.00042261904761904765,2.28,525,,,,,,,,
,,,2.28,525,0.33192411065101624,0.8455882352941176,0.8822429906542055,128.5202,,,,
0.2901,2.425814628601074,0.0004166666666666667,2.39,550,,,,,,,,
,,,2.39,550,0.344868004322052,0.8700980392156863,0.9068541300527241,134.6099,,,,
0.3025,2.04154109954834,0.0004107142857142857,2.5,575,,,,,,,,
,,,2.5,575,0.3582172095775604,0.8578431372549019,0.9023569023569024,140.7144,,,,
0.2889,4.38671875,0.0004047619047619048,2.61,600,,,,,,,,
,,,2.61,600,0.38290923833847046,0.8602941176470589,0.9012131715771231,146.7335,,,,
0.2889,6.019120693206787,0.00039880952380952383,2.72,625,,,,,,,,
,,,2.72,625,0.4872901141643524,0.8382352941176471,0.8914473684210527,152.8622,,,,
0.3958,6.9124932289123535,0.0003928571428571429,2.83,650,,,,,,,,
,,,2.83,650,0.3342549204826355,0.8553921568627451,0.897391304347826,158.9206,,,,
0.2872,5.894318103790283,0.0003869047619047619,2.93,675,,,,,,,,
,,,2.93,675,0.4239111542701721,0.8480392156862745,0.8956228956228957,165.0264,,,,
0.2545,2.6354410648345947,0.00038095238095238096,3.04,700,,,,,,,,
,,,3.04,700,0.38717737793922424,0.8602941176470589,0.9001751313485115,170.848,,,,
0.2731,3.0708436965942383,0.000375,3.15,725,,,,,,,,
,,,3.15,725,0.3846128582954407,0.8529411764705882,0.8972602739726027,176.9495,,,,
0.2948,2.612421989440918,0.00036904761904761905,3.26,750,,,,,,,,
,,,3.26,750,0.4720301628112793,0.8382352941176471,0.890728476821192,182.9945,,,,
0.2358,3.2762234210968018,0.0003630952380952381,3.37,775,,,,,,,,
,,,3.37,775,0.4325862526893616,0.8431372549019608,0.8900343642611684,188.9549,,,,
0.239,3.0422425270080566,0.00035714285714285714,3.48,800,,,,,,,,
,,,3.48,800,0.5644773840904236,0.8357843137254902,0.888888888888889,194.9933,,,,
0.2767,5.687015056610107,0.0003511904761904762,3.59,825,,,,,,,,
,,,3.59,825,0.3463919460773468,0.8602941176470589,0.9018932874354562,201.1304,,,,
0.2768,4.216501235961914,0.00034523809523809523,3.7,850,,,,,,,,
,,,3.7,850,0.36221742630004883,0.8676470588235294,0.9065743944636677,207.3007,,,,
0.2363,4.574406623840332,0.00033928571428571433,3.8,875,,,,,,,,
,,,3.8,875,0.40964892506599426,0.8602941176470589,0.8994708994708994,213.4259,,,,
0.2724,4.3861403465271,0.0003333333333333333,3.91,900,,,,,,,,
,,,3.91,900,0.3511526882648468,0.8700980392156863,0.905861456483126,219.5586,,,,
0.2399,7.049796104431152,0.00032738095238095237,4.02,925,,,,,,,,
,,,4.02,925,0.48330628871917725,0.8602941176470589,0.9032258064516129,225.561,,,,
0.1956,0.5778005719184875,0.00032142857142857147,4.13,950,,,,,,,,
,,,4.13,950,0.43872377276420593,0.8700980392156863,0.9084628670120898,231.6588,,,,
0.2027,5.869646072387695,0.00031547619047619046,4.24,975,,,,,,,,
,,,4.24,975,0.6404402256011963,0.8259803921568627,0.883415435139573,237.6507,,,,
0.3006,2.8253536224365234,0.00030952380952380956,4.35,1000,,,,,,,,
,,,4.35,1000,0.42624813318252563,0.8553921568627451,0.8998302207130731,243.6162,,,,
0.2312,4.947211742401123,0.00030357142857142855,4.46,1025,,,,,,,,
,,,4.46,1025,0.38552552461624146,0.8627450980392157,0.9014084507042254,250.0132,,,,
0.1727,4.421157360076904,0.00029761904761904765,4.57,1050,,,,,,,,
,,,4.57,1050,0.43670085072517395,0.8676470588235294,0.9072164948453608,256.0673,,,,
0.1805,2.561188220977783,0.0002916666666666667,4.67,1075,,,,,,,,
,,,4.67,1075,0.3850058615207672,0.8725490196078431,0.9094076655052264,262.1149,,,,
0.1732,4.94334077835083,0.0002857142857142857,4.78,1100,,,,,,,,
,,,4.78,1100,0.4126547873020172,0.8872549019607843,0.9178571428571428,268.2215,,,,
0.1854,0.9772813320159912,0.0002797619047619048,4.89,1125,,,,,,,,
,,,4.89,1125,0.43322065472602844,0.8897058823529411,0.9206349206349206,274.3485,,,,
0.2238,0.5467367768287659,0.0002738095238095238,5.0,1150,,,,,,,,
,,,5.0,1150,0.38346627354621887,0.8725490196078431,0.907473309608541,280.3972,,,,
0.1292,0.21442270278930664,0.00026785714285714287,5.11,1175,,,,,,,,
,,,5.11,1175,0.39434874057769775,0.8725490196078431,0.907473309608541,286.4287,,,,
0.1717,1.0733635425567627,0.0002619047619047619,5.22,1200,,,,,,,,
,,,5.22,1200,0.38043108582496643,0.8823529411764706,0.9139784946236559,292.5112,,,,
0.1464,6.024260520935059,0.00025595238095238096,5.33,1225,,,,,,,,
,,,5.33,1225,0.4477134048938751,0.8799019607843137,0.9120287253141832,298.6035,,,,
0.198,4.367308139801025,0.00025,5.43,1250,,,,,,,,
,,,5.43,1250,0.5397527813911438,0.8774509803921569,0.910394265232975,304.5453,,,,
0.1707,4.201490879058838,0.00024404761904761905,5.54,1275,,,,,,,,
,,,5.54,1275,0.4161373972892761,0.875,0.9084380610412927,310.6429,,,,
0.1655,2.632312297821045,0.0002380952380952381,5.65,1300,,,,,,,,
,,,5.65,1300,0.3760371506214142,0.8799019607843137,0.9104204753199269,316.674,,,,
0.1959,1.1058379411697388,0.00023214285714285717,5.76,1325,,,,,,,,
,,,5.76,1325,0.39417776465415955,0.875,0.9094138543516875,322.8983,,,,
0.19,9.037101745605469,0.00022619047619047618,5.87,1350,,,,,,,,
,,,5.87,1350,0.4753350019454956,0.8774509803921569,0.910394265232975,329.0525,,,,
0.1705,0.47285398840904236,0.00022023809523809523,5.98,1375,,,,,,,,
,,,5.98,1375,0.4107826054096222,0.8897058823529411,0.9206349206349206,335.307,,,,
0.1095,4.4041748046875,0.00021428571428571427,6.09,1400,,,,,,,,
,,,6.09,1400,0.5843290090560913,0.8578431372549019,0.902027027027027,341.2849,,,,
0.0942,0.37922194600105286,0.00020833333333333335,6.2,1425,,,,,,,,
,,,6.2,1425,0.6523464918136597,0.8602941176470589,0.9025641025641027,347.6278,,,,
0.1938,6.257776737213135,0.0002023809523809524,6.3,1450,,,,,,,,
,,,6.3,1450,0.5409389734268188,0.8774509803921569,0.9087591240875913,353.5627,,,,
0.1789,6.425983428955078,0.00019642857142857144,6.41,1475,,,,,,,,
,,,6.41,1475,0.49593204259872437,0.875,0.9087656529516995,359.753,,,,
0.1335,0.2540498375892639,0.00019047619047619048,6.52,1500,,,,,,,,
,,,6.52,1500,0.49264979362487793,0.8774509803921569,0.9107142857142857,365.7503,,,,
0.1032,5.764984607696533,0.00018452380952380953,6.63,1525,,,,,,,,
,,,6.63,1525,0.546684205532074,0.8774509803921569,0.9137931034482758,372.2038,,,,
0.1372,0.32009902596473694,0.00017857142857142857,6.74,1550,,,,,,,,
,,,6.74,1550,0.4948994517326355,0.8872549019607843,0.9184397163120569,378.1994,,,,
0.1077,4.29337739944458,0.00017261904761904762,6.85,1575,,,,,,,,
,,,6.85,1575,0.5080789923667908,0.8848039215686274,0.9171075837742505,384.3213,,,,
0.1122,6.659394264221191,0.00016666666666666666,6.96,1600,,,,,,,,
,,,6.96,1600,0.5885526537895203,0.875,0.9106830122591945,390.4165,,,,
0.0991,1.2296876907348633,0.00016071428571428573,7.07,1625,,,,,,,,
,,,7.07,1625,0.5548917651176453,0.8848039215686274,0.9168141592920355,396.4151,,,,
0.0942,7.492043495178223,0.00015476190476190478,7.17,1650,,,,,,,,
,,,7.17,1650,0.5890449285507202,0.8921568627450981,0.9228070175438596,402.4048,,,,
0.1075,6.203300952911377,0.00014880952380952382,7.28,1675,,,,,,,,
,,,7.28,1675,0.6491038203239441,0.8725490196078431,0.9112627986348123,408.4787,,,,
0.1765,2.087977170944214,0.00014285714285714284,7.39,1700,,,,,,,,
,,,7.39,1700,0.5084409713745117,0.8774509803921569,0.9113475177304964,414.6122,,,,
0.0764,5.282747268676758,0.0001369047619047619,7.5,1725,,,,,,,,
,,,7.5,1725,0.5471104383468628,0.8774509803921569,0.9080882352941176,420.8447,,,,
0.1122,4.561672210693359,0.00013095238095238096,7.61,1750,,,,,,,,
,,,7.61,1750,0.5480833649635315,0.8872549019607843,0.9192982456140351,426.9221,,,,
0.1231,1.3743022680282593,0.000125,7.72,1775,,,,,,,,
,,,7.72,1775,0.513581395149231,0.8774509803921569,0.910394265232975,433.1552,,,,
0.0826,0.3401198089122772,0.00011904761904761905,7.83,1800,,,,,,,,
,,,7.83,1800,0.5688216090202332,0.8799019607843137,0.9141856392294221,439.1719,,,,
0.0834,10.32036304473877,0.00011309523809523809,7.93,1825,,,,,,,,
,,,7.93,1825,0.5522608160972595,0.8799019607843137,0.9113924050632911,445.4353,,,,
0.0725,4.788336277008057,0.00010714285714285714,8.04,1850,,,,,,,,
,,,8.04,1850,0.5894439816474915,0.8823529411764706,0.916083916083916,451.3718,,,,
0.1092,0.8554455637931824,0.0001011904761904762,8.15,1875,,,,,,,,
,,,8.15,1875,0.5626927018165588,0.8897058823529411,0.9197860962566845,457.4877,,,,
0.0562,0.0677555724978447,9.523809523809524e-05,8.26,1900,,,,,,,,
,,,8.26,1900,0.5983094573020935,0.8823529411764706,0.9142857142857143,463.5657,,,,
0.0876,12.42971420288086,8.928571428571429e-05,8.37,1925,,,,,,,,
,,,8.37,1925,0.6291196942329407,0.8725490196078431,0.9094076655052264,469.6867,,,,
0.0322,2.1189746856689453,8.333333333333333e-05,8.48,1950,,,,,,,,
,,,8.48,1950,0.6515367031097412,0.8700980392156863,0.9075043630017452,475.8052,,,,
0.0679,2.027175188064575,7.738095238095239e-05,8.59,1975,,,,,,,,
,,,8.59,1975,0.6527522802352905,0.8725490196078431,0.9087719298245615,481.7838,,,,
0.1381,0.3241719603538513,7.142857142857142e-05,8.7,2000,,,,,,,,
,,,8.7,2000,0.624637246131897,0.8725490196078431,0.9087719298245615,487.7902,,,,
0.0653,7.561071395874023,6.547619047619048e-05,8.8,2025,,,,,,,,
,,,8.8,2025,0.6492476463317871,0.8823529411764706,0.9151943462897526,494.2787,,,,
0.0752,0.10270899534225464,5.9523809523809524e-05,8.91,2050,,,,,,,,
,,,8.91,2050,0.6778314113616943,0.8725490196078431,0.9087719298245615,500.3639,,,,
0.0741,0.012649440206587315,5.357142857142857e-05,9.02,2075,,,,,,,,
,,,9.02,2075,0.6740174889564514,0.8774509803921569,0.911032028469751,506.2297,,,,
0.0612,0.13992464542388916,4.761904761904762e-05,9.13,2100,,,,,,,,
,,,9.13,2100,0.6931746006011963,0.8799019607843137,0.9120287253141832,512.2574,,,,
0.0473,0.013940819539129734,4.1666666666666665e-05,9.24,2125,,,,,,,,
,,,9.24,2125,0.6960803866386414,0.875,0.9094138543516875,518.2459,,,,
0.0644,0.04479058459401131,3.571428571428571e-05,9.35,2150,,,,,,,,
,,,9.35,2150,0.719163179397583,0.875,0.9103690685413005,524.2726,,,,
0.1138,8.56866455078125,2.9761904761904762e-05,9.46,2175,,,,,,,,
,,,9.46,2175,0.6823586821556091,0.8725490196078431,0.9071428571428571,530.3345,,,,
0.064,0.07757176458835602,2.380952380952381e-05,9.57,2200,,,,,,,,
,,,9.57,2200,0.6843611598014832,0.8700980392156863,0.9065255731922399,536.4058,,,,
0.0662,0.9279481172561646,1.7857142857142855e-05,9.67,2225,,,,,,,,
,,,9.67,2225,0.6884287595748901,0.8700980392156863,0.9065255731922399,542.4251,,,,
0.052,4.0169477462768555,1.1904761904761905e-05,9.78,2250,,,,,,,,
,,,9.78,2250,0.6915148496627808,0.8676470588235294,0.9049295774647886,548.4999,,,,
0.0564,5.919399261474609,5.9523809523809525e-06,9.89,2275,,,,,,,,
,,,9.89,2275,0.6922100186347961,0.8700980392156863,0.9065255731922399,554.6014,,,,
0.048,0.003735470585525036,0.0,10.0,2300,,,,,,,,
,,,10.0,2300,0.6915653944015503,0.8700980392156863,0.9065255731922399,560.6364,,,,
,,,10.0,2300,,,,560.2671,65.469,4.105,1465939393697184.0,0.2327043128531912
