loss,grad_norm,learning_rate,epoch,step,eval_loss,eval_accuracy,eval_f1,train_runtime,train_samples_per_second,train_steps_per_second,total_flos,train_loss
1.1672,3.700784921646118,0.0001,0.0625,1,,,,,,,,
0.9583,2.1486945152282715,0.001,0.625,10,,,,,,,,
,,,0.625,10,0.9248581528663635,0.5,0.2222222222222222,4.5908,,,,
1.0334,3.140018939971924,0.002,1.25,20,,,,,,,,
,,,1.25,20,0.9617801904678345,0.6785714285714286,0.47222222222222215,8.9738,,,,
0.8461,1.99324631690979,0.003,1.875,30,,,,,,,,
,,,1.875,30,0.8688597083091736,0.6964285714285714,0.48397660818713456,13.1483,,,,
0.8638,3.496422052383423,0.004,2.5,40,,,,,,,,
,,,2.5,40,0.7754924893379211,0.75,0.524731182795699,17.3492,,,,
0.5648,0.9120371341705322,0.005,3.125,50,,,,,,,,
,,,3.125,50,0.6517578363418579,0.75,0.5227888642522789,21.5793,,,,
0.4989,2.3221426010131836,0.004814814814814814,3.75,60,,,,,,,,
,,,3.75,60,0.7036147713661194,0.7321428571428571,0.5087064676616916,25.8469,,,,
0.243,0.4694727659225464,0.004629629629629629,4.375,70,,,,,,,,
,,,4.375,70,0.6484602689743042,0.8214285714285714,0.7368747416287723,29.9953,,,,
0.2303,1.817162036895752,0.0044444444444444444,5.0,80,,,,,,,,
,,,5.0,80,0.4835112690925598,0.875,0.7874149659863946,34.1499,,,,
0.1556,0.6891140937805176,0.0042592592592592595,5.625,90,,,,,,,,
,,,5.625,90,0.49175596237182617,0.875,0.8332232739012398,38.6638,,,,
0.0982,4.071169376373291,0.004074074074074074,6.25,100,,,,,,,,
,,,6.25,100,0.4705364406108856,0.8928571428571429,0.890869939707149,42.8343,,,,
0.0264,0.0024360045790672302,0.003888888888888889,6.875,110,,,,,,,,
,,,6.875,110,0.45180565118789673,0.9107142857142857,0.8144015159490473,46.9061,,,,
0.1002,2.900404453277588,0.0037037037037037034,7.5,120,,,,,,,,
,,,7.5,120,0.47836217284202576,0.9107142857142857,0.8724124712496807,50.694,,,,
0.012,0.00046357003157027066,0.0035185185185185185,8.125,130,,,,,,,,
,,,8.125,130,0.355115681886673,0.9464285714285714,0.9605415860735009,55.1368,,,,
0.0024,0.002175827044993639,0.003333333333333333,8.75,140,,,,,,,,
,,,8.75,140,0.3311208188533783,0.9642857142857143,0.9736024844720497,59.754,,,,
0.0006,0.0008480445249006152,0.003148148148148148,9.375,150,,,,,,,,
,,,9.375,150,0.30513161420822144,0.9642857142857143,0.9736024844720497,63.9004,,,,
0.0005,4.676045500673354e-05,0.002962962962962963,10.0,160,,,,,,,,
,,,10.0,160,0.31023216247558594,0.9642857142857143,0.9736024844720497,68.1336,,,,
0.0004,0.006532029248774052,0.002777777777777778,10.625,170,,,,,,,,
,,,10.625,170,0.3175906836986542,0.9464285714285714,0.9370223978919632,72.6081,,,,
0.0126,0.0006577096646651626,0.0025925925925925925,11.25,180,,,,,,,,
,,,11.25,180,0.303633451461792,0.9642857142857143,0.9736024844720497,76.7378,,,,
0.0004,5.11373691551853e-05,0.002407407407407407,11.875,190,,,,,,,,
,,,11.875,190,0.32946714758872986,0.9285714285714286,0.904040404040404,81.3191,,,,
0.0001,0.00019176429486833513,0.0022222222222222222,12.5,200,,,,,,,,
,,,12.5,200,0.3537534773349762,0.9285714285714286,0.904040404040404,85.4102,,,,
0.0012,0.010088353417813778,0.002037037037037037,13.125,210,,,,,,,,
,,,13.125,210,0.3284706175327301,0.9285714285714286,0.904040404040404,89.6062,,,,
0.0001,0.0007700630812905729,0.0018518518518518517,13.75,220,,,,,,,,
,,,13.75,220,0.31690624356269836,0.9642857142857143,0.9736024844720497,94.2612,,,,
0.0004,0.00047650610213167965,0.0016666666666666666,14.375,230,,,,,,,,
,,,14.375,230,0.3146742284297943,0.9642857142857143,0.9736024844720497,98.7497,,,,
0.0001,0.00030803095432929695,0.0014814814814814814,15.0,240,,,,,,,,
,,,15.0,240,0.3139665126800537,0.9464285714285714,0.9355699855699856,102.8377,,,,
0.0006,0.0016253278590738773,0.0012962962962962963,15.625,250,,,,,,,,
,,,15.625,250,0.312972754240036,0.9464285714285714,0.9355699855699856,107.1206,,,,
0.0,0.0005381596274673939,0.0011111111111111111,16.25,260,,,,,,,,
,,,16.25,260,0.313073068857193,0.9464285714285714,0.9355699855699856,111.5566,,,,
0.0002,0.00030603408231399953,0.0009259259259259259,16.875,270,,,,,,,,
,,,16.875,270,0.3114989697933197,0.9464285714285714,0.9355699855699856,115.8272,,,,
0.0,0.0003503480111248791,0.0007407407407407407,17.5,280,,,,,,,,
,,,17.5,280,0.3108997344970703,0.9464285714285714,0.9355699855699856,120.4432,,,,
0.0005,5.925197183387354e-05,0.0005555555555555556,18.125,290,,,,,,,,
,,,18.125,290,0.3109672963619232,0.9464285714285714,0.9355699855699856,124.5588,,,,
0.0002,0.009353064000606537,0.00037037037037037035,18.75,300,,,,,,,,
,,,18.75,300,0.31080126762390137,0.9464285714285714,0.9355699855699856,129.046,,,,
0.0002,0.015892045572400093,0.00018518518518518518,19.375,310,,,,,,,,
,,,19.375,310,0.31044939160346985,0.9464285714285714,0.9355699855699856,132.9923,,,,
0.0,0.001147547853179276,0.0,20.0,320,,,,,,,,
,,,20.0,320,0.3102187514305115,0.9464285714285714,0.9355699855699856,137.4317,,,,
,,,20.0,320,,,,137.015,36.492,2.336,450318457005120.0,0.1772674766203636
