loss,grad_norm,learning_rate,epoch,step,eval_loss,eval_accuracy,eval_f1,train_runtime,train_samples_per_second,train_steps_per_second,total_flos,train_loss
1.1221,3.731027126312256,0.0001,0.0625,1,,,,,,,,
0.952,1.4903359413146973,0.001,0.625,10,,,,,,,,
,,,0.625,10,0.9257550239562988,0.6964285714285714,0.4868139700641481,4.3717,,,,
1.0133,1.863112211227417,0.002,1.25,20,,,,,,,,
,,,1.25,20,0.8285996317863464,0.6785714285714286,0.47391812865497074,8.3804,,,,
0.7413,1.720342755317688,0.003,1.875,30,,,,,,,,
,,,1.875,30,0.6676337122917175,0.7142857142857143,0.49976359338061477,12.3106,,,,
0.5554,6.434185028076172,0.004,2.5,40,,,,,,,,
,,,2.5,40,0.5244045853614807,0.7857142857142857,0.6531400966183575,16.1426,,,,
0.686,13.97862434387207,0.005,3.125,50,,,,,,,,
,,,3.125,50,1.3160401582717896,0.6964285714285714,0.4774709302325581,20.033,,,,
0.4314,5.0241498947143555,0.004814814814814814,3.75,60,,,,,,,,
,,,3.75,60,0.4581618010997772,0.8392857142857143,0.6892230576441104,24.02,,,,
1.1539,20.421070098876953,0.004629629629629629,4.375,70,,,,,,,,
,,,4.375,70,0.9715827703475952,0.6785714285714286,0.45427245427245433,27.7919,,,,
0.7189,5.201674461364746,0.0044444444444444444,5.0,80,,,,,,,,
,,,5.0,80,1.0112742185592651,0.4107142857142857,0.1940928270042194,31.6392,,,,
1.0959,3.694601535797119,0.0042592592592592595,5.625,90,,,,,,,,
,,,5.625,90,1.1056478023529053,0.4107142857142857,0.1940928270042194,35.805,,,,
0.9509,1.5745270252227783,0.004074074074074074,6.25,100,,,,,,,,
,,,6.25,100,0.9288268685340881,0.5,0.2222222222222222,39.5725,,,,
0.9692,3.726663112640381,0.003888888888888889,6.875,110,,,,,,,,
,,,6.875,110,0.9837360978126526,0.5,0.2222222222222222,43.364,,,,
1.0447,3.61509108543396,0.0037037037037037034,7.5,120,,,,,,,,
,,,7.5,120,0.9344895482063293,0.5,0.2222222222222222,46.8483,,,,
0.8872,1.8929219245910645,0.0035185185185185185,8.125,130,,,,,,,,
,,,8.125,130,1.0157005786895752,0.5,0.2222222222222222,50.8892,,,,
0.9386,2.05344557762146,0.003333333333333333,8.75,140,,,,,,,,
,,,8.75,140,0.944942057132721,0.5,0.2222222222222222,55.1682,,,,
1.0061,1.3317772150039673,0.003148148148148148,9.375,150,,,,,,,,
,,,9.375,150,0.9365288019180298,0.4107142857142857,0.1940928270042194,59.0262,,,,
0.9238,2.8585050106048584,0.002962962962962963,10.0,160,,,,,,,,
,,,10.0,160,0.9498503804206848,0.5,0.2222222222222222,62.8765,,,,
0.863,0.9352063536643982,0.002777777777777778,10.625,170,,,,,,,,
,,,10.625,170,0.976115345954895,0.4107142857142857,0.1940928270042194,67.0924,,,,
1.0155,1.143580436706543,0.0025925925925925925,11.25,180,,,,,,,,
,,,11.25,180,0.9376192688941956,0.4107142857142857,0.1940928270042194,70.8728,,,,
0.9209,0.5598253607749939,0.002407407407407407,11.875,190,,,,,,,,
,,,11.875,190,0.9740163087844849,0.4107142857142857,0.1940928270042194,75.0246,,,,
0.898,1.826569676399231,0.0022222222222222222,12.5,200,,,,,,,,
,,,12.5,200,0.9423457384109497,0.5,0.2222222222222222,78.8385,,,,
0.9024,0.9651095867156982,0.002037037037037037,13.125,210,,,,,,,,
,,,13.125,210,0.9908328056335449,0.4107142857142857,0.1940928270042194,82.6086,,,,
0.9151,2.1640186309814453,0.0018518518518518517,13.75,220,,,,,,,,
,,,13.75,220,0.9435043334960938,0.5,0.2222222222222222,86.84,,,,
0.8857,0.9970054030418396,0.0016666666666666666,14.375,230,,,,,,,,
,,,14.375,230,0.9310787916183472,0.5,0.2222222222222222,91.0164,,,,
0.9407,2.917715072631836,0.0014814814814814814,15.0,240,,,,,,,,
,,,15.0,240,0.9710007905960083,0.4107142857142857,0.1940928270042194,94.7542,,,,
0.859,0.6405132412910461,0.0012962962962962963,15.625,250,,,,,,,,
,,,15.625,250,0.939769446849823,0.5,0.2222222222222222,98.6378,,,,
0.898,0.7360106110572815,0.0011111111111111111,16.25,260,,,,,,,,
,,,16.25,260,0.9446644186973572,0.5,0.2222222222222222,102.7202,,,,
0.8864,1.8944568634033203,0.0009259259259259259,16.875,270,,,,,,,,
,,,16.875,270,0.9435774683952332,0.4107142857142857,0.1940928270042194,106.7105,,,,
0.9512,1.2697575092315674,0.0007407407407407407,17.5,280,,,,,,,,
,,,17.5,280,0.9390144348144531,0.4107142857142857,0.1940928270042194,110.8386,,,,
0.8626,0.558560311794281,0.0005555555555555556,18.125,290,,,,,,,,
,,,18.125,290,0.9313497543334961,0.5,0.2222222222222222,114.6736,,,,
0.9062,0.7183300852775574,0.00037037037037037035,18.75,300,,,,,,,,
,,,18.75,300,0.9371408224105835,0.5,0.2222222222222222,118.88,,,,
0.9157,1.0512741804122925,0.00018518518518518518,19.375,310,,,,,,,,
,,,19.375,310,0.9332722425460815,0.5,0.2222222222222222,122.4452,,,,
0.8851,3.563260793685913,0.0,20.0,320,,,,,,,,
,,,20.0,320,0.9333518147468567,0.5,0.2222222222222222,126.4573,,,,
,,,20.0,320,,,,125.9397,39.702,2.541,453010991768640.0,0.8934777073562146
