loss,grad_norm,learning_rate,epoch,step,eval_loss,eval_accuracy,eval_f1,train_runtime,train_samples_per_second,train_steps_per_second,total_flos,train_loss
0.6801,0.5727102756500244,1.0000000000000002e-06,0.004347826086956522,1,,,,,,,,
0.7314,1.4595307111740112,2.5e-05,0.10869565217391304,25,,,,,,,,
,,,0.10869565217391304,25,0.6988043189048767,0.3161764705882353,0.0,5.9457,,,,
0.6733,0.9196995496749878,5e-05,0.21739130434782608,50,,,,,,,,
,,,0.21739130434782608,50,0.6383963227272034,0.6838235294117647,0.8122270742358079,11.3596,,,,
0.6362,2.787288188934326,7.500000000000001e-05,0.32608695652173914,75,,,,,,,,
,,,0.32608695652173914,75,0.6263912320137024,0.6838235294117647,0.8122270742358079,16.9334,,,,
0.6439,0.7423194646835327,0.0001,0.43478260869565216,100,,,,,,,,
,,,0.43478260869565216,100,0.6217120885848999,0.6838235294117647,0.8122270742358079,22.4128,,,,
0.5954,1.3860868215560913,0.000125,0.5434782608695652,125,,,,,,,,
,,,0.5434782608695652,125,0.6183927655220032,0.6838235294117647,0.8122270742358079,27.9154,,,,
0.6277,2.969747543334961,0.00015000000000000001,0.6521739130434783,150,,,,,,,,
,,,0.6521739130434783,150,0.6089102625846863,0.6838235294117647,0.8122270742358079,33.4678,,,,
0.611,1.2407588958740234,0.000175,0.7608695652173914,175,,,,,,,,
,,,0.7608695652173914,175,0.5503354072570801,0.696078431372549,0.8171091445427728,39.1018,,,,
0.5989,2.3148586750030518,0.0002,0.8695652173913043,200,,,,,,,,
,,,0.8695652173913043,200,0.5493317246437073,0.7230392156862745,0.8237129485179407,44.6917,,,,
0.5722,1.7251790761947632,0.00019761904761904763,0.9782608695652174,225,,,,,,,,
,,,0.9782608695652174,225,0.510490357875824,0.7745098039215687,0.8445945945945946,50.1883,,,,
0.5385,2.567884683609009,0.00019523809523809525,1.0869565217391304,250,,,,,,,,
,,,1.0869565217391304,250,0.5203502774238586,0.7352941176470589,0.8353658536585366,55.5276,,,,
0.4946,1.6875722408294678,0.00019285714285714286,1.1956521739130435,275,,,,,,,,
,,,1.1956521739130435,275,0.41874581575393677,0.7916666666666666,0.8585690515806987,61.0542,,,,
0.4778,1.9305998086929321,0.00019047619047619048,1.3043478260869565,300,,,,,,,,
,,,1.3043478260869565,300,0.4257131814956665,0.803921568627451,0.8671096345514949,66.5559,,,,
0.4365,5.579083442687988,0.0001880952380952381,1.4130434782608696,325,,,,,,,,
,,,1.4130434782608696,325,0.5209366083145142,0.7230392156862745,0.755939524838013,72.0966,,,,
0.4929,5.43997049331665,0.00018571428571428572,1.5217391304347827,350,,,,,,,,
,,,1.5217391304347827,350,0.38567760586738586,0.8284313725490197,0.8821548821548822,77.5972,,,,
0.4141,1.5420082807540894,0.00018333333333333334,1.6304347826086958,375,,,,,,,,
,,,1.6304347826086958,375,0.3484363853931427,0.8455882352941176,0.8877005347593583,83.1117,,,,
0.3418,4.532775402069092,0.00018095238095238095,1.7391304347826086,400,,,,,,,,
,,,1.7391304347826086,400,0.4073362946510315,0.8284313725490197,0.8784722222222222,88.5994,,,,
0.448,4.007079124450684,0.0001785714285714286,1.8478260869565217,425,,,,,,,,
,,,1.8478260869565217,425,0.32506340742111206,0.8504901960784313,0.8908765652951698,94.1526,,,,
0.4014,1.6462668180465698,0.0001761904761904762,1.9565217391304348,450,,,,,,,,
,,,1.9565217391304348,450,0.3313346207141876,0.8578431372549019,0.8986013986013986,99.7889,,,,
0.3745,3.4157636165618896,0.00017380952380952383,2.0652173913043477,475,,,,,,,,
,,,2.0652173913043477,475,0.45568379759788513,0.8259803921568627,0.8814691151919867,105.0767,,,,
0.3866,2.8327949047088623,0.00017142857142857143,2.1739130434782608,500,,,,,,,,
,,,2.1739130434782608,500,0.3225834369659424,0.8651960784313726,0.9001814882032667,110.6612,,,,
0.3546,2.49074387550354,0.00016904761904761904,2.282608695652174,525,,,,,,,,
,,,2.282608695652174,525,0.32423123717308044,0.8627450980392157,0.8970588235294118,116.3564,,,,
0.3051,1.805637001991272,0.0001666666666666667,2.391304347826087,550,,,,,,,,
,,,2.391304347826087,550,0.35991716384887695,0.8553921568627451,0.8948306595365418,121.934,,,,
0.4114,2.5366454124450684,0.00016428571428571428,2.5,575,,,,,,,,
,,,2.5,575,0.34967124462127686,0.8406862745098039,0.8892674616695059,127.446,,,,
0.3371,3.321629524230957,0.00016190476190476192,2.608695652173913,600,,,,,,,,
,,,2.608695652173913,600,0.3287064731121063,0.8578431372549019,0.8986013986013986,132.9899,,,,
0.3536,2.2326407432556152,0.00015952380952380954,2.717391304347826,625,,,,,,,,
,,,2.717391304347826,625,0.31022846698760986,0.8700980392156863,0.9068541300527241,138.5837,,,,
0.3999,4.000941276550293,0.00015714285714285716,2.8260869565217392,650,,,,,,,,
,,,2.8260869565217392,650,0.3042995035648346,0.8725490196078431,0.9087719298245615,144.1446,,,,
0.3254,4.856647491455078,0.00015476190476190478,2.9347826086956523,675,,,,,,,,
,,,2.9347826086956523,675,0.3153015673160553,0.8676470588235294,0.9032258064516129,149.7798,,,,
0.315,5.681853294372559,0.00015238095238095237,3.0434782608695654,700,,,,,,,,
,,,3.0434782608695654,700,0.3671363890171051,0.8455882352941176,0.8908145580589255,155.0719,,,,
0.3376,3.505645513534546,0.00015000000000000001,3.1521739130434785,725,,,,,,,,
,,,3.1521739130434785,725,0.4191235601902008,0.8406862745098039,0.8914858096828046,160.6883,,,,
0.3518,3.2085342407226562,0.00014761904761904763,3.260869565217391,750,,,,,,,,
,,,3.260869565217391,750,0.37820330262184143,0.8480392156862745,0.8952702702702703,166.2287,,,,
0.2914,4.368982791900635,0.00014523809523809525,3.369565217391304,775,,,,,,,,
,,,3.369565217391304,775,0.32675549387931824,0.8651960784313726,0.9033391915641477,171.6866,,,,
0.2957,5.8909220695495605,0.00014285714285714287,3.4782608695652173,800,,,,,,,,
,,,3.4782608695652173,800,0.3486972153186798,0.8676470588235294,0.9042553191489361,177.1905,,,,
0.3405,5.090627193450928,0.00014047619047619049,3.5869565217391304,825,,,,,,,,
,,,3.5869565217391304,825,0.31512773036956787,0.8700980392156863,0.9045045045045046,182.7488,,,,
0.3357,2.565337657928467,0.0001380952380952381,3.6956521739130435,850,,,,,,,,
,,,3.6956521739130435,850,0.303437739610672,0.8651960784313726,0.9023090586145649,188.4107,,,,
0.2878,8.869111061096191,0.00013571428571428572,3.8043478260869565,875,,,,,,,,
,,,3.8043478260869565,875,0.32136136293411255,0.8651960784313726,0.9029982363315697,193.9408,,,,
0.3128,5.841436386108398,0.00013333333333333334,3.9130434782608696,900,,,,,,,,
,,,3.9130434782608696,900,0.338311105966568,0.8651960784313726,0.9056603773584906,199.5949,,,,
0.3202,4.416905403137207,0.00013095238095238096,4.021739130434782,925,,,,,,,,
,,,4.021739130434782,925,0.3616984486579895,0.8504901960784313,0.8957264957264958,204.9717,,,,
0.2619,2.32307505607605,0.00012857142857142858,4.130434782608695,950,,,,,,,,
,,,4.130434782608695,950,0.3538629114627838,0.8651960784313726,0.9046793760831888,210.5867,,,,
0.346,6.573573112487793,0.0001261904761904762,4.239130434782608,975,,,,,,,,
,,,4.239130434782608,975,0.3182857632637024,0.8627450980392157,0.9027777777777778,215.9967,,,,
0.3042,2.978684902191162,0.0001238095238095238,4.3478260869565215,1000,,,,,,,,
,,,4.3478260869565215,1000,0.3268034756183624,0.8651960784313726,0.9043478260869565,221.4597,,,,
0.2884,4.682051658630371,0.00012142857142857143,4.456521739130435,1025,,,,,,,,
,,,4.456521739130435,1025,0.3228221833705902,0.8700980392156863,0.9038112522686026,227.3947,,,,
0.2735,5.8807373046875,0.00011904761904761905,4.565217391304348,1050,,,,,,,,
,,,4.565217391304348,1050,0.3357509672641754,0.8676470588235294,0.9045936395759717,232.9417,,,,
0.2475,1.4001405239105225,0.00011666666666666668,4.673913043478261,1075,,,,,,,,
,,,4.673913043478261,1075,0.337761253118515,0.8725490196078431,0.9061371841155236,238.496,,,,
0.2259,3.782426357269287,0.00011428571428571428,4.782608695652174,1100,,,,,,,,
,,,4.782608695652174,1100,0.36072278022766113,0.8725490196078431,0.907473309608541,243.9981,,,,
0.2927,5.902490615844727,0.00011190476190476191,4.891304347826087,1125,,,,,,,,
,,,4.891304347826087,1125,0.3073540925979614,0.875,0.906764168190128,249.6039,,,,
0.2594,0.048951007425785065,0.00010952380952380953,5.0,1150,,,,,,,,
,,,5.0,1150,0.32639336585998535,0.8700980392156863,0.9061946902654867,255.0997,,,,
0.2328,0.9356784224510193,0.00010714285714285715,5.108695652173913,1175,,,,,,,,
,,,5.108695652173913,1175,0.39650464057922363,0.8700980392156863,0.9103214890016922,260.607,,,,
0.297,4.551039218902588,0.00010476190476190477,5.217391304347826,1200,,,,,,,,
,,,5.217391304347826,1200,0.3258640766143799,0.8725490196078431,0.9087719298245615,266.1678,,,,
0.2281,2.1327805519104004,0.00010238095238095237,5.326086956521739,1225,,,,,,,,
,,,5.326086956521739,1225,0.3246883451938629,0.8676470588235294,0.9035714285714286,271.6859,,,,
0.3157,5.079441547393799,0.0001,5.434782608695652,1250,,,,,,,,
,,,5.434782608695652,1250,0.3319239616394043,0.8774509803921569,0.9090909090909091,277.2006,,,,
0.2413,6.09625768661499,9.761904761904762e-05,5.543478260869565,1275,,,,,,,,
,,,5.543478260869565,1275,0.34819260239601135,0.8725490196078431,0.9078014184397164,282.6652,,,,
0.2636,4.498083591461182,9.523809523809524e-05,5.6521739130434785,1300,,,,,,,,
,,,5.6521739130434785,1300,0.3563905656337738,0.875,0.9113043478260869,288.2675,,,,
0.2011,1.6309146881103516,9.285714285714286e-05,5.760869565217392,1325,,,,,,,,
,,,5.760869565217392,1325,0.36456984281539917,0.8823529411764706,0.916083916083916,293.849,,,,
0.3156,6.1460957527160645,9.047619047619048e-05,5.869565217391305,1350,,,,,,,,
,,,5.869565217391305,1350,0.33544501662254333,0.8725490196078431,0.9047619047619048,299.5133,,,,
0.283,1.5038400888442993,8.80952380952381e-05,5.978260869565218,1375,,,,,,,,
,,,5.978260869565218,1375,0.31764864921569824,0.8799019607843137,0.9135802469135803,305.1398,,,,
0.1786,4.220775127410889,8.571428571428571e-05,6.086956521739131,1400,,,,,,,,
,,,6.086956521739131,1400,0.47390472888946533,0.8529411764705882,0.9003322259136212,310.608,,,,
0.2548,2.0612471103668213,8.333333333333334e-05,6.195652173913044,1425,,,,,,,,
,,,6.195652173913044,1425,0.3441617488861084,0.8823529411764706,0.9148936170212766,316.3306,,,,
0.2749,4.628568649291992,8.095238095238096e-05,6.304347826086957,1450,,,,,,,,
,,,6.304347826086957,1450,0.34952762722969055,0.875,0.9053803339517625,321.7255,,,,
0.2584,3.0829803943634033,7.857142857142858e-05,6.413043478260869,1475,,,,,,,,
,,,6.413043478260869,1475,0.3494645059108734,0.8774509803921569,0.9137931034482758,327.321,,,,
0.2768,0.9104618430137634,7.619047619047618e-05,6.521739130434782,1500,,,,,,,,
,,,6.521739130434782,1500,0.32860949635505676,0.8676470588235294,0.9014598540145985,332.7981,,,,
0.1991,8.219331741333008,7.380952380952382e-05,6.630434782608695,1525,,,,,,,,
,,,6.630434782608695,1525,0.3707208037376404,0.8700980392156863,0.905861456483126,338.7714,,,,
0.2717,1.5422053337097168,7.142857142857143e-05,6.739130434782608,1550,,,,,,,,
,,,6.739130434782608,1550,0.34989047050476074,0.8676470588235294,0.9025270758122744,344.2294,,,,
0.2357,3.8267760276794434,6.904761904761905e-05,6.8478260869565215,1575,,,,,,,,
,,,6.8478260869565215,1575,0.3744124472141266,0.8700980392156863,0.9071803852889667,349.8106,,,,
0.2541,3.4733033180236816,6.666666666666667e-05,6.956521739130435,1600,,,,,,,,
,,,6.956521739130435,1600,0.34418606758117676,0.8725490196078431,0.907473309608541,355.3833,,,,
0.1982,5.347233772277832,6.428571428571429e-05,7.065217391304348,1625,,,,,,,,
,,,7.065217391304348,1625,0.3655555546283722,0.8725490196078431,0.907473309608541,360.7839,,,,
0.2313,3.3485708236694336,6.19047619047619e-05,7.173913043478261,1650,,,,,,,,
,,,7.173913043478261,1650,0.35848990082740784,0.8774509803921569,0.911032028469751,366.3128,,,,
0.2011,2.3902676105499268,5.9523809523809524e-05,7.282608695652174,1675,,,,,,,,
,,,7.282608695652174,1675,0.4070812165737152,0.8651960784313726,0.9066213921901529,371.8131,,,,
0.2485,5.7189202308654785,5.714285714285714e-05,7.391304347826087,1700,,,,,,,,
,,,7.391304347826087,1700,0.33963102102279663,0.8823529411764706,0.915492957746479,377.4983,,,,
0.2349,3.029660701751709,5.4761904761904766e-05,7.5,1725,,,,,,,,
,,,7.5,1725,0.3524821400642395,0.8700980392156863,0.9051878354203935,383.111,,,,
0.2421,2.002167224884033,5.2380952380952384e-05,7.608695652173913,1750,,,,,,,,
,,,7.608695652173913,1750,0.3338899314403534,0.8676470588235294,0.9039145907473309,388.7198,,,,
0.242,5.559926986694336,5e-05,7.717391304347826,1775,,,,,,,,
,,,7.717391304347826,1775,0.3522767424583435,0.8725490196078431,0.9094076655052264,394.2852,,,,
0.2304,2.8240275382995605,4.761904761904762e-05,7.826086956521739,1800,,,,,,,,
,,,7.826086956521739,1800,0.3486088812351227,0.8799019607843137,0.9126559714795008,399.7792,,,,
0.2349,2.6200621128082275,4.523809523809524e-05,7.934782608695652,1825,,,,,,,,
,,,7.934782608695652,1825,0.3306783437728882,0.875,0.9090909090909091,405.487,,,,
0.2508,2.9967434406280518,4.2857142857142856e-05,8.043478260869565,1850,,,,,,,,
,,,8.043478260869565,1850,0.3465491235256195,0.8823529411764706,0.9157894736842105,410.9137,,,,
0.1897,1.698915958404541,4.047619047619048e-05,8.152173913043478,1875,,,,,,,,
,,,8.152173913043478,1875,0.3453810214996338,0.8823529411764706,0.9139784946236559,416.5134,,,,
0.1777,0.08520139753818512,3.809523809523809e-05,8.26086956521739,1900,,,,,,,,
,,,8.26086956521739,1900,0.36721372604370117,0.8799019607843137,0.9129662522202486,422.0574,,,,
0.1974,2.9108388423919678,3.571428571428572e-05,8.369565217391305,1925,,,,,,,,
,,,8.369565217391305,1925,0.34642788767814636,0.875,0.9087656529516995,427.7326,,,,
0.2097,5.762301921844482,3.3333333333333335e-05,8.478260869565217,1950,,,,,,,,
,,,8.478260869565217,1950,0.3698672354221344,0.8774509803921569,0.9128919860627178,433.3419,,,,
0.1872,7.1957902908325195,3.095238095238095e-05,8.58695652173913,1975,,,,,,,,
,,,8.58695652173913,1975,0.37956324219703674,0.8725490196078431,0.9097222222222222,438.8404,,,,
0.2074,2.981484889984131,2.857142857142857e-05,8.695652173913043,2000,,,,,,,,
,,,8.695652173913043,2000,0.3681509494781494,0.875,0.9106830122591945,444.3163,,,,
0.2018,4.833314895629883,2.6190476190476192e-05,8.804347826086957,2025,,,,,,,,
,,,8.804347826086957,2025,0.36249056458473206,0.8774509803921569,0.9119718309859154,450.0703,,,,
0.2574,8.189667701721191,2.380952380952381e-05,8.91304347826087,2050,,,,,,,,
,,,8.91304347826087,2050,0.35525235533714294,0.8799019607843137,0.913884007029877,455.6915,,,,
0.2729,3.0265939235687256,2.1428571428571428e-05,9.021739130434783,2075,,,,,,,,
,,,9.021739130434783,2075,0.3673139810562134,0.8700980392156863,0.9078260869565218,461.0588,,,,
0.1468,1.639643669128418,1.9047619047619046e-05,9.130434782608695,2100,,,,,,,,
,,,9.130434782608695,2100,0.34590327739715576,0.8823529411764706,0.9145907473309609,466.6653,,,,
0.1897,2.965879201889038,1.6666666666666667e-05,9.23913043478261,2125,,,,,,,,
,,,9.23913043478261,2125,0.3623097836971283,0.875,0.9097345132743363,472.149,,,,
0.2352,2.4316775798797607,1.4285714285714285e-05,9.347826086956522,2150,,,,,,,,
,,,9.347826086956522,2150,0.3598056435585022,0.8774509803921569,0.9119718309859154,477.6706,,,,
0.1841,1.8691667318344116,1.1904761904761905e-05,9.456521739130435,2175,,,,,,,,
,,,9.456521739130435,2175,0.36315521597862244,0.8799019607843137,0.913884007029877,483.2097,,,,
0.1792,3.9719338417053223,9.523809523809523e-06,9.565217391304348,2200,,,,,,,,
,,,9.565217391304348,2200,0.38013869524002075,0.875,0.9109947643979057,488.7723,,,,
0.2391,5.852633953094482,7.142857142857143e-06,9.673913043478262,2225,,,,,,,,
,,,9.673913043478262,2225,0.3638087213039398,0.8799019607843137,0.913884007029877,494.3642,,,,
0.2302,3.076972007751465,4.7619047619047615e-06,9.782608695652174,2250,,,,,,,,
,,,9.782608695652174,2250,0.3636667728424072,0.8799019607843137,0.913884007029877,499.8879,,,,
0.205,8.407755851745605,2.3809523809523808e-06,9.891304347826086,2275,,,,,,,,
,,,9.891304347826086,2275,0.36249884963035583,0.8799019607843137,0.913884007029877,505.5645,,,,
0.1892,20.45383071899414,0.0,10.0,2300,,,,,,,,
,,,10.0,2300,0.360286682844162,0.8774509803921569,0.9119718309859154,511.0282,,,,
,,,10.0,2300,,,,510.6276,71.833,4.504,1460977291679136.0,0.3181072604397069
