loss,grad_norm,learning_rate,epoch,step,eval_loss,eval_accuracy,eval_f1,train_runtime,train_samples_per_second,train_steps_per_second,total_flos,train_loss
0.6801,0.5721365213394165,2.5e-06,0.004347826086956522,1,,,,,,,,
0.7133,0.8260826468467712,6.25e-05,0.10869565217391304,25,,,,,,,,
,,,0.10869565217391304,25,0.6586915850639343,0.6838235294117647,0.8122270742358079,6.1007,,,,
0.6627,1.4601562023162842,0.000125,0.21739130434782608,50,,,,,,,,
,,,0.21739130434782608,50,0.6247755289077759,0.6838235294117647,0.8122270742358079,11.9355,,,,
0.6384,2.6911561489105225,0.0001875,0.32608695652173914,75,,,,,,,,
,,,0.32608695652173914,75,0.6222831606864929,0.6838235294117647,0.8122270742358079,17.9158,,,,
0.6395,0.656970202922821,0.00025,0.43478260869565216,100,,,,,,,,
,,,0.43478260869565216,100,0.617325484752655,0.6838235294117647,0.8122270742358079,23.8717,,,,
0.6024,1.1339612007141113,0.0003125,0.5434782608695652,125,,,,,,,,
,,,0.5434782608695652,125,0.6113829016685486,0.6838235294117647,0.8122270742358079,29.9385,,,,
0.6332,3.5373034477233887,0.000375,0.6521739130434783,150,,,,,,,,
,,,0.6521739130434783,150,0.5942952036857605,0.7058823529411765,0.8214285714285715,36.0956,,,,
0.5913,2.0970914363861084,0.0004375,0.7608695652173914,175,,,,,,,,
,,,0.7608695652173914,175,0.5378109216690063,0.7254901960784313,0.8244514106583073,42.3784,,,,
0.5714,3.5133726596832275,0.0005,0.8695652173913043,200,,,,,,,,
,,,0.8695652173913043,200,0.5136374831199646,0.7352941176470589,0.8252427184466019,49.6395,,,,
0.5778,2.2506344318389893,0.0004940476190476191,0.9782608695652174,225,,,,,,,,
,,,0.9782608695652174,225,0.49381008744239807,0.7671568627450981,0.8424543946932007,55.7318,,,,
0.5755,1.8848977088928223,0.0004880952380952381,1.0869565217391304,250,,,,,,,,
,,,1.0869565217391304,250,0.5089972615242004,0.7205882352941176,0.8267477203647416,61.4545,,,,
0.524,2.564890146255493,0.00048214285714285715,1.1956521739130435,275,,,,,,,,
,,,1.1956521739130435,275,0.5271312594413757,0.7475490196078431,0.8398133748055987,67.2789,,,,
0.5083,3.3675272464752197,0.0004761904761904762,1.3043478260869565,300,,,,,,,,
,,,1.3043478260869565,300,0.42753463983535767,0.7867647058823529,0.8492201039861352,73.07,,,,
0.4539,3.70709490776062,0.00047023809523809523,1.4130434782608696,325,,,,,,,,
,,,1.4130434782608696,325,0.4348903000354767,0.7965686274509803,0.8431001890359168,78.8675,,,,
0.5034,10.27486515045166,0.00046428571428571433,1.5217391304347827,350,,,,,,,,
,,,1.5217391304347827,350,0.4414363205432892,0.7818627450980392,0.8557536466774717,84.6273,,,,
0.4545,2.381396770477295,0.0004583333333333333,1.6304347826086958,375,,,,,,,,
,,,1.6304347826086958,375,0.39522117376327515,0.8112745098039216,0.863716814159292,90.4676,,,,
0.4207,3.927788019180298,0.00045238095238095237,1.7391304347826086,400,,,,,,,,
,,,1.7391304347826086,400,0.38363006711006165,0.821078431372549,0.8785357737104825,96.5682,,,,
0.4553,7.0700788497924805,0.00044642857142857147,1.8478260869565217,425,,,,,,,,
,,,1.8478260869565217,425,0.36607053875923157,0.8308823529411765,0.8824531516183987,102.5938,,,,
0.4464,2.3220951557159424,0.00044047619047619046,1.9565217391304348,450,,,,,,,,
,,,1.9565217391304348,450,0.34261173009872437,0.8431372549019608,0.8900343642611684,108.5685,,,,
0.4369,2.8812198638916016,0.00043452380952380956,2.0652173913043477,475,,,,,,,,
,,,2.0652173913043477,475,0.4114058315753937,0.8137254901960784,0.8778135048231511,114.2836,,,,
0.4173,3.688795804977417,0.00042857142857142855,2.1739130434782608,500,,,,,,,,
,,,2.1739130434782608,500,0.32709091901779175,0.8578431372549019,0.8982456140350877,120.4241,,,,
0.3923,7.305377960205078,0.00042261904761904765,2.282608695652174,525,,,,,,,,
,,,2.282608695652174,525,0.32817062735557556,0.8651960784313726,0.9005424954792043,126.4062,,,,
0.3466,2.4268484115600586,0.0004166666666666667,2.391304347826087,550,,,,,,,,
,,,2.391304347826087,550,0.32847827672958374,0.8627450980392157,0.8989169675090252,132.3789,,,,
0.4404,2.4612832069396973,0.0004107142857142857,2.5,575,,,,,,,,
,,,2.5,575,0.3270834982395172,0.8651960784313726,0.9033391915641477,138.3239,,,,
0.3404,8.370477676391602,0.0004047619047619048,2.608695652173913,600,,,,,,,,
,,,2.608695652173913,600,0.3291010856628418,0.8578431372549019,0.8933823529411764,144.4047,,,,
0.3935,2.836547613143921,0.00039880952380952383,2.717391304347826,625,,,,,,,,
,,,2.717391304347826,625,0.34660324454307556,0.8553921568627451,0.9001692047377327,150.4463,,,,
0.4102,10.788300514221191,0.0003928571428571429,2.8260869565217392,650,,,,,,,,
,,,2.8260869565217392,650,0.32727912068367004,0.8578431372549019,0.8993055555555555,156.5347,,,,
0.347,8.487317085266113,0.0003869047619047619,2.9347826086956523,675,,,,,,,,
,,,2.9347826086956523,675,0.3463665544986725,0.8627450980392157,0.903448275862069,162.4546,,,,
0.3574,6.043069362640381,0.00038095238095238096,3.0434782608695654,700,,,,,,,,
,,,3.0434782608695654,700,0.34501761198043823,0.8627450980392157,0.903114186851211,168.1254,,,,
0.3717,6.072605133056641,0.000375,3.1521739130434785,725,,,,,,,,
,,,3.1521739130434785,725,0.5006045699119568,0.8137254901960784,0.8782051282051283,173.9978,,,,
0.3566,4.944336414337158,0.00036904761904761905,3.260869565217391,750,,,,,,,,
,,,3.260869565217391,750,0.38695263862609863,0.8578431372549019,0.901023890784983,179.8898,,,,
0.3211,16.97823143005371,0.0003630952380952381,3.369565217391304,775,,,,,,,,
,,,3.369565217391304,775,0.319416344165802,0.8602941176470589,0.8998242530755711,185.7328,,,,
0.3647,2.1920132637023926,0.00035714285714285714,3.4782608695652173,800,,,,,,,,
,,,3.4782608695652173,800,0.31151261925697327,0.8725490196078431,0.9057971014492753,191.53,,,,
0.4013,6.276051044464111,0.0003511904761904762,3.5869565217391304,825,,,,,,,,
,,,3.5869565217391304,825,0.3040807247161865,0.875,0.9087656529516995,197.6631,,,,
0.3599,3.737337589263916,0.00034523809523809523,3.6956521739130435,850,,,,,,,,
,,,3.6956521739130435,850,0.3135824501514435,0.8627450980392157,0.9020979020979022,203.7485,,,,
0.3136,10.664082527160645,0.00033928571428571433,3.8043478260869565,875,,,,,,,,
,,,3.8043478260869565,875,0.32016417384147644,0.8602941176470589,0.9008695652173914,209.8151,,,,
0.3462,6.024078845977783,0.0003333333333333333,3.9130434782608696,900,,,,,,,,
,,,3.9130434782608696,900,0.3853670060634613,0.8553921568627451,0.9008403361344538,215.7107,,,,
0.3655,10.952093124389648,0.00032738095238095237,4.021739130434782,925,,,,,,,,
,,,4.021739130434782,925,0.386921763420105,0.8553921568627451,0.9008403361344538,221.6507,,,,
0.3043,2.503432035446167,0.00032142857142857147,4.130434782608695,950,,,,,,,,
,,,4.130434782608695,950,0.3545561730861664,0.8504901960784313,0.8974789915966387,227.5597,,,,
0.362,4.306636333465576,0.00031547619047619046,4.239130434782608,975,,,,,,,,
,,,4.239130434782608,975,0.3249076008796692,0.8529411764705882,0.8958333333333334,233.321,,,,
0.3649,2.6913366317749023,0.00030952380952380956,4.3478260869565215,1000,,,,,,,,
,,,4.3478260869565215,1000,0.34192726016044617,0.8357843137254902,0.8858603066439524,239.2442,,,,
0.3417,7.49586296081543,0.00030357142857142855,4.456521739130435,1025,,,,,,,,
,,,4.456521739130435,1025,0.31200700998306274,0.8651960784313726,0.9009009009009009,245.3601,,,,
0.2843,11.918930053710938,0.00029761904761904765,4.565217391304348,1050,,,,,,,,
,,,4.565217391304348,1050,0.36491772532463074,0.8651960784313726,0.9053356282271946,251.364,,,,
0.3189,1.1057205200195312,0.0002916666666666667,4.673913043478261,1075,,,,,,,,
,,,4.673913043478261,1075,0.321411669254303,0.8700980392156863,0.9041591320072333,257.2041,,,,
0.2688,5.571095943450928,0.0002857142857142857,4.782608695652174,1100,,,,,,,,
,,,4.782608695652174,1100,0.352216899394989,0.8676470588235294,0.90625,263.1755,,,,
0.3083,6.712205410003662,0.0002797619047619048,4.891304347826087,1125,,,,,,,,
,,,4.891304347826087,1125,0.3115662634372711,0.8700980392156863,0.9055258467023173,269.0714,,,,
0.2884,0.23769345879554749,0.0002738095238095238,5.0,1150,,,,,,,,
,,,5.0,1150,0.3205324113368988,0.8602941176470589,0.8972972972972973,275.1207,,,,
0.277,2.250229597091675,0.00026785714285714287,5.108695652173913,1175,,,,,,,,
,,,5.108695652173913,1175,0.3680236339569092,0.8676470588235294,0.9078498293515359,280.9594,,,,
0.3003,6.520063877105713,0.0002619047619047619,5.217391304347826,1200,,,,,,,,
,,,5.217391304347826,1200,0.314679354429245,0.8700980392156863,0.9078260869565218,286.9237,,,,
0.2626,4.75625467300415,0.00025595238095238096,5.326086956521739,1225,,,,,,,,
,,,5.326086956521739,1225,0.3186357617378235,0.8700980392156863,0.9045045045045046,292.8527,,,,
0.36,5.010843276977539,0.00025,5.434782608695652,1250,,,,,,,,
,,,5.434782608695652,1250,0.32353800535202026,0.8823529411764706,0.9136690647482014,298.6981,,,,
0.2399,9.684569358825684,0.00024404761904761905,5.543478260869565,1275,,,,,,,,
,,,5.543478260869565,1275,0.3272950351238251,0.8774509803921569,0.9113475177304964,304.6305,,,,
0.2707,4.278598308563232,0.0002380952380952381,5.6521739130434785,1300,,,,,,,,
,,,5.6521739130434785,1300,0.36483779549598694,0.8651960784313726,0.9053356282271946,310.5248,,,,
0.2588,5.4014363288879395,0.00023214285714285717,5.760869565217392,1325,,,,,,,,
,,,5.760869565217392,1325,0.3493421673774719,0.8774509803921569,0.9128919860627178,316.5961,,,,
0.3264,10.875862121582031,0.00022619047619047618,5.869565217391305,1350,,,,,,,,
,,,5.869565217391305,1350,0.31557756662368774,0.875,0.9094138543516875,322.5681,,,,
0.3192,1.918860912322998,0.00022023809523809523,5.978260869565218,1375,,,,,,,,
,,,5.978260869565218,1375,0.29827290773391724,0.8799019607843137,0.9120287253141832,329.3933,,,,
0.198,16.72174072265625,0.00021428571428571427,6.086956521739131,1400,,,,,,,,
,,,6.086956521739131,1400,0.4852895140647888,0.8455882352941176,0.896551724137931,335.144,,,,
0.3173,2.0592360496520996,0.00020833333333333335,6.195652173913044,1425,,,,,,,,
,,,6.195652173913044,1425,0.33744198083877563,0.8774509803921569,0.911032028469751,341.2653,,,,
0.2823,6.392486572265625,0.0002023809523809524,6.304347826086957,1450,,,,,,,,
,,,6.304347826086957,1450,0.34678712487220764,0.8700980392156863,0.9031078610603291,347.0464,,,,
0.3058,2.6854605674743652,0.00019642857142857144,6.413043478260869,1475,,,,,,,,
,,,6.413043478260869,1475,0.33628425002098083,0.8700980392156863,0.9081455805892548,352.9725,,,,
0.3086,2.7849695682525635,0.00019047619047619048,6.521739130434782,1500,,,,,,,,
,,,6.521739130434782,1500,0.3362557888031006,0.8848039215686274,0.9156193895870736,358.879,,,,
0.2395,12.521646499633789,0.00018452380952380953,6.630434782608695,1525,,,,,,,,
,,,6.630434782608695,1525,0.3645038902759552,0.8700980392156863,0.9075043630017452,365.1637,,,,
0.3067,3.1835145950317383,0.00017857142857142857,6.739130434782608,1550,,,,,,,,
,,,6.739130434782608,1550,0.33552086353302,0.8823529411764706,0.9124087591240876,371.0957,,,,
0.2523,6.441929340362549,0.00017261904761904762,6.8478260869565215,1575,,,,,,,,
,,,6.8478260869565215,1575,0.3459787666797638,0.8700980392156863,0.9051878354203935,377.0267,,,,
0.2971,3.6785380840301514,0.00016666666666666666,6.956521739130435,1600,,,,,,,,
,,,6.956521739130435,1600,0.3436867296695709,0.8700980392156863,0.9048473967684021,383.1017,,,,
0.2024,5.627803325653076,0.00016071428571428573,7.065217391304348,1625,,,,,,,,
,,,7.065217391304348,1625,0.34720367193222046,0.8676470588235294,0.9039145907473309,388.8506,,,,
0.2765,6.957655906677246,0.00015476190476190478,7.173913043478261,1650,,,,,,,,
,,,7.173913043478261,1650,0.3460269868373871,0.8627450980392157,0.9017543859649123,394.7826,,,,
0.2578,4.31832218170166,0.00014880952380952382,7.282608695652174,1675,,,,,,,,
,,,7.282608695652174,1675,0.32364141941070557,0.8799019607843137,0.9144851657940662,400.6581,,,,
0.2566,5.569631576538086,0.00014285714285714284,7.391304347826087,1700,,,,,,,,
,,,7.391304347826087,1700,0.3150557279586792,0.8799019607843137,0.9135802469135803,406.6516,,,,
0.256,3.376944065093994,0.0001369047619047619,7.5,1725,,,,,,,,
,,,7.5,1725,0.3236018419265747,0.8774509803921569,0.911032028469751,412.6685,,,,
0.2886,1.9108824729919434,0.00013095238095238096,7.608695652173913,1750,,,,,,,,
,,,7.608695652173913,1750,0.31083470582962036,0.8799019607843137,0.9129662522202486,418.5967,,,,
0.2829,10.130867004394531,0.000125,7.717391304347826,1775,,,,,,,,
,,,7.717391304347826,1775,0.3344974219799042,0.8774509803921569,0.9128919860627178,424.6114,,,,
0.2678,4.8498148918151855,0.00011904761904761905,7.826086956521739,1800,,,,,,,,
,,,7.826086956521739,1800,0.32375410199165344,0.8774509803921569,0.9119718309859154,430.4681,,,,
0.2404,3.2382559776306152,0.00011309523809523809,7.934782608695652,1825,,,,,,,,
,,,7.934782608695652,1825,0.31293928623199463,0.8774509803921569,0.9113475177304964,436.6413,,,,
0.341,4.496049404144287,0.00010714285714285714,8.043478260869565,1850,,,,,,,,
,,,8.043478260869565,1850,0.3209537863731384,0.8823529411764706,0.9163763066202091,442.3909,,,,
0.264,8.679439544677734,0.0001011904761904762,8.152173913043478,1875,,,,,,,,
,,,8.152173913043478,1875,0.314997136592865,0.8799019607843137,0.9129662522202486,448.347,,,,
0.233,1.3772104978561401,9.523809523809524e-05,8.26086956521739,1900,,,,,,,,
,,,8.26086956521739,1900,0.33307790756225586,0.8799019607843137,0.9141856392294221,454.2186,,,,
0.2129,2.993323802947998,8.928571428571429e-05,8.369565217391305,1925,,,,,,,,
,,,8.369565217391305,1925,0.32673966884613037,0.8848039215686274,0.9159212880143113,460.1755,,,,
0.2342,8.608087539672852,8.333333333333333e-05,8.478260869565217,1950,,,,,,,,
,,,8.478260869565217,1950,0.3370368778705597,0.8823529411764706,0.916083916083916,466.1627,,,,
0.2618,10.626209259033203,7.738095238095239e-05,8.58695652173913,1975,,,,,,,,
,,,8.58695652173913,1975,0.34973257780075073,0.8774509803921569,0.9140893470790378,472.0054,,,,
0.2612,5.52584981918335,7.142857142857142e-05,8.695652173913043,2000,,,,,,,,
,,,8.695652173913043,2000,0.3220118284225464,0.8774509803921569,0.9116607773851589,477.9348,,,,
0.2347,7.229282855987549,6.547619047619048e-05,8.804347826086957,2025,,,,,,,,
,,,8.804347826086957,2025,0.3238200843334198,0.8823529411764706,0.9148936170212766,483.9825,,,,
0.2622,6.6732072830200195,5.9523809523809524e-05,8.91304347826087,2050,,,,,,,,
,,,8.91304347826087,2050,0.32823383808135986,0.8823529411764706,0.9148936170212766,490.0418,,,,
0.2915,3.0991134643554688,5.357142857142857e-05,9.021739130434783,2075,,,,,,,,
,,,9.021739130434783,2075,0.32984474301338196,0.8872549019607843,0.9195804195804195,495.8111,,,,
0.201,2.1166563034057617,4.761904761904762e-05,9.130434782608695,2100,,,,,,,,
,,,9.130434782608695,2100,0.3245304226875305,0.8872549019607843,0.9175627240143369,501.8146,,,,
0.2398,7.6548051834106445,4.1666666666666665e-05,9.23913043478261,2125,,,,,,,,
,,,9.23913043478261,2125,0.3330410122871399,0.8848039215686274,0.9173989455184535,507.728,,,,
0.2786,3.7879676818847656,3.571428571428571e-05,9.347826086956522,2150,,,,,,,,
,,,9.347826086956522,2150,0.3345232307910919,0.8872549019607843,0.9195804195804195,513.6835,,,,
0.2202,4.7562785148620605,2.9761904761904762e-05,9.456521739130435,2175,,,,,,,,
,,,9.456521739130435,2175,0.3356190621852875,0.8848039215686274,0.917975567190227,519.6254,,,,
0.2379,3.3570544719696045,2.380952380952381e-05,9.565217391304348,2200,,,,,,,,
,,,9.565217391304348,2200,0.3516039252281189,0.875,0.9122203098106711,525.5007,,,,
0.2936,8.64132308959961,1.7857142857142855e-05,9.673913043478262,2225,,,,,,,,
,,,9.673913043478262,2225,0.3360236585140228,0.8848039215686274,0.917975567190227,531.3894,,,,
0.2476,3.514690399169922,1.1904761904761905e-05,9.782608695652174,2250,,,,,,,,
,,,9.782608695652174,2250,0.33443042635917664,0.8848039215686274,0.917975567190227,537.2329,,,,
0.2241,8.666533470153809,5.9523809523809525e-06,9.891304347826086,2275,,,,,,,,
,,,9.891304347826086,2275,0.3344440162181854,0.8848039215686274,0.917975567190227,543.2128,,,,
0.2048,8.242215156555176,0.0,10.0,2300,,,,,,,,
,,,10.0,2300,0.3335254192352295,0.8872549019607843,0.9195804195804195,549.0126,,,,
,,,10.0,2300,,,,548.6095,66.86,4.192,1451673350395296.0,0.3488055532134098
