loss,grad_norm,learning_rate,epoch,step,eval_loss,eval_accuracy,eval_f1,train_runtime,train_samples_per_second,train_steps_per_second,total_flos,train_loss
1.1838,4.285031795501709,1e-05,0.0625,1,,,,,,,,
1.1015,3.528268814086914,0.0001,0.625,10,,,,,,,,
,,,0.625,10,1.0556647777557373,0.4107142857142857,0.1940928270042194,4.5307,,,,
0.9668,3.2507152557373047,0.0002,1.25,20,,,,,,,,
,,,1.25,20,0.9419171214103699,0.4107142857142857,0.1940928270042194,8.7166,,,,
0.8887,2.2707035541534424,0.0003,1.875,30,,,,,,,,
,,,1.875,30,0.9022330045700073,0.5,0.24617886178861784,12.7829,,,,
0.9538,1.2344826459884644,0.0004,2.5,40,,,,,,,,
,,,2.5,40,0.8889973759651184,0.6428571428571429,0.4250614250614251,16.8452,,,,
0.8141,2.330834150314331,0.0005,3.125,50,,,,,,,,
,,,3.125,50,0.8557852506637573,0.6964285714285714,0.4872514619883041,20.9365,,,,
0.8491,1.4998046159744263,0.00048148148148148144,3.75,60,,,,,,,,
,,,3.75,60,0.7804819345474243,0.6964285714285714,0.4872881355932203,25.1088,,,,
0.7204,2.9192168712615967,0.000462962962962963,4.375,70,,,,,,,,
,,,4.375,70,0.7315141558647156,0.6785714285714286,0.47391812865497074,29.0702,,,,
0.6915,4.149974346160889,0.0004444444444444444,5.0,80,,,,,,,,
,,,5.0,80,0.7296360731124878,0.6785714285714286,0.47478301665493783,33.1432,,,,
0.5941,2.1054749488830566,0.00042592592592592595,5.625,90,,,,,,,,
,,,5.625,90,0.6862258315086365,0.7321428571428571,0.5122356854359705,37.6064,,,,
0.5771,2.838848114013672,0.0004074074074074074,6.25,100,,,,,,,,
,,,6.25,100,0.628145694732666,0.7321428571428571,0.5122356854359705,41.6173,,,,
0.4442,3.1624746322631836,0.0003888888888888889,6.875,110,,,,,,,,
,,,6.875,110,0.5564651489257812,0.75,0.5249824067558058,45.6723,,,,
0.3757,6.226970195770264,0.00037037037037037035,7.5,120,,,,,,,,
,,,7.5,120,0.4605068862438202,0.8214285714285714,0.5751817968566738,49.4377,,,,
0.2749,6.919563293457031,0.0003518518518518519,8.125,130,,,,,,,,
,,,8.125,130,0.4198944866657257,0.8214285714285714,0.5758661887694146,53.7514,,,,
0.188,2.1187572479248047,0.0003333333333333333,8.75,140,,,,,,,,
,,,8.75,140,0.3679228127002716,0.8035714285714286,0.5613912231559289,58.3102,,,,
0.2116,2.594503164291382,0.0003148148148148148,9.375,150,,,,,,,,
,,,9.375,150,0.3133907914161682,0.875,0.7155172413793104,62.4711,,,,
0.1027,1.692035436630249,0.0002962962962962963,10.0,160,,,,,,,,
,,,10.0,160,0.3281497061252594,0.875,0.6120567375886524,66.6087,,,,
0.0534,1.4703491926193237,0.0002777777777777778,10.625,170,,,,,,,,
,,,10.625,170,0.46954813599586487,0.8571428571428571,0.5993408662900189,71.1161,,,,
0.1783,4.492264747619629,0.00025925925925925926,11.25,180,,,,,,,,
,,,11.25,180,0.36079496145248413,0.8928571428571429,0.7194308423816619,75.213,,,,
0.0669,0.208343505859375,0.00024074074074074072,11.875,190,,,,,,,,
,,,11.875,190,0.21085287630558014,0.9107142857142857,0.8128777556510499,79.7158,,,,
0.0634,3.479903221130371,0.0002222222222222222,12.5,200,,,,,,,,
,,,12.5,200,0.2819989025592804,0.8571428571428571,0.5990643274853801,83.7528,,,,
0.0306,0.32123106718063354,0.0002037037037037037,13.125,210,,,,,,,,
,,,13.125,210,0.32355421781539917,0.875,0.7063908834351444,87.8617,,,,
0.0491,2.2469708919525146,0.00018518518518518518,13.75,220,,,,,,,,
,,,13.75,220,0.28805333375930786,0.875,0.7063908834351444,92.4967,,,,
0.0163,0.23650822043418884,0.00016666666666666666,14.375,230,,,,,,,,
,,,14.375,230,0.2597385048866272,0.875,0.7063908834351444,96.9558,,,,
0.0389,1.3912993669509888,0.00014814814814814815,15.0,240,,,,,,,,
,,,15.0,240,0.18969574570655823,0.9285714285714286,0.877846211272863,101.0327,,,,
0.0167,0.22106367349624634,0.00012962962962962963,15.625,250,,,,,,,,
,,,15.625,250,0.17821407318115234,0.9285714285714286,0.877846211272863,105.2901,,,,
0.0256,0.9258337616920471,0.0001111111111111111,16.25,260,,,,,,,,
,,,16.25,260,0.19506867229938507,0.9642857142857143,0.9440613026819924,109.6571,,,,
0.0166,0.7628833055496216,9.259259259259259e-05,16.875,270,,,,,,,,
,,,16.875,270,0.2189955860376358,0.9464285714285714,0.9308622952690748,113.9796,,,,
0.0171,0.16207557916641235,7.407407407407407e-05,17.5,280,,,,,,,,
,,,17.5,280,0.18709798157215118,0.9285714285714286,0.8774952919020715,118.4967,,,,
0.0225,6.508778095245361,5.555555555555555e-05,18.125,290,,,,,,,,
,,,18.125,290,0.17897453904151917,0.9285714285714286,0.8774952919020715,122.6332,,,,
0.0067,0.19454063475131989,3.7037037037037037e-05,18.75,300,,,,,,,,
,,,18.75,300,0.20584848523139954,0.9285714285714286,0.8774952919020715,127.2292,,,,
0.0141,2.1210508346557617,1.8518518518518518e-05,19.375,310,,,,,,,,
,,,19.375,310,0.19979514181613922,0.9285714285714286,0.8774952919020715,131.082,,,,
0.0069,0.40906044840812683,0.0,20.0,320,,,,,,,,
,,,20.0,320,0.19547857344150543,0.9285714285714286,0.8774952919020715,135.4729,,,,
,,,20.0,320,,,,135.0171,37.032,2.37,450126133093440.0,0.3245502326870337
