loss,grad_norm,learning_rate,epoch,step,eval_loss,eval_accuracy,eval_f1,train_runtime,train_samples_per_second,train_steps_per_second,total_flos,train_loss
1.8127,0.8248392343521118,1e-05,0.004347826086956522,1,,,,,,,,
1.7288,1.8892176151275635,0.00025,0.10869565217391304,25,,,,,,,,
,,,0.10869565217391304,25,1.5899221897125244,0.6838235294117647,0.8122270742358079,8.405,,,,
1.4733,1.3073874711990356,0.0005,0.21739130434782608,50,,,,,,,,
,,,0.21739130434782608,50,1.0825862884521484,0.6838235294117647,0.8122270742358079,16.6652,,,,
0.8323,0.9407289028167725,0.00075,0.32608695652173914,75,,,,,,,,
,,,0.32608695652173914,75,0.6991019248962402,0.6838235294117647,0.8122270742358079,24.8208,,,,
0.7478,1.9035282135009766,0.001,0.43478260869565216,100,,,,,,,,
,,,0.43478260869565216,100,0.6618086099624634,0.6838235294117647,0.8122270742358079,32.8611,,,,
0.6679,1.3714840412139893,0.00125,0.5434782608695652,125,,,,,,,,
,,,0.5434782608695652,125,0.6266282796859741,0.6838235294117647,0.8122270742358079,41.2375,,,,
0.6343,1.503598928451538,0.0015,0.6521739130434783,150,,,,,,,,
,,,0.6521739130434783,150,0.6090397834777832,0.696078431372549,0.8160237388724035,49.1953,,,,
0.6669,1.539834976196289,0.00175,0.7608695652173914,175,,,,,,,,
,,,0.7608695652173914,175,0.5929281711578369,0.7009803921568627,0.8195266272189349,57.6741,,,,
0.6162,1.3367427587509155,0.002,0.8695652173913043,200,,,,,,,,
,,,0.8695652173913043,200,0.7383331656455994,0.7156862745098039,0.8268656716417911,65.9498,,,,
0.6427,4.070868492126465,0.0019761904761904764,0.9782608695652174,225,,,,,,,,
,,,0.9782608695652174,225,0.5543957352638245,0.7769607843137255,0.8115942028985506,73.9775,,,,
0.624,1.492713451385498,0.0019523809523809524,1.0869565217391304,250,,,,,,,,
,,,1.0869565217391304,250,0.47209638357162476,0.7843137254901961,0.858974358974359,82.1312,,,,
0.5364,1.3582772016525269,0.0019285714285714286,1.1956521739130435,275,,,,,,,,
,,,1.1956521739130435,275,0.4748392403125763,0.7818627450980392,0.8598425196850394,90.1976,,,,
0.5468,0.7672238349914551,0.0019047619047619048,1.3043478260869565,300,,,,,,,,
,,,1.3043478260869565,300,0.4438145160675049,0.8137254901960784,0.875,98.474,,,,
0.5708,1.3822484016418457,0.001880952380952381,1.4130434782608696,325,,,,,,,,
,,,1.4130434782608696,325,0.555102527141571,0.7598039215686274,0.7991803278688525,106.7755,,,,
0.5273,1.484427571296692,0.0018571428571428573,1.5217391304347827,350,,,,,,,,
,,,1.5217391304347827,350,0.3610292971134186,0.8627450980392157,0.8978102189781021,114.8422,,,,
0.487,0.9438349008560181,0.0018333333333333333,1.6304347826086958,375,,,,,,,,
,,,1.6304347826086958,375,0.3758884072303772,0.8529411764705882,0.8920863309352518,123.0619,,,,
0.4247,0.7159079313278198,0.0018095238095238095,1.7391304347826086,400,,,,,,,,
,,,1.7391304347826086,400,0.3949095904827118,0.8578431372549019,0.8999999999999999,131.2372,,,,
0.5106,2.8728697299957275,0.0017857142857142859,1.8478260869565217,425,,,,,,,,
,,,1.8478260869565217,425,0.3760950565338135,0.8725490196078431,0.9100346020761245,139.332,,,,
0.5121,3.0769519805908203,0.0017619047619047618,1.9565217391304348,450,,,,,,,,
,,,1.9565217391304348,450,0.36744368076324463,0.8651960784313726,0.9056603773584906,147.7524,,,,
0.4094,0.6596781611442566,0.0017380952380952382,2.0652173913043477,475,,,,,,,,
,,,2.0652173913043477,475,0.4296363890171051,0.8480392156862745,0.8966666666666667,155.6094,,,,
0.4526,1.8487359285354614,0.0017142857142857142,2.1739130434782608,500,,,,,,,,
,,,2.1739130434782608,500,0.3674490749835968,0.8504901960784313,0.8842504743833017,163.8309,,,,
0.3934,2.5345828533172607,0.0016904761904761906,2.282608695652174,525,,,,,,,,
,,,2.282608695652174,525,0.341278076171875,0.8774509803921569,0.9094202898550725,172.4298,,,,
0.3993,2.6162664890289307,0.0016666666666666668,2.391304347826087,550,,,,,,,,
,,,2.391304347826087,550,0.36008235812187195,0.8651960784313726,0.9056603773584906,180.4172,,,,
0.3841,2.8681952953338623,0.0016428571428571427,2.5,575,,,,,,,,
,,,2.5,575,0.4997108280658722,0.8382352941176471,0.8910891089108912,188.7718,,,,
0.4247,1.39723801612854,0.0016190476190476191,2.608695652173913,600,,,,,,,,
,,,2.608695652173913,600,0.36832696199417114,0.8455882352941176,0.8930390492359932,196.9547,,,,
0.3926,2.3810956478118896,0.0015952380952380953,2.717391304347826,625,,,,,,,,
,,,2.717391304347826,625,0.39124003052711487,0.8553921568627451,0.8984509466437176,205.1112,,,,
0.4128,1.5957973003387451,0.0015714285714285715,2.8260869565217392,650,,,,,,,,
,,,2.8260869565217392,650,0.38728055357933044,0.875,0.9046728971962616,213.5095,,,,
0.3942,2.6982767581939697,0.0015476190476190477,2.9347826086956523,675,,,,,,,,
,,,2.9347826086956523,675,0.38842761516571045,0.8725490196078431,0.9097222222222222,221.621,,,,
0.3801,1.161806583404541,0.0015238095238095239,3.0434782608695654,700,,,,,,,,
,,,3.0434782608695654,700,0.388546884059906,0.8553921568627451,0.899488926746167,229.6321,,,,
0.3729,0.8948670029640198,0.0015,3.1521739130434785,725,,,,,,,,
,,,3.1521739130434785,725,0.4333152770996094,0.8602941176470589,0.9045226130653267,238.2403,,,,
0.3632,0.8830811977386475,0.0014761904761904762,3.260869565217391,750,,,,,,,,
,,,3.260869565217391,750,0.3349279463291168,0.8799019607843137,0.9126559714795008,246.3523,,,,
0.3764,1.7822434902191162,0.0014523809523809524,3.369565217391304,775,,,,,,,,
,,,3.369565217391304,775,0.46017417311668396,0.8235294117647058,0.8819672131147541,254.5001,,,,
0.3711,3.0581915378570557,0.0014285714285714286,3.4782608695652173,800,,,,,,,,
,,,3.4782608695652173,800,0.5819813013076782,0.8186274509803921,0.8810289389067525,262.6485,,,,
0.4113,1.6245893239974976,0.0014047619047619047,3.5869565217391304,825,,,,,,,,
,,,3.5869565217391304,825,0.33775413036346436,0.8627450980392157,0.9037800687285222,270.7988,,,,
0.4113,1.5714569091796875,0.001380952380952381,3.6956521739130435,850,,,,,,,,
,,,3.6956521739130435,850,0.33982235193252563,0.8700980392156863,0.9048473967684021,279.291,,,,
0.3921,5.560075283050537,0.0013571428571428573,3.8043478260869565,875,,,,,,,,
,,,3.8043478260869565,875,0.35480621457099915,0.8651960784313726,0.9043478260869565,287.3295,,,,
0.3971,1.33033287525177,0.0013333333333333333,3.9130434782608696,900,,,,,,,,
,,,3.9130434782608696,900,0.33865222334861755,0.8602941176470589,0.9015544041450777,295.6327,,,,
0.3733,1.512403130531311,0.0013095238095238095,4.021739130434782,925,,,,,,,,
,,,4.021739130434782,925,0.3664526045322418,0.8504901960784313,0.8957264957264958,303.7887,,,,
0.3083,0.9842338562011719,0.0012857142857142859,4.130434782608695,950,,,,,,,,
,,,4.130434782608695,950,0.34355223178863525,0.8553921568627451,0.8998302207130731,311.8841,,,,
0.3653,3.728917360305786,0.0012619047619047618,4.239130434782608,975,,,,,,,,
,,,4.239130434782608,975,0.4387567639350891,0.8406862745098039,0.8936170212765958,320.132,,,,
0.3478,1.7860769033432007,0.0012380952380952382,4.3478260869565215,1000,,,,,,,,
,,,4.3478260869565215,1000,0.372624009847641,0.8504901960784313,0.896434634974533,328.2106,,,,
0.3481,1.2453724145889282,0.0012142857142857142,4.456521739130435,1025,,,,,,,,
,,,4.456521739130435,1025,0.37142476439476013,0.8382352941176471,0.8873720136518771,336.6614,,,,
0.3911,3.182866096496582,0.0011904761904761906,4.565217391304348,1050,,,,,,,,
,,,4.565217391304348,1050,0.5461997389793396,0.8529411764705882,0.900990099009901,345.0973,,,,
0.3072,0.7802239060401917,0.0011666666666666668,4.673913043478261,1075,,,,,,,,
,,,4.673913043478261,1075,0.34508582949638367,0.8529411764705882,0.8972602739726027,353.196,,,,
0.3492,2.787381172180176,0.0011428571428571427,4.782608695652174,1100,,,,,,,,
,,,4.782608695652174,1100,0.37393927574157715,0.8627450980392157,0.9027777777777778,361.3675,,,,
0.3088,1.9720485210418701,0.0011190476190476191,4.891304347826087,1125,,,,,,,,
,,,4.891304347826087,1125,0.32145193219184875,0.8897058823529411,0.9211908931698775,369.7244,,,,
0.3463,0.9189179539680481,0.0010952380952380953,5.0,1150,,,,,,,,
,,,5.0,1150,0.31905052065849304,0.8602941176470589,0.9018932874354562,377.8652,,,,
0.24,0.2717786431312561,0.0010714285714285715,5.108695652173913,1175,,,,,,,,
,,,5.108695652173913,1175,0.36330750584602356,0.8946078431372549,0.9213893967093236,386.0673,,,,
0.2779,1.4158070087432861,0.0010476190476190477,5.217391304347826,1200,,,,,,,,
,,,5.217391304347826,1200,0.34544214606285095,0.8700980392156863,0.9106239460370995,394.3251,,,,
0.2569,1.1538653373718262,0.0010238095238095238,5.326086956521739,1225,,,,,,,,
,,,5.326086956521739,1225,0.33115553855895996,0.8970588235294118,0.9252669039145908,402.3946,,,,
0.2923,1.3418726921081543,0.001,5.434782608695652,1250,,,,,,,,
,,,5.434782608695652,1250,0.3413487374782562,0.8848039215686274,0.9176882661996497,410.659,,,,
0.2582,2.2423574924468994,0.0009761904761904762,5.543478260869565,1275,,,,,,,,
,,,5.543478260869565,1275,0.3522840738296509,0.9019607843137255,0.9277978339350181,418.7004,,,,
0.2422,1.6682648658752441,0.0009523809523809524,5.6521739130434785,1300,,,,,,,,
,,,5.6521739130434785,1300,0.3386966586112976,0.8823529411764706,0.9133574007220215,426.8811,,,,
0.2836,2.5068752765655518,0.0009285714285714287,5.760869565217392,1325,,,,,,,,
,,,5.760869565217392,1325,0.35971537232398987,0.8676470588235294,0.9065743944636677,435.3877,,,,
0.3353,1.6069141626358032,0.0009047619047619047,5.869565217391305,1350,,,,,,,,
,,,5.869565217391305,1350,0.3939647376537323,0.8627450980392157,0.9060402684563759,443.5777,,,,
0.2662,1.2097444534301758,0.0008809523809523809,5.978260869565218,1375,,,,,,,,
,,,5.978260869565218,1375,0.3436505198478699,0.8774509803921569,0.9149659863945577,452.0558,,,,
0.1766,6.362392902374268,0.0008571428571428571,6.086956521739131,1400,,,,,,,,
,,,6.086956521739131,1400,0.5008624792098999,0.8774509803921569,0.9143835616438356,460.1527,,,,
0.2442,3.408517837524414,0.0008333333333333334,6.195652173913044,1425,,,,,,,,
,,,6.195652173913044,1425,0.645743727684021,0.8480392156862745,0.8986928104575163,468.5533,,,,
0.2354,2.0353384017944336,0.0008095238095238096,6.304347826086957,1450,,,,,,,,
,,,6.304347826086957,1450,0.39279815554618835,0.8676470588235294,0.9075342465753423,476.9396,,,,
0.2276,1.559291958808899,0.0007857142857142857,6.413043478260869,1475,,,,,,,,
,,,6.413043478260869,1475,0.3757479190826416,0.8823529411764706,0.916083916083916,485.0161,,,,
0.2482,1.7534668445587158,0.0007619047619047619,6.521739130434782,1500,,,,,,,,
,,,6.521739130434782,1500,0.42808884382247925,0.8627450980392157,0.903114186851211,493.2764,,,,
0.2185,4.376342296600342,0.0007380952380952381,6.630434782608695,1525,,,,,,,,
,,,6.630434782608695,1525,0.3726104199886322,0.8725490196078431,0.9103448275862069,502.0953,,,,
0.2525,1.6487345695495605,0.0007142857142857143,6.739130434782608,1550,,,,,,,,
,,,6.739130434782608,1550,0.3271261751651764,0.8921568627450981,0.9205776173285197,510.0429,,,,
0.2389,1.904054045677185,0.0006904761904761905,6.8478260869565215,1575,,,,,,,,
,,,6.8478260869565215,1575,0.3555942475795746,0.8848039215686274,0.9188255613126081,518.421,,,,
0.2412,1.699832797050476,0.0006666666666666666,6.956521739130435,1600,,,,,,,,
,,,6.956521739130435,1600,0.3303166627883911,0.8970588235294118,0.925531914893617,526.7064,,,,
0.1994,0.5010520219802856,0.0006428571428571429,7.065217391304348,1625,,,,,,,,
,,,7.065217391304348,1625,0.33768904209136963,0.8921568627450981,0.9208633093525179,534.6233,,,,
0.1953,0.43887776136398315,0.0006190476190476191,7.173913043478261,1650,,,,,,,,
,,,7.173913043478261,1650,0.36033257842063904,0.8921568627450981,0.9202898550724639,543.0013,,,,
0.141,4.1186909675598145,0.0005952380952380953,7.282608695652174,1675,,,,,,,,
,,,7.282608695652174,1675,0.4123610556125641,0.8799019607843137,0.9150779896013865,551.0698,,,,
0.2272,6.0060014724731445,0.0005714285714285714,7.391304347826087,1700,,,,,,,,
,,,7.391304347826087,1700,0.5000273585319519,0.8651960784313726,0.9063032367972743,559.433,,,,
0.1785,1.6452590227127075,0.0005476190476190477,7.5,1725,,,,,,,,
,,,7.5,1725,0.41675469279289246,0.875,0.9097345132743363,567.8525,,,,
0.2029,1.8001065254211426,0.0005238095238095238,7.608695652173913,1750,,,,,,,,
,,,7.608695652173913,1750,0.3966664671897888,0.875,0.911917098445596,575.9254,,,,
0.2114,1.9859468936920166,0.0005,7.717391304347826,1775,,,,,,,,
,,,7.717391304347826,1775,0.42055657505989075,0.8700980392156863,0.909710391822828,584.4759,,,,
0.1977,0.5991070866584778,0.0004761904761904762,7.826086956521739,1800,,,,,,,,
,,,7.826086956521739,1800,0.36142924427986145,0.8872549019607843,0.9195804195804195,592.4743,,,,
0.1943,3.1320059299468994,0.00045238095238095237,7.934782608695652,1825,,,,,,,,
,,,7.934782608695652,1825,0.3632242977619171,0.8651960784313726,0.9053356282271946,600.9565,,,,
0.1628,1.9645804166793823,0.00042857142857142855,8.043478260869565,1850,,,,,,,,
,,,8.043478260869565,1850,0.36754217743873596,0.8946078431372549,0.9241622574955909,609.2713,,,,
0.1217,0.18055103719234467,0.0004047619047619048,8.152173913043478,1875,,,,,,,,
,,,8.152173913043478,1875,0.38009539246559143,0.8897058823529411,0.9209138840070299,617.4047,,,,
0.1141,0.17136600613594055,0.00038095238095238096,8.26086956521739,1900,,,,,,,,
,,,8.26086956521739,1900,0.4013708531856537,0.8921568627450981,0.9228070175438596,625.7541,,,,
0.1,1.8390932083129883,0.00035714285714285714,8.369565217391305,1925,,,,,,,,
,,,8.369565217391305,1925,0.43853819370269775,0.8872549019607843,0.9195804195804195,634.0916,,,,
0.1361,3.1061084270477295,0.0003333333333333333,8.478260869565217,1950,,,,,,,,
,,,8.478260869565217,1950,0.49406275153160095,0.8799019607843137,0.9156626506024096,642.2371,,,,
0.1309,4.680660724639893,0.00030952380952380956,8.58695652173913,1975,,,,,,,,
,,,8.58695652173913,1975,0.4571053087711334,0.875,0.9125214408233276,650.6336,,,,
0.1605,0.27093011140823364,0.0002857142857142857,8.695652173913043,2000,,,,,,,,
,,,8.695652173913043,2000,0.44422411918640137,0.8921568627450981,0.9238754325259515,658.7523,,,,
0.101,4.083818435668945,0.0002619047619047619,8.804347826086957,2025,,,,,,,,
,,,8.804347826086957,2025,0.435776025056839,0.8921568627450981,0.9219858156028369,667.307,,,,
0.1533,6.053162097930908,0.0002380952380952381,8.91304347826087,2050,,,,,,,,
,,,8.91304347826087,2050,0.4174410104751587,0.8897058823529411,0.9203539823008849,675.7601,,,,
0.1689,0.6183504462242126,0.00021428571428571427,9.021739130434783,2075,,,,,,,,
,,,9.021739130434783,2075,0.39228111505508423,0.9019607843137255,0.9283154121863799,683.7521,,,,
0.0754,0.23379969596862793,0.00019047619047619048,9.130434782608695,2100,,,,,,,,
,,,9.130434782608695,2100,0.4076535105705261,0.8897058823529411,0.9203539823008849,692.0309,,,,
0.1035,1.9082070589065552,0.00016666666666666666,9.23913043478261,2125,,,,,,,,
,,,9.23913043478261,2125,0.4241074323654175,0.8848039215686274,0.9176882661996497,700.2264,,,,
0.0842,3.459569215774536,0.00014285714285714284,9.347826086956522,2150,,,,,,,,
,,,9.347826086956522,2150,0.4613197445869446,0.8848039215686274,0.917975567190227,708.4218,,,,
0.112,3.8711659908294678,0.00011904761904761905,9.456521739130435,2175,,,,,,,,
,,,9.456521739130435,2175,0.4405384361743927,0.8921568627450981,0.9225352112676057,716.8624,,,,
0.0814,8.09780502319336,9.523809523809524e-05,9.565217391304348,2200,,,,,,,,
,,,9.565217391304348,2200,0.4407389461994171,0.8872549019607843,0.9192982456140351,724.9506,,,,
0.1554,1.6772199869155884,7.142857142857142e-05,9.673913043478262,2225,,,,,,,,
,,,9.673913043478262,2225,0.4353742003440857,0.8872549019607843,0.9195804195804195,733.1357,,,,
0.0815,2.6897242069244385,4.761904761904762e-05,9.782608695652174,2250,,,,,,,,
,,,9.782608695652174,2250,0.4376794695854187,0.8848039215686274,0.917975567190227,741.4862,,,,
0.0637,1.1645382642745972,2.380952380952381e-05,9.891304347826086,2275,,,,,,,,
,,,9.891304347826086,2275,0.429757297039032,0.8848039215686274,0.9173989455184535,749.6162,,,,
0.0737,0.09212420135736465,0.0,10.0,2300,,,,,,,,
,,,10.0,2300,0.4319002032279968,0.8823529411764706,0.9157894736842105,757.9562,,,,
,,,10.0,2300,,,,757.5587,48.419,3.036,1475256459030144.0,0.345661163278248
