loss,grad_norm,learning_rate,epoch,step,eval_loss,eval_accuracy,eval_f1,train_runtime,train_samples_per_second,train_steps_per_second,total_flos,train_loss
1.1672,3.7006354331970215,0.0001,0.0625,1,,,,,,,,
0.9587,2.0821478366851807,0.001,0.625,10,,,,,,,,
,,,0.625,10,0.9247230291366577,0.5,0.2222222222222222,5.4918,,,,
1.0369,3.240919828414917,0.002,1.25,20,,,,,,,,
,,,1.25,20,0.9849597811698914,0.6428571428571429,0.4430260047281324,9.2436,,,,
0.9086,2.4120357036590576,0.003,1.875,30,,,,,,,,
,,,1.875,30,0.926822304725647,0.44642857142857145,0.2588042588042588,12.8792,,,,
0.9566,3.7807648181915283,0.004,2.5,40,,,,,,,,
,,,2.5,40,0.7311171293258667,0.7321428571428571,0.5115440115440115,16.5083,,,,
0.7483,1.5346825122833252,0.005,3.125,50,,,,,,,,
,,,3.125,50,0.7715681791305542,0.75,0.524731182795699,20.1807,,,,
0.7725,5.140496730804443,0.004814814814814814,3.75,60,,,,,,,,
,,,3.75,60,0.7713451385498047,0.6964285714285714,0.4792779049071956,23.904,,,,
0.5594,1.573691487312317,0.004629629629629629,4.375,70,,,,,,,,
,,,4.375,70,0.7871251702308655,0.75,0.5239825581395349,27.5726,,,,
0.5396,1.0566011667251587,0.0044444444444444444,5.0,80,,,,,,,,
,,,5.0,80,0.7561344504356384,0.7678571428571429,0.535988819007687,31.2771,,,,
0.3563,1.5549125671386719,0.0042592592592592595,5.625,90,,,,,,,,
,,,5.625,90,0.5924510955810547,0.7857142857142857,0.5487179487179487,35.3011,,,,
0.2791,4.453724384307861,0.004074074074074074,6.25,100,,,,,,,,
,,,6.25,100,0.5385876893997192,0.8214285714285714,0.8127184338457495,39.0315,,,,
0.1381,0.08871819078922272,0.003888888888888889,6.875,110,,,,,,,,
,,,6.875,110,0.8871371150016785,0.8214285714285714,0.5756501182033097,42.7888,,,,
0.339,3.382256031036377,0.0037037037037037034,7.5,120,,,,,,,,
,,,7.5,120,0.9835395812988281,0.6964285714285714,0.6540184453227932,46.2591,,,,
0.2242,2.274878978729248,0.0035185185185185185,8.125,130,,,,,,,,
,,,8.125,130,0.8358221054077148,0.8035714285714286,0.5613912231559289,50.2804,,,,
0.3034,2.044992685317993,0.003333333333333333,8.75,140,,,,,,,,
,,,8.75,140,0.6946603655815125,0.8571428571428571,0.8510737628384687,54.6031,,,,
0.1768,1.3533942699432373,0.003148148148148148,9.375,150,,,,,,,,
,,,9.375,150,0.7106178402900696,0.8214285714285714,0.7497354497354497,58.5151,,,,
0.14,1.6578187942504883,0.002962962962962963,10.0,160,,,,,,,,
,,,10.0,160,0.5826019644737244,0.8928571428571429,0.920807453416149,62.4932,,,,
0.0572,1.6549044847488403,0.002777777777777778,10.625,170,,,,,,,,
,,,10.625,170,0.6159361600875854,0.8392857142857143,0.7620085071065463,66.782,,,,
0.0362,0.08607535064220428,0.0025925925925925925,11.25,180,,,,,,,,
,,,11.25,180,0.5249537825584412,0.9107142857142857,0.9342359767891683,70.7128,,,,
0.0181,1.866639256477356,0.002407407407407407,11.875,190,,,,,,,,
,,,11.875,190,0.5576199889183044,0.9107142857142857,0.9342359767891683,75.0568,,,,
0.0413,0.007193420082330704,0.0022222222222222222,12.5,200,,,,,,,,
,,,12.5,200,0.6143737435340881,0.8928571428571429,0.9212962962962963,79.0473,,,,
0.0074,0.04765826463699341,0.002037037037037037,13.125,210,,,,,,,,
,,,13.125,210,0.8497282862663269,0.8214285714285714,0.6775271512113618,83.0537,,,,
0.0588,0.02236824668943882,0.0018518518518518517,13.75,220,,,,,,,,
,,,13.75,220,0.7616006731987,0.8392857142857143,0.7628446115288221,87.5404,,,,
0.0067,0.22261130809783936,0.0016666666666666666,14.375,230,,,,,,,,
,,,14.375,230,0.6708377003669739,0.8928571428571429,0.9215384615384616,91.8084,,,,
0.0079,0.36147263646125793,0.0014814814814814814,15.0,240,,,,,,,,
,,,15.0,240,0.6490716934204102,0.8928571428571429,0.9215384615384616,95.6466,,,,
0.0121,0.40360790491104126,0.0012962962962962963,15.625,250,,,,,,,,
,,,15.625,250,0.6137827634811401,0.875,0.8788720538720538,99.7615,,,,
0.0042,0.3496740758419037,0.0011111111111111111,16.25,260,,,,,,,,
,,,16.25,260,0.6447520852088928,0.875,0.8788720538720538,104.0005,,,,
0.0105,0.4410460889339447,0.0009259259259259259,16.875,270,,,,,,,,
,,,16.875,270,0.6438432931900024,0.875,0.8785490295787778,108.449,,,,
0.0381,0.008422425016760826,0.0007407407407407407,17.5,280,,,,,,,,
,,,17.5,280,0.5929174423217773,0.875,0.8785490295787778,112.7319,,,,
0.0017,0.011248840019106865,0.0005555555555555556,18.125,290,,,,,,,,
,,,18.125,290,0.5756044387817383,0.8928571428571429,0.8917876843408759,116.6119,,,,
0.0262,0.14352266490459442,0.00037037037037037035,18.75,300,,,,,,,,
,,,18.75,300,0.5945886969566345,0.875,0.8788720538720538,120.8131,,,,
0.005,0.10136448591947556,0.00018518518518518518,19.375,310,,,,,,,,
,,,19.375,310,0.6035300493240356,0.875,0.8788720538720538,124.4095,,,,
0.0026,0.0828247219324112,0.0,20.0,320,,,,,,,,
,,,20.0,320,0.6040109992027283,0.875,0.8788720538720538,128.4903,,,,
,,,20.0,320,,,,128.1214,39.025,2.498,450029971137600.0,0.27477142614661715
