loss,grad_norm,learning_rate,epoch,step,eval_loss,eval_accuracy,eval_f1,train_runtime,train_samples_per_second,train_steps_per_second,total_flos,train_loss
1.1838,4.285276412963867,1e-05,0.0625,1,,,,,,,,
1.1014,3.527543544769287,0.0001,0.625,10,,,,,,,,
,,,0.625,10,1.055495023727417,0.4107142857142857,0.1940928270042194,4.7595,,,,
0.9664,3.261958599090576,0.0002,1.25,20,,,,,,,,
,,,1.25,20,0.9411075711250305,0.4107142857142857,0.1940928270042194,9.0943,,,,
0.8871,2.292926788330078,0.0003,1.875,30,,,,,,,,
,,,1.875,30,0.8999952077865601,0.5,0.24617886178861784,13.3091,,,,
0.9519,1.2086762189865112,0.0004,2.5,40,,,,,,,,
,,,2.5,40,0.8793653845787048,0.7321428571428571,0.5064836003051106,17.4605,,,,
0.7915,2.5870022773742676,0.0005,3.125,50,,,,,,,,
,,,3.125,50,0.8218074440956116,0.6785714285714286,0.47478301665493783,21.6676,,,,
0.7997,2.488574743270874,0.00048148148148148144,3.75,60,,,,,,,,
,,,3.75,60,0.7300060391426086,0.7142857142857143,0.49976359338061477,26.0068,,,,
0.6288,4.125502586364746,0.000462962962962963,4.375,70,,,,,,,,
,,,4.375,70,0.7532997131347656,0.6785714285714286,0.47478301665493783,30.046,,,,
0.6214,4.8284101486206055,0.0004444444444444444,5.0,80,,,,,,,,
,,,5.0,80,0.6512356996536255,0.6964285714285714,0.4872881355932203,34.2348,,,,
0.4904,5.132648944854736,0.00042592592592592595,5.625,90,,,,,,,,
,,,5.625,90,0.6614845991134644,0.7857142857142857,0.5499031007751939,38.8559,,,,
0.4377,4.640522480010986,0.0004074074074074074,6.25,100,,,,,,,,
,,,6.25,100,0.5262755751609802,0.8035714285714286,0.5630110630110631,42.9392,,,,
0.2871,7.018650531768799,0.0003888888888888889,6.875,110,,,,,,,,
,,,6.875,110,0.5076923370361328,0.8214285714285714,0.5741525423728813,47.0891,,,,
0.2401,6.293391704559326,0.00037037037037037035,7.5,120,,,,,,,,
,,,7.5,120,0.47501298785209656,0.8392857142857143,0.5866760497302369,50.9996,,,,
0.2136,4.819955825805664,0.0003518518518518519,8.125,130,,,,,,,,
,,,8.125,130,0.45201411843299866,0.8392857142857143,0.6915604128718883,55.407,,,,
0.1144,3.0146820545196533,0.0003333333333333333,8.75,140,,,,,,,,
,,,8.75,140,0.37809816002845764,0.8571428571428571,0.5993408662900189,60.0838,,,,
0.147,3.63847017288208,0.0003148148148148148,9.375,150,,,,,,,,
,,,9.375,150,0.3040226101875305,0.875,0.6120567375886524,64.3594,,,,
0.0677,1.4743232727050781,0.0002962962962962963,10.0,160,,,,,,,,
,,,10.0,160,0.517304003238678,0.8571428571428571,0.7043650793650794,68.5775,,,,
0.0242,7.829508304595947,0.0002777777777777778,10.625,170,,,,,,,,
,,,10.625,170,0.4580784738063812,0.8392857142857143,0.5866760497302369,73.198,,,,
0.1341,8.377724647521973,0.00025925925925925926,11.25,180,,,,,,,,
,,,11.25,180,0.4514113962650299,0.875,0.7174849267872524,77.385,,,,
0.0655,0.08723129332065582,0.00024074074074074072,11.875,190,,,,,,,,
,,,11.875,190,0.24909530580043793,0.9107142857142857,0.8144015159490473,81.984,,,,
0.0409,1.1018117666244507,0.0002222222222222222,12.5,200,,,,,,,,
,,,12.5,200,0.33242300152778625,0.875,0.7874149659863946,86.1663,,,,
0.0162,0.2441551387310028,0.0002037037037037037,13.125,210,,,,,,,,
,,,13.125,210,0.29268842935562134,0.9285714285714286,0.8275132275132275,90.3475,,,,
0.0096,0.6180337071418762,0.00018518518518518518,13.75,220,,,,,,,,
,,,13.75,220,0.2468147575855255,0.9642857142857143,0.9440613026819924,95.0529,,,,
0.0056,0.058237284421920776,0.00016666666666666666,14.375,230,,,,,,,,
,,,14.375,230,0.25638413429260254,0.9464285714285714,0.9083820662768032,99.6359,,,,
0.0404,11.263154983520508,0.00014814814814814815,15.0,240,,,,,,,,
,,,15.0,240,0.2120889574289322,0.9285714285714286,0.8950310559006213,103.7534,,,,
0.006,0.045924607664346695,0.00012962962962962963,15.625,250,,,,,,,,
,,,15.625,250,0.20936502516269684,0.9285714285714286,0.8950310559006213,108.0781,,,,
0.005,0.6985887289047241,0.0001111111111111111,16.25,260,,,,,,,,
,,,16.25,260,0.21245278418064117,0.9285714285714286,0.8950310559006213,112.5664,,,,
0.0032,0.0879984050989151,9.259259259259259e-05,16.875,270,,,,,,,,
,,,16.875,270,0.24517270922660828,0.9642857142857143,0.9440613026819924,116.9539,,,,
0.0053,0.09882409870624542,7.407407407407407e-05,17.5,280,,,,,,,,
,,,17.5,280,0.24225865304470062,0.9642857142857143,0.9440613026819924,121.5889,,,,
0.0091,6.617105484008789,5.555555555555555e-05,18.125,290,,,,,,,,
,,,18.125,290,0.23754999041557312,0.9464285714285714,0.9083820662768032,125.8214,,,,
0.0016,0.1123155727982521,3.7037037037037037e-05,18.75,300,,,,,,,,
,,,18.75,300,0.2391524314880371,0.9464285714285714,0.9083820662768032,130.4708,,,,
0.0039,0.884200394153595,1.8518518518518518e-05,19.375,310,,,,,,,,
,,,19.375,310,0.23114316165447235,0.9464285714285714,0.9083820662768032,134.4457,,,,
0.0017,0.3527858257293701,0.0,20.0,320,,,,,,,,
,,,20.0,320,0.23103199899196625,0.9464285714285714,0.9083820662768032,138.9372,,,,
,,,20.0,320,,,,138.3803,36.132,2.312,450126133093440.0,0.2852088382176589
