loss,grad_norm,learning_rate,epoch,step,eval_loss,eval_accuracy,train_runtime,train_samples_per_second,train_steps_per_second,total_flos,train_loss
1.9203,1.6982041597366333,2.5e-05,0.00641025641025641,1,,,,,,,
1.465,1.072603702545166,0.00125,0.32051282051282054,50,,,,,,,
,,,0.32051282051282054,50,0.7789347171783447,0.47653429602888087,19.7433,,,,
0.7969,3.6400818824768066,0.0025,0.6410256410256411,100,,,,,,,
,,,0.6410256410256411,100,0.7435932755470276,0.4729241877256318,40.7256,,,,
0.7416,1.2797034978866577,0.00375,0.9615384615384616,150,,,,,,,
,,,0.9615384615384616,150,0.7209343910217285,0.48014440433212996,61.4361,,,,
0.8215,3.0829904079437256,0.005,1.282051282051282,200,,,,,,,
,,,1.282051282051282,200,0.8125756978988647,0.5270758122743683,82.0981,,,,
0.7657,1.802713394165039,0.004816176470588235,1.6025641025641026,250,,,,,,,
,,,1.6025641025641026,250,0.7411639094352722,0.4729241877256318,102.3889,,,,
0.8137,1.186409831047058,0.004632352941176471,1.9230769230769231,300,,,,,,,
,,,1.9230769230769231,300,0.7608456611633301,0.4729241877256318,122.6298,,,,
0.8071,2.7358341217041016,0.004448529411764705,2.2435897435897436,350,,,,,,,
,,,2.2435897435897436,350,0.7217470407485962,0.5270758122743683,142.4865,,,,
0.7581,3.1483895778656006,0.004264705882352941,2.564102564102564,400,,,,,,,
,,,2.564102564102564,400,0.7374346852302551,0.5270758122743683,162.7948,,,,
0.7547,0.8007774353027344,0.004080882352941176,2.8846153846153846,450,,,,,,,
,,,2.8846153846153846,450,0.7997604012489319,0.5270758122743683,183.3407,,,,
0.7692,0.5764287114143372,0.003897058823529412,3.2051282051282053,500,,,,,,,
,,,3.2051282051282053,500,0.7403061389923096,0.5270758122743683,203.6854,,,,
0.7612,1.378485083580017,0.0037132352941176474,3.5256410256410255,550,,,,,,,
,,,3.5256410256410255,550,0.7668655514717102,0.4729241877256318,223.7442,,,,
0.7359,0.7166002988815308,0.0035294117647058825,3.8461538461538463,600,,,,,,,
,,,3.8461538461538463,600,0.7326692938804626,0.4729241877256318,244.038,,,,
0.7558,0.8675544261932373,0.0033455882352941176,4.166666666666667,650,,,,,,,
,,,4.166666666666667,650,0.7265694737434387,0.4729241877256318,264.7117,,,,
0.7728,1.1469016075134277,0.003161764705882353,4.487179487179487,700,,,,,,,
,,,4.487179487179487,700,0.7749150395393372,0.4729241877256318,284.8432,,,,
0.7542,1.0279970169067383,0.002977941176470588,4.8076923076923075,750,,,,,,,
,,,4.8076923076923075,750,0.8105810284614563,0.4729241877256318,304.8072,,,,
0.7424,1.616274356842041,0.0027941176470588237,5.128205128205128,800,,,,,,,
,,,5.128205128205128,800,0.773871660232544,0.4729241877256318,324.9733,,,,
0.7264,1.1364827156066895,0.002610294117647059,5.448717948717949,850,,,,,,,
,,,5.448717948717949,850,0.7254185080528259,0.4729241877256318,345.7351,,,,
0.7295,1.6826906204223633,0.0024264705882352943,5.769230769230769,900,,,,,,,
,,,5.769230769230769,900,0.712662398815155,0.5270758122743683,366.0182,,,,
0.7273,0.49988290667533875,0.0022426470588235293,6.089743589743589,950,,,,,,,
,,,6.089743589743589,950,0.7226327657699585,0.5270758122743683,386.0883,,,,
0.7226,2.2965176105499268,0.002058823529411765,6.410256410256411,1000,,,,,,,
,,,6.410256410256411,1000,0.770515501499176,0.4729241877256318,406.313,,,,
0.7089,0.4754581153392792,0.001875,6.730769230769231,1050,,,,,,,
,,,6.730769230769231,1050,0.7159109711647034,0.4729241877256318,426.9579,,,,
0.7127,0.9347878098487854,0.0016911764705882354,7.051282051282051,1100,,,,,,,
,,,7.051282051282051,1100,0.714802622795105,0.4729241877256318,447.7051,,,,
0.7162,0.9360247850418091,0.0015073529411764705,7.371794871794872,1150,,,,,,,
,,,7.371794871794872,1150,0.7053244709968567,0.4729241877256318,468.5188,,,,
0.7103,0.737293541431427,0.0013235294117647058,7.6923076923076925,1200,,,,,,,
,,,7.6923076923076925,1200,0.7009232044219971,0.4729241877256318,488.4294,,,,
0.7084,0.9555919766426086,0.0011397058823529411,8.012820512820513,1250,,,,,,,
,,,8.012820512820513,1250,0.6988280415534973,0.5270758122743683,508.8602,,,,
0.7062,0.7640936970710754,0.0009558823529411764,8.333333333333334,1300,,,,,,,
,,,8.333333333333334,1300,0.6969650983810425,0.5270758122743683,529.1239,,,,
0.7016,0.31581181287765503,0.0007720588235294118,8.653846153846153,1350,,,,,,,
,,,8.653846153846153,1350,0.6977418661117554,0.4729241877256318,549.2923,,,,
0.6969,0.44949471950531006,0.0005882352941176471,8.974358974358974,1400,,,,,,,
,,,8.974358974358974,1400,0.7017640471458435,0.4729241877256318,569.2273,,,,
0.6996,0.3669349253177643,0.00040441176470588236,9.294871794871796,1450,,,,,,,
,,,9.294871794871796,1450,0.6940611600875854,0.5270758122743683,589.2919,,,,
0.6961,0.4708821773529053,0.00022058823529411765,9.615384615384615,1500,,,,,,,
,,,9.615384615384615,1500,0.6927335858345032,0.5270758122743683,609.8369,,,,
0.6961,0.3604887127876282,3.6764705882352945e-05,9.935897435897436,1550,,,,,,,
,,,9.935897435897436,1550,0.6930207014083862,0.5270758122743683,630.4427,,,,
,,,10.0,1560,,,633.4462,39.309,2.463,2117691962740800.0,0.7635608582924573
