loss,grad_norm,learning_rate,epoch,step,eval_loss,eval_accuracy,eval_f1,train_runtime,train_samples_per_second,train_steps_per_second,total_flos,train_loss
0.6801,0.5720931887626648,2.5e-06,0.004347826086956522,1,,,,,,,,
0.7133,0.8255909085273743,6.25e-05,0.10869565217391304,25,,,,,,,,
,,,0.10869565217391304,25,0.6587013006210327,0.6838235294117647,0.8122270742358079,5.9006,,,,
0.6627,1.457322597503662,0.000125,0.21739130434782608,50,,,,,,,,
,,,0.21739130434782608,50,0.6248114109039307,0.6838235294117647,0.8122270742358079,11.4186,,,,
0.6386,2.689833164215088,0.0001875,0.32608695652173914,75,,,,,,,,
,,,0.32608695652173914,75,0.6224395632743835,0.6838235294117647,0.8122270742358079,16.9985,,,,
0.6398,0.654689610004425,0.00025,0.43478260869565216,100,,,,,,,,
,,,0.43478260869565216,100,0.6180124282836914,0.6838235294117647,0.8122270742358079,22.5409,,,,
0.603,1.162545919418335,0.0003125,0.5434782608695652,125,,,,,,,,
,,,0.5434782608695652,125,0.614176869392395,0.6838235294117647,0.8122270742358079,28.0676,,,,
0.643,3.339320182800293,0.000375,0.6521739130434783,150,,,,,,,,
,,,0.6521739130434783,150,0.6186709403991699,0.6936274509803921,0.8169838945827232,33.6168,,,,
0.6219,0.5185081362724304,0.0004375,0.7608695652173914,175,,,,,,,,
,,,0.7608695652173914,175,0.585179328918457,0.6911764705882353,0.8157894736842105,39.2953,,,,
0.5896,1.6289347410202026,0.0005,0.8695652173913043,200,,,,,,,,
,,,0.8695652173913043,200,0.5303807854652405,0.7352941176470589,0.8285714285714285,44.9434,,,,
0.5824,0.6709117889404297,0.0004940476190476191,0.9782608695652174,225,,,,,,,,
,,,0.9782608695652174,225,0.5068895220756531,0.7401960784313726,0.8312101910828025,50.4749,,,,
0.5487,1.759540319442749,0.0004880952380952381,1.0869565217391304,250,,,,,,,,
,,,1.0869565217391304,250,0.5531109571456909,0.7132352941176471,0.823529411764706,55.8231,,,,
0.5286,0.9710696935653687,0.00048214285714285715,1.1956521739130435,275,,,,,,,,
,,,1.1956521739130435,275,0.47956159710884094,0.7598039215686274,0.8434504792332268,61.362,,,,
0.5241,1.3880629539489746,0.0004761904761904762,1.3043478260869565,300,,,,,,,,
,,,1.3043478260869565,300,0.5298888087272644,0.7401960784313726,0.8354037267080745,66.9315,,,,
0.4672,0.882351279258728,0.00047023809523809523,1.4130434782608696,325,,,,,,,,
,,,1.4130434782608696,325,0.44094258546829224,0.7867647058823529,0.8443649373881931,72.4947,,,,
0.486,2.955310106277466,0.00046428571428571433,1.5217391304347827,350,,,,,,,,
,,,1.5217391304347827,350,0.4314618706703186,0.8014705882352942,0.8556149732620322,78.0392,,,,
0.487,0.9154173731803894,0.0004583333333333333,1.6304347826086958,375,,,,,,,,
,,,1.6304347826086958,375,0.4290737807750702,0.8063725490196079,0.8555758683729433,83.5625,,,,
0.4361,1.5408720970153809,0.00045238095238095237,1.7391304347826086,400,,,,,,,,
,,,1.7391304347826086,400,0.4071447253227234,0.8088235294117647,0.8659793814432989,89.0803,,,,
0.4611,3.9190547466278076,0.00044642857142857147,1.8478260869565217,425,,,,,,,,
,,,1.8478260869565217,425,0.3846398890018463,0.8235294117647058,0.8732394366197183,94.7336,,,,
0.4465,0.7114318609237671,0.00044047619047619046,1.9565217391304348,450,,,,,,,,
,,,1.9565217391304348,450,0.38810813426971436,0.7916666666666666,0.8580968280467446,100.3768,,,,
0.4575,0.8022007942199707,0.00043452380952380956,2.0652173913043477,475,,,,,,,,
,,,2.0652173913043477,475,0.4614509046077728,0.7769607843137255,0.8584758942457231,105.7721,,,,
0.4366,1.3687865734100342,0.00042857142857142855,2.1739130434782608,500,,,,,,,,
,,,2.1739130434782608,500,0.3635644316673279,0.8186274509803921,0.8741496598639455,111.3232,,,,
0.422,1.4896970987319946,0.00042261904761904765,2.282608695652174,525,,,,,,,,
,,,2.282608695652174,525,0.35896509885787964,0.8137254901960784,0.8698630136986301,117.0272,,,,
0.3572,0.45008352398872375,0.0004166666666666667,2.391304347826087,550,,,,,,,,
,,,2.391304347826087,550,0.37563490867614746,0.8455882352941176,0.8888888888888888,122.5438,,,,
0.4343,0.7564672231674194,0.0004107142857142857,2.5,575,,,,,,,,
,,,2.5,575,0.3570490777492523,0.8382352941176471,0.8873720136518771,128.094,,,,
0.3907,1.1625663042068481,0.0004047619047619048,2.608695652173913,600,,,,,,,,
,,,2.608695652173913,600,0.33780109882354736,0.8529411764705882,0.8939929328621908,133.6601,,,,
0.4052,0.4777083694934845,0.00039880952380952383,2.717391304347826,625,,,,,,,,
,,,2.717391304347826,625,0.40846356749534607,0.821078431372549,0.88130081300813,139.2769,,,,
0.4504,1.9738837480545044,0.0003928571428571429,2.8260869565217392,650,,,,,,,,
,,,2.8260869565217392,650,0.34725630283355713,0.8382352941176471,0.888135593220339,144.9421,,,,
0.3667,1.6951903104782104,0.0003869047619047619,2.9347826086956523,675,,,,,,,,
,,,2.9347826086956523,675,0.3502041697502136,0.8504901960784313,0.8960817717206134,150.5485,,,,
0.3612,2.632829427719116,0.00038095238095238096,3.0434782608695654,700,,,,,,,,
,,,3.0434782608695654,700,0.3942929804325104,0.8112745098039216,0.8731466227347612,155.9579,,,,
0.3818,1.3014250993728638,0.000375,3.1521739130434785,725,,,,,,,,
,,,3.1521739130434785,725,0.4521722197532654,0.8088235294117647,0.8741935483870967,161.5011,,,,
0.3684,0.7359164953231812,0.00036904761904761905,3.260869565217391,750,,,,,,,,
,,,3.260869565217391,750,0.4378163814544678,0.8112745098039216,0.8752025931928687,167.1473,,,,
0.323,1.9259026050567627,0.0003630952380952381,3.369565217391304,775,,,,,,,,
,,,3.369565217391304,775,0.35415658354759216,0.8504901960784313,0.8953687821612349,172.611,,,,
0.3623,1.9805573225021362,0.00035714285714285714,3.4782608695652173,800,,,,,,,,
,,,3.4782608695652173,800,0.34894463419914246,0.8529411764705882,0.8972602739726027,178.1767,,,,
0.4093,1.866765022277832,0.0003511904761904762,3.5869565217391304,825,,,,,,,,
,,,3.5869565217391304,825,0.3154579699039459,0.8676470588235294,0.9045936395759717,183.7336,,,,
0.371,0.805719792842865,0.00034523809523809523,3.6956521739130435,850,,,,,,,,
,,,3.6956521739130435,850,0.3137474060058594,0.8676470588235294,0.9035714285714286,189.3765,,,,
0.3477,2.176044225692749,0.00033928571428571433,3.8043478260869565,875,,,,,,,,
,,,3.8043478260869565,875,0.32474666833877563,0.8529411764705882,0.896551724137931,194.9497,,,,
0.3639,1.43004310131073,0.0003333333333333333,3.9130434782608696,900,,,,,,,,
,,,3.9130434782608696,900,0.37572216987609863,0.8333333333333334,0.8881578947368421,200.5444,,,,
0.3894,1.192703127861023,0.00032738095238095237,4.021739130434782,925,,,,,,,,
,,,4.021739130434782,925,0.3380722105503082,0.8529411764705882,0.8986486486486487,206.0301,,,,
0.3243,0.6338565349578857,0.00032142857142857147,4.130434782608695,950,,,,,,,,
,,,4.130434782608695,950,0.31870195269584656,0.8627450980392157,0.9044368600682594,211.6003,,,,
0.3692,1.3428372144699097,0.00031547619047619046,4.239130434782608,975,,,,,,,,
,,,4.239130434782608,975,0.3276594579219818,0.8529411764705882,0.8976109215017065,217.0936,,,,
0.3664,0.9331125617027283,0.00030952380952380956,4.3478260869565215,1000,,,,,,,,
,,,4.3478260869565215,1000,0.33662503957748413,0.8455882352941176,0.893760539629005,222.5597,,,,
0.3484,1.8460460901260376,0.00030357142857142855,4.456521739130435,1025,,,,,,,,
,,,4.456521739130435,1025,0.30766674876213074,0.8676470588235294,0.9021739130434783,228.444,,,,
0.3113,1.8217397928237915,0.00029761904761904765,4.565217391304348,1050,,,,,,,,
,,,4.565217391304348,1050,0.3442751467227936,0.8602941176470589,0.9015544041450777,233.9901,,,,
0.2965,0.6247435808181763,0.0002916666666666667,4.673913043478261,1075,,,,,,,,
,,,4.673913043478261,1075,0.3090677261352539,0.8700980392156863,0.9055258467023173,239.5373,,,,
0.285,1.4355738162994385,0.0002857142857142857,4.782608695652174,1100,,,,,,,,
,,,4.782608695652174,1100,0.3318420946598053,0.8602941176470589,0.9018932874354562,245.0661,,,,
0.352,1.5778555870056152,0.0002797619047619048,4.891304347826087,1125,,,,,,,,
,,,4.891304347826087,1125,0.3019595146179199,0.8627450980392157,0.9020979020979022,250.6252,,,,
0.3121,0.10436110198497772,0.0002738095238095238,5.0,1150,,,,,,,,
,,,5.0,1150,0.2952238619327545,0.8700980392156863,0.9061946902654867,256.2064,,,,
0.2892,0.5565459132194519,0.00026785714285714287,5.108695652173913,1175,,,,,,,,
,,,5.108695652173913,1175,0.3326990604400635,0.8627450980392157,0.9044368600682594,261.6931,,,,
0.3171,1.5918173789978027,0.0002619047619047619,5.217391304347826,1200,,,,,,,,
,,,5.217391304347826,1200,0.30042028427124023,0.875,0.9103690685413005,267.3491,,,,
0.3079,0.8050680756568909,0.00025595238095238096,5.326086956521739,1225,,,,,,,,
,,,5.326086956521739,1225,0.30064770579338074,0.8700980392156863,0.905861456483126,272.8945,,,,
0.3611,0.8329864740371704,0.00025,5.434782608695652,1250,,,,,,,,
,,,5.434782608695652,1250,0.3026927411556244,0.8725490196078431,0.9068100358422939,278.4647,,,,
0.273,1.3235608339309692,0.00024404761904761905,5.543478260869565,1275,,,,,,,,
,,,5.543478260869565,1275,0.31474569439888,0.8774509803921569,0.910394265232975,283.962,,,,
0.2986,0.8271602988243103,0.0002380952380952381,5.6521739130434785,1300,,,,,,,,
,,,5.6521739130434785,1300,0.3271167278289795,0.8651960784313726,0.9036777583187391,289.5692,,,,
0.2854,1.2894072532653809,0.00023214285714285717,5.760869565217392,1325,,,,,,,,
,,,5.760869565217392,1325,0.31703275442123413,0.8676470588235294,0.9059233449477352,295.1819,,,,
0.3325,1.3667465448379517,0.00022619047619047618,5.869565217391305,1350,,,,,,,,
,,,5.869565217391305,1350,0.29651498794555664,0.8774509803921569,0.9090909090909091,300.8422,,,,
0.3453,0.7230647206306458,0.00022023809523809523,5.978260869565218,1375,,,,,,,,
,,,5.978260869565218,1375,0.2926965653896332,0.8823529411764706,0.9133574007220215,306.4873,,,,
0.2414,2.110701560974121,0.00021428571428571427,6.086956521739131,1400,,,,,,,,
,,,6.086956521739131,1400,0.43385905027389526,0.8357843137254902,0.8914100486223664,311.9549,,,,
0.3202,0.6546379923820496,0.00020833333333333335,6.195652173913044,1425,,,,,,,,
,,,6.195652173913044,1425,0.3030218482017517,0.8725490196078431,0.907473309608541,317.6635,,,,
0.3099,0.9984744191169739,0.0002023809523809524,6.304347826086957,1450,,,,,,,,
,,,6.304347826086957,1450,0.32722389698028564,0.8480392156862745,0.8834586466165414,323.1445,,,,
0.3457,1.0955066680908203,0.00019642857142857144,6.413043478260869,1475,,,,,,,,
,,,6.413043478260869,1475,0.32393714785575867,0.8602941176470589,0.9032258064516129,328.7236,,,,
0.3268,0.7213778495788574,0.00019047619047619048,6.521739130434782,1500,,,,,,,,
,,,6.521739130434782,1500,0.29469791054725647,0.8725490196078431,0.9061371841155236,334.2134,,,,
0.2743,2.3046908378601074,0.00018452380952380953,6.630434782608695,1525,,,,,,,,
,,,6.630434782608695,1525,0.3208622336387634,0.8700980392156863,0.9078260869565218,340.1955,,,,
0.3314,0.5169736742973328,0.00017857142857142857,6.739130434782608,1550,,,,,,,,
,,,6.739130434782608,1550,0.2920740246772766,0.8774509803921569,0.9094202898550725,345.6692,,,,
0.2772,0.979138195514679,0.00017261904761904762,6.8478260869565215,1575,,,,,,,,
,,,6.8478260869565215,1575,0.3036612868309021,0.8774509803921569,0.9100719424460433,351.2781,,,,
0.2913,0.6500495672225952,0.00016666666666666666,6.956521739130435,1600,,,,,,,,
,,,6.956521739130435,1600,0.31255409121513367,0.8823529411764706,0.9136690647482014,356.8532,,,,
0.2457,0.8885661363601685,0.00016071428571428573,7.065217391304348,1625,,,,,,,,
,,,7.065217391304348,1625,0.31731149554252625,0.8676470588235294,0.9045936395759717,362.3086,,,,
0.285,1.028836965560913,0.00015476190476190478,7.173913043478261,1650,,,,,,,,
,,,7.173913043478261,1650,0.2990882396697998,0.8725490196078431,0.9061371841155236,367.8095,,,,
0.2587,0.6055112481117249,0.00014880952380952382,7.282608695652174,1675,,,,,,,,
,,,7.282608695652174,1675,0.3168582618236542,0.875,0.9128205128205128,373.407,,,,
0.2832,0.9062212705612183,0.00014285714285714284,7.391304347826087,1700,,,,,,,,
,,,7.391304347826087,1700,0.29178592562675476,0.875,0.9084380610412927,379.043,,,,
0.2917,0.5595880150794983,0.0001369047619047619,7.5,1725,,,,,,,,
,,,7.5,1725,0.29504290223121643,0.875,0.9081081081081082,384.7396,,,,
0.3154,0.6590370535850525,0.00013095238095238096,7.608695652173913,1750,,,,,,,,
,,,7.608695652173913,1750,0.2878652513027191,0.8799019607843137,0.9126559714795008,390.3193,,,,
0.313,1.6185868978500366,0.000125,7.717391304347826,1775,,,,,,,,
,,,7.717391304347826,1775,0.29460808634757996,0.8700980392156863,0.9078260869565218,395.9354,,,,
0.2851,0.8528386354446411,0.00011904761904761905,7.826086956521739,1800,,,,,,,,
,,,7.826086956521739,1800,0.2910926938056946,0.8725490196078431,0.9071428571428571,401.492,,,,
0.2471,0.6347013115882874,0.00011309523809523809,7.934782608695652,1825,,,,,,,,
,,,7.934782608695652,1825,0.29016080498695374,0.8799019607843137,0.9120287253141832,407.2451,,,,
0.3603,0.8972640633583069,0.00010714285714285714,8.043478260869565,1850,,,,,,,,
,,,8.043478260869565,1850,0.2993083596229553,0.8848039215686274,0.9173989455184535,412.7681,,,,
0.277,1.451007604598999,0.0001011904761904762,8.152173913043478,1875,,,,,,,,
,,,8.152173913043478,1875,0.2912994623184204,0.8799019607843137,0.9120287253141832,418.324,,,,
0.2551,0.2784166634082794,9.523809523809524e-05,8.26086956521739,1900,,,,,,,,
,,,8.26086956521739,1900,0.30058687925338745,0.875,0.9097345132743363,423.9822,,,,
0.2578,1.1053529977798462,8.928571428571429e-05,8.369565217391305,1925,,,,,,,,
,,,8.369565217391305,1925,0.29227909445762634,0.8774509803921569,0.9100719424460433,429.5961,,,,
0.2834,1.3404624462127686,8.333333333333333e-05,8.478260869565217,1950,,,,,,,,
,,,8.478260869565217,1950,0.3016793727874756,0.8848039215686274,0.917975567190227,435.2849,,,,
0.2643,1.9044216871261597,7.738095238095239e-05,8.58695652173913,1975,,,,,,,,
,,,8.58695652173913,1975,0.31047025322914124,0.8799019607843137,0.9156626506024096,440.7519,,,,
0.2717,0.6326217651367188,7.142857142857142e-05,8.695652173913043,2000,,,,,,,,
,,,8.695652173913043,2000,0.30044224858283997,0.8725490196078431,0.9090909090909091,446.3231,,,,
0.2641,1.3456933498382568,6.547619047619048e-05,8.804347826086957,2025,,,,,,,,
,,,8.804347826086957,2025,0.2940623164176941,0.8774509803921569,0.910394265232975,452.0352,,,,
0.2974,1.5270440578460693,5.9523809523809524e-05,8.91304347826087,2050,,,,,,,,
,,,8.91304347826087,2050,0.29961442947387695,0.8725490196078431,0.9084507042253521,457.6414,,,,
0.2993,0.49947404861450195,5.357142857142857e-05,9.021739130434783,2075,,,,,,,,
,,,9.021739130434783,2075,0.2932359576225281,0.8774509803921569,0.9119718309859154,463.054,,,,
0.2515,0.39270922541618347,4.761904761904762e-05,9.130434782608695,2100,,,,,,,,
,,,9.130434782608695,2100,0.28817981481552124,0.8774509803921569,0.9094202898550725,468.5848,,,,
0.2508,0.6119197607040405,4.1666666666666665e-05,9.23913043478261,2125,,,,,,,,
,,,9.23913043478261,2125,0.29203322529792786,0.8774509803921569,0.9116607773851589,474.1415,,,,
0.2977,0.7267748713493347,3.571428571428571e-05,9.347826086956522,2150,,,,,,,,
,,,9.347826086956522,2150,0.29794740676879883,0.8774509803921569,0.9125874125874125,479.6552,,,,
0.2696,0.623897910118103,2.9761904761904762e-05,9.456521739130435,2175,,,,,,,,
,,,9.456521739130435,2175,0.2918950021266937,0.8823529411764706,0.915492957746479,485.2962,,,,
0.2863,0.7577232718467712,2.380952380952381e-05,9.565217391304348,2200,,,,,,,,
,,,9.565217391304348,2200,0.305808424949646,0.8725490196078431,0.9097222222222222,490.8263,,,,
0.296,0.8939971327781677,1.7857142857142855e-05,9.673913043478262,2225,,,,,,,,
,,,9.673913043478262,2225,0.3003832995891571,0.875,0.9113043478260869,496.4116,,,,
0.2748,0.5121033191680908,1.1904761904761905e-05,9.782608695652174,2250,,,,,,,,
,,,9.782608695652174,2250,0.2968504726886749,0.8823529411764706,0.9157894736842105,501.9612,,,,
0.2751,2.164353370666504,5.9523809523809525e-06,9.891304347826086,2275,,,,,,,,
,,,9.891304347826086,2275,0.2971784472465515,0.8823529411764706,0.916083916083916,507.6081,,,,
0.2452,1.3118600845336914,0.0,10.0,2300,,,,,,,,
,,,10.0,2300,0.2964905798435211,0.8823529411764706,0.9157894736842105,513.0911,,,,
,,,10.0,2300,,,,512.732,71.538,4.486,1470901495715232.0,0.36709731249705607
