loss,grad_norm,learning_rate,epoch,step,eval_loss,eval_accuracy,train_runtime,train_samples_per_second,train_steps_per_second,total_flos,train_loss
0.7074,0.8819714784622192,1.0000000000000002e-06,0.00641025641025641,1,,,,,,,
0.6862,0.9046968817710876,2.5e-05,0.16025641025641027,25,,,,,,,
,,,0.16025641025641027,25,0.7015638947486877,0.4729241877256318,10.6591,,,,
0.7028,0.7681443691253662,5e-05,0.32051282051282054,50,,,,,,,
,,,0.32051282051282054,50,0.6925656795501709,0.5415162454873647,20.7976,,,,
0.6911,0.9461788535118103,7.500000000000001e-05,0.4807692307692308,75,,,,,,,
,,,0.4807692307692308,75,0.6910350918769836,0.5270758122743683,32.2485,,,,
0.6978,2.0068612098693848,0.0001,0.6410256410256411,100,,,,,,,
,,,0.6410256410256411,100,0.6907830834388733,0.5270758122743683,42.7449,,,,
0.6923,3.19639253616333,0.000125,0.8012820512820513,125,,,,,,,
,,,0.8012820512820513,125,0.6994278430938721,0.5270758122743683,53.984,,,,
0.7081,1.1609646081924438,0.00015000000000000001,0.9615384615384616,150,,,,,,,
,,,0.9615384615384616,150,0.7244307994842529,0.4729241877256318,64.4772,,,,
0.7042,2.432405948638916,0.000175,1.1217948717948718,175,,,,,,,
,,,1.1217948717948718,175,0.690918505191803,0.5270758122743683,75.2431,,,,
0.6946,3.257286310195923,0.0002,1.282051282051282,200,,,,,,,
,,,1.282051282051282,200,0.6900546550750732,0.5270758122743683,86.1023,,,,
0.6961,0.7614874243736267,0.0001963235294117647,1.4423076923076923,225,,,,,,,
,,,1.4423076923076923,225,0.702918291091919,0.4729241877256318,96.658,,,,
0.6979,0.7432414293289185,0.00019264705882352944,1.6025641025641026,250,,,,,,,
,,,1.6025641025641026,250,0.6878307461738586,0.555956678700361,107.4213,,,,
0.6822,1.6590778827667236,0.00018897058823529413,1.7628205128205128,275,,,,,,,
,,,1.7628205128205128,275,0.6853969693183899,0.5306859205776173,117.722,,,,
0.6874,2.029054880142212,0.00018529411764705883,1.9230769230769231,300,,,,,,,
,,,1.9230769230769231,300,0.6767545342445374,0.5884476534296029,128.6273,,,,
0.6618,0.9235495328903198,0.00018161764705882353,2.0833333333333335,325,,,,,,,
,,,2.0833333333333335,325,0.6393334269523621,0.6534296028880866,139.0284,,,,
0.6452,1.9383063316345215,0.00017794117647058823,2.2435897435897436,350,,,,,,,
,,,2.2435897435897436,350,0.626515805721283,0.6353790613718412,149.5193,,,,
0.622,2.392237901687622,0.00017426470588235296,2.4038461538461537,375,,,,,,,
,,,2.4038461538461537,375,0.6348816156387329,0.6462093862815884,160.1735,,,,
0.6616,1.2537715435028076,0.00017058823529411766,2.564102564102564,400,,,,,,,
,,,2.564102564102564,400,0.628966212272644,0.6462093862815884,170.872,,,,
0.6188,1.616748332977295,0.00016691176470588236,2.7243589743589745,425,,,,,,,
,,,2.7243589743589745,425,0.594411313533783,0.6895306859205776,181.5842,,,,
0.6106,1.6150379180908203,0.00016323529411764706,2.8846153846153846,450,,,,,,,
,,,2.8846153846153846,450,0.6128411889076233,0.6859205776173285,192.3734,,,,
0.5506,1.7981674671173096,0.00015955882352941178,3.0448717948717947,475,,,,,,,
,,,3.0448717948717947,475,0.5774669051170349,0.6859205776173285,202.9685,,,,
0.603,3.4010846614837646,0.00015588235294117648,3.2051282051282053,500,,,,,,,
,,,3.2051282051282053,500,0.5733972191810608,0.7003610108303249,213.8046,,,,
0.5994,4.930758476257324,0.00015220588235294118,3.3653846153846154,525,,,,,,,
,,,3.3653846153846154,525,0.5891456007957458,0.6931407942238267,225.1614,,,,
0.5707,2.577226400375366,0.00014852941176470588,3.5256410256410255,550,,,,,,,
,,,3.5256410256410255,550,0.5852156281471252,0.6967509025270758,235.4014,,,,
0.5584,1.32243013381958,0.00014485294117647058,3.685897435897436,575,,,,,,,
,,,3.685897435897436,575,0.5558860301971436,0.7111913357400722,245.6615,,,,
0.5701,3.1437740325927734,0.0001411764705882353,3.8461538461538463,600,,,,,,,
,,,3.8461538461538463,600,0.5896419882774353,0.7148014440433214,256.647,,,,
0.4928,4.996853828430176,0.0001375,4.006410256410256,625,,,,,,,
,,,4.006410256410256,625,0.6247538328170776,0.6895306859205776,267.5053,,,,
0.4901,2.309234380722046,0.0001338235294117647,4.166666666666667,650,,,,,,,
,,,4.166666666666667,650,0.5688228607177734,0.6967509025270758,278.3859,,,,
0.5209,3.5321743488311768,0.00013014705882352943,4.326923076923077,675,,,,,,,
,,,4.326923076923077,675,0.5888327956199646,0.6967509025270758,288.7383,,,,
0.4917,3.580817461013794,0.0001264705882352941,4.487179487179487,700,,,,,,,
,,,4.487179487179487,700,0.6169552206993103,0.6931407942238267,299.6199,,,,
0.4835,2.836244583129883,0.00012279411764705883,4.647435897435898,725,,,,,,,
,,,4.647435897435898,725,0.59599369764328,0.6895306859205776,310.0083,,,,
0.5321,6.1865234375,0.00011911764705882353,4.8076923076923075,750,,,,,,,
,,,4.8076923076923075,750,0.589906632900238,0.703971119133574,320.6976,,,,
0.4941,6.171747207641602,0.00011544117647058823,4.967948717948718,775,,,,,,,
,,,4.967948717948718,775,0.7023757696151733,0.6967509025270758,331.181,,,,
0.4575,1.7654768228530884,0.00011176470588235294,5.128205128205128,800,,,,,,,
,,,5.128205128205128,800,0.5712236166000366,0.7220216606498195,342.0003,,,,
0.4429,2.2406959533691406,0.00010808823529411764,5.288461538461538,825,,,,,,,
,,,5.288461538461538,825,0.6498276591300964,0.7075812274368231,352.7362,,,,
0.4727,4.651205062866211,0.00010441176470588237,5.448717948717949,850,,,,,,,
,,,5.448717948717949,850,0.5773196220397949,0.7184115523465704,363.7778,,,,
0.4599,4.673734188079834,0.00010073529411764706,5.608974358974359,875,,,,,,,
,,,5.608974358974359,875,0.5734584331512451,0.7256317689530686,374.6776,,,,
0.4314,11.534676551818848,9.705882352941177e-05,5.769230769230769,900,,,,,,,
,,,5.769230769230769,900,0.598149836063385,0.7328519855595668,385.1251,,,,
0.553,4.527496814727783,9.338235294117648e-05,5.92948717948718,925,,,,,,,
,,,5.92948717948718,925,0.5604696869850159,0.7292418772563177,395.6831,,,,
0.4904,1.8851128816604614,8.970588235294118e-05,6.089743589743589,950,,,,,,,
,,,6.089743589743589,950,0.5431048274040222,0.7148014440433214,406.315,,,,
0.4103,4.664411544799805,8.60294117647059e-05,6.25,975,,,,,,,
,,,6.25,975,0.5998973250389099,0.7184115523465704,417.1574,,,,
0.4914,13.285116195678711,8.23529411764706e-05,6.410256410256411,1000,,,,,,,
,,,6.410256410256411,1000,0.5788254737854004,0.7256317689530686,427.5693,,,,
0.4503,3.2694051265716553,7.86764705882353e-05,6.57051282051282,1025,,,,,,,
,,,6.57051282051282,1025,0.5775026679039001,0.7292418772563177,438.9811,,,,
0.4522,1.7345283031463623,7.500000000000001e-05,6.730769230769231,1050,,,,,,,
,,,6.730769230769231,1050,0.5627478957176208,0.7292418772563177,449.7754,,,,
0.4088,3.60246205329895,7.13235294117647e-05,6.891025641025641,1075,,,,,,,
,,,6.891025641025641,1075,0.6019952893257141,0.703971119133574,461.0601,,,,
0.3832,1.4227324724197388,6.764705882352942e-05,7.051282051282051,1100,,,,,,,
,,,7.051282051282051,1100,0.6226536631584167,0.7148014440433214,471.5597,,,,
0.4367,3.563331127166748,6.397058823529412e-05,7.211538461538462,1125,,,,,,,
,,,7.211538461538462,1125,0.5745977163314819,0.7328519855595668,481.9732,,,,
0.3847,2.8160839080810547,6.0294117647058825e-05,7.371794871794872,1150,,,,,,,
,,,7.371794871794872,1150,0.6267738938331604,0.7256317689530686,493.4137,,,,
0.3925,3.3465421199798584,5.661764705882353e-05,7.532051282051282,1175,,,,,,,
,,,7.532051282051282,1175,0.6530847549438477,0.7220216606498195,503.8454,,,,
0.3814,10.003945350646973,5.294117647058824e-05,7.6923076923076925,1200,,,,,,,
,,,7.6923076923076925,1200,0.6082501411437988,0.7292418772563177,514.378,,,,
0.4583,4.402486801147461,4.9264705882352944e-05,7.852564102564102,1225,,,,,,,
,,,7.852564102564102,1225,0.6143199801445007,0.7292418772563177,525.2437,,,,
0.4428,5.657403945922852,4.558823529411765e-05,8.012820512820513,1250,,,,,,,
,,,8.012820512820513,1250,0.5931088924407959,0.7256317689530686,535.8801,,,,
0.4,4.660806179046631,4.1911764705882356e-05,8.173076923076923,1275,,,,,,,
,,,8.173076923076923,1275,0.6080731153488159,0.7256317689530686,546.6451,,,,
0.3682,3.8685107231140137,3.8235294117647055e-05,8.333333333333334,1300,,,,,,,
,,,8.333333333333334,1300,0.6111021041870117,0.7256317689530686,557.1117,,,,
0.3486,7.223595142364502,3.455882352941177e-05,8.493589743589745,1325,,,,,,,
,,,8.493589743589745,1325,0.640869140625,0.7364620938628159,568.1854,,,,
0.4509,3.4628329277038574,3.0882352941176475e-05,8.653846153846153,1350,,,,,,,
,,,8.653846153846153,1350,0.6447203755378723,0.7256317689530686,578.415,,,,
0.3314,17.04437828063965,2.7205882352941174e-05,8.814102564102564,1375,,,,,,,
,,,8.814102564102564,1375,0.6691756844520569,0.703971119133574,589.038,,,,
0.391,6.774933815002441,2.3529411764705884e-05,8.974358974358974,1400,,,,,,,
,,,8.974358974358974,1400,0.6146007180213928,0.7364620938628159,599.4765,,,,
0.3848,4.28192663192749,1.9852941176470586e-05,9.134615384615385,1425,,,,,,,
,,,9.134615384615385,1425,0.6241430640220642,0.7328519855595668,609.9452,,,,
0.3888,5.564096450805664,1.6176470588235296e-05,9.294871794871796,1450,,,,,,,
,,,9.294871794871796,1450,0.6409914493560791,0.7184115523465704,620.7087,,,,
0.2984,2.5036134719848633,1.25e-05,9.455128205128204,1475,,,,,,,
,,,9.455128205128204,1475,0.6422610282897949,0.7220216606498195,631.1159,,,,
0.3834,9.846441268920898,8.823529411764707e-06,9.615384615384615,1500,,,,,,,
,,,9.615384615384615,1500,0.6352932453155518,0.7256317689530686,642.1886,,,,
0.3473,7.328965663909912,5.147058823529412e-06,9.775641025641026,1525,,,,,,,
,,,9.775641025641026,1525,0.6362302303314209,0.7256317689530686,653.5193,,,,
0.442,3.905488967895508,1.4705882352941177e-06,9.935897435897436,1550,,,,,,,
,,,9.935897435897436,1550,0.6304317116737366,0.7292418772563177,664.1362,,,,
,,,10.0,1560,,,666.8861,37.338,2.339,2121286737746880.0,0.5158830094031799
