loss,grad_norm,learning_rate,epoch,step,eval_loss,eval_accuracy,eval_f1,train_runtime,train_samples_per_second,train_steps_per_second,total_flos,train_loss
0.6801,0.5722466111183167,2.5e-06,0.0,1,,,,,,,,
0.7129,0.8127955794334412,6.25e-05,0.11,25,,,,,,,,
,,,0.11,25,0.6577838063240051,0.6838235294117647,0.8122270742358079,5.9518,,,,
0.6628,1.4750182628631592,0.000125,0.22,50,,,,,,,,
,,,0.22,50,0.624376118183136,0.6838235294117647,0.8122270742358079,11.3619,,,,
0.6374,2.5913047790527344,0.0001875,0.33,75,,,,,,,,
,,,0.33,75,0.6202688217163086,0.6838235294117647,0.8122270742358079,16.9888,,,,
0.6392,0.6443986296653748,0.00025,0.43,100,,,,,,,,
,,,0.43,100,0.6122174263000488,0.6838235294117647,0.8122270742358079,22.5099,,,,
0.595,0.7797592878341675,0.0003125,0.54,125,,,,,,,,
,,,0.54,125,0.5851777195930481,0.6985294117647058,0.8183161004431315,28.1919,,,,
0.5508,5.145992755889893,0.000375,0.65,150,,,,,,,,
,,,0.65,150,0.5060479044914246,0.7426470588235294,0.8330683624801272,33.7285,,,,
0.5892,4.499401092529297,0.0004375,0.76,175,,,,,,,,
,,,0.76,175,0.4851214587688446,0.7794117647058824,0.8320895522388061,39.4488,,,,
0.4973,3.3743979930877686,0.0005,0.87,200,,,,,,,,
,,,0.87,200,0.43351200222969055,0.803921568627451,0.8675496688741722,45.0148,,,,
0.5442,1.1113134622573853,0.0004940476190476191,0.98,225,,,,,,,,
,,,0.98,225,0.46059998869895935,0.8014705882352942,0.854054054054054,50.5463,,,,
0.5131,1.153885841369629,0.0004880952380952381,1.09,250,,,,,,,,
,,,1.09,250,0.39688214659690857,0.8088235294117647,0.8677966101694915,55.8911,,,,
0.475,1.7939757108688354,0.00048214285714285715,1.2,275,,,,,,,,
,,,1.2,275,0.3838825225830078,0.8382352941176471,0.8873720136518771,61.3419,,,,
0.4701,2.904827117919922,0.0004761904761904762,1.3,300,,,,,,,,
,,,1.3,300,0.36081597208976746,0.8455882352941176,0.8896672504378283,66.9006,,,,
0.4123,3.619795560836792,0.00047023809523809523,1.41,325,,,,,,,,
,,,1.41,325,0.46019643545150757,0.7622549019607843,0.7991718426501035,72.3307,,,,
0.4738,5.02744722366333,0.00046428571428571433,1.52,350,,,,,,,,
,,,1.52,350,0.3807808458805084,0.8333333333333334,0.8827586206896552,77.884,,,,
0.4199,1.2659083604812622,0.0004583333333333333,1.63,375,,,,,,,,
,,,1.63,375,0.34765225648880005,0.8455882352941176,0.8848263254113347,83.2506,,,,
0.3457,2.8647167682647705,0.00045238095238095237,1.74,400,,,,,,,,
,,,1.74,400,0.3637641370296478,0.8578431372549019,0.8960573476702509,88.7631,,,,
0.4342,2.8573994636535645,0.00044642857142857147,1.85,425,,,,,,,,
,,,1.85,425,0.3472357988357544,0.8406862745098039,0.8881239242685025,94.2896,,,,
0.4005,1.5673532485961914,0.00044047619047619046,1.96,450,,,,,,,,
,,,1.96,450,0.3503386676311493,0.8627450980392157,0.8989169675090252,99.9606,,,,
0.3352,3.0437779426574707,0.00043452380952380956,2.07,475,,,,,,,,
,,,2.07,475,0.5563787817955017,0.8406862745098039,0.8929159802306424,105.2952,,,,
0.3795,0.7986615896224976,0.00042857142857142855,2.17,500,,,,,,,,
,,,2.17,500,0.33480706810951233,0.8578431372549019,0.8929889298892988,110.8506,,,,
0.357,3.488671064376831,0.00042261904761904765,2.28,525,,,,,,,,
,,,2.28,525,0.35476431250572205,0.8308823529411765,0.8680688336520076,117.75,,,,
0.3184,2.3509130477905273,0.0004166666666666667,2.39,550,,,,,,,,
,,,2.39,550,0.3562193512916565,0.8553921568627451,0.8952042628774423,123.2654,,,,
0.3743,2.353559970855713,0.0004107142857142857,2.5,575,,,,,,,,
,,,2.5,575,0.3408178389072418,0.8529411764705882,0.8986486486486487,128.7808,,,,
0.3363,1.806190013885498,0.0004047619047619048,2.61,600,,,,,,,,
,,,2.61,600,0.3482414782047272,0.8651960784313726,0.9016100178890876,134.287,,,,
0.327,1.645318865776062,0.00039880952380952383,2.72,625,,,,,,,,
,,,2.72,625,0.3592333197593689,0.8602941176470589,0.9042016806722689,139.8816,,,,
0.4141,3.698641061782837,0.0003928571428571429,2.83,650,,,,,,,,
,,,2.83,650,0.3633582293987274,0.8455882352941176,0.8951747088186357,145.4126,,,,
0.3381,3.17880916595459,0.0003869047619047619,2.93,675,,,,,,,,
,,,2.93,675,0.3653354346752167,0.8676470588235294,0.906896551724138,151.043,,,,
0.2824,1.1689860820770264,0.00038095238095238096,3.04,700,,,,,,,,
,,,3.04,700,0.38307586312294006,0.8627450980392157,0.9,156.3141,,,,
0.3467,5.311705589294434,0.000375,3.15,725,,,,,,,,
,,,3.15,725,0.4114479422569275,0.8700980392156863,0.9100169779286927,161.8961,,,,
0.3176,1.2490410804748535,0.00036904761904761905,3.26,750,,,,,,,,
,,,3.26,750,0.36872294545173645,0.8774509803921569,0.9149659863945577,167.4158,,,,
0.2652,2.548821449279785,0.0003630952380952381,3.37,775,,,,,,,,
,,,3.37,775,0.3274557888507843,0.8774509803921569,0.912280701754386,172.9078,,,,
0.2878,6.448319435119629,0.00035714285714285714,3.48,800,,,,,,,,
,,,3.48,800,0.43215012550354004,0.8529411764705882,0.9006622516556292,178.409,,,,
0.3449,2.677971601486206,0.0003511904761904762,3.59,825,,,,,,,,
,,,3.59,825,0.3036138117313385,0.8700980392156863,0.9068541300527241,183.9941,,,,
0.3029,2.2535691261291504,0.00034523809523809523,3.7,850,,,,,,,,
,,,3.7,850,0.3197438716888428,0.8700980392156863,0.9034608378870674,189.5863,,,,
0.2895,7.646793365478516,0.00033928571428571433,3.8,875,,,,,,,,
,,,3.8,875,0.3582780063152313,0.8627450980392157,0.9003558718861211,195.1401,,,,
0.3285,4.850414752960205,0.0003333333333333333,3.91,900,,,,,,,,
,,,3.91,900,0.3267461657524109,0.8651960784313726,0.9040139616055847,200.7233,,,,
0.294,2.6443543434143066,0.00032738095238095237,4.02,925,,,,,,,,
,,,4.02,925,0.34437060356140137,0.8651960784313726,0.9023090586145649,206.139,,,,
0.245,2.091268301010132,0.00032142857142857147,4.13,950,,,,,,,,
,,,4.13,950,0.35723668336868286,0.8651960784313726,0.9026548672566371,211.7682,,,,
0.2921,1.8649204969406128,0.00031547619047619046,4.24,975,,,,,,,,
,,,4.24,975,0.3733561038970947,0.8700980392156863,0.9078260869565218,217.1956,,,,
0.309,1.3559025526046753,0.00030952380952380956,4.35,1000,,,,,,,,
,,,4.35,1000,0.3461705446243286,0.8700980392156863,0.9071803852889667,222.7308,,,,
0.2905,2.9277405738830566,0.00030357142857142855,4.46,1025,,,,,,,,
,,,4.46,1025,0.3214658200740814,0.8553921568627451,0.8921389396709324,228.9567,,,,
0.2564,2.808180093765259,0.00029761904761904765,4.57,1050,,,,,,,,
,,,4.57,1050,0.3485342264175415,0.8700980392156863,0.9071803852889667,234.6036,,,,
0.2179,1.5016720294952393,0.0002916666666666667,4.67,1075,,,,,,,,
,,,4.67,1075,0.3740640878677368,0.8725490196078431,0.9081272084805654,240.0902,,,,
0.2201,3.2376153469085693,0.0002857142857142857,4.78,1100,,,,,,,,
,,,4.78,1100,0.38400888442993164,0.8848039215686274,0.9173989455184535,245.6579,,,,
0.2542,2.2129249572753906,0.0002797619047619048,4.89,1125,,,,,,,,
,,,4.89,1125,0.3339201509952545,0.875,0.9106830122591945,251.1693,,,,
0.2413,0.052154310047626495,0.0002738095238095238,5.0,1150,,,,,,,,
,,,5.0,1150,0.34904712438583374,0.8799019607843137,0.9141856392294221,256.7685,,,,
0.1969,0.4731774628162384,0.00026785714285714287,5.11,1175,,,,,,,,
,,,5.11,1175,0.368183434009552,0.875,0.9103690685413005,262.2297,,,,
0.2272,4.71229887008667,0.0002619047619047619,5.22,1200,,,,,,,,
,,,5.22,1200,0.38746321201324463,0.8799019607843137,0.9162393162393162,267.822,,,,
0.1856,2.462153196334839,0.00025595238095238096,5.33,1225,,,,,,,,
,,,5.33,1225,0.4029313623905182,0.8872549019607843,0.9178571428571428,273.3676,,,,
0.2463,4.491264343261719,0.00025,5.43,1250,,,,,,,,
,,,5.43,1250,0.37778836488723755,0.8774509803921569,0.910394265232975,278.8353,,,,
0.2337,4.494163513183594,0.00024404761904761905,5.54,1275,,,,,,,,
,,,5.54,1275,0.34029701352119446,0.8700980392156863,0.9027522935779816,284.3645,,,,
0.2026,2.1033034324645996,0.0002380952380952381,5.65,1300,,,,,,,,
,,,5.65,1300,0.34316352009773254,0.875,0.9074410163339381,289.8536,,,,
0.183,0.9636436700820923,0.00023214285714285717,5.76,1325,,,,,,,,
,,,5.76,1325,0.38669684529304504,0.875,0.9084380610412927,295.5161,,,,
0.2882,3.83154296875,0.00022619047619047618,5.87,1350,,,,,,,,
,,,5.87,1350,0.34310483932495117,0.8700980392156863,0.9038112522686026,301.0826,,,,
0.2508,1.8101645708084106,0.00022023809523809523,5.98,1375,,,,,,,,
,,,5.98,1375,0.3244064450263977,0.8823529411764706,0.9145907473309609,306.7865,,,,
0.1582,7.611389636993408,0.00021428571428571427,6.09,1400,,,,,,,,
,,,6.09,1400,0.5786306858062744,0.8382352941176471,0.8918032786885245,312.1965,,,,
0.2306,0.9811922311782837,0.00020833333333333335,6.2,1425,,,,,,,,
,,,6.2,1425,0.3871490955352783,0.8700980392156863,0.9075043630017452,317.9395,,,,
0.1974,3.3008646965026855,0.0002023809523809524,6.3,1450,,,,,,,,
,,,6.3,1450,0.391465961933136,0.875,0.9064220183486239,323.3343,,,,
0.2174,2.493828296661377,0.00019642857142857144,6.41,1475,,,,,,,,
,,,6.41,1475,0.40104302763938904,0.8799019607843137,0.9141856392294221,328.8922,,,,
0.2369,1.2602028846740723,0.00019047619047619048,6.52,1500,,,,,,,,
,,,6.52,1500,0.4023604393005371,0.8799019607843137,0.9120287253141832,334.3666,,,,
0.1443,6.687378406524658,0.00018452380952380953,6.63,1525,,,,,,,,
,,,6.63,1525,0.42470693588256836,0.8651960784313726,0.9023090586145649,340.6143,,,,
0.2099,1.6563541889190674,0.00017857142857142857,6.74,1550,,,,,,,,
,,,6.74,1550,0.43475836515426636,0.8651960784313726,0.9001814882032667,346.1,,,,
0.2112,1.4380615949630737,0.00017261904761904762,6.85,1575,,,,,,,,
,,,6.85,1575,0.4437042772769928,0.875,0.9109947643979057,351.6097,,,,
0.2022,1.775438904762268,0.00016666666666666666,6.96,1600,,,,,,,,
,,,6.96,1600,0.4100981056690216,0.8725490196078431,0.907473309608541,357.2197,,,,
0.1757,3.3479440212249756,0.00016071428571428573,7.07,1625,,,,,,,,
,,,7.07,1625,0.4242364764213562,0.8700980392156863,0.9038112522686026,362.6024,,,,
0.2072,3.384321928024292,0.00015476190476190478,7.17,1650,,,,,,,,
,,,7.17,1650,0.4236854910850525,0.8725490196078431,0.9064748201438848,368.1551,,,,
0.1624,2.4083261489868164,0.00014880952380952382,7.28,1675,,,,,,,,
,,,7.28,1675,0.4594189524650574,0.875,0.9128205128205128,373.632,,,,
0.1813,3.1536552906036377,0.00014285714285714284,7.39,1700,,,,,,,,
,,,7.39,1700,0.45016756653785706,0.8848039215686274,0.919104991394148,379.2952,,,,
0.1674,2.1980786323547363,0.0001369047619047619,7.5,1725,,,,,,,,
,,,7.5,1725,0.4426143169403076,0.8725490196078431,0.9044117647058824,384.8782,,,,
0.1884,3.4296743869781494,0.00013095238095238096,7.61,1750,,,,,,,,
,,,7.61,1750,0.3999231457710266,0.8799019607843137,0.9147826086956522,390.4592,,,,
0.2151,4.227614879608154,0.000125,7.72,1775,,,,,,,,
,,,7.72,1775,0.40286993980407715,0.8774509803921569,0.9125874125874125,395.9938,,,,
0.1618,1.1336814165115356,0.00011904761904761905,7.83,1800,,,,,,,,
,,,7.83,1800,0.41776198148727417,0.8823529411764706,0.9157894736842105,401.4972,,,,
0.1963,1.0741608142852783,0.00011309523809523809,7.93,1825,,,,,,,,
,,,7.93,1825,0.3945963382720947,0.8848039215686274,0.9156193895870736,407.1721,,,,
0.2245,6.798146724700928,0.00010714285714285714,8.04,1850,,,,,,,,
,,,8.04,1850,0.43531376123428345,0.8799019607843137,0.9147826086956522,412.5981,,,,
0.1355,0.5430634021759033,0.0001011904761904762,8.15,1875,,,,,,,,
,,,8.15,1875,0.4169245660305023,0.8897058823529411,0.9200710479573712,418.1475,,,,
0.1352,0.19649335741996765,9.523809523809524e-05,8.26,1900,,,,,,,,
,,,8.26,1900,0.45379024744033813,0.8872549019607843,0.9190140845070423,423.664,,,,
0.1415,0.9014078974723816,8.928571428571429e-05,8.37,1925,,,,,,,,
,,,8.37,1925,0.45979735255241394,0.8799019607843137,0.913884007029877,429.2896,,,,
0.1241,4.482505798339844,8.333333333333333e-05,8.48,1950,,,,,,,,
,,,8.48,1950,0.49468573927879333,0.8872549019607843,0.9195804195804195,434.8596,,,,
0.1412,6.284190654754639,7.738095238095239e-05,8.59,1975,,,,,,,,
,,,8.59,1975,0.5054986476898193,0.8774509803921569,0.9131944444444444,440.3874,,,,
0.1671,2.1294820308685303,7.142857142857142e-05,8.7,2000,,,,,,,,
,,,8.7,2000,0.4608573913574219,0.8774509803921569,0.912280701754386,445.8821,,,,
0.1369,2.6657228469848633,6.547619047619048e-05,8.8,2025,,,,,,,,
,,,8.8,2025,0.45539578795433044,0.8823529411764706,0.9145907473309609,452.0747,,,,
0.2161,3.612224817276001,5.9523809523809524e-05,8.91,2050,,,,,,,,
,,,8.91,2050,0.46938392519950867,0.875,0.9113043478260869,457.5946,,,,
0.1718,0.5220222473144531,5.357142857142857e-05,9.02,2075,,,,,,,,
,,,9.02,2075,0.4556499421596527,0.8799019607843137,0.9144851657940662,463.0583,,,,
0.1094,4.517734050750732,4.761904761904762e-05,9.13,2100,,,,,,,,
,,,9.13,2100,0.4708288908004761,0.8848039215686274,0.91651865008881,468.5243,,,,
0.1463,0.33356964588165283,4.1666666666666665e-05,9.24,2125,,,,,,,,
,,,9.24,2125,0.4964759051799774,0.8799019607843137,0.9141856392294221,474.0421,,,,
0.1692,1.898398518562317,3.571428571428571e-05,9.35,2150,,,,,,,,
,,,9.35,2150,0.49497783184051514,0.8799019607843137,0.9141856392294221,479.5291,,,,
0.1249,0.9229716062545776,2.9761904761904762e-05,9.46,2175,,,,,,,,
,,,9.46,2175,0.48241281509399414,0.8823529411764706,0.915492957746479,485.1053,,,,
0.1365,2.879023790359497,2.380952380952381e-05,9.57,2200,,,,,,,,
,,,9.57,2200,0.4849834740161896,0.8799019607843137,0.9141856392294221,490.6555,,,,
0.1438,4.257433891296387,1.7857142857142855e-05,9.67,2225,,,,,,,,
,,,9.67,2225,0.4778282344341278,0.8799019607843137,0.913884007029877,496.1413,,,,
0.1876,1.1014572381973267,1.1904761904761905e-05,9.78,2250,,,,,,,,
,,,9.78,2250,0.4824122488498688,0.8774509803921569,0.9125874125874125,501.7257,,,,
0.1446,5.682331085205078,5.9523809523809525e-06,9.89,2275,,,,,,,,
,,,9.89,2275,0.4811643362045288,0.8774509803921569,0.9125874125874125,507.2859,,,,
0.1225,0.06957044452428818,0.0,10.0,2300,,,,,,,,
,,,10.0,2300,0.4794825315475464,0.8823529411764706,0.9157894736842105,512.8422,,,,
,,,10.0,2300,,,,512.4464,71.578,4.488,1460977291679136.0,0.2858105910601823
