loss,grad_norm,learning_rate,epoch,step,eval_loss,eval_accuracy,train_runtime,train_samples_per_second,train_steps_per_second,total_flos,train_loss
0.7039,0.7057013511657715,3.5e-06,0.00641025641025641,1,,,,,,,
0.7016,1.1285853385925293,0.000175,0.32051282051282054,50,,,,,,,
,,,0.32051282051282054,50,0.6916245222091675,0.5270758122743683,23.5484,,,,
0.6994,1.3758958578109741,0.00035,0.6410256410256411,100,,,,,,,
,,,0.6410256410256411,100,0.6894302368164062,0.5523465703971119,48.7537,,,,
0.698,1.7345523834228516,0.000525,0.9615384615384616,150,,,,,,,
,,,0.9615384615384616,150,0.6904367208480835,0.5451263537906137,73.6993,,,,
0.6929,4.709707260131836,0.0007,1.282051282051282,200,,,,,,,
,,,1.282051282051282,200,0.7242000699043274,0.5270758122743683,98.5899,,,,
0.6821,1.377426028251648,0.0006742647058823529,1.6025641025641026,250,,,,,,,
,,,1.6025641025641026,250,0.6376508474349976,0.628158844765343,123.054,,,,
0.6641,1.9367966651916504,0.0006485294117647059,1.9230769230769231,300,,,,,,,
,,,1.9230769230769231,300,0.6853289008140564,0.5776173285198556,147.5,,,,
0.6302,2.265597105026245,0.0006227941176470587,2.2435897435897436,350,,,,,,,
,,,2.2435897435897436,350,0.6083563566207886,0.7075812274368231,171.4588,,,,
0.613,1.9529342651367188,0.0005970588235294117,2.564102564102564,400,,,,,,,
,,,2.564102564102564,400,0.6016557812690735,0.6895306859205776,195.8836,,,,
0.5813,2.5745832920074463,0.0005713235294117647,2.8846153846153846,450,,,,,,,
,,,2.8846153846153846,450,0.5440828800201416,0.7364620938628159,220.7016,,,,
0.5521,2.1572110652923584,0.0005455882352941177,3.2051282051282053,500,,,,,,,
,,,3.2051282051282053,500,0.5522785782814026,0.7472924187725631,245.1524,,,,
0.5015,3.850717782974243,0.0005198529411764706,3.5256410256410255,550,,,,,,,
,,,3.5256410256410255,550,0.5232806205749512,0.740072202166065,269.8567,,,,
0.4674,5.474226474761963,0.0004941176470588236,3.8461538461538463,600,,,,,,,
,,,3.8461538461538463,600,0.5501133799552917,0.7509025270758123,294.3062,,,,
0.3783,7.438413619995117,0.00046838235294117644,4.166666666666667,650,,,,,,,
,,,4.166666666666667,650,0.5406084060668945,0.7328519855595668,319.268,,,,
0.3508,7.363749027252197,0.0004426470588235294,4.487179487179487,700,,,,,,,
,,,4.487179487179487,700,1.0858227014541626,0.7653429602888087,343.7114,,,,
0.3752,6.195372104644775,0.00041691176470588234,4.8076923076923075,750,,,,,,,
,,,4.8076923076923075,750,0.6758754849433899,0.7436823104693141,367.8449,,,,
0.2629,1.093138575553894,0.0003911764705882353,5.128205128205128,800,,,,,,,
,,,5.128205128205128,800,0.6854418516159058,0.7689530685920578,392.2763,,,,
0.2515,2.879318952560425,0.00036544117647058824,5.448717948717949,850,,,,,,,
,,,5.448717948717949,850,0.6412919163703918,0.776173285198556,417.2593,,,,
0.1864,5.59149169921875,0.0003397058823529412,5.769230769230769,900,,,,,,,
,,,5.769230769230769,900,0.9807601571083069,0.7833935018050542,441.759,,,,
0.2085,11.053459167480469,0.00031397058823529414,6.089743589743589,950,,,,,,,
,,,6.089743589743589,950,1.0147017240524292,0.7364620938628159,466.052,,,,
0.1506,3.1617040634155273,0.00028823529411764703,6.410256410256411,1000,,,,,,,
,,,6.410256410256411,1000,0.998832643032074,0.7509025270758123,490.4475,,,,
0.1614,4.710911273956299,0.0002625,6.730769230769231,1050,,,,,,,
,,,6.730769230769231,1050,0.8451254963874817,0.7833935018050542,515.4976,,,,
0.1139,0.20318566262722015,0.00023676470588235296,7.051282051282051,1100,,,,,,,
,,,7.051282051282051,1100,1.066101312637329,0.7689530685920578,540.559,,,,
0.0668,14.377545356750488,0.00021102941176470586,7.371794871794872,1150,,,,,,,
,,,7.371794871794872,1150,1.6971195936203003,0.740072202166065,565.6139,,,,
0.1043,2.2578015327453613,0.00018529411764705883,7.6923076923076925,1200,,,,,,,
,,,7.6923076923076925,1200,1.0757997035980225,0.7545126353790613,589.587,,,,
0.1041,45.81212615966797,0.00015955882352941176,8.012820512820513,1250,,,,,,,
,,,8.012820512820513,1250,1.2787007093429565,0.7545126353790613,614.1912,,,,
0.0631,0.040873777121305466,0.0001338235294117647,8.333333333333334,1300,,,,,,,
,,,8.333333333333334,1300,1.2023582458496094,0.7725631768953068,638.4576,,,,
0.0508,5.712488174438477,0.00010808823529411764,8.653846153846153,1350,,,,,,,
,,,8.653846153846153,1350,1.1769942045211792,0.7942238267148014,662.7081,,,,
0.0414,0.5679265260696411,8.235294117647058e-05,8.974358974358974,1400,,,,,,,
,,,8.974358974358974,1400,1.3821018934249878,0.7689530685920578,686.7645,,,,
0.0202,18.461193084716797,5.661764705882353e-05,9.294871794871796,1450,,,,,,,
,,,9.294871794871796,1450,1.5672966241836548,0.7617328519855595,711.0394,,,,
0.0237,2.7322440147399902,3.0882352941176475e-05,9.615384615384615,1500,,,,,,,
,,,9.615384615384615,1500,1.4507713317871094,0.779783393501805,735.6339,,,,
0.0484,12.838948249816895,5.147058823529411e-06,9.935897435897436,1550,,,,,,,
,,,9.935897435897436,1550,1.4617055654525757,0.779783393501805,760.536,,,,
,,,10.0,1560,,,764.2098,32.583,2.041,2171720299469760.0,0.33515954644252094
