loss,grad_norm,learning_rate,epoch,step,eval_loss,eval_accuracy,train_runtime,train_samples_per_second,train_steps_per_second,total_flos,train_loss
0.718,1.702351689338684,3.5e-06,0.00641025641025641,1,,,,,,,
0.7038,1.2967664003372192,8.75e-05,0.16025641025641027,25,,,,,,,
,,,0.16025641025641027,25,0.7059431672096252,0.4729241877256318,10.4873,,,,
0.7197,0.8769617080688477,0.000175,0.32051282051282054,50,,,,,,,
,,,0.32051282051282054,50,0.692659854888916,0.5270758122743683,20.4137,,,,
0.7001,0.440482497215271,0.0002625,0.4807692307692308,75,,,,,,,
,,,0.4807692307692308,75,0.6966025233268738,0.5270758122743683,31.54,,,,
0.7015,1.7066824436187744,0.00035,0.6410256410256411,100,,,,,,,
,,,0.6410256410256411,100,0.687282145023346,0.5270758122743683,41.7941,,,,
0.6865,1.417985439300537,0.0004375,0.8012820512820513,125,,,,,,,
,,,0.8012820512820513,125,0.7419346570968628,0.4729241877256318,52.867,,,,
0.7068,1.9598863124847412,0.000525,0.9615384615384616,150,,,,,,,
,,,0.9615384615384616,150,0.6937364935874939,0.4981949458483754,63.2643,,,,
0.6995,2.830336093902588,0.0006125,1.1217948717948718,175,,,,,,,
,,,1.1217948717948718,175,0.6973817348480225,0.4657039711191336,74.0338,,,,
0.6983,2.777176856994629,0.0007,1.282051282051282,200,,,,,,,
,,,1.282051282051282,200,0.6819077134132385,0.5884476534296029,84.8353,,,,
0.7006,0.814102053642273,0.0006871323529411764,1.4423076923076923,225,,,,,,,
,,,1.4423076923076923,225,0.7041178941726685,0.4729241877256318,95.5533,,,,
0.7148,1.4658257961273193,0.0006742647058823529,1.6025641025641026,250,,,,,,,
,,,1.6025641025641026,250,0.6895931363105774,0.5523465703971119,106.4209,,,,
0.708,1.7579113245010376,0.0006613970588235294,1.7628205128205128,275,,,,,,,
,,,1.7628205128205128,275,0.6943818926811218,0.5270758122743683,116.8472,,,,
0.6968,0.9901979565620422,0.0006485294117647059,1.9230769230769231,300,,,,,,,
,,,1.9230769230769231,300,0.7523613572120667,0.4729241877256318,127.9718,,,,
0.6965,0.9502153396606445,0.0006356617647058823,2.0833333333333335,325,,,,,,,
,,,2.0833333333333335,325,0.6568629145622253,0.592057761732852,138.4422,,,,
0.6773,1.8803266286849976,0.0006227941176470587,2.2435897435897436,350,,,,,,,
,,,2.2435897435897436,350,0.6326091289520264,0.6534296028880866,149.0474,,,,
0.6652,3.0414552688598633,0.0006099264705882353,2.4038461538461537,375,,,,,,,
,,,2.4038461538461537,375,0.6840444803237915,0.5848375451263538,159.9115,,,,
0.6913,0.7508284449577332,0.0005970588235294117,2.564102564102564,400,,,,,,,
,,,2.564102564102564,400,0.6918995976448059,0.5270758122743683,170.7729,,,,
0.6958,0.4938916563987732,0.0005841911764705882,2.7243589743589745,425,,,,,,,
,,,2.7243589743589745,425,0.7066575288772583,0.4729241877256318,181.7185,,,,
0.7073,0.5839270949363708,0.0005713235294117647,2.8846153846153846,450,,,,,,,
,,,2.8846153846153846,450,0.7090705037117004,0.5270758122743683,192.7075,,,,
0.69,0.47933173179626465,0.0005584558823529412,3.0448717948717947,475,,,,,,,
,,,3.0448717948717947,475,0.6920998096466064,0.5270758122743683,203.4282,,,,
0.7049,1.0590925216674805,0.0005455882352941177,3.2051282051282053,500,,,,,,,
,,,3.2051282051282053,500,0.6933538317680359,0.4729241877256318,214.3897,,,,
0.7036,2.111203193664551,0.0005327205882352941,3.3653846153846154,525,,,,,,,
,,,3.3653846153846154,525,0.69170743227005,0.5270758122743683,225.8008,,,,
0.7024,1.494645118713379,0.0005198529411764706,3.5256410256410255,550,,,,,,,
,,,3.5256410256410255,550,0.6920471787452698,0.5270758122743683,236.2726,,,,
0.6996,0.37618738412857056,0.0005069852941176471,3.685897435897436,575,,,,,,,
,,,3.685897435897436,575,0.692347526550293,0.5270758122743683,246.7951,,,,
0.6969,0.8003028631210327,0.0004941176470588236,3.8461538461538463,600,,,,,,,
,,,3.8461538461538463,600,0.6962066888809204,0.4729241877256318,258.0129,,,,
0.7005,1.5035871267318726,0.00048125,4.006410256410256,625,,,,,,,
,,,4.006410256410256,625,0.6971652507781982,0.4729241877256318,269.0712,,,,
0.6928,0.6189409494400024,0.00046838235294117644,4.166666666666667,650,,,,,,,
,,,4.166666666666667,650,0.6931312084197998,0.5270758122743683,280.119,,,,
0.7019,0.5967336893081665,0.00045551470588235297,4.326923076923077,675,,,,,,,
,,,4.326923076923077,675,0.692471981048584,0.5270758122743683,290.6486,,,,
0.6957,0.8994365334510803,0.0004426470588235294,4.487179487179487,700,,,,,,,
,,,4.487179487179487,700,0.7026696801185608,0.4729241877256318,301.8275,,,,
0.6953,0.7878149747848511,0.0004297794117647059,4.647435897435898,725,,,,,,,
,,,4.647435897435898,725,0.691699743270874,0.5270758122743683,312.4945,,,,
0.698,1.533897876739502,0.00041691176470588234,4.8076923076923075,750,,,,,,,
,,,4.8076923076923075,750,0.6925333142280579,0.5270758122743683,323.4362,,,,
0.689,0.9670868515968323,0.00040404411764705876,4.967948717948718,775,,,,,,,
,,,4.967948717948718,775,0.6954551935195923,0.5270758122743683,334.0993,,,,
0.6988,0.37489914894104004,0.0003911764705882353,5.128205128205128,800,,,,,,,
,,,5.128205128205128,800,0.6916758418083191,0.5270758122743683,345.1412,,,,
0.7047,1.3406646251678467,0.00037830882352941176,5.288461538461538,825,,,,,,,
,,,5.288461538461538,825,0.6918195486068726,0.5270758122743683,356.1185,,,,
0.6999,0.6528749465942383,0.00036544117647058824,5.448717948717949,850,,,,,,,
,,,5.448717948717949,850,0.6932564377784729,0.4729241877256318,367.5303,,,,
0.6991,2.782808542251587,0.0003525735294117647,5.608974358974359,875,,,,,,,
,,,5.608974358974359,875,0.6917088627815247,0.5270758122743683,378.8,,,,
0.6991,2.3523240089416504,0.0003397058823529412,5.769230769230769,900,,,,,,,
,,,5.769230769230769,900,0.6974658966064453,0.4729241877256318,389.5715,,,,
0.6923,0.4756752550601959,0.00032683823529411766,5.92948717948718,925,,,,,,,
,,,5.92948717948718,925,0.6941170692443848,0.4729241877256318,400.3986,,,,
0.6905,0.594078540802002,0.00031397058823529414,6.089743589743589,950,,,,,,,
,,,6.089743589743589,950,0.6930406093597412,0.5270758122743683,411.2801,,,,
0.6927,1.3392194509506226,0.0003011029411764706,6.25,975,,,,,,,
,,,6.25,975,0.6917177438735962,0.5270758122743683,422.4185,,,,
0.6988,1.2109426259994507,0.00028823529411764703,6.410256410256411,1000,,,,,,,
,,,6.410256410256411,1000,0.6937915086746216,0.4729241877256318,433.147,,,,
0.6942,1.1678153276443481,0.0002753676470588235,6.57051282051282,1025,,,,,,,
,,,6.57051282051282,1025,0.6984838843345642,0.4729241877256318,444.4773,,,,
0.6928,0.5474012494087219,0.0002625,6.730769230769231,1050,,,,,,,
,,,6.730769230769231,1050,0.6960799694061279,0.4729241877256318,455.5578,,,,
0.7023,0.9103711247444153,0.00024963235294117646,6.891025641025641,1075,,,,,,,
,,,6.891025641025641,1075,0.6921429634094238,0.5270758122743683,467.1881,,,,
0.6939,1.1672143936157227,0.00023676470588235296,7.051282051282051,1100,,,,,,,
,,,7.051282051282051,1100,0.6928020715713501,0.5270758122743683,477.8982,,,,
0.6929,0.8166015148162842,0.00022389705882352938,7.211538461538462,1125,,,,,,,
,,,7.211538461538462,1125,0.6946508884429932,0.4729241877256318,488.5714,,,,
0.6925,0.5842728614807129,0.00021102941176470586,7.371794871794872,1150,,,,,,,
,,,7.371794871794872,1150,0.6929978728294373,0.5270758122743683,500.3292,,,,
0.6957,0.33251261711120605,0.00019816176470588236,7.532051282051282,1175,,,,,,,
,,,7.532051282051282,1175,0.6916930079460144,0.5270758122743683,511.0051,,,,
0.6933,0.6768162250518799,0.00018529411764705883,7.6923076923076925,1200,,,,,,,
,,,7.6923076923076925,1200,0.6938685774803162,0.4729241877256318,521.8368,,,,
0.6967,0.8962113857269287,0.0001724264705882353,7.852564102564102,1225,,,,,,,
,,,7.852564102564102,1225,0.691730797290802,0.5270758122743683,532.9819,,,,
0.6969,0.6621546149253845,0.00015955882352941176,8.012820512820513,1250,,,,,,,
,,,8.012820512820513,1250,0.6936503648757935,0.4729241877256318,543.9425,,,,
0.6942,0.7225779891014099,0.00014669117647058823,8.173076923076923,1275,,,,,,,
,,,8.173076923076923,1275,0.6929442286491394,0.5270758122743683,555.0064,,,,
0.6928,0.7799481153488159,0.0001338235294117647,8.333333333333334,1300,,,,,,,
,,,8.333333333333334,1300,0.6919988989830017,0.5270758122743683,565.7069,,,,
0.6928,1.4445228576660156,0.00012095588235294117,8.493589743589745,1325,,,,,,,
,,,8.493589743589745,1325,0.6919909119606018,0.5270758122743683,577.1028,,,,
0.6955,0.3182990849018097,0.00010808823529411764,8.653846153846153,1350,,,,,,,
,,,8.653846153846153,1350,0.6922996044158936,0.5270758122743683,587.6215,,,,
0.6932,1.440381407737732,9.52205882352941e-05,8.814102564102564,1375,,,,,,,
,,,8.814102564102564,1375,0.6926125288009644,0.5270758122743683,598.5793,,,,
0.6937,0.5008771419525146,8.235294117647058e-05,8.974358974358974,1400,,,,,,,
,,,8.974358974358974,1400,0.6930317282676697,0.5270758122743683,609.3628,,,,
0.6931,0.29501262307167053,6.948529411764706e-05,9.134615384615385,1425,,,,,,,
,,,9.134615384615385,1425,0.6939855813980103,0.4729241877256318,620.0683,,,,
0.6958,0.3859899640083313,5.661764705882353e-05,9.294871794871796,1450,,,,,,,
,,,9.294871794871796,1450,0.6930774450302124,0.5270758122743683,631.047,,,,
0.6932,0.4297617971897125,4.375e-05,9.455128205128204,1475,,,,,,,
,,,9.455128205128204,1475,0.6935892701148987,0.4729241877256318,641.7363,,,,
0.6945,0.310973584651947,3.0882352941176475e-05,9.615384615384615,1500,,,,,,,
,,,9.615384615384615,1500,0.6926693916320801,0.5270758122743683,653.1397,,,,
0.6917,1.8629512786865234,1.801470588235294e-05,9.775641025641026,1525,,,,,,,
,,,9.775641025641026,1525,0.6925873160362244,0.5270758122743683,664.5098,,,,
0.6942,0.28949984908103943,5.147058823529411e-06,9.935897435897436,1550,,,,,,,
,,,9.935897435897436,1550,0.6926652789115906,0.5270758122743683,675.4556,,,,
,,,10.0,1560,,,678.2353,36.713,2.3,2135696326810560.0,0.6966474723357421
