loss,grad_norm,learning_rate,epoch,step,eval_loss,eval_accuracy,eval_f1,train_runtime,train_samples_per_second,train_steps_per_second,total_flos,train_loss
0.6859,0.8968190550804138,2.5000000000000004e-07,0.0,1,,,,,,,,
0.7278,2.1978580951690674,6.25e-06,0.11,25,,,,,,,,
,,,0.11,25,0.7015451192855835,0.3161764705882353,0.0,8.2656,,,,
0.6734,2.128108263015747,1.25e-05,0.22,50,,,,,,,,
,,,0.22,50,0.6038886308670044,0.6838235294117647,0.8122270742358079,15.3951,,,,
0.6117,5.009086608886719,1.8750000000000002e-05,0.33,75,,,,,,,,
,,,0.33,75,0.5505440831184387,0.6985294117647058,0.8183161004431315,22.7003,,,,
0.568,8.873220443725586,2.5e-05,0.43,100,,,,,,,,
,,,0.43,100,0.5009385347366333,0.7132352941176471,0.823529411764706,29.9475,,,,
0.4705,11.943029403686523,3.125e-05,0.54,125,,,,,,,,
,,,0.54,125,0.6105089783668518,0.7450980392156863,0.8404907975460123,37.2618,,,,
0.4903,11.134865760803223,3.7500000000000003e-05,0.65,150,,,,,,,,
,,,0.65,150,0.456695556640625,0.821078431372549,0.8809135399673736,44.5404,,,,
0.5123,9.786023139953613,4.375e-05,0.76,175,,,,,,,,
,,,0.76,175,0.458171010017395,0.7916666666666666,0.8343079922027291,52.1087,,,,
0.5591,14.062540054321289,5e-05,0.87,200,,,,,,,,
,,,0.87,200,0.44338876008987427,0.8406862745098039,0.8922056384742951,59.5944,,,,
0.498,18.985570907592773,4.940476190476191e-05,0.98,225,,,,,,,,
,,,0.98,225,0.5133957862854004,0.8259803921568627,0.8672897196261682,67.0122,,,,
0.4711,23.575101852416992,4.880952380952381e-05,1.09,250,,,,,,,,
,,,1.09,250,0.46388858556747437,0.8431372549019608,0.8904109589041096,74.264,,,,
0.4143,12.324189186096191,4.8214285714285716e-05,1.2,275,,,,,,,,
,,,1.2,275,0.34245699644088745,0.8627450980392157,0.9020979020979022,81.7287,,,,
0.433,13.40887451171875,4.761904761904762e-05,1.3,300,,,,,,,,
,,,1.3,300,0.41496068239212036,0.8186274509803921,0.8786885245901639,89.2657,,,,
0.4677,55.965599060058594,4.7023809523809525e-05,1.41,325,,,,,,,,
,,,1.41,325,0.590002179145813,0.7769607843137255,0.8154158215010142,96.8319,,,,
0.4916,30.65790367126465,4.642857142857143e-05,1.52,350,,,,,,,,
,,,1.52,350,0.37343651056289673,0.8406862745098039,0.8881239242685025,104.4487,,,,
0.3595,11.822513580322266,4.5833333333333334e-05,1.63,375,,,,,,,,
,,,1.63,375,0.31416237354278564,0.875,0.9084380610412927,111.9958,,,,
0.2986,8.725522994995117,4.523809523809524e-05,1.74,400,,,,,,,,
,,,1.74,400,0.45069414377212524,0.8553921568627451,0.9001692047377327,119.6299,,,,
0.3927,15.113150596618652,4.464285714285715e-05,1.85,425,,,,,,,,
,,,1.85,425,0.34266766905784607,0.8725490196078431,0.9097222222222222,127.4261,,,,
0.3957,28.708473205566406,4.404761904761905e-05,1.96,450,,,,,,,,
,,,1.96,450,0.4382074475288391,0.8357843137254902,0.8866328257191202,135.3248,,,,
0.2716,13.006024360656738,4.345238095238096e-05,2.07,475,,,,,,,,
,,,2.07,475,0.3963084816932678,0.8799019607843137,0.9150779896013865,142.7825,,,,
0.251,16.884977340698242,4.2857142857142856e-05,2.17,500,,,,,,,,
,,,2.17,500,0.45155343413352966,0.8725490196078431,0.9090909090909091,150.629,,,,
0.1989,17.63395118713379,4.226190476190476e-05,2.28,525,,,,,,,,
,,,2.28,525,0.40721189975738525,0.8529411764705882,0.8936170212765957,164.1377,,,,
0.2483,26.777578353881836,4.166666666666667e-05,2.39,550,,,,,,,,
,,,2.39,550,0.5891035199165344,0.8553921568627451,0.8952042628774423,171.8238,,,,
0.3165,1.844580054283142,4.107142857142857e-05,2.5,575,,,,,,,,
,,,2.5,575,0.4676894247531891,0.8431372549019608,0.8907849829351535,179.6767,,,,
0.298,43.794960021972656,4.047619047619048e-05,2.61,600,,,,,,,,
,,,2.61,600,0.34123021364212036,0.875,0.9064220183486239,187.4126,,,,
0.2468,20.6844425201416,3.9880952380952386e-05,2.72,625,,,,,,,,
,,,2.72,625,0.42039915919303894,0.8774509803921569,0.9107142857142857,195.2633,,,,
0.2954,5.9944915771484375,3.928571428571429e-05,2.83,650,,,,,,,,
,,,2.83,650,0.3504989445209503,0.8725490196078431,0.9057971014492753,203.1131,,,,
0.2792,23.829063415527344,3.8690476190476195e-05,2.93,675,,,,,,,,
,,,2.93,675,0.37640008330345154,0.8602941176470589,0.8969258589511754,210.9792,,,,
0.161,3.7459006309509277,3.809523809523809e-05,3.04,700,,,,,,,,
,,,3.04,700,0.6396666765213013,0.8651960784313726,0.9001814882032667,218.5429,,,,
0.2186,1.6292976140975952,3.7500000000000003e-05,3.15,725,,,,,,,,
,,,3.15,725,0.5715303421020508,0.8725490196078431,0.9112627986348123,226.3831,,,,
0.1582,0.41850700974464417,3.690476190476191e-05,3.26,750,,,,,,,,
,,,3.26,750,0.49040839076042175,0.8774509803921569,0.9125874125874125,234.3204,,,,
0.1931,9.328179359436035,3.630952380952381e-05,3.37,775,,,,,,,,
,,,3.37,775,0.5274335741996765,0.8799019607843137,0.9129662522202486,242.1872,,,,
0.1783,2.4126033782958984,3.571428571428572e-05,3.48,800,,,,,,,,
,,,3.48,800,0.4669334590435028,0.8823529411764706,0.9145907473309609,250.2473,,,,
0.2812,26.451927185058594,3.511904761904762e-05,3.59,825,,,,,,,,
,,,3.59,825,0.38233625888824463,0.8578431372549019,0.894927536231884,258.551,,,,
0.1474,17.8720703125,3.4523809523809526e-05,3.7,850,,,,,,,,
,,,3.7,850,0.7994598746299744,0.8700980392156863,0.9038112522686026,266.9065,,,,
0.1869,17.300189971923828,3.392857142857143e-05,3.8,875,,,,,,,,
,,,3.8,875,0.738596498966217,0.8504901960784313,0.891651865008881,275.0422,,,,
0.1836,0.1908397227525711,3.3333333333333335e-05,3.91,900,,,,,,,,
,,,3.91,900,0.9729655981063843,0.8455882352941176,0.8951747088186357,283.2139,,,,
0.2983,33.234642028808594,3.273809523809524e-05,4.02,925,,,,,,,,
,,,4.02,925,0.6716297268867493,0.8406862745098039,0.8900169204737733,291.0449,,,,
0.0866,0.10850246995687485,3.2142857142857144e-05,4.13,950,,,,,,,,
,,,4.13,950,0.6636657118797302,0.8553921568627451,0.8970331588132635,299.1194,,,,
0.0985,0.18826250731945038,3.154761904761905e-05,4.24,975,,,,,,,,
,,,4.24,975,0.7136680483818054,0.8627450980392157,0.9020979020979022,306.9588,,,,
0.1101,0.13512057065963745,3.095238095238095e-05,4.35,1000,,,,,,,,
,,,4.35,1000,0.6197320818901062,0.8676470588235294,0.9003690036900369,314.8393,,,,
0.2103,10.327903747558594,3.0357142857142857e-05,4.46,1025,,,,,,,,
,,,4.46,1025,0.5522332787513733,0.8651960784313726,0.8994515539305302,328.7023,,,,
0.0765,0.19841955602169037,2.9761904761904762e-05,4.57,1050,,,,,,,,
,,,4.57,1050,0.5759996175765991,0.8627450980392157,0.8985507246376813,336.8199,,,,
0.149,2.2131662368774414,2.916666666666667e-05,4.67,1075,,,,,,,,
,,,4.67,1075,0.6672331094741821,0.8578431372549019,0.8953068592057761,344.9374,,,,
0.1526,1.1586495637893677,2.857142857142857e-05,4.78,1100,,,,,,,,
,,,4.78,1100,0.5816097855567932,0.8602941176470589,0.9008695652173914,353.1437,,,,
0.073,0.18721544742584229,2.797619047619048e-05,4.89,1125,,,,,,,,
,,,4.89,1125,0.6684966683387756,0.8725490196078431,0.9071428571428571,361.3111,,,,
0.1648,0.056575458496809006,2.7380952380952383e-05,5.0,1150,,,,,,,,
,,,5.0,1150,0.6978549361228943,0.8602941176470589,0.900523560209424,369.3888,,,,
0.0381,0.052690714597702026,2.6785714285714288e-05,5.11,1175,,,,,,,,
,,,5.11,1175,0.7004910707473755,0.8651960784313726,0.9005424954792043,377.3773,,,,
0.0566,0.6757463812828064,2.6190476190476192e-05,5.22,1200,,,,,,,,
,,,5.22,1200,0.7788848876953125,0.8651960784313726,0.9012567324955117,385.4787,,,,
0.0616,0.04665027931332588,2.5595238095238093e-05,5.33,1225,,,,,,,,
,,,5.33,1225,0.6721969246864319,0.875,0.9060773480662982,393.4985,,,,
0.1391,1.5743268728256226,2.5e-05,5.43,1250,,,,,,,,
,,,5.43,1250,0.6551434397697449,0.8676470588235294,0.9042553191489361,401.4452,,,,
0.0595,11.817954063415527,2.4404761904761906e-05,5.54,1275,,,,,,,,
,,,5.54,1275,0.674326479434967,0.8725490196078431,0.9051094890510949,409.4398,,,,
0.0981,0.04571491852402687,2.380952380952381e-05,5.65,1300,,,,,,,,
,,,5.65,1300,0.7203381657600403,0.8602941176470589,0.8998242530755711,417.4949,,,,
0.0444,0.08589700609445572,2.3214285714285715e-05,5.76,1325,,,,,,,,
,,,5.76,1325,0.724692702293396,0.8602941176470589,0.8946395563770795,425.7338,,,,
0.0808,0.09098756313323975,2.261904761904762e-05,5.87,1350,,,,,,,,
,,,5.87,1350,0.702837347984314,0.8602941176470589,0.8991150442477877,433.9048,,,,
0.0456,0.05035266652703285,2.2023809523809524e-05,5.98,1375,,,,,,,,
,,,5.98,1375,0.649793267250061,0.8774509803921569,0.9090909090909091,442.1626,,,,
0.0536,0.05493812635540962,2.1428571428571428e-05,6.09,1400,,,,,,,,
,,,6.09,1400,0.6933227181434631,0.8725490196078431,0.9068100358422939,450.0992,,,,
0.0483,4.4464640617370605,2.0833333333333336e-05,6.2,1425,,,,,,,,
,,,6.2,1425,0.7800785303115845,0.8676470588235294,0.9003690036900369,458.3799,,,,
0.0707,1.1221935749053955,2.023809523809524e-05,6.3,1450,,,,,,,,
,,,6.3,1450,0.7331613898277283,0.8676470588235294,0.9052631578947367,466.2659,,,,
0.0645,0.22315946221351624,1.9642857142857145e-05,6.41,1475,,,,,,,,
,,,6.41,1475,0.6603200435638428,0.8774509803921569,0.9113475177304964,474.3056,,,,
0.0294,0.029080865904688835,1.9047619047619046e-05,6.52,1500,,,,,,,,
,,,6.52,1500,0.7117044925689697,0.8799019607843137,0.9107468123861567,482.3153,,,,
0.0721,0.12845991551876068,1.8452380952380954e-05,6.63,1525,,,,,,,,
,,,6.63,1525,0.861469030380249,0.8676470588235294,0.9055944055944055,496.4085,,,,
0.0902,0.021629316732287407,1.785714285714286e-05,6.74,1550,,,,,,,,
,,,6.74,1550,0.7733511924743652,0.8725490196078431,0.9068100358422939,504.3644,,,,
0.0191,0.01682705618441105,1.7261904761904763e-05,6.85,1575,,,,,,,,
,,,6.85,1575,0.7712337970733643,0.8725490196078431,0.9057971014492753,512.4728,,,,
0.0201,0.05654856935143471,1.6666666666666667e-05,6.96,1600,,,,,,,,
,,,6.96,1600,0.835006058216095,0.8774509803921569,0.911032028469751,520.7235,,,,
0.0408,0.293211966753006,1.6071428571428572e-05,7.07,1625,,,,,,,,
,,,7.07,1625,0.8189195990562439,0.8700980392156863,0.9048473967684021,528.6878,,,,
0.051,0.027805540710687637,1.5476190476190476e-05,7.17,1650,,,,,,,,
,,,7.17,1650,0.8162689805030823,0.8651960784313726,0.9026548672566371,536.7516,,,,
0.0028,0.024921799078583717,1.4880952380952381e-05,7.28,1675,,,,,,,,
,,,7.28,1675,0.9009831547737122,0.8651960784313726,0.9043478260869565,544.817,,,,
0.0707,0.03728043660521507,1.4285714285714285e-05,7.39,1700,,,,,,,,
,,,7.39,1700,0.8853722214698792,0.8553921568627451,0.8970331588132635,552.9617,,,,
0.0166,1.2343767881393433,1.3690476190476192e-05,7.5,1725,,,,,,,,
,,,7.5,1725,0.8588359355926514,0.8578431372549019,0.8960573476702509,561.1217,,,,
0.0207,0.022748732939362526,1.3095238095238096e-05,7.61,1750,,,,,,,,
,,,7.61,1750,0.9154941439628601,0.8529411764705882,0.8939929328621908,569.1909,,,,
0.0446,33.007904052734375,1.25e-05,7.72,1775,,,,,,,,
,,,7.72,1775,0.9593082666397095,0.8504901960784313,0.893169877408056,577.2735,,,,
0.0158,0.08939449489116669,1.1904761904761905e-05,7.83,1800,,,,,,,,
,,,7.83,1800,0.838681161403656,0.8725490196078431,0.9054545454545455,585.2569,,,,
0.0435,0.01976519078016281,1.130952380952381e-05,7.93,1825,,,,,,,,
,,,7.93,1825,0.8837541937828064,0.8651960784313726,0.9023090586145649,593.5697,,,,
0.0185,0.04997534304857254,1.0714285714285714e-05,8.04,1850,,,,,,,,
,,,8.04,1850,0.8282455205917358,0.875,0.9087656529516995,601.4775,,,,
0.008,0.013542250730097294,1.011904761904762e-05,8.15,1875,,,,,,,,
,,,8.15,1875,0.9273514747619629,0.8602941176470589,0.9001751313485115,609.5826,,,,
0.0197,0.007598950061947107,9.523809523809523e-06,8.26,1900,,,,,,,,
,,,8.26,1900,0.880085825920105,0.8651960784313726,0.9012567324955117,617.6663,,,,
0.0217,0.008801099844276905,8.92857142857143e-06,8.37,1925,,,,,,,,
,,,8.37,1925,0.859114408493042,0.8700980392156863,0.9041591320072333,625.838,,,,
0.0187,0.02763589285314083,8.333333333333334e-06,8.48,1950,,,,,,,,
,,,8.48,1950,0.8565394282341003,0.8700980392156863,0.9061946902654867,634.0491,,,,
0.0113,0.03637053072452545,7.738095238095238e-06,8.59,1975,,,,,,,,
,,,8.59,1975,0.8775925040245056,0.8676470588235294,0.9049295774647886,641.9879,,,,
0.059,0.009035422466695309,7.142857142857143e-06,8.7,2000,,,,,,,,
,,,8.7,2000,0.9435674548149109,0.8578431372549019,0.8986013986013986,650.0463,,,,
0.0142,0.008018052205443382,6.547619047619048e-06,8.8,2025,,,,,,,,
,,,8.8,2025,0.8640243411064148,0.8725490196078431,0.907473309608541,666.4069,,,,
0.0332,0.6978365778923035,5.9523809523809525e-06,8.91,2050,,,,,,,,
,,,8.91,2050,0.8687222599983215,0.8725490196078431,0.9057971014492753,674.4512,,,,
0.0356,0.010124091058969498,5.357142857142857e-06,9.02,2075,,,,,,,,
,,,9.02,2075,0.9089089035987854,0.8651960784313726,0.9033391915641477,682.2153,,,,
0.0003,0.0051955836825072765,4.7619047619047615e-06,9.13,2100,,,,,,,,
,,,9.13,2100,0.879959762096405,0.8651960784313726,0.9016100178890876,690.203,,,,
0.0245,0.009352927096188068,4.166666666666667e-06,9.24,2125,,,,,,,,
,,,9.24,2125,0.8918061852455139,0.8627450980392157,0.900709219858156,698.1833,,,,
0.0003,0.008887133561074734,3.5714285714285714e-06,9.35,2150,,,,,,,,
,,,9.35,2150,0.913358211517334,0.8651960784313726,0.9029982363315697,706.1972,,,,
0.0243,0.006894332356750965,2.9761904761904763e-06,9.46,2175,,,,,,,,
,,,9.46,2175,0.8942210078239441,0.8651960784313726,0.9023090586145649,714.3131,,,,
0.0003,0.013835200108587742,2.3809523809523808e-06,9.57,2200,,,,,,,,
,,,9.57,2200,0.8889244794845581,0.8676470588235294,0.9039145907473309,722.3426,,,,
0.0003,0.008154400624334812,1.7857142857142857e-06,9.67,2225,,,,,,,,
,,,9.67,2225,0.8893176913261414,0.8700980392156863,0.9055258467023173,730.3991,,,,
0.0006,0.007125422358512878,1.1904761904761904e-06,9.78,2250,,,,,,,,
,,,9.78,2250,0.8908689618110657,0.8700980392156863,0.9055258467023173,738.4601,,,,
0.0005,0.006034214980900288,5.952380952380952e-07,9.89,2275,,,,,,,,
,,,9.89,2275,0.8916367292404175,0.8676470588235294,0.9035714285714286,746.5703,,,,
0.0003,0.007366173435002565,0.0,10.0,2300,,,,,,,,
,,,10.0,2300,0.89360111951828,0.8676470588235294,0.9035714285714286,754.5587,,,,
,,,10.0,2300,,,,754.2412,48.632,3.049,1441090083533520.0,0.17452782845205586
