loss,grad_norm,learning_rate,epoch,step,eval_loss,eval_accuracy,eval_f1,train_runtime,train_samples_per_second,train_steps_per_second,total_flos,train_loss
1.1838,4.284975528717041,1e-05,0.0625,1,,,,,,,,
1.1012,3.523045539855957,0.0001,0.625,10,,,,,,,,
,,,0.625,10,1.055104374885559,0.4107142857142857,0.1940928270042194,4.8367,,,,
0.9658,3.2596828937530518,0.0002,1.25,20,,,,,,,,
,,,1.25,20,0.9403791427612305,0.4107142857142857,0.1940928270042194,9.4229,,,,
0.887,2.3006606101989746,0.0003,1.875,30,,,,,,,,
,,,1.875,30,0.9007440805435181,0.5,0.24617886178861784,13.8247,,,,
0.9528,1.1223115921020508,0.0004,2.5,40,,,,,,,,
,,,2.5,40,0.8815370798110962,0.7321428571428571,0.5064836003051106,18.1748,,,,
0.794,2.4402036666870117,0.0005,3.125,50,,,,,,,,
,,,3.125,50,0.8238560557365417,0.6964285714285714,0.48646125116713357,22.626,,,,
0.7994,2.207869052886963,0.00048148148148148144,3.75,60,,,,,,,,
,,,3.75,60,0.7218979001045227,0.7142857142857143,0.49976359338061477,27.1537,,,,
0.6258,2.7937700748443604,0.000462962962962963,4.375,70,,,,,,,,
,,,4.375,70,0.7483702301979065,0.6785714285714286,0.47478301665493783,31.4037,,,,
0.5922,2.2143280506134033,0.0004444444444444444,5.0,80,,,,,,,,
,,,5.0,80,0.6829505562782288,0.7142857142857143,0.4995331465919701,35.9048,,,,
0.4721,2.4496405124664307,0.00042592592592592595,5.625,90,,,,,,,,
,,,5.625,90,0.5894913673400879,0.7678571428571429,0.5372775372775372,40.7199,,,,
0.4074,2.470712661743164,0.0004074074074074074,6.25,100,,,,,,,,
,,,6.25,100,0.4730012118816376,0.7857142857142857,0.5502986857825568,45.0153,,,,
0.2267,0.7388736605644226,0.0003888888888888889,6.875,110,,,,,,,,
,,,6.875,110,0.5031405091285706,0.8392857142857143,0.5867612293144208,49.3996,,,,
0.191,0.9568979740142822,0.00037037037037037035,7.5,120,,,,,,,,
,,,7.5,120,0.37847191095352173,0.8214285714285714,0.6673593073593075,53.4327,,,,
0.106,0.5315847396850586,0.0003518518518518519,8.125,130,,,,,,,,
,,,8.125,130,0.41614440083503723,0.875,0.7063908834351444,58.0639,,,,
0.0549,0.11189564317464828,0.0003333333333333333,8.75,140,,,,,,,,
,,,8.75,140,0.29246780276298523,0.875,0.7698412698412698,62.9733,,,,
0.0799,1.0055937767028809,0.0003148148148148148,9.375,150,,,,,,,,
,,,9.375,150,0.2624247372150421,0.8928571428571429,0.8141975308641975,67.4324,,,,
0.0651,0.4666188061237335,0.0002962962962962963,10.0,160,,,,,,,,
,,,10.0,160,0.2865605354309082,0.9107142857142857,0.866195856873823,71.8628,,,,
0.0097,0.047627538442611694,0.0002777777777777778,10.625,170,,,,,,,,
,,,10.625,170,0.3572191298007965,0.875,0.7155172413793104,76.6574,,,,
0.0877,0.7466215491294861,0.00025925925925925926,11.25,180,,,,,,,,
,,,11.25,180,0.3012694716453552,0.9285714285714286,0.8951933124346918,81.0231,,,,
0.0373,0.019787000492215157,0.00024074074074074072,11.875,190,,,,,,,,
,,,11.875,190,0.22844865918159485,0.9107142857142857,0.8650793650793651,85.832,,,,
0.0173,0.059456486254930496,0.0002222222222222222,12.5,200,,,,,,,,
,,,12.5,200,0.3129502236843109,0.9285714285714286,0.8780766852195424,90.132,,,,
0.0054,0.1155175045132637,0.0002037037037037037,13.125,210,,,,,,,,
,,,13.125,210,0.21653857827186584,0.9107142857142857,0.8650793650793651,94.4849,,,,
0.005,0.25979554653167725,0.00018518518518518518,13.75,220,,,,,,,,
,,,13.75,220,0.2184896469116211,0.9285714285714286,0.877846211272863,99.3762,,,,
0.0036,0.007759724278002977,0.00016666666666666666,14.375,230,,,,,,,,
,,,14.375,230,0.21850715577602386,0.9464285714285714,0.9309263496906518,104.0976,,,,
0.0052,0.1251916140317917,0.00014814814814814815,15.0,240,,,,,,,,
,,,15.0,240,0.19918334484100342,0.9107142857142857,0.8438027693346841,108.4189,,,,
0.004,0.038656085729599,0.00012962962962962963,15.625,250,,,,,,,,
,,,15.625,250,0.19810713827610016,0.9107142857142857,0.8650793650793651,112.8888,,,,
0.0054,0.9901672005653381,0.0001111111111111111,16.25,260,,,,,,,,
,,,16.25,260,0.20252811908721924,0.9285714285714286,0.8950310559006213,117.5155,,,,
0.0031,0.026674550026655197,9.259259259259259e-05,16.875,270,,,,,,,,
,,,16.875,270,0.23278464376926422,0.9285714285714286,0.9177522349936144,122.0922,,,,
0.0046,0.010360746644437313,7.407407407407407e-05,17.5,280,,,,,,,,
,,,17.5,280,0.23580531775951385,0.9285714285714286,0.9177522349936144,126.8432,,,,
0.0039,0.6676027178764343,5.555555555555555e-05,18.125,290,,,,,,,,
,,,18.125,290,0.23261462152004242,0.9285714285714286,0.9177522349936144,131.2419,,,,
0.0032,0.07073957473039627,3.7037037037037037e-05,18.75,300,,,,,,,,
,,,18.75,300,0.23222395777702332,0.9285714285714286,0.9177522349936144,136.0618,,,,
0.0051,0.018796775490045547,1.8518518518518518e-05,19.375,310,,,,,,,,
,,,19.375,310,0.22263742983341217,0.9285714285714286,0.9177522349936144,140.1429,,,,
0.0012,0.01225839089602232,0.0,20.0,320,,,,,,,,
,,,20.0,320,0.22070033848285675,0.9285714285714286,0.9177522349936144,144.801,,,,
,,,20.0,320,,,,144.3308,34.643,2.217,462242539529280.0,0.26660780343518126
