loss,grad_norm,learning_rate,epoch,step,eval_loss,eval_accuracy,train_runtime,train_samples_per_second,train_steps_per_second,total_flos,train_loss
0.718,1.6974865198135376,3.5e-06,0.00641025641025641,1,,,,,,,
0.7041,1.08218514919281,8.75e-05,0.16025641025641027,25,,,,,,,
,,,0.16025641025641027,25,0.703339695930481,0.4729241877256318,10.9243,,,,
0.7261,0.974388599395752,0.000175,0.32051282051282054,50,,,,,,,
,,,0.32051282051282054,50,0.691602349281311,0.5270758122743683,21.356,,,,
0.6944,0.7497034668922424,0.0002625,0.4807692307692308,75,,,,,,,
,,,0.4807692307692308,75,0.6982088088989258,0.5270758122743683,33.0736,,,,
0.7017,2.460285186767578,0.00035,0.6410256410256411,100,,,,,,,
,,,0.6410256410256411,100,0.6935514211654663,0.4693140794223827,43.8673,,,,
0.6989,2.764343738555908,0.0004375,0.8012820512820513,125,,,,,,,
,,,0.8012820512820513,125,0.6861249804496765,0.5306859205776173,55.4205,,,,
0.6979,1.7871958017349243,0.000525,0.9615384615384616,150,,,,,,,
,,,0.9615384615384616,150,0.6972213387489319,0.47653429602888087,66.1865,,,,
0.6856,3.4444825649261475,0.0006125,1.1217948717948718,175,,,,,,,
,,,1.1217948717948718,175,0.6784078478813171,0.5631768953068592,77.3019,,,,
0.684,3.0461466312408447,0.0007,1.282051282051282,200,,,,,,,
,,,1.282051282051282,200,0.6440749764442444,0.6606498194945848,88.4288,,,,
0.6599,1.7871513366699219,0.0006871323529411764,1.4423076923076923,225,,,,,,,
,,,1.4423076923076923,225,0.6291854977607727,0.6606498194945848,99.2552,,,,
0.6467,2.445891857147217,0.0006742647058823529,1.6025641025641026,250,,,,,,,
,,,1.6025641025641026,250,0.6297435164451599,0.6498194945848376,110.3014,,,,
0.6593,2.768747568130493,0.0006613970588235294,1.7628205128205128,275,,,,,,,
,,,1.7628205128205128,275,0.6020529270172119,0.6931407942238267,121.0766,,,,
0.7015,6.970607280731201,0.0006485294117647059,1.9230769230769231,300,,,,,,,
,,,1.9230769230769231,300,0.5912355780601501,0.6642599277978339,132.4848,,,,
0.5803,7.171153545379639,0.0006356617647058823,2.0833333333333335,325,,,,,,,
,,,2.0833333333333335,325,0.6101852655410767,0.6823104693140795,143.1269,,,,
0.574,6.480096817016602,0.0006227941176470587,2.2435897435897436,350,,,,,,,
,,,2.2435897435897436,350,0.5522911548614502,0.7220216606498195,153.8614,,,,
0.5588,7.348184108734131,0.0006099264705882353,2.4038461538461537,375,,,,,,,
,,,2.4038461538461537,375,0.58034348487854,0.7075812274368231,164.8154,,,,
0.5844,4.420141696929932,0.0005970588235294117,2.564102564102564,400,,,,,,,
,,,2.564102564102564,400,0.573883056640625,0.7111913357400722,175.8187,,,,
0.5601,3.170062780380249,0.0005841911764705882,2.7243589743589745,425,,,,,,,
,,,2.7243589743589745,425,0.5455043315887451,0.7184115523465704,186.9058,,,,
0.5726,2.4420833587646484,0.0005713235294117647,2.8846153846153846,450,,,,,,,
,,,2.8846153846153846,450,0.5702961683273315,0.6967509025270758,198.0675,,,,
0.5191,5.080514907836914,0.0005584558823529412,3.0448717948717947,475,,,,,,,
,,,3.0448717948717947,475,0.5960952043533325,0.7220216606498195,208.9223,,,,
0.6097,21.771703720092773,0.0005455882352941177,3.2051282051282053,500,,,,,,,
,,,3.2051282051282053,500,0.6000663638114929,0.7184115523465704,219.9785,,,,
0.5262,13.576826095581055,0.0005327205882352941,3.3653846153846154,525,,,,,,,
,,,3.3653846153846154,525,0.5763771533966064,0.7256317689530686,231.3004,,,,
0.486,2.8120534420013428,0.0005198529411764706,3.5256410256410255,550,,,,,,,
,,,3.5256410256410255,550,0.5782998204231262,0.7220216606498195,241.7662,,,,
0.5353,4.155391693115234,0.0005069852941176471,3.685897435897436,575,,,,,,,
,,,3.685897435897436,575,0.5451674461364746,0.7148014440433214,252.4356,,,,
0.5289,5.375121593475342,0.0004941176470588236,3.8461538461538463,600,,,,,,,
,,,3.8461538461538463,600,0.5571681261062622,0.7184115523465704,263.7276,,,,
0.43,13.939231872558594,0.00048125,4.006410256410256,625,,,,,,,
,,,4.006410256410256,625,0.6838151812553406,0.6967509025270758,274.9172,,,,
0.4223,6.713482856750488,0.00046838235294117644,4.166666666666667,650,,,,,,,
,,,4.166666666666667,650,0.5711990594863892,0.7256317689530686,286.1208,,,,
0.406,20.010488510131836,0.00045551470588235297,4.326923076923077,675,,,,,,,
,,,4.326923076923077,675,0.6854418516159058,0.7220216606498195,296.6914,,,,
0.4413,11.852514266967773,0.0004426470588235294,4.487179487179487,700,,,,,,,
,,,4.487179487179487,700,0.635959804058075,0.7256317689530686,307.9398,,,,
0.4128,12.118597984313965,0.0004297794117647059,4.647435897435898,725,,,,,,,
,,,4.647435897435898,725,0.625841498374939,0.7256317689530686,318.669,,,,
0.4305,11.883527755737305,0.00041691176470588234,4.8076923076923075,750,,,,,,,
,,,4.8076923076923075,750,0.6684636473655701,0.7256317689530686,329.6718,,,,
0.4251,20.918764114379883,0.00040404411764705876,4.967948717948718,775,,,,,,,
,,,4.967948717948718,775,0.7332739233970642,0.7184115523465704,340.4941,,,,
0.371,7.278031349182129,0.0003911764705882353,5.128205128205128,800,,,,,,,
,,,5.128205128205128,800,0.6426106691360474,0.7184115523465704,351.6223,,,,
0.3537,5.8207831382751465,0.00037830882352941176,5.288461538461538,825,,,,,,,
,,,5.288461538461538,825,0.7239884734153748,0.7292418772563177,362.6045,,,,
0.3909,4.804457664489746,0.00036544117647058824,5.448717948717949,850,,,,,,,
,,,5.448717948717949,850,0.5938449501991272,0.7220216606498195,374.0136,,,,
0.3977,13.418144226074219,0.0003525735294117647,5.608974358974359,875,,,,,,,
,,,5.608974358974359,875,0.601373553276062,0.7148014440433214,385.2417,,,,
0.3584,22.933427810668945,0.0003397058823529412,5.769230769230769,900,,,,,,,
,,,5.769230769230769,900,0.6555163264274597,0.7184115523465704,395.9829,,,,
0.4274,18.07976531982422,0.00032683823529411766,5.92948717948718,925,,,,,,,
,,,5.92948717948718,925,0.6109580397605896,0.7328519855595668,406.8067,,,,
0.4003,8.123438835144043,0.00031397058823529414,6.089743589743589,950,,,,,,,
,,,6.089743589743589,950,0.6294305920600891,0.703971119133574,417.7272,,,,
0.3005,7.482429504394531,0.0003011029411764706,6.25,975,,,,,,,
,,,6.25,975,0.7281052470207214,0.7148014440433214,428.9098,,,,
0.3435,7.7616682052612305,0.00028823529411764703,6.410256410256411,1000,,,,,,,
,,,6.410256410256411,1000,0.759319543838501,0.7220216606498195,439.5879,,,,
0.3587,20.63817596435547,0.0002753676470588235,6.57051282051282,1025,,,,,,,
,,,6.57051282051282,1025,0.738438606262207,0.703971119133574,450.9108,,,,
0.3425,5.73170280456543,0.0002625,6.730769230769231,1050,,,,,,,
,,,6.730769230769231,1050,0.717697024345398,0.7184115523465704,461.9483,,,,
0.3101,15.399436950683594,0.00024963235294117646,6.891025641025641,1075,,,,,,,
,,,6.891025641025641,1075,0.6903348565101624,0.7148014440433214,473.5721,,,,
0.32,4.542395114898682,0.00023676470588235296,7.051282051282051,1100,,,,,,,
,,,7.051282051282051,1100,0.6907109022140503,0.7220216606498195,484.3377,,,,
0.2942,9.430233001708984,0.00022389705882352938,7.211538461538462,1125,,,,,,,
,,,7.211538461538462,1125,0.7363563776016235,0.7075812274368231,495.1306,,,,
0.2507,15.78768253326416,0.00021102941176470586,7.371794871794872,1150,,,,,,,
,,,7.371794871794872,1150,0.8744416236877441,0.7184115523465704,506.9278,,,,
0.2888,13.06002426147461,0.00019816176470588236,7.532051282051282,1175,,,,,,,
,,,7.532051282051282,1175,0.8638291358947754,0.7292418772563177,517.59,,,,
0.2849,20.04497528076172,0.00018529411764705883,7.6923076923076925,1200,,,,,,,
,,,7.6923076923076925,1200,0.8680869340896606,0.7292418772563177,528.3677,,,,
0.3413,15.989457130432129,0.0001724264705882353,7.852564102564102,1225,,,,,,,
,,,7.852564102564102,1225,0.745164155960083,0.7292418772563177,539.4649,,,,
0.3189,7.706089019775391,0.00015955882352941176,8.012820512820513,1250,,,,,,,
,,,8.012820512820513,1250,0.7418737411499023,0.7220216606498195,550.3935,,,,
0.3065,11.887740135192871,0.00014669117647058823,8.173076923076923,1275,,,,,,,
,,,8.173076923076923,1275,0.7502092719078064,0.7220216606498195,561.4962,,,,
0.3201,8.2953462600708,0.0001338235294117647,8.333333333333334,1300,,,,,,,
,,,8.333333333333334,1300,0.7394055128097534,0.7184115523465704,572.2042,,,,
0.2422,7.949892520904541,0.00012095588235294117,8.493589743589745,1325,,,,,,,
,,,8.493589743589745,1325,0.8417826890945435,0.7328519855595668,583.5898,,,,
0.2416,9.173550605773926,0.00010808823529411764,8.653846153846153,1350,,,,,,,
,,,8.653846153846153,1350,0.8759311437606812,0.7148014440433214,594.0191,,,,
0.2271,21.732206344604492,9.52205882352941e-05,8.814102564102564,1375,,,,,,,
,,,8.814102564102564,1375,0.9055383801460266,0.7220216606498195,604.898,,,,
0.2737,11.191991806030273,8.235294117647058e-05,8.974358974358974,1400,,,,,,,
,,,8.974358974358974,1400,0.8839404582977295,0.7220216606498195,615.8548,,,,
0.2762,4.6220502853393555,6.948529411764706e-05,9.134615384615385,1425,,,,,,,
,,,9.134615384615385,1425,0.8810201287269592,0.7220216606498195,626.6192,,,,
0.2518,5.64931583404541,5.661764705882353e-05,9.294871794871796,1450,,,,,,,
,,,9.294871794871796,1450,0.8281592726707458,0.7184115523465704,637.6281,,,,
0.1961,14.468335151672363,4.375e-05,9.455128205128204,1475,,,,,,,
,,,9.455128205128204,1475,0.8760451078414917,0.7220216606498195,648.342,,,,
0.2883,28.829740524291992,3.0882352941176475e-05,9.615384615384615,1500,,,,,,,
,,,9.615384615384615,1500,0.8618970513343811,0.7364620938628159,659.7936,,,,
0.26,18.294017791748047,1.801470588235294e-05,9.775641025641026,1525,,,,,,,
,,,9.775641025641026,1525,0.85157310962677,0.7184115523465704,671.1838,,,,
0.3028,6.506110668182373,5.147058823529411e-06,9.935897435897436,1550,,,,,,,
,,,9.935897435897436,1550,0.8374123573303223,0.7220216606498195,682.1466,,,,
,,,10.0,1560,,,685.0098,36.35,2.277,2107777747999680.0,0.4424254693281956
