loss,grad_norm,learning_rate,epoch,step,eval_loss,eval_accuracy,eval_f1,train_runtime,train_samples_per_second,train_steps_per_second,total_flos,train_loss
0.7008,1.4410141706466675,1.0000000000000002e-06,0.004347826086956522,1,,,,,,,,
0.6626,0.7503906488418579,2.5e-05,0.10869565217391304,25,,,,,,,,
,,,0.10869565217391304,25,0.6526321172714233,0.6838235294117647,0.8122270742358079,5.9663,,,,
0.6601,0.9227226376533508,5e-05,0.21739130434782608,50,,,,,,,,
,,,0.21739130434782608,50,0.6345584392547607,0.6838235294117647,0.8122270742358079,11.3783,,,,
0.6388,2.736598253250122,7.500000000000001e-05,0.32608695652173914,75,,,,,,,,
,,,0.32608695652173914,75,0.6262344121932983,0.6838235294117647,0.8122270742358079,16.989,,,,
0.646,0.6631462574005127,0.0001,0.43478260869565216,100,,,,,,,,
,,,0.43478260869565216,100,0.6219211220741272,0.6838235294117647,0.8122270742358079,22.4175,,,,
0.5975,1.5987814664840698,0.000125,0.5434782608695652,125,,,,,,,,
,,,0.5434782608695652,125,0.6175829172134399,0.6838235294117647,0.8122270742358079,27.9289,,,,
0.6142,2.7082128524780273,0.00015000000000000001,0.6521739130434783,150,,,,,,,,
,,,0.6521739130434783,150,0.5690629482269287,0.6838235294117647,0.8122270742358079,33.405,,,,
0.6093,4.443016529083252,0.000175,0.7608695652173914,175,,,,,,,,
,,,0.7608695652173914,175,0.5220685005187988,0.7328431372549019,0.8299531981279251,39.0254,,,,
0.5747,1.6897509098052979,0.0002,0.8695652173913043,200,,,,,,,,
,,,0.8695652173913043,200,0.5109591484069824,0.7254901960784313,0.825545171339564,44.6593,,,,
0.5523,2.530418634414673,0.00019761904761904763,0.9782608695652174,225,,,,,,,,
,,,0.9782608695652174,225,0.47411754727363586,0.7696078431372549,0.838487972508591,50.1532,,,,
0.5457,2.8259501457214355,0.00019523809523809525,1.0869565217391304,250,,,,,,,,
,,,1.0869565217391304,250,0.5174986720085144,0.7475490196078431,0.8398133748055987,55.5136,,,,
0.4905,1.3285865783691406,0.00019285714285714286,1.1956521739130435,275,,,,,,,,
,,,1.1956521739130435,275,0.4515059292316437,0.7475490196078431,0.8377952755905512,60.9887,,,,
0.482,2.943683624267578,0.00019047619047619048,1.3043478260869565,300,,,,,,,,
,,,1.3043478260869565,300,0.378100723028183,0.821078431372549,0.8698752228163994,66.5044,,,,
0.4569,4.189864635467529,0.0001880952380952381,1.4130434782608696,325,,,,,,,,
,,,1.4130434782608696,325,0.48944827914237976,0.7401960784313726,0.7735042735042735,72.014,,,,
0.4854,5.261165142059326,0.00018571428571428572,1.5217391304347827,350,,,,,,,,
,,,1.5217391304347827,350,0.3793269991874695,0.8284313725490197,0.8788927335640139,77.5192,,,,
0.4281,1.37117600440979,0.00018333333333333334,1.6304347826086958,375,,,,,,,,
,,,1.6304347826086958,375,0.3596263825893402,0.8333333333333334,0.8754578754578755,83.0039,,,,
0.3828,3.3078107833862305,0.00018095238095238095,1.7391304347826086,400,,,,,,,,
,,,1.7391304347826086,400,0.36068931221961975,0.8431372549019608,0.889655172413793,88.4751,,,,
0.4401,5.177603244781494,0.0001785714285714286,1.8478260869565217,425,,,,,,,,
,,,1.8478260869565217,425,0.3378777503967285,0.8578431372549019,0.8960573476702509,94.0728,,,,
0.4169,2.3384597301483154,0.0001761904761904762,1.9565217391304348,450,,,,,,,,
,,,1.9565217391304348,450,0.3280671536922455,0.8627450980392157,0.9,99.6714,,,,
0.4027,2.2959578037261963,0.00017380952380952383,2.0652173913043477,475,,,,,,,,
,,,2.0652173913043477,475,0.4284574091434479,0.8112745098039216,0.8743882544861337,104.9792,,,,
0.3961,2.264331340789795,0.00017142857142857143,2.1739130434782608,500,,,,,,,,
,,,2.1739130434782608,500,0.3345782458782196,0.8553921568627451,0.8966725043782837,110.5823,,,,
0.3649,3.773071527481079,0.00016904761904761904,2.282608695652174,525,,,,,,,,
,,,2.282608695652174,525,0.32581305503845215,0.8578431372549019,0.896797153024911,116.2955,,,,
0.3609,3.34985613822937,0.0001666666666666667,2.391304347826087,550,,,,,,,,
,,,2.391304347826087,550,0.3712197542190552,0.8382352941176471,0.8865979381443299,121.8885,,,,
0.4126,2.0766730308532715,0.00016428571428571428,2.5,575,,,,,,,,
,,,2.5,575,0.34102240204811096,0.8480392156862745,0.8934707903780068,127.3997,,,,
0.3635,3.080315589904785,0.00016190476190476192,2.608695652173913,600,,,,,,,,
,,,2.608695652173913,600,0.319550096988678,0.8553921568627451,0.8948306595365418,132.9757,,,,
0.3373,1.9558305740356445,0.00015952380952380954,2.717391304347826,625,,,,,,,,
,,,2.717391304347826,625,0.35501614212989807,0.8504901960784313,0.8960817717206134,138.5256,,,,
0.4295,5.027927875518799,0.00015714285714285716,2.8260869565217392,650,,,,,,,,
,,,2.8260869565217392,650,0.3214724361896515,0.8725490196078431,0.9068100358422939,144.062,,,,
0.3444,3.714024305343628,0.00015476190476190478,2.9347826086956523,675,,,,,,,,
,,,2.9347826086956523,675,0.354608952999115,0.8504901960784313,0.893542757417103,149.681,,,,
0.3385,3.93803334236145,0.00015238095238095237,3.0434782608695654,700,,,,,,,,
,,,3.0434782608695654,700,0.36909276247024536,0.8529411764705882,0.896551724137931,154.9904,,,,
0.3482,2.328035593032837,0.00015000000000000001,3.1521739130434785,725,,,,,,,,
,,,3.1521739130434785,725,0.3888950049877167,0.8529411764705882,0.8983050847457628,160.5847,,,,
0.3384,2.1723639965057373,0.00014761904761904763,3.260869565217391,750,,,,,,,,
,,,3.260869565217391,750,0.39232462644577026,0.8455882352941176,0.8948247078464107,166.1204,,,,
0.2995,6.089179515838623,0.00014523809523809525,3.369565217391304,775,,,,,,,,
,,,3.369565217391304,775,0.3375822603702545,0.8651960784313726,0.9050086355785838,171.6059,,,,
0.3073,5.219112396240234,0.00014285714285714287,3.4782608695652173,800,,,,,,,,
,,,3.4782608695652173,800,0.34642311930656433,0.8725490196078431,0.9084507042253521,177.0865,,,,
0.4015,4.723639011383057,0.00014047619047619049,3.5869565217391304,825,,,,,,,,
,,,3.5869565217391304,825,0.31892791390419006,0.875,0.9084380610412927,182.629,,,,
0.3281,2.420640707015991,0.0001380952380952381,3.6956521739130435,850,,,,,,,,
,,,3.6956521739130435,850,0.31121066212654114,0.8725490196078431,0.9084507042253521,188.2634,,,,
0.3043,7.037858963012695,0.00013571428571428572,3.8043478260869565,875,,,,,,,,
,,,3.8043478260869565,875,0.3241209387779236,0.8627450980392157,0.9017543859649123,193.7618,,,,
0.322,4.610965728759766,0.00013333333333333334,3.9130434782608696,900,,,,,,,,
,,,3.9130434782608696,900,0.34007513523101807,0.8553921568627451,0.8991452991452993,199.3962,,,,
0.3228,5.067147731781006,0.00013095238095238096,4.021739130434782,925,,,,,,,,
,,,4.021739130434782,925,0.3614159822463989,0.8480392156862745,0.8949152542372881,204.7582,,,,
0.2751,2.211475133895874,0.00012857142857142858,4.130434782608695,950,,,,,,,,
,,,4.130434782608695,950,0.3394864499568939,0.8700980392156863,0.9081455805892548,210.3955,,,,
0.3332,3.3302323818206787,0.0001261904761904762,4.239130434782608,975,,,,,,,,
,,,4.239130434782608,975,0.3467358648777008,0.8602941176470589,0.9015544041450777,215.8051,,,,
0.3512,2.3225200176239014,0.0001238095238095238,4.3478260869565215,1000,,,,,,,,
,,,4.3478260869565215,1000,0.3209161162376404,0.8651960784313726,0.9026548672566371,221.281,,,,
0.3334,7.138441562652588,0.00012142857142857143,4.456521739130435,1025,,,,,,,,
,,,4.456521739130435,1025,0.3433469235897064,0.8578431372549019,0.8929889298892988,227.3221,,,,
0.2687,6.507267475128174,0.00011904761904761905,4.565217391304348,1050,,,,,,,,
,,,4.565217391304348,1050,0.3599288761615753,0.8627450980392157,0.9020979020979022,232.8638,,,,
0.2837,3.186903715133667,0.00011666666666666668,4.673913043478261,1075,,,,,,,,
,,,4.673913043478261,1075,0.368823379278183,0.8700980392156863,0.9068541300527241,238.3891,,,,
0.2481,4.780254364013672,0.00011428571428571428,4.782608695652174,1100,,,,,,,,
,,,4.782608695652174,1100,0.36566439270973206,0.8725490196078431,0.9100346020761245,243.8779,,,,
0.3058,3.6126315593719482,0.00011190476190476191,4.891304347826087,1125,,,,,,,,
,,,4.891304347826087,1125,0.31974855065345764,0.8725490196078431,0.9087719298245615,249.4869,,,,
0.2711,0.13849477469921112,0.00010952380952380953,5.0,1150,,,,,,,,
,,,5.0,1150,0.3506086766719818,0.8725490196078431,0.9094076655052264,254.9694,,,,
0.2517,0.9964349865913391,0.00010714285714285715,5.108695652173913,1175,,,,,,,,
,,,5.108695652173913,1175,0.40469786524772644,0.8602941176470589,0.9035532994923857,260.4978,,,,
0.2924,4.877629280090332,0.00010476190476190477,5.217391304347826,1200,,,,,,,,
,,,5.217391304347826,1200,0.34800034761428833,0.8602941176470589,0.9001751313485115,266.0552,,,,
0.2366,2.7698657512664795,0.00010238095238095237,5.326086956521739,1225,,,,,,,,
,,,5.326086956521739,1225,0.3742177188396454,0.8700980392156863,0.9041591320072333,271.5965,,,,
0.3666,4.1050591468811035,0.0001,5.434782608695652,1250,,,,,,,,
,,,5.434782608695652,1250,0.3632141649723053,0.8553921568627451,0.8959435626102292,277.0848,,,,
0.2364,7.0837082862854,9.761904761904762e-05,5.543478260869565,1275,,,,,,,,
,,,5.543478260869565,1275,0.3552277386188507,0.8651960784313726,0.9023090586145649,282.5615,,,,
0.2746,3.31233549118042,9.523809523809524e-05,5.6521739130434785,1300,,,,,,,,
,,,5.6521739130434785,1300,0.34041085839271545,0.8651960784313726,0.9029982363315697,288.1131,,,,
0.2508,2.1716320514678955,9.285714285714286e-05,5.760869565217392,1325,,,,,,,,
,,,5.760869565217392,1325,0.353214830160141,0.8627450980392157,0.9014084507042254,293.6904,,,,
0.2844,5.096378803253174,9.047619047619048e-05,5.869565217391305,1350,,,,,,,,
,,,5.869565217391305,1350,0.3446010649204254,0.8651960784313726,0.9023090586145649,299.3455,,,,
0.2983,2.098876714706421,8.80952380952381e-05,5.978260869565218,1375,,,,,,,,
,,,5.978260869565218,1375,0.3251665234565735,0.8823529411764706,0.9139784946236559,304.9778,,,,
0.1694,6.382261753082275,8.571428571428571e-05,6.086956521739131,1400,,,,,,,,
,,,6.086956521739131,1400,0.5017005205154419,0.8406862745098039,0.8922056384742951,310.4603,,,,
0.2985,1.1838929653167725,8.333333333333334e-05,6.195652173913044,1425,,,,,,,,
,,,6.195652173913044,1425,0.36467695236206055,0.8651960784313726,0.9019607843137256,316.1645,,,,
0.2561,3.680217742919922,8.095238095238096e-05,6.304347826086957,1450,,,,,,,,
,,,6.304347826086957,1450,0.3828200101852417,0.8627450980392157,0.8978102189781021,321.5985,,,,
0.2799,2.2506487369537354,7.857142857142858e-05,6.413043478260869,1475,,,,,,,,
,,,6.413043478260869,1475,0.3828725516796112,0.8529411764705882,0.8961937716262977,327.1722,,,,
0.2913,2.7572803497314453,7.619047619047618e-05,6.521739130434782,1500,,,,,,,,
,,,6.521739130434782,1500,0.3668440878391266,0.8627450980392157,0.899641577060932,332.6462,,,,
0.2058,9.314371109008789,7.380952380952382e-05,6.630434782608695,1525,,,,,,,,
,,,6.630434782608695,1525,0.39754191040992737,0.8627450980392157,0.902439024390244,338.7212,,,,
0.2806,2.4483227729797363,7.142857142857143e-05,6.739130434782608,1550,,,,,,,,
,,,6.739130434782608,1550,0.371878445148468,0.8725490196078431,0.9081272084805654,344.187,,,,
0.2491,8.292950630187988,6.904761904761905e-05,6.8478260869565215,1575,,,,,,,,
,,,6.8478260869565215,1575,0.37702569365501404,0.8627450980392157,0.9020979020979022,349.8107,,,,
0.2627,3.108126640319824,6.666666666666667e-05,6.956521739130435,1600,,,,,,,,
,,,6.956521739130435,1600,0.3582836091518402,0.8725490196078431,0.9078014184397164,355.4006,,,,
0.1974,2.5219037532806396,6.428571428571429e-05,7.065217391304348,1625,,,,,,,,
,,,7.065217391304348,1625,0.3647681474685669,0.8799019607843137,0.9126559714795008,360.8235,,,,
0.266,3.411179542541504,6.19047619047619e-05,7.173913043478261,1650,,,,,,,,
,,,7.173913043478261,1650,0.35610100626945496,0.8676470588235294,0.9059233449477352,366.3659,,,,
0.2311,1.9850903749465942,5.9523809523809524e-05,7.282608695652174,1675,,,,,,,,
,,,7.282608695652174,1675,0.3467903137207031,0.8676470588235294,0.9072164948453608,371.8421,,,,
0.2287,5.656467914581299,5.714285714285714e-05,7.391304347826087,1700,,,,,,,,
,,,7.391304347826087,1700,0.3417712152004242,0.8676470588235294,0.9049295774647886,377.5188,,,,
0.2228,2.5019237995147705,5.4761904761904766e-05,7.5,1725,,,,,,,,
,,,7.5,1725,0.353291392326355,0.8651960784313726,0.9033391915641477,383.1106,,,,
0.2531,4.325229167938232,5.2380952380952384e-05,7.608695652173913,1750,,,,,,,,
,,,7.608695652173913,1750,0.33543336391448975,0.8627450980392157,0.9003558718861211,388.6952,,,,
0.2395,4.361818790435791,5e-05,7.717391304347826,1775,,,,,,,,
,,,7.717391304347826,1775,0.3638966977596283,0.8651960784313726,0.9056603773584906,394.2412,,,,
0.2416,2.7161529064178467,4.761904761904762e-05,7.826086956521739,1800,,,,,,,,
,,,7.826086956521739,1800,0.3600413501262665,0.8627450980392157,0.902439024390244,399.7372,,,,
0.2239,2.8297083377838135,4.523809523809524e-05,7.934782608695652,1825,,,,,,,,
,,,7.934782608695652,1825,0.3415047824382782,0.8627450980392157,0.9003558718861211,405.4616,,,,
0.3242,2.4589786529541016,4.2857142857142856e-05,8.043478260869565,1850,,,,,,,,
,,,8.043478260869565,1850,0.3472762405872345,0.8627450980392157,0.903114186851211,410.8512,,,,
0.2252,5.045969486236572,4.047619047619048e-05,8.152173913043478,1875,,,,,,,,
,,,8.152173913043478,1875,0.3421909809112549,0.8700980392156863,0.9068541300527241,416.4362,,,,
0.1925,0.19568108022212982,3.809523809523809e-05,8.26086956521739,1900,,,,,,,,
,,,8.26086956521739,1900,0.35141250491142273,0.8676470588235294,0.9052631578947367,421.9498,,,,
0.2077,2.137723684310913,3.571428571428572e-05,8.369565217391305,1925,,,,,,,,
,,,8.369565217391305,1925,0.34971925616264343,0.8578431372549019,0.8986013986013986,427.5993,,,,
0.184,5.3500285148620605,3.3333333333333335e-05,8.478260869565217,1950,,,,,,,,
,,,8.478260869565217,1950,0.3668625056743622,0.8578431372549019,0.8993055555555555,433.1907,,,,
0.2048,4.9160966873168945,3.095238095238095e-05,8.58695652173913,1975,,,,,,,,
,,,8.58695652173913,1975,0.3817960023880005,0.8651960784313726,0.9053356282271946,438.6767,,,,
0.2318,1.1895291805267334,2.857142857142857e-05,8.695652173913043,2000,,,,,,,,
,,,8.695652173913043,2000,0.3587300181388855,0.8578431372549019,0.8986013986013986,444.2012,,,,
0.2228,4.720738887786865,2.6190476190476192e-05,8.804347826086957,2025,,,,,,,,
,,,8.804347826086957,2025,0.364369660615921,0.8676470588235294,0.9049295774647886,449.9533,,,,
0.2537,6.764898777008057,2.380952380952381e-05,8.91304347826087,2050,,,,,,,,
,,,8.91304347826087,2050,0.36207282543182373,0.8651960784313726,0.9023090586145649,455.5794,,,,
0.275,4.041441440582275,2.1428571428571428e-05,9.021739130434783,2075,,,,,,,,
,,,9.021739130434783,2075,0.3585725426673889,0.8651960784313726,0.9046793760831888,460.9497,,,,
0.1858,1.552889108657837,1.9047619047619046e-05,9.130434782608695,2100,,,,,,,,
,,,9.130434782608695,2100,0.3530670702457428,0.8529411764705882,0.8939929328621908,466.5414,,,,
0.2121,2.1003530025482178,1.6666666666666667e-05,9.23913043478261,2125,,,,,,,,
,,,9.23913043478261,2125,0.35700666904449463,0.8553921568627451,0.8955752212389381,472.0288,,,,
0.2815,1.7589218616485596,1.4285714285714285e-05,9.347826086956522,2150,,,,,,,,
,,,9.347826086956522,2150,0.3607553243637085,0.8627450980392157,0.903114186851211,477.6112,,,,
0.1865,3.555309295654297,1.1904761904761905e-05,9.456521739130435,2175,,,,,,,,
,,,9.456521739130435,2175,0.3566635847091675,0.8578431372549019,0.8993055555555555,483.1564,,,,
0.2232,3.8429789543151855,9.523809523809523e-06,9.565217391304348,2200,,,,,,,,
,,,9.565217391304348,2200,0.36617511510849,0.8651960784313726,0.9050086355785838,488.6813,,,,
0.243,5.235743999481201,7.142857142857143e-06,9.673913043478262,2225,,,,,,,,
,,,9.673913043478262,2225,0.3612160086631775,0.8651960784313726,0.9050086355785838,494.2378,,,,
0.2167,3.029517650604248,4.7619047619047615e-06,9.782608695652174,2250,,,,,,,,
,,,9.782608695652174,2250,0.3603161573410034,0.8627450980392157,0.903114186851211,499.7368,,,,
0.2004,2.545952320098877,2.3809523809523808e-06,9.891304347826086,2275,,,,,,,,
,,,9.891304347826086,2275,0.3588215410709381,0.8602941176470589,0.9012131715771231,505.4057,,,,
0.1972,1.155492901802063,0.0,10.0,2300,,,,,,,,
,,,10.0,2300,0.3577815890312195,0.8602941176470589,0.9012131715771231,510.8807,,,,
,,,10.0,2300,,,,510.51,71.85,4.505,1460977291679136.0,0.32864096294278683
