loss,grad_norm,learning_rate,epoch,step,eval_loss,eval_accuracy,eval_f1,train_runtime,train_samples_per_second,train_steps_per_second,total_flos,train_loss
1.1672,3.7006821632385254,0.0001,0.0625,1,,,,,,,,
0.9586,2.0945112705230713,0.001,0.625,10,,,,,,,,
,,,0.625,10,0.9243578314781189,0.5,0.2222222222222222,4.3621,,,,
1.0334,3.199500560760498,0.002,1.25,20,,,,,,,,
,,,1.25,20,0.9728813171386719,0.6428571428571429,0.44546094299788885,8.5782,,,,
0.875,2.202810287475586,0.003,1.875,30,,,,,,,,
,,,1.875,30,0.8915360569953918,0.625,0.4288429555713946,12.6008,,,,
0.9136,3.518500328063965,0.004,2.5,40,,,,,,,,
,,,2.5,40,0.7695685029029846,0.7321428571428571,0.5115440115440115,16.5699,,,,
0.6754,1.1562561988830566,0.005,3.125,50,,,,,,,,
,,,3.125,50,0.731325089931488,0.75,0.524731182795699,20.6326,,,,
0.6393,2.9817466735839844,0.004814814814814814,3.75,60,,,,,,,,
,,,3.75,60,0.8017255067825317,0.7142857142857143,0.49421820010055306,24.7579,,,,
0.4362,1.291069507598877,0.004629629629629629,4.375,70,,,,,,,,
,,,4.375,70,0.8643337488174438,0.75,0.5289617486338799,28.6879,,,,
0.3331,0.3804456889629364,0.0044444444444444444,5.0,80,,,,,,,,
,,,5.0,80,0.7605738043785095,0.8035714285714286,0.5613912231559289,32.6723,,,,
0.2006,1.1853785514831543,0.0042592592592592595,5.625,90,,,,,,,,
,,,5.625,90,0.44437599182128906,0.8392857142857143,0.6901340996168582,37.0446,,,,
0.1326,1.2969354391098022,0.004074074074074074,6.25,100,,,,,,,,
,,,6.25,100,0.4698466360569,0.9107142857142857,0.93453985367732,41.0104,,,,
0.0135,0.0029351976700127125,0.003888888888888889,6.875,110,,,,,,,,
,,,6.875,110,0.8622118830680847,0.8035714285714286,0.561576354679803,44.9393,,,,
0.0709,1.819203495979309,0.0037037037037037034,7.5,120,,,,,,,,
,,,7.5,120,0.7227487564086914,0.8571428571428571,0.850773897140818,48.6401,,,,
0.0093,0.27611106634140015,0.0035185185185185185,8.125,130,,,,,,,,
,,,8.125,130,0.9363769292831421,0.875,0.8787497905144964,52.8452,,,,
0.0377,0.1500265896320343,0.003333333333333333,8.75,140,,,,,,,,
,,,8.75,140,0.6816515922546387,0.8928571428571429,0.8670565302144251,57.2618,,,,
0.0421,0.22014518082141876,0.003148148148148148,9.375,150,,,,,,,,
,,,9.375,150,0.6732326149940491,0.8928571428571429,0.9212962962962963,61.2832,,,,
0.0052,0.2077867090702057,0.002962962962962963,10.0,160,,,,,,,,
,,,10.0,160,0.7496963143348694,0.9107142857142857,0.9047376896347149,65.2865,,,,
0.0224,0.0030809210147708654,0.002777777777777778,10.625,170,,,,,,,,
,,,10.625,170,0.7202267050743103,0.8928571428571429,0.8001253132832081,69.5785,,,,
0.0163,0.004833034239709377,0.0025925925925925925,11.25,180,,,,,,,,
,,,11.25,180,0.8116658926010132,0.8928571428571429,0.8915164220824598,73.5822,,,,
0.0241,0.1305217444896698,0.002407407407407407,11.875,190,,,,,,,,
,,,11.875,190,0.6319988369941711,0.9285714285714286,0.917003367003367,77.9489,,,,
0.0012,0.00011415228073019534,0.0022222222222222222,12.5,200,,,,,,,,
,,,12.5,200,0.6344507336616516,0.9107142857142857,0.9337231968810916,81.8885,,,,
0.006,2.37184476852417,0.002037037037037037,13.125,210,,,,,,,,
,,,13.125,210,0.6680048108100891,0.9107142857142857,0.9337231968810916,85.9662,,,,
0.0014,0.0010196338407695293,0.0018518518518518517,13.75,220,,,,,,,,
,,,13.75,220,0.6809794306755066,0.9285714285714286,0.9475308641975309,90.4364,,,,
0.0015,0.4612495005130768,0.0016666666666666666,14.375,230,,,,,,,,
,,,14.375,230,0.7313308715820312,0.9107142857142857,0.9042579994960948,94.7405,,,,
0.0007,0.01816783845424652,0.0014814814814814814,15.0,240,,,,,,,,
,,,15.0,240,0.6776300072669983,0.9107142857142857,0.9342359767891683,98.6996,,,,
0.0007,0.009017768315970898,0.0012962962962962963,15.625,250,,,,,,,,
,,,15.625,250,0.6394186019897461,0.9285714285714286,0.9472049689440993,102.7718,,,,
0.0005,0.021113548427820206,0.0011111111111111111,16.25,260,,,,,,,,
,,,16.25,260,0.6342509984970093,0.9107142857142857,0.9337231968810916,107.031,,,,
0.0012,0.05829517915844917,0.0009259259259259259,16.875,270,,,,,,,,
,,,16.875,270,0.6293897032737732,0.9285714285714286,0.9472049689440993,111.1553,,,,
0.0019,0.00048544412129558623,0.0007407407407407407,17.5,280,,,,,,,,
,,,17.5,280,0.6171494722366333,0.9285714285714286,0.917003367003367,115.5788,,,,
0.0009,0.0007540546939708292,0.0005555555555555556,18.125,290,,,,,,,,
,,,18.125,290,0.6268162131309509,0.9107142857142857,0.9042579994960948,119.5585,,,,
0.0013,0.00034888662048615515,0.00037037037037037035,18.75,300,,,,,,,,
,,,18.75,300,0.6511453986167908,0.9107142857142857,0.9042579994960948,123.8872,,,,
0.0009,0.1658335030078888,0.00018518518518518518,19.375,310,,,,,,,,
,,,19.375,310,0.6571620106697083,0.9107142857142857,0.9042579994960948,127.6657,,,,
0.0003,0.006959746591746807,0.0,20.0,320,,,,,,,,
,,,20.0,320,0.6586657166481018,0.9107142857142857,0.9042579994960948,131.9069,,,,
,,,20.0,320,,,,131.5301,38.014,2.433,450126133093440.0,0.2024546907610784
