loss,grad_norm,learning_rate,epoch,step,eval_loss,eval_accuracy,eval_f1,train_runtime,train_samples_per_second,train_steps_per_second,total_flos,train_loss
0.6963,1.6680079698562622,5.0000000000000004e-08,0.004347826086956522,1,,,,,,,,
0.6718,1.6856292486190796,1.25e-06,0.10869565217391304,25,,,,,,,,
,,,0.10869565217391304,25,0.6681758761405945,0.6838235294117647,0.8122270742358079,8.3163,,,,
0.6707,1.5337316989898682,2.5e-06,0.21739130434782608,50,,,,,,,,
,,,0.21739130434782608,50,0.6588811874389648,0.6838235294117647,0.8122270742358079,16.1198,,,,
0.6578,2.9751908779144287,3.7500000000000005e-06,0.32608695652173914,75,,,,,,,,
,,,0.32608695652173914,75,0.6453949213027954,0.6838235294117647,0.8122270742358079,24.1654,,,,
0.6455,1.253748893737793,5e-06,0.43478260869565216,100,,,,,,,,
,,,0.43478260869565216,100,0.6200568079948425,0.6838235294117647,0.8122270742358079,32.0618,,,,
0.5911,3.6437413692474365,6.25e-06,0.5434782608695652,125,,,,,,,,
,,,0.5434782608695652,125,0.587922215461731,0.6838235294117647,0.8122270742358079,40.036,,,,
0.588,4.115004539489746,7.500000000000001e-06,0.6521739130434783,150,,,,,,,,
,,,0.6521739130434783,150,0.5432175993919373,0.6838235294117647,0.8122270742358079,47.8856,,,,
0.5593,9.314802169799805,8.750000000000001e-06,0.7608695652173914,175,,,,,,,,
,,,0.7608695652173914,175,0.5216211676597595,0.6838235294117647,0.8122270742358079,56.0139,,,,
0.5395,11.404532432556152,1e-05,0.8695652173913043,200,,,,,,,,
,,,0.8695652173913043,200,0.5162210464477539,0.6911764705882353,0.8157894736842105,63.9193,,,,
0.5281,3.9526312351226807,9.880952380952381e-06,0.9782608695652174,225,,,,,,,,
,,,0.9782608695652174,225,0.4474245011806488,0.7279411764705882,0.8289676425269645,71.803,,,,
0.4295,8.138891220092773,9.761904761904762e-06,1.0869565217391304,250,,,,,,,,
,,,1.0869565217391304,250,0.4436807930469513,0.8112745098039216,0.8735632183908046,79.3635,,,,
0.4713,7.376766681671143,9.642857142857144e-06,1.1956521739130435,275,,,,,,,,
,,,1.1956521739130435,275,0.4489714801311493,0.8014705882352942,0.8687196110210698,87.2065,,,,
0.4197,13.787469863891602,9.523809523809525e-06,1.3043478260869565,300,,,,,,,,
,,,1.3043478260869565,300,0.3815596401691437,0.8308823529411765,0.8724584103512015,95.1391,,,,
0.3613,22.481779098510742,9.404761904761905e-06,1.4130434782608696,325,,,,,,,,
,,,1.4130434782608696,325,0.366558313369751,0.8382352941176471,0.8759398496240601,102.9898,,,,
0.4276,41.32608413696289,9.285714285714288e-06,1.5217391304347827,350,,,,,,,,
,,,1.5217391304347827,350,0.385789155960083,0.8602941176470589,0.9012131715771231,110.9264,,,,
0.4194,21.5606746673584,9.166666666666666e-06,1.6304347826086958,375,,,,,,,,
,,,1.6304347826086958,375,0.3713761866092682,0.8553921568627451,0.8984509466437176,118.6944,,,,
0.3052,18.727785110473633,9.047619047619049e-06,1.7391304347826086,400,,,,,,,,
,,,1.7391304347826086,400,0.37350091338157654,0.8480392156862745,0.8945578231292517,126.5967,,,,
0.3868,28.98192024230957,8.92857142857143e-06,1.8478260869565217,425,,,,,,,,
,,,1.8478260869565217,425,0.31764137744903564,0.8602941176470589,0.8969258589511754,134.5973,,,,
0.3909,32.972496032714844,8.80952380952381e-06,1.9565217391304348,450,,,,,,,,
,,,1.9565217391304348,450,0.3283773958683014,0.8602941176470589,0.8922495274102079,142.6312,,,,
0.3028,30.646244049072266,8.690476190476192e-06,2.0652173913043477,475,,,,,,,,
,,,2.0652173913043477,475,0.3801373243331909,0.8578431372549019,0.8986013986013986,150.2501,,,,
0.3123,20.815532684326172,8.571428571428571e-06,2.1739130434782608,500,,,,,,,,
,,,2.1739130434782608,500,0.3140978217124939,0.8700980392156863,0.9013035381750466,158.2224,,,,
0.2912,48.65287399291992,8.452380952380953e-06,2.282608695652174,525,,,,,,,,
,,,2.282608695652174,525,0.33716636896133423,0.8700980392156863,0.9023941068139963,173.1848,,,,
0.2875,22.411880493164062,8.333333333333334e-06,2.391304347826087,550,,,,,,,,
,,,2.391304347826087,550,0.38861989974975586,0.8725490196078431,0.9087719298245615,180.953,,,,
0.271,32.28554153442383,8.214285714285714e-06,2.5,575,,,,,,,,
,,,2.5,575,0.33666086196899414,0.8578431372549019,0.8986013986013986,188.9441,,,,
0.2443,44.23118209838867,8.095238095238097e-06,2.608695652173913,600,,,,,,,,
,,,2.608695652173913,600,0.4315173327922821,0.8627450980392157,0.9060402684563759,196.9001,,,,
0.2752,31.070701599121094,7.976190476190477e-06,2.717391304347826,625,,,,,,,,
,,,2.717391304347826,625,0.35589805245399475,0.8700980392156863,0.9087779690189328,204.9574,,,,
0.3117,58.15768814086914,7.857142857142858e-06,2.8260869565217392,650,,,,,,,,
,,,2.8260869565217392,650,0.34734734892845154,0.8455882352941176,0.8911917098445595,212.989,,,,
0.2335,42.4410514831543,7.738095238095238e-06,2.9347826086956523,675,,,,,,,,
,,,2.9347826086956523,675,0.43392565846443176,0.8553921568627451,0.9001692047377327,220.9657,,,,
0.2837,5.781651020050049,7.61904761904762e-06,3.0434782608695654,700,,,,,,,,
,,,3.0434782608695654,700,0.36278802156448364,0.875,0.9106830122591945,228.5542,,,,
0.231,54.747032165527344,7.500000000000001e-06,3.1521739130434785,725,,,,,,,,
,,,3.1521739130434785,725,0.4051256775856018,0.8627450980392157,0.9037800687285222,236.3983,,,,
0.2151,36.5173454284668,7.380952380952382e-06,3.260869565217391,750,,,,,,,,
,,,3.260869565217391,750,0.45804786682128906,0.8651960784313726,0.9078726968174204,244.2937,,,,
0.167,42.505435943603516,7.261904761904762e-06,3.369565217391304,775,,,,,,,,
,,,3.369565217391304,775,0.504589855670929,0.8774509803921569,0.9152542372881356,252.0485,,,,
0.2235,88.7142333984375,7.1428571428571436e-06,3.4782608695652173,800,,,,,,,,
,,,3.4782608695652173,800,0.4719136655330658,0.8725490196078431,0.9118644067796611,259.8654,,,,
0.2402,32.168800354003906,7.023809523809524e-06,3.5869565217391304,825,,,,,,,,
,,,3.5869565217391304,825,0.3537421226501465,0.8774509803921569,0.9100719424460433,267.8285,,,,
0.2533,50.88062286376953,6.9047619047619055e-06,3.6956521739130435,850,,,,,,,,
,,,3.6956521739130435,850,0.3474466800689697,0.8774509803921569,0.910394265232975,275.8658,,,,
0.1836,89.11090087890625,6.785714285714287e-06,3.8043478260869565,875,,,,,,,,
,,,3.8043478260869565,875,0.39380180835723877,0.8725490196078431,0.9097222222222222,283.7518,,,,
0.1891,25.71677589416504,6.666666666666667e-06,3.9130434782608696,900,,,,,,,,
,,,3.9130434782608696,900,0.3877069056034088,0.8823529411764706,0.9180887372013652,291.7515,,,,
0.2037,34.828453063964844,6.547619047619048e-06,4.021739130434782,925,,,,,,,,
,,,4.021739130434782,925,0.4103375971317291,0.8799019607843137,0.9129662522202486,299.4355,,,,
0.1404,0.550112247467041,6.4285714285714295e-06,4.130434782608695,950,,,,,,,,
,,,4.130434782608695,950,0.435186505317688,0.8848039215686274,0.9162210338680927,307.4343,,,,
0.2044,65.86903381347656,6.30952380952381e-06,4.239130434782608,975,,,,,,,,
,,,4.239130434782608,975,0.46107134222984314,0.8848039215686274,0.919104991394148,315.1659,,,,
0.1882,71.35665130615234,6.1904761904761914e-06,4.3478260869565215,1000,,,,,,,,
,,,4.3478260869565215,1000,0.40508773922920227,0.8799019607843137,0.9144851657940662,322.9625,,,,
0.1896,83.8346939086914,6.071428571428571e-06,4.456521739130435,1025,,,,,,,,
,,,4.456521739130435,1025,0.40586650371551514,0.8799019607843137,0.9100917431192661,344.8566,,,,
0.121,8.236324310302734,5.9523809523809525e-06,4.565217391304348,1050,,,,,,,,
,,,4.565217391304348,1050,0.39416787028312683,0.8897058823529411,0.9209138840070299,352.7665,,,,
0.1677,2.893022298812866,5.833333333333334e-06,4.673913043478261,1075,,,,,,,,
,,,4.673913043478261,1075,0.41202065348625183,0.8995098039215687,0.926391382405745,360.7931,,,,
0.1563,18.986495971679688,5.7142857142857145e-06,4.782608695652174,1100,,,,,,,,
,,,4.782608695652174,1100,0.41296499967575073,0.8970588235294118,0.924187725631769,369.0189,,,,
0.1736,0.5555173754692078,5.595238095238096e-06,4.891304347826087,1125,,,,,,,,
,,,4.891304347826087,1125,0.38327687978744507,0.8970588235294118,0.9265734265734265,377.1217,,,,
0.1358,0.08748691529035568,5.476190476190477e-06,5.0,1150,,,,,,,,
,,,5.0,1150,0.4002233147621155,0.8995098039215687,0.926391382405745,385.1463,,,,
0.0823,0.12472119927406311,5.357142857142857e-06,5.108695652173913,1175,,,,,,,,
,,,5.108695652173913,1175,0.43661102652549744,0.9044117647058824,0.9307282415630549,392.9821,,,,
0.1319,78.0984115600586,5.2380952380952384e-06,5.217391304347826,1200,,,,,,,,
,,,5.217391304347826,1200,0.4385503828525543,0.8897058823529411,0.9217391304347826,400.8973,,,,
0.0707,42.34547424316406,5.119047619047619e-06,5.326086956521739,1225,,,,,,,,
,,,5.326086956521739,1225,0.4643011689186096,0.8970588235294118,0.9252669039145908,408.8075,,,,
0.1467,30.90485954284668,5e-06,5.434782608695652,1250,,,,,,,,
,,,5.434782608695652,1250,0.4781937301158905,0.8848039215686274,0.917975567190227,416.5063,,,,
0.1151,40.15153121948242,4.880952380952381e-06,5.543478260869565,1275,,,,,,,,
,,,5.543478260869565,1275,0.5017774701118469,0.8946078431372549,0.9219600725952813,424.2595,,,,
0.1638,120.65391540527344,4.761904761904762e-06,5.6521739130434785,1300,,,,,,,,
,,,5.6521739130434785,1300,0.5850386023521423,0.8774509803921569,0.9140893470790378,432.0793,,,,
0.1013,0.5211474299430847,4.642857142857144e-06,5.760869565217392,1325,,,,,,,,
,,,5.760869565217392,1325,0.49074652791023254,0.8995098039215687,0.9271758436944938,440.0253,,,,
0.154,15.548861503601074,4.523809523809524e-06,5.869565217391305,1350,,,,,,,,
,,,5.869565217391305,1350,0.4730518162250519,0.8995098039215687,0.926391382405745,448.0394,,,,
0.1199,38.963809967041016,4.404761904761905e-06,5.978260869565218,1375,,,,,,,,
,,,5.978260869565218,1375,0.45266976952552795,0.9019607843137255,0.927007299270073,456.1274,,,,
0.1133,155.09852600097656,4.2857142857142855e-06,6.086956521739131,1400,,,,,,,,
,,,6.086956521739131,1400,0.5158676505088806,0.8897058823529411,0.9217391304347826,463.9466,,,,
0.0841,181.45523071289062,4.166666666666667e-06,6.195652173913044,1425,,,,,,,,
,,,6.195652173913044,1425,0.517366349697113,0.8946078431372549,0.9216757741347906,472.1474,,,,
0.1472,120.83071899414062,4.047619047619048e-06,6.304347826086957,1450,,,,,,,,
,,,6.304347826086957,1450,0.6294357180595398,0.8725490196078431,0.9124579124579124,479.885,,,,
0.0906,0.04853501543402672,3.928571428571429e-06,6.413043478260869,1475,,,,,,,,
,,,6.413043478260869,1475,0.5532789826393127,0.8970588235294118,0.9239130434782609,487.7978,,,,
0.1287,0.10920505225658417,3.80952380952381e-06,6.521739130434782,1500,,,,,,,,
,,,6.521739130434782,1500,0.5385281443595886,0.9044117647058824,0.9312169312169313,495.5996,,,,
0.1088,134.44114685058594,3.690476190476191e-06,6.630434782608695,1525,,,,,,,,
,,,6.630434782608695,1525,0.5327731966972351,0.8995098039215687,0.9269162210338681,509.3257,,,,
0.1303,45.05847930908203,3.5714285714285718e-06,6.739130434782608,1550,,,,,,,,
,,,6.739130434782608,1550,0.520933210849762,0.9019607843137255,0.9283154121863799,517.0389,,,,
0.0614,0.2817334830760956,3.4523809523809528e-06,6.8478260869565215,1575,,,,,,,,
,,,6.8478260869565215,1575,0.5315362215042114,0.8970588235294118,0.924187725631769,524.9812,,,,
0.0754,0.5093784332275391,3.3333333333333333e-06,6.956521739130435,1600,,,,,,,,
,,,6.956521739130435,1600,0.5467824935913086,0.9044117647058824,0.9314586994727592,533.0037,,,,
0.0517,80.43733978271484,3.2142857142857147e-06,7.065217391304348,1625,,,,,,,,
,,,7.065217391304348,1625,0.5526161789894104,0.9068627450980392,0.9330985915492959,540.7802,,,,
0.075,0.39681053161621094,3.0952380952380957e-06,7.173913043478261,1650,,,,,,,,
,,,7.173913043478261,1650,0.5587617754936218,0.8995098039215687,0.9274336283185841,548.652,,,,
0.0558,0.12473971396684647,2.9761904761904763e-06,7.282608695652174,1675,,,,,,,,
,,,7.282608695652174,1675,0.550668478012085,0.9044117647058824,0.9312169312169313,556.4849,,,,
0.0994,101.31342315673828,2.8571428571428573e-06,7.391304347826087,1700,,,,,,,,
,,,7.391304347826087,1700,0.5603896975517273,0.9093137254901961,0.9352014010507881,564.5066,,,,
0.0306,0.040032509714365005,2.7380952380952387e-06,7.5,1725,,,,,,,,
,,,7.5,1725,0.5613861083984375,0.9068627450980392,0.9328621908127209,572.4275,,,,
0.086,0.06310795992612839,2.6190476190476192e-06,7.608695652173913,1750,,,,,,,,
,,,7.608695652173913,1750,0.5488463640213013,0.9019607843137255,0.9288256227758006,580.2876,,,,
0.1048,125.16629028320312,2.5e-06,7.717391304347826,1775,,,,,,,,
,,,7.717391304347826,1775,0.5459157824516296,0.9093137254901961,0.9345132743362833,588.1846,,,,
0.054,0.03803253173828125,2.380952380952381e-06,7.826086956521739,1800,,,,,,,,
,,,7.826086956521739,1800,0.5673995018005371,0.8946078431372549,0.9228007181328547,595.929,,,,
0.0424,1.1952165365219116,2.261904761904762e-06,7.934782608695652,1825,,,,,,,,
,,,7.934782608695652,1825,0.5813825130462646,0.9019607843137255,0.9290780141843972,604.0664,,,,
0.064,0.7765227556228638,2.1428571428571427e-06,8.043478260869565,1850,,,,,,,,
,,,8.043478260869565,1850,0.5944826602935791,0.9019607843137255,0.9303135888501741,611.7829,,,,
0.0489,0.5984540581703186,2.023809523809524e-06,8.152173913043478,1875,,,,,,,,
,,,8.152173913043478,1875,0.6015692353248596,0.8970588235294118,0.9249999999999999,619.6619,,,,
0.0682,0.48991018533706665,1.904761904761905e-06,8.26086956521739,1900,,,,,,,,
,,,8.26086956521739,1900,0.5778266191482544,0.9068627450980392,0.9328621908127209,627.6046,,,,
0.0227,0.036542341113090515,1.7857142857142859e-06,8.369565217391305,1925,,,,,,,,
,,,8.369565217391305,1925,0.5757222175598145,0.9093137254901961,0.9345132743362833,635.5467,,,,
0.0279,5.170210361480713,1.6666666666666667e-06,8.478260869565217,1950,,,,,,,,
,,,8.478260869565217,1950,0.5839519500732422,0.9068627450980392,0.9328621908127209,643.5844,,,,
0.0448,0.027884099632501602,1.5476190476190479e-06,8.58695652173913,1975,,,,,,,,
,,,8.58695652173913,1975,0.5921450853347778,0.9068627450980392,0.9333333333333333,651.4137,,,,
0.1523,0.16326293349266052,1.4285714285714286e-06,8.695652173913043,2000,,,,,,,,
,,,8.695652173913043,2000,0.5804187655448914,0.9093137254901961,0.9349736379613356,659.3108,,,,
0.0085,0.06078561767935753,1.3095238095238096e-06,8.804347826086957,2025,,,,,,,,
,,,8.804347826086957,2025,0.5850992202758789,0.9068627450980392,0.9330985915492959,676.2312,,,,
0.0356,109.60398864746094,1.1904761904761906e-06,8.91304347826087,2050,,,,,,,,
,,,8.91304347826087,2050,0.5744940638542175,0.9019607843137255,0.9285714285714286,684.154,,,,
0.0908,0.03546900674700737,1.0714285714285714e-06,9.021739130434783,2075,,,,,,,,
,,,9.021739130434783,2075,0.5794912576675415,0.8995098039215687,0.9269162210338681,691.9432,,,,
0.0173,0.02011125348508358,9.523809523809525e-07,9.130434782608695,2100,,,,,,,,
,,,9.130434782608695,2100,0.5836498141288757,0.9019607843137255,0.9288256227758006,699.9303,,,,
0.0274,0.0853816494345665,8.333333333333333e-07,9.23913043478261,2125,,,,,,,,
,,,9.23913043478261,2125,0.5925381779670715,0.9019607843137255,0.9288256227758006,707.9163,,,,
0.0488,0.02558095008134842,7.142857142857143e-07,9.347826086956522,2150,,,,,,,,
,,,9.347826086956522,2150,0.6057165861129761,0.9044117647058824,0.9312169312169313,715.7972,,,,
0.0719,0.019155770540237427,5.952380952380953e-07,9.456521739130435,2175,,,,,,,,
,,,9.456521739130435,2175,0.6042494177818298,0.9019607843137255,0.9293286219081272,723.7176,,,,
0.0095,1.194198489189148,4.7619047619047623e-07,9.565217391304348,2200,,,,,,,,
,,,9.565217391304348,2200,0.6060869097709656,0.9019607843137255,0.9293286219081272,731.5348,,,,
0.0704,1.1352660655975342,3.5714285714285716e-07,9.673913043478262,2225,,,,,,,,
,,,9.673913043478262,2225,0.6046897768974304,0.9019607843137255,0.9293286219081272,739.2728,,,,
0.0312,164.27415466308594,2.3809523809523811e-07,9.782608695652174,2250,,,,,,,,
,,,9.782608695652174,2250,0.6064047813415527,0.9019607843137255,0.9293286219081272,747.076,,,,
0.0338,0.022169847041368484,1.1904761904761906e-07,9.891304347826086,2275,,,,,,,,
,,,9.891304347826086,2275,0.6060594320297241,0.9019607843137255,0.9293286219081272,754.9604,,,,
0.0688,0.024391336366534233,0.0,10.0,2300,,,,,,,,
,,,10.0,2300,0.6055479049682617,0.9019607843137255,0.9293286219081272,762.7249,,,,
,,,10.0,2300,,,,762.3135,48.117,3.017,1441090083533520.0,0.20466506057459374
