loss,grad_norm,learning_rate,epoch,step,eval_loss,eval_accuracy,eval_f1,train_runtime,train_samples_per_second,train_steps_per_second,total_flos,train_loss
0.7008,1.5401722192764282,2.5e-06,0.004347826086956522,1,,,,,,,,
0.6544,1.3203561305999756,6.25e-05,0.10869565217391304,25,,,,,,,,
,,,0.10869565217391304,25,0.6280840635299683,0.6838235294117647,0.8122270742358079,5.8083,,,,
0.6609,4.402154445648193,0.000125,0.21739130434782608,50,,,,,,,,
,,,0.21739130434782608,50,0.6114174127578735,0.6838235294117647,0.8122270742358079,11.3032,,,,
0.6325,2.989435911178589,0.0001875,0.32608695652173914,75,,,,,,,,
,,,0.32608695652173914,75,0.6164962649345398,0.6838235294117647,0.8122270742358079,16.8251,,,,
0.6523,4.78091287612915,0.00025,0.43478260869565216,100,,,,,,,,
,,,0.43478260869565216,100,0.5812307596206665,0.6985294117647058,0.8177777777777778,22.331,,,,
0.5591,9.094989776611328,0.0003125,0.5434782608695652,125,,,,,,,,
,,,0.5434782608695652,125,0.5146507024765015,0.7401960784313726,0.8284789644012944,27.8099,,,,
0.6247,5.483883857727051,0.000375,0.6521739130434783,150,,,,,,,,
,,,0.6521739130434783,150,0.5115951299667358,0.6838235294117647,0.8122270742358079,33.3315,,,,
0.6197,6.4660491943359375,0.0004375,0.7608695652173914,175,,,,,,,,
,,,0.7608695652173914,175,0.5331465601921082,0.8259803921568627,0.8765217391304347,38.9506,,,,
0.5285,11.591361999511719,0.0005,0.8695652173913043,200,,,,,,,,
,,,0.8695652173913043,200,0.4656974971294403,0.821078431372549,0.8752136752136752,44.5384,,,,
0.5174,7.090916633605957,0.0004940476190476191,0.9782608695652174,225,,,,,,,,
,,,0.9782608695652174,225,0.44415000081062317,0.7965686274509803,0.8369351669941061,50.0252,,,,
0.4827,11.052370071411133,0.0004880952380952381,1.0869565217391304,250,,,,,,,,
,,,1.0869565217391304,250,0.43813472986221313,0.8455882352941176,0.8896672504378283,55.3556,,,,
0.5045,6.608692169189453,0.00048214285714285715,1.1956521739130435,275,,,,,,,,
,,,1.1956521739130435,275,0.4260506331920624,0.8014705882352942,0.8687196110210698,60.8645,,,,
0.4887,7.155890941619873,0.0004761904761904762,1.3043478260869565,300,,,,,,,,
,,,1.3043478260869565,300,0.36052247881889343,0.8406862745098039,0.8824593128390597,66.3895,,,,
0.4568,11.422561645507812,0.00047023809523809523,1.4130434782608696,325,,,,,,,,
,,,1.4130434782608696,325,0.3993493616580963,0.8406862745098039,0.875717017208413,71.9257,,,,
0.4416,19.838565826416016,0.00046428571428571433,1.5217391304347827,350,,,,,,,,
,,,1.5217391304347827,350,0.3652697503566742,0.8382352941176471,0.8749999999999999,77.442,,,,
0.4989,5.354355812072754,0.0004583333333333333,1.6304347826086958,375,,,,,,,,
,,,1.6304347826086958,375,0.3863082528114319,0.8308823529411765,0.8812392426850257,82.9217,,,,
0.4088,25.185161590576172,0.00045238095238095237,1.7391304347826086,400,,,,,,,,
,,,1.7391304347826086,400,0.45791998505592346,0.8112745098039216,0.8731466227347612,88.4162,,,,
0.55,8.545137405395508,0.00044642857142857147,1.8478260869565217,425,,,,,,,,
,,,1.8478260869565217,425,0.43749120831489563,0.8137254901960784,0.8774193548387096,94.0244,,,,
0.4857,11.587325096130371,0.00044047619047619046,1.9565217391304348,450,,,,,,,,
,,,1.9565217391304348,450,0.49190768599510193,0.8063725490196079,0.8723747980613893,99.6311,,,,
0.4845,7.177981376647949,0.00043452380952380956,2.0652173913043477,475,,,,,,,,
,,,2.0652173913043477,475,0.42082610726356506,0.8112745098039216,0.8727272727272727,104.9624,,,,
0.4319,10.889202117919922,0.00042857142857142855,2.1739130434782608,500,,,,,,,,
,,,2.1739130434782608,500,0.3686196208000183,0.8308823529411765,0.8738574040219379,110.4991,,,,
0.3671,10.094158172607422,0.00042261904761904765,2.282608695652174,525,,,,,,,,
,,,2.282608695652174,525,0.43177133798599243,0.8235294117647058,0.8758620689655173,116.1667,,,,
0.4126,23.33395004272461,0.0004166666666666667,2.391304347826087,550,,,,,,,,
,,,2.391304347826087,550,0.47919410467147827,0.8578431372549019,0.8982456140350877,121.6684,,,,
0.4128,8.356132507324219,0.0004107142857142857,2.5,575,,,,,,,,
,,,2.5,575,0.4461428225040436,0.8014705882352942,0.8704000000000001,127.2005,,,,
0.4095,14.769034385681152,0.0004047619047619048,2.608695652173913,600,,,,,,,,
,,,2.608695652173913,600,0.4921218156814575,0.8431372549019608,0.8929765886287626,132.7556,,,,
0.3772,14.426936149597168,0.00039880952380952383,2.717391304347826,625,,,,,,,,
,,,2.717391304347826,625,0.4120105803012848,0.8529411764705882,0.8976109215017065,138.3483,,,,
0.4129,14.576398849487305,0.0003928571428571429,2.8260869565217392,650,,,,,,,,
,,,2.8260869565217392,650,0.32691237330436707,0.8651960784313726,0.9023090586145649,143.9796,,,,
0.3523,7.249236106872559,0.0003869047619047619,2.9347826086956523,675,,,,,,,,
,,,2.9347826086956523,675,0.35355570912361145,0.8504901960784313,0.8950086058519794,149.5302,,,,
0.3165,6.384915828704834,0.00038095238095238096,3.0434782608695654,700,,,,,,,,
,,,3.0434782608695654,700,0.4057047963142395,0.8431372549019608,0.8881118881118882,154.9175,,,,
0.2794,7.4217729568481445,0.000375,3.1521739130434785,725,,,,,,,,
,,,3.1521739130434785,725,0.5255100727081299,0.8504901960784313,0.8942807625649914,160.4169,,,,
0.4302,17.301424026489258,0.00036904761904761905,3.260869565217391,750,,,,,,,,
,,,3.260869565217391,750,0.390629380941391,0.8357843137254902,0.8858603066439524,166.0082,,,,
0.3397,10.171477317810059,0.0003630952380952381,3.369565217391304,775,,,,,,,,
,,,3.369565217391304,775,0.4558284878730774,0.8357843137254902,0.8805704099821747,171.4068,,,,
0.381,12.923050880432129,0.00035714285714285714,3.4782608695652173,800,,,,,,,,
,,,3.4782608695652173,800,0.4413187503814697,0.821078431372549,0.8773109243697478,176.9221,,,,
0.3864,22.037073135375977,0.0003511904761904762,3.5869565217391304,825,,,,,,,,
,,,3.5869565217391304,825,0.35381537675857544,0.8382352941176471,0.8773234200743494,182.4752,,,,
0.3304,7.670485019683838,0.00034523809523809523,3.6956521739130435,850,,,,,,,,
,,,3.6956521739130435,850,0.3953924775123596,0.821078431372549,0.859344894026975,188.099,,,,
0.3233,18.84235382080078,0.00033928571428571433,3.8043478260869565,875,,,,,,,,
,,,3.8043478260869565,875,0.37235644459724426,0.8431372549019608,0.8827838827838829,193.6832,,,,
0.3454,22.73118019104004,0.0003333333333333333,3.9130434782608696,900,,,,,,,,
,,,3.9130434782608696,900,0.3698086440563202,0.8553921568627451,0.8970331588132635,199.2432,,,,
0.3315,5.2110748291015625,0.00032738095238095237,4.021739130434782,925,,,,,,,,
,,,4.021739130434782,925,0.33547815680503845,0.8700980392156863,0.9094017094017094,204.6909,,,,
0.2506,13.558110237121582,0.00032142857142857147,4.130434782608695,950,,,,,,,,
,,,4.130434782608695,950,0.6220546960830688,0.8602941176470589,0.9032258064516129,210.236,,,,
0.3315,19.840513229370117,0.00031547619047619046,4.239130434782608,975,,,,,,,,
,,,4.239130434782608,975,0.4903387129306793,0.8578431372549019,0.9039735099337749,215.7292,,,,
0.2943,4.914568901062012,0.00030952380952380956,4.3478260869565215,1000,,,,,,,,
,,,4.3478260869565215,1000,0.3275918662548065,0.8676470588235294,0.9055944055944055,221.1761,,,,
0.2881,15.846580505371094,0.00030357142857142855,4.456521739130435,1025,,,,,,,,
,,,4.456521739130435,1025,0.3413592278957367,0.8529411764705882,0.8905109489051095,226.9864,,,,
0.272,19.321565628051758,0.00029761904761904765,4.565217391304348,1050,,,,,,,,
,,,4.565217391304348,1050,0.4027380347251892,0.8651960784313726,0.9040139616055847,232.5163,,,,
0.2436,15.81015682220459,0.0002916666666666667,4.673913043478261,1075,,,,,,,,
,,,4.673913043478261,1075,0.48984265327453613,0.8357843137254902,0.8756957328385899,238.0496,,,,
0.2359,11.429194450378418,0.0002857142857142857,4.782608695652174,1100,,,,,,,,
,,,4.782608695652174,1100,0.3723985254764557,0.8651960784313726,0.9033391915641477,243.552,,,,
0.2493,10.886788368225098,0.0002797619047619048,4.891304347826087,1125,,,,,,,,
,,,4.891304347826087,1125,0.3752475082874298,0.8578431372549019,0.8964285714285715,249.0741,,,,
0.2789,1.2890677452087402,0.0002738095238095238,5.0,1150,,,,,,,,
,,,5.0,1150,0.4075465500354767,0.8529411764705882,0.8969072164948454,254.6148,,,,
0.2033,35.506954193115234,0.00026785714285714287,5.108695652173913,1175,,,,,,,,
,,,5.108695652173913,1175,0.6057919263839722,0.8529411764705882,0.9000000000000001,260.0516,,,,
0.2164,26.160537719726562,0.0002619047619047619,5.217391304347826,1200,,,,,,,,
,,,5.217391304347826,1200,0.4347938001155853,0.8553921568627451,0.8963093145869947,265.6828,,,,
0.1956,20.758859634399414,0.00025595238095238096,5.326086956521739,1225,,,,,,,,
,,,5.326086956521739,1225,0.42379191517829895,0.8578431372549019,0.8933823529411764,271.2102,,,,
0.2482,8.947712898254395,0.00025,5.434782608695652,1250,,,,,,,,
,,,5.434782608695652,1250,0.4540605843067169,0.8627450980392157,0.9037800687285222,276.7289,,,,
0.2562,29.472179412841797,0.00024404761904761905,5.543478260869565,1275,,,,,,,,
,,,5.543478260869565,1275,0.39225712418556213,0.8676470588235294,0.9049295774647886,282.1985,,,,
0.1939,32.94773483276367,0.0002380952380952381,5.6521739130434785,1300,,,,,,,,
,,,5.6521739130434785,1300,0.40022149682044983,0.8725490196078431,0.9057971014492753,287.7703,,,,
0.2343,2.0125279426574707,0.00023214285714285717,5.760869565217392,1325,,,,,,,,
,,,5.760869565217392,1325,0.46108725666999817,0.8602941176470589,0.9008695652173914,293.3499,,,,
0.2381,19.396879196166992,0.00022619047619047618,5.869565217391305,1350,,,,,,,,
,,,5.869565217391305,1350,0.39328256249427795,0.8774509803921569,0.9116607773851589,298.9874,,,,
0.23,6.824380397796631,0.00022023809523809523,5.978260869565218,1375,,,,,,,,
,,,5.978260869565218,1375,0.39331963658332825,0.8725490196078431,0.9094076655052264,304.6094,,,,
0.1471,22.72467803955078,0.00021428571428571427,6.086956521739131,1400,,,,,,,,
,,,6.086956521739131,1400,0.5123464465141296,0.8823529411764706,0.9178082191780821,310.0518,,,,
0.1786,29.957881927490234,0.00020833333333333335,6.195652173913044,1425,,,,,,,,
,,,6.195652173913044,1425,0.6927452087402344,0.8529411764705882,0.8996655518394648,315.7547,,,,
0.2309,17.346572875976562,0.0002023809523809524,6.304347826086957,1450,,,,,,,,
,,,6.304347826086957,1450,0.476441353559494,0.875,0.911917098445596,321.1501,,,,
0.2304,12.16158676147461,0.00019642857142857144,6.413043478260869,1475,,,,,,,,
,,,6.413043478260869,1475,0.4493176341056824,0.8848039215686274,0.9188255613126081,326.7216,,,,
0.1548,23.413280487060547,0.00019047619047619048,6.521739130434782,1500,,,,,,,,
,,,6.521739130434782,1500,0.561583399772644,0.8774509803921569,0.9100719424460433,332.194,,,,
0.1884,82.35246276855469,0.00018452380952380953,6.630434782608695,1525,,,,,,,,
,,,6.630434782608695,1525,0.5041825771331787,0.8799019607843137,0.9126559714795008,338.031,,,,
0.2806,14.554495811462402,0.00017857142857142857,6.739130434782608,1550,,,,,,,,
,,,6.739130434782608,1550,0.43906787037849426,0.8455882352941176,0.88268156424581,343.4841,,,,
0.1525,17.044042587280273,0.00017261904761904762,6.8478260869565215,1575,,,,,,,,
,,,6.8478260869565215,1575,0.48198437690734863,0.8725490196078431,0.9100346020761245,349.1051,,,,
0.231,49.34739303588867,0.00016666666666666666,6.956521739130435,1600,,,,,,,,
,,,6.956521739130435,1600,0.573327362537384,0.875,0.9122203098106711,354.6728,,,,
0.1259,0.2849236726760864,0.00016071428571428573,7.065217391304348,1625,,,,,,,,
,,,7.065217391304348,1625,0.6186550259590149,0.8725490196078431,0.9081272084805654,360.1006,,,,
0.1496,99.82316589355469,0.00015476190476190478,7.173913043478261,1650,,,,,,,,
,,,7.173913043478261,1650,0.666441023349762,0.8676470588235294,0.9072164948453608,365.5801,,,,
0.1456,9.333977699279785,0.00014880952380952382,7.282608695652174,1675,,,,,,,,
,,,7.282608695652174,1675,0.5927954912185669,0.8799019607843137,0.9126559714795008,371.0789,,,,
0.1859,8.476106643676758,0.00014285714285714284,7.391304347826087,1700,,,,,,,,
,,,7.391304347826087,1700,0.6399593949317932,0.8700980392156863,0.9090909090909091,376.6686,,,,
0.1856,1.3678488731384277,0.0001369047619047619,7.5,1725,,,,,,,,
,,,7.5,1725,0.5219638347625732,0.8774509803921569,0.9113475177304964,382.2884,,,,
0.195,18.29384422302246,0.00013095238095238096,7.608695652173913,1750,,,,,,,,
,,,7.608695652173913,1750,0.48999032378196716,0.8823529411764706,0.915492957746479,387.8677,,,,
0.1255,21.95734977722168,0.000125,7.717391304347826,1775,,,,,,,,
,,,7.717391304347826,1775,0.6802598834037781,0.8651960784313726,0.9063032367972743,393.403,,,,
0.1809,22.364442825317383,0.00011904761904761905,7.826086956521739,1800,,,,,,,,
,,,7.826086956521739,1800,0.5660962462425232,0.8700980392156863,0.9087779690189328,398.9491,,,,
0.18,21.869747161865234,0.00011309523809523809,7.934782608695652,1825,,,,,,,,
,,,7.934782608695652,1825,0.48032498359680176,0.8774509803921569,0.9125874125874125,404.6384,,,,
0.1916,38.8242073059082,0.00010714285714285714,8.043478260869565,1850,,,,,,,,
,,,8.043478260869565,1850,0.5549538731575012,0.8700980392156863,0.9081455805892548,410.1149,,,,
0.1217,52.27741622924805,0.0001011904761904762,8.152173913043478,1875,,,,,,,,
,,,8.152173913043478,1875,0.6187012791633606,0.8774509803921569,0.9125874125874125,415.6401,,,,
0.1019,0.04898197203874588,9.523809523809524e-05,8.26086956521739,1900,,,,,,,,
,,,8.26086956521739,1900,0.6973703503608704,0.8725490196078431,0.9100346020761245,421.2469,,,,
0.0828,0.41464775800704956,8.928571428571429e-05,8.369565217391305,1925,,,,,,,,
,,,8.369565217391305,1925,0.7041124701499939,0.8725490196078431,0.9087719298245615,426.8199,,,,
0.1637,1.314609408378601,8.333333333333333e-05,8.478260869565217,1950,,,,,,,,
,,,8.478260869565217,1950,0.6866840124130249,0.8848039215686274,0.917975567190227,432.4589,,,,
0.1187,55.3447265625,7.738095238095239e-05,8.58695652173913,1975,,,,,,,,
,,,8.58695652173913,1975,0.7067393660545349,0.8823529411764706,0.9169550173010381,437.8852,,,,
0.1125,116.30326080322266,7.142857142857142e-05,8.695652173913043,2000,,,,,,,,
,,,8.695652173913043,2000,0.671826958656311,0.8823529411764706,0.915492957746479,443.3976,,,,
0.1743,1.8030025959014893,6.547619047619048e-05,8.804347826086957,2025,,,,,,,,
,,,8.804347826086957,2025,0.6810423731803894,0.8848039215686274,0.9182608695652175,449.1422,,,,
0.1441,17.505521774291992,5.9523809523809524e-05,8.91304347826087,2050,,,,,,,,
,,,8.91304347826087,2050,0.6809361577033997,0.8799019607843137,0.9147826086956522,454.6985,,,,
0.1117,0.5752883553504944,5.357142857142857e-05,9.021739130434783,2075,,,,,,,,
,,,9.021739130434783,2075,0.6283597946166992,0.8872549019607843,0.9192982456140351,460.1176,,,,
0.0429,0.10143782198429108,4.761904761904762e-05,9.130434782608695,2100,,,,,,,,
,,,9.130434782608695,2100,0.6911598443984985,0.8799019607843137,0.9132743362831858,465.5953,,,,
0.1338,42.283531188964844,4.1666666666666665e-05,9.23913043478261,2125,,,,,,,,
,,,9.23913043478261,2125,0.6902589201927185,0.8823529411764706,0.9145907473309609,471.1535,,,,
0.1124,0.04014785960316658,3.571428571428571e-05,9.347826086956522,2150,,,,,,,,
,,,9.347826086956522,2150,0.6512410640716553,0.8848039215686274,0.9176882661996497,476.663,,,,
0.0554,0.25592541694641113,2.9761904761904762e-05,9.456521739130435,2175,,,,,,,,
,,,9.456521739130435,2175,0.6374469995498657,0.8872549019607843,0.9204152249134948,482.2603,,,,
0.0641,1.3581966161727905,2.380952380952381e-05,9.565217391304348,2200,,,,,,,,
,,,9.565217391304348,2200,0.6625198721885681,0.8799019607843137,0.9150779896013865,487.7705,,,,
0.1122,0.1096339225769043,1.7857142857142855e-05,9.673913043478262,2225,,,,,,,,
,,,9.673913043478262,2225,0.6617076992988586,0.8848039215686274,0.9182608695652175,493.3316,,,,
0.1014,70.9096908569336,1.1904761904761905e-05,9.782608695652174,2250,,,,,,,,
,,,9.782608695652174,2250,0.6750572323799133,0.8897058823529411,0.922279792746114,498.841,,,,
0.1154,43.52682876586914,5.9523809523809525e-06,9.891304347826086,2275,,,,,,,,
,,,9.891304347826086,2275,0.6574186682701111,0.8921568627450981,0.9236111111111112,504.4331,,,,
0.0841,0.01816401444375515,0.0,10.0,2300,,,,,,,,
,,,10.0,2300,0.6572490930557251,0.8897058823529411,0.9217391304347826,509.911,,,,
,,,10.0,2300,,,,509.5921,71.979,4.513,1456015189661088.0,0.2909432055639184
