loss,grad_norm,learning_rate,epoch,step,eval_loss,eval_accuracy,eval_f1,train_runtime,train_samples_per_second,train_steps_per_second,total_flos,train_loss
1.9032,1.4424785375595093,5e-05,0.004347826086956522,1,,,,,,,,
1.6276,1.5307629108428955,0.00125,0.10869565217391304,25,,,,,,,,
,,,0.10869565217391304,25,0.9180121421813965,0.6838235294117647,0.8122270742358079,6.3836,,,,
0.834,3.882788896560669,0.0025,0.21739130434782608,50,,,,,,,,
,,,0.21739130434782608,50,1.007613182067871,0.3161764705882353,0.0,12.2554,,,,
0.8426,1.358098030090332,0.00375,0.32608695652173914,75,,,,,,,,
,,,0.32608695652173914,75,0.6750162243843079,0.6838235294117647,0.8122270742358079,18.3952,,,,
0.7444,1.9531612396240234,0.005,0.43478260869565216,100,,,,,,,,
,,,0.43478260869565216,100,0.6790016293525696,0.6936274509803921,0.8159057437407953,24.3249,,,,
0.7643,2.126223564147949,0.00625,0.5434782608695652,125,,,,,,,,
,,,0.5434782608695652,125,0.7962813973426819,0.6838235294117647,0.8122270742358079,30.4342,,,,
0.8112,4.547122001647949,0.0075,0.6521739130434783,150,,,,,,,,
,,,0.6521739130434783,150,0.753131628036499,0.6911764705882353,0.81524926686217,36.3603,,,,
0.8444,1.5708240270614624,0.00875,0.7608695652173914,175,,,,,,,,
,,,0.7608695652173914,175,0.7501115798950195,0.7181372549019608,0.8270676691729323,42.551,,,,
1.2668,1.8521342277526855,0.01,0.8695652173913043,200,,,,,,,,
,,,0.8695652173913043,200,0.838542103767395,0.6838235294117647,0.8122270742358079,48.5713,,,,
1.1235,4.650622367858887,0.009880952380952381,0.9782608695652174,225,,,,,,,,
,,,0.9782608695652174,225,0.9952921271324158,0.6838235294117647,0.8122270742358079,54.5901,,,,
1.1895,2.726681709289551,0.009761904761904762,1.0869565217391304,250,,,,,,,,
,,,1.0869565217391304,250,0.7203066349029541,0.6838235294117647,0.8122270742358079,60.4614,,,,
0.9358,3.4183764457702637,0.009642857142857144,1.1956521739130435,275,,,,,,,,
,,,1.1956521739130435,275,0.7617239356040955,0.7132352941176471,0.8229954614220877,66.4523,,,,
0.8335,5.687588691711426,0.009523809523809523,1.3043478260869565,300,,,,,,,,
,,,1.3043478260869565,300,0.640807032585144,0.7083333333333334,0.7816513761467889,72.569,,,,
1.0562,10.334938049316406,0.009404761904761905,1.4130434782608696,325,,,,,,,,
,,,1.4130434782608696,325,1.1983509063720703,0.46078431372549017,0.36046511627906974,78.5154,,,,
1.0449,6.083502292633057,0.009285714285714286,1.5217391304347827,350,,,,,,,,
,,,1.5217391304347827,350,1.5704076290130615,0.49019607843137253,0.4124293785310734,84.6144,,,,
1.3821,2.574604034423828,0.009166666666666667,1.6304347826086958,375,,,,,,,,
,,,1.6304347826086958,375,1.6052950620651245,0.6838235294117647,0.8122270742358079,90.5106,,,,
1.3061,11.044509887695312,0.009047619047619047,1.7391304347826086,400,,,,,,,,
,,,1.7391304347826086,400,1.072706937789917,0.7156862745098039,0.8258258258258258,96.5996,,,,
1.1977,8.860487937927246,0.00892857142857143,1.8478260869565217,425,,,,,,,,
,,,1.8478260869565217,425,1.6778405904769897,0.6838235294117647,0.8122270742358079,102.607,,,,
1.6344,2.1867988109588623,0.008809523809523809,1.9565217391304348,450,,,,,,,,
,,,1.9565217391304348,450,0.9745697379112244,0.6862745098039216,0.736625514403292,108.791,,,,
1.1749,9.324584007263184,0.008690476190476191,2.0652173913043477,475,,,,,,,,
,,,2.0652173913043477,475,0.6934957504272461,0.7916666666666666,0.8462929475587704,114.5842,,,,
1.0508,3.079362392425537,0.008571428571428572,2.1739130434782608,500,,,,,,,,
,,,2.1739130434782608,500,0.5628668069839478,0.7745098039215687,0.8525641025641025,120.6195,,,,
0.9691,2.5143589973449707,0.008452380952380953,2.282608695652174,525,,,,,,,,
,,,2.282608695652174,525,0.8738123774528503,0.6348039215686274,0.6526806526806527,126.8066,,,,
1.117,2.524197578430176,0.008333333333333333,2.391304347826087,550,,,,,,,,
,,,2.391304347826087,550,0.9862949252128601,0.6348039215686274,0.6477541371158392,132.7621,,,,
1.0026,1.8488126993179321,0.008214285714285714,2.5,575,,,,,,,,
,,,2.5,575,0.7283357977867126,0.7671568627450981,0.8342059336823735,138.7991,,,,
1.0566,3.225553512573242,0.008095238095238096,2.608695652173913,600,,,,,,,,
,,,2.608695652173913,600,1.2692440748214722,0.6862745098039216,0.8134110787172011,144.7814,,,,
0.8375,6.026196002960205,0.007976190476190477,2.717391304347826,625,,,,,,,,
,,,2.717391304347826,625,1.0247126817703247,0.7916666666666666,0.8626817447495962,150.9067,,,,
1.2663,2.6054704189300537,0.007857142857142858,2.8260869565217392,650,,,,,,,,
,,,2.8260869565217392,650,1.5045291185379028,0.4215686274509804,0.2670807453416149,156.9389,,,,
1.3123,8.24505615234375,0.007738095238095238,2.9347826086956523,675,,,,,,,,
,,,2.9347826086956523,675,1.0979820489883423,0.8014705882352942,0.8695652173913043,163.1028,,,,
1.1417,6.667265892028809,0.007619047619047619,3.0434782608695654,700,,,,,,,,
,,,3.0434782608695654,700,1.1303255558013916,0.7009803921568627,0.8205882352941176,168.8772,,,,
1.1379,4.921905994415283,0.0075,3.1521739130434785,725,,,,,,,,
,,,3.1521739130434785,725,0.7547640204429626,0.8284313725490197,0.8841059602649006,174.9739,,,,
0.975,5.769606113433838,0.007380952380952381,3.260869565217391,750,,,,,,,,
,,,3.260869565217391,750,0.9400556683540344,0.7352941176470589,0.7759336099585061,180.9931,,,,
1.0374,6.048614501953125,0.007261904761904762,3.369565217391304,775,,,,,,,,
,,,3.369565217391304,775,1.3323935270309448,0.6838235294117647,0.8122270742358079,186.9835,,,,
0.7531,3.3617711067199707,0.0071428571428571435,3.4782608695652173,800,,,,,,,,
,,,3.4782608695652173,800,0.5464625358581543,0.8161764705882353,0.8603351955307263,192.9116,,,,
0.9286,2.6877782344818115,0.007023809523809523,3.5869565217391304,825,,,,,,,,
,,,3.5869565217391304,825,0.459808886051178,0.8308823529411765,0.8743169398907102,198.9652,,,,
0.7203,11.532506942749023,0.006904761904761905,3.6956521739130435,850,,,,,,,,
,,,3.6956521739130435,850,0.7494170069694519,0.7279411764705882,0.7663157894736843,204.9958,,,,
0.7723,8.25273609161377,0.006785714285714286,3.8043478260869565,875,,,,,,,,
,,,3.8043478260869565,875,0.7513882517814636,0.8186274509803921,0.8790849673202614,211.0304,,,,
1.15,2.2505757808685303,0.006666666666666666,3.9130434782608696,900,,,,,,,,
,,,3.9130434782608696,900,1.036316990852356,0.7205882352941176,0.8303571428571428,217.067,,,,
1.0088,6.546962261199951,0.006547619047619048,4.021739130434782,925,,,,,,,,
,,,4.021739130434782,925,0.5872865319252014,0.7941176470588235,0.865814696485623,222.9006,,,,
0.8386,2.2921040058135986,0.006428571428571429,4.130434782608695,950,,,,,,,,
,,,4.130434782608695,950,0.5454607009887695,0.8480392156862745,0.8949152542372881,229.0019,,,,
0.9135,6.38849401473999,0.006309523809523809,4.239130434782608,975,,,,,,,,
,,,4.239130434782608,975,0.8360381722450256,0.6862745098039216,0.709090909090909,234.8568,,,,
0.8575,4.402715682983398,0.006190476190476191,4.3478260869565215,1000,,,,,,,,
,,,4.3478260869565215,1000,0.4961734712123871,0.8529411764705882,0.8958333333333334,240.8575,,,,
0.8669,9.701444625854492,0.006071428571428571,4.456521739130435,1025,,,,,,,,
,,,4.456521739130435,1025,0.7590351700782776,0.7132352941176471,0.7450980392156863,247.1545,,,,
0.9327,6.4009318351745605,0.005952380952380952,4.565217391304348,1050,,,,,,,,
,,,4.565217391304348,1050,0.9429421424865723,0.7720588235294118,0.8558139534883721,253.2457,,,,
0.7358,1.105979084968567,0.005833333333333334,4.673913043478261,1075,,,,,,,,
,,,4.673913043478261,1075,0.6137831211090088,0.803921568627451,0.8479087452471483,259.1804,,,,
0.8668,3.42965030670166,0.005714285714285714,4.782608695652174,1100,,,,,,,,
,,,4.782608695652174,1100,1.2047784328460693,0.7254901960784313,0.8328358208955223,265.2363,,,,
0.9626,19.14175796508789,0.005595238095238096,4.891304347826087,1125,,,,,,,,
,,,4.891304347826087,1125,0.8753065466880798,0.6813725490196079,0.701834862385321,271.1992,,,,
0.8484,0.24928973615169525,0.0054761904761904765,5.0,1150,,,,,,,,
,,,5.0,1150,1.18559730052948,0.7475490196078431,0.8441754916792739,277.3089,,,,
0.9958,2.666322946548462,0.005357142857142857,5.108695652173913,1175,,,,,,,,
,,,5.108695652173913,1175,0.6782529950141907,0.7745098039215687,0.8152610441767068,283.2181,,,,
0.7208,10.838929176330566,0.005238095238095239,5.217391304347826,1200,,,,,,,,
,,,5.217391304347826,1200,0.7438779473304749,0.7549019607843137,0.8461538461538461,289.2915,,,,
0.7601,4.278894901275635,0.0051190476190476186,5.326086956521739,1225,,,,,,,,
,,,5.326086956521739,1225,0.555274486541748,0.8112745098039216,0.8617594254937163,295.3117,,,,
0.8212,4.5373616218566895,0.005,5.434782608695652,1250,,,,,,,,
,,,5.434782608695652,1250,0.47204944491386414,0.8382352941176471,0.8846153846153846,301.2205,,,,
0.6575,6.864895820617676,0.004880952380952381,5.543478260869565,1275,,,,,,,,
,,,5.543478260869565,1275,0.7431265115737915,0.7181372549019608,0.8291233283803864,307.2008,,,,
0.5269,3.149470090866089,0.0047619047619047615,5.6521739130434785,1300,,,,,,,,
,,,5.6521739130434785,1300,0.5771973133087158,0.8014705882352942,0.8682926829268293,313.1588,,,,
0.6981,6.868213653564453,0.004642857142857143,5.760869565217392,1325,,,,,,,,
,,,5.760869565217392,1325,0.8094038367271423,0.7598039215686274,0.8459119496855346,319.304,,,,
0.603,5.701711177825928,0.004523809523809524,5.869565217391305,1350,,,,,,,,
,,,5.869565217391305,1350,0.60242760181427,0.7279411764705882,0.8315629742033385,325.3378,,,,
0.7572,2.5337915420532227,0.004404761904761904,5.978260869565218,1375,,,,,,,,
,,,5.978260869565218,1375,0.5249993801116943,0.8014705882352942,0.867430441898527,331.5655,,,,
0.5931,7.246720790863037,0.004285714285714286,6.086956521739131,1400,,,,,,,,
,,,6.086956521739131,1400,0.6144071221351624,0.8357843137254902,0.8881469115191986,337.4619,,,,
0.5794,4.234591007232666,0.004166666666666667,6.195652173913044,1425,,,,,,,,
,,,6.195652173913044,1425,0.49710214138031006,0.8406862745098039,0.8833034111310593,343.7126,,,,
0.5978,3.392008066177368,0.004047619047619048,6.304347826086957,1450,,,,,,,,
,,,6.304347826086957,1450,0.5754635334014893,0.7426470588235294,0.8401826484018263,349.5603,,,,
0.6008,4.909963130950928,0.003928571428571429,6.413043478260869,1475,,,,,,,,
,,,6.413043478260869,1475,0.5931484699249268,0.7916666666666666,0.8661417322834646,355.6114,,,,
0.6816,3.3751420974731445,0.0038095238095238095,6.521739130434782,1500,,,,,,,,
,,,6.521739130434782,1500,0.5215277671813965,0.8063725490196079,0.8466019417475729,361.5504,,,,
0.6555,3.103996515274048,0.0036904761904761906,6.630434782608695,1525,,,,,,,,
,,,6.630434782608695,1525,0.5174003839492798,0.8161764705882353,0.857685009487666,367.9557,,,,
0.6922,5.469869136810303,0.0035714285714285718,6.739130434782608,1550,,,,,,,,
,,,6.739130434782608,1550,0.45578280091285706,0.8284313725490197,0.8684210526315789,373.8611,,,,
0.5474,8.331156730651855,0.0034523809523809524,6.8478260869565215,1575,,,,,,,,
,,,6.8478260869565215,1575,0.5367875099182129,0.7916666666666666,0.8316831683168316,379.8657,,,,
0.617,5.029987812042236,0.003333333333333333,6.956521739130435,1600,,,,,,,,
,,,6.956521739130435,1600,0.49229755997657776,0.803921568627451,0.8418972332015809,385.9185,,,,
0.4939,7.20025110244751,0.0032142857142857147,7.065217391304348,1625,,,,,,,,
,,,7.065217391304348,1625,0.609929084777832,0.8308823529411765,0.8881685575364668,391.8117,,,,
0.5416,1.7829161882400513,0.0030952380952380953,7.173913043478261,1650,,,,,,,,
,,,7.173913043478261,1650,0.39990195631980896,0.8725490196078431,0.9068100358422939,397.8073,,,,
0.5798,3.3556230068206787,0.002976190476190476,7.282608695652174,1675,,,,,,,,
,,,7.282608695652174,1675,0.5017765760421753,0.8308823529411765,0.888888888888889,403.7558,,,,
0.5588,5.298096656799316,0.002857142857142857,7.391304347826087,1700,,,,,,,,
,,,7.391304347826087,1700,0.3999413251876831,0.8529411764705882,0.8983050847457628,409.8841,,,,
0.4789,2.113581418991089,0.0027380952380952383,7.5,1725,,,,,,,,
,,,7.5,1725,0.46118971705436707,0.7916666666666666,0.8261758691206543,415.9358,,,,
0.6287,6.173163414001465,0.0026190476190476194,7.608695652173913,1750,,,,,,,,
,,,7.608695652173913,1750,0.8596456050872803,0.7328431372549019,0.8365817091454272,422.0504,,,,
0.5334,2.6536619663238525,0.0025,7.717391304347826,1775,,,,,,,,
,,,7.717391304347826,1775,0.35510772466659546,0.875,0.9103690685413005,428.068,,,,
0.5609,4.40834903717041,0.0023809523809523807,7.826086956521739,1800,,,,,,,,
,,,7.826086956521739,1800,0.41904592514038086,0.8406862745098039,0.891846921797005,434.1043,,,,
0.4361,2.7780396938323975,0.002261904761904762,7.934782608695652,1825,,,,,,,,
,,,7.934782608695652,1825,0.38556715846061707,0.8480392156862745,0.8868613138686131,440.271,,,,
0.4564,7.056443691253662,0.002142857142857143,8.043478260869565,1850,,,,,,,,
,,,8.043478260869565,1850,0.4547434449195862,0.8014705882352942,0.8396039603960397,446.2369,,,,
0.4397,4.5124969482421875,0.002023809523809524,8.152173913043478,1875,,,,,,,,
,,,8.152173913043478,1875,0.43788978457450867,0.8137254901960784,0.8754098360655738,452.2382,,,,
0.3711,3.0232512950897217,0.0019047619047619048,8.26086956521739,1900,,,,,,,,
,,,8.26086956521739,1900,0.43643614649772644,0.8480392156862745,0.8938356164383561,458.2997,,,,
0.4726,4.095083236694336,0.0017857142857142859,8.369565217391305,1925,,,,,,,,
,,,8.369565217391305,1925,0.4726908206939697,0.8700980392156863,0.9090909090909091,464.4077,,,,
0.5102,1.5224366188049316,0.0016666666666666666,8.478260869565217,1950,,,,,,,,
,,,8.478260869565217,1950,0.4458138048648834,0.8382352941176471,0.8873720136518771,470.5024,,,,
0.4473,2.956911325454712,0.0015476190476190477,8.58695652173913,1975,,,,,,,,
,,,8.58695652173913,1975,0.4165998697280884,0.8529411764705882,0.896551724137931,476.4491,,,,
0.4187,2.5752265453338623,0.0014285714285714286,8.695652173913043,2000,,,,,,,,
,,,8.695652173913043,2000,0.4850069582462311,0.8529411764705882,0.900990099009901,482.4202,,,,
0.4451,4.11547327041626,0.0013095238095238097,8.804347826086957,2025,,,,,,,,
,,,8.804347826086957,2025,0.39045462012290955,0.8553921568627451,0.8981001727115717,488.7875,,,,
0.4309,1.9305636882781982,0.0011904761904761904,8.91304347826087,2050,,,,,,,,
,,,8.91304347826087,2050,0.3291376829147339,0.875,0.9113043478260869,494.82,,,,
0.4031,1.4800491333007812,0.0010714285714285715,9.021739130434783,2075,,,,,,,,
,,,9.021739130434783,2075,0.3169403374195099,0.8725490196078431,0.9084507042253521,500.7764,,,,
0.2952,2.084221363067627,0.0009523809523809524,9.130434782608695,2100,,,,,,,,
,,,9.130434782608695,2100,0.3595044016838074,0.8651960784313726,0.9005424954792043,506.6824,,,,
0.2887,2.7663216590881348,0.0008333333333333333,9.23913043478261,2125,,,,,,,,
,,,9.23913043478261,2125,0.43071994185447693,0.8823529411764706,0.9166666666666667,512.7537,,,,
0.4407,3.8901166915893555,0.0007142857142857143,9.347826086956522,2150,,,,,,,,
,,,9.347826086956522,2150,0.4010908901691437,0.8725490196078431,0.9118644067796611,518.7021,,,,
0.3169,3.7450149059295654,0.0005952380952380952,9.456521739130435,2175,,,,,,,,
,,,9.456521739130435,2175,0.38491034507751465,0.8848039215686274,0.9193825042881646,524.8187,,,,
0.3928,1.7823110818862915,0.0004761904761904762,9.565217391304348,2200,,,,,,,,
,,,9.565217391304348,2200,0.3379646837711334,0.8799019607843137,0.9147826086956522,530.7909,,,,
0.3388,2.851167917251587,0.00035714285714285714,9.673913043478262,2225,,,,,,,,
,,,9.673913043478262,2225,0.3099280595779419,0.8676470588235294,0.9028776978417268,536.8403,,,,
0.3341,1.876267910003662,0.0002380952380952381,9.782608695652174,2250,,,,,,,,
,,,9.782608695652174,2250,0.32647186517715454,0.8872549019607843,0.9204152249134948,542.8326,,,,
0.3045,5.124659538269043,0.00011904761904761905,9.891304347826086,2275,,,,,,,,
,,,9.891304347826086,2275,0.31291744112968445,0.875,0.9084380610412927,548.9003,,,,
0.3288,5.000662803649902,0.0,10.0,2300,,,,,,,,
,,,10.0,2300,0.31297898292541504,0.8799019607843137,0.9126559714795008,554.8919,,,,
,,,10.0,2300,,,,554.5476,66.144,4.148,1458501490289760.0,0.7721560690195665
