loss,grad_norm,learning_rate,epoch,step,eval_loss,eval_accuracy,eval_f1,train_runtime,train_samples_per_second,train_steps_per_second,total_flos,train_loss
2.345,5.535012245178223,4e-05,0.0625,1,,,,,,,,
2.1282,2.183549642562866,0.0004,0.625,10,,,,,,,,
,,,0.625,10,1.9636989831924438,0.5,0.2222222222222222,5.9022,,,,
1.8847,4.297250270843506,0.0008,1.25,20,,,,,,,,
,,,1.25,20,1.6742957830429077,0.6964285714285714,0.48646125116713357,11.5493,,,,
1.4071,0.9475107789039612,0.0012,1.875,30,,,,,,,,
,,,1.875,30,1.0012558698654175,0.44642857142857145,0.24357864357864356,17.0961,,,,
1.0449,1.8573358058929443,0.0016,2.5,40,,,,,,,,
,,,2.5,40,0.9765657782554626,0.6964285714285714,0.4792779049071956,22.4354,,,,
0.9522,4.666646480560303,0.002,3.125,50,,,,,,,,
,,,3.125,50,1.0670942068099976,0.5714285714285714,0.38437118437118434,27.9502,,,,
0.8305,2.343865156173706,0.0019259259259259258,3.75,60,,,,,,,,
,,,3.75,60,0.8214278221130371,0.7142857142857143,0.4991636798088411,33.491,,,,
0.7173,1.8163982629776,0.001851851851851852,4.375,70,,,,,,,,
,,,4.375,70,0.6503264307975769,0.7321428571428571,0.5122807017543859,38.8075,,,,
0.4787,1.2959858179092407,0.0017777777777777776,5.0,80,,,,,,,,
,,,5.0,80,0.5352767705917358,0.8214285714285714,0.5736596736596736,44.2789,,,,
0.3926,3.625336170196533,0.0017037037037037038,5.625,90,,,,,,,,
,,,5.625,90,0.41519275307655334,0.8392857142857143,0.5866760497302369,50.0733,,,,
0.2803,3.21763277053833,0.0016296296296296295,6.25,100,,,,,,,,
,,,6.25,100,0.28492632508277893,0.9107142857142857,0.8126984126984128,55.531,,,,
0.1399,2.5957419872283936,0.0015555555555555557,6.875,110,,,,,,,,
,,,6.875,110,0.5021700263023376,0.8571428571428571,0.7019810508182602,60.8778,,,,
0.1568,0.6424673795700073,0.0014814814814814814,7.5,120,,,,,,,,
,,,7.5,120,0.2625439763069153,0.9107142857142857,0.9104726510386887,65.8828,,,,
0.0978,0.10059450566768646,0.0014074074074074076,8.125,130,,,,,,,,
,,,8.125,130,0.3096800744533539,0.9107142857142857,0.8653086419753087,71.6279,,,,
0.072,0.15097251534461975,0.0013333333333333333,8.75,140,,,,,,,,
,,,8.75,140,0.26032474637031555,0.9642857142857143,0.9737654320987654,77.5849,,,,
0.0439,0.1307433843612671,0.0012592592592592592,9.375,150,,,,,,,,
,,,9.375,150,0.2433238923549652,0.9642857142857143,0.9737654320987654,83.1064,,,,
0.0259,0.09267126768827438,0.0011851851851851852,10.0,160,,,,,,,,
,,,10.0,160,0.171442911028862,0.9464285714285714,0.9309263496906518,88.5328,,,,
0.0162,0.4476807117462158,0.0011111111111111111,10.625,170,,,,,,,,
,,,10.625,170,0.2498345822095871,0.9107142857142857,0.9044113450893111,94.4316,,,,
0.0367,3.3586337566375732,0.001037037037037037,11.25,180,,,,,,,,
,,,11.25,180,0.22132058441638947,0.9285714285714286,0.904040404040404,99.772,,,,
0.0187,0.4700883626937866,0.0009629629629629629,11.875,190,,,,,,,,
,,,11.875,190,0.2912873923778534,0.9285714285714286,0.9174849267872524,105.6856,,,,
0.0175,0.09806564450263977,0.0008888888888888888,12.5,200,,,,,,,,
,,,12.5,200,0.12678645551204681,0.9464285714285714,0.9605415860735009,111.0286,,,,
0.0094,0.09149020165205002,0.0008148148148148148,13.125,210,,,,,,,,
,,,13.125,210,0.11683939397335052,0.9642857142857143,0.9737654320987654,116.3999,,,,
0.0146,0.09155377000570297,0.0007407407407407407,13.75,220,,,,,,,,
,,,13.75,220,0.06318507343530655,0.9642857142857143,0.9736024844720497,122.3854,,,,
0.0056,0.09915044903755188,0.0006666666666666666,14.375,230,,,,,,,,
,,,14.375,230,0.06554392725229263,0.9642857142857143,0.9736024844720497,128.175,,,,
0.0093,0.09652802348136902,0.0005925925925925926,15.0,240,,,,,,,,
,,,15.0,240,0.18161265552043915,0.9464285714285714,0.9302091206853111,133.5929,,,,
0.0414,0.09129580855369568,0.0005185185185185185,15.625,250,,,,,,,,
,,,15.625,250,0.04540456086397171,0.9642857142857143,0.9430134680134681,139.0067,,,,
0.0038,0.09149213880300522,0.0004444444444444444,16.25,260,,,,,,,,
,,,16.25,260,0.06661998480558395,0.9821428571428571,0.9867446393762184,144.7855,,,,
0.0026,0.09149537235498428,0.00037037037037037035,16.875,270,,,,,,,,
,,,16.875,270,0.09430535137653351,0.9642857142857143,0.9733542319749215,150.3502,,,,
0.0022,0.09134890884160995,0.0002962962962962963,17.5,280,,,,,,,,
,,,17.5,280,0.08801217377185822,0.9642857142857143,0.9733542319749215,156.222,,,,
0.0017,0.09129322320222855,0.0002222222222222222,18.125,290,,,,,,,,
,,,18.125,290,0.08276878297328949,0.9821428571428571,0.9867446393762184,161.6757,,,,
0.0012,0.09155291318893433,0.00014814814814814815,18.75,300,,,,,,,,
,,,18.75,300,0.08018267154693604,0.9821428571428571,0.9867446393762184,167.4877,,,,
0.0008,0.09130433201789856,7.407407407407407e-05,19.375,310,,,,,,,,
,,,19.375,310,0.07830117642879486,0.9821428571428571,0.9867446393762184,172.7445,,,,
0.0004,0.09128841757774353,0.0,20.0,320,,,,,,,,
,,,20.0,320,0.07744429260492325,0.9821428571428571,0.9867446393762184,178.4779,,,,
,,,20.0,320,,,,178.0566,28.081,1.797,457438511090880.0,0.3392621707782382
