loss,grad_norm,learning_rate,epoch,step,eval_loss,eval_accuracy,eval_f1,train_runtime,train_samples_per_second,train_steps_per_second,total_flos,train_loss
1.1838,4.284974098205566,1e-05,0.0625,1,,,,,,,,
1.1014,3.5263314247131348,0.0001,0.625,10,,,,,,,,
,,,0.625,10,1.0555001497268677,0.4107142857142857,0.1940928270042194,4.8621,,,,
0.9666,3.2485954761505127,0.0002,1.25,20,,,,,,,,
,,,1.25,20,0.9416265487670898,0.4107142857142857,0.1940928270042194,9.3413,,,,
0.8887,2.2703816890716553,0.0003,1.875,30,,,,,,,,
,,,1.875,30,0.9024659991264343,0.5,0.24617886178861784,13.6924,,,,
0.9545,1.219741702079773,0.0004,2.5,40,,,,,,,,
,,,2.5,40,0.8894015550613403,0.6428571428571429,0.4250614250614251,18.0201,,,,
0.816,2.325371026992798,0.0005,3.125,50,,,,,,,,
,,,3.125,50,0.8574196100234985,0.6964285714285714,0.4872514619883041,22.3809,,,,
0.8495,1.5632184743881226,0.00048148148148148144,3.75,60,,,,,,,,
,,,3.75,60,0.7802392840385437,0.7142857142857143,0.49976359338061477,26.8836,,,,
0.7183,2.8199241161346436,0.000462962962962963,4.375,70,,,,,,,,
,,,4.375,70,0.7252518534660339,0.6785714285714286,0.47391812865497074,31.0718,,,,
0.7002,3.196723222732544,0.0004444444444444444,5.0,80,,,,,,,,
,,,5.0,80,0.7212700843811035,0.6785714285714286,0.47478301665493783,35.4536,,,,
0.6106,1.7259587049484253,0.00042592592592592595,5.625,90,,,,,,,,
,,,5.625,90,0.680487334728241,0.7142857142857143,0.4991636798088411,40.2558,,,,
0.5845,2.155776262283325,0.0004074074074074074,6.25,100,,,,,,,,
,,,6.25,100,0.615321695804596,0.7321428571428571,0.5115440115440115,44.486,,,,
0.4339,1.4449070692062378,0.0003888888888888889,6.875,110,,,,,,,,
,,,6.875,110,0.5482913255691528,0.7857142857142857,0.550354609929078,48.7854,,,,
0.3601,2.0175888538360596,0.00037037037037037035,7.5,120,,,,,,,,
,,,7.5,120,0.45650744438171387,0.8214285714285714,0.5740350877192982,52.8086,,,,
0.3006,2.4894320964813232,0.0003518518518518519,8.125,130,,,,,,,,
,,,8.125,130,0.4578127861022949,0.8214285714285714,0.5758236434108527,57.3689,,,,
0.163,0.8756628036499023,0.0003333333333333333,8.75,140,,,,,,,,
,,,8.75,140,0.31939998269081116,0.8392857142857143,0.6901587301587302,62.1898,,,,
0.1788,1.3874309062957764,0.0003148148148148148,9.375,150,,,,,,,,
,,,9.375,150,0.30219951272010803,0.8392857142857143,0.5916576511599952,66.5886,,,,
0.0854,0.24627240002155304,0.0002962962962962963,10.0,160,,,,,,,,
,,,10.0,160,0.37354034185409546,0.8571428571428571,0.5993408662900189,70.9249,,,,
0.0508,0.770696759223938,0.0002777777777777778,10.625,170,,,,,,,,
,,,10.625,170,0.39851635694503784,0.8571428571428571,0.5993408662900189,75.6891,,,,
0.1289,1.9298732280731201,0.00025925925925925926,11.25,180,,,,,,,,
,,,11.25,180,0.403923362493515,0.875,0.7785987958401751,80.0121,,,,
0.0593,0.027979400008916855,0.00024074074074074072,11.875,190,,,,,,,,
,,,11.875,190,0.24750399589538574,0.8928571428571429,0.8001253132832081,84.7342,,,,
0.0518,0.17265790700912476,0.0002222222222222222,12.5,200,,,,,,,,
,,,12.5,200,0.267070472240448,0.9107142857142857,0.8650793650793651,88.9969,,,,
0.0203,0.06521113216876984,0.0002037037037037037,13.125,210,,,,,,,,
,,,13.125,210,0.21216461062431335,0.9285714285714286,0.8567882211950008,93.28,,,,
0.0403,1.1342476606369019,0.00018518518518518518,13.75,220,,,,,,,,
,,,13.75,220,0.17996536195278168,0.9285714285714286,0.877846211272863,98.105,,,,
0.0125,0.04453354328870773,0.00016666666666666666,14.375,230,,,,,,,,
,,,14.375,230,0.2198973447084427,0.9285714285714286,0.8567882211950008,102.78,,,,
0.0309,0.8456023335456848,0.00014814814814814815,15.0,240,,,,,,,,
,,,15.0,240,0.16482827067375183,0.9285714285714286,0.877846211272863,107.0163,,,,
0.0144,0.10952648520469666,0.00012962962962962963,15.625,250,,,,,,,,
,,,15.625,250,0.16538579761981964,0.9285714285714286,0.917003367003367,111.4509,,,,
0.0152,1.0737611055374146,0.0001111111111111111,16.25,260,,,,,,,,
,,,16.25,260,0.15346993505954742,0.9464285714285714,0.9309263496906518,116.0105,,,,
0.0135,0.1601114273071289,9.259259259259259e-05,16.875,270,,,,,,,,
,,,16.875,270,0.1954813003540039,0.9642857142857143,0.9440613026819924,120.4879,,,,
0.0179,0.05511302500963211,7.407407407407407e-05,17.5,280,,,,,,,,
,,,17.5,280,0.18420985341072083,0.9642857142857143,0.9440613026819924,125.21,,,,
0.0086,1.001535415649414,5.555555555555555e-05,18.125,290,,,,,,,,
,,,18.125,290,0.1650799959897995,0.9642857142857143,0.9440613026819924,129.5152,,,,
0.0095,0.09192164242267609,3.7037037037037037e-05,18.75,300,,,,,,,,
,,,18.75,300,0.1769528090953827,0.9642857142857143,0.9440613026819924,134.2441,,,,
0.0109,0.2509077489376068,1.8518518518518518e-05,19.375,310,,,,,,,,
,,,19.375,310,0.17196416854858398,0.9642857142857143,0.9440613026819924,138.2783,,,,
0.0071,0.1778716742992401,0.0,20.0,320,,,,,,,,
,,,20.0,320,0.1696513146162033,0.9642857142857143,0.9440613026819924,142.834,,,,
,,,20.0,320,,,,142.3239,35.131,2.248,453010991768640.0,0.3191339250188321
