loss,grad_norm,learning_rate,epoch,step,eval_loss,eval_accuracy,train_runtime,train_samples_per_second,train_steps_per_second,total_flos,train_loss
1.7513,2.257809638977051,1e-05,0.00641025641025641,1,,,,,,,
1.5332,0.6812727451324463,0.0005,0.32051282051282054,50,,,,,,,
,,,0.32051282051282054,50,1.0621269941329956,0.5270758122743683,25.7939,,,,
0.819,2.100316047668457,0.001,0.6410256410256411,100,,,,,,,
,,,0.6410256410256411,100,0.7094926834106445,0.5270758122743683,53.4571,,,,
0.7346,3.1456525325775146,0.0015,0.9615384615384616,150,,,,,,,
,,,0.9615384615384616,150,0.7285974621772766,0.5270758122743683,80.7016,,,,
0.7248,2.414558172225952,0.002,1.282051282051282,200,,,,,,,
,,,1.282051282051282,200,0.6972560286521912,0.5595667870036101,107.9085,,,,
0.7048,0.9278742671012878,0.0019264705882352942,1.6025641025641026,250,,,,,,,
,,,1.6025641025641026,250,0.6633197069168091,0.631768953068592,134.6034,,,,
0.7517,2.083263874053955,0.0018529411764705885,1.9230769230769231,300,,,,,,,
,,,1.9230769230769231,300,0.6724966764450073,0.6642599277978339,161.3248,,,,
0.6688,2.043654203414917,0.0017794117647058822,2.2435897435897436,350,,,,,,,
,,,2.2435897435897436,350,0.6353304982185364,0.6895306859205776,187.5134,,,,
0.6845,2.59283447265625,0.0017058823529411764,2.564102564102564,400,,,,,,,
,,,2.564102564102564,400,0.6731116771697998,0.6606498194945848,214.3967,,,,
0.6439,1.0852763652801514,0.0016323529411764706,2.8846153846153846,450,,,,,,,
,,,2.8846153846153846,450,0.612927258014679,0.6714801444043321,241.6035,,,,
0.6174,2.497535228729248,0.0015588235294117648,3.2051282051282053,500,,,,,,,
,,,3.2051282051282053,500,0.7023687958717346,0.6678700361010831,268.4638,,,,
0.5904,1.0227875709533691,0.0014852941176470588,3.5256410256410255,550,,,,,,,
,,,3.5256410256410255,550,0.5279029607772827,0.7581227436823105,295.6177,,,,
0.6079,3.4039828777313232,0.001411764705882353,3.8461538461538463,600,,,,,,,
,,,3.8461538461538463,600,0.6629611253738403,0.6859205776173285,322.447,,,,
0.5207,1.482312798500061,0.001338235294117647,4.166666666666667,650,,,,,,,
,,,4.166666666666667,650,0.48344844579696655,0.776173285198556,349.9354,,,,
0.5179,2.0508358478546143,0.0012647058823529412,4.487179487179487,700,,,,,,,
,,,4.487179487179487,700,0.4801555871963501,0.776173285198556,376.5997,,,,
0.5335,1.8850826025009155,0.0011911764705882352,4.8076923076923075,750,,,,,,,
,,,4.8076923076923075,750,0.5060865879058838,0.7653429602888087,403.1436,,,,
0.4514,1.5191608667373657,0.0011176470588235294,5.128205128205128,800,,,,,,,
,,,5.128205128205128,800,0.5539461374282837,0.7581227436823105,429.9302,,,,
0.4908,1.5752441883087158,0.0010441176470588236,5.448717948717949,850,,,,,,,
,,,5.448717948717949,850,0.47658470273017883,0.8050541516245487,457.5713,,,,
0.4302,2.5944902896881104,0.0009705882352941176,5.769230769230769,900,,,,,,,
,,,5.769230769230769,900,0.5521573424339294,0.7617328519855595,484.6529,,,,
0.4455,1.3473849296569824,0.0008970588235294118,6.089743589743589,950,,,,,,,
,,,6.089743589743589,950,0.5935688614845276,0.7870036101083032,511.2272,,,,
0.3796,1.9814343452453613,0.0008235294117647058,6.410256410256411,1000,,,,,,,
,,,6.410256410256411,1000,0.621489942073822,0.7653429602888087,537.9449,,,,
0.3295,2.088740825653076,0.00075,6.730769230769231,1050,,,,,,,
,,,6.730769230769231,1050,0.5599722266197205,0.8050541516245487,565.7027,,,,
0.3242,1.7929917573928833,0.0006764705882352942,7.051282051282051,1100,,,,,,,
,,,7.051282051282051,1100,0.5797664523124695,0.8050541516245487,593.0926,,,,
0.2711,2.989954948425293,0.0006029411764705882,7.371794871794872,1150,,,,,,,
,,,7.371794871794872,1150,0.8900399804115295,0.7833935018050542,620.5762,,,,
0.3008,3.2309954166412354,0.0005294117647058824,7.6923076923076925,1200,,,,,,,
,,,7.6923076923076925,1200,0.6352511048316956,0.7978339350180506,646.5842,,,,
0.3185,1.9864060878753662,0.00045588235294117646,8.012820512820513,1250,,,,,,,
,,,8.012820512820513,1250,0.5736274719238281,0.7833935018050542,673.456,,,,
0.23,2.931940793991089,0.00038235294117647055,8.333333333333334,1300,,,,,,,
,,,8.333333333333334,1300,0.6792664527893066,0.7978339350180506,699.9272,,,,
0.1934,2.644648313522339,0.0003088235294117647,8.653846153846153,1350,,,,,,,
,,,8.653846153846153,1350,0.6314942836761475,0.8050541516245487,726.408,,,,
0.1539,0.7475492358207703,0.00023529411764705883,8.974358974358974,1400,,,,,,,
,,,8.974358974358974,1400,0.8092271089553833,0.7870036101083032,752.8086,,,,
0.206,2.634908437728882,0.00016176470588235295,9.294871794871796,1450,,,,,,,
,,,9.294871794871796,1450,0.7471916079521179,0.7906137184115524,779.3593,,,,
0.1251,4.625424861907959,8.823529411764706e-05,9.615384615384615,1500,,,,,,,
,,,9.615384615384615,1500,0.7873931527137756,0.779783393501805,806.2107,,,,
0.1329,5.255889892578125,1.4705882352941177e-05,9.935897435897436,1550,,,,,,,
,,,9.935897435897436,1550,0.7952049374580383,0.7906137184115524,833.6107,,,,
,,,10.0,1560,,,837.671,29.725,1.862,2150124971523840.0,0.4956688827429062
