loss,grad_norm,learning_rate,epoch,step,eval_loss,eval_accuracy,eval_f1,train_runtime,train_samples_per_second,train_steps_per_second,total_flos,train_loss
0.7008,1.44037926197052,2.5e-06,0.0,1,,,,,,,,
0.6567,0.8018181920051575,6.25e-05,0.11,25,,,,,,,,
,,,0.11,25,0.6360021829605103,0.6838235294117647,0.8122270742358079,5.8359,,,,
0.6603,1.2613730430603027,0.000125,0.22,50,,,,,,,,
,,,0.22,50,0.6254422664642334,0.6838235294117647,0.8122270742358079,11.2765,,,,
0.6397,2.4585139751434326,0.0001875,0.33,75,,,,,,,,
,,,0.33,75,0.6213593482971191,0.6838235294117647,0.8122270742358079,16.7841,,,,
0.6411,0.6261987686157227,0.00025,0.43,100,,,,,,,,
,,,0.43,100,0.6173714399337769,0.6838235294117647,0.8122270742358079,22.2708,,,,
0.6034,1.1735371351242065,0.0003125,0.54,125,,,,,,,,
,,,0.54,125,0.6112365126609802,0.6838235294117647,0.8122270742358079,27.7153,,,,
0.6274,3.684661865234375,0.000375,0.65,150,,,,,,,,
,,,0.65,150,0.5972023010253906,0.7034313725490197,0.8191330343796712,33.1796,,,,
0.5981,1.3837896585464478,0.0004375,0.76,175,,,,,,,,
,,,0.76,175,0.5285149216651917,0.7107843137254902,0.8161993769470405,38.7724,,,,
0.5725,2.4812700748443604,0.0005,0.87,200,,,,,,,,
,,,0.87,200,0.5033913254737854,0.75,0.8338762214983714,44.3343,,,,
0.573,0.8734191656112671,0.0004940476190476191,0.98,225,,,,,,,,
,,,0.98,225,0.4828270971775055,0.75,0.8360128617363344,49.797,,,,
0.5266,1.8353207111358643,0.0004880952380952381,1.09,250,,,,,,,,
,,,1.09,250,0.49745503067970276,0.7549019607843137,0.8432601880877743,55.0918,,,,
0.498,1.1461148262023926,0.00048214285714285715,1.2,275,,,,,,,,
,,,1.2,275,0.42229679226875305,0.7794117647058824,0.848993288590604,60.5807,,,,
0.5325,1.9970214366912842,0.0004761904761904762,1.3,300,,,,,,,,
,,,1.3,300,0.4527279734611511,0.7622549019607843,0.8482003129890453,66.0798,,,,
0.4454,2.769085168838501,0.00047023809523809523,1.41,325,,,,,,,,
,,,1.41,325,0.43385544419288635,0.7892156862745098,0.827309236947791,71.5989,,,,
0.4947,6.422338485717773,0.00046428571428571433,1.52,350,,,,,,,,
,,,1.52,350,0.4569746255874634,0.7769607843137255,0.8557844690966719,77.0626,,,,
0.4563,1.5681380033493042,0.0004583333333333333,1.63,375,,,,,,,,
,,,1.63,375,0.36868950724601746,0.8186274509803921,0.8701754385964912,82.5055,,,,
0.4082,3.377854585647583,0.00045238095238095237,1.74,400,,,,,,,,
,,,1.74,400,0.3377695381641388,0.8529411764705882,0.8920863309352518,87.9532,,,,
0.4287,3.417975902557373,0.00044642857142857147,1.85,425,,,,,,,,
,,,1.85,425,0.35429972410202026,0.8235294117647058,0.8775510204081631,93.5237,,,,
0.4294,2.272437572479248,0.00044047619047619046,1.96,450,,,,,,,,
,,,1.96,450,0.3597014546394348,0.8431372549019608,0.891156462585034,99.0756,,,,
0.4378,1.0253907442092896,0.00043452380952380956,2.07,475,,,,,,,,
,,,2.07,475,0.4750716984272003,0.7818627450980392,0.8607198748043818,104.4159,,,,
0.4207,1.6320416927337646,0.00042857142857142855,2.17,500,,,,,,,,
,,,2.17,500,0.3267984688282013,0.8651960784313726,0.9043478260869565,109.9114,,,,
0.3989,2.4506473541259766,0.00042261904761904765,2.28,525,,,,,,,,
,,,2.28,525,0.31443777680397034,0.8602941176470589,0.8976660682226212,115.9741,,,,
0.355,0.9456334710121155,0.0004166666666666667,2.39,550,,,,,,,,
,,,2.39,550,0.31822556257247925,0.8602941176470589,0.8980322003577819,121.412,,,,
0.3927,0.8546076416969299,0.0004107142857142857,2.5,575,,,,,,,,
,,,2.5,575,0.32760050892829895,0.8602941176470589,0.9018932874354562,126.9297,,,,
0.359,1.7567150592803955,0.0004047619047619048,2.61,600,,,,,,,,
,,,2.61,600,0.3140345811843872,0.8725490196078431,0.907473309608541,132.4521,,,,
0.399,0.8587372899055481,0.00039880952380952383,2.72,625,,,,,,,,
,,,2.72,625,0.3124419152736664,0.8627450980392157,0.9027777777777778,138.0381,,,,
0.4118,3.0214107036590576,0.0003928571428571429,2.83,650,,,,,,,,
,,,2.83,650,0.30593031644821167,0.8700980392156863,0.9068541300527241,143.5987,,,,
0.3451,3.2263762950897217,0.0003869047619047619,2.93,675,,,,,,,,
,,,2.93,675,0.3490779995918274,0.8676470588235294,0.9081632653061223,149.1292,,,,
0.3624,3.6283507347106934,0.00038095238095238096,3.04,700,,,,,,,,
,,,3.04,700,0.3749540448188782,0.8553921568627451,0.899488926746167,154.5138,,,,
0.3676,2.237060070037842,0.000375,3.15,725,,,,,,,,
,,,3.15,725,0.4566080570220947,0.8308823529411765,0.8878048780487805,159.9916,,,,
0.3505,1.1158846616744995,0.00036904761904761905,3.26,750,,,,,,,,
,,,3.26,750,0.3773305118083954,0.8529411764705882,0.8989898989898989,165.5916,,,,
0.3051,3.5999462604522705,0.0003630952380952381,3.37,775,,,,,,,,
,,,3.37,775,0.3363626003265381,0.8578431372549019,0.9003436426116839,170.9856,,,,
0.3253,4.0612311363220215,0.00035714285714285714,3.48,800,,,,,,,,
,,,3.48,800,0.3680405020713806,0.8627450980392157,0.904109589041096,176.531,,,,
0.3962,1.7644436359405518,0.0003511904761904762,3.59,825,,,,,,,,
,,,3.59,825,0.2993728518486023,0.8700980392156863,0.9078260869565218,182.0509,,,,
0.3531,1.1581662893295288,0.00034523809523809523,3.7,850,,,,,,,,
,,,3.7,850,0.30120277404785156,0.8725490196078431,0.9078014184397164,187.6475,,,,
0.312,2.5602927207946777,0.00033928571428571433,3.8,875,,,,,,,,
,,,3.8,875,0.3065740466117859,0.8725490196078431,0.907473309608541,193.1632,,,,
0.3417,2.6340110301971436,0.0003333333333333333,3.91,900,,,,,,,,
,,,3.91,900,0.3188072741031647,0.8578431372549019,0.9006849315068494,198.6958,,,,
0.3535,2.627855062484741,0.00032738095238095237,4.02,925,,,,,,,,
,,,4.02,925,0.3313043713569641,0.8578431372549019,0.9003436426116839,204.1208,,,,
0.2972,1.1338775157928467,0.00032142857142857147,4.13,950,,,,,,,,
,,,4.13,950,0.317868173122406,0.8553921568627451,0.8987993138936535,209.6492,,,,
0.3501,2.369490385055542,0.00031547619047619046,4.24,975,,,,,,,,
,,,4.24,975,0.31277763843536377,0.8651960784313726,0.9043478260869565,215.0978,,,,
0.3494,1.0943803787231445,0.00030952380952380956,4.35,1000,,,,,,,,
,,,4.35,1000,0.33024850487709045,0.8431372549019608,0.891156462585034,220.526,,,,
0.3426,3.1002767086029053,0.00030357142857142855,4.46,1025,,,,,,,,
,,,4.46,1025,0.30895498394966125,0.8676470588235294,0.9018181818181817,226.7609,,,,
0.2913,3.2453784942626953,0.00029761904761904765,4.57,1050,,,,,,,,
,,,4.57,1050,0.3393673598766327,0.875,0.9094138543516875,232.2766,,,,
0.2666,0.8880669474601746,0.0002916666666666667,4.67,1075,,,,,,,,
,,,4.67,1075,0.3280365765094757,0.8602941176470589,0.8972972972972973,237.8113,,,,
0.2597,1.9133909940719604,0.0002857142857142857,4.78,1100,,,,,,,,
,,,4.78,1100,0.3583827018737793,0.8676470588235294,0.9059233449477352,243.2923,,,,
0.3161,1.7636977434158325,0.0002797619047619048,4.89,1125,,,,,,,,
,,,4.89,1125,0.31671276688575745,0.8774509803921569,0.912280701754386,248.8269,,,,
0.2823,0.0717044472694397,0.0002738095238095238,5.0,1150,,,,,,,,
,,,5.0,1150,0.31734535098075867,0.8651960784313726,0.9023090586145649,254.319,,,,
0.2579,0.6619242429733276,0.00026785714285714287,5.11,1175,,,,,,,,
,,,5.11,1175,0.3476518392562866,0.8676470588235294,0.90625,259.7646,,,,
0.3027,2.779060125350952,0.0002619047619047619,5.22,1200,,,,,,,,
,,,5.22,1200,0.313430517911911,0.8725490196078431,0.9094076655052264,265.3536,,,,
0.272,1.406720757484436,0.00025595238095238096,5.33,1225,,,,,,,,
,,,5.33,1225,0.31218841671943665,0.8774509803921569,0.9116607773851589,270.8384,,,,
0.3294,1.4343101978302002,0.00025,5.43,1250,,,,,,,,
,,,5.43,1250,0.3130735754966736,0.8823529411764706,0.9142857142857143,276.3561,,,,
0.2416,3.173346519470215,0.00024404761904761905,5.54,1275,,,,,,,,
,,,5.54,1275,0.3269360065460205,0.8700980392156863,0.9041591320072333,281.806,,,,
0.2539,1.749140977859497,0.0002380952380952381,5.65,1300,,,,,,,,
,,,5.65,1300,0.34100401401519775,0.8700980392156863,0.9075043630017452,287.3802,,,,
0.2553,1.4741798639297485,0.00023214285714285717,5.76,1325,,,,,,,,
,,,5.76,1325,0.3254704475402832,0.875,0.9097345132743363,292.9469,,,,
0.3034,2.9548239707946777,0.00022619047619047618,5.87,1350,,,,,,,,
,,,5.87,1350,0.3037894070148468,0.8700980392156863,0.9051878354203935,298.6003,,,,
0.3038,0.9978254437446594,0.00022023809523809523,5.98,1375,,,,,,,,
,,,5.98,1375,0.2988479435443878,0.875,0.9081081081081082,304.1865,,,,
0.2004,3.3194093704223633,0.00021428571428571427,6.09,1400,,,,,,,,
,,,6.09,1400,0.4204317629337311,0.8529411764705882,0.8996655518394648,309.6531,,,,
0.2821,0.8833915591239929,0.00020833333333333335,6.2,1425,,,,,,,,
,,,6.2,1425,0.3188614249229431,0.8651960784313726,0.9023090586145649,315.3185,,,,
0.2479,2.4250102043151855,0.0002023809523809524,6.3,1450,,,,,,,,
,,,6.3,1450,0.37908461689949036,0.8553921568627451,0.8876190476190476,320.7533,,,,
0.3086,1.7448502779006958,0.00019642857142857144,6.41,1475,,,,,,,,
,,,6.41,1475,0.3454459309577942,0.8627450980392157,0.904109589041096,326.2737,,,,
0.3095,0.9300971031188965,0.00019047619047619048,6.52,1500,,,,,,,,
,,,6.52,1500,0.3146059513092041,0.8700980392156863,0.9045045045045046,331.7537,,,,
0.2289,4.845558166503906,0.00018452380952380953,6.63,1525,,,,,,,,
,,,6.63,1525,0.35244089365005493,0.8651960784313726,0.9046793760831888,338.0199,,,,
0.299,0.8364531993865967,0.00017857142857142857,6.74,1550,,,,,,,,
,,,6.74,1550,0.322549045085907,0.8676470588235294,0.9025270758122744,343.486,,,,
0.2552,1.337079644203186,0.00017261904761904762,6.85,1575,,,,,,,,
,,,6.85,1575,0.32899075746536255,0.875,0.9084380610412927,349.0382,,,,
0.2672,1.711390495300293,0.00016666666666666666,6.96,1600,,,,,,,,
,,,6.96,1600,0.33237823843955994,0.8651960784313726,0.9009009009009009,354.5826,,,,
0.2165,1.8757851123809814,0.00016071428571428573,7.07,1625,,,,,,,,
,,,7.07,1625,0.33195823431015015,0.8848039215686274,0.9168141592920355,360.0256,,,,
0.2624,1.5845708847045898,0.00015476190476190478,7.17,1650,,,,,,,,
,,,7.17,1650,0.31498658657073975,0.8848039215686274,0.91651865008881,365.4822,,,,
0.2289,0.8081547021865845,0.00014880952380952382,7.28,1675,,,,,,,,
,,,7.28,1675,0.32726627588272095,0.875,0.9122203098106711,371.0236,,,,
0.2512,2.4276342391967773,0.00014285714285714284,7.39,1700,,,,,,,,
,,,7.39,1700,0.3021056652069092,0.8872549019607843,0.9187279151943463,376.6059,,,,
0.2409,1.2602639198303223,0.0001369047619047619,7.5,1725,,,,,,,,
,,,7.5,1725,0.3186154067516327,0.8921568627450981,0.9208633093525179,382.2753,,,,
0.2848,1.4526255130767822,0.00013095238095238096,7.61,1750,,,,,,,,
,,,7.61,1750,0.30052754282951355,0.8823529411764706,0.9151943462897526,387.7893,,,,
0.2815,2.7747623920440674,0.000125,7.72,1775,,,,,,,,
,,,7.72,1775,0.3107207417488098,0.875,0.9109947643979057,393.3892,,,,
0.2339,1.228096842765808,0.00011904761904761905,7.83,1800,,,,,,,,
,,,7.83,1800,0.3261559307575226,0.8774509803921569,0.9119718309859154,398.8573,,,,
0.2321,1.4951059818267822,0.00011309523809523809,7.93,1825,,,,,,,,
,,,7.93,1825,0.3188931345939636,0.875,0.9084380610412927,404.5682,,,,
0.3115,1.5425306558609009,0.00010714285714285714,8.04,1850,,,,,,,,
,,,8.04,1850,0.3270357847213745,0.8700980392156863,0.9081455805892548,409.9954,,,,
0.2723,3.149393320083618,0.0001011904761904762,8.15,1875,,,,,,,,
,,,8.15,1875,0.3124541640281677,0.8921568627450981,0.9219858156028369,415.5358,,,,
0.2184,0.14086203277111053,9.523809523809524e-05,8.26,1900,,,,,,,,
,,,8.26,1900,0.32717156410217285,0.8799019607843137,0.9144851657940662,421.1421,,,,
0.2106,1.142832636833191,8.928571428571429e-05,8.37,1925,,,,,,,,
,,,8.37,1925,0.3120705485343933,0.8872549019607843,0.9178571428571428,426.7233,,,,
0.2188,1.80421781539917,8.333333333333333e-05,8.48,1950,,,,,,,,
,,,8.48,1950,0.31908461451530457,0.8848039215686274,0.9173989455184535,432.3892,,,,
0.227,3.5619773864746094,7.738095238095239e-05,8.59,1975,,,,,,,,
,,,8.59,1975,0.328551709651947,0.8725490196078431,0.9100346020761245,437.839,,,,
0.2367,1.7001365423202515,7.142857142857142e-05,8.7,2000,,,,,,,,
,,,8.7,2000,0.31770461797714233,0.8921568627450981,0.9222614840989399,443.4005,,,,
0.2226,3.7024528980255127,6.547619047619048e-05,8.8,2025,,,,,,,,
,,,8.8,2025,0.32307863235473633,0.8897058823529411,0.9197860962566845,449.5511,,,,
0.2633,4.542097568511963,5.9523809523809524e-05,8.91,2050,,,,,,,,
,,,8.91,2050,0.32646432518959045,0.8872549019607843,0.9178571428571428,455.1791,,,,
0.2927,1.3063169717788696,5.357142857142857e-05,9.02,2075,,,,,,,,
,,,9.02,2075,0.3234040439128876,0.8823529411764706,0.916083916083916,460.5682,,,,
0.2219,0.9217931628227234,4.761904761904762e-05,9.13,2100,,,,,,,,
,,,9.13,2100,0.31616300344467163,0.8848039215686274,0.9156193895870736,466.1049,,,,
0.2084,1.3820091485977173,4.1666666666666665e-05,9.24,2125,,,,,,,,
,,,9.24,2125,0.31875211000442505,0.8799019607843137,0.9113924050632911,471.5696,,,,
0.2573,1.4649744033813477,3.571428571428571e-05,9.35,2150,,,,,,,,
,,,9.35,2150,0.3191398084163666,0.8823529411764706,0.9148936170212766,477.0805,,,,
0.2152,0.973987340927124,2.9761904761904762e-05,9.46,2175,,,,,,,,
,,,9.46,2175,0.3185533285140991,0.8897058823529411,0.9200710479573712,482.6305,,,,
0.2414,1.3306766748428345,2.380952380952381e-05,9.57,2200,,,,,,,,
,,,9.57,2200,0.3313397169113159,0.875,0.9116117850953207,488.1339,,,,
0.2647,1.907541036605835,1.7857142857142855e-05,9.67,2225,,,,,,,,
,,,9.67,2225,0.3259254992008209,0.8799019607843137,0.9144851657940662,493.6871,,,,
0.2292,1.0018031597137451,1.1904761904761905e-05,9.78,2250,,,,,,,,
,,,9.78,2250,0.3228115141391754,0.8823529411764706,0.916083916083916,499.1783,,,,
0.2212,3.166876792907715,5.9523809523809525e-06,9.89,2275,,,,,,,,
,,,9.89,2275,0.3222894072532654,0.8823529411764706,0.916083916083916,504.813,,,,
0.2009,1.7287324666976929,0.0,10.0,2300,,,,,,,,
,,,10.0,2300,0.3214752972126007,0.8872549019607843,0.9187279151943463,510.2565,,,,
,,,10.0,2300,,,,509.8905,71.937,4.511,1456015189661088.0,0.3393697703921277
