loss,grad_norm,learning_rate,epoch,step,eval_loss,eval_accuracy,eval_f1,train_runtime,train_samples_per_second,train_steps_per_second,total_flos,train_loss
1.7739,0.8873558044433594,1e-05,0.004347826086956522,1,,,,,,,,
1.739,2.3990142345428467,0.00025,0.10869565217391304,25,,,,,,,,
,,,0.10869565217391304,25,1.5647343397140503,0.6838235294117647,0.8122270742358079,7.7324,,,,
1.4096,0.5521658658981323,0.0005,0.21739130434782608,50,,,,,,,,
,,,0.21739130434782608,50,1.0116360187530518,0.6838235294117647,0.8122270742358079,14.792,,,,
0.7756,1.154191493988037,0.00075,0.32608695652173914,75,,,,,,,,
,,,0.32608695652173914,75,0.6836658716201782,0.6838235294117647,0.8122270742358079,22.2334,,,,
0.6967,1.4869766235351562,0.001,0.43478260869565216,100,,,,,,,,
,,,0.43478260869565216,100,0.6264470815658569,0.6838235294117647,0.8122270742358079,29.3664,,,,
0.6292,0.9623281955718994,0.00125,0.5434782608695652,125,,,,,,,,
,,,0.5434782608695652,125,0.6202069520950317,0.6838235294117647,0.8122270742358079,36.5959,,,,
0.6112,2.277103900909424,0.0015,0.6521739130434783,150,,,,,,,,
,,,0.6521739130434783,150,0.5808417797088623,0.696078431372549,0.8154761904761906,43.7653,,,,
0.7288,0.6596291661262512,0.00175,0.7608695652173914,175,,,,,,,,
,,,0.7608695652173914,175,0.5935810804367065,0.6911764705882353,0.8157894736842105,51.0944,,,,
0.6194,0.6247156262397766,0.002,0.8695652173913043,200,,,,,,,,
,,,0.8695652173913043,200,0.6312891840934753,0.6936274509803921,0.816446402349486,58.4905,,,,
0.669,2.808763027191162,0.0019761904761904764,0.9782608695652174,225,,,,,,,,
,,,0.9782608695652174,225,0.6362603306770325,0.6838235294117647,0.7101123595505617,65.6424,,,,
0.5458,0.9870679974555969,0.0019523809523809524,1.0869565217391304,250,,,,,,,,
,,,1.0869565217391304,250,0.5253187417984009,0.7524509803921569,0.7984031936127745,72.7928,,,,
0.6253,1.1363753080368042,0.0019285714285714286,1.1956521739130435,275,,,,,,,,
,,,1.1956521739130435,275,0.5122619867324829,0.7426470588235294,0.8392036753445636,79.9553,,,,
0.5501,2.4806644916534424,0.0019047619047619048,1.3043478260869565,300,,,,,,,,
,,,1.3043478260869565,300,0.4727711081504822,0.7916666666666666,0.838095238095238,87.202,,,,
0.524,1.667276382446289,0.001880952380952381,1.4130434782608696,325,,,,,,,,
,,,1.4130434782608696,325,0.4932478666305542,0.7794117647058824,0.8221343873517787,94.457,,,,
0.5457,2.034207582473755,0.0018571428571428573,1.5217391304347827,350,,,,,,,,
,,,1.5217391304347827,350,0.439663827419281,0.8161764705882353,0.8681898066783832,101.59,,,,
0.4959,1.0434529781341553,0.0018333333333333333,1.6304347826086958,375,,,,,,,,
,,,1.6304347826086958,375,0.4676671028137207,0.7941176470588235,0.832,108.8193,,,,
0.462,0.997901201248169,0.0018095238095238095,1.7391304347826086,400,,,,,,,,
,,,1.7391304347826086,400,0.39130133390426636,0.8504901960784313,0.8912655971479501,115.9116,,,,
0.5153,3.2133007049560547,0.0017857142857142859,1.8478260869565217,425,,,,,,,,
,,,1.8478260869565217,425,0.39503392577171326,0.8578431372549019,0.8971631205673759,123.3044,,,,
0.5118,1.8272736072540283,0.0017619047619047618,1.9565217391304348,450,,,,,,,,
,,,1.9565217391304348,450,0.3899770975112915,0.8480392156862745,0.8888888888888888,130.5961,,,,
0.4358,0.6868456602096558,0.0017380952380952382,2.0652173913043477,475,,,,,,,,
,,,2.0652173913043477,475,0.47998085618019104,0.8284313725490197,0.8841059602649006,137.6286,,,,
0.5071,2.334745168685913,0.0017142857142857142,2.1739130434782608,500,,,,,,,,
,,,2.1739130434782608,500,0.4720415472984314,0.7769607843137255,0.8123711340206186,144.829,,,,
0.4171,2.1625962257385254,0.0016904761904761906,2.282608695652174,525,,,,,,,,
,,,2.282608695652174,525,0.3740731179714203,0.8455882352941176,0.8880994671403197,152.4967,,,,
0.4251,0.6306646466255188,0.0016666666666666668,2.391304347826087,550,,,,,,,,
,,,2.391304347826087,550,0.3472978472709656,0.8627450980392157,0.899641577060932,159.7514,,,,
0.4496,2.3061208724975586,0.0016428571428571427,2.5,575,,,,,,,,
,,,2.5,575,0.4489423632621765,0.8235294117647058,0.8831168831168831,166.9192,,,,
0.4248,2.427157402038574,0.0016190476190476191,2.608695652173913,600,,,,,,,,
,,,2.608695652173913,600,0.40922293066978455,0.8627450980392157,0.8992805755395683,174.2303,,,,
0.4247,2.4963784217834473,0.0015952380952380953,2.717391304347826,625,,,,,,,,
,,,2.717391304347826,625,0.4763585925102234,0.8455882352941176,0.8972267536704731,181.5185,,,,
0.4719,2.7946412563323975,0.0015714285714285715,2.8260869565217392,650,,,,,,,,
,,,2.8260869565217392,650,0.36953863501548767,0.8455882352941176,0.8835489833641405,188.8361,,,,
0.3602,1.3733869791030884,0.0015476190476190477,2.9347826086956523,675,,,,,,,,
,,,2.9347826086956523,675,0.35519513487815857,0.8651960784313726,0.9023090586145649,196.1453,,,,
0.3449,1.0879113674163818,0.0015238095238095239,3.0434782608695654,700,,,,,,,,
,,,3.0434782608695654,700,0.42263394594192505,0.8504901960784313,0.8927943760984183,203.1016,,,,
0.3779,3.9286468029022217,0.0015,3.1521739130434785,725,,,,,,,,
,,,3.1521739130434785,725,0.402554988861084,0.8553921568627451,0.8966725043782837,210.3829,,,,
0.3456,0.907773494720459,0.0014761904761904762,3.260869565217391,750,,,,,,,,
,,,3.260869565217391,750,0.3378835916519165,0.8725490196078431,0.9097222222222222,217.6002,,,,
0.3226,0.9201788902282715,0.0014523809523809524,3.369565217391304,775,,,,,,,,
,,,3.369565217391304,775,0.43836110830307007,0.8455882352941176,0.8951747088186357,224.7993,,,,
0.3387,2.1362802982330322,0.0014285714285714286,3.4782608695652173,800,,,,,,,,
,,,3.4782608695652173,800,0.3507276475429535,0.8553921568627451,0.8963093145869947,231.9443,,,,
0.3748,2.0408544540405273,0.0014047619047619047,3.5869565217391304,825,,,,,,,,
,,,3.5869565217391304,825,0.34253090620040894,0.8651960784313726,0.9046793760831888,239.3413,,,,
0.3777,2.0554189682006836,0.001380952380952381,3.6956521739130435,850,,,,,,,,
,,,3.6956521739130435,850,0.34321561455726624,0.8651960784313726,0.9016100178890876,246.6728,,,,
0.3481,5.89946174621582,0.0013571428571428573,3.8043478260869565,875,,,,,,,,
,,,3.8043478260869565,875,0.44222334027290344,0.8455882352941176,0.8896672504378283,253.8886,,,,
0.4084,1.888247013092041,0.0013333333333333333,3.9130434782608696,900,,,,,,,,
,,,3.9130434782608696,900,0.3536512851715088,0.8578431372549019,0.8978873239436619,261.2321,,,,
0.3705,1.1352834701538086,0.0013095238095238095,4.021739130434782,925,,,,,,,,
,,,4.021739130434782,925,0.35884085297584534,0.8504901960784313,0.8927943760984183,268.2816,,,,
0.3163,1.6168851852416992,0.0012857142857142859,4.130434782608695,950,,,,,,,,
,,,4.130434782608695,950,0.32808753848075867,0.8774509803921569,0.9131944444444444,275.7026,,,,
0.3268,2.513424873352051,0.0012619047619047618,4.239130434782608,975,,,,,,,,
,,,4.239130434782608,975,0.40573081374168396,0.8602941176470589,0.9035532994923857,282.742,,,,
0.361,2.309628486633301,0.0012380952380952382,4.3478260869565215,1000,,,,,,,,
,,,4.3478260869565215,1000,0.3468514382839203,0.8578431372549019,0.8975265017667844,290.0478,,,,
0.3358,1.562938928604126,0.0012142857142857142,4.456521739130435,1025,,,,,,,,
,,,4.456521739130435,1025,0.37981754541397095,0.8602941176470589,0.9001751313485115,297.8387,,,,
0.3073,4.5109333992004395,0.0011904761904761906,4.565217391304348,1050,,,,,,,,
,,,4.565217391304348,1050,0.4293549358844757,0.8578431372549019,0.901360544217687,305.1724,,,,
0.3391,0.6536043882369995,0.0011666666666666668,4.673913043478261,1075,,,,,,,,
,,,4.673913043478261,1075,0.34637948870658875,0.8725490196078431,0.9057971014492753,312.4445,,,,
0.3216,2.785939931869507,0.0011428571428571427,4.782608695652174,1100,,,,,,,,
,,,4.782608695652174,1100,0.37774112820625305,0.8529411764705882,0.896551724137931,319.6329,,,,
0.3278,2.6851091384887695,0.0011190476190476191,4.891304347826087,1125,,,,,,,,
,,,4.891304347826087,1125,0.3616689443588257,0.8627450980392157,0.8970588235294118,327.0279,,,,
0.3082,0.27917203307151794,0.0010952380952380953,5.0,1150,,,,,,,,
,,,5.0,1150,0.3074185848236084,0.8823529411764706,0.9145907473309609,334.2676,,,,
0.2379,1.3109186887741089,0.0010714285714285715,5.108695652173913,1175,,,,,,,,
,,,5.108695652173913,1175,0.45752066373825073,0.8651960784313726,0.905982905982906,341.5155,,,,
0.4166,3.2874600887298584,0.0010476190476190477,5.217391304347826,1200,,,,,,,,
,,,5.217391304347826,1200,0.347653865814209,0.8799019607843137,0.9168081494057724,348.7655,,,,
0.275,1.3699603080749512,0.0010238095238095238,5.326086956521739,1225,,,,,,,,
,,,5.326086956521739,1225,0.3854914903640747,0.8676470588235294,0.8992537313432836,355.9725,,,,
0.3348,1.0717873573303223,0.001,5.434782608695652,1250,,,,,,,,
,,,5.434782608695652,1250,0.37561464309692383,0.8725490196078431,0.9097222222222222,363.146,,,,
0.2581,3.8307855129241943,0.0009761904761904762,5.543478260869565,1275,,,,,,,,
,,,5.543478260869565,1275,0.3915364146232605,0.8602941176470589,0.8994708994708994,370.222,,,,
0.2885,1.869406819343567,0.0009523809523809524,5.6521739130434785,1300,,,,,,,,
,,,5.6521739130434785,1300,0.365975022315979,0.8700980392156863,0.9020332717190389,377.575,,,,
0.3078,1.1378908157348633,0.0009285714285714287,5.760869565217392,1325,,,,,,,,
,,,5.760869565217392,1325,0.34874242544174194,0.8651960784313726,0.9005424954792043,384.8891,,,,
0.2649,3.1806836128234863,0.0009047619047619047,5.869565217391305,1350,,,,,,,,
,,,5.869565217391305,1350,0.49071237444877625,0.8480392156862745,0.89198606271777,392.3706,,,,
0.3552,2.0459556579589844,0.0008809523809523809,5.978260869565218,1375,,,,,,,,
,,,5.978260869565218,1375,0.35142967104911804,0.8480392156862745,0.8949152542372881,399.7257,,,,
0.2054,10.327256202697754,0.0008571428571428571,6.086956521739131,1400,,,,,,,,
,,,6.086956521739131,1400,0.7717698216438293,0.8088235294117647,0.8753993610223643,406.9046,,,,
0.2945,2.1971070766448975,0.0008333333333333334,6.195652173913044,1425,,,,,,,,
,,,6.195652173913044,1425,0.41454270482063293,0.8602941176470589,0.9012131715771231,414.3951,,,,
0.222,4.43630313873291,0.0008095238095238096,6.304347826086957,1450,,,,,,,,
,,,6.304347826086957,1450,0.43422356247901917,0.875,0.9081081081081082,421.4119,,,,
0.2763,2.3351712226867676,0.0007857142857142857,6.413043478260869,1475,,,,,,,,
,,,6.413043478260869,1475,0.3633463382720947,0.8700980392156863,0.9078260869565218,428.8055,,,,
0.2539,1.253280758857727,0.0007619047619047619,6.521739130434782,1500,,,,,,,,
,,,6.521739130434782,1500,0.4933720827102661,0.8627450980392157,0.899641577060932,435.8773,,,,
0.2433,3.4669954776763916,0.0007380952380952381,6.630434782608695,1525,,,,,,,,
,,,6.630434782608695,1525,0.5022663474082947,0.8431372549019608,0.891156462585034,443.9123,,,,
0.243,1.018447756767273,0.0007142857142857143,6.739130434782608,1550,,,,,,,,
,,,6.739130434782608,1550,0.37422433495521545,0.8823529411764706,0.9133574007220215,451.0485,,,,
0.2282,1.933189868927002,0.0006904761904761905,6.8478260869565215,1575,,,,,,,,
,,,6.8478260869565215,1575,0.3812381625175476,0.8897058823529411,0.9194991055456172,458.2607,,,,
0.2657,1.960910439491272,0.0006666666666666666,6.956521739130435,1600,,,,,,,,
,,,6.956521739130435,1600,0.3794350028038025,0.8725490196078431,0.9068100358422939,465.71,,,,
0.1692,1.8743752241134644,0.0006428571428571429,7.065217391304348,1625,,,,,,,,
,,,7.065217391304348,1625,0.42037543654441833,0.8774509803921569,0.9097472924187725,472.7882,,,,
0.2192,2.474118709564209,0.0006190476190476191,7.173913043478261,1650,,,,,,,,
,,,7.173913043478261,1650,0.43294185400009155,0.8848039215686274,0.9140767824497258,480.1435,,,,
0.174,2.5283145904541016,0.0005952380952380953,7.282608695652174,1675,,,,,,,,
,,,7.282608695652174,1675,0.42486685514450073,0.8823529411764706,0.9163763066202091,487.3135,,,,
0.2236,3.2911829948425293,0.0005714285714285714,7.391304347826087,1700,,,,,,,,
,,,7.391304347826087,1700,0.43200233578681946,0.8823529411764706,0.9157894736842105,494.7271,,,,
0.1854,3.9886693954467773,0.0005476190476190477,7.5,1725,,,,,,,,
,,,7.5,1725,0.4745715260505676,0.8602941176470589,0.8983957219251337,502.1115,,,,
0.2,3.9518234729766846,0.0005238095238095238,7.608695652173913,1750,,,,,,,,
,,,7.608695652173913,1750,0.3707960247993469,0.875,0.9097345132743363,509.3382,,,,
0.1946,2.841151714324951,0.0005,7.717391304347826,1775,,,,,,,,
,,,7.717391304347826,1775,0.40939369797706604,0.8602941176470589,0.900523560209424,516.753,,,,
0.174,0.5187168717384338,0.0004761904761904762,7.826086956521739,1800,,,,,,,,
,,,7.826086956521739,1800,0.43864187598228455,0.8676470588235294,0.9028776978417268,523.8562,,,,
0.195,2.622222900390625,0.00045238095238095237,7.934782608695652,1825,,,,,,,,
,,,7.934782608695652,1825,0.39984309673309326,0.8774509803921569,0.9084249084249084,531.5564,,,,
0.1937,3.981668472290039,0.00042857142857142855,8.043478260869565,1850,,,,,,,,
,,,8.043478260869565,1850,0.4311082065105438,0.875,0.9077757685352622,538.7336,,,,
0.1154,0.18202263116836548,0.0004047619047619048,8.152173913043478,1875,,,,,,,,
,,,8.152173913043478,1875,0.44703787565231323,0.8799019607843137,0.9126559714795008,546.1152,,,,
0.1045,0.10855351388454437,0.00038095238095238096,8.26086956521739,1900,,,,,,,,
,,,8.26086956521739,1900,0.49218177795410156,0.8700980392156863,0.9081455805892548,553.3567,,,,
0.1473,2.0305252075195312,0.00035714285714285714,8.369565217391305,1925,,,,,,,,
,,,8.369565217391305,1925,0.4730326235294342,0.8872549019607843,0.9178571428571428,560.7093,,,,
0.1216,3.4960691928863525,0.0003333333333333333,8.478260869565217,1950,,,,,,,,
,,,8.478260869565217,1950,0.5679932236671448,0.8651960784313726,0.9050086355785838,568.1174,,,,
0.1166,0.4640219807624817,0.00030952380952380956,8.58695652173913,1975,,,,,,,,
,,,8.58695652173913,1975,0.5366876721382141,0.8676470588235294,0.9052631578947367,575.2198,,,,
0.1717,0.36049437522888184,0.0002857142857142857,8.695652173913043,2000,,,,,,,,
,,,8.695652173913043,2000,0.5059759616851807,0.8651960784313726,0.9033391915641477,582.5832,,,,
0.1163,5.065430164337158,0.0002619047619047619,8.804347826086957,2025,,,,,,,,
,,,8.804347826086957,2025,0.5222177505493164,0.8700980392156863,0.9051878354203935,590.3028,,,,
0.1432,7.162031173706055,0.0002380952380952381,8.91304347826087,2050,,,,,,,,
,,,8.91304347826087,2050,0.4968743324279785,0.8774509803921569,0.910394265232975,597.6517,,,,
0.1899,2.3752260208129883,0.00021428571428571427,9.021739130434783,2075,,,,,,,,
,,,9.021739130434783,2075,0.4557804763317108,0.875,0.9106830122591945,604.8017,,,,
0.1017,3.4262561798095703,0.00019047619047619048,9.130434782608695,2100,,,,,,,,
,,,9.130434782608695,2100,0.4680095613002777,0.8799019607843137,0.9126559714795008,611.922,,,,
0.0991,1.3119033575057983,0.00016666666666666666,9.23913043478261,2125,,,,,,,,
,,,9.23913043478261,2125,0.48528188467025757,0.8676470588235294,0.9055944055944055,619.2216,,,,
0.1474,0.14142769575119019,0.00014285714285714284,9.347826086956522,2150,,,,,,,,
,,,9.347826086956522,2150,0.49315574765205383,0.8553921568627451,0.8977469670710572,626.3598,,,,
0.1164,3.6437017917633057,0.00011904761904761905,9.456521739130435,2175,,,,,,,,
,,,9.456521739130435,2175,0.5017845034599304,0.8676470588235294,0.9055944055944055,633.7983,,,,
0.0995,3.094639539718628,9.523809523809524e-05,9.565217391304348,2200,,,,,,,,
,,,9.565217391304348,2200,0.4981171190738678,0.8651960784313726,0.9040139616055847,640.9637,,,,
0.1481,3.6470775604248047,7.142857142857142e-05,9.673913043478262,2225,,,,,,,,
,,,9.673913043478262,2225,0.477446973323822,0.8700980392156863,0.9068541300527241,648.3235,,,,
0.1116,0.14046525955200195,4.761904761904762e-05,9.782608695652174,2250,,,,,,,,
,,,9.782608695652174,2250,0.4709664285182953,0.8799019607843137,0.9132743362831858,655.5334,,,,
0.0945,1.7839233875274658,2.380952380952381e-05,9.891304347826086,2275,,,,,,,,
,,,9.891304347826086,2275,0.47505974769592285,0.875,0.9100529100529101,662.8042,,,,
0.1341,0.19254831969738007,0.0,10.0,2300,,,,,,,,
,,,10.0,2300,0.4765692949295044,0.8725490196078431,0.9084507042253521,670.1951,,,,
,,,10.0,2300,,,,669.8525,54.758,3.434,1471532257706784.0,0.35112433734147447
