loss,grad_norm,learning_rate,epoch,step,eval_loss,eval_accuracy,eval_f1,train_runtime,train_samples_per_second,train_steps_per_second,total_flos,train_loss
0.7008,1.5750854015350342,2.5e-06,0.004347826086956522,1,,,,,,,,
0.6551,1.2066676616668701,6.25e-05,0.10869565217391304,25,,,,,,,,
,,,0.10869565217391304,25,0.6309449672698975,0.6838235294117647,0.8122270742358079,6.1147,,,,
0.6621,2.0325005054473877,0.000125,0.21739130434782608,50,,,,,,,,
,,,0.21739130434782608,50,0.6205501556396484,0.6838235294117647,0.8122270742358079,11.8778,,,,
0.6339,6.534217357635498,0.0001875,0.32608695652173914,75,,,,,,,,
,,,0.32608695652173914,75,0.6104812026023865,0.6838235294117647,0.8122270742358079,17.69,,,,
0.6245,4.865467071533203,0.00025,0.43478260869565216,100,,,,,,,,
,,,0.43478260869565216,100,0.5435770750045776,0.6936274509803921,0.8159057437407953,23.4609,,,,
0.5185,9.8952054977417,0.0003125,0.5434782608695652,125,,,,,,,,
,,,0.5434782608695652,125,0.609994649887085,0.7083333333333334,0.8226527570789866,29.2125,,,,
0.526,25.3828182220459,0.000375,0.6521739130434783,150,,,,,,,,
,,,0.6521739130434783,150,1.1216007471084595,0.7205882352941176,0.8293413173652696,34.9591,,,,
0.5896,11.800267219543457,0.0004375,0.7608695652173914,175,,,,,,,,
,,,0.7608695652173914,175,0.580219566822052,0.7205882352941176,0.7701612903225806,40.878,,,,
0.5007,15.739175796508789,0.0005,0.8695652173913043,200,,,,,,,,
,,,0.8695652173913043,200,0.624103307723999,0.7818627450980392,0.8602825745682888,46.75,,,,
0.5964,3.488176107406616,0.0004940476190476191,0.9782608695652174,225,,,,,,,,
,,,0.9782608695652174,225,0.4814680516719818,0.7867647058823529,0.8290766208251473,52.5191,,,,
0.4719,10.520219802856445,0.0004880952380952381,1.0869565217391304,250,,,,,,,,
,,,1.0869565217391304,250,0.477597713470459,0.8259803921568627,0.8738898756660745,58.1212,,,,
0.5068,23.15532684326172,0.00048214285714285715,1.1956521739130435,275,,,,,,,,
,,,1.1956521739130435,275,0.4136156439781189,0.8137254901960784,0.8671328671328671,63.8552,,,,
0.4674,11.759697914123535,0.0004761904761904762,1.3043478260869565,300,,,,,,,,
,,,1.3043478260869565,300,0.4051073491573334,0.8308823529411765,0.880415944540728,69.6575,,,,
0.4753,8.287363052368164,0.00047023809523809523,1.4130434782608696,325,,,,,,,,
,,,1.4130434782608696,325,0.394225537776947,0.8259803921568627,0.8725314183123878,75.3562,,,,
0.4619,21.811960220336914,0.00046428571428571433,1.5217391304347827,350,,,,,,,,
,,,1.5217391304347827,350,0.3932023048400879,0.8259803921568627,0.864244741873805,81.1637,,,,
0.5113,11.99311637878418,0.0004583333333333333,1.6304347826086958,375,,,,,,,,
,,,1.6304347826086958,375,0.4061051905155182,0.8308823529411765,0.883248730964467,86.829,,,,
0.4147,17.747121810913086,0.00045238095238095237,1.7391304347826086,400,,,,,,,,
,,,1.7391304347826086,400,0.4563148319721222,0.8308823529411765,0.8808290155440415,92.5919,,,,
0.4637,27.85224151611328,0.00044642857142857147,1.8478260869565217,425,,,,,,,,
,,,1.8478260869565217,425,0.40368473529815674,0.8333333333333334,0.8749999999999999,98.4083,,,,
0.4932,25.920063018798828,0.00044047619047619046,1.9565217391304348,450,,,,,,,,
,,,1.9565217391304348,450,0.3576773405075073,0.8480392156862745,0.8864468864468864,104.3182,,,,
0.4182,8.21528148651123,0.00043452380952380956,2.0652173913043477,475,,,,,,,,
,,,2.0652173913043477,475,0.4447307884693146,0.8137254901960784,0.872053872053872,109.8932,,,,
0.4444,16.87883758544922,0.00042857142857142855,2.1739130434782608,500,,,,,,,,
,,,2.1739130434782608,500,0.34851863980293274,0.8382352941176471,0.8804347826086956,115.7032,,,,
0.3701,11.539026260375977,0.00042261904761904765,2.282608695652174,525,,,,,,,,
,,,2.282608695652174,525,0.36597853899002075,0.8357843137254902,0.882661996497373,121.799,,,,
0.38,17.021072387695312,0.0004166666666666667,2.391304347826087,550,,,,,,,,
,,,2.391304347826087,550,0.4761417508125305,0.803921568627451,0.8675496688741722,127.5313,,,,
0.4115,42.96941375732422,0.0004107142857142857,2.5,575,,,,,,,,
,,,2.5,575,0.4243176281452179,0.8504901960784313,0.8953687821612349,133.3547,,,,
0.3735,14.505329132080078,0.0004047619047619048,2.608695652173913,600,,,,,,,,
,,,2.608695652173913,600,0.39571598172187805,0.8529411764705882,0.8951048951048952,139.1122,,,,
0.3623,16.414682388305664,0.00039880952380952383,2.717391304347826,625,,,,,,,,
,,,2.717391304347826,625,0.41596487164497375,0.8308823529411765,0.886326194398682,145.021,,,,
0.4042,21.97193717956543,0.0003928571428571429,2.8260869565217392,650,,,,,,,,
,,,2.8260869565217392,650,0.3931386172771454,0.8480392156862745,0.8956228956228957,150.8505,,,,
0.3407,16.807966232299805,0.0003869047619047619,2.9347826086956523,675,,,,,,,,
,,,2.9347826086956523,675,0.40849336981773376,0.8553921568627451,0.8977469670710572,156.7604,,,,
0.3189,20.375381469726562,0.00038095238095238096,3.0434782608695654,700,,,,,,,,
,,,3.0434782608695654,700,0.4583701193332672,0.8651960784313726,0.9036777583187391,162.2864,,,,
0.3876,34.09894943237305,0.000375,3.1521739130434785,725,,,,,,,,
,,,3.1521739130434785,725,0.39666393399238586,0.8529411764705882,0.8961937716262977,168.1203,,,,
0.3329,6.526022434234619,0.00036904761904761905,3.260869565217391,750,,,,,,,,
,,,3.260869565217391,750,0.35004326701164246,0.8455882352941176,0.8908145580589255,173.9294,,,,
0.2772,23.7216854095459,0.0003630952380952381,3.369565217391304,775,,,,,,,,
,,,3.369565217391304,775,0.449029803276062,0.8651960784313726,0.9043478260869565,179.6632,,,,
0.3554,24.762683868408203,0.00035714285714285714,3.4782608695652173,800,,,,,,,,
,,,3.4782608695652173,800,0.4147447645664215,0.8382352941176471,0.8914473684210527,185.4356,,,,
0.3676,13.61086368560791,0.0003511904761904762,3.5869565217391304,825,,,,,,,,
,,,3.5869565217391304,825,0.3465564250946045,0.8553921568627451,0.8981001727115717,191.3017,,,,
0.3262,24.409103393554688,0.00034523809523809523,3.6956521739130435,850,,,,,,,,
,,,3.6956521739130435,850,0.336466521024704,0.8774509803921569,0.911032028469751,197.1891,,,,
0.3415,35.48637771606445,0.00033928571428571433,3.8043478260869565,875,,,,,,,,
,,,3.8043478260869565,875,0.36988565325737,0.8700980392156863,0.9078260869565218,203.0692,,,,
0.3064,43.09144592285156,0.0003333333333333333,3.9130434782608696,900,,,,,,,,
,,,3.9130434782608696,900,0.4030313789844513,0.8602941176470589,0.8991150442477877,208.8894,,,,
0.387,17.667783737182617,0.00032738095238095237,4.021739130434782,925,,,,,,,,
,,,4.021739130434782,925,0.36009687185287476,0.8627450980392157,0.9050847457627118,214.6219,,,,
0.2655,16.24723243713379,0.00032142857142857147,4.130434782608695,950,,,,,,,,
,,,4.130434782608695,950,0.3888857364654541,0.8504901960784313,0.8981636060100167,220.4542,,,,
0.2858,20.05295181274414,0.00031547619047619046,4.239130434782608,975,,,,,,,,
,,,4.239130434782608,975,0.39490291476249695,0.8602941176470589,0.9045226130653267,226.1823,,,,
0.3292,16.421926498413086,0.00030952380952380956,4.3478260869565215,1000,,,,,,,,
,,,4.3478260869565215,1000,0.36074039340019226,0.8627450980392157,0.9047619047619047,231.9124,,,,
0.3019,17.88755226135254,0.00030357142857142855,4.456521739130435,1025,,,,,,,,
,,,4.456521739130435,1025,0.33065086603164673,0.8455882352941176,0.8860759493670886,238.1312,,,,
0.2777,5.447638511657715,0.00029761904761904765,4.565217391304348,1050,,,,,,,,
,,,4.565217391304348,1050,0.4273339509963989,0.8627450980392157,0.899641577060932,243.9512,,,,
0.2846,16.180221557617188,0.0002916666666666667,4.673913043478261,1075,,,,,,,,
,,,4.673913043478261,1075,0.45651933550834656,0.8627450980392157,0.899641577060932,249.7219,,,,
0.2301,17.10604476928711,0.0002857142857142857,4.782608695652174,1100,,,,,,,,
,,,4.782608695652174,1100,0.44706815481185913,0.8676470588235294,0.9028776978417268,255.5019,,,,
0.2977,24.746450424194336,0.0002797619047619048,4.891304347826087,1125,,,,,,,,
,,,4.891304347826087,1125,0.3513753414154053,0.8651960784313726,0.8987108655616944,261.3109,,,,
0.2971,2.392747640609741,0.0002738095238095238,5.0,1150,,,,,,,,
,,,5.0,1150,0.39475107192993164,0.8578431372549019,0.8941605839416058,267.119,,,,
0.2048,1.7564743757247925,0.00026785714285714287,5.108695652173913,1175,,,,,,,,
,,,5.108695652173913,1175,0.5146428346633911,0.8553921568627451,0.8933092224231465,272.8338,,,,
0.2834,24.46219825744629,0.0002619047619047619,5.217391304347826,1200,,,,,,,,
,,,5.217391304347826,1200,0.45752963423728943,0.8504901960784313,0.8912655971479501,278.7097,,,,
0.2352,32.29003143310547,0.00025595238095238096,5.326086956521739,1225,,,,,,,,
,,,5.326086956521739,1225,0.4678783416748047,0.8627450980392157,0.8985507246376813,284.5188,,,,
0.2703,15.372284889221191,0.00025,5.434782608695652,1250,,,,,,,,
,,,5.434782608695652,1250,0.40151840448379517,0.8627450980392157,0.901060070671378,290.3242,,,,
0.2296,87.42813873291016,0.00024404761904761905,5.543478260869565,1275,,,,,,,,
,,,5.543478260869565,1275,0.44530189037323,0.875,0.9094138543516875,296.0564,,,,
0.2456,22.50998878479004,0.0002380952380952381,5.6521739130434785,1300,,,,,,,,
,,,5.6521739130434785,1300,0.3759036362171173,0.8676470588235294,0.9052631578947367,301.8952,,,,
0.2332,11.602152824401855,0.00023214285714285717,5.760869565217392,1325,,,,,,,,
,,,5.760869565217392,1325,0.3965887129306793,0.8676470588235294,0.906896551724138,307.7253,,,,
0.2692,8.188404083251953,0.00022619047619047618,5.869565217391305,1350,,,,,,,,
,,,5.869565217391305,1350,0.37274327874183655,0.8627450980392157,0.8992805755395683,313.61,,,,
0.2244,6.868354320526123,0.00022023809523809523,5.978260869565218,1375,,,,,,,,
,,,5.978260869565218,1375,0.39621105790138245,0.8602941176470589,0.9001751313485115,319.4979,,,,
0.1987,32.060401916503906,0.00021428571428571427,6.086956521739131,1400,,,,,,,,
,,,6.086956521739131,1400,0.5528573989868164,0.8602941176470589,0.9018932874354562,325.2387,,,,
0.2752,21.545194625854492,0.00020833333333333335,6.195652173913044,1425,,,,,,,,
,,,6.195652173913044,1425,0.4674675166606903,0.8651960784313726,0.9040139616055847,331.2076,,,,
0.217,30.221012115478516,0.0002023809523809524,6.304347826086957,1450,,,,,,,,
,,,6.304347826086957,1450,0.5131616592407227,0.8431372549019608,0.8832116788321168,336.9478,,,,
0.2808,12.07010269165039,0.00019642857142857144,6.413043478260869,1475,,,,,,,,
,,,6.413043478260869,1475,0.48243871331214905,0.8553921568627451,0.8970331588132635,342.7287,,,,
0.2432,31.319339752197266,0.00019047619047619048,6.521739130434782,1500,,,,,,,,
,,,6.521739130434782,1500,0.4825141429901123,0.8676470588235294,0.9065743944636677,348.5503,,,,
0.205,61.77009582519531,0.00018452380952380953,6.630434782608695,1525,,,,,,,,
,,,6.630434782608695,1525,0.48330703377723694,0.8578431372549019,0.9006849315068494,354.6587,,,,
0.2164,31.72797203063965,0.00017857142857142857,6.739130434782608,1550,,,,,,,,
,,,6.739130434782608,1550,0.5041919946670532,0.8431372549019608,0.8844765342960288,360.4249,,,,
0.2445,16.201217651367188,0.00017261904761904762,6.8478260869565215,1575,,,,,,,,
,,,6.8478260869565215,1575,0.4834327697753906,0.8504901960784313,0.893542757417103,366.1835,,,,
0.181,20.684663772583008,0.00016666666666666666,6.956521739130435,1600,,,,,,,,
,,,6.956521739130435,1600,0.5155351161956787,0.8529411764705882,0.8951048951048952,372.0886,,,,
0.1898,36.94721603393555,0.00016071428571428573,7.065217391304348,1625,,,,,,,,
,,,7.065217391304348,1625,0.5058124661445618,0.8431372549019608,0.8861209964412811,377.7398,,,,
0.1878,14.357625007629395,0.00015476190476190478,7.173913043478261,1650,,,,,,,,
,,,7.173913043478261,1650,0.5398201942443848,0.8627450980392157,0.901060070671378,383.5538,,,,
0.2073,22.483993530273438,0.00014880952380952382,7.282608695652174,1675,,,,,,,,
,,,7.282608695652174,1675,0.5664123296737671,0.8651960784313726,0.9056603773584906,389.3338,,,,
0.1879,33.35546875,0.00014285714285714284,7.391304347826087,1700,,,,,,,,
,,,7.391304347826087,1700,0.5447390079498291,0.8676470588235294,0.90625,395.2429,,,,
0.175,2.385871648788452,0.0001369047619047619,7.5,1725,,,,,,,,
,,,7.5,1725,0.5553721785545349,0.8627450980392157,0.900709219858156,401.1088,,,,
0.1785,6.605105876922607,0.00013095238095238096,7.608695652173913,1750,,,,,,,,
,,,7.608695652173913,1750,0.5319159030914307,0.8529411764705882,0.8936170212765957,406.9713,,,,
0.2252,34.33848571777344,0.000125,7.717391304347826,1775,,,,,,,,
,,,7.717391304347826,1775,0.5393499732017517,0.8602941176470589,0.9008695652173914,412.8194,,,,
0.1846,37.24747848510742,0.00011904761904761905,7.826086956521739,1800,,,,,,,,
,,,7.826086956521739,1800,0.5666679739952087,0.8627450980392157,0.901060070671378,418.6023,,,,
0.1968,11.617949485778809,0.00011309523809523809,7.934782608695652,1825,,,,,,,,
,,,7.934782608695652,1825,0.5367486476898193,0.8578431372549019,0.8971631205673759,424.6142,,,,
0.2024,5.2645649909973145,0.00010714285714285714,8.043478260869565,1850,,,,,,,,
,,,8.043478260869565,1850,0.5926405191421509,0.8480392156862745,0.8923611111111109,430.3203,,,,
0.1807,7.305527687072754,0.0001011904761904762,8.152173913043478,1875,,,,,,,,
,,,8.152173913043478,1875,0.5653857588768005,0.8553921568627451,0.8959435626102292,436.1949,,,,
0.1376,0.4127131700515747,9.523809523809524e-05,8.26086956521739,1900,,,,,,,,
,,,8.26086956521739,1900,0.6324453949928284,0.8553921568627451,0.8963093145869947,442.0139,,,,
0.1984,32.56807327270508,8.928571428571429e-05,8.369565217391305,1925,,,,,,,,
,,,8.369565217391305,1925,0.6404292583465576,0.8504901960784313,0.8927943760984183,447.9138,,,,
0.157,39.93500900268555,8.333333333333333e-05,8.478260869565217,1950,,,,,,,,
,,,8.478260869565217,1950,0.7223984003067017,0.8504901960784313,0.8939130434782607,453.7932,,,,
0.125,32.47487258911133,7.738095238095239e-05,8.58695652173913,1975,,,,,,,,
,,,8.58695652173913,1975,0.7603211402893066,0.8504901960784313,0.893542757417103,459.5762,,,,
0.2067,43.29093933105469,7.142857142857142e-05,8.695652173913043,2000,,,,,,,,
,,,8.695652173913043,2000,0.6597924828529358,0.8504901960784313,0.8927943760984183,465.3441,,,,
0.1846,16.42363166809082,6.547619047619048e-05,8.804347826086957,2025,,,,,,,,
,,,8.804347826086957,2025,0.7037684321403503,0.8504901960784313,0.8927943760984183,471.4803,,,,
0.1201,5.7850341796875,5.9523809523809524e-05,8.91304347826087,2050,,,,,,,,
,,,8.91304347826087,2050,0.7068267464637756,0.8529411764705882,0.894736842105263,477.3226,,,,
0.1647,9.573617935180664,5.357142857142857e-05,9.021739130434783,2075,,,,,,,,
,,,9.021739130434783,2075,0.6783652305603027,0.8504901960784313,0.8927943760984183,483.0628,,,,
0.1043,26.13772201538086,4.761904761904762e-05,9.130434782608695,2100,,,,,,,,
,,,9.130434782608695,2100,0.7059733271598816,0.8480392156862745,0.8912280701754387,488.8309,,,,
0.1349,26.689268112182617,4.1666666666666665e-05,9.23913043478261,2125,,,,,,,,
,,,9.23913043478261,2125,0.7365191578865051,0.8455882352941176,0.8884955752212389,494.6627,,,,
0.2097,36.5221061706543,3.571428571428571e-05,9.347826086956522,2150,,,,,,,,
,,,9.347826086956522,2150,0.7037244439125061,0.8529411764705882,0.8961937716262977,500.4485,,,,
0.1439,30.632137298583984,2.9761904761904762e-05,9.456521739130435,2175,,,,,,,,
,,,9.456521739130435,2175,0.6695972681045532,0.8529411764705882,0.8954703832752613,506.3278,,,,
0.0665,23.46347427368164,2.380952380952381e-05,9.565217391304348,2200,,,,,,,,
,,,9.565217391304348,2200,0.7143078446388245,0.8529411764705882,0.8954703832752613,512.0921,,,,
0.1751,3.012788772583008,1.7857142857142855e-05,9.673913043478262,2225,,,,,,,,
,,,9.673913043478262,2225,0.7270443439483643,0.8553921568627451,0.897391304347826,517.932,,,,
0.19,0.10040809214115143,1.1904761904761905e-05,9.782608695652174,2250,,,,,,,,
,,,9.782608695652174,2250,0.7227078676223755,0.8529411764705882,0.8954703832752613,523.7024,,,,
0.1352,22.343929290771484,5.9523809523809525e-06,9.891304347826086,2275,,,,,,,,
,,,9.891304347826086,2275,0.7173380851745605,0.8578431372549019,0.8986013986013986,529.6143,,,,
0.1261,0.30004018545150757,0.0,10.0,2300,,,,,,,,
,,,10.0,2300,0.7170624732971191,0.8578431372549019,0.8986013986013986,535.3253,,,,
,,,10.0,2300,,,,534.9926,68.562,4.299,1452293613147552.0,0.30438320771507593
