loss,grad_norm,learning_rate,epoch,step,eval_loss,eval_accuracy,eval_f1,train_runtime,train_samples_per_second,train_steps_per_second,total_flos,train_loss
0.7008,1.4410141706466675,1e-05,0.004347826086956522,1,,,,,,,,
0.6512,1.6260167360305786,0.00025,0.10869565217391304,25,,,,,,,,
,,,0.10869565217391304,25,0.6223006248474121,0.6838235294117647,0.8122270742358079,5.8522,,,,
0.6866,2.669649124145508,0.0005,0.21739130434782608,50,,,,,,,,
,,,0.21739130434782608,50,0.6191176176071167,0.6838235294117647,0.8122270742358079,11.3609,,,,
0.6484,3.137443780899048,0.00075,0.32608695652173914,75,,,,,,,,
,,,0.32608695652173914,75,0.5893999934196472,0.7132352941176471,0.8251121076233183,16.9505,,,,
0.6537,1.4034465551376343,0.001,0.43478260869565216,100,,,,,,,,
,,,0.43478260869565216,100,0.5655753016471863,0.7205882352941176,0.8267477203647416,22.406,,,,
0.5367,3.9254279136657715,0.00125,0.5434782608695652,125,,,,,,,,
,,,0.5434782608695652,125,0.7547653913497925,0.7205882352941176,0.8256880733944955,27.9963,,,,
0.6024,3.0464630126953125,0.0015,0.6521739130434783,150,,,,,,,,
,,,0.6521739130434783,150,0.5303529500961304,0.7279411764705882,0.8305343511450382,33.446,,,,
0.657,4.587132453918457,0.00175,0.7608695652173914,175,,,,,,,,
,,,0.7608695652173914,175,0.5721855759620667,0.6519607843137255,0.6913043478260871,39.1855,,,,
0.6488,1.9374181032180786,0.002,0.8695652173913043,200,,,,,,,,
,,,0.8695652173913043,200,0.5454651117324829,0.6838235294117647,0.8122270742358079,44.7396,,,,
0.5539,1.5690090656280518,0.0019761904761904764,0.9782608695652174,225,,,,,,,,
,,,0.9782608695652174,225,0.49566414952278137,0.7058823529411765,0.8224852071005917,50.3405,,,,
0.5584,5.999829292297363,0.0019523809523809524,1.0869565217391304,250,,,,,,,,
,,,1.0869565217391304,250,0.5557112693786621,0.7524509803921569,0.8231173380035026,55.7066,,,,
0.6129,1.4705588817596436,0.0019285714285714286,1.1956521739130435,275,,,,,,,,
,,,1.1956521739130435,275,0.6334601640701294,0.6838235294117647,0.8122270742358079,61.1931,,,,
0.6409,0.46359455585479736,0.0019047619047619048,1.3043478260869565,300,,,,,,,,
,,,1.3043478260869565,300,0.6239755153656006,0.6838235294117647,0.8122270742358079,66.7779,,,,
0.6635,1.5165296792984009,0.001880952380952381,1.4130434782608696,325,,,,,,,,
,,,1.4130434782608696,325,0.6359188556671143,0.6838235294117647,0.8122270742358079,72.201,,,,
0.6658,1.490747094154358,0.0018571428571428573,1.5217391304347827,350,,,,,,,,
,,,1.5217391304347827,350,0.6347014307975769,0.6838235294117647,0.8122270742358079,77.7616,,,,
0.626,0.6602439880371094,0.0018333333333333333,1.6304347826086958,375,,,,,,,,
,,,1.6304347826086958,375,0.6377886533737183,0.6838235294117647,0.8122270742358079,83.1344,,,,
0.6346,0.40158897638320923,0.0018095238095238095,1.7391304347826086,400,,,,,,,,
,,,1.7391304347826086,400,0.6500904560089111,0.6838235294117647,0.8122270742358079,88.6145,,,,
0.6597,1.2211875915527344,0.0017857142857142859,1.8478260869565217,425,,,,,,,,
,,,1.8478260869565217,425,0.6267884969711304,0.6838235294117647,0.8122270742358079,94.181,,,,
0.6546,0.8966255187988281,0.0017619047619047618,1.9565217391304348,450,,,,,,,,
,,,1.9565217391304348,450,0.6313945651054382,0.6838235294117647,0.8122270742358079,99.7621,,,,
0.6358,0.4504340887069702,0.0017380952380952382,2.0652173913043477,475,,,,,,,,
,,,2.0652173913043477,475,0.6345860958099365,0.6838235294117647,0.8122270742358079,105.1571,,,,
0.6479,0.7378723621368408,0.0017142857142857142,2.1739130434782608,500,,,,,,,,
,,,2.1739130434782608,500,0.6582457423210144,0.6838235294117647,0.8122270742358079,110.6715,,,,
0.64,0.7742167115211487,0.0016904761904761906,2.282608695652174,525,,,,,,,,
,,,2.282608695652174,525,0.6241737604141235,0.6838235294117647,0.8122270742358079,116.4736,,,,
0.6436,1.3468106985092163,0.0016666666666666668,2.391304347826087,550,,,,,,,,
,,,2.391304347826087,550,0.6275398135185242,0.6838235294117647,0.8122270742358079,121.9398,,,,
0.6353,0.4404342770576477,0.0016428571428571427,2.5,575,,,,,,,,
,,,2.5,575,0.6414936184883118,0.6838235294117647,0.8122270742358079,127.5102,,,,
0.6501,0.6413649320602417,0.0016190476190476191,2.608695652173913,600,,,,,,,,
,,,2.608695652173913,600,0.6556465029716492,0.6838235294117647,0.8122270742358079,133.0666,,,,
0.6561,0.3950296640396118,0.0015952380952380953,2.717391304347826,625,,,,,,,,
,,,2.717391304347826,625,0.6254335045814514,0.6838235294117647,0.8122270742358079,138.6373,,,,
0.649,1.3793903589248657,0.0015714285714285715,2.8260869565217392,650,,,,,,,,
,,,2.8260869565217392,650,0.6242300868034363,0.6838235294117647,0.8122270742358079,144.2796,,,,
0.6224,0.6074224710464478,0.0015476190476190477,2.9347826086956523,675,,,,,,,,
,,,2.9347826086956523,675,0.6254591345787048,0.6838235294117647,0.8122270742358079,149.8364,,,,
0.6458,0.3924645483493805,0.0015238095238095239,3.0434782608695654,700,,,,,,,,
,,,3.0434782608695654,700,0.6313816905021667,0.6838235294117647,0.8122270742358079,155.2306,,,,
0.6178,0.3701079189777374,0.0015,3.1521739130434785,725,,,,,,,,
,,,3.1521739130434785,725,0.6266398429870605,0.6838235294117647,0.8122270742358079,160.7972,,,,
0.6303,0.8952473998069763,0.0014761904761904762,3.260869565217391,750,,,,,,,,
,,,3.260869565217391,750,0.6282832026481628,0.6838235294117647,0.8122270742358079,166.3563,,,,
0.6534,0.5767300724983215,0.0014523809523809524,3.369565217391304,775,,,,,,,,
,,,3.369565217391304,775,0.6259798407554626,0.6838235294117647,0.8122270742358079,171.8756,,,,
0.6469,0.5431560277938843,0.0014285714285714286,3.4782608695652173,800,,,,,,,,
,,,3.4782608695652173,800,0.6273958683013916,0.6838235294117647,0.8122270742358079,177.3434,,,,
0.6348,0.32783299684524536,0.0014047619047619047,3.5869565217391304,825,,,,,,,,
,,,3.5869565217391304,825,0.6249240636825562,0.6838235294117647,0.8122270742358079,182.9777,,,,
0.6395,0.8414683938026428,0.001380952380952381,3.6956521739130435,850,,,,,,,,
,,,3.6956521739130435,850,0.6288892030715942,0.6838235294117647,0.8122270742358079,188.5598,,,,
0.633,0.9608192443847656,0.0013571428571428573,3.8043478260869565,875,,,,,,,,
,,,3.8043478260869565,875,0.624442994594574,0.6838235294117647,0.8122270742358079,194.1224,,,,
0.6528,1.3113640546798706,0.0013333333333333333,3.9130434782608696,900,,,,,,,,
,,,3.9130434782608696,900,0.6455147862434387,0.6838235294117647,0.8122270742358079,199.697,,,,
0.6785,0.551992654800415,0.0013095238095238095,4.021739130434782,925,,,,,,,,
,,,4.021739130434782,925,0.6259142756462097,0.6838235294117647,0.8122270742358079,205.0562,,,,
0.6134,0.22699570655822754,0.0012857142857142859,4.130434782608695,950,,,,,,,,
,,,4.130434782608695,950,0.627193808555603,0.6838235294117647,0.8122270742358079,210.688,,,,
0.631,0.8419523239135742,0.0012619047619047618,4.239130434782608,975,,,,,,,,
,,,4.239130434782608,975,0.6239534616470337,0.6838235294117647,0.8122270742358079,216.0867,,,,
0.6393,0.38139644265174866,0.0012380952380952382,4.3478260869565215,1000,,,,,,,,
,,,4.3478260869565215,1000,0.6244080662727356,0.6838235294117647,0.8122270742358079,221.5783,,,,
0.6195,0.3602987229824066,0.0012142857142857142,4.456521739130435,1025,,,,,,,,
,,,4.456521739130435,1025,0.6259611248970032,0.6838235294117647,0.8122270742358079,227.4099,,,,
0.6359,0.3414696753025055,0.0011904761904761906,4.565217391304348,1050,,,,,,,,
,,,4.565217391304348,1050,0.6339483857154846,0.6838235294117647,0.8122270742358079,232.9722,,,,
0.6608,0.665807843208313,0.0011666666666666668,4.673913043478261,1075,,,,,,,,
,,,4.673913043478261,1075,0.6312775015830994,0.6838235294117647,0.8122270742358079,238.535,,,,
0.6357,1.1758238077163696,0.0011428571428571427,4.782608695652174,1100,,,,,,,,
,,,4.782608695652174,1100,0.6243359446525574,0.6838235294117647,0.8122270742358079,244.0681,,,,
0.6584,1.2666574716567993,0.0011190476190476191,4.891304347826087,1125,,,,,,,,
,,,4.891304347826087,1125,0.6344361305236816,0.6838235294117647,0.8122270742358079,249.7225,,,,
0.6351,2.199810028076172,0.0010952380952380953,5.0,1150,,,,,,,,
,,,5.0,1150,0.6286115646362305,0.6838235294117647,0.8122270742358079,255.2806,,,,
0.6574,0.8252320885658264,0.0010714285714285715,5.108695652173913,1175,,,,,,,,
,,,5.108695652173913,1175,0.6240828037261963,0.6838235294117647,0.8122270742358079,260.8606,,,,
0.6315,1.7200535535812378,0.0010476190476190477,5.217391304347826,1200,,,,,,,,
,,,5.217391304347826,1200,0.6249226331710815,0.6838235294117647,0.8122270742358079,266.4479,,,,
0.6585,0.3261415362358093,0.0010238095238095238,5.326086956521739,1225,,,,,,,,
,,,5.326086956521739,1225,0.6248632073402405,0.6838235294117647,0.8122270742358079,272.0379,,,,
0.6565,0.2428722232580185,0.001,5.434782608695652,1250,,,,,,,,
,,,5.434782608695652,1250,0.6278689503669739,0.6838235294117647,0.8122270742358079,277.6043,,,,
0.6321,0.369081050157547,0.0009761904761904762,5.543478260869565,1275,,,,,,,,
,,,5.543478260869565,1275,0.6239529252052307,0.6838235294117647,0.8122270742358079,283.0942,,,,
0.6148,0.26144376397132874,0.0009523809523809524,5.6521739130434785,1300,,,,,,,,
,,,5.6521739130434785,1300,0.6247029304504395,0.6838235294117647,0.8122270742358079,288.7174,,,,
0.6258,0.7683380842208862,0.0009285714285714287,5.760869565217392,1325,,,,,,,,
,,,5.760869565217392,1325,0.6240230202674866,0.6838235294117647,0.8122270742358079,294.3113,,,,
0.6172,0.26037731766700745,0.0009047619047619047,5.869565217391305,1350,,,,,,,,
,,,5.869565217391305,1350,0.6241382360458374,0.6838235294117647,0.8122270742358079,299.9368,,,,
0.6196,0.2948313057422638,0.0008809523809523809,5.978260869565218,1375,,,,,,,,
,,,5.978260869565218,1375,0.623964250087738,0.6838235294117647,0.8122270742358079,305.591,,,,
0.5928,1.4255313873291016,0.0008571428571428571,6.086956521739131,1400,,,,,,,,
,,,6.086956521739131,1400,0.6402866840362549,0.6838235294117647,0.8122270742358079,311.0115,,,,
0.638,0.6249709129333496,0.0008333333333333334,6.195652173913044,1425,,,,,,,,
,,,6.195652173913044,1425,0.6248757839202881,0.6838235294117647,0.8122270742358079,316.8086,,,,
0.644,0.2131776064634323,0.0008095238095238096,6.304347826086957,1450,,,,,,,,
,,,6.304347826086957,1450,0.6258066296577454,0.6838235294117647,0.8122270742358079,322.2263,,,,
0.636,0.4635896384716034,0.0007857142857142857,6.413043478260869,1475,,,,,,,,
,,,6.413043478260869,1475,0.6239746809005737,0.6838235294117647,0.8122270742358079,327.879,,,,
0.6638,1.2703242301940918,0.0007619047619047619,6.521739130434782,1500,,,,,,,,
,,,6.521739130434782,1500,0.6263309717178345,0.6838235294117647,0.8122270742358079,333.3712,,,,
0.615,1.0729130506515503,0.0007380952380952381,6.630434782608695,1525,,,,,,,,
,,,6.630434782608695,1525,0.6241855025291443,0.6838235294117647,0.8122270742358079,339.2989,,,,
0.6272,0.32020509243011475,0.0007142857142857143,6.739130434782608,1550,,,,,,,,
,,,6.739130434782608,1550,0.6242260932922363,0.6838235294117647,0.8122270742358079,344.8266,,,,
0.6481,0.6260967254638672,0.0006904761904761905,6.8478260869565215,1575,,,,,,,,
,,,6.8478260869565215,1575,0.6259227991104126,0.6838235294117647,0.8122270742358079,350.379,,,,
0.6242,0.5022290349006653,0.0006666666666666666,6.956521739130435,1600,,,,,,,,
,,,6.956521739130435,1600,0.6242489814758301,0.6838235294117647,0.8122270742358079,356.1108,,,,
0.6612,1.1283975839614868,0.0006428571428571429,7.065217391304348,1625,,,,,,,,
,,,7.065217391304348,1625,0.6252382397651672,0.6838235294117647,0.8122270742358079,361.5226,,,,
0.6132,0.41481176018714905,0.0006190476190476191,7.173913043478261,1650,,,,,,,,
,,,7.173913043478261,1650,0.6248459815979004,0.6838235294117647,0.8122270742358079,367.1668,,,,
0.6182,0.30027076601982117,0.0005952380952380953,7.282608695652174,1675,,,,,,,,
,,,7.282608695652174,1675,0.6240310072898865,0.6838235294117647,0.8122270742358079,372.6523,,,,
0.6301,0.2626185715198517,0.0005714285714285714,7.391304347826087,1700,,,,,,,,
,,,7.391304347826087,1700,0.6239722967147827,0.6838235294117647,0.8122270742358079,378.2995,,,,
0.6585,0.493659108877182,0.0005476190476190477,7.5,1725,,,,,,,,
,,,7.5,1725,0.6294769644737244,0.6838235294117647,0.8122270742358079,383.9252,,,,
0.6465,0.26421263813972473,0.0005238095238095238,7.608695652173913,1750,,,,,,,,
,,,7.608695652173913,1750,0.6249002814292908,0.6838235294117647,0.8122270742358079,389.4881,,,,
0.6381,0.3864436745643616,0.0005,7.717391304347826,1775,,,,,,,,
,,,7.717391304347826,1775,0.6249229907989502,0.6838235294117647,0.8122270742358079,395.1497,,,,
0.6453,0.45715031027793884,0.0004761904761904762,7.826086956521739,1800,,,,,,,,
,,,7.826086956521739,1800,0.6245895624160767,0.6838235294117647,0.8122270742358079,400.6519,,,,
0.6253,0.32030153274536133,0.00045238095238095237,7.934782608695652,1825,,,,,,,,
,,,7.934782608695652,1825,0.6239702105522156,0.6838235294117647,0.8122270742358079,406.4772,,,,
0.6113,0.4164128303527832,0.00042857142857142855,8.043478260869565,1850,,,,,,,,
,,,8.043478260869565,1850,0.6241361498832703,0.6838235294117647,0.8122270742358079,411.9243,,,,
0.6603,0.1827206313610077,0.0004047619047619048,8.152173913043478,1875,,,,,,,,
,,,8.152173913043478,1875,0.6277323961257935,0.6838235294117647,0.8122270742358079,417.5442,,,,
0.6108,0.4695219099521637,0.00038095238095238096,8.26086956521739,1900,,,,,,,,
,,,8.26086956521739,1900,0.6240386366844177,0.6838235294117647,0.8122270742358079,423.1233,,,,
0.6337,0.8677336573600769,0.00035714285714285714,8.369565217391305,1925,,,,,,,,
,,,8.369565217391305,1925,0.6239779591560364,0.6838235294117647,0.8122270742358079,428.6994,,,,
0.6527,0.7070179581642151,0.0003333333333333333,8.478260869565217,1950,,,,,,,,
,,,8.478260869565217,1950,0.626200258731842,0.6838235294117647,0.8122270742358079,434.3805,,,,
0.6214,0.3137708306312561,0.00030952380952380956,8.58695652173913,1975,,,,,,,,
,,,8.58695652173913,1975,0.6241250038146973,0.6838235294117647,0.8122270742358079,439.8175,,,,
0.6391,0.37774449586868286,0.0002857142857142857,8.695652173913043,2000,,,,,,,,
,,,8.695652173913043,2000,0.6243016719818115,0.6838235294117647,0.8122270742358079,445.3752,,,,
0.6448,0.23208609223365784,0.0002619047619047619,8.804347826086957,2025,,,,,,,,
,,,8.804347826086957,2025,0.6245686411857605,0.6838235294117647,0.8122270742358079,451.092,,,,
0.611,0.8741355538368225,0.0002380952380952381,8.91304347826087,2050,,,,,,,,
,,,8.91304347826087,2050,0.6239829063415527,0.6838235294117647,0.8122270742358079,456.6759,,,,
0.6205,0.16477015614509583,0.00021428571428571427,9.021739130434783,2075,,,,,,,,
,,,9.021739130434783,2075,0.6239950656890869,0.6838235294117647,0.8122270742358079,462.1439,,,,
0.6209,0.9194360971450806,0.00019047619047619048,9.130434782608695,2100,,,,,,,,
,,,9.130434782608695,2100,0.6239570379257202,0.6838235294117647,0.8122270742358079,467.6732,,,,
0.633,0.6598642468452454,0.00016666666666666666,9.23913043478261,2125,,,,,,,,
,,,9.23913043478261,2125,0.6241570711135864,0.6838235294117647,0.8122270742358079,473.3192,,,,
0.6118,0.5977466106414795,0.00014285714285714284,9.347826086956522,2150,,,,,,,,
,,,9.347826086956522,2150,0.6239781975746155,0.6838235294117647,0.8122270742358079,478.8465,,,,
0.6341,0.36003467440605164,0.00011904761904761905,9.456521739130435,2175,,,,,,,,
,,,9.456521739130435,2175,0.6239585280418396,0.6838235294117647,0.8122270742358079,484.5152,,,,
0.629,0.3130781054496765,9.523809523809524e-05,9.565217391304348,2200,,,,,,,,
,,,9.565217391304348,2200,0.6239646673202515,0.6838235294117647,0.8122270742358079,490.0692,,,,
0.6357,0.371671199798584,7.142857142857142e-05,9.673913043478262,2225,,,,,,,,
,,,9.673913043478262,2225,0.6239559650421143,0.6838235294117647,0.8122270742358079,495.5803,,,,
0.6358,0.34118422865867615,4.761904761904762e-05,9.782608695652174,2250,,,,,,,,
,,,9.782608695652174,2250,0.6239722967147827,0.6838235294117647,0.8122270742358079,501.189,,,,
0.6407,0.373429536819458,2.380952380952381e-05,9.891304347826086,2275,,,,,,,,
,,,9.891304347826086,2275,0.6240459680557251,0.6838235294117647,0.8122270742358079,506.7907,,,,
0.654,1.014639139175415,0.0,10.0,2300,,,,,,,,
,,,10.0,2300,0.6240420341491699,0.6838235294117647,0.8122270742358079,512.4092,,,,
,,,10.0,2300,,,,512.0414,71.635,4.492,1460977291679136.0,0.6352092162940813
