loss,grad_norm,learning_rate,epoch,step,eval_loss,eval_accuracy,eval_f1,train_runtime,train_samples_per_second,train_steps_per_second,total_flos,train_loss
0.6963,1.442992925643921,2.5e-05,0.004347826086956522,1,,,,,,,,
0.6643,1.4960169792175293,0.000625,0.10869565217391304,25,,,,,,,,
,,,0.10869565217391304,25,0.6601002812385559,0.6838235294117647,0.8122270742358079,5.8559,,,,
0.7638,1.8601629734039307,0.00125,0.21739130434782608,50,,,,,,,,
,,,0.21739130434782608,50,0.6205911636352539,0.6838235294117647,0.8122270742358079,11.2277,,,,
0.697,1.3051795959472656,0.001875,0.32608695652173914,75,,,,,,,,
,,,0.32608695652173914,75,0.6150960922241211,0.6838235294117647,0.8122270742358079,16.7635,,,,
0.6192,0.8855750560760498,0.0025,0.43478260869565216,100,,,,,,,,
,,,0.43478260869565216,100,0.5790509581565857,0.7107843137254902,0.8228228228228228,22.1893,,,,
0.5525,2.433094024658203,0.003125,0.5434782608695652,125,,,,,,,,
,,,0.5434782608695652,125,0.6533200144767761,0.6985294117647058,0.8172362555720655,27.6415,,,,
0.6048,1.6487631797790527,0.00375,0.6521739130434783,150,,,,,,,,
,,,0.6521739130434783,150,0.5232447385787964,0.7426470588235294,0.8346456692913385,33.1038,,,,
0.6213,3.2814300060272217,0.004375,0.7608695652173914,175,,,,,,,,
,,,0.7608695652173914,175,0.49362465739250183,0.7745098039215687,0.8525641025641025,38.7006,,,,
0.5898,1.3783748149871826,0.005,0.8695652173913043,200,,,,,,,,
,,,0.8695652173913043,200,0.6040322780609131,0.6887254901960784,0.8135095447870779,44.2792,,,,
0.5971,4.516653537750244,0.0049404761904761904,0.9782608695652174,225,,,,,,,,
,,,0.9782608695652174,225,0.5257946252822876,0.7328431372549019,0.7841584158415842,49.7464,,,,
0.5649,1.6442592144012451,0.004880952380952381,1.0869565217391304,250,,,,,,,,
,,,1.0869565217391304,250,0.5019405484199524,0.7794117647058824,0.8566878980891721,55.0749,,,,
0.5222,1.8029520511627197,0.004821428571428572,1.1956521739130435,275,,,,,,,,
,,,1.1956521739130435,275,0.458814799785614,0.7671568627450981,0.8503937007874015,60.6587,,,,
0.5917,2.8067901134490967,0.0047619047619047615,1.3043478260869565,300,,,,,,,,
,,,1.3043478260869565,300,0.4668235778808594,0.7916666666666666,0.8644338118022328,66.1547,,,,
0.4316,2.370877981185913,0.004702380952380953,1.4130434782608696,325,,,,,,,,
,,,1.4130434782608696,325,0.43435782194137573,0.7843137254901961,0.8376383763837638,71.6907,,,,
0.4679,1.837212324142456,0.004642857142857143,1.5217391304347827,350,,,,,,,,
,,,1.5217391304347827,350,0.48899874091148376,0.7671568627450981,0.810379241516966,77.2274,,,,
0.583,2.322650194168091,0.004583333333333333,1.6304347826086958,375,,,,,,,,
,,,1.6304347826086958,375,0.43158623576164246,0.7965686274509803,0.8618968386023296,82.6662,,,,
0.5095,1.2712881565093994,0.004523809523809524,1.7391304347826086,400,,,,,,,,
,,,1.7391304347826086,400,0.4014691114425659,0.8235294117647058,0.8758620689655173,88.1125,,,,
0.5912,0.8631598353385925,0.004464285714285715,1.8478260869565217,425,,,,,,,,
,,,1.8478260869565217,425,0.751263439655304,0.6936274509803921,0.8169838945827232,93.6287,,,,
0.5645,1.7149137258529663,0.004404761904761904,1.9565217391304348,450,,,,,,,,
,,,1.9565217391304348,450,0.4143226146697998,0.7965686274509803,0.8641571194762684,99.1947,,,,
0.4663,0.9182707071304321,0.004345238095238096,2.0652173913043477,475,,,,,,,,
,,,2.0652173913043477,475,0.5235647559165955,0.7990196078431373,0.8673139158576052,104.4531,,,,
0.3891,3.4606573581695557,0.004285714285714286,2.1739130434782608,500,,,,,,,,
,,,2.1739130434782608,500,0.5186208486557007,0.8186274509803921,0.875,110.0021,,,,
0.4553,5.8669843673706055,0.004226190476190476,2.282608695652174,525,,,,,,,,
,,,2.282608695652174,525,0.4017389416694641,0.8284313725490197,0.8780487804878049,115.6203,,,,
0.4717,1.2219256162643433,0.004166666666666667,2.391304347826087,550,,,,,,,,
,,,2.391304347826087,550,0.38545021414756775,0.8333333333333334,0.8839590443686006,121.0819,,,,
0.455,5.0178728103637695,0.004107142857142857,2.5,575,,,,,,,,
,,,2.5,575,0.590003490447998,0.7573529411764706,0.8483920367534455,126.5195,,,,
0.3746,1.5507951974868774,0.004047619047619048,2.608695652173913,600,,,,,,,,
,,,2.608695652173913,600,0.41252997517585754,0.8382352941176471,0.8850174216027874,131.9457,,,,
0.4871,1.6894416809082031,0.0039880952380952385,2.717391304347826,625,,,,,,,,
,,,2.717391304347826,625,0.41088926792144775,0.8235294117647058,0.8771331058020477,137.5215,,,,
0.46,2.5838496685028076,0.003928571428571429,2.8260869565217392,650,,,,,,,,
,,,2.8260869565217392,650,0.36578676104545593,0.8259803921568627,0.8711433756805808,143.0007,,,,
0.3982,3.194977045059204,0.003869047619047619,2.9347826086956523,675,,,,,,,,
,,,2.9347826086956523,675,0.5568704605102539,0.803921568627451,0.8701298701298701,148.6197,,,,
0.4218,3.4792418479919434,0.0038095238095238095,3.0434782608695654,700,,,,,,,,
,,,3.0434782608695654,700,0.5428024530410767,0.8284313725490197,0.8856209150326797,153.861,,,,
0.3978,2.56917142868042,0.00375,3.1521739130434785,725,,,,,,,,
,,,3.1521739130434785,725,0.45232123136520386,0.8406862745098039,0.8849557522123894,159.3554,,,,
0.3538,2.405834197998047,0.0036904761904761906,3.260869565217391,750,,,,,,,,
,,,3.260869565217391,750,0.3862645626068115,0.8235294117647058,0.8709677419354839,164.8807,,,,
0.348,1.1729360818862915,0.003630952380952381,3.369565217391304,775,,,,,,,,
,,,3.369565217391304,775,0.4751797914505005,0.8284313725490197,0.8848684210526315,170.218,,,,
0.3815,2.7611911296844482,0.0035714285714285718,3.4782608695652173,800,,,,,,,,
,,,3.4782608695652173,800,0.3833119571208954,0.8504901960784313,0.8967851099830796,175.7351,,,,
0.423,1.609110713005066,0.0035119047619047617,3.5869565217391304,825,,,,,,,,
,,,3.5869565217391304,825,0.48135828971862793,0.8284313725490197,0.8863636363636362,181.2163,,,,
0.4014,2.5875964164733887,0.0034523809523809524,3.6956521739130435,850,,,,,,,,
,,,3.6956521739130435,850,0.39181768894195557,0.8455882352941176,0.891566265060241,186.8632,,,,
0.3462,3.1340951919555664,0.003392857142857143,3.8043478260869565,875,,,,,,,,
,,,3.8043478260869565,875,0.41846218705177307,0.8333333333333334,0.874538745387454,192.3298,,,,
0.4071,3.3458054065704346,0.003333333333333333,3.9130434782608696,900,,,,,,,,
,,,3.9130434782608696,900,0.3440091013908386,0.8480392156862745,0.8864468864468864,197.9152,,,,
0.3859,3.3051350116729736,0.003273809523809524,4.021739130434782,925,,,,,,,,
,,,4.021739130434782,925,0.34586337208747864,0.8602941176470589,0.9018932874354562,203.2485,,,,
0.3633,1.180619478225708,0.0032142857142857147,4.130434782608695,950,,,,,,,,
,,,4.130434782608695,950,0.4842807650566101,0.8406862745098039,0.8929159802306424,208.7453,,,,
0.3574,1.5271109342575073,0.0031547619047619046,4.239130434782608,975,,,,,,,,
,,,4.239130434782608,975,0.4294957220554352,0.8480392156862745,0.8963210702341137,214.1587,,,,
0.3841,1.8217723369598389,0.0030952380952380953,4.3478260869565215,1000,,,,,,,,
,,,4.3478260869565215,1000,0.3929614722728729,0.8455882352941176,0.893760539629005,219.5503,,,,
0.3455,2.8684325218200684,0.0030357142857142857,4.456521739130435,1025,,,,,,,,
,,,4.456521739130435,1025,0.354227215051651,0.8455882352941176,0.891566265060241,225.5896,,,,
0.3506,3.5115766525268555,0.002976190476190476,4.565217391304348,1050,,,,,,,,
,,,4.565217391304348,1050,0.48128342628479004,0.8602941176470589,0.9057851239669421,231.0644,,,,
0.4042,0.8529778122901917,0.002916666666666667,4.673913043478261,1075,,,,,,,,
,,,4.673913043478261,1075,0.36358270049095154,0.8480392156862745,0.8864468864468864,236.5544,,,,
0.2783,1.167736530303955,0.002857142857142857,4.782608695652174,1100,,,,,,,,
,,,4.782608695652174,1100,0.47201666235923767,0.8431372549019608,0.891891891891892,241.9989,,,,
0.3612,4.586333274841309,0.002797619047619048,4.891304347826087,1125,,,,,,,,
,,,4.891304347826087,1125,0.40898141264915466,0.8259803921568627,0.864244741873805,247.443,,,,
0.2843,0.1580444872379303,0.0027380952380952383,5.0,1150,,,,,,,,
,,,5.0,1150,0.4517920911312103,0.8406862745098039,0.8785046728971962,252.9797,,,,
0.264,0.6943452954292297,0.0026785714285714286,5.108695652173913,1175,,,,,,,,
,,,5.108695652173913,1175,0.4262925684452057,0.8455882352941176,0.8860759493670886,258.3361,,,,
0.3425,1.7475697994232178,0.0026190476190476194,5.217391304347826,1200,,,,,,,,
,,,5.217391304347826,1200,0.3666144013404846,0.8504901960784313,0.8942807625649914,263.8772,,,,
0.3067,1.4704800844192505,0.0025595238095238093,5.326086956521739,1225,,,,,,,,
,,,5.326086956521739,1225,0.438044011592865,0.8480392156862745,0.89198606271777,269.3412,,,,
0.3274,0.9161627888679504,0.0025,5.434782608695652,1250,,,,,,,,
,,,5.434782608695652,1250,0.3899409770965576,0.8406862745098039,0.8865619546247819,274.7712,,,,
0.2812,1.3588021993637085,0.0024404761904761904,5.543478260869565,1275,,,,,,,,
,,,5.543478260869565,1275,0.41796374320983887,0.8406862745098039,0.8849557522123894,280.1901,,,,
0.2968,2.1298701763153076,0.0023809523809523807,5.6521739130434785,1300,,,,,,,,
,,,5.6521739130434785,1300,0.4258498251438141,0.8308823529411765,0.8700564971751412,285.6026,,,,
0.2805,1.3897541761398315,0.0023214285714285715,5.760869565217392,1325,,,,,,,,
,,,5.760869565217392,1325,0.4782469570636749,0.8406862745098039,0.8816029143897995,291.1873,,,,
0.3587,1.2872062921524048,0.002261904761904762,5.869565217391305,1350,,,,,,,,
,,,5.869565217391305,1350,0.36524417996406555,0.8504901960784313,0.8939130434782607,296.6664,,,,
0.3196,1.564878225326538,0.002202380952380952,5.978260869565218,1375,,,,,,,,
,,,5.978260869565218,1375,0.5322012305259705,0.8431372549019608,0.8943894389438943,302.2751,,,,
0.2364,5.366969108581543,0.002142857142857143,6.086956521739131,1400,,,,,,,,
,,,6.086956521739131,1400,0.660498321056366,0.8308823529411765,0.8878048780487805,307.6132,,,,
0.2769,1.8543524742126465,0.0020833333333333333,6.195652173913044,1425,,,,,,,,
,,,6.195652173913044,1425,0.42416808009147644,0.8480392156862745,0.8956228956228957,313.2573,,,,
0.2881,5.360474586486816,0.002023809523809524,6.304347826086957,1450,,,,,,,,
,,,6.304347826086957,1450,0.42911919951438904,0.8504901960784313,0.8896925858951176,318.6383,,,,
0.2925,0.5429127216339111,0.0019642857142857144,6.413043478260869,1475,,,,,,,,
,,,6.413043478260869,1475,0.36422908306121826,0.8480392156862745,0.8884892086330936,324.1293,,,,
0.2993,2.0017855167388916,0.0019047619047619048,6.521739130434782,1500,,,,,,,,
,,,6.521739130434782,1500,0.4109809100627899,0.8382352941176471,0.88,329.5856,,,,
0.3248,1.7041159868240356,0.0018452380952380953,6.630434782608695,1525,,,,,,,,
,,,6.630434782608695,1525,0.4337989091873169,0.8455882352941176,0.8941176470588236,335.4649,,,,
0.2985,1.7011433839797974,0.0017857142857142859,6.739130434782608,1550,,,,,,,,
,,,6.739130434782608,1550,0.41583871841430664,0.8455882352941176,0.88268156424581,340.9118,,,,
0.2663,1.5146876573562622,0.0017261904761904762,6.8478260869565215,1575,,,,,,,,
,,,6.8478260869565215,1575,0.43853652477264404,0.8431372549019608,0.8857142857142857,346.3337,,,,
0.2967,0.8874744772911072,0.0016666666666666666,6.956521739130435,1600,,,,,,,,
,,,6.956521739130435,1600,0.3570101857185364,0.8602941176470589,0.9015544041450777,351.8464,,,,
0.2392,5.180257320404053,0.0016071428571428573,7.065217391304348,1625,,,,,,,,
,,,7.065217391304348,1625,0.4437805116176605,0.8406862745098039,0.8828828828828829,357.1497,,,,
0.292,1.0879141092300415,0.0015476190476190477,7.173913043478261,1650,,,,,,,,
,,,7.173913043478261,1650,0.37912723422050476,0.8480392156862745,0.8888888888888888,362.519,,,,
0.2357,1.3201923370361328,0.001488095238095238,7.282608695652174,1675,,,,,,,,
,,,7.282608695652174,1675,0.45159709453582764,0.8529411764705882,0.8986486486486487,367.994,,,,
0.2686,2.5150139331817627,0.0014285714285714286,7.391304347826087,1700,,,,,,,,
,,,7.391304347826087,1700,0.4410589933395386,0.8602941176470589,0.902229845626072,373.4617,,,,
0.2244,0.8377082347869873,0.0013690476190476191,7.5,1725,,,,,,,,
,,,7.5,1725,0.37219664454460144,0.8602941176470589,0.8980322003577819,379.0515,,,,
0.2448,1.9207900762557983,0.0013095238095238097,7.608695652173913,1750,,,,,,,,
,,,7.608695652173913,1750,0.37765374779701233,0.8553921568627451,0.8987993138936535,384.4843,,,,
0.2647,2.8242692947387695,0.00125,7.717391304347826,1775,,,,,,,,
,,,7.717391304347826,1775,0.4635409116744995,0.8480392156862745,0.8963210702341137,389.9532,,,,
0.2348,1.9551520347595215,0.0011904761904761904,7.826086956521739,1800,,,,,,,,
,,,7.826086956521739,1800,0.48194360733032227,0.8480392156862745,0.8952702702702703,395.3944,,,,
0.2403,1.0141240358352661,0.001130952380952381,7.934782608695652,1825,,,,,,,,
,,,7.934782608695652,1825,0.3885616362094879,0.8504901960784313,0.891651865008881,401.0012,,,,
0.2604,2.967609405517578,0.0010714285714285715,8.043478260869565,1850,,,,,,,,
,,,8.043478260869565,1850,0.3687305748462677,0.8578431372549019,0.8971631205673759,406.4441,,,,
0.2222,1.3036502599716187,0.001011904761904762,8.152173913043478,1875,,,,,,,,
,,,8.152173913043478,1875,0.4148987829685211,0.8406862745098039,0.8881239242685025,411.8515,,,,
0.1754,0.18952086567878723,0.0009523809523809524,8.26086956521739,1900,,,,,,,,
,,,8.26086956521739,1900,0.5280156135559082,0.8480392156862745,0.8952702702702703,417.3268,,,,
0.1919,2.0534794330596924,0.0008928571428571429,8.369565217391305,1925,,,,,,,,
,,,8.369565217391305,1925,0.43840569257736206,0.8553921568627451,0.897391304347826,422.8307,,,,
0.1939,0.5098947882652283,0.0008333333333333333,8.478260869565217,1950,,,,,,,,
,,,8.478260869565217,1950,0.42991113662719727,0.8578431372549019,0.8978873239436619,428.3295,,,,
0.1928,1.189452886581421,0.0007738095238095238,8.58695652173913,1975,,,,,,,,
,,,8.58695652173913,1975,0.47617048025131226,0.8529411764705882,0.896551724137931,433.7803,,,,
0.2394,0.5775676369667053,0.0007142857142857143,8.695652173913043,2000,,,,,,,,
,,,8.695652173913043,2000,0.42373067140579224,0.8553921568627451,0.897391304347826,439.2089,,,,
0.1983,1.7792960405349731,0.0006547619047619048,8.804347826086957,2025,,,,,,,,
,,,8.804347826086957,2025,0.4381925165653229,0.8578431372549019,0.8982456140350877,444.8958,,,,
0.2247,1.582206130027771,0.0005952380952380952,8.91304347826087,2050,,,,,,,,
,,,8.91304347826087,2050,0.44869157671928406,0.8602941176470589,0.9015544041450777,450.3457,,,,
0.2195,0.34211912751197815,0.0005357142857142857,9.021739130434783,2075,,,,,,,,
,,,9.021739130434783,2075,0.4333294630050659,0.8553921568627451,0.8966725043782837,455.6736,,,,
0.1925,1.7523829936981201,0.0004761904761904762,9.130434782608695,2100,,,,,,,,
,,,9.130434782608695,2100,0.43280884623527527,0.8504901960784313,0.8912655971479501,461.1525,,,,
0.1956,1.951940894126892,0.00041666666666666664,9.23913043478261,2125,,,,,,,,
,,,9.23913043478261,2125,0.44895657896995544,0.8578431372549019,0.8996539792387542,466.5305,,,,
0.1875,0.786228597164154,0.00035714285714285714,9.347826086956522,2150,,,,,,,,
,,,9.347826086956522,2150,0.4664379060268402,0.8602941176470589,0.902229845626072,472.0464,,,,
0.2217,1.4040719270706177,0.0002976190476190476,9.456521739130435,2175,,,,,,,,
,,,9.456521739130435,2175,0.4306451082229614,0.8553921568627451,0.897391304347826,477.4901,,,,
0.2117,0.9235854744911194,0.0002380952380952381,9.565217391304348,2200,,,,,,,,
,,,9.565217391304348,2200,0.42539745569229126,0.8553921568627451,0.897391304347826,482.945,,,,
0.2607,0.7137876749038696,0.00017857142857142857,9.673913043478262,2225,,,,,,,,
,,,9.673913043478262,2225,0.401591956615448,0.8602941176470589,0.9001751313485115,488.3457,,,,
0.2319,0.7731477618217468,0.00011904761904761905,9.782608695652174,2250,,,,,,,,
,,,9.782608695652174,2250,0.3912498652935028,0.8651960784313726,0.9033391915641477,493.7737,,,,
0.1727,1.7855528593063354,5.9523809523809524e-05,9.891304347826086,2275,,,,,,,,
,,,9.891304347826086,2275,0.398334264755249,0.8627450980392157,0.9017543859649123,499.3414,,,,
0.1594,0.06244838982820511,0.0,10.0,2300,,,,,,,,
,,,10.0,2300,0.4012283682823181,0.8627450980392157,0.9017543859649123,504.72,,,,
,,,10.0,2300,,,,504.3864,72.722,4.56,1451518284707232.0,0.3591720976518548
