loss,grad_norm,learning_rate,epoch,step,eval_loss,eval_accuracy,eval_f1,train_runtime,train_samples_per_second,train_steps_per_second,total_flos,train_loss
1.1672,4.064709186553955,1.99375e-05,0.0625,1,,,,,,,,
1.0329,4.112550258636475,1.9375e-05,0.625,10,,,,,,,,
,,,0.625,10,0.9662885665893555,0.42857142857142855,0.21956970232832299,5.8166,,,,
0.8856,4.068192481994629,1.8750000000000002e-05,1.25,20,,,,,,,,
,,,1.25,20,0.8265150189399719,0.6785714285714286,0.47391812865497074,11.5362,,,,
0.7448,5.157248020172119,1.8125e-05,1.875,30,,,,,,,,
,,,1.875,30,0.7768945693969727,0.6785714285714286,0.47391812865497074,17.002,,,,
0.6242,5.468109607696533,1.7500000000000002e-05,2.5,40,,,,,,,,
,,,2.5,40,0.7347863912582397,0.6964285714285714,0.486277269528501,22.4425,,,,
0.5167,5.074471950531006,1.6875e-05,3.125,50,,,,,,,,
,,,3.125,50,0.6024065613746643,0.7678571428571429,0.5356725146198831,27.9715,,,,
0.3872,10.318679809570312,1.6250000000000002e-05,3.75,60,,,,,,,,
,,,3.75,60,0.560811460018158,0.7857142857142857,0.5485863625564268,33.6006,,,,
0.2983,10.299081802368164,1.5625e-05,4.375,70,,,,,,,,
,,,4.375,70,0.4898558259010315,0.8035714285714286,0.5608391608391609,38.9545,,,,
0.1708,6.564644813537598,1.5000000000000002e-05,5.0,80,,,,,,,,
,,,5.0,80,0.4885091781616211,0.8214285714285714,0.5735930735930737,44.42,,,,
0.1229,5.083441257476807,1.4375e-05,5.625,90,,,,,,,,
,,,5.625,90,0.44573378562927246,0.8571428571428571,0.5994297933000713,50.3532,,,,
0.1384,1.1942214965820312,1.375e-05,6.25,100,,,,,,,,
,,,6.25,100,0.5464387536048889,0.7857142857142857,0.5467643467643467,55.7384,,,,
0.0666,0.3719458281993866,1.3125e-05,6.875,110,,,,,,,,
,,,6.875,110,0.35503292083740234,0.875,0.7868398268398269,61.1778,,,,
0.0852,6.2074384689331055,1.25e-05,7.5,120,,,,,,,,
,,,7.5,120,0.4047892391681671,0.8928571428571429,0.8530303030303029,66.1826,,,,
0.0201,2.6573660373687744,1.1875e-05,8.125,130,,,,,,,,
,,,8.125,130,0.4709489941596985,0.875,0.8770925492236968,71.9132,,,,
0.0118,0.7247076630592346,1.125e-05,8.75,140,,,,,,,,
,,,8.75,140,0.3433944582939148,0.9107142857142857,0.8653086419753087,77.9709,,,,
0.0183,0.3793190121650696,1.0625e-05,9.375,150,,,,,,,,
,,,9.375,150,0.23540781438350677,0.9464285714285714,0.9070987654320989,83.4693,,,,
0.0048,0.09195982664823532,1e-05,10.0,160,,,,,,,,
,,,10.0,160,0.30170759558677673,0.8928571428571429,0.890869939707149,88.9889,,,,
0.0045,0.09205111861228943,9.375000000000001e-06,10.625,170,,,,,,,,
,,,10.625,170,0.18151184916496277,0.9642857142857143,0.9502590921030638,94.8656,,,,
0.0031,0.06470996886491776,8.750000000000001e-06,11.25,180,,,,,,,,
,,,11.25,180,0.21477559208869934,0.9285714285714286,0.9236477807906379,100.3236,,,,
0.0023,0.042230017483234406,8.125000000000001e-06,11.875,190,,,,,,,,
,,,11.875,190,0.2061222493648529,0.9464285714285714,0.9370223978919632,106.2433,,,,
0.0021,0.0387854166328907,7.500000000000001e-06,12.5,200,,,,,,,,
,,,12.5,200,0.21713247895240784,0.9464285714285714,0.9370223978919632,111.6288,,,,
0.0019,0.03576291725039482,6.875e-06,13.125,210,,,,,,,,
,,,13.125,210,0.22598810493946075,0.9464285714285714,0.9370223978919632,117.0892,,,,
0.0018,0.0461573489010334,6.25e-06,13.75,220,,,,,,,,
,,,13.75,220,0.23285363614559174,0.9107142857142857,0.910154173312068,123.1258,,,,
0.0016,0.06006897985935211,5.625e-06,14.375,230,,,,,,,,
,,,14.375,230,0.2449251413345337,0.9107142857142857,0.910154173312068,129.0057,,,,
0.0017,0.04653928428888321,5e-06,15.0,240,,,,,,,,
,,,15.0,240,0.26015180349349976,0.8928571428571429,0.8964545211537995,134.3635,,,,
0.0015,0.0228771660476923,4.3750000000000005e-06,15.625,250,,,,,,,,
,,,15.625,250,0.2647446095943451,0.9107142857142857,0.9329917225068979,139.8946,,,,
0.0015,0.047054242342710495,3.7500000000000005e-06,16.25,260,,,,,,,,
,,,16.25,260,0.2685045897960663,0.9107142857142857,0.9329917225068979,145.6803,,,,
0.0014,0.03306344896554947,3.125e-06,16.875,270,,,,,,,,
,,,16.875,270,0.2719775140285492,0.9107142857142857,0.9329917225068979,151.3506,,,,
0.0016,0.029851477593183517,2.5e-06,17.5,280,,,,,,,,
,,,17.5,280,0.2867574691772461,0.9107142857142857,0.9329917225068979,157.2763,,,,
0.0014,0.02383628487586975,1.8750000000000003e-06,18.125,290,,,,,,,,
,,,18.125,290,0.2923281788825989,0.9107142857142857,0.9329917225068979,162.7236,,,,
0.0013,0.025270016863942146,1.25e-06,18.75,300,,,,,,,,
,,,18.75,300,0.29221105575561523,0.9107142857142857,0.9329917225068979,168.6192,,,,
0.0013,0.025604594498872757,6.25e-07,19.375,310,,,,,,,,
,,,19.375,310,0.2930637300014496,0.9107142857142857,0.9329917225068979,173.7248,,,,
0.0014,0.02542501501739025,0.0,20.0,320,,,,,,,,
,,,20.0,320,0.2925625741481781,0.9107142857142857,0.9329917225068979,179.4826,,,,
,,,20.0,320,,,,179.1098,27.916,1.787,446840583950880.0,0.16163590464857408
