loss,grad_norm,learning_rate,epoch,step,eval_loss,eval_accuracy,eval_f1,train_runtime,train_samples_per_second,train_steps_per_second,total_flos,train_loss
1.1672,4.064709186553955,4.0000000000000003e-07,0.0625,1,,,,,,,,
1.1368,5.354619979858398,4.000000000000001e-06,0.625,10,,,,,,,,
,,,0.625,10,1.1170661449432373,0.4107142857142857,0.1940928270042194,6.1287,,,,
1.0857,4.170182704925537,8.000000000000001e-06,1.25,20,,,,,,,,
,,,1.25,20,1.0721158981323242,0.4107142857142857,0.1940928270042194,11.9796,,,,
1.0264,3.9819183349609375,1.2e-05,1.875,30,,,,,,,,
,,,1.875,30,0.97332364320755,0.4107142857142857,0.1940928270042194,17.6383,,,,
0.8613,3.276155710220337,1.6000000000000003e-05,2.5,40,,,,,,,,
,,,2.5,40,0.8277869820594788,0.6785714285714286,0.47391812865497074,23.2433,,,,
0.737,5.361703872680664,2e-05,3.125,50,,,,,,,,
,,,3.125,50,0.8357247114181519,0.6785714285714286,0.47391812865497074,28.9238,,,,
0.6962,11.07442855834961,1.925925925925926e-05,3.75,60,,,,,,,,
,,,3.75,60,0.7598098516464233,0.6785714285714286,0.474468085106383,34.7221,,,,
0.4828,7.442418575286865,1.851851851851852e-05,4.375,70,,,,,,,,
,,,4.375,70,0.6887454986572266,0.7321428571428571,0.5106432748538011,40.1876,,,,
0.3131,7.103458881378174,1.7777777777777777e-05,5.0,80,,,,,,,,
,,,5.0,80,0.546367347240448,0.7857142857142857,0.5479709125029323,45.8662,,,,
0.1972,7.539813995361328,1.7037037037037038e-05,5.625,90,,,,,,,,
,,,5.625,90,0.7329269647598267,0.7678571428571429,0.5314217443249701,52.0174,,,,
0.1643,2.7761013507843018,1.6296296296296297e-05,6.25,100,,,,,,,,
,,,6.25,100,0.5778512954711914,0.8214285714285714,0.6762452107279694,57.5232,,,,
0.0983,0.5325567722320557,1.555555555555556e-05,6.875,110,,,,,,,,
,,,6.875,110,0.5849681496620178,0.8214285714285714,0.5740080779282489,63.1197,,,,
0.1405,9.934452056884766,1.4814814814814815e-05,7.5,120,,,,,,,,
,,,7.5,120,0.6564110517501831,0.8035714285714286,0.6653131536852467,68.3225,,,,
0.0925,2.9635825157165527,1.4074074074074075e-05,8.125,130,,,,,,,,
,,,8.125,130,0.3628113269805908,0.875,0.8113628236679918,74.2308,,,,
0.0591,1.7242847681045532,1.3333333333333333e-05,8.75,140,,,,,,,,
,,,8.75,140,0.43161675333976746,0.875,0.8788720538720538,80.4938,,,,
0.0694,6.23067045211792,1.2592592592592593e-05,9.375,150,,,,,,,,
,,,9.375,150,0.48992714285850525,0.8571428571428571,0.841901776384535,86.2228,,,,
0.0088,0.21828041970729828,1.1851851851851852e-05,10.0,160,,,,,,,,
,,,10.0,160,0.569806694984436,0.8571428571428571,0.8219238388729914,91.9217,,,,
0.0042,0.12928688526153564,1.1111111111111113e-05,10.625,170,,,,,,,,
,,,10.625,170,0.36628809571266174,0.8928571428571429,0.830775681341719,98.0748,,,,
0.0202,0.11420668661594391,1.037037037037037e-05,11.25,180,,,,,,,,
,,,11.25,180,0.7007179856300354,0.8571428571428571,0.8219238388729914,103.7081,,,,
0.0037,0.08030945807695389,9.62962962962963e-06,11.875,190,,,,,,,,
,,,11.875,190,0.7714541554450989,0.8392857142857143,0.785167453796554,109.8468,,,,
0.0026,0.098120778799057,8.888888888888888e-06,12.5,200,,,,,,,,
,,,12.5,200,0.6616917848587036,0.8392857142857143,0.7952928297755882,115.3936,,,,
0.0022,0.03821555897593498,8.148148148148148e-06,13.125,210,,,,,,,,
,,,13.125,210,0.6226039528846741,0.8571428571428571,0.8243542076741756,120.9952,,,,
0.0019,0.04361206665635109,7.4074074074074075e-06,13.75,220,,,,,,,,
,,,13.75,220,0.6238568425178528,0.875,0.8550256208119827,127.2155,,,,
0.0018,0.04924842342734337,6.666666666666667e-06,14.375,230,,,,,,,,
,,,14.375,230,0.6373705863952637,0.875,0.8550256208119827,133.288,,,,
0.0019,0.10855831950902939,5.925925925925926e-06,15.0,240,,,,,,,,
,,,15.0,240,0.6517772078514099,0.875,0.8550256208119827,138.7987,,,,
0.0017,0.024202585220336914,5.185185185185185e-06,15.625,250,,,,,,,,
,,,15.625,250,0.6452699303627014,0.875,0.8550256208119827,144.5756,,,,
0.0016,0.03614320978522301,4.444444444444444e-06,16.25,260,,,,,,,,
,,,16.25,260,0.64248126745224,0.875,0.8550256208119827,150.4842,,,,
0.0015,0.03779104724526405,3.7037037037037037e-06,16.875,270,,,,,,,,
,,,16.875,270,0.6470534205436707,0.875,0.8550256208119827,156.345,,,,
0.0016,0.032765429466962814,2.962962962962963e-06,17.5,280,,,,,,,,
,,,17.5,280,0.6530326008796692,0.875,0.8550256208119827,162.4207,,,,
0.0014,0.021964356303215027,2.222222222222222e-06,18.125,290,,,,,,,,
,,,18.125,290,0.6557024717330933,0.875,0.8550256208119827,168.0505,,,,
0.0014,0.020310327410697937,1.4814814814814815e-06,18.75,300,,,,,,,,
,,,18.75,300,0.6554293632507324,0.875,0.8550256208119827,174.1919,,,,
0.0014,0.04360896721482277,7.407407407407407e-07,19.375,310,,,,,,,,
,,,19.375,310,0.6564565896987915,0.875,0.8550256208119827,179.4285,,,,
0.0014,0.04130864888429642,0.0,20.0,320,,,,,,,,
,,,20.0,320,0.6568610072135925,0.875,0.8550256208119827,185.3358,,,,
,,,20.0,320,,,,184.8061,27.055,1.732,446840583950880.0,0.22571692543569952
