loss,grad_norm,learning_rate,epoch,step,eval_loss,eval_accuracy,eval_f1,train_runtime,train_samples_per_second,train_steps_per_second,total_flos,train_loss
1.1672,3.700619697570801,0.0001,0.0625,1,,,,,,,,
0.9588,2.0743346214294434,0.001,0.625,10,,,,,,,,
,,,0.625,10,0.9247660636901855,0.5,0.2222222222222222,4.3318,,,,
1.0376,3.2638607025146484,0.002,1.25,20,,,,,,,,
,,,1.25,20,0.9899187088012695,0.625,0.4288429555713946,8.3395,,,,
0.9209,2.507568120956421,0.003,1.875,30,,,,,,,,
,,,1.875,30,0.9470439553260803,0.44642857142857145,0.24476513865308433,12.1822,,,,
0.9839,4.005729675292969,0.004,2.5,40,,,,,,,,
,,,2.5,40,0.7346739172935486,0.7142857142857143,0.49806201550387597,16.0346,,,,
0.7597,1.9620511531829834,0.005,3.125,50,,,,,,,,
,,,3.125,50,0.8107220530509949,0.7321428571428571,0.5087064676616916,19.9097,,,,
0.8122,5.467599391937256,0.004814814814814814,3.75,60,,,,,,,,
,,,3.75,60,0.7593798637390137,0.7321428571428571,0.5087064676616916,23.8502,,,,
0.5981,1.4716529846191406,0.004629629629629629,4.375,70,,,,,,,,
,,,4.375,70,0.7920066118240356,0.7321428571428571,0.5087064676616916,27.6563,,,,
0.6391,1.283413290977478,0.0044444444444444444,5.0,80,,,,,,,,
,,,5.0,80,0.85068279504776,0.75,0.5236431399953413,31.4959,,,,
0.4476,2.305596351623535,0.0042592592592592595,5.625,90,,,,,,,,
,,,5.625,90,0.6046667098999023,0.7678571428571429,0.5373099415204677,35.6713,,,,
0.4121,2.413079261779785,0.004074074074074074,6.25,100,,,,,,,,
,,,6.25,100,0.5440820455551147,0.7857142857142857,0.6530158730158729,39.4795,,,,
0.243,0.8842710256576538,0.003888888888888889,6.875,110,,,,,,,,
,,,6.875,110,0.8497591018676758,0.75,0.5239825581395349,43.3089,,,,
0.5031,2.519920587539673,0.0037037037037037034,7.5,120,,,,,,,,
,,,7.5,120,0.6706196665763855,0.8214285714285714,0.8127184338457495,46.8093,,,,
0.3137,2.4589931964874268,0.0035185185185185185,8.125,130,,,,,,,,
,,,8.125,130,0.7894693613052368,0.7678571428571429,0.5376647834274952,50.8743,,,,
0.3601,2.618246078491211,0.003333333333333333,8.75,140,,,,,,,,
,,,8.75,140,0.6124585866928101,0.7678571428571429,0.7407407407407406,55.1994,,,,
0.3168,1.9662755727767944,0.003148148148148148,9.375,150,,,,,,,,
,,,9.375,150,0.7347766160964966,0.8214285714285714,0.7496628280942006,59.0361,,,,
0.2747,6.239006519317627,0.002962962962962963,10.0,160,,,,,,,,
,,,10.0,160,0.7879782915115356,0.7321428571428571,0.5995572009291522,62.8948,,,,
0.2636,2.836775064468384,0.002777777777777778,10.625,170,,,,,,,,
,,,10.625,170,0.8437279462814331,0.8035714285714286,0.664767331433998,67.1012,,,,
0.1221,1.469466209411621,0.0025925925925925925,11.25,180,,,,,,,,
,,,11.25,180,0.6347751617431641,0.8392857142857143,0.8139673571876961,70.9064,,,,
0.1584,2.4651057720184326,0.002407407407407407,11.875,190,,,,,,,,
,,,11.875,190,0.7789468169212341,0.8214285714285714,0.6774806892453952,75.0688,,,,
0.1042,0.31115269660949707,0.0022222222222222222,12.5,200,,,,,,,,
,,,12.5,200,0.6976286172866821,0.875,0.8836163836163836,78.8789,,,,
0.0725,0.7284291386604309,0.002037037037037037,13.125,210,,,,,,,,
,,,13.125,210,0.8067471385002136,0.8392857142857143,0.7625974025974026,82.7361,,,,
0.132,2.461942195892334,0.0018518518518518517,13.75,220,,,,,,,,
,,,13.75,220,0.6364550590515137,0.875,0.9083557951482479,86.9733,,,,
0.0457,0.7515086531639099,0.0016666666666666666,14.375,230,,,,,,,,
,,,14.375,230,0.6874955296516418,0.75,0.6770237641377558,91.1448,,,,
0.1146,2.9414172172546387,0.0014814814814814814,15.0,240,,,,,,,,
,,,15.0,240,0.7289634943008423,0.875,0.8789378057302586,94.997,,,,
0.1185,0.3224995732307434,0.0012962962962962963,15.625,250,,,,,,,,
,,,15.625,250,0.6371055245399475,0.8392857142857143,0.8523603695228409,98.8999,,,,
0.0826,1.4282923936843872,0.0011111111111111111,16.25,260,,,,,,,,
,,,16.25,260,0.6243489980697632,0.875,0.9083557951482479,102.9708,,,,
0.0461,1.397276759147644,0.0009259259259259259,16.875,270,,,,,,,,
,,,16.875,270,0.7067831158638,0.8214285714285714,0.7500262027041192,106.9402,,,,
0.0866,0.043077241629362106,0.0007407407407407407,17.5,280,,,,,,,,
,,,17.5,280,0.6967271566390991,0.8928571428571429,0.9215384615384616,111.1513,,,,
0.053,2.4006001949310303,0.0005555555555555556,18.125,290,,,,,,,,
,,,18.125,290,0.6904963254928589,0.8928571428571429,0.9215384615384616,114.9628,,,,
0.0376,0.2410116344690323,0.00037037037037037035,18.75,300,,,,,,,,
,,,18.75,300,0.6395313143730164,0.875,0.9079303675048355,119.1586,,,,
0.0236,0.6243751049041748,0.00018518518518518518,19.375,310,,,,,,,,
,,,19.375,310,0.6408038139343262,0.8571428571428571,0.8656985252729933,122.7406,,,,
0.0159,0.1998765915632248,0.0,20.0,320,,,,,,,,
,,,20.0,320,0.6443537473678589,0.8928571428571429,0.9212962962962963,126.7919,,,,
,,,20.0,320,,,,126.3154,39.583,2.533,449981890159680.0,0.3462214692030102
