loss,grad_norm,learning_rate,epoch,step,eval_loss,eval_accuracy,train_runtime,train_samples_per_second,train_steps_per_second,total_flos,train_loss
0.6925,0.6323341131210327,3.5e-06,0.00641025641025641,1,,,,,,,
0.6964,0.9415262937545776,0.000175,0.32051282051282054,50,,,,,,,
,,,0.32051282051282054,50,0.694455623626709,0.5270758122743683,22.2924,,,,
0.7022,1.087952733039856,0.00035,0.6410256410256411,100,,,,,,,
,,,0.6410256410256411,100,0.6892634034156799,0.5270758122743683,45.739,,,,
0.704,2.479236602783203,0.000525,0.9615384615384616,150,,,,,,,
,,,0.9615384615384616,150,0.6912096738815308,0.5270758122743683,69.0222,,,,
0.7028,3.1979665756225586,0.0007,1.282051282051282,200,,,,,,,
,,,1.282051282051282,200,0.6752620339393616,0.5812274368231047,92.3573,,,,
0.7059,1.1467863321304321,0.0006742647058823529,1.6025641025641026,250,,,,,,,
,,,1.6025641025641026,250,0.697636067867279,0.4729241877256318,115.0321,,,,
0.7025,1.3402589559555054,0.0006485294117647059,1.9230769230769231,300,,,,,,,
,,,1.9230769230769231,300,0.6990717053413391,0.4729241877256318,137.7598,,,,
0.7013,1.1961199045181274,0.0006227941176470587,2.2435897435897436,350,,,,,,,
,,,2.2435897435897436,350,0.7062965035438538,0.4729241877256318,160.0383,,,,
0.7103,0.4079606235027313,0.0005970588235294117,2.564102564102564,400,,,,,,,
,,,2.564102564102564,400,0.6964671015739441,0.4729241877256318,182.7395,,,,
0.6937,0.9188578128814697,0.0005713235294117647,2.8846153846153846,450,,,,,,,
,,,2.8846153846153846,450,0.6973465085029602,0.5270758122743683,205.8552,,,,
0.6951,0.6019953489303589,0.0005455882352941177,3.2051282051282053,500,,,,,,,
,,,3.2051282051282053,500,0.692024290561676,0.5270758122743683,228.5578,,,,
0.6981,0.8060587644577026,0.0005198529411764706,3.5256410256410255,550,,,,,,,
,,,3.5256410256410255,550,0.6917558908462524,0.5270758122743683,251.3552,,,,
0.6939,0.5271926522254944,0.0004941176470588236,3.8461538461538463,600,,,,,,,
,,,3.8461538461538463,600,0.6940744519233704,0.4729241877256318,274.2121,,,,
0.6973,0.8180442452430725,0.00046838235294117644,4.166666666666667,650,,,,,,,
,,,4.166666666666667,650,0.6938117742538452,0.4729241877256318,297.4357,,,,
0.6956,0.9103786945343018,0.0004426470588235294,4.487179487179487,700,,,,,,,
,,,4.487179487179487,700,0.69920414686203,0.4729241877256318,320.165,,,,
0.694,1.0833450555801392,0.00041691176470588234,4.8076923076923075,750,,,,,,,
,,,4.8076923076923075,750,0.6971607208251953,0.4729241877256318,342.682,,,,
0.6998,0.9283944964408875,0.0003911764705882353,5.128205128205128,800,,,,,,,
,,,5.128205128205128,800,0.692279577255249,0.5270758122743683,365.4245,,,,
0.7045,0.6576518416404724,0.00036544117647058824,5.448717948717949,850,,,,,,,
,,,5.448717948717949,850,0.6919321417808533,0.5270758122743683,388.8442,,,,
0.6967,0.547633171081543,0.0003397058823529412,5.769230769230769,900,,,,,,,
,,,5.769230769230769,900,0.6941667199134827,0.4729241877256318,411.6091,,,,
0.6935,0.2895953059196472,0.00031397058823529414,6.089743589743589,950,,,,,,,
,,,6.089743589743589,950,0.6926407217979431,0.5270758122743683,434.2106,,,,
0.697,2.0004351139068604,0.00028823529411764703,6.410256410256411,1000,,,,,,,
,,,6.410256410256411,1000,0.6988404393196106,0.4729241877256318,457.1225,,,,
0.695,0.29660090804100037,0.0002625,6.730769230769231,1050,,,,,,,
,,,6.730769230769231,1050,0.6948485374450684,0.4729241877256318,480.3134,,,,
0.6945,1.5895037651062012,0.00023676470588235296,7.051282051282051,1100,,,,,,,
,,,7.051282051282051,1100,0.6924030184745789,0.5270758122743683,503.5917,,,,
0.6945,0.9202972650527954,0.00021102941176470586,7.371794871794872,1150,,,,,,,
,,,7.371794871794872,1150,0.6931115984916687,0.5270758122743683,526.9243,,,,
0.6936,0.8095012307167053,0.00018529411764705883,7.6923076923076925,1200,,,,,,,
,,,7.6923076923076925,1200,0.6929826140403748,0.5270758122743683,549.2472,,,,
0.6964,0.985186755657196,0.00015955882352941176,8.012820512820513,1250,,,,,,,
,,,8.012820512820513,1250,0.6942841410636902,0.4729241877256318,572.2343,,,,
0.6922,0.9083254337310791,0.0001338235294117647,8.333333333333334,1300,,,,,,,
,,,8.333333333333334,1300,0.6926565766334534,0.5270758122743683,594.8016,,,,
0.6953,0.5544524788856506,0.00010808823529411764,8.653846153846153,1350,,,,,,,
,,,8.653846153846153,1350,0.6918280720710754,0.5270758122743683,617.373,,,,
0.6928,0.5318242311477661,8.235294117647058e-05,8.974358974358974,1400,,,,,,,
,,,8.974358974358974,1400,0.6944714188575745,0.4729241877256318,640.0216,,,,
0.6959,0.3406069278717041,5.661764705882353e-05,9.294871794871796,1450,,,,,,,
,,,9.294871794871796,1450,0.6928184032440186,0.5270758122743683,662.528,,,,
0.6942,0.42839449644088745,3.0882352941176475e-05,9.615384615384615,1500,,,,,,,
,,,9.615384615384615,1500,0.6923184990882874,0.5270758122743683,685.5321,,,,
0.6935,0.44642651081085205,5.147058823529411e-06,9.935897435897436,1550,,,,,,,
,,,9.935897435897436,1550,0.6926174163818359,0.5270758122743683,708.7042,,,,
,,,10.0,1560,,,712.1251,34.966,2.191,2153708313140160.0,0.6974610303839047
