loss,grad_norm,learning_rate,epoch,step,eval_loss,eval_accuracy,eval_f1,train_runtime,train_samples_per_second,train_steps_per_second,total_flos,train_loss
1.1838,4.284961700439453,1e-05,0.0625,1,,,,,,,,
1.1012,3.5235841274261475,0.0001,0.625,10,,,,,,,,
,,,0.625,10,1.0551503896713257,0.4107142857142857,0.1940928270042194,4.8,,,,
0.9659,3.260422468185425,0.0002,1.25,20,,,,,,,,
,,,1.25,20,0.9404846429824829,0.4107142857142857,0.1940928270042194,9.2705,,,,
0.8872,2.298781156539917,0.0003,1.875,30,,,,,,,,
,,,1.875,30,0.9008355736732483,0.5,0.24617886178861784,13.6005,,,,
0.9528,1.1565169095993042,0.0004,2.5,40,,,,,,,,
,,,2.5,40,0.882655680179596,0.7321428571428571,0.5064836003051106,17.9043,,,,
0.7971,2.4690871238708496,0.0005,3.125,50,,,,,,,,
,,,3.125,50,0.8286194205284119,0.6964285714285714,0.48646125116713357,22.2622,,,,
0.8051,2.100069284439087,0.00048148148148148144,3.75,60,,,,,,,,
,,,3.75,60,0.7220226526260376,0.7142857142857143,0.49976359338061477,26.7426,,,,
0.636,2.85917329788208,0.000462962962962963,4.375,70,,,,,,,,
,,,4.375,70,0.751606822013855,0.6785714285714286,0.47478301665493783,30.9116,,,,
0.6009,2.3872790336608887,0.0004444444444444444,5.0,80,,,,,,,,
,,,5.0,80,0.6923133730888367,0.6964285714285714,0.4872514619883041,35.2504,,,,
0.5001,2.5351080894470215,0.00042592592592592595,5.625,90,,,,,,,,
,,,5.625,90,0.5988718867301941,0.7321428571428571,0.5103785103785105,40.0136,,,,
0.4337,2.6607666015625,0.0004074074074074074,6.25,100,,,,,,,,
,,,6.25,100,0.5147812962532043,0.7321428571428571,0.5103785103785105,44.2456,,,,
0.2747,0.9222981333732605,0.0003888888888888889,6.875,110,,,,,,,,
,,,6.875,110,0.5169991850852966,0.8392857142857143,0.5867612293144208,48.5416,,,,
0.2048,0.917712390422821,0.00037037037037037035,7.5,120,,,,,,,,
,,,7.5,120,0.38468679785728455,0.8392857142857143,0.7439506172839506,52.5465,,,,
0.1355,1.322213888168335,0.0003518518518518519,8.125,130,,,,,,,,
,,,8.125,130,0.5628385543823242,0.8571428571428571,0.693121693121693,57.0914,,,,
0.0766,0.18026317656040192,0.0003333333333333333,8.75,140,,,,,,,,
,,,8.75,140,0.3842587471008301,0.875,0.8396296296296297,61.9173,,,,
0.0843,1.5503602027893066,0.0003148148148148148,9.375,150,,,,,,,,
,,,9.375,150,0.2917485535144806,0.8928571428571429,0.7999087623258588,66.3029,,,,
0.0549,0.18176060914993286,0.0002962962962962963,10.0,160,,,,,,,,
,,,10.0,160,0.2528460919857025,0.8928571428571429,0.8519659076769939,70.6524,,,,
0.0083,0.03841150552034378,0.0002777777777777778,10.625,170,,,,,,,,
,,,10.625,170,0.33104339241981506,0.8571428571428571,0.5994297933000713,75.4104,,,,
0.0607,1.0024882555007935,0.00025925925925925926,11.25,180,,,,,,,,
,,,11.25,180,0.2917293906211853,0.9107142857142857,0.8800417972831767,79.7196,,,,
0.0258,0.01048747356981039,0.00024074074074074072,11.875,190,,,,,,,,
,,,11.875,190,0.21131786704063416,0.9107142857142857,0.8650793650793651,84.4325,,,,
0.0111,0.027687883004546165,0.0002222222222222222,12.5,200,,,,,,,,
,,,12.5,200,0.25206685066223145,0.9107142857142857,0.8650793650793651,88.7039,,,,
0.0114,0.01828770712018013,0.0002037037037037037,13.125,210,,,,,,,,
,,,13.125,210,0.20094099640846252,0.9464285714285714,0.9309263496906518,92.9935,,,,
0.0089,0.2897053360939026,0.00018518518518518518,13.75,220,,,,,,,,
,,,13.75,220,0.22316648066043854,0.9107142857142857,0.8650793650793651,97.7989,,,,
0.0051,0.005393895786255598,0.00016666666666666666,14.375,230,,,,,,,,
,,,14.375,230,0.22774846851825714,0.9285714285714286,0.877846211272863,102.4721,,,,
0.0054,0.06218035891652107,0.00014814814814814815,15.0,240,,,,,,,,
,,,15.0,240,0.21071915328502655,0.9464285714285714,0.9309263496906518,106.6806,,,,
0.004,0.0472639761865139,0.00012962962962962963,15.625,250,,,,,,,,
,,,15.625,250,0.20437955856323242,0.9285714285714286,0.8950310559006213,111.1004,,,,
0.0039,0.21913176774978638,0.0001111111111111111,16.25,260,,,,,,,,
,,,16.25,260,0.20682726800441742,0.9285714285714286,0.8950310559006213,115.6555,,,,
0.0049,0.02283322997391224,9.259259259259259e-05,16.875,270,,,,,,,,
,,,16.875,270,0.21552035212516785,0.9107142857142857,0.8650793650793651,120.1273,,,,
0.0048,0.016048207879066467,7.407407407407407e-05,17.5,280,,,,,,,,
,,,17.5,280,0.22479386627674103,0.9285714285714286,0.877846211272863,124.8251,,,,
0.0074,1.1889163255691528,5.555555555555555e-05,18.125,290,,,,,,,,
,,,18.125,290,0.23307497799396515,0.9285714285714286,0.8774952919020715,129.131,,,,
0.0028,0.08747263252735138,3.7037037037037037e-05,18.75,300,,,,,,,,
,,,18.75,300,0.2432037740945816,0.9464285714285714,0.9308622952690748,133.8221,,,,
0.0043,0.024010060355067253,1.8518518518518518e-05,19.375,310,,,,,,,,
,,,19.375,310,0.23866990208625793,0.9464285714285714,0.9308622952690748,137.8504,,,,
0.0022,0.028302008286118507,0.0,20.0,320,,,,,,,,
,,,20.0,320,0.23693455755710602,0.9464285714285714,0.9308622952690748,142.3876,,,,
,,,20.0,320,,,,141.9303,35.229,2.255,474551269876800.0,0.27157211644225754
