loss,grad_norm,learning_rate,epoch,step,eval_loss,eval_accuracy,eval_f1,train_runtime,train_samples_per_second,train_steps_per_second,total_flos,train_loss
1.1672,4.064709186553955,1e-05,0.0625,1,,,,,,,,
0.9871,3.9427523612976074,0.0001,0.625,10,,,,,,,,
,,,0.625,10,0.8836261034011841,0.6785714285714286,0.47391812865497074,6.0065,,,,
0.8895,7.982526779174805,0.0002,1.25,20,,,,,,,,
,,,1.25,20,0.9071241021156311,0.5714285714285714,0.3793363499245852,11.7351,,,,
0.8026,9.639726638793945,0.0003,1.875,30,,,,,,,,
,,,1.875,30,0.8282976150512695,0.7142857142857143,0.49642769154964284,17.2843,,,,
0.6255,38.73274230957031,0.0004,2.5,40,,,,,,,,
,,,2.5,40,1.3957048654556274,0.6964285714285714,0.48469868173258,22.761,,,,
0.8352,12.8931303024292,0.0005,3.125,50,,,,,,,,
,,,3.125,50,0.8715415596961975,0.6607142857142857,0.4587813620071684,28.3134,,,,
0.9498,1.5932613611221313,0.00048148148148148144,3.75,60,,,,,,,,
,,,3.75,60,0.9717455506324768,0.5,0.2222222222222222,33.957,,,,
0.9429,1.1636266708374023,0.000462962962962963,4.375,70,,,,,,,,
,,,4.375,70,0.9447592496871948,0.5,0.2222222222222222,39.2539,,,,
0.8899,1.420296549797058,0.0004444444444444444,5.0,80,,,,,,,,
,,,5.0,80,1.1860917806625366,0.4107142857142857,0.1940928270042194,44.7298,,,,
0.9233,2.1920621395111084,0.00042592592592592595,5.625,90,,,,,,,,
,,,5.625,90,1.1088742017745972,0.4107142857142857,0.1940928270042194,50.6922,,,,
1.0208,2.6649088859558105,0.0004074074074074074,6.25,100,,,,,,,,
,,,6.25,100,1.0612553358078003,0.5,0.2222222222222222,56.0101,,,,
1.0558,7.914548873901367,0.0003888888888888889,6.875,110,,,,,,,,
,,,6.875,110,1.1678924560546875,0.5,0.2222222222222222,61.4245,,,,
1.0756,3.134229898452759,0.00037037037037037035,7.5,120,,,,,,,,
,,,7.5,120,0.9378116726875305,0.5,0.2222222222222222,66.4573,,,,
0.9707,1.335999846458435,0.0003518518518518519,8.125,130,,,,,,,,
,,,8.125,130,0.9922192692756653,0.5,0.2222222222222222,72.1727,,,,
0.9579,4.176311016082764,0.0003333333333333333,8.75,140,,,,,,,,
,,,8.75,140,1.0679222345352173,0.4107142857142857,0.1940928270042194,78.2453,,,,
0.9762,2.634214162826538,0.0003148148148148148,9.375,150,,,,,,,,
,,,9.375,150,0.9409924745559692,0.5,0.2222222222222222,83.7726,,,,
0.8986,2.1786866188049316,0.0002962962962962963,10.0,160,,,,,,,,
,,,10.0,160,0.9306890368461609,0.5,0.2222222222222222,89.2786,,,,
0.8225,0.9264097213745117,0.0002777777777777778,10.625,170,,,,,,,,
,,,10.625,170,0.9798417687416077,0.4107142857142857,0.1940928270042194,95.2581,,,,
1.0142,1.66587233543396,0.00025925925925925926,11.25,180,,,,,,,,
,,,11.25,180,0.9374141097068787,0.5,0.2222222222222222,100.7106,,,,
0.8905,0.6886141300201416,0.00024074074074074072,11.875,190,,,,,,,,
,,,11.875,190,0.949436366558075,0.4107142857142857,0.1940928270042194,106.6872,,,,
0.9143,4.686141014099121,0.0002222222222222222,12.5,200,,,,,,,,
,,,12.5,200,0.970212996006012,0.4107142857142857,0.1940928270042194,112.0655,,,,
0.8784,0.7651259303092957,0.0002037037037037037,13.125,210,,,,,,,,
,,,13.125,210,0.9410437941551208,0.4107142857142857,0.1940928270042194,117.5282,,,,
0.9129,2.2622604370117188,0.00018518518518518518,13.75,220,,,,,,,,
,,,13.75,220,0.9573054909706116,0.4107142857142857,0.1940928270042194,123.5835,,,,
0.8962,0.9202840328216553,0.00016666666666666666,14.375,230,,,,,,,,
,,,14.375,230,0.9308783411979675,0.5,0.2222222222222222,129.4963,,,,
0.946,1.3106582164764404,0.00014814814814814815,15.0,240,,,,,,,,
,,,15.0,240,0.9366804957389832,0.4107142857142857,0.1940928270042194,134.8369,,,,
0.8766,1.3393865823745728,0.00012962962962962963,15.625,250,,,,,,,,
,,,15.625,250,0.944706380367279,0.4107142857142857,0.1940928270042194,140.4125,,,,
0.895,0.9186334609985352,0.0001111111111111111,16.25,260,,,,,,,,
,,,16.25,260,0.9415322542190552,0.5,0.2222222222222222,146.1967,,,,
0.8715,2.6045079231262207,9.259259259259259e-05,16.875,270,,,,,,,,
,,,16.875,270,0.9439814686775208,0.5,0.2222222222222222,151.8873,,,,
0.9483,1.291930079460144,7.407407407407407e-05,17.5,280,,,,,,,,
,,,17.5,280,0.9375167489051819,0.4107142857142857,0.1940928270042194,157.7997,,,,
0.86,1.7108972072601318,5.555555555555555e-05,18.125,290,,,,,,,,
,,,18.125,290,0.9358176589012146,0.5,0.2222222222222222,163.2885,,,,
0.8995,1.0496304035186768,3.7037037037037037e-05,18.75,300,,,,,,,,
,,,18.75,300,0.9369892477989197,0.5,0.2222222222222222,169.2563,,,,
0.903,1.4022046327590942,1.8518518518518518e-05,19.375,310,,,,,,,,
,,,19.375,310,0.933955192565918,0.5,0.2222222222222222,174.3563,,,,
0.8797,3.7078771591186523,0.0,20.0,320,,,,,,,,
,,,20.0,320,0.9341491460800171,0.5,0.2222222222222222,180.0933,,,,
,,,20.0,320,,,,179.5969,27.84,1.782,446840583950880.0,0.9133806344121694
