name,acc_avg,f1_avg,both_avg,acc_max,f1_max,both_max,seeds_list,epoch_acc_avg,epoch_f1_avg,epoch_both_avg
exp-fullft,0.8901960784313726,0.9204881253928047,0.905293377685046,0.9068627450980392,0.9321428571428572,0.9195028011204482,"[42, 1, 2, 3, 4]",4.26,4.826,5.108
exp-lora-r8-a8,0.8867647058823529,0.9185453692531299,0.9025515066522598,0.8946078431372549,0.9244288224956064,0.9095183328164307,"[42, 1, 2, 3, 4]",4.914,5.696,5.9799999999999995
exp-lora-low-lr,0.8419117647058824,0.884875983061101,0.8633938738834918,0.8431372549019608,0.8877192982456141,0.8654282765737875,"[42, 1]",6.359999999999999,6.359999999999999,6.359999999999999
exp-lora-high-lr,0.7487745098039216,0.8358484700222208,0.7922606731490827,0.7818627450980392,0.8494077834179357,0.8156352642579874,"[42, 1]",0.54,0.49,0.54
exp-lora-r8-a16,0.8911764705882353,0.9211196300805105,0.9061480503343728,0.8995098039215687,0.9270833333333334,0.9129505931636568,"[42, 1, 2, 3, 4]",5.37,6.564,6.564
exp-lora-r16-a16,0.8941176470588236,0.923989744245762,0.9090536956522929,0.9044117647058824,0.9302325581395348,0.9173221614227085,"[42, 1, 2, 3, 4]",6.197999999999999,6.3919999999999995,6.3919999999999995
exp-lora-r16-a32,0.8921568627450981,0.922728405270607,0.9074426340078526,0.8970588235294118,0.926056338028169,0.9115575807787903,"[42, 1, 2, 3, 4]",5.066,6.522,6.522
exp-lora-r4-a4,0.8882352941176471,0.9187552506347846,0.9034952723762156,0.8946078431372549,0.922242314647378,0.9084250788923165,"[42, 1, 2, 3, 4]",7.2620000000000005,7.544,7.544
exp-lora-r4-a8,0.8848039215686274,0.9177932299228242,0.9012985757457258,0.8946078431372549,0.925217391304348,0.9099126172208014,"[42, 1]",3.97,4.675,4.675
exp-lora-r4-a16,0.8909313725490196,0.9226595571229295,0.9067954648359746,0.8995098039215687,0.9289428076256498,0.9142263057736093,"[42, 1]",7.61,8.59,8.59
exp-lora-r4-a32,0.8909313725490196,0.9226867312000677,0.9068090518745436,0.8970588235294118,0.926829268292683,0.9119440459110474,"[42, 1]",6.305,6.6850000000000005,6.6850000000000005
exp-lora-r2-a2,0.8811274509803921,0.9148995190785605,0.8978767191404982,0.8823529411764706,0.9165247018739352,0.8982133313291245,"[42, 1]",6.305,4.35,6.305
exp-lora-r2-a4,0.8799019607843137,0.9120191213293876,0.8954016309792721,0.8823529411764706,0.9130434782608696,0.8976982097186701,"[42, 1]",4.785,5.545,4.785
exp-lora-r2-a8,0.883578431372549,0.9145319049836981,0.8987232942659227,0.8848039215686274,0.9157894736842104,0.8999064815799738,"[42, 1]",7.01,5.27,7.01
exp-lora-r1-a1,0.8811274509803921,0.9139182141147422,0.8975228325475672,0.8823529411764706,0.915492957746479,0.8989229494614748,"[42, 1]",8.045,8.045,8.045
exp-lora-r1-a4,0.8848039215686274,0.9182275785295969,0.9015157500491122,0.8872549019607843,0.9209621993127148,0.9041085506367496,"[42, 1]",4.89,7.23,7.23
exp-lora-r1-a8,0.8897058823529411,0.9207335217973516,0.9052197020751463,0.8970588235294118,0.9265734265734265,0.9118161250514192,"[42, 1]",8.475000000000001,8.475000000000001,8.475000000000001
exp-lora-r1-a16,0.8995098039215687,0.9278646446861012,0.913687224303835,0.9068627450980392,0.9323843416370108,0.919623543367525,"[42, 1]",5.105,5.54,5.54
exp-lora-r8-a4,0.8848039215686274,0.9166750503018108,0.9007394859352191,0.8872549019607843,0.9178571428571428,0.9025560224089635,"[42, 1]",6.6850000000000005,8.045,8.045
exp-lora-r8-a2,0.8860294117647058,0.9178781468937607,0.9015872582356338,0.8921568627450981,0.92226148409894,0.9072091734220191,"[42, 1]",7.5,6.959999999999999,8.1
exp-lora-r16-a8,0.892156862745098,0.921435883045113,0.9067963728951055,0.8946078431372549,0.9228007181328548,0.9087042806350549,"[42, 1]",8.64,8.64,8.64
exp-lora-r16-a4,0.8897058823529411,0.9195031374055578,0.9046045098792495,0.8921568627450981,0.9197080291970804,0.9059324459710892,"[42, 1]",7.335,7.99,7.99
exp-lora-r16-a2,0.8933823529411764,0.923098575691043,0.9082404643161098,0.8970588235294118,0.9247311827956988,0.9108950031625553,"[42, 1]",7.445,7.445,7.445
exp-lora-r2-a16,0.8872549019607843,0.9190050466849355,0.9031299743228599,0.8872549019607843,0.9198606271777002,0.9035577645692423,"[42, 1]",5.33,6.25,6.25
exp-lora-r4-a2,0.892156862745098,0.9232170268755633,0.9076869448103307,0.8970588235294118,0.9265734265734265,0.9118161250514192,"[42, 1]",6.25,6.25,6.25
exp-lora-r16-a64,0.9004901960784313,0.9282576984641595,0.9143739472712955,0.9117647058823528,0.9357142857142856,0.9237394957983192,"[42, 1, 2, 3, 4]",5.522,5.522,5.522
exp-lora-r16-a128,0.8936274509803923,0.9221599263526619,0.907893688666527,0.9068627450980392,0.9316546762589928,0.919258710678516,"[42, 1, 2, 3, 4]",6.3020000000000005,6.3020000000000005,6.3020000000000005
exp-lora-r32-a16,0.8995098039215688,0.9268825952102506,0.9131961995659097,0.9019607843137256,0.9295774647887324,0.9157691245512289,"[42, 1]",5.4350000000000005,5.4350000000000005,5.4350000000000005
exp-lora-r32-a32,0.8897058823529412,0.9213859546165883,0.9055459184847647,0.9019607843137256,0.9295774647887324,0.9157691245512289,"[42, 1]",4.890000000000001,4.890000000000001,4.890000000000001
exp-lora-r64-a16,0.8958333333333334,0.9236984295308791,0.9097472487018523,0.9019607843137256,0.927536231884058,0.9147485080988917,"[42, 1]",7.390000000000001,5.87,7.390000000000001
exp-lora-r128-a16,0.9007352941176472,0.9290121180837205,0.9148737061006837,0.9019607843137256,0.9295774647887324,0.9157691245512289,"[42, 1]",5.545,5.545,5.545
exp-lora-q-v-k,0.8929738562091504,0.9228881371560126,0.9079309966825816,0.8946078431372549,0.9244288224956064,0.9095183328164307,"[42, 1, 2]",5.723333333333334,5.723333333333334,5.723333333333334
exp-lora-q-v-k-dense,0.8929738562091504,0.9228881371560126,0.9079309966825816,0.8946078431372549,0.9244288224956064,0.9095183328164307,"[42, 1, 2]",5.723333333333334,5.723333333333334,5.723333333333334
exp-lora-q,0.8815359477124183,0.9161351017395211,0.8988355247259697,0.8970588235294118,0.9270833333333334,0.9120710784313726,"[42, 1, 2]",6.16,6.27,6.27
exp-lora-v,0.8946078431372548,0.9250651489322781,0.9098364960347665,0.9044117647058824,0.9316987740805605,0.9180552693932214,"[42, 1, 2]",5.216666666666667,5.216666666666667,5.216666666666667
exp-lora-q-k,0.8831699346405228,0.9166273773107014,0.8998986559756122,0.8897058823529411,0.92091388400703,0.9053098831799855,"[42, 1, 2]",7.789999999999999,8.37,8.37
exp-lora-v-k,0.897875816993464,0.9262386375646482,0.912057227279056,0.909313725490196,0.9345132743362832,0.9219134999132396,"[42, 1, 2]",7.136666666666667,7.206666666666666,7.206666666666666
exp-lora-r8-a32,0.9031862745098039,0.9306196196443107,0.9169029470770573,0.9142156862745098,0.9387040280210158,0.9264598571477628,"[42, 1]",8.26,8.26,8.26
exp-lora-r32-a8,0.8897058823529411,0.9211979192226529,0.905451900787797,0.8921568627450981,0.9225352112676056,0.9073460370063519,"[42, 1]",7.445,7.665,7.665
exp-lora-r8-a64,0.892156862745098,0.9218573010699425,0.9070070819075202,0.8946078431372549,0.9228007181328548,0.9087042806350549,"[42, 1]",6.465,6.465,6.465
exp-lora-r64-a8,0.8933823529411764,0.9226769911504424,0.9080296720458094,0.8970588235294118,0.925,0.911029411764706,"[42, 1]",7.065,7.34,7.34
exp-lora-r64-a64,0.9044117647058822,0.9312465585948801,0.9178291616503812,0.909313725490196,0.9340463458110516,0.9216800356506238,"[42, 1]",7.99,7.99,7.99
exp-lora-r64-a32,0.8958333333333334,0.925490991323157,0.9106621623282452,0.8995098039215687,0.9284467713787086,0.9139782876501386,"[42, 1]",6.359999999999999,6.359999999999999,6.359999999999999
exp-lora-r32-a64,0.9031862745098039,0.9303940929527785,0.9167901837312912,0.9068627450980392,0.933098591549296,0.9199806683236675,"[42, 1]",4.4,5.324999999999999,5.324999999999999
exp-lora-r128-a128,0.8958333333333334,0.925490991323157,0.9106621623282452,0.8995098039215687,0.9284467713787086,0.9139782876501386,"[42, 1]",6.359999999999999,6.359999999999999,6.359999999999999
exp-lora-r64-a128,0.8897058823529411,0.9218750000000001,0.9057904411764707,0.8970588235294118,0.9270833333333334,0.9120710784313726,"[42, 1]",7.715,7.715,7.715
exp-lora-r128-a64,0.9056372549019608,0.933090766350625,0.9193640106262929,0.9068627450980392,0.9344827586206896,0.9206727518593645,"[42, 1]",8.48,8.48,8.48
exp-lora-r32-a128,0.6838235294117647,0.8122270742358079,0.7480253018237863,0.6838235294117647,0.8122270742358079,0.7480253018237863,"[42, 1]",0.11,0.11,0.11
exp-lora-r128-a32,0.8860294117647058,0.9180078864917025,0.901982208967503,0.8897058823529411,0.919931856899489,0.9047459893048128,"[42, 1]",6.74,7.665,8.425
