loss,grad_norm,learning_rate,epoch,step,eval_loss,eval_accuracy,train_runtime,train_samples_per_second,train_steps_per_second,total_flos,train_loss
0.6875,0.6307670474052429,3.5e-06,0.00641025641025641,1,,,,,,,
0.6974,0.8723304867744446,0.000175,0.32051282051282054,50,,,,,,,
,,,0.32051282051282054,50,0.6936327219009399,0.5270758122743683,22.0374,,,,
0.702,1.4857892990112305,0.00035,0.6410256410256411,100,,,,,,,
,,,0.6410256410256411,100,0.6884699463844299,0.5270758122743683,45.4072,,,,
0.7015,3.809562921524048,0.000525,0.9615384615384616,150,,,,,,,
,,,0.9615384615384616,150,0.7397143244743347,0.5270758122743683,68.4266,,,,
0.7023,4.522167205810547,0.0007,1.282051282051282,200,,,,,,,
,,,1.282051282051282,200,0.743208110332489,0.5487364620938628,91.3439,,,,
0.7203,0.6357518434524536,0.0006742647058823529,1.6025641025641026,250,,,,,,,
,,,1.6025641025641026,250,0.6901684403419495,0.5270758122743683,113.8943,,,,
0.684,1.0595124959945679,0.0006485294117647059,1.9230769230769231,300,,,,,,,
,,,1.9230769230769231,300,0.7033243775367737,0.5523465703971119,136.5837,,,,
0.6425,1.7733453512191772,0.0006227941176470587,2.2435897435897436,350,,,,,,,
,,,2.2435897435897436,350,0.6159425377845764,0.6750902527075813,158.7367,,,,
0.6506,3.211336612701416,0.0005970588235294117,2.564102564102564,400,,,,,,,
,,,2.564102564102564,400,0.6037529110908508,0.7003610108303249,181.4518,,,,
0.6161,2.873849630355835,0.0005713235294117647,2.8846153846153846,450,,,,,,,
,,,2.8846153846153846,450,0.6923523545265198,0.6534296028880866,204.4623,,,,
0.537,3.20096492767334,0.0005455882352941177,3.2051282051282053,500,,,,,,,
,,,3.2051282051282053,500,0.663984477519989,0.6750902527075813,227.1575,,,,
0.5274,5.650625705718994,0.0005198529411764706,3.5256410256410255,550,,,,,,,
,,,3.5256410256410255,550,0.5760696530342102,0.7184115523465704,250.0217,,,,
0.5124,4.488281726837158,0.0004941176470588236,3.8461538461538463,600,,,,,,,
,,,3.8461538461538463,600,0.6792230606079102,0.6859205776173285,272.6807,,,,
0.4265,1.868321180343628,0.00046838235294117644,4.166666666666667,650,,,,,,,
,,,4.166666666666667,650,0.6296125650405884,0.7075812274368231,295.8409,,,,
0.3552,5.507708549499512,0.0004426470588235294,4.487179487179487,700,,,,,,,
,,,4.487179487179487,700,0.6571995615959167,0.7256317689530686,318.4102,,,,
0.3603,3.844651937484741,0.00041691176470588234,4.8076923076923075,750,,,,,,,
,,,4.8076923076923075,750,0.6958580613136292,0.7364620938628159,340.9514,,,,
0.3132,1.4586657285690308,0.0003911764705882353,5.128205128205128,800,,,,,,,
,,,5.128205128205128,800,0.8056932687759399,0.7328519855595668,363.6738,,,,
0.2508,3.87587308883667,0.00036544117647058824,5.448717948717949,850,,,,,,,
,,,5.448717948717949,850,0.8179857730865479,0.7545126353790613,386.939,,,,
0.1946,3.455157518386841,0.0003397058823529412,5.769230769230769,900,,,,,,,
,,,5.769230769230769,900,0.8046480417251587,0.740072202166065,409.7113,,,,
0.233,0.6977781653404236,0.00031397058823529414,6.089743589743589,950,,,,,,,
,,,6.089743589743589,950,0.9531217217445374,0.7256317689530686,432.1524,,,,
0.1525,3.5100436210632324,0.00028823529411764703,6.410256410256411,1000,,,,,,,
,,,6.410256410256411,1000,1.099144458770752,0.740072202166065,454.7804,,,,
0.1403,3.6450905799865723,0.0002625,6.730769230769231,1050,,,,,,,
,,,6.730769230769231,1050,1.0734871625900269,0.7617328519855595,478.4906,,,,
0.159,1.1658083200454712,0.00023676470588235296,7.051282051282051,1100,,,,,,,
,,,7.051282051282051,1100,0.9812592267990112,0.7545126353790613,501.7263,,,,
0.0847,1.8414700031280518,0.00021102941176470586,7.371794871794872,1150,,,,,,,
,,,7.371794871794872,1150,1.2650010585784912,0.7472924187725631,525.1693,,,,
0.0957,6.524390697479248,0.00018529411764705883,7.6923076923076925,1200,,,,,,,
,,,7.6923076923076925,1200,1.4215705394744873,0.740072202166065,547.4083,,,,
0.0709,0.07128281146287918,0.00015955882352941176,8.012820512820513,1250,,,,,,,
,,,8.012820512820513,1250,1.424121618270874,0.7725631768953068,570.2691,,,,
0.0689,0.8059984445571899,0.0001338235294117647,8.333333333333334,1300,,,,,,,
,,,8.333333333333334,1300,1.3748301267623901,0.7725631768953068,592.8508,,,,
0.0434,0.0078909145668149,0.00010808823529411764,8.653846153846153,1350,,,,,,,
,,,8.653846153846153,1350,1.44163978099823,0.7653429602888087,615.415,,,,
0.0741,1.5117725133895874,8.235294117647058e-05,8.974358974358974,1400,,,,,,,
,,,8.974358974358974,1400,1.4159133434295654,0.7653429602888087,637.7649,,,,
0.0649,1.2167202234268188,5.661764705882353e-05,9.294871794871796,1450,,,,,,,
,,,9.294871794871796,1450,1.4345297813415527,0.7545126353790613,660.3015,,,,
0.0188,10.879274368286133,3.0882352941176475e-05,9.615384615384615,1500,,,,,,,
,,,9.615384615384615,1500,1.5204136371612549,0.7581227436823105,683.2919,,,,
0.0466,1.4826490879058838,5.147058823529411e-06,9.935897435897436,1550,,,,,,,
,,,9.935897435897436,1550,1.4759129285812378,0.7581227436823105,706.5633,,,,
,,,10.0,1560,,,709.9792,35.071,2.197,2157310710406080.0,0.3480349410420809
