loss,grad_norm,learning_rate,epoch,step,eval_loss,eval_accuracy,train_runtime,train_samples_per_second,train_steps_per_second,total_flos,train_loss
0.6875,0.6307601928710938,3.5e-06,0.00641025641025641,1,,,,,,,
0.6974,0.8616625070571899,0.000175,0.32051282051282054,50,,,,,,,
,,,0.32051282051282054,50,0.6933284997940063,0.5270758122743683,22.0664,,,,
0.7022,1.5866694450378418,0.00035,0.6410256410256411,100,,,,,,,
,,,0.6410256410256411,100,0.6884651780128479,0.5270758122743683,45.5589,,,,
0.7007,5.189578533172607,0.000525,0.9615384615384616,150,,,,,,,
,,,0.9615384615384616,150,0.8375945687294006,0.5270758122743683,68.8422,,,,
0.7048,3.6011900901794434,0.0007,1.282051282051282,200,,,,,,,
,,,1.282051282051282,200,0.6980067491531372,0.5379061371841155,91.8292,,,,
0.6963,1.2019304037094116,0.0006742647058823529,1.6025641025641026,250,,,,,,,
,,,1.6025641025641026,250,0.6302149891853333,0.6606498194945848,114.4996,,,,
0.6631,1.1473228931427002,0.0006485294117647059,1.9230769230769231,300,,,,,,,
,,,1.9230769230769231,300,0.7115514874458313,0.5415162454873647,137.3807,,,,
0.5708,1.8234131336212158,0.0006227941176470587,2.2435897435897436,350,,,,,,,
,,,2.2435897435897436,350,0.5473388433456421,0.7220216606498195,159.7072,,,,
0.5734,3.2233939170837402,0.0005970588235294117,2.564102564102564,400,,,,,,,
,,,2.564102564102564,400,0.5801745057106018,0.6642599277978339,182.6409,,,,
0.5675,5.189806938171387,0.0005713235294117647,2.8846153846153846,450,,,,,,,
,,,2.8846153846153846,450,0.7213138341903687,0.6895306859205776,205.7578,,,,
0.4906,4.061348915100098,0.0005455882352941177,3.2051282051282053,500,,,,,,,
,,,3.2051282051282053,500,0.5644004344940186,0.7328519855595668,228.4465,,,,
0.4434,2.5029046535491943,0.0005198529411764706,3.5256410256410255,550,,,,,,,
,,,3.5256410256410255,550,0.5310156941413879,0.7436823104693141,251.4972,,,,
0.4019,2.784940719604492,0.0004941176470588236,3.8461538461538463,600,,,,,,,
,,,3.8461538461538463,600,0.6439263820648193,0.7256317689530686,274.2827,,,,
0.3253,2.52558970451355,0.00046838235294117644,4.166666666666667,650,,,,,,,
,,,4.166666666666667,650,0.678740382194519,0.7581227436823105,297.4871,,,,
0.2783,5.574740409851074,0.0004426470588235294,4.487179487179487,700,,,,,,,
,,,4.487179487179487,700,0.8129822015762329,0.740072202166065,320.1533,,,,
0.2777,4.414759159088135,0.00041691176470588234,4.8076923076923075,750,,,,,,,
,,,4.8076923076923075,750,0.8691763877868652,0.7148014440433214,342.672,,,,
0.2531,4.498993873596191,0.0003911764705882353,5.128205128205128,800,,,,,,,
,,,5.128205128205128,800,0.7625296115875244,0.7725631768953068,365.4196,,,,
0.2072,3.8503711223602295,0.00036544117647058824,5.448717948717949,850,,,,,,,
,,,5.448717948717949,850,0.7629073858261108,0.7725631768953068,388.8076,,,,
0.1596,0.9022693037986755,0.0003397058823529412,5.769230769230769,900,,,,,,,
,,,5.769230769230769,900,1.048965573310852,0.7509025270758123,411.6674,,,,
0.1928,2.901380777359009,0.00031397058823529414,6.089743589743589,950,,,,,,,
,,,6.089743589743589,950,1.170297622680664,0.7436823104693141,434.1814,,,,
0.0753,17.692832946777344,0.00028823529411764703,6.410256410256411,1000,,,,,,,
,,,6.410256410256411,1000,1.9751842021942139,0.7328519855595668,456.8762,,,,
0.1529,10.841136932373047,0.0002625,6.730769230769231,1050,,,,,,,
,,,6.730769230769231,1050,1.2442669868469238,0.7545126353790613,480.4847,,,,
0.1024,13.028882026672363,0.00023676470588235296,7.051282051282051,1100,,,,,,,
,,,7.051282051282051,1100,1.314518928527832,0.776173285198556,503.8242,,,,
0.0784,1.09080171585083,0.00021102941176470586,7.371794871794872,1150,,,,,,,
,,,7.371794871794872,1150,1.5016818046569824,0.7509025270758123,527.2497,,,,
0.0583,12.162654876708984,0.00018529411764705883,7.6923076923076925,1200,,,,,,,
,,,7.6923076923076925,1200,1.7558283805847168,0.7436823104693141,549.5303,,,,
0.0622,0.03121591918170452,0.00015955882352941176,8.012820512820513,1250,,,,,,,
,,,8.012820512820513,1250,1.8777068853378296,0.7436823104693141,572.5273,,,,
0.054,1.1965206861495972,0.0001338235294117647,8.333333333333334,1300,,,,,,,
,,,8.333333333333334,1300,1.7326645851135254,0.7617328519855595,595.0804,,,,
0.0261,0.4756467938423157,0.00010808823529411764,8.653846153846153,1350,,,,,,,
,,,8.653846153846153,1350,1.7862683534622192,0.7653429602888087,617.6475,,,,
0.0428,0.4916236996650696,8.235294117647058e-05,8.974358974358974,1400,,,,,,,
,,,8.974358974358974,1400,1.8436506986618042,0.7653429602888087,640.1098,,,,
0.0634,0.07556964457035065,5.661764705882353e-05,9.294871794871796,1450,,,,,,,
,,,9.294871794871796,1450,1.8471723794937134,0.7545126353790613,662.5806,,,,
0.0193,3.9698879718780518,3.0882352941176475e-05,9.615384615384615,1500,,,,,,,
,,,9.615384615384615,1500,1.8000404834747314,0.7581227436823105,685.5701,,,,
0.002,0.008143876679241657,5.147058823529411e-06,9.935897435897436,1550,,,,,,,
,,,9.935897435897436,1550,1.8355203866958618,0.7581227436823105,709.086,,,,
,,,10.0,1560,,,712.4848,34.948,2.19,2157310710406080.0,0.3091195502246802
