loss,grad_norm,learning_rate,epoch,step,eval_loss,eval_accuracy,train_runtime,train_samples_per_second,train_steps_per_second,total_flos,train_loss
0.6752,1.1237156391143799,3.5e-06,0.00641025641025641,1,,,,,,,
0.6993,0.6835470199584961,0.000175,0.32051282051282054,50,,,,,,,
,,,0.32051282051282054,50,0.6943898797035217,0.5270758122743683,21.3245,,,,
0.7076,1.7254581451416016,0.00035,0.6410256410256411,100,,,,,,,
,,,0.6410256410256411,100,0.6910346150398254,0.5054151624548736,43.883,,,,
0.7039,3.781763792037964,0.000525,0.9615384615384616,150,,,,,,,
,,,0.9615384615384616,150,0.6932801604270935,0.5270758122743683,66.2351,,,,
0.7014,3.3144924640655518,0.0007,1.282051282051282,200,,,,,,,
,,,1.282051282051282,200,0.6902344822883606,0.5270758122743683,88.5147,,,,
0.7126,0.5447598099708557,0.0006742647058823529,1.6025641025641026,250,,,,,,,
,,,1.6025641025641026,250,0.7091299295425415,0.4729241877256318,110.2579,,,,
0.6958,0.9918404221534729,0.0006485294117647059,1.9230769230769231,300,,,,,,,
,,,1.9230769230769231,300,0.6952600479125977,0.4729241877256318,132.1547,,,,
0.7017,0.5273609757423401,0.0006227941176470587,2.2435897435897436,350,,,,,,,
,,,2.2435897435897436,350,0.6951870918273926,0.4729241877256318,153.547,,,,
0.7053,1.1487313508987427,0.0005970588235294117,2.564102564102564,400,,,,,,,
,,,2.564102564102564,400,0.6974658370018005,0.4729241877256318,175.4184,,,,
0.6928,0.987817645072937,0.0005713235294117647,2.8846153846153846,450,,,,,,,
,,,2.8846153846153846,450,0.7013465762138367,0.5270758122743683,197.5419,,,,
0.6947,1.0767555236816406,0.0005455882352941177,3.2051282051282053,500,,,,,,,
,,,3.2051282051282053,500,0.6918730735778809,0.5270758122743683,219.3736,,,,
0.7081,0.4842333197593689,0.0005198529411764706,3.5256410256410255,550,,,,,,,
,,,3.5256410256410255,550,0.6918707489967346,0.5270758122743683,241.465,,,,
0.6987,0.9024311304092407,0.0004941176470588236,3.8461538461538463,600,,,,,,,
,,,3.8461538461538463,600,0.6923041939735413,0.5270758122743683,263.2362,,,,
0.6958,0.7690514326095581,0.00046838235294117644,4.166666666666667,650,,,,,,,
,,,4.166666666666667,650,0.6919049620628357,0.5270758122743683,285.617,,,,
0.6965,1.251531720161438,0.0004426470588235294,4.487179487179487,700,,,,,,,
,,,4.487179487179487,700,0.6994951963424683,0.4729241877256318,307.3307,,,,
0.6946,1.8330739736557007,0.00041691176470588234,4.8076923076923075,750,,,,,,,
,,,4.8076923076923075,750,0.6935843229293823,0.4729241877256318,328.8371,,,,
0.6944,0.3429649770259857,0.0003911764705882353,5.128205128205128,800,,,,,,,
,,,5.128205128205128,800,0.6919891834259033,0.5270758122743683,350.7553,,,,
0.6992,0.7598322033882141,0.00036544117647058824,5.448717948717949,850,,,,,,,
,,,5.448717948717949,850,0.6940035223960876,0.4729241877256318,373.2113,,,,
0.6981,0.786625325679779,0.0003397058823529412,5.769230769230769,900,,,,,,,
,,,5.769230769230769,900,0.6990728974342346,0.4729241877256318,395.0943,,,,
0.6951,0.719609260559082,0.00031397058823529414,6.089743589743589,950,,,,,,,
,,,6.089743589743589,950,0.6949425339698792,0.4729241877256318,416.719,,,,
0.6926,1.4298187494277954,0.00028823529411764703,6.410256410256411,1000,,,,,,,
,,,6.410256410256411,1000,0.699030339717865,0.4729241877256318,438.4658,,,,
0.6931,0.561738908290863,0.0002625,6.730769230769231,1050,,,,,,,
,,,6.730769230769231,1050,0.6949679851531982,0.4729241877256318,461.0453,,,,
0.6958,1.0418883562088013,0.00023676470588235296,7.051282051282051,1100,,,,,,,
,,,7.051282051282051,1100,0.6926447153091431,0.5270758122743683,483.4469,,,,
0.6946,0.49581190943717957,0.00021102941176470586,7.371794871794872,1150,,,,,,,
,,,7.371794871794872,1150,0.691870927810669,0.5270758122743683,505.9389,,,,
0.6943,1.1274954080581665,0.00018529411764705883,7.6923076923076925,1200,,,,,,,
,,,7.6923076923076925,1200,0.6934284567832947,0.4729241877256318,527.3019,,,,
0.6952,1.0620756149291992,0.00015955882352941176,8.012820512820513,1250,,,,,,,
,,,8.012820512820513,1250,0.6932337880134583,0.4729241877256318,549.2468,,,,
0.6937,0.6731542944908142,0.0001338235294117647,8.333333333333334,1300,,,,,,,
,,,8.333333333333334,1300,0.6920745968818665,0.5270758122743683,570.9294,,,,
0.695,0.4300875663757324,0.00010808823529411764,8.653846153846153,1350,,,,,,,
,,,8.653846153846153,1350,0.6926460266113281,0.5270758122743683,592.5348,,,,
0.694,0.5315611958503723,8.235294117647058e-05,8.974358974358974,1400,,,,,,,
,,,8.974358974358974,1400,0.6930838227272034,0.5270758122743683,614.0726,,,,
0.6925,0.3047522306442261,5.661764705882353e-05,9.294871794871796,1450,,,,,,,
,,,9.294871794871796,1450,0.6924464702606201,0.5270758122743683,635.6879,,,,
0.6926,0.5671320557594299,3.0882352941176475e-05,9.615384615384615,1500,,,,,,,
,,,9.615384615384615,1500,0.6927808523178101,0.5270758122743683,657.6736,,,,
0.6933,0.8068811297416687,5.147058823529411e-06,9.935897435897436,1550,,,,,,,
,,,9.935897435897436,1550,0.6932632923126221,0.4729241877256318,680.4109,,,,
,,,10.0,1560,,,683.6414,36.423,2.282,2150105915874240.0,0.6974689891705146
