loss,grad_norm,learning_rate,epoch,step,eval_loss,eval_accuracy,train_runtime,train_samples_per_second,train_steps_per_second,total_flos,train_loss
1.7446,1.1521445512771606,1e-05,0.00641025641025641,1,,,,,,,
1.5645,0.6485201716423035,0.0005,0.32051282051282054,50,,,,,,,
,,,0.32051282051282054,50,1.0845457315444946,0.5270758122743683,21.986,,,,
0.8186,1.2419099807739258,0.001,0.6410256410256411,100,,,,,,,
,,,0.6410256410256411,100,0.7008681297302246,0.5306859205776173,45.1313,,,,
0.7269,3.26808762550354,0.0015,0.9615384615384616,150,,,,,,,
,,,0.9615384615384616,150,0.7168789505958557,0.5270758122743683,67.9866,,,,
0.7268,2.732651472091675,0.002,1.282051282051282,200,,,,,,,
,,,1.282051282051282,200,0.7095351219177246,0.5270758122743683,90.7546,,,,
0.7178,1.458964228630066,0.0019264705882352942,1.6025641025641026,250,,,,,,,
,,,1.6025641025641026,250,0.71331787109375,0.5270758122743683,113.2336,,,,
0.7261,0.6990557909011841,0.0018529411764705885,1.9230769230769231,300,,,,,,,
,,,1.9230769230769231,300,0.7231612801551819,0.5126353790613718,135.7927,,,,
0.7058,2.7861034870147705,0.0017794117647058822,2.2435897435897436,350,,,,,,,
,,,2.2435897435897436,350,0.7122858166694641,0.5848375451263538,157.6251,,,,
0.6986,0.7869773507118225,0.0017058823529411764,2.564102564102564,400,,,,,,,
,,,2.564102564102564,400,0.6437920928001404,0.6462093862815884,180.1155,,,,
0.6878,1.6129562854766846,0.0016323529411764706,2.8846153846153846,450,,,,,,,
,,,2.8846153846153846,450,0.7284843325614929,0.555956678700361,202.9145,,,,
0.6489,2.7290148735046387,0.0015588235294117648,3.2051282051282053,500,,,,,,,
,,,3.2051282051282053,500,0.6263019442558289,0.6931407942238267,225.4759,,,,
0.6304,1.9307302236557007,0.0014852941176470588,3.5256410256410255,550,,,,,,,
,,,3.5256410256410255,550,0.6085349917411804,0.6823104693140795,248.1949,,,,
0.5987,1.8595154285430908,0.001411764705882353,3.8461538461538463,600,,,,,,,
,,,3.8461538461538463,600,0.6154135465621948,0.6931407942238267,270.6261,,,,
0.5436,2.0209786891937256,0.001338235294117647,4.166666666666667,650,,,,,,,
,,,4.166666666666667,650,0.5327561497688293,0.7292418772563177,293.4932,,,,
0.5609,1.1485651731491089,0.0012647058823529412,4.487179487179487,700,,,,,,,
,,,4.487179487179487,700,0.5569672584533691,0.7364620938628159,315.783,,,,
0.5627,3.2173194885253906,0.0011911764705882352,4.8076923076923075,750,,,,,,,
,,,4.8076923076923075,750,0.5536804795265198,0.7256317689530686,337.9499,,,,
0.5499,2.576695442199707,0.0011176470588235294,5.128205128205128,800,,,,,,,
,,,5.128205128205128,800,0.5335961580276489,0.7617328519855595,360.2653,,,,
0.5059,1.7435173988342285,0.0010441176470588236,5.448717948717949,850,,,,,,,
,,,5.448717948717949,850,0.5040155053138733,0.7472924187725631,383.3506,,,,
0.4722,1.1259673833847046,0.0009705882352941176,5.769230769230769,900,,,,,,,
,,,5.769230769230769,900,0.5793923139572144,0.7256317689530686,405.9106,,,,
0.5688,1.0976496934890747,0.0008970588235294118,6.089743589743589,950,,,,,,,
,,,6.089743589743589,950,0.5533338785171509,0.7184115523465704,428.1882,,,,
0.4605,1.2495251893997192,0.0008235294117647058,6.410256410256411,1000,,,,,,,
,,,6.410256410256411,1000,0.549263596534729,0.7472924187725631,450.7878,,,,
0.4601,1.2055162191390991,0.00075,6.730769230769231,1050,,,,,,,
,,,6.730769230769231,1050,0.5186554193496704,0.740072202166065,474.1757,,,,
0.4428,1.3247365951538086,0.0006764705882352942,7.051282051282051,1100,,,,,,,
,,,7.051282051282051,1100,0.5348393321037292,0.7436823104693141,497.2,,,,
0.3494,3.5129566192626953,0.0006029411764705882,7.371794871794872,1150,,,,,,,
,,,7.371794871794872,1150,0.5482527017593384,0.7870036101083032,520.4508,,,,
0.3926,2.7367751598358154,0.0005294117647058824,7.6923076923076925,1200,,,,,,,
,,,7.6923076923076925,1200,0.5316025614738464,0.7725631768953068,542.4172,,,,
0.4078,1.7662423849105835,0.00045588235294117646,8.012820512820513,1250,,,,,,,
,,,8.012820512820513,1250,0.4824103116989136,0.779783393501805,564.9965,,,,
0.3438,2.4065911769866943,0.00038235294117647055,8.333333333333334,1300,,,,,,,
,,,8.333333333333334,1300,0.5857616662979126,0.7581227436823105,587.3892,,,,
0.3423,2.342294216156006,0.0003088235294117647,8.653846153846153,1350,,,,,,,
,,,8.653846153846153,1350,0.5201689600944519,0.776173285198556,609.688,,,,
0.3137,1.877548098564148,0.00023529411764705883,8.974358974358974,1400,,,,,,,
,,,8.974358974358974,1400,0.5541149973869324,0.776173285198556,631.8934,,,,
0.2673,3.8092894554138184,0.00016176470588235295,9.294871794871796,1450,,,,,,,
,,,9.294871794871796,1450,0.5702279806137085,0.779783393501805,654.208,,,,
0.2193,2.8470916748046875,8.823529411764706e-05,9.615384615384615,1500,,,,,,,
,,,9.615384615384615,1500,0.6354461908340454,0.7833935018050542,676.8442,,,,
0.2771,3.420654058456421,1.4705882352941177e-05,9.935897435897436,1550,,,,,,,
,,,9.935897435897436,1550,0.6198386549949646,0.7870036101083032,700.0165,,,,
,,,10.0,1560,,,703.3073,35.404,2.218,2131204763617920.0,0.5563720124654281
