loss,grad_norm,learning_rate,epoch,step,eval_loss,eval_accuracy,eval_f1,train_runtime,train_samples_per_second,train_steps_per_second,total_flos,train_loss
1.7617,0.887170672416687,1e-05,0.004347826086956522,1,,,,,,,,
1.6834,3.0045664310455322,0.00025,0.10869565217391304,25,,,,,,,,
,,,0.10869565217391304,25,1.521567940711975,0.6838235294117647,0.8122270742358079,7.1342,,,,
1.3751,0.6127194762229919,0.0005,0.21739130434782608,50,,,,,,,,
,,,0.21739130434782608,50,0.9991897940635681,0.6838235294117647,0.8122270742358079,13.9984,,,,
0.7766,1.6984570026397705,0.00075,0.32608695652173914,75,,,,,,,,
,,,0.32608695652173914,75,0.6796846389770508,0.6838235294117647,0.8122270742358079,20.8914,,,,
0.6799,1.7078125476837158,0.001,0.43478260869565216,100,,,,,,,,
,,,0.43478260869565216,100,0.6256986260414124,0.6838235294117647,0.8122270742358079,27.739,,,,
0.6403,1.806097388267517,0.00125,0.5434782608695652,125,,,,,,,,
,,,0.5434782608695652,125,0.6201808452606201,0.6838235294117647,0.8122270742358079,34.5695,,,,
0.6355,2.0290422439575195,0.0015,0.6521739130434783,150,,,,,,,,
,,,0.6521739130434783,150,0.6099947690963745,0.6985294117647058,0.8177777777777778,41.3693,,,,
0.669,1.336279034614563,0.00175,0.7608695652173914,175,,,,,,,,
,,,0.7608695652173914,175,0.5915799140930176,0.7034313725490197,0.819672131147541,48.4392,,,,
0.6342,1.0431509017944336,0.002,0.8695652173913043,200,,,,,,,,
,,,0.8695652173913043,200,0.5695419311523438,0.7083333333333334,0.8215892053973014,55.3006,,,,
0.6303,1.604727864265442,0.0019761904761904764,0.9782608695652174,225,,,,,,,,
,,,0.9782608695652174,225,0.6061745285987854,0.7573529411764706,0.8260105448154658,62.2748,,,,
0.5757,2.2913308143615723,0.0019523809523809524,1.0869565217391304,250,,,,,,,,
,,,1.0869565217391304,250,0.7500033378601074,0.6176470588235294,0.6195121951219512,68.8813,,,,
0.6601,0.3997681438922882,0.0019285714285714286,1.1956521739130435,275,,,,,,,,
,,,1.1956521739130435,275,0.5753558278083801,0.696078431372549,0.8165680473372782,75.8406,,,,
0.563,1.8864656686782837,0.0019047619047619048,1.3043478260869565,300,,,,,,,,
,,,1.3043478260869565,300,0.454860657453537,0.8014705882352942,0.8610634648370498,82.7143,,,,
0.5091,2.2466483116149902,0.001880952380952381,1.4130434782608696,325,,,,,,,,
,,,1.4130434782608696,325,0.47097426652908325,0.8063725490196079,0.8596802841918295,89.7333,,,,
0.529,2.9136085510253906,0.0018571428571428573,1.5217391304347827,350,,,,,,,,
,,,1.5217391304347827,350,0.4765979051589966,0.803921568627451,0.8412698412698413,96.5955,,,,
0.448,1.3280858993530273,0.0018333333333333333,1.6304347826086958,375,,,,,,,,
,,,1.6304347826086958,375,0.3896856904029846,0.8431372549019608,0.8801498127340824,103.4832,,,,
0.4324,5.659026145935059,0.0018095238095238095,1.7391304347826086,400,,,,,,,,
,,,1.7391304347826086,400,0.44545042514801025,0.8333333333333334,0.8666666666666668,110.3081,,,,
0.4634,1.7397966384887695,0.0017857142857142859,1.8478260869565217,425,,,,,,,,
,,,1.8478260869565217,425,0.47022566199302673,0.7867647058823529,0.8642745709828394,117.3988,,,,
0.5425,3.997614860534668,0.0017619047619047618,1.9565217391304348,450,,,,,,,,
,,,1.9565217391304348,450,0.3646548390388489,0.8602941176470589,0.9035532994923857,124.4302,,,,
0.4225,0.913112998008728,0.0017380952380952382,2.0652173913043477,475,,,,,,,,
,,,2.0652173913043477,475,0.38697806000709534,0.8406862745098039,0.8900169204737733,131.2479,,,,
0.5054,1.4003193378448486,0.0017142857142857142,2.1739130434782608,500,,,,,,,,
,,,2.1739130434782608,500,0.38122525811195374,0.8553921568627451,0.8888888888888888,138.1126,,,,
0.4277,1.5367279052734375,0.0016904761904761906,2.282608695652174,525,,,,,,,,
,,,2.282608695652174,525,0.3315927982330322,0.8578431372549019,0.8953068592057761,145.1667,,,,
0.4125,2.756969928741455,0.0016666666666666668,2.391304347826087,550,,,,,,,,
,,,2.391304347826087,550,0.39683887362480164,0.8504901960784313,0.897822445561139,152.0324,,,,
0.4617,4.393252372741699,0.0016428571428571427,2.5,575,,,,,,,,
,,,2.5,575,0.593747079372406,0.7696078431372549,0.8553846153846154,158.8677,,,,
0.4424,0.8379277586936951,0.0016190476190476191,2.608695652173913,600,,,,,,,,
,,,2.608695652173913,600,0.3413216173648834,0.8578431372549019,0.8993055555555555,165.7775,,,,
0.3939,2.802042245864868,0.0015952380952380953,2.717391304347826,625,,,,,,,,
,,,2.717391304347826,625,0.35306182503700256,0.8602941176470589,0.8998242530755711,172.6882,,,,
0.4355,3.061525821685791,0.0015714285714285715,2.8260869565217392,650,,,,,,,,
,,,2.8260869565217392,650,0.33797162771224976,0.8700980392156863,0.9013035381750466,179.7065,,,,
0.3876,3.3899168968200684,0.0015476190476190477,2.9347826086956523,675,,,,,,,,
,,,2.9347826086956523,675,0.4609300494194031,0.8235294117647058,0.8819672131147541,186.6341,,,,
0.4006,1.174201488494873,0.0015238095238095239,3.0434782608695654,700,,,,,,,,
,,,3.0434782608695654,700,0.3420741558074951,0.8602941176470589,0.9001751313485115,193.4161,,,,
0.3736,1.3537423610687256,0.0015,3.1521739130434785,725,,,,,,,,
,,,3.1521739130434785,725,0.33713576197624207,0.8700980392156863,0.9068541300527241,200.2467,,,,
0.3453,1.2029744386672974,0.0014761904761904762,3.260869565217391,750,,,,,,,,
,,,3.260869565217391,750,0.3185350000858307,0.875,0.9090909090909091,207.3246,,,,
0.331,0.8116321563720703,0.0014523809523809524,3.369565217391304,775,,,,,,,,
,,,3.369565217391304,775,0.4515732526779175,0.8455882352941176,0.8944723618090453,214.0166,,,,
0.322,2.8027021884918213,0.0014285714285714286,3.4782608695652173,800,,,,,,,,
,,,3.4782608695652173,800,0.3439684808254242,0.875,0.9084380610412927,220.9623,,,,
0.4272,2.86264705657959,0.0014047619047619047,3.5869565217391304,825,,,,,,,,
,,,3.5869565217391304,825,0.32741889357566833,0.8602941176470589,0.8998242530755711,227.8497,,,,
0.4046,2.446324348449707,0.001380952380952381,3.6956521739130435,850,,,,,,,,
,,,3.6956521739130435,850,0.32235610485076904,0.8774509803921569,0.9097472924187725,234.8459,,,,
0.3452,4.54378080368042,0.0013571428571428573,3.8043478260869565,875,,,,,,,,
,,,3.8043478260869565,875,0.3287256956100464,0.8700980392156863,0.905861456483126,241.7219,,,,
0.3623,1.289798378944397,0.0013333333333333333,3.9130434782608696,900,,,,,,,,
,,,3.9130434782608696,900,0.31952711939811707,0.875,0.9097345132743363,248.6579,,,,
0.3788,0.8900768160820007,0.0013095238095238095,4.021739130434782,925,,,,,,,,
,,,4.021739130434782,925,0.3159034252166748,0.8823529411764706,0.9148936170212766,255.4457,,,,
0.3226,1.5520974397659302,0.0012857142857142859,4.130434782608695,950,,,,,,,,
,,,4.130434782608695,950,0.2950354516506195,0.8774509803921569,0.912280701754386,262.314,,,,
0.3931,4.239675045013428,0.0012619047619047618,4.239130434782608,975,,,,,,,,
,,,4.239130434782608,975,0.5348057150840759,0.8014705882352942,0.872037914691943,269.1235,,,,
0.3673,2.2021803855895996,0.0012380952380952382,4.3478260869565215,1000,,,,,,,,
,,,4.3478260869565215,1000,0.34661921858787537,0.8553921568627451,0.8984509466437176,275.9072,,,,
0.3279,1.3412749767303467,0.0012142857142857142,4.456521739130435,1025,,,,,,,,
,,,4.456521739130435,1025,0.3356288969516754,0.8602941176470589,0.9008695652173914,283.1681,,,,
0.3363,2.75982928276062,0.0011904761904761906,4.565217391304348,1050,,,,,,,,
,,,4.565217391304348,1050,0.3462831377983093,0.8676470588235294,0.9084745762711864,290.0512,,,,
0.313,0.9926584362983704,0.0011666666666666668,4.673913043478261,1075,,,,,,,,
,,,4.673913043478261,1075,0.3189820647239685,0.8553921568627451,0.8970331588132635,297.0854,,,,
0.3209,1.9724992513656616,0.0011428571428571427,4.782608695652174,1100,,,,,,,,
,,,4.782608695652174,1100,0.31553059816360474,0.8725490196078431,0.9094076655052264,303.9323,,,,
0.3219,1.9757312536239624,0.0011190476190476191,4.891304347826087,1125,,,,,,,,
,,,4.891304347826087,1125,0.306850790977478,0.8823529411764706,0.9142857142857143,310.9092,,,,
0.3119,0.9790347218513489,0.0010952380952380953,5.0,1150,,,,,,,,
,,,5.0,1150,0.2898045778274536,0.8774509803921569,0.912280701754386,317.8399,,,,
0.2609,1.0009971857070923,0.0010714285714285715,5.108695652173913,1175,,,,,,,,
,,,5.108695652173913,1175,0.43239712715148926,0.8504901960784313,0.8985024958402663,324.6757,,,,
0.3,2.6450695991516113,0.0010476190476190477,5.217391304347826,1200,,,,,,,,
,,,5.217391304347826,1200,0.3409852385520935,0.8799019607843137,0.9162393162393162,331.5921,,,,
0.2783,1.7645236253738403,0.0010238095238095238,5.326086956521739,1225,,,,,,,,
,,,5.326086956521739,1225,0.30275261402130127,0.8897058823529411,0.9194991055456172,338.4813,,,,
0.3386,1.9379262924194336,0.001,5.434782608695652,1250,,,,,,,,
,,,5.434782608695652,1250,0.3181004226207733,0.8602941176470589,0.902229845626072,345.3649,,,,
0.2916,3.750194787979126,0.0009761904761904762,5.543478260869565,1275,,,,,,,,
,,,5.543478260869565,1275,0.3334082067012787,0.8872549019607843,0.9181494661921709,352.2052,,,,
0.3105,1.015933871269226,0.0009523809523809524,5.6521739130434785,1300,,,,,,,,
,,,5.6521739130434785,1300,0.29826557636260986,0.8627450980392157,0.9,359.1566,,,,
0.28,0.7833936810493469,0.0009285714285714287,5.760869565217392,1325,,,,,,,,
,,,5.760869565217392,1325,0.31280484795570374,0.8725490196078431,0.9064748201438848,366.1973,,,,
0.341,0.8191863298416138,0.0009047619047619047,5.869565217391305,1350,,,,,,,,
,,,5.869565217391305,1350,0.3718183934688568,0.8480392156862745,0.8973509933774835,373.4067,,,,
0.3453,2.7002737522125244,0.0008809523809523809,5.978260869565218,1375,,,,,,,,
,,,5.978260869565218,1375,0.3799932897090912,0.8382352941176471,0.8910891089108912,380.4296,,,,
0.2512,4.693574905395508,0.0008571428571428571,6.086956521739131,1400,,,,,,,,
,,,6.086956521739131,1400,0.471251904964447,0.8578431372549019,0.9036544850498339,387.4189,,,,
0.2356,2.60188364982605,0.0008333333333333334,6.195652173913044,1425,,,,,,,,
,,,6.195652173913044,1425,0.5479382276535034,0.8357843137254902,0.8910569105691057,394.6081,,,,
0.2948,2.9838180541992188,0.0008095238095238096,6.304347826086957,1450,,,,,,,,
,,,6.304347826086957,1450,0.32328563928604126,0.8872549019607843,0.9166666666666666,401.5785,,,,
0.2873,1.1522475481033325,0.0007857142857142857,6.413043478260869,1475,,,,,,,,
,,,6.413043478260869,1475,0.28632739186286926,0.8921568627450981,0.9225352112676057,408.5562,,,,
0.2967,1.2046061754226685,0.0007619047619047619,6.521739130434782,1500,,,,,,,,
,,,6.521739130434782,1500,0.31492331624031067,0.8848039215686274,0.9134438305709024,415.5695,,,,
0.2679,3.537217140197754,0.0007380952380952381,6.630434782608695,1525,,,,,,,,
,,,6.630434782608695,1525,0.3170825242996216,0.8774509803921569,0.910394265232975,422.8344,,,,
0.3032,1.2230675220489502,0.0007142857142857143,6.739130434782608,1550,,,,,,,,
,,,6.739130434782608,1550,0.3502335548400879,0.8799019607843137,0.908411214953271,429.7548,,,,
0.2487,5.85116720199585,0.0006904761904761905,6.8478260869565215,1575,,,,,,,,
,,,6.8478260869565215,1575,0.3190130591392517,0.8823529411764706,0.9136690647482014,436.7051,,,,
0.2893,2.3676645755767822,0.0006666666666666666,6.956521739130435,1600,,,,,,,,
,,,6.956521739130435,1600,0.30881166458129883,0.8799019607843137,0.9117117117117116,443.7005,,,,
0.2139,1.8077757358551025,0.0006428571428571429,7.065217391304348,1625,,,,,,,,
,,,7.065217391304348,1625,0.3521897792816162,0.8921568627450981,0.9188191881918819,450.5227,,,,
0.2693,1.6145061254501343,0.0006190476190476191,7.173913043478261,1650,,,,,,,,
,,,7.173913043478261,1650,0.3925390839576721,0.8627450980392157,0.89272030651341,457.3245,,,,
0.199,1.5825284719467163,0.0005952380952380953,7.282608695652174,1675,,,,,,,,
,,,7.282608695652174,1675,0.34525009989738464,0.8848039215686274,0.919104991394148,464.249,,,,
0.2496,4.198620319366455,0.0005714285714285714,7.391304347826087,1700,,,,,,,,
,,,7.391304347826087,1700,0.3683755099773407,0.8872549019607843,0.9201388888888888,471.1411,,,,
0.2283,2.371635675430298,0.0005476190476190477,7.5,1725,,,,,,,,
,,,7.5,1725,0.3435802757740021,0.8848039215686274,0.9147005444646098,478.2566,,,,
0.2183,0.8905171155929565,0.0005238095238095238,7.608695652173913,1750,,,,,,,,
,,,7.608695652173913,1750,0.3272342383861542,0.8872549019607843,0.9209621993127148,485.132,,,,
0.2203,4.03732967376709,0.0005,7.717391304347826,1775,,,,,,,,
,,,7.717391304347826,1775,0.4043336808681488,0.8725490196078431,0.9109589041095889,492.2191,,,,
0.2312,0.6832510828971863,0.0004761904761904762,7.826086956521739,1800,,,,,,,,
,,,7.826086956521739,1800,0.4036846458911896,0.8676470588235294,0.906896551724138,499.0048,,,,
0.2339,2.8143692016601562,0.00045238095238095237,7.934782608695652,1825,,,,,,,,
,,,7.934782608695652,1825,0.3158451020717621,0.8774509803921569,0.9090909090909091,506.2699,,,,
0.2209,2.1428332328796387,0.00042857142857142855,8.043478260869565,1850,,,,,,,,
,,,8.043478260869565,1850,0.3109806180000305,0.8799019607843137,0.9107468123861567,513.0569,,,,
0.1493,1.3231959342956543,0.0004047619047619048,8.152173913043478,1875,,,,,,,,
,,,8.152173913043478,1875,0.3395560681819916,0.8725490196078431,0.9057971014492753,520.0827,,,,
0.1547,0.15586543083190918,0.00038095238095238096,8.26086956521739,1900,,,,,,,,
,,,8.26086956521739,1900,0.3674003779888153,0.8970588235294118,0.9275862068965517,527.0394,,,,
0.162,0.27610263228416443,0.00035714285714285714,8.369565217391305,1925,,,,,,,,
,,,8.369565217391305,1925,0.3447990417480469,0.9068627450980392,0.9328621908127209,534.0612,,,,
0.1621,1.2563047409057617,0.0003333333333333333,8.478260869565217,1950,,,,,,,,
,,,8.478260869565217,1950,0.4066581428050995,0.8872549019607843,0.9217687074829931,541.0876,,,,
0.1254,2.983583450317383,0.00030952380952380956,8.58695652173913,1975,,,,,,,,
,,,8.58695652173913,1975,0.48947012424468994,0.875,0.9142857142857144,547.8959,,,,
0.233,0.27264297008514404,0.0002857142857142857,8.695652173913043,2000,,,,,,,,
,,,8.695652173913043,2000,0.37843188643455505,0.9019607843137255,0.9295774647887324,554.8813,,,,
0.1648,5.086134433746338,0.0002619047619047619,8.804347826086957,2025,,,,,,,,
,,,8.804347826086957,2025,0.37106847763061523,0.8946078431372549,0.9219600725952813,561.9459,,,,
0.1673,2.2923996448516846,0.0002380952380952381,8.91304347826087,2050,,,,,,,,
,,,8.91304347826087,2050,0.41962358355522156,0.8848039215686274,0.919931856899489,569.0366,,,,
0.1968,0.6597922444343567,0.00021428571428571427,9.021739130434783,2075,,,,,,,,
,,,9.021739130434783,2075,0.37535062432289124,0.8823529411764706,0.9169550173010381,575.8626,,,,
0.1167,1.6486315727233887,0.00019047619047619048,9.130434782608695,2100,,,,,,,,
,,,9.130434782608695,2100,0.3834458589553833,0.8872549019607843,0.9163636363636363,582.8757,,,,
0.115,5.071952819824219,0.00016666666666666666,9.23913043478261,2125,,,,,,,,
,,,9.23913043478261,2125,0.40425318479537964,0.8897058823529411,0.922279792746114,589.7331,,,,
0.1584,1.1785635948181152,0.00014285714285714284,9.347826086956522,2150,,,,,,,,
,,,9.347826086956522,2150,0.43405887484550476,0.8848039215686274,0.919931856899489,596.7624,,,,
0.1633,0.5171189308166504,0.00011904761904761905,9.456521739130435,2175,,,,,,,,
,,,9.456521739130435,2175,0.37829944491386414,0.8946078431372549,0.9233511586452763,603.677,,,,
0.161,0.9394466280937195,9.523809523809524e-05,9.565217391304348,2200,,,,,,,,
,,,9.565217391304348,2200,0.3948873281478882,0.9044117647058824,0.9324090121317158,610.6085,,,,
0.1847,3.0177323818206787,7.142857142857142e-05,9.673913043478262,2225,,,,,,,,
,,,9.673913043478262,2225,0.3944530785083771,0.8995098039215687,0.9289428076256498,617.4498,,,,
0.1624,0.8609499931335449,4.761904761904762e-05,9.782608695652174,2250,,,,,,,,
,,,9.782608695652174,2250,0.37984076142311096,0.9044117647058824,0.9314586994727592,624.4116,,,,
0.1516,6.660114765167236,2.380952380952381e-05,9.891304347826086,2275,,,,,,,,
,,,9.891304347826086,2275,0.38306674361228943,0.9019607843137255,0.9298245614035087,631.4223,,,,
0.1216,0.11915194988250732,0.0,10.0,2300,,,,,,,,
,,,10.0,2300,0.37784793972969055,0.9044117647058824,0.9314586994727592,638.2774,,,,
,,,10.0,2300,,,,637.941,57.497,3.605,1467808056383424.0,0.3630520667200503
