loss,grad_norm,learning_rate,epoch,step,eval_loss,eval_accuracy,eval_f1,train_runtime,train_samples_per_second,train_steps_per_second,total_flos,train_loss
0.6859,0.7387838363647461,2.5e-05,0.004347826086956522,1,,,,,,,,
0.681,1.4345004558563232,0.000625,0.10869565217391304,25,,,,,,,,
,,,0.10869565217391304,25,0.6574783325195312,0.6838235294117647,0.8122270742358079,6.7934,,,,
0.7405,1.8231931924819946,0.00125,0.21739130434782608,50,,,,,,,,
,,,0.21739130434782608,50,0.6156141757965088,0.6838235294117647,0.8122270742358079,12.009,,,,
0.6831,1.0315192937850952,0.001875,0.32608695652173914,75,,,,,,,,
,,,0.32608695652173914,75,0.6055265069007874,0.696078431372549,0.8181818181818181,17.2351,,,,
0.5971,1.759589672088623,0.0025,0.43478260869565216,100,,,,,,,,
,,,0.43478260869565216,100,0.5489894151687622,0.7083333333333334,0.8199697428139183,22.5607,,,,
0.5698,2.1470136642456055,0.003125,0.5434782608695652,125,,,,,,,,
,,,0.5434782608695652,125,0.701776921749115,0.696078431372549,0.8176470588235294,27.7558,,,,
0.5582,1.1654796600341797,0.00375,0.6521739130434783,150,,,,,,,,
,,,0.6521739130434783,150,0.5218588709831238,0.7573529411764706,0.8426073131955484,32.879,,,,
0.5574,2.70843243598938,0.004375,0.7608695652173914,175,,,,,,,,
,,,0.7608695652173914,175,0.46074363589286804,0.7892156862745098,0.8594771241830065,38.3387,,,,
0.5559,1.4940712451934814,0.005,0.8695652173913043,200,,,,,,,,
,,,0.8695652173913043,200,0.6166127920150757,0.7401960784313726,0.8384146341463414,43.6483,,,,
0.5092,0.7593280076980591,0.0049404761904761904,0.9782608695652174,225,,,,,,,,
,,,0.9782608695652174,225,0.4705175459384918,0.7279411764705882,0.8330827067669173,49.0495,,,,
0.431,2.4174811840057373,0.004880952380952381,1.0869565217391304,250,,,,,,,,
,,,1.0869565217391304,250,0.40074294805526733,0.8137254901960784,0.8637992831541219,54.1881,,,,
0.497,1.813209891319275,0.004821428571428572,1.1956521739130435,275,,,,,,,,
,,,1.1956521739130435,275,0.3638271689414978,0.8504901960784313,0.8927943760984183,59.5133,,,,
0.4893,3.6928958892822266,0.0047619047619047615,1.3043478260869565,300,,,,,,,,
,,,1.3043478260869565,300,0.5148153901100159,0.7818627450980392,0.8607198748043818,65.0013,,,,
0.5494,3.4795732498168945,0.004702380952380953,1.4130434782608696,325,,,,,,,,
,,,1.4130434782608696,325,0.5219941139221191,0.7450980392156863,0.7777777777777778,70.3319,,,,
0.4506,1.4207017421722412,0.004642857142857143,1.5217391304347827,350,,,,,,,,
,,,1.5217391304347827,350,0.3511853814125061,0.8480392156862745,0.8876811594202899,75.8162,,,,
0.4611,1.307276964187622,0.004583333333333333,1.6304347826086958,375,,,,,,,,
,,,1.6304347826086958,375,0.38548412919044495,0.8382352941176471,0.8730769230769231,81.0831,,,,
0.5501,1.3094632625579834,0.004523809523809524,1.7391304347826086,400,,,,,,,,
,,,1.7391304347826086,400,0.3948907256126404,0.8259803921568627,0.8818635607321131,86.536,,,,
0.5324,1.0064953565597534,0.004464285714285715,1.8478260869565217,425,,,,,,,,
,,,1.8478260869565217,425,0.6415722370147705,0.7401960784313726,0.8398791540785498,91.9461,,,,
0.6366,4.627799987792969,0.004404761904761904,1.9565217391304348,450,,,,,,,,
,,,1.9565217391304348,450,0.4479421079158783,0.821078431372549,0.8820678513731827,97.4921,,,,
0.4557,0.6128291487693787,0.004345238095238096,2.0652173913043477,475,,,,,,,,
,,,2.0652173913043477,475,0.5500665307044983,0.803921568627451,0.8722044728434506,102.8224,,,,
0.458,1.09299635887146,0.004285714285714286,2.1739130434782608,500,,,,,,,,
,,,2.1739130434782608,500,0.3915563225746155,0.8504901960784313,0.896434634974533,108.3457,,,,
0.4353,2.7173972129821777,0.004226190476190476,2.282608695652174,525,,,,,,,,
,,,2.282608695652174,525,0.31309351325035095,0.8676470588235294,0.9045936395759717,114.159,,,,
0.3702,0.8556720018386841,0.004166666666666667,2.391304347826087,550,,,,,,,,
,,,2.391304347826087,550,0.34576910734176636,0.8578431372549019,0.8978873239436619,119.5489,,,,
0.4117,5.2022857666015625,0.004107142857142857,2.5,575,,,,,,,,
,,,2.5,575,0.5615667700767517,0.8333333333333334,0.8877887788778879,125.0534,,,,
0.3818,2.021881103515625,0.004047619047619048,2.608695652173913,600,,,,,,,,
,,,2.608695652173913,600,0.48324862122535706,0.8259803921568627,0.8826446280991737,130.5053,,,,
0.3863,1.2532259225845337,0.0039880952380952385,2.717391304347826,625,,,,,,,,
,,,2.717391304347826,625,0.3485696017742157,0.8627450980392157,0.901060070671378,136.0881,,,,
0.4159,1.264466404914856,0.003928571428571429,2.8260869565217392,650,,,,,,,,
,,,2.8260869565217392,650,0.3374941945075989,0.8578431372549019,0.8929889298892988,141.7049,,,,
0.338,2.718992233276367,0.003869047619047619,2.9347826086956523,675,,,,,,,,
,,,2.9347826086956523,675,0.42797335982322693,0.8161764705882353,0.8772504091653027,147.4789,,,,
0.379,2.5246849060058594,0.0038095238095238095,3.0434782608695654,700,,,,,,,,
,,,3.0434782608695654,700,0.44305673241615295,0.8063725490196079,0.8736,152.9151,,,,
0.3408,2.426140546798706,0.00375,3.1521739130434785,725,,,,,,,,
,,,3.1521739130434785,725,0.3933943510055542,0.8627450980392157,0.903448275862069,158.3998,,,,
0.3174,2.700908899307251,0.0036904761904761906,3.260869565217391,750,,,,,,,,
,,,3.260869565217391,750,0.32622939348220825,0.8774509803921569,0.9090909090909091,164.055,,,,
0.2809,1.040866494178772,0.003630952380952381,3.369565217391304,775,,,,,,,,
,,,3.369565217391304,775,0.36367103457450867,0.8553921568627451,0.9008403361344538,169.4332,,,,
0.3182,1.5662992000579834,0.0035714285714285718,3.4782608695652173,800,,,,,,,,
,,,3.4782608695652173,800,0.34198662638664246,0.8602941176470589,0.9001751313485115,174.9808,,,,
0.3549,1.2644368410110474,0.0035119047619047617,3.5869565217391304,825,,,,,,,,
,,,3.5869565217391304,825,0.3442623019218445,0.8480392156862745,0.8952702702702703,180.6317,,,,
0.3446,2.2223830223083496,0.0034523809523809524,3.6956521739130435,850,,,,,,,,
,,,3.6956521739130435,850,0.3138272166252136,0.8676470588235294,0.9035714285714286,186.2114,,,,
0.3178,2.2907915115356445,0.003392857142857143,3.8043478260869565,875,,,,,,,,
,,,3.8043478260869565,875,0.34979259967803955,0.875,0.9097345132743363,191.8443,,,,
0.2955,2.3615050315856934,0.003333333333333333,3.9130434782608696,900,,,,,,,,
,,,3.9130434782608696,900,0.3539573848247528,0.8700980392156863,0.9075043630017452,197.4474,,,,
0.3596,2.5212996006011963,0.003273809523809524,4.021739130434782,925,,,,,,,,
,,,4.021739130434782,925,0.30621957778930664,0.8872549019607843,0.9181494661921709,202.9345,,,,
0.2771,0.4612620174884796,0.0032142857142857147,4.130434782608695,950,,,,,,,,
,,,4.130434782608695,950,0.3193487524986267,0.8897058823529411,0.9209138840070299,208.5094,,,,
0.2911,4.61012077331543,0.0031547619047619046,4.239130434782608,975,,,,,,,,
,,,4.239130434782608,975,0.5163573026657104,0.8308823529411765,0.8881685575364668,213.9568,,,,
0.2719,1.988729476928711,0.0030952380952380953,4.3478260869565215,1000,,,,,,,,
,,,4.3478260869565215,1000,0.35624009370803833,0.8602941176470589,0.900523560209424,219.497,,,,
0.2979,2.0049760341644287,0.0030357142857142857,4.456521739130435,1025,,,,,,,,
,,,4.456521739130435,1025,0.35636794567108154,0.8504901960784313,0.8939130434782607,225.2698,,,,
0.2319,4.934367656707764,0.002976190476190476,4.565217391304348,1050,,,,,,,,
,,,4.565217391304348,1050,0.4042051434516907,0.875,0.9116117850953207,230.9528,,,,
0.3545,0.9251816868782043,0.002916666666666667,4.673913043478261,1075,,,,,,,,
,,,4.673913043478261,1075,0.30913105607032776,0.8848039215686274,0.9159212880143113,236.5287,,,,
0.2376,0.6230311393737793,0.002857142857142857,4.782608695652174,1100,,,,,,,,
,,,4.782608695652174,1100,0.41415077447891235,0.8504901960784313,0.8988391376451078,242.202,,,,
0.3286,0.9192106127738953,0.002797619047619048,4.891304347826087,1125,,,,,,,,
,,,4.891304347826087,1125,0.35067206621170044,0.8897058823529411,0.9206349206349206,247.8336,,,,
0.2317,0.17302046716213226,0.0027380952380952383,5.0,1150,,,,,,,,
,,,5.0,1150,0.33615803718566895,0.8897058823529411,0.9200710479573712,253.5661,,,,
0.1879,0.3952983021736145,0.0026785714285714286,5.108695652173913,1175,,,,,,,,
,,,5.108695652173913,1175,0.4039619266986847,0.875,0.9113043478260869,259.1756,,,,
0.2395,0.5982249975204468,0.0026190476190476194,5.217391304347826,1200,,,,,,,,
,,,5.217391304347826,1200,0.37346315383911133,0.8627450980392157,0.903448275862069,264.8685,,,,
0.2166,3.2494966983795166,0.0025595238095238093,5.326086956521739,1225,,,,,,,,
,,,5.326086956521739,1225,0.4292621910572052,0.8700980392156863,0.9031078610603291,270.5864,,,,
0.3079,1.4614912271499634,0.0025,5.434782608695652,1250,,,,,,,,
,,,5.434782608695652,1250,0.3406793177127838,0.8676470588235294,0.9059233449477352,276.1292,,,,
0.1688,1.3985484838485718,0.0024404761904761904,5.543478260869565,1275,,,,,,,,
,,,5.543478260869565,1275,0.4541850984096527,0.8799019607843137,0.9150779896013865,281.7753,,,,
0.2707,3.21403431892395,0.0023809523809523807,5.6521739130434785,1300,,,,,,,,
,,,5.6521739130434785,1300,0.40960416197776794,0.8725490196078431,0.9094076655052264,287.3656,,,,
0.1856,0.6101946234703064,0.0023214285714285715,5.760869565217392,1325,,,,,,,,
,,,5.760869565217392,1325,0.4348204433917999,0.8676470588235294,0.9025270758122744,293.0919,,,,
0.2404,0.8552976846694946,0.002261904761904762,5.869565217391305,1350,,,,,,,,
,,,5.869565217391305,1350,0.4308185279369354,0.8700980392156863,0.909710391822828,298.7598,,,,
0.2219,1.4664186239242554,0.002202380952380952,5.978260869565218,1375,,,,,,,,
,,,5.978260869565218,1375,0.4496130049228668,0.8578431372549019,0.9016949152542373,304.4516,,,,
0.1486,3.4327337741851807,0.002142857142857143,6.086956521739131,1400,,,,,,,,
,,,6.086956521739131,1400,0.6358152031898499,0.8431372549019608,0.8940397350993377,310.0228,,,,
0.1859,1.1910287141799927,0.0020833333333333333,6.195652173913044,1425,,,,,,,,
,,,6.195652173913044,1425,0.44289734959602356,0.8553921568627451,0.8987993138936535,315.8546,,,,
0.2013,1.8229526281356812,0.002023809523809524,6.304347826086957,1450,,,,,,,,
,,,6.304347826086957,1450,0.39702269434928894,0.8553921568627451,0.8929219600725953,321.4554,,,,
0.1908,0.3123551607131958,0.0019642857142857144,6.413043478260869,1475,,,,,,,,
,,,6.413043478260869,1475,0.40303102135658264,0.8627450980392157,0.9003558718861211,327.1152,,,,
0.2508,1.954827904701233,0.0019047619047619048,6.521739130434782,1500,,,,,,,,
,,,6.521739130434782,1500,0.40968626737594604,0.8627450980392157,0.8981818181818181,332.7688,,,,
0.2111,1.4488232135772705,0.0018452380952380953,6.630434782608695,1525,,,,,,,,
,,,6.630434782608695,1525,0.46124207973480225,0.8553921568627451,0.8991452991452993,338.6631,,,,
0.1843,1.7221176624298096,0.0017857142857142859,6.739130434782608,1550,,,,,,,,
,,,6.739130434782608,1550,0.40097591280937195,0.8627450980392157,0.8989169675090252,344.3045,,,,
0.1929,0.5036097764968872,0.0017261904761904762,6.8478260869565215,1575,,,,,,,,
,,,6.8478260869565215,1575,0.4186134338378906,0.875,0.9109947643979057,349.9444,,,,
0.2123,0.7533686757087708,0.0016666666666666666,6.956521739130435,1600,,,,,,,,
,,,6.956521739130435,1600,0.4024251401424408,0.8725490196078431,0.9112627986348123,355.6298,,,,
0.1039,0.6013011336326599,0.0016071428571428573,7.065217391304348,1625,,,,,,,,
,,,7.065217391304348,1625,0.436800092458725,0.8823529411764706,0.9163763066202091,361.228,,,,
0.1807,1.1330995559692383,0.0015476190476190477,7.173913043478261,1650,,,,,,,,
,,,7.173913043478261,1650,0.45770514011383057,0.8627450980392157,0.8978102189781021,366.8106,,,,
0.1867,1.147361159324646,0.001488095238095238,7.282608695652174,1675,,,,,,,,
,,,7.282608695652174,1675,0.40640345215797424,0.8823529411764706,0.9175257731958764,372.4722,,,,
0.19,2.553985834121704,0.0014285714285714286,7.391304347826087,1700,,,,,,,,
,,,7.391304347826087,1700,0.4516686797142029,0.8602941176470589,0.9038785834738617,378.1135,,,,
0.1366,1.1282292604446411,0.0013690476190476191,7.5,1725,,,,,,,,
,,,7.5,1725,0.39980459213256836,0.8799019607843137,0.9135802469135803,383.9397,,,,
0.1401,0.7683686017990112,0.0013095238095238097,7.608695652173913,1750,,,,,,,,
,,,7.608695652173913,1750,0.45902109146118164,0.8553921568627451,0.9008403361344538,389.7061,,,,
0.161,2.795175075531006,0.00125,7.717391304347826,1775,,,,,,,,
,,,7.717391304347826,1775,0.462782084941864,0.8651960784313726,0.9053356282271946,395.3797,,,,
0.1083,2.7176403999328613,0.0011904761904761904,7.826086956521739,1800,,,,,,,,
,,,7.826086956521739,1800,0.4722162187099457,0.8578431372549019,0.9016949152542373,401.0411,,,,
0.141,0.5193445682525635,0.001130952380952381,7.934782608695652,1825,,,,,,,,
,,,7.934782608695652,1825,0.40107330679893494,0.8774509803921569,0.9119718309859154,406.8869,,,,
0.1684,2.2278926372528076,0.0010714285714285715,8.043478260869565,1850,,,,,,,,
,,,8.043478260869565,1850,0.38821056485176086,0.8602941176470589,0.9008695652173914,412.551,,,,
0.1186,0.6445471048355103,0.001011904761904762,8.152173913043478,1875,,,,,,,,
,,,8.152173913043478,1875,0.42944419384002686,0.8676470588235294,0.9042553191489361,418.2028,,,,
0.0837,0.06567806750535965,0.0009523809523809524,8.26086956521739,1900,,,,,,,,
,,,8.26086956521739,1900,0.5269622802734375,0.8529411764705882,0.8972602739726027,423.9142,,,,
0.1387,2.059340000152588,0.0008928571428571429,8.369565217391305,1925,,,,,,,,
,,,8.369565217391305,1925,0.4592680037021637,0.875,0.9113043478260869,429.6152,,,,
0.1164,1.437666893005371,0.0008333333333333333,8.478260869565217,1950,,,,,,,,
,,,8.478260869565217,1950,0.44197627902030945,0.8774509803921569,0.9125874125874125,435.3518,,,,
0.0969,2.9471516609191895,0.0007738095238095238,8.58695652173913,1975,,,,,,,,
,,,8.58695652173913,1975,0.4842503070831299,0.8700980392156863,0.9078260869565218,441.0329,,,,
0.1561,1.0147933959960938,0.0007142857142857143,8.695652173913043,2000,,,,,,,,
,,,8.695652173913043,2000,0.49302101135253906,0.8602941176470589,0.9038785834738617,446.6849,,,,
0.1313,1.973223328590393,0.0006547619047619048,8.804347826086957,2025,,,,,,,,
,,,8.804347826086957,2025,0.4457544684410095,0.875,0.9097345132743363,452.6302,,,,
0.1729,1.6458549499511719,0.0005952380952380952,8.91304347826087,2050,,,,,,,,
,,,8.91304347826087,2050,0.4650913178920746,0.8651960784313726,0.9053356282271946,458.3143,,,,
0.154,0.7262412309646606,0.0005357142857142857,9.021739130434783,2075,,,,,,,,
,,,9.021739130434783,2075,0.4205642342567444,0.8774509803921569,0.9125874125874125,463.9693,,,,
0.0691,0.5569722652435303,0.0004761904761904762,9.130434782608695,2100,,,,,,,,
,,,9.130434782608695,2100,0.44621285796165466,0.8774509803921569,0.9125874125874125,469.5819,,,,
0.1003,3.9475038051605225,0.00041666666666666664,9.23913043478261,2125,,,,,,,,
,,,9.23913043478261,2125,0.4752362072467804,0.8700980392156863,0.9084628670120898,475.2385,,,,
0.0994,0.27801957726478577,0.00035714285714285714,9.347826086956522,2150,,,,,,,,
,,,9.347826086956522,2150,0.4764302968978882,0.8725490196078431,0.9094076655052264,480.9447,,,,
0.1608,0.07465788722038269,0.0002976190476190476,9.456521739130435,2175,,,,,,,,
,,,9.456521739130435,2175,0.4744887948036194,0.8651960784313726,0.9063032367972743,486.6328,,,,
0.0998,1.6462703943252563,0.0002380952380952381,9.565217391304348,2200,,,,,,,,
,,,9.565217391304348,2200,0.4648730754852295,0.8651960784313726,0.9056603773584906,492.3534,,,,
0.1282,0.49429401755332947,0.00017857142857142857,9.673913043478262,2225,,,,,,,,
,,,9.673913043478262,2225,0.44683635234832764,0.8725490196078431,0.9094076655052264,497.9633,,,,
0.1134,1.0959161520004272,0.00011904761904761905,9.782608695652174,2250,,,,,,,,
,,,9.782608695652174,2250,0.4572943150997162,0.8627450980392157,0.9037800687285222,503.6759,,,,
0.09,2.8658347129821777,5.9523809523809524e-05,9.891304347826086,2275,,,,,,,,
,,,9.891304347826086,2275,0.45981892943382263,0.8651960784313726,0.9053356282271946,509.3832,,,,
0.0983,0.024544725194573402,0.0,10.0,2300,,,,,,,,
,,,10.0,2300,0.46201929450035095,0.8627450980392157,0.9037800687285222,515.0721,,,,
,,,10.0,2300,,,,514.74,71.259,4.468,1452138547459488.0,0.29343422964863153
