loss,grad_norm,learning_rate,epoch,step,eval_loss,eval_accuracy,eval_f1,train_runtime,train_samples_per_second,train_steps_per_second,total_flos,train_loss
1.6978,0.6476960182189941,1e-05,0.004347826086956522,1,,,,,,,,
1.6066,3.1759870052337646,0.00025,0.10869565217391304,25,,,,,,,,
,,,0.10869565217391304,25,1.4398375749588013,0.6838235294117647,0.8122270742358079,6.9384,,,,
1.3475,0.7900254726409912,0.0005,0.21739130434782608,50,,,,,,,,
,,,0.21739130434782608,50,0.9936975240707397,0.6838235294117647,0.8122270742358079,13.3242,,,,
0.7964,0.8515372276306152,0.00075,0.32608695652173914,75,,,,,,,,
,,,0.32608695652173914,75,0.6645018458366394,0.6838235294117647,0.8122270742358079,20.0303,,,,
0.7277,2.6790103912353516,0.001,0.43478260869565216,100,,,,,,,,
,,,0.43478260869565216,100,0.6395899653434753,0.6838235294117647,0.8122270742358079,26.4609,,,,
0.6645,2.374573230743408,0.00125,0.5434782608695652,125,,,,,,,,
,,,0.5434782608695652,125,0.6263322830200195,0.6838235294117647,0.8122270742358079,33.1204,,,,
0.6346,1.2714351415634155,0.0015,0.6521739130434783,150,,,,,,,,
,,,0.6521739130434783,150,0.6173815727233887,0.6838235294117647,0.8122270742358079,39.5218,,,,
0.6849,1.7730308771133423,0.00175,0.7608695652173914,175,,,,,,,,
,,,0.7608695652173914,175,0.6147086024284363,0.6936274509803921,0.8169838945827232,46.3641,,,,
0.6355,1.2075155973434448,0.002,0.8695652173913043,200,,,,,,,,
,,,0.8695652173913043,200,0.604716420173645,0.696078431372549,0.8171091445427728,52.9733,,,,
0.6071,1.0085128545761108,0.0019761904761904764,0.9782608695652174,225,,,,,,,,
,,,0.9782608695652174,225,0.5536530613899231,0.7279411764705882,0.8300153139356814,59.7432,,,,
0.5911,1.3647454977035522,0.0019523809523809524,1.0869565217391304,250,,,,,,,,
,,,1.0869565217391304,250,0.6012401580810547,0.7401960784313726,0.7888446215139442,66.1073,,,,
0.6716,1.7613426446914673,0.0019285714285714286,1.1956521739130435,275,,,,,,,,
,,,1.1956521739130435,275,0.56596440076828,0.7328431372549019,0.8315301391035548,72.8363,,,,
0.5802,3.1149308681488037,0.0019047619047619048,1.3043478260869565,300,,,,,,,,
,,,1.3043478260869565,300,0.6123411059379578,0.7181372549019608,0.8260211800302572,79.4153,,,,
0.5769,1.6091183423995972,0.001880952380952381,1.4130434782608696,325,,,,,,,,
,,,1.4130434782608696,325,0.45595040917396545,0.803921568627451,0.8461538461538461,86.0522,,,,
0.5207,2.2823305130004883,0.0018571428571428573,1.5217391304347827,350,,,,,,,,
,,,1.5217391304347827,350,0.43867436051368713,0.8063725490196079,0.8555758683729433,92.5916,,,,
0.4846,1.544554352760315,0.0018333333333333333,1.6304347826086958,375,,,,,,,,
,,,1.6304347826086958,375,0.4080697000026703,0.8284313725490197,0.8708487084870847,99.1528,,,,
0.4932,1.3866991996765137,0.0018095238095238095,1.7391304347826086,400,,,,,,,,
,,,1.7391304347826086,400,0.38376733660697937,0.8431372549019608,0.8865248226950355,105.634,,,,
0.4537,2.754425287246704,0.0017857142857142859,1.8478260869565217,425,,,,,,,,
,,,1.8478260869565217,425,0.4668392837047577,0.8063725490196079,0.8736,112.269,,,,
0.4923,1.0122548341751099,0.0017619047619047618,1.9565217391304348,450,,,,,,,,
,,,1.9565217391304348,450,0.40316110849380493,0.8112745098039216,0.8743882544861337,118.9121,,,,
0.4471,0.9182015657424927,0.0017380952380952382,2.0652173913043477,475,,,,,,,,
,,,2.0652173913043477,475,0.3554365038871765,0.8308823529411765,0.881646655231561,125.3746,,,,
0.4959,0.9001142978668213,0.0017142857142857142,2.1739130434782608,500,,,,,,,,
,,,2.1739130434782608,500,0.33722102642059326,0.8700980392156863,0.9048473967684021,131.9242,,,,
0.3855,1.7105507850646973,0.0016904761904761906,2.282608695652174,525,,,,,,,,
,,,2.282608695652174,525,0.3441009521484375,0.8627450980392157,0.9014084507042254,138.6826,,,,
0.397,2.484612464904785,0.0016666666666666668,2.391304347826087,550,,,,,,,,
,,,2.391304347826087,550,0.38782045245170593,0.8455882352941176,0.8955223880597015,145.134,,,,
0.439,3.319669723510742,0.0016428571428571427,2.5,575,,,,,,,,
,,,2.5,575,0.6367447972297668,0.7303921568627451,0.8353293413173652,151.7524,,,,
0.4417,1.097711205482483,0.0016190476190476191,2.608695652173913,600,,,,,,,,
,,,2.608695652173913,600,0.33508816361427307,0.8602941176470589,0.9008695652173914,158.232,,,,
0.3958,1.082122802734375,0.0015952380952380953,2.717391304347826,625,,,,,,,,
,,,2.717391304347826,625,0.34957608580589294,0.8651960784313726,0.9053356282271946,164.927,,,,
0.4881,1.4839916229248047,0.0015714285714285715,2.8260869565217392,650,,,,,,,,
,,,2.8260869565217392,650,0.35888969898223877,0.8602941176470589,0.8926553672316385,171.5138,,,,
0.4071,3.390888214111328,0.0015476190476190477,2.9347826086956523,675,,,,,,,,
,,,2.9347826086956523,675,0.43297186493873596,0.8480392156862745,0.8963210702341137,178.2249,,,,
0.4054,1.3131465911865234,0.0015238095238095239,3.0434782608695654,700,,,,,,,,
,,,3.0434782608695654,700,0.3624590039253235,0.8529411764705882,0.894736842105263,184.4881,,,,
0.3683,0.6914303302764893,0.0015,3.1521739130434785,725,,,,,,,,
,,,3.1521739130434785,725,0.37594619393348694,0.8480392156862745,0.8952702702702703,191.0867,,,,
0.3918,1.6919053792953491,0.0014761904761904762,3.260869565217391,750,,,,,,,,
,,,3.260869565217391,750,0.32227444648742676,0.8676470588235294,0.9028776978417268,197.6752,,,,
0.3666,1.4662365913391113,0.0014523809523809524,3.369565217391304,775,,,,,,,,
,,,3.369565217391304,775,0.4673253297805786,0.8333333333333334,0.8885245901639344,204.1254,,,,
0.3471,1.9096016883850098,0.0014285714285714286,3.4782608695652173,800,,,,,,,,
,,,3.4782608695652173,800,0.3427085876464844,0.8529411764705882,0.8979591836734693,210.6678,,,,
0.4245,2.4619174003601074,0.0014047619047619047,3.5869565217391304,825,,,,,,,,
,,,3.5869565217391304,825,0.3186606466770172,0.8774509803921569,0.9113475177304964,217.2796,,,,
0.3943,2.0507090091705322,0.001380952380952381,3.6956521739130435,850,,,,,,,,
,,,3.6956521739130435,850,0.3280308246612549,0.8627450980392157,0.8962962962962964,223.9435,,,,
0.3397,5.920535087585449,0.0013571428571428573,3.8043478260869565,875,,,,,,,,
,,,3.8043478260869565,875,0.3551226556301117,0.8774509803921569,0.910394265232975,230.4781,,,,
0.3832,1.8092026710510254,0.0013333333333333333,3.9130434782608696,900,,,,,,,,
,,,3.9130434782608696,900,0.30464521050453186,0.8799019607843137,0.9126559714795008,237.0854,,,,
0.4234,3.288627862930298,0.0013095238095238095,4.021739130434782,925,,,,,,,,
,,,4.021739130434782,925,0.3437820374965668,0.8602941176470589,0.9035532994923857,243.4805,,,,
0.3996,2.3295793533325195,0.0012857142857142859,4.130434782608695,950,,,,,,,,
,,,4.130434782608695,950,0.3149092197418213,0.8823529411764706,0.9130434782608696,250.0867,,,,
0.4175,3.319115161895752,0.0012619047619047618,4.239130434782608,975,,,,,,,,
,,,4.239130434782608,975,0.36060699820518494,0.8480392156862745,0.8963210702341137,256.4768,,,,
0.36,2.3467044830322266,0.0012380952380952382,4.3478260869565215,1000,,,,,,,,
,,,4.3478260869565215,1000,0.31920647621154785,0.8676470588235294,0.906896551724138,262.9646,,,,
0.3622,2.208075523376465,0.0012142857142857142,4.456521739130435,1025,,,,,,,,
,,,4.456521739130435,1025,0.30733609199523926,0.8700980392156863,0.9041591320072333,269.8126,,,,
0.3553,2.8187296390533447,0.0011904761904761906,4.565217391304348,1050,,,,,,,,
,,,4.565217391304348,1050,0.3431106209754944,0.8848039215686274,0.919931856899489,276.4159,,,,
0.3631,0.9101945757865906,0.0011666666666666668,4.673913043478261,1075,,,,,,,,
,,,4.673913043478261,1075,0.301520437002182,0.8848039215686274,0.9128014842300557,282.8982,,,,
0.298,3.310539722442627,0.0011428571428571427,4.782608695652174,1100,,,,,,,,
,,,4.782608695652174,1100,0.36199435591697693,0.8970588235294118,0.926056338028169,289.4821,,,,
0.3415,2.5794761180877686,0.0011190476190476191,4.891304347826087,1125,,,,,,,,
,,,4.891304347826087,1125,0.2877773642539978,0.8921568627450981,0.9202898550724639,296.0029,,,,
0.3292,0.24361717700958252,0.0010952380952380953,5.0,1150,,,,,,,,
,,,5.0,1150,0.3147324323654175,0.8725490196078431,0.9090909090909091,302.6448,,,,
0.261,0.7776135206222534,0.0010714285714285715,5.108695652173913,1175,,,,,,,,
,,,5.108695652173913,1175,0.3372240364551544,0.875,0.9090909090909091,309.0353,,,,
0.3435,1.3035739660263062,0.0010476190476190477,5.217391304347826,1200,,,,,,,,
,,,5.217391304347826,1200,0.29873743653297424,0.8970588235294118,0.9244604316546762,315.6371,,,,
0.2906,1.7240612506866455,0.0010238095238095238,5.326086956521739,1225,,,,,,,,
,,,5.326086956521739,1225,0.33081525564193726,0.8970588235294118,0.9239130434782609,322.1728,,,,
0.3683,2.193157911300659,0.001,5.434782608695652,1250,,,,,,,,
,,,5.434782608695652,1250,0.3048742413520813,0.8823529411764706,0.9157894736842105,328.6985,,,,
0.3277,2.1337337493896484,0.0009761904761904762,5.543478260869565,1275,,,,,,,,
,,,5.543478260869565,1275,0.3033224642276764,0.8921568627450981,0.9191176470588236,335.1632,,,,
0.2844,1.2305221557617188,0.0009523809523809524,5.6521739130434785,1300,,,,,,,,
,,,5.6521739130434785,1300,0.3008951246738434,0.8823529411764706,0.9127272727272728,341.7573,,,,
0.2829,1.2359992265701294,0.0009285714285714287,5.760869565217392,1325,,,,,,,,
,,,5.760869565217392,1325,0.3215523660182953,0.8700980392156863,0.905861456483126,348.3549,,,,
0.3626,1.434173583984375,0.0009047619047619047,5.869565217391305,1350,,,,,,,,
,,,5.869565217391305,1350,0.3169304430484772,0.8676470588235294,0.906896551724138,355.0402,,,,
0.3689,1.5692665576934814,0.0008809523809523809,5.978260869565218,1375,,,,,,,,
,,,5.978260869565218,1375,0.38956573605537415,0.8308823529411765,0.8870703764320785,361.6927,,,,
0.3135,4.028957843780518,0.0008571428571428571,6.086956521739131,1400,,,,,,,,
,,,6.086956521739131,1400,0.33660465478897095,0.8799019607843137,0.913884007029877,368.2133,,,,
0.2544,2.1503350734710693,0.0008333333333333334,6.195652173913044,1425,,,,,,,,
,,,6.195652173913044,1425,0.4540732800960541,0.8480392156862745,0.8980263157894737,374.9602,,,,
0.2667,1.611829161643982,0.0008095238095238096,6.304347826086957,1450,,,,,,,,
,,,6.304347826086957,1450,0.3392917513847351,0.8823529411764706,0.9133574007220215,381.4005,,,,
0.2857,0.7338875532150269,0.0007857142857142857,6.413043478260869,1475,,,,,,,,
,,,6.413043478260869,1475,0.2955717444419861,0.8799019607843137,0.9110707803992741,387.9358,,,,
0.2887,2.1479949951171875,0.0007619047619047619,6.521739130434782,1500,,,,,,,,
,,,6.521739130434782,1500,0.3900303244590759,0.8602941176470589,0.8905950095969289,394.4645,,,,
0.3051,2.6847727298736572,0.0007380952380952381,6.630434782608695,1525,,,,,,,,
,,,6.630434782608695,1525,0.3436105251312256,0.8823529411764706,0.9117647058823529,401.2114,,,,
0.3209,2.7519664764404297,0.0007142857142857143,6.739130434782608,1550,,,,,,,,
,,,6.739130434782608,1550,0.3826755881309509,0.8578431372549019,0.8884615384615385,407.7621,,,,
0.2804,3.2737245559692383,0.0006904761904761905,6.8478260869565215,1575,,,,,,,,
,,,6.8478260869565215,1575,0.31695324182510376,0.8774509803921569,0.9097472924187725,414.2625,,,,
0.3044,1.2761574983596802,0.0006666666666666666,6.956521739130435,1600,,,,,,,,
,,,6.956521739130435,1600,0.31875094771385193,0.8848039215686274,0.9159212880143113,420.9838,,,,
0.2458,2.8413021564483643,0.0006428571428571429,7.065217391304348,1625,,,,,,,,
,,,7.065217391304348,1625,0.3621651232242584,0.875,0.9050279329608939,427.3428,,,,
0.263,2.5234649181365967,0.0006190476190476191,7.173913043478261,1650,,,,,,,,
,,,7.173913043478261,1650,0.35382434725761414,0.8848039215686274,0.9118198874296435,433.8972,,,,
0.2083,2.183983325958252,0.0005952380952380953,7.282608695652174,1675,,,,,,,,
,,,7.282608695652174,1675,0.29931527376174927,0.8970588235294118,0.924187725631769,440.3379,,,,
0.2552,1.9755825996398926,0.0005714285714285714,7.391304347826087,1700,,,,,,,,
,,,7.391304347826087,1700,0.3063673973083496,0.8897058823529411,0.9209138840070299,447.0378,,,,
0.2264,1.9859216213226318,0.0005476190476190477,7.5,1725,,,,,,,,
,,,7.5,1725,0.3097366690635681,0.8823529411764706,0.9120879120879121,453.6388,,,,
0.2154,1.6985691785812378,0.0005238095238095238,7.608695652173913,1750,,,,,,,,
,,,7.608695652173913,1750,0.30251002311706543,0.8823529411764706,0.9142857142857143,460.3433,,,,
0.2673,1.3472603559494019,0.0005,7.717391304347826,1775,,,,,,,,
,,,7.717391304347826,1775,0.3211915194988251,0.8774509803921569,0.9131944444444444,466.9522,,,,
0.2299,1.2357721328735352,0.0004761904761904762,7.826086956521739,1800,,,,,,,,
,,,7.826086956521739,1800,0.322837233543396,0.8799019607843137,0.913884007029877,473.5635,,,,
0.2109,3.078256130218506,0.00045238095238095237,7.934782608695652,1825,,,,,,,,
,,,7.934782608695652,1825,0.3266483247280121,0.875,0.9074410163339381,480.3523,,,,
0.2595,2.35798716545105,0.00042857142857142855,8.043478260869565,1850,,,,,,,,
,,,8.043478260869565,1850,0.31955134868621826,0.8774509803921569,0.9128919860627178,486.9312,,,,
0.1926,3.0541422367095947,0.0004047619047619048,8.152173913043478,1875,,,,,,,,
,,,8.152173913043478,1875,0.3241884708404541,0.8848039215686274,0.9150090415913201,493.4949,,,,
0.1826,1.0188820362091064,0.00038095238095238096,8.26086956521739,1900,,,,,,,,
,,,8.26086956521739,1900,0.32773151993751526,0.8823529411764706,0.9151943462897526,500.1277,,,,
0.1752,1.039409875869751,0.00035714285714285714,8.369565217391305,1925,,,,,,,,
,,,8.369565217391305,1925,0.3326760232448578,0.875,0.9071038251366121,506.7241,,,,
0.1776,3.541947841644287,0.0003333333333333333,8.478260869565217,1950,,,,,,,,
,,,8.478260869565217,1950,0.3467411696910858,0.8946078431372549,0.9249563699825479,513.4369,,,,
0.1842,3.1326825618743896,0.00030952380952380956,8.58695652173913,1975,,,,,,,,
,,,8.58695652173913,1975,0.3320903480052948,0.8897058823529411,0.9209138840070299,519.9267,,,,
0.1941,1.5345662832260132,0.0002857142857142857,8.695652173913043,2000,,,,,,,,
,,,8.695652173913043,2000,0.3410871922969818,0.8970588235294118,0.9270833333333334,526.4994,,,,
0.1923,5.195062160491943,0.0002619047619047619,8.804347826086957,2025,,,,,,,,
,,,8.804347826086957,2025,0.34690117835998535,0.8823529411764706,0.9142857142857143,537.327,,,,
0.2214,1.1261098384857178,0.0002380952380952381,8.91304347826087,2050,,,,,,,,
,,,8.91304347826087,2050,0.3428930640220642,0.8848039215686274,0.9173989455184535,543.8965,,,,
0.2339,1.5725661516189575,0.00021428571428571427,9.021739130434783,2075,,,,,,,,
,,,9.021739130434783,2075,0.34106048941612244,0.8725490196078431,0.9097222222222222,550.4662,,,,
0.1308,2.9716379642486572,0.00019047619047619048,9.130434782608695,2100,,,,,,,,
,,,9.130434782608695,2100,0.3523515462875366,0.8872549019607843,0.9166666666666666,556.9798,,,,
0.1558,0.5286933183670044,0.00016666666666666666,9.23913043478261,2125,,,,,,,,
,,,9.23913043478261,2125,0.3673599362373352,0.8799019607843137,0.9129662522202486,563.6647,,,,
0.182,2.681394577026367,0.00014285714285714284,9.347826086956522,2150,,,,,,,,
,,,9.347826086956522,2150,0.38199660181999207,0.8823529411764706,0.9166666666666667,570.2262,,,,
0.2115,1.4130871295928955,0.00011904761904761905,9.456521739130435,2175,,,,,,,,
,,,9.456521739130435,2175,0.3532339632511139,0.8799019607843137,0.9126559714795008,576.9248,,,,
0.1285,2.2234928607940674,9.523809523809524e-05,9.565217391304348,2200,,,,,,,,
,,,9.565217391304348,2200,0.3549191951751709,0.8799019607843137,0.9129662522202486,583.4619,,,,
0.1554,1.4441553354263306,7.142857142857142e-05,9.673913043478262,2225,,,,,,,,
,,,9.673913043478262,2225,0.35349041223526,0.8897058823529411,0.9206349206349206,590.0786,,,,
0.1864,3.0060412883758545,4.761904761904762e-05,9.782608695652174,2250,,,,,,,,
,,,9.782608695652174,2250,0.3452596962451935,0.8872549019607843,0.9178571428571428,596.6276,,,,
0.1351,3.1422882080078125,2.380952380952381e-05,9.891304347826086,2275,,,,,,,,
,,,9.891304347826086,2275,0.34830784797668457,0.8872549019607843,0.9169675090252707,603.273,,,,
0.1338,0.2160988599061966,0.0,10.0,2300,,,,,,,,
,,,10.0,2300,0.3486940860748291,0.8872549019607843,0.9169675090252707,609.7803,,,,
,,,10.0,2300,,,,609.4422,60.186,3.774,1464083855060064.0,0.3761436029102491
