loss,grad_norm,learning_rate,epoch,step,eval_loss,eval_accuracy,eval_f1,train_runtime,train_samples_per_second,train_steps_per_second,total_flos,train_loss
2.4774,1.976413607597351,1e-05,0.004347826086956522,1,,,,,,,,
2.3438,3.359776020050049,0.00025,0.10869565217391304,25,,,,,,,,
,,,0.10869565217391304,25,2.081329584121704,0.6838235294117647,0.8122270742358079,8.9116,,,,
1.8538,1.0446544885635376,0.0005,0.21739130434782608,50,,,,,,,,
,,,0.21739130434782608,50,1.3009432554244995,0.6838235294117647,0.8122270742358079,17.2559,,,,
0.8901,0.5794479250907898,0.00075,0.32608695652173914,75,,,,,,,,
,,,0.32608695652173914,75,0.6984788775444031,0.6838235294117647,0.8122270742358079,26.0984,,,,
0.6996,2.01745867729187,0.001,0.43478260869565216,100,,,,,,,,
,,,0.43478260869565216,100,0.649314284324646,0.6838235294117647,0.8122270742358079,34.603,,,,
0.6454,0.7393020391464233,0.00125,0.5434782608695652,125,,,,,,,,
,,,0.5434782608695652,125,0.6453847885131836,0.6838235294117647,0.8122270742358079,43.0787,,,,
0.6589,1.5247045755386353,0.0015,0.6521739130434783,150,,,,,,,,
,,,0.6521739130434783,150,0.5908330082893372,0.7083333333333334,0.8210526315789474,51.6579,,,,
0.6745,1.4646928310394287,0.00175,0.7608695652173914,175,,,,,,,,
,,,0.7608695652173914,175,0.6286263465881348,0.7156862745098039,0.8247734138972809,60.5834,,,,
0.6479,1.057571530342102,0.002,0.8695652173913043,200,,,,,,,,
,,,0.8695652173913043,200,0.5860577821731567,0.7034313725490197,0.8202080237741455,69.121,,,,
0.663,3.3149518966674805,0.0019761904761904764,0.9782608695652174,225,,,,,,,,
,,,0.9782608695652174,225,0.7049933075904846,0.6004901960784313,0.5935162094763091,77.9065,,,,
0.571,0.7508252859115601,0.0019523809523809524,1.0869565217391304,250,,,,,,,,
,,,1.0869565217391304,250,0.4784073829650879,0.803921568627451,0.8620689655172413,86.4183,,,,
0.5672,1.8375625610351562,0.0019285714285714286,1.1956521739130435,275,,,,,,,,
,,,1.1956521739130435,275,0.46415022015571594,0.7941176470588235,0.8585858585858587,94.914,,,,
0.6241,3.008723020553589,0.0019047619047619048,1.3043478260869565,300,,,,,,,,
,,,1.3043478260869565,300,0.6453620195388794,0.7745098039215687,0.8237547892720306,103.5704,,,,
0.6461,3.3958420753479004,0.001880952380952381,1.4130434782608696,325,,,,,,,,
,,,1.4130434782608696,325,0.6888227462768555,0.6936274509803921,0.7203579418344519,112.2636,,,,
0.5647,0.9054877161979675,0.0018571428571428573,1.5217391304347827,350,,,,,,,,
,,,1.5217391304347827,350,0.47115546464920044,0.7990196078431373,0.83984375,120.805,,,,
0.5367,1.8216040134429932,0.0018333333333333333,1.6304347826086958,375,,,,,,,,
,,,1.6304347826086958,375,0.4114026427268982,0.8431372549019608,0.8801498127340824,129.2476,,,,
0.5038,3.3710904121398926,0.0018095238095238095,1.7391304347826086,400,,,,,,,,
,,,1.7391304347826086,400,0.47185617685317993,0.8235294117647058,0.8615384615384616,137.9501,,,,
0.4921,1.5639100074768066,0.0017857142857142859,1.8478260869565217,425,,,,,,,,
,,,1.8478260869565217,425,0.44167718291282654,0.8088235294117647,0.8733766233766234,146.4783,,,,
0.5302,1.193524718284607,0.0017619047619047618,1.9565217391304348,450,,,,,,,,
,,,1.9565217391304348,450,0.391713947057724,0.8725490196078431,0.9097222222222222,155.1581,,,,
0.4439,1.005380392074585,0.0017380952380952382,2.0652173913043477,475,,,,,,,,
,,,2.0652173913043477,475,0.5088875889778137,0.7696078431372549,0.8535825545171339,163.6496,,,,
0.4762,1.4375783205032349,0.0017142857142857142,2.1739130434782608,500,,,,,,,,
,,,2.1739130434782608,500,0.41201287508010864,0.8455882352941176,0.893760539629005,172.2538,,,,
0.4365,0.9926115870475769,0.0016904761904761906,2.282608695652174,525,,,,,,,,
,,,2.282608695652174,525,0.36772432923316956,0.8725490196078431,0.9078014184397164,180.9376,,,,
0.4295,1.091635823249817,0.0016666666666666668,2.391304347826087,550,,,,,,,,
,,,2.391304347826087,550,0.36285337805747986,0.8602941176470589,0.900523560209424,189.5849,,,,
0.4476,2.2377798557281494,0.0016428571428571427,2.5,575,,,,,,,,
,,,2.5,575,0.4661432206630707,0.8259803921568627,0.8845528455284551,198.2111,,,,
0.4039,1.3242313861846924,0.0016190476190476191,2.608695652173913,600,,,,,,,,
,,,2.608695652173913,600,0.39985984563827515,0.8700980392156863,0.9100169779286927,206.6588,,,,
0.4006,2.172604560852051,0.0015952380952380953,2.717391304347826,625,,,,,,,,
,,,2.717391304347826,625,0.3652745485305786,0.8700980392156863,0.9081455805892548,215.4803,,,,
0.4572,1.7723193168640137,0.0015714285714285715,2.8260869565217392,650,,,,,,,,
,,,2.8260869565217392,650,0.35295119881629944,0.8700980392156863,0.9020332717190389,224.2467,,,,
0.4394,3.1652328968048096,0.0015476190476190477,2.9347826086956523,675,,,,,,,,
,,,2.9347826086956523,675,0.44369935989379883,0.8455882352941176,0.8941176470588236,232.8861,,,,
0.4244,0.6411367654800415,0.0015238095238095239,3.0434782608695654,700,,,,,,,,
,,,3.0434782608695654,700,0.3505985736846924,0.8627450980392157,0.8992805755395683,241.2748,,,,
0.3785,0.6900550723075867,0.0015,3.1521739130434785,725,,,,,,,,
,,,3.1521739130434785,725,0.35124245285987854,0.8799019607843137,0.9129662522202486,249.982,,,,
0.385,0.680533230304718,0.0014761904761904762,3.260869565217391,750,,,,,,,,
,,,3.260869565217391,750,0.3481913208961487,0.8602941176470589,0.9001751313485115,258.5831,,,,
0.4084,0.8088417053222656,0.0014523809523809524,3.369565217391304,775,,,,,,,,
,,,3.369565217391304,775,0.5432308912277222,0.8063725490196079,0.8723747980613893,267.0263,,,,
0.3859,1.4205366373062134,0.0014285714285714286,3.4782608695652173,800,,,,,,,,
,,,3.4782608695652173,800,0.37979239225387573,0.8529411764705882,0.8924731182795699,275.7233,,,,
0.3947,3.023794174194336,0.0014047619047619047,3.5869565217391304,825,,,,,,,,
,,,3.5869565217391304,825,0.3541746735572815,0.8553921568627451,0.8948306595365418,284.362,,,,
0.4091,1.8464627265930176,0.001380952380952381,3.6956521739130435,850,,,,,,,,
,,,3.6956521739130435,850,0.38175368309020996,0.8529411764705882,0.8859315589353611,292.9803,,,,
0.3907,3.386772394180298,0.0013571428571428573,3.8043478260869565,875,,,,,,,,
,,,3.8043478260869565,875,0.3640238344669342,0.8602941176470589,0.8946395563770795,302.311,,,,
0.3837,1.8425709009170532,0.0013333333333333333,3.9130434782608696,900,,,,,,,,
,,,3.9130434782608696,900,0.34388789534568787,0.875,0.9090909090909091,310.9393,,,,
0.4192,1.0009607076644897,0.0013095238095238095,4.021739130434782,925,,,,,,,,
,,,4.021739130434782,925,0.3334028720855713,0.8725490196078431,0.9054545454545455,319.2553,,,,
0.3509,0.989107608795166,0.0012857142857142859,4.130434782608695,950,,,,,,,,
,,,4.130434782608695,950,0.3221539556980133,0.8700980392156863,0.9081455805892548,328.0845,,,,
0.3401,3.259831190109253,0.0012619047619047618,4.239130434782608,975,,,,,,,,
,,,4.239130434782608,975,0.4538695812225342,0.8553921568627451,0.902155887230514,336.5069,,,,
0.3881,1.3021994829177856,0.0012380952380952382,4.3478260869565215,1000,,,,,,,,
,,,4.3478260869565215,1000,0.35191744565963745,0.8651960784313726,0.8979591836734695,344.9076,,,,
0.3822,1.2777025699615479,0.0012142857142857142,4.456521739130435,1025,,,,,,,,
,,,4.456521739130435,1025,0.3577978014945984,0.8651960784313726,0.9012567324955117,354.086,,,,
0.3498,3.4436237812042236,0.0011904761904761906,4.565217391304348,1050,,,,,,,,
,,,4.565217391304348,1050,0.37332817912101746,0.8602941176470589,0.9042016806722689,362.8743,,,,
0.3132,0.5005345940589905,0.0011666666666666668,4.673913043478261,1075,,,,,,,,
,,,4.673913043478261,1075,0.3316512107849121,0.8553921568627451,0.8925318761384335,371.3662,,,,
0.3396,2.4713847637176514,0.0011428571428571427,4.782608695652174,1100,,,,,,,,
,,,4.782608695652174,1100,0.3605971336364746,0.875,0.9074410163339381,380.0951,,,,
0.3419,1.3843121528625488,0.0011190476190476191,4.891304347826087,1125,,,,,,,,
,,,4.891304347826087,1125,0.33173123002052307,0.8823529411764706,0.9104477611940299,388.8209,,,,
0.3531,0.5983709096908569,0.0010952380952380953,5.0,1150,,,,,,,,
,,,5.0,1150,0.30442219972610474,0.8921568627450981,0.9202898550724639,397.4295,,,,
0.3162,1.119705080986023,0.0010714285714285715,5.108695652173913,1175,,,,,,,,
,,,5.108695652173913,1175,0.5516069531440735,0.8186274509803921,0.8810289389067525,405.9481,,,,
0.3266,1.3120219707489014,0.0010476190476190477,5.217391304347826,1200,,,,,,,,
,,,5.217391304347826,1200,0.32170096039772034,0.8848039215686274,0.9134438305709024,414.6835,,,,
0.3052,1.0553667545318604,0.0010238095238095238,5.326086956521739,1225,,,,,,,,
,,,5.326086956521739,1225,0.37491193413734436,0.8799019607843137,0.9135802469135803,423.2095,,,,
0.3235,0.8188766837120056,0.001,5.434782608695652,1250,,,,,,,,
,,,5.434782608695652,1250,0.30818554759025574,0.8946078431372549,0.9228007181328547,431.6989,,,,
0.2542,1.8976858854293823,0.0009761904761904762,5.543478260869565,1275,,,,,,,,
,,,5.543478260869565,1275,0.35029470920562744,0.8921568627450981,0.9194139194139195,440.3391,,,,
0.2789,3.450528621673584,0.0009523809523809524,5.6521739130434785,1300,,,,,,,,
,,,5.6521739130434785,1300,0.3494235873222351,0.8676470588235294,0.8977272727272727,448.9003,,,,
0.238,0.8738389015197754,0.0009285714285714287,5.760869565217392,1325,,,,,,,,
,,,5.760869565217392,1325,0.39123985171318054,0.8848039215686274,0.9182608695652175,457.5122,,,,
0.3035,0.8869308233261108,0.0009047619047619047,5.869565217391305,1350,,,,,,,,
,,,5.869565217391305,1350,0.4637351930141449,0.8651960784313726,0.9053356282271946,466.3511,,,,
0.3329,1.2926143407821655,0.0008809523809523809,5.978260869565218,1375,,,,,,,,
,,,5.978260869565218,1375,0.39387452602386475,0.8553921568627451,0.9008403361344538,475.1735,,,,
0.2501,3.358678102493286,0.0008571428571428571,6.086956521739131,1400,,,,,,,,
,,,6.086956521739131,1400,0.4934782385826111,0.8676470588235294,0.9096989966555185,483.5915,,,,
0.2606,3.209418773651123,0.0008333333333333334,6.195652173913044,1425,,,,,,,,
,,,6.195652173913044,1425,0.5209077000617981,0.8504901960784313,0.8985024958402663,492.6428,,,,
0.257,1.6745588779449463,0.0008095238095238096,6.304347826086957,1450,,,,,,,,
,,,6.304347826086957,1450,0.36406654119491577,0.8946078431372549,0.9219600725952813,501.1811,,,,
0.2836,1.022720217704773,0.0007857142857142857,6.413043478260869,1475,,,,,,,,
,,,6.413043478260869,1475,0.29759424924850464,0.9044117647058824,0.9297297297297297,509.7278,,,,
0.281,1.0962104797363281,0.0007619047619047619,6.521739130434782,1500,,,,,,,,
,,,6.521739130434782,1500,0.4763055741786957,0.8382352941176471,0.872093023255814,518.5309,,,,
0.2935,1.1012324094772339,0.0007380952380952381,6.630434782608695,1525,,,,,,,,
,,,6.630434782608695,1525,0.3441481590270996,0.8872549019607843,0.9148148148148149,527.7004,,,,
0.2679,0.7169256806373596,0.0007142857142857143,6.739130434782608,1550,,,,,,,,
,,,6.739130434782608,1550,0.3455960750579834,0.8872549019607843,0.9175627240143369,536.1334,,,,
0.1971,1.3001368045806885,0.0006904761904761905,6.8478260869565215,1575,,,,,,,,
,,,6.8478260869565215,1575,0.3549076020717621,0.8897058823529411,0.9194991055456172,544.6826,,,,
0.2923,1.5418286323547363,0.0006666666666666666,6.956521739130435,1600,,,,,,,,
,,,6.956521739130435,1600,0.37625131011009216,0.8872549019607843,0.9148148148148149,553.4913,,,,
0.1911,2.7518222332000732,0.0006428571428571429,7.065217391304348,1625,,,,,,,,
,,,7.065217391304348,1625,0.3554081916809082,0.8921568627450981,0.9197080291970803,561.914,,,,
0.2334,2.001054286956787,0.0006190476190476191,7.173913043478261,1650,,,,,,,,
,,,7.173913043478261,1650,0.4115562438964844,0.8725490196078431,0.9007633587786259,570.3595,,,,
0.1779,0.4469750225543976,0.0005952380952380953,7.282608695652174,1675,,,,,,,,
,,,7.282608695652174,1675,0.3692648410797119,0.8921568627450981,0.9225352112676057,579.007,,,,
0.2385,3.69260835647583,0.0005714285714285714,7.391304347826087,1700,,,,,,,,
,,,7.391304347826087,1700,0.388447642326355,0.8995098039215687,0.9266547406082289,587.6564,,,,
0.1875,1.0093889236450195,0.0005476190476190477,7.5,1725,,,,,,,,
,,,7.5,1725,0.42907264828681946,0.8823529411764706,0.9111111111111111,596.2931,,,,
0.2171,1.3234636783599854,0.0005238095238095238,7.608695652173913,1750,,,,,,,,
,,,7.608695652173913,1750,0.3742121458053589,0.8700980392156863,0.9084628670120898,605.0399,,,,
0.2243,2.917369842529297,0.0005,7.717391304347826,1775,,,,,,,,
,,,7.717391304347826,1775,0.3932323753833771,0.8700980392156863,0.9081455805892548,613.841,,,,
0.19,0.7140343189239502,0.0004761904761904762,7.826086956521739,1800,,,,,,,,
,,,7.826086956521739,1800,0.37395229935646057,0.8921568627450981,0.9205776173285197,622.2559,,,,
0.2025,1.4989829063415527,0.00045238095238095237,7.934782608695652,1825,,,,,,,,
,,,7.934782608695652,1825,0.37452518939971924,0.875,0.9064220183486239,631.2764,,,,
0.1693,2.2127323150634766,0.00042857142857142855,8.043478260869565,1850,,,,,,,,
,,,8.043478260869565,1850,0.39638420939445496,0.8897058823529411,0.9174311926605504,640.0016,,,,
0.1186,0.3755975663661957,0.0004047619047619048,8.152173913043478,1875,,,,,,,,
,,,8.152173913043478,1875,0.45408472418785095,0.8848039215686274,0.9150090415913201,648.5394,,,,
0.1234,1.5726767778396606,0.00038095238095238096,8.26086956521739,1900,,,,,,,,
,,,8.26086956521739,1900,0.4814055263996124,0.8921568627450981,0.9208633093525179,657.2026,,,,
0.1218,2.232631206512451,0.00035714285714285714,8.369565217391305,1925,,,,,,,,
,,,8.369565217391305,1925,0.445562481880188,0.8946078431372549,0.9233511586452763,666.1297,,,,
0.148,1.2470699548721313,0.0003333333333333333,8.478260869565217,1950,,,,,,,,
,,,8.478260869565217,1950,0.48029381036758423,0.8774509803921569,0.912280701754386,674.9475,,,,
0.1291,0.4089404344558716,0.00030952380952380956,8.58695652173913,1975,,,,,,,,
,,,8.58695652173913,1975,0.43716323375701904,0.8970588235294118,0.9249999999999999,683.4308,,,,
0.196,1.6198616027832031,0.0002857142857142857,8.695652173913043,2000,,,,,,,,
,,,8.695652173913043,2000,0.4400084614753723,0.8897058823529411,0.9211908931698775,692.3324,,,,
0.1203,2.2130746841430664,0.0002619047619047619,8.804347826086957,2025,,,,,,,,
,,,8.804347826086957,2025,0.4265374541282654,0.8921568627450981,0.9214285714285715,701.3423,,,,
0.1751,1.211490511894226,0.0002380952380952381,8.91304347826087,2050,,,,,,,,
,,,8.91304347826087,2050,0.4071785509586334,0.8872549019607843,0.9181494661921709,709.9851,,,,
0.1154,0.7437297701835632,0.00021428571428571427,9.021739130434783,2075,,,,,,,,
,,,9.021739130434783,2075,0.4252495765686035,0.8872549019607843,0.9154411764705882,718.804,,,,
0.085,0.8139931559562683,0.00019047619047619048,9.130434782608695,2100,,,,,,,,
,,,9.130434782608695,2100,0.43826884031295776,0.8848039215686274,0.9162210338680927,727.709,,,,
0.0933,1.686649203300476,0.00016666666666666666,9.23913043478261,2125,,,,,,,,
,,,9.23913043478261,2125,0.44685637950897217,0.8823529411764706,0.9133574007220215,736.4696,,,,
0.0996,2.0905468463897705,0.00014285714285714284,9.347826086956522,2150,,,,,,,,
,,,9.347826086956522,2150,0.4737408459186554,0.8848039215686274,0.9159212880143113,745.1762,,,,
0.1114,3.9797163009643555,0.00011904761904761905,9.456521739130435,2175,,,,,,,,
,,,9.456521739130435,2175,0.45220619440078735,0.8872549019607843,0.9175627240143369,754.0023,,,,
0.1121,0.2741073668003082,9.523809523809524e-05,9.565217391304348,2200,,,,,,,,
,,,9.565217391304348,2200,0.44811809062957764,0.8897058823529411,0.9183303085299456,762.6073,,,,
0.1361,2.894446611404419,7.142857142857142e-05,9.673913043478262,2225,,,,,,,,
,,,9.673913043478262,2225,0.43759432435035706,0.8921568627450981,0.9208633093525179,771.2438,,,,
0.1163,0.13086223602294922,4.761904761904762e-05,9.782608695652174,2250,,,,,,,,
,,,9.782608695652174,2250,0.43444550037384033,0.8946078431372549,0.9228007181328547,780.2457,,,,
0.0712,0.919398307800293,2.380952380952381e-05,9.891304347826086,2275,,,,,,,,
,,,9.891304347826086,2275,0.44127213954925537,0.8970588235294118,0.924187725631769,789.1594,,,,
0.0871,0.083984375,0.0,10.0,2300,,,,,,,,
,,,10.0,2300,0.4407917857170105,0.8946078431372549,0.9225225225225226,797.8317,,,,
,,,10.0,2300,,,,797.4502,45.997,2.884,1540410901840608.0,0.37440642994383105
