loss,grad_norm,learning_rate,epoch,step,eval_loss,eval_accuracy,eval_f1,train_runtime,train_samples_per_second,train_steps_per_second,total_flos,train_loss
1.0212,1.976704716682434,1e-05,0.004347826086956522,1,,,,,,,,
0.9696,3.3600759506225586,0.00025,0.10869565217391304,25,,,,,,,,
,,,0.10869565217391304,25,0.8807582259178162,0.6838235294117647,0.8122270742358079,8.1549,,,,
0.91,1.0546314716339111,0.0005,0.21739130434782608,50,,,,,,,,
,,,0.21739130434782608,50,0.7459133267402649,0.6838235294117647,0.8122270742358079,15.8934,,,,
0.6847,0.5635933876037598,0.00075,0.32608695652173914,75,,,,,,,,
,,,0.32608695652173914,75,0.6471572518348694,0.6838235294117647,0.8122270742358079,24.0077,,,,
0.6587,1.9911047220230103,0.001,0.43478260869565216,100,,,,,,,,
,,,0.43478260869565216,100,0.630035936832428,0.6838235294117647,0.8122270742358079,31.7062,,,,
0.6177,0.9002051949501038,0.00125,0.5434782608695652,125,,,,,,,,
,,,0.5434782608695652,125,0.6307217478752136,0.6936274509803921,0.8169838945827232,39.7684,,,,
0.6306,3.4633262157440186,0.0015,0.6521739130434783,150,,,,,,,,
,,,0.6521739130434783,150,0.5518933534622192,0.7598039215686274,0.8333333333333333,47.5868,,,,
0.6108,2.147552251815796,0.00175,0.7608695652173914,175,,,,,,,,
,,,0.7608695652173914,175,0.5049671530723572,0.7549019607843137,0.8392282958199357,55.5876,,,,
0.5666,1.8495997190475464,0.002,0.8695652173913043,200,,,,,,,,
,,,0.8695652173913043,200,0.6721668839454651,0.7450980392156863,0.8399999999999999,63.643,,,,
0.5196,3.4604380130767822,0.0019761904761904764,0.9782608695652174,225,,,,,,,,
,,,0.9782608695652174,225,0.4088349938392639,0.8112745098039216,0.8538899430740038,71.4497,,,,
0.5185,3.2514781951904297,0.0019523809523809524,1.0869565217391304,250,,,,,,,,
,,,1.0869565217391304,250,0.5387018918991089,0.8186274509803921,0.8794788273615635,79.1721,,,,
0.5183,3.928130865097046,0.0019285714285714286,1.1956521739130435,275,,,,,,,,
,,,1.1956521739130435,275,0.3676696717739105,0.8480392156862745,0.8872727272727273,87.2585,,,,
0.4735,1.2794889211654663,0.0019047619047619048,1.3043478260869565,300,,,,,,,,
,,,1.3043478260869565,300,0.37290942668914795,0.8553921568627451,0.8984509466437176,95.4507,,,,
0.4886,3.267876386642456,0.001880952380952381,1.4130434782608696,325,,,,,,,,
,,,1.4130434782608696,325,0.41674351692199707,0.8431372549019608,0.8814814814814815,103.5265,,,,
0.5077,8.9561767578125,0.0018571428571428573,1.5217391304347827,350,,,,,,,,
,,,1.5217391304347827,350,0.407609224319458,0.8333333333333334,0.8866666666666667,111.5282,,,,
0.4497,2.245560646057129,0.0018333333333333333,1.6304347826086958,375,,,,,,,,
,,,1.6304347826086958,375,0.3527407646179199,0.8602941176470589,0.8942486085343229,119.2247,,,,
0.4157,2.561347246170044,0.0018095238095238095,1.7391304347826086,400,,,,,,,,
,,,1.7391304347826086,400,0.45375922322273254,0.8627450980392157,0.9047619047619047,127.4254,,,,
0.4414,3.204789400100708,0.0017857142857142859,1.8478260869565217,425,,,,,,,,
,,,1.8478260869565217,425,0.34706103801727295,0.8774509803921569,0.9137931034482758,135.3271,,,,
0.4404,1.8538458347320557,0.0017619047619047618,1.9565217391304348,450,,,,,,,,
,,,1.9565217391304348,450,0.36286264657974243,0.8676470588235294,0.9078498293515359,143.5207,,,,
0.3816,1.4973634481430054,0.0017380952380952382,2.0652173913043477,475,,,,,,,,
,,,2.0652173913043477,475,0.4508640468120575,0.8259803921568627,0.8841761827079935,151.3746,,,,
0.4306,3.1096303462982178,0.0017142857142857142,2.1739130434782608,500,,,,,,,,
,,,2.1739130434782608,500,0.3416830599308014,0.8529411764705882,0.8924731182795699,159.2377,,,,
0.3557,3.122622013092041,0.0016904761904761906,2.282608695652174,525,,,,,,,,
,,,2.282608695652174,525,0.34584784507751465,0.8480392156862745,0.8896797153024911,167.459,,,,
0.3244,2.630481243133545,0.0016666666666666668,2.391304347826087,550,,,,,,,,
,,,2.391304347826087,550,0.3439106047153473,0.8676470588235294,0.9039145907473309,175.2939,,,,
0.3754,5.437091827392578,0.0016428571428571427,2.5,575,,,,,,,,
,,,2.5,575,0.3938596248626709,0.8627450980392157,0.9063545150501673,183.2313,,,,
0.3664,5.63131046295166,0.0016190476190476191,2.608695652173913,600,,,,,,,,
,,,2.608695652173913,600,0.3334540128707886,0.8823529411764706,0.9180887372013652,191.3193,,,,
0.3526,7.7842936515808105,0.0015952380952380953,2.717391304347826,625,,,,,,,,
,,,2.717391304347826,625,0.4973161816596985,0.8382352941176471,0.8925081433224756,199.3213,,,,
0.45,7.920994758605957,0.0015714285714285715,2.8260869565217392,650,,,,,,,,
,,,2.8260869565217392,650,0.34490302205085754,0.8676470588235294,0.9081632653061223,207.4477,,,,
0.3726,6.457730770111084,0.0015476190476190477,2.9347826086956523,675,,,,,,,,
,,,2.9347826086956523,675,0.3782961964607239,0.875,0.9131175468483815,215.6881,,,,
0.3457,2.214785099029541,0.0015238095238095239,3.0434782608695654,700,,,,,,,,
,,,3.0434782608695654,700,0.3889674246311188,0.8602941176470589,0.902229845626072,223.2703,,,,
0.3694,5.759397506713867,0.0015,3.1521739130434785,725,,,,,,,,
,,,3.1521739130434785,725,0.4451198875904083,0.8455882352941176,0.896551724137931,231.3521,,,,
0.3392,1.7829313278198242,0.0014761904761904762,3.260869565217391,750,,,,,,,,
,,,3.260869565217391,750,0.33895882964134216,0.8799019607843137,0.9144851657940662,239.4356,,,,
0.3376,5.685861110687256,0.0014523809523809524,3.369565217391304,775,,,,,,,,
,,,3.369565217391304,775,0.3455938398838043,0.8676470588235294,0.9052631578947367,247.1138,,,,
0.3534,4.378181457519531,0.0014285714285714286,3.4782608695652173,800,,,,,,,,
,,,3.4782608695652173,800,0.4336584508419037,0.8406862745098039,0.891846921797005,255.2748,,,,
0.3861,2.9930596351623535,0.0014047619047619047,3.5869565217391304,825,,,,,,,,
,,,3.5869565217391304,825,0.3263539671897888,0.8700980392156863,0.9075043630017452,263.3042,,,,
0.3453,4.7791619300842285,0.001380952380952381,3.6956521739130435,850,,,,,,,,
,,,3.6956521739130435,850,0.33119910955429077,0.8627450980392157,0.8992805755395683,271.3924,,,,
0.3543,8.761165618896484,0.0013571428571428573,3.8043478260869565,875,,,,,,,,
,,,3.8043478260869565,875,0.3991924822330475,0.8529411764705882,0.8863636363636364,279.5902,,,,
0.3506,3.758237838745117,0.0013333333333333333,3.9130434782608696,900,,,,,,,,
,,,3.9130434782608696,900,0.34879761934280396,0.8848039215686274,0.9168141592920355,287.5769,,,,
0.3461,3.938110589981079,0.0013095238095238095,4.021739130434782,925,,,,,,,,
,,,4.021739130434782,925,0.32881051301956177,0.8676470588235294,0.9028776978417268,295.4872,,,,
0.2751,1.3801753520965576,0.0012857142857142859,4.130434782608695,950,,,,,,,,
,,,4.130434782608695,950,0.3922950029373169,0.8946078431372549,0.9264957264957265,303.6951,,,,
0.3327,7.356913089752197,0.0012619047619047618,4.239130434782608,975,,,,,,,,
,,,4.239130434782608,975,0.49205294251441956,0.8455882352941176,0.8962108731466227,311.4243,,,,
0.3207,4.305488109588623,0.0012380952380952382,4.3478260869565215,1000,,,,,,,,
,,,4.3478260869565215,1000,0.33737093210220337,0.8725490196078431,0.9068100358422939,319.5513,,,,
0.3585,4.149328708648682,0.0012142857142857142,4.456521739130435,1025,,,,,,,,
,,,4.456521739130435,1025,0.3254455626010895,0.8627450980392157,0.8978102189781021,328.2966,,,,
0.2736,4.034726619720459,0.0011904761904761906,4.565217391304348,1050,,,,,,,,
,,,4.565217391304348,1050,0.4103028476238251,0.8774509803921569,0.9155405405405406,336.2744,,,,
0.3064,2.931664228439331,0.0011666666666666668,4.673913043478261,1075,,,,,,,,
,,,4.673913043478261,1075,0.3640202581882477,0.8602941176470589,0.9028960817717206,344.4576,,,,
0.277,7.8844780921936035,0.0011428571428571427,4.782608695652174,1100,,,,,,,,
,,,4.782608695652174,1100,0.39580926299095154,0.8725490196078431,0.907473309608541,352.394,,,,
0.3001,2.1071436405181885,0.0011190476190476191,4.891304347826087,1125,,,,,,,,
,,,4.891304347826087,1125,0.34708860516548157,0.8725490196078431,0.9057971014492753,360.3746,,,,
0.3038,0.5832371115684509,0.0010952380952380953,5.0,1150,,,,,,,,
,,,5.0,1150,0.3067626357078552,0.8823529411764706,0.9142857142857143,368.6201,,,,
0.2757,1.3303767442703247,0.0010714285714285715,5.108695652173913,1175,,,,,,,,
,,,5.108695652173913,1175,0.47946134209632874,0.8578431372549019,0.9039735099337749,376.3789,,,,
0.2686,6.281480312347412,0.0010476190476190477,5.217391304347826,1200,,,,,,,,
,,,5.217391304347826,1200,0.320624977350235,0.9019607843137255,0.9303135888501741,384.4792,,,,
0.2715,2.5236401557922363,0.0010238095238095238,5.326086956521739,1225,,,,,,,,
,,,5.326086956521739,1225,0.35707521438598633,0.8725490196078431,0.9044117647058824,392.602,,,,
0.2913,3.8102664947509766,0.001,5.434782608695652,1250,,,,,,,,
,,,5.434782608695652,1250,0.31753334403038025,0.8848039215686274,0.9153153153153154,400.4228,,,,
0.2607,6.354634761810303,0.0009761904761904762,5.543478260869565,1275,,,,,,,,
,,,5.543478260869565,1275,0.38903576135635376,0.8897058823529411,0.9180327868852459,408.468,,,,
0.283,3.2272238731384277,0.0009523809523809524,5.6521739130434785,1300,,,,,,,,
,,,5.6521739130434785,1300,0.34628400206565857,0.8799019607843137,0.9110707803992741,416.564,,,,
0.2466,1.2700779438018799,0.0009285714285714287,5.760869565217392,1325,,,,,,,,
,,,5.760869565217392,1325,0.3652889132499695,0.875,0.9103690685413005,424.5583,,,,
0.2848,3.3505637645721436,0.0009047619047619047,5.869565217391305,1350,,,,,,,,
,,,5.869565217391305,1350,0.38008370995521545,0.875,0.911917098445596,432.8618,,,,
0.3253,2.530214548110962,0.0008809523809523809,5.978260869565218,1375,,,,,,,,
,,,5.978260869565218,1375,0.33660888671875,0.8848039215686274,0.917975567190227,441.0323,,,,
0.202,24.94554901123047,0.0008571428571428571,6.086956521739131,1400,,,,,,,,
,,,6.086956521739131,1400,0.7589888572692871,0.8553921568627451,0.9028006589785832,448.8457,,,,
0.3356,8.402661323547363,0.0008333333333333334,6.195652173913044,1425,,,,,,,,
,,,6.195652173913044,1425,0.6067975759506226,0.8578431372549019,0.9042904290429044,457.3461,,,,
0.242,3.7971222400665283,0.0008095238095238096,6.304347826086957,1450,,,,,,,,
,,,6.304347826086957,1450,0.36147284507751465,0.8848039215686274,0.9182608695652175,465.115,,,,
0.2535,2.638075828552246,0.0007857142857142857,6.413043478260869,1475,,,,,,,,
,,,6.413043478260869,1475,0.34117835760116577,0.8897058823529411,0.9209138840070299,473.0146,,,,
0.2335,1.6065319776535034,0.0007619047619047619,6.521739130434782,1500,,,,,,,,
,,,6.521739130434782,1500,0.4129708707332611,0.8725490196078431,0.9078014184397164,481.0608,,,,
0.2433,4.599661827087402,0.0007380952380952381,6.630434782608695,1525,,,,,,,,
,,,6.630434782608695,1525,0.40396878123283386,0.8799019607843137,0.9147826086956522,489.4262,,,,
0.2351,2.9967386722564697,0.0007142857142857143,6.739130434782608,1550,,,,,,,,
,,,6.739130434782608,1550,0.3535115122795105,0.8823529411764706,0.9148936170212766,497.3073,,,,
0.1914,3.698263168334961,0.0006904761904761905,6.8478260869565215,1575,,,,,,,,
,,,6.8478260869565215,1575,0.38953593373298645,0.8946078431372549,0.9238938053097344,505.4157,,,,
0.2835,4.04400634765625,0.0006666666666666666,6.956521739130435,1600,,,,,,,,
,,,6.956521739130435,1600,0.3371993899345398,0.8848039215686274,0.9153153153153154,513.4338,,,,
0.1765,9.859395027160645,0.0006428571428571429,7.065217391304348,1625,,,,,,,,
,,,7.065217391304348,1625,0.3868241310119629,0.8872549019607843,0.9190140845070423,521.3495,,,,
0.1751,6.379347801208496,0.0006190476190476191,7.173913043478261,1650,,,,,,,,
,,,7.173913043478261,1650,0.45196962356567383,0.8897058823529411,0.9183303085299456,529.4191,,,,
0.1632,4.9373369216918945,0.0005952380952380953,7.282608695652174,1675,,,,,,,,
,,,7.282608695652174,1675,0.44740647077560425,0.8823529411764706,0.9172413793103448,537.2893,,,,
0.2088,9.85450553894043,0.0005714285714285714,7.391304347826087,1700,,,,,,,,
,,,7.391304347826087,1700,0.523078978061676,0.8848039215686274,0.919931856899489,545.4888,,,,
0.1975,0.9283356070518494,0.0005476190476190477,7.5,1725,,,,,,,,
,,,7.5,1725,0.4390557110309601,0.8848039215686274,0.9173989455184535,553.7056,,,,
0.2192,1.3389040231704712,0.0005238095238095238,7.608695652173913,1750,,,,,,,,
,,,7.608695652173913,1750,0.37522369623184204,0.8848039215686274,0.917975567190227,561.8798,,,,
0.2017,10.142422676086426,0.0005,7.717391304347826,1775,,,,,,,,
,,,7.717391304347826,1775,0.5118470191955566,0.8700980392156863,0.9084628670120898,570.1271,,,,
0.1972,7.337889194488525,0.0004761904761904762,7.826086956521739,1800,,,,,,,,
,,,7.826086956521739,1800,0.48106849193573,0.8774509803921569,0.9137931034482758,578.0444,,,,
0.1519,1.594137191772461,0.00045238095238095237,7.934782608695652,1825,,,,,,,,
,,,7.934782608695652,1825,0.41997992992401123,0.8946078431372549,0.9233511586452763,586.2294,,,,
0.2201,2.7167863845825195,0.00042857142857142855,8.043478260869565,1850,,,,,,,,
,,,8.043478260869565,1850,0.4568485915660858,0.8921568627450981,0.9236111111111112,594.3509,,,,
0.1365,0.6551332473754883,0.0004047619047619048,8.152173913043478,1875,,,,,,,,
,,,8.152173913043478,1875,0.4709954261779785,0.8897058823529411,0.9214659685863874,602.3555,,,,
0.1057,0.17257525026798248,0.00038095238095238096,8.26086956521739,1900,,,,,,,,
,,,8.26086956521739,1900,0.5867912173271179,0.8897058823529411,0.9225473321858865,610.2772,,,,
0.144,7.532968044281006,0.00035714285714285714,8.369565217391305,1925,,,,,,,,
,,,8.369565217391305,1925,0.5506503582000732,0.8872549019607843,0.9192982456140351,618.5168,,,,
0.1681,0.2549244463443756,0.0003333333333333333,8.478260869565217,1950,,,,,,,,
,,,8.478260869565217,1950,0.5294665694236755,0.8872549019607843,0.9178571428571428,626.5543,,,,
0.0654,2.127530336380005,0.00030952380952380956,8.58695652173913,1975,,,,,,,,
,,,8.58695652173913,1975,0.5599886775016785,0.8946078431372549,0.925476603119584,634.4527,,,,
0.2128,0.4873957335948944,0.0002857142857142857,8.695652173913043,2000,,,,,,,,
,,,8.695652173913043,2000,0.49225908517837524,0.8897058823529411,0.9200710479573712,642.6173,,,,
0.1084,9.157842636108398,0.0002619047619047619,8.804347826086957,2025,,,,,,,,
,,,8.804347826086957,2025,0.5215956568717957,0.8823529411764706,0.9151943462897526,650.6856,,,,
0.1431,3.686037540435791,0.0002380952380952381,8.91304347826087,2050,,,,,,,,
,,,8.91304347826087,2050,0.5570369958877563,0.8848039215686274,0.9182608695652175,658.8031,,,,
0.1722,6.6782965660095215,0.00021428571428571427,9.021739130434783,2075,,,,,,,,
,,,9.021739130434783,2075,0.4889880120754242,0.8872549019607843,0.9184397163120569,666.8476,,,,
0.081,2.1251230239868164,0.00019047619047619048,9.130434782608695,2100,,,,,,,,
,,,9.130434782608695,2100,0.5274889469146729,0.8897058823529411,0.9203539823008849,674.6671,,,,
0.1324,2.2442705631256104,0.00016666666666666666,9.23913043478261,2125,,,,,,,,
,,,9.23913043478261,2125,0.5272822380065918,0.8921568627450981,0.9217081850533807,682.8101,,,,
0.1122,0.7338745594024658,0.00014285714285714284,9.347826086956522,2150,,,,,,,,
,,,9.347826086956522,2150,0.507013738155365,0.8921568627450981,0.9219858156028369,690.8155,,,,
0.1516,9.806807518005371,0.00011904761904761905,9.456521739130435,2175,,,,,,,,
,,,9.456521739130435,2175,0.4969446659088135,0.8921568627450981,0.9228070175438596,698.7371,,,,
0.1,0.6473395824432373,9.523809523809524e-05,9.565217391304348,2200,,,,,,,,
,,,9.565217391304348,2200,0.5113331079483032,0.8946078431372549,0.9244288224956063,706.8838,,,,
0.1362,3.7597856521606445,7.142857142857142e-05,9.673913043478262,2225,,,,,,,,
,,,9.673913043478262,2225,0.5335798263549805,0.8970588235294118,0.926829268292683,714.814,,,,
0.1059,1.5673189163208008,4.761904761904762e-05,9.782608695652174,2250,,,,,,,,
,,,9.782608695652174,2250,0.5527370572090149,0.8872549019607843,0.9204152249134948,722.7143,,,,
0.1012,1.4331157207489014,2.380952380952381e-05,9.891304347826086,2275,,,,,,,,
,,,9.891304347826086,2275,0.5415534973144531,0.8872549019607843,0.9192982456140351,730.9916,,,,
0.1037,0.08460937440395355,0.0,10.0,2300,,,,,,,,
,,,10.0,2300,0.5412937998771667,0.8897058823529411,0.9209138840070299,738.9613,,,,
,,,10.0,2300,,,,738.6179,49.66,3.114,1453846692929568.0,0.3155192721926648
