loss,grad_norm,learning_rate,epoch,step,eval_loss,eval_accuracy,train_runtime,train_samples_per_second,train_steps_per_second,total_flos,train_loss
0.6833,0.7458153367042542,3.5e-06,0.00641025641025641,1,,,,,,,
0.7027,0.9305906891822815,0.000175,0.32051282051282054,50,,,,,,,
,,,0.32051282051282054,50,0.6917012333869934,0.5270758122743683,19.6298,,,,
0.6994,2.199673891067505,0.00035,0.6410256410256411,100,,,,,,,
,,,0.6410256410256411,100,0.69146728515625,0.516245487364621,40.3881,,,,
0.6973,1.5541844367980957,0.000525,0.9615384615384616,150,,,,,,,
,,,0.9615384615384616,150,0.6941463351249695,0.47653429602888087,60.9745,,,,
0.6943,2.2817294597625732,0.0007,1.282051282051282,200,,,,,,,
,,,1.282051282051282,200,0.6754250526428223,0.5740072202166066,81.3984,,,,
0.7034,0.5086227059364319,0.0006742647058823529,1.6025641025641026,250,,,,,,,
,,,1.6025641025641026,250,0.6923690438270569,0.5270758122743683,101.3499,,,,
0.6981,1.7341889142990112,0.0006485294117647059,1.9230769230769231,300,,,,,,,
,,,1.9230769230769231,300,0.6992766261100769,0.4729241877256318,121.4154,,,,
0.6992,0.5550937652587891,0.0006227941176470587,2.2435897435897436,350,,,,,,,
,,,2.2435897435897436,350,0.7013466358184814,0.4729241877256318,140.8544,,,,
0.7095,1.9622979164123535,0.0005970588235294117,2.564102564102564,400,,,,,,,
,,,2.564102564102564,400,0.7010498046875,0.4729241877256318,160.8424,,,,
0.6963,0.5968567728996277,0.0005713235294117647,2.8846153846153846,450,,,,,,,
,,,2.8846153846153846,450,0.7104220390319824,0.5270758122743683,181.1976,,,,
0.697,0.8829008340835571,0.0005455882352941177,3.2051282051282053,500,,,,,,,
,,,3.2051282051282053,500,0.6925390362739563,0.5270758122743683,201.1479,,,,
0.7021,1.2588640451431274,0.0005198529411764706,3.5256410256410255,550,,,,,,,
,,,3.5256410256410255,550,0.6916854381561279,0.5270758122743683,221.2484,,,,
0.6975,0.8891876339912415,0.0004941176470588236,3.8461538461538463,600,,,,,,,
,,,3.8461538461538463,600,0.6954020261764526,0.4729241877256318,241.3119,,,,
0.6965,0.712253212928772,0.00046838235294117644,4.166666666666667,650,,,,,,,
,,,4.166666666666667,650,0.6927691698074341,0.5270758122743683,261.6417,,,,
0.6976,0.8289271593093872,0.0004426470588235294,4.487179487179487,700,,,,,,,
,,,4.487179487179487,700,0.7059537768363953,0.4729241877256318,281.5816,,,,
0.6968,1.7900093793869019,0.00041691176470588234,4.8076923076923075,750,,,,,,,
,,,4.8076923076923075,750,0.6924633979797363,0.5270758122743683,301.3635,,,,
0.6946,0.38218075037002563,0.0003911764705882353,5.128205128205128,800,,,,,,,
,,,5.128205128205128,800,0.6916979551315308,0.5270758122743683,321.248,,,,
0.7044,0.7117415070533752,0.00036544117647058824,5.448717948717949,850,,,,,,,
,,,5.448717948717949,850,0.6936405301094055,0.4729241877256318,341.6642,,,,
0.7001,2.5256235599517822,0.0003397058823529412,5.769230769230769,900,,,,,,,
,,,5.769230769230769,900,0.6972049474716187,0.4729241877256318,361.6996,,,,
0.6908,0.6199885606765747,0.00031397058823529414,6.089743589743589,950,,,,,,,
,,,6.089743589743589,950,0.6926428079605103,0.5270758122743683,381.3877,,,,
0.6975,1.3191229104995728,0.00028823529411764703,6.410256410256411,1000,,,,,,,
,,,6.410256410256411,1000,0.694140613079071,0.4729241877256318,401.2887,,,,
0.695,0.5469442009925842,0.0002625,6.730769230769231,1050,,,,,,,
,,,6.730769230769231,1050,0.6966992616653442,0.4729241877256318,421.7075,,,,
0.6991,1.2190061807632446,0.00023676470588235296,7.051282051282051,1100,,,,,,,
,,,7.051282051282051,1100,0.6932567358016968,0.4729241877256318,442.0624,,,,
0.6929,0.6407287120819092,0.00021102941176470586,7.371794871794872,1150,,,,,,,
,,,7.371794871794872,1150,0.692968487739563,0.5270758122743683,462.6562,,,,
0.6932,0.7782045602798462,0.00018529411764705883,7.6923076923076925,1200,,,,,,,
,,,7.6923076923076925,1200,0.6943304538726807,0.4729241877256318,482.1711,,,,
0.6975,0.7731570601463318,0.00015955882352941176,8.012820512820513,1250,,,,,,,
,,,8.012820512820513,1250,0.6938812732696533,0.4729241877256318,502.1629,,,,
0.6945,0.8420711159706116,0.0001338235294117647,8.333333333333334,1300,,,,,,,
,,,8.333333333333334,1300,0.6919019222259521,0.5270758122743683,521.9213,,,,
0.6954,0.3240267038345337,0.00010808823529411764,8.653846153846153,1350,,,,,,,
,,,8.653846153846153,1350,0.6921829581260681,0.5270758122743683,541.7252,,,,
0.6955,0.6011282801628113,8.235294117647058e-05,8.974358974358974,1400,,,,,,,
,,,8.974358974358974,1400,0.6927558779716492,0.5270758122743683,561.3838,,,,
0.6952,0.41511040925979614,5.661764705882353e-05,9.294871794871796,1450,,,,,,,
,,,9.294871794871796,1450,0.6929012537002563,0.5270758122743683,581.0388,,,,
0.6959,0.32312169671058655,3.0882352941176475e-05,9.615384615384615,1500,,,,,,,
,,,9.615384615384615,1500,0.6923925280570984,0.5270758122743683,601.2872,,,,
0.6937,0.3444671332836151,5.147058823529411e-06,9.935897435897436,1550,,,,,,,
,,,9.935897435897436,1550,0.6923558115959167,0.5270758122743683,621.46,,,,
,,,10.0,1560,,,624.2966,39.885,2.499,2121286737746880.0,0.6974902717730938
