loss,grad_norm,learning_rate,epoch,step,eval_loss,eval_accuracy,eval_f1,train_runtime,train_samples_per_second,train_steps_per_second,total_flos,train_loss
1.3291,1.9809728860855103,1e-05,0.004347826086956522,1,,,,,,,,
1.2602,3.3608126640319824,0.00025,0.10869565217391304,25,,,,,,,,
,,,0.10869565217391304,25,1.1377341747283936,0.6838235294117647,0.8122270742358079,8.2631,,,,
1.1106,1.04658043384552,0.0005,0.21739130434782608,50,,,,,,,,
,,,0.21739130434782608,50,0.8616331219673157,0.6838235294117647,0.8122270742358079,16.2277,,,,
0.7275,0.5686600804328918,0.00075,0.32608695652173914,75,,,,,,,,
,,,0.32608695652173914,75,0.6653763055801392,0.6838235294117647,0.8122270742358079,24.4077,,,,
0.6679,1.980562448501587,0.001,0.43478260869565216,100,,,,,,,,
,,,0.43478260869565216,100,0.6352776885032654,0.6838235294117647,0.8122270742358079,32.3214,,,,
0.6285,0.7337825894355774,0.00125,0.5434782608695652,125,,,,,,,,
,,,0.5434782608695652,125,0.6289824843406677,0.6838235294117647,0.8122270742358079,40.5931,,,,
0.612,1.8046082258224487,0.0015,0.6521739130434783,150,,,,,,,,
,,,0.6521739130434783,150,0.546550989151001,0.7352941176470589,0.8217821782178217,48.6654,,,,
0.6879,0.5616612434387207,0.00175,0.7608695652173914,175,,,,,,,,
,,,0.7608695652173914,175,0.5836709141731262,0.6838235294117647,0.8122270742358079,57.006,,,,
0.5896,1.7655644416809082,0.002,0.8695652173913043,200,,,,,,,,
,,,0.8695652173913043,200,0.5808421969413757,0.7328431372549019,0.8345978755690441,65.4926,,,,
0.5889,2.288257122039795,0.0019761904761904764,0.9782608695652174,225,,,,,,,,
,,,0.9782608695652174,225,0.5485868453979492,0.7671568627450981,0.8073022312373225,73.8326,,,,
0.5419,1.7144391536712646,0.0019523809523809524,1.0869565217391304,250,,,,,,,,
,,,1.0869565217391304,250,0.48204320669174194,0.7769607843137255,0.821917808219178,81.8554,,,,
0.5383,1.4099823236465454,0.0019285714285714286,1.1956521739130435,275,,,,,,,,
,,,1.1956521739130435,275,0.3947455883026123,0.8382352941176471,0.8838028169014085,90.2613,,,,
0.4772,0.8504464030265808,0.0019047619047619048,1.3043478260869565,300,,,,,,,,
,,,1.3043478260869565,300,0.40373557806015015,0.8651960784313726,0.9029982363315697,98.8193,,,,
0.5351,3.415614366531372,0.001880952380952381,1.4130434782608696,325,,,,,,,,
,,,1.4130434782608696,325,0.5757343769073486,0.7156862745098039,0.7456140350877193,106.9093,,,,
0.5502,3.039472818374634,0.0018571428571428573,1.5217391304347827,350,,,,,,,,
,,,1.5217391304347827,350,0.4242928922176361,0.8235294117647058,0.881578947368421,115.2703,,,,
0.4758,1.6613572835922241,0.0018333333333333333,1.6304347826086958,375,,,,,,,,
,,,1.6304347826086958,375,0.35944777727127075,0.8676470588235294,0.9007352941176471,123.2207,,,,
0.3947,2.9902708530426025,0.0018095238095238095,1.7391304347826086,400,,,,,,,,
,,,1.7391304347826086,400,0.43343937397003174,0.8553921568627451,0.899488926746167,131.4915,,,,
0.465,2.8557839393615723,0.0017857142857142859,1.8478260869565217,425,,,,,,,,
,,,1.8478260869565217,425,0.3847121298313141,0.8455882352941176,0.8955223880597015,139.857,,,,
0.4514,2.641120195388794,0.0017619047619047618,1.9565217391304348,450,,,,,,,,
,,,1.9565217391304348,450,0.34699878096580505,0.8725490196078431,0.9106529209621993,148.1728,,,,
0.3465,1.007238745689392,0.0017380952380952382,2.0652173913043477,475,,,,,,,,
,,,2.0652173913043477,475,0.43647482991218567,0.8161764705882353,0.8784440842787682,156.2801,,,,
0.4688,1.765952706336975,0.0017142857142857142,2.1739130434782608,500,,,,,,,,
,,,2.1739130434782608,500,0.3735068738460541,0.8529411764705882,0.8859315589353611,164.7036,,,,
0.3913,1.5749682188034058,0.0016904761904761906,2.282608695652174,525,,,,,,,,
,,,2.282608695652174,525,0.332319438457489,0.8799019607843137,0.9132743362831858,173.0513,,,,
0.3665,0.8322529792785645,0.0016666666666666668,2.391304347826087,550,,,,,,,,
,,,2.391304347826087,550,0.31301796436309814,0.8897058823529411,0.9192100538599641,181.2874,,,,
0.3772,3.7491800785064697,0.0016428571428571427,2.5,575,,,,,,,,
,,,2.5,575,0.49842044711112976,0.8308823529411765,0.8866995073891626,189.6747,,,,
0.3701,3.281142234802246,0.0016190476190476191,2.608695652173913,600,,,,,,,,
,,,2.608695652173913,600,0.329777330160141,0.8725490196078431,0.9094076655052264,197.7884,,,,
0.3696,2.5954232215881348,0.0015952380952380953,2.717391304347826,625,,,,,,,,
,,,2.717391304347826,625,0.36973875761032104,0.8627450980392157,0.9050847457627118,206.2797,,,,
0.4089,3.573803663253784,0.0015714285714285715,2.8260869565217392,650,,,,,,,,
,,,2.8260869565217392,650,0.31412753462791443,0.8823529411764706,0.9139784946236559,214.6023,,,,
0.3786,3.418531894683838,0.0015476190476190477,2.9347826086956523,675,,,,,,,,
,,,2.9347826086956523,675,0.36365944147109985,0.8651960784313726,0.9029982363315697,222.8682,,,,
0.3369,1.185304880142212,0.0015238095238095239,3.0434782608695654,700,,,,,,,,
,,,3.0434782608695654,700,0.3450799882411957,0.8676470588235294,0.9059233449477352,230.9991,,,,
0.329,1.7208187580108643,0.0015,3.1521739130434785,725,,,,,,,,
,,,3.1521739130434785,725,0.44048458337783813,0.8627450980392157,0.9027777777777778,239.2303,,,,
0.3507,1.4062285423278809,0.0014761904761904762,3.260869565217391,750,,,,,,,,
,,,3.260869565217391,750,0.32802388072013855,0.8774509803921569,0.9119718309859154,247.4575,,,,
0.3964,4.289742946624756,0.0014523809523809524,3.369565217391304,775,,,,,,,,
,,,3.369565217391304,775,0.35523417592048645,0.8725490196078431,0.9100346020761245,255.6809,,,,
0.3138,5.0991034507751465,0.0014285714285714286,3.4782608695652173,800,,,,,,,,
,,,3.4782608695652173,800,0.4706658720970154,0.8406862745098039,0.8932676518883416,263.9093,,,,
0.378,2.365673303604126,0.0014047619047619047,3.5869565217391304,825,,,,,,,,
,,,3.5869565217391304,825,0.30668890476226807,0.8872549019607843,0.9178571428571428,272.1752,,,,
0.3594,2.364675521850586,0.001380952380952381,3.6956521739130435,850,,,,,,,,
,,,3.6956521739130435,850,0.315338134765625,0.875,0.9081081081081082,280.6798,,,,
0.3547,9.726995468139648,0.0013571428571428573,3.8043478260869565,875,,,,,,,,
,,,3.8043478260869565,875,0.36100107431411743,0.8872549019607843,0.9157509157509158,288.8457,,,,
0.3657,2.641035318374634,0.0013333333333333333,3.9130434782608696,900,,,,,,,,
,,,3.9130434782608696,900,0.3630628287792206,0.8823529411764706,0.9191919191919192,297.1545,,,,
0.3882,1.3110294342041016,0.0013095238095238095,4.021739130434782,925,,,,,,,,
,,,4.021739130434782,925,0.2889767587184906,0.8946078431372549,0.9225225225225226,305.4836,,,,
0.2843,0.9267725348472595,0.0012857142857142859,4.130434782608695,950,,,,,,,,
,,,4.130434782608695,950,0.34462153911590576,0.8872549019607843,0.9201388888888888,313.7304,,,,
0.2683,4.786046028137207,0.0012619047619047618,4.239130434782608,975,,,,,,,,
,,,4.239130434782608,975,0.3929893970489502,0.8676470588235294,0.9055944055944055,321.8879,,,,
0.3233,2.1167564392089844,0.0012380952380952382,4.3478260869565215,1000,,,,,,,,
,,,4.3478260869565215,1000,0.32156431674957275,0.875,0.9081081081081082,330.2049,,,,
0.3806,3.1741459369659424,0.0012142857142857142,4.456521739130435,1025,,,,,,,,
,,,4.456521739130435,1025,0.3333197832107544,0.8529411764705882,0.887218045112782,338.6859,,,,
0.2701,4.32632303237915,0.0011904761904761906,4.565217391304348,1050,,,,,,,,
,,,4.565217391304348,1050,0.34893667697906494,0.8897058823529411,0.9233390119250425,347.0832,,,,
0.254,0.6748707294464111,0.0011666666666666668,4.673913043478261,1075,,,,,,,,
,,,4.673913043478261,1075,0.3000778555870056,0.8774509803921569,0.911032028469751,355.5322,,,,
0.2619,4.626142501831055,0.0011428571428571427,4.782608695652174,1100,,,,,,,,
,,,4.782608695652174,1100,0.30176711082458496,0.8970588235294118,0.9263157894736843,363.7979,,,,
0.3199,3.06209397315979,0.0011190476190476191,4.891304347826087,1125,,,,,,,,
,,,4.891304347826087,1125,0.2986457049846649,0.8970588235294118,0.9219330855018588,372.2759,,,,
0.3147,0.5986663699150085,0.0010952380952380953,5.0,1150,,,,,,,,
,,,5.0,1150,0.3050609529018402,0.8946078431372549,0.920517560073937,381.016,,,,
0.2358,2.313368558883667,0.0010714285714285715,5.108695652173913,1175,,,,,,,,
,,,5.108695652173913,1175,0.31457579135894775,0.8848039215686274,0.9171075837742505,389.0149,,,,
0.2291,6.477837562561035,0.0010476190476190477,5.217391304347826,1200,,,,,,,,
,,,5.217391304347826,1200,0.350561261177063,0.8921568627450981,0.9238754325259515,397.5458,,,,
0.2592,1.3111227750778198,0.0010238095238095238,5.326086956521739,1225,,,,,,,,
,,,5.326086956521739,1225,0.30764448642730713,0.8946078431372549,0.9216757741347906,405.8445,,,,
0.2766,1.2665021419525146,0.001,5.434782608695652,1250,,,,,,,,
,,,5.434782608695652,1250,0.3188597857952118,0.8897058823529411,0.9203539823008849,413.8827,,,,
0.2009,5.716751575469971,0.0009761904761904762,5.543478260869565,1275,,,,,,,,
,,,5.543478260869565,1275,0.40145519375801086,0.8970588235294118,0.924187725631769,422.2843,,,,
0.2446,7.5826735496521,0.0009523809523809524,5.6521739130434785,1300,,,,,,,,
,,,5.6521739130434785,1300,0.38307639956474304,0.8676470588235294,0.8992537313432836,430.5718,,,,
0.1955,0.4989278316497803,0.0009285714285714287,5.760869565217392,1325,,,,,,,,
,,,5.760869565217392,1325,0.4013490378856659,0.8872549019607843,0.9206896551724139,438.9033,,,,
0.2698,0.9062817692756653,0.0009047619047619047,5.869565217391305,1350,,,,,,,,
,,,5.869565217391305,1350,0.4239819347858429,0.8823529411764706,0.9175257731958764,447.4932,,,,
0.3014,1.6940629482269287,0.0008809523809523809,5.978260869565218,1375,,,,,,,,
,,,5.978260869565218,1375,0.3655332028865814,0.875,0.9134125636672327,455.9245,,,,
0.1856,8.024786949157715,0.0008571428571428571,6.086956521739131,1400,,,,,,,,
,,,6.086956521739131,1400,0.6005123257637024,0.8700980392156863,0.9121061359867331,464.0632,,,,
0.236,3.917273998260498,0.0008333333333333334,6.195652173913044,1425,,,,,,,,
,,,6.195652173913044,1425,0.4283592700958252,0.8872549019607843,0.9204152249134948,472.8274,,,,
0.1881,6.0396952629089355,0.0008095238095238096,6.304347826086957,1450,,,,,,,,
,,,6.304347826086957,1450,0.37819594144821167,0.8872549019607843,0.9166666666666666,480.8821,,,,
0.2079,1.1711169481277466,0.0007857142857142857,6.413043478260869,1475,,,,,,,,
,,,6.413043478260869,1475,0.3216809928417206,0.9044117647058824,0.9304812834224598,489.3551,,,,
0.2267,0.9738947153091431,0.0007619047619047619,6.521739130434782,1500,,,,,,,,
,,,6.521739130434782,1500,0.4022883176803589,0.8897058823529411,0.9174311926605504,497.7132,,,,
0.2363,8.812122344970703,0.0007380952380952381,6.630434782608695,1525,,,,,,,,
,,,6.630434782608695,1525,0.4100668728351593,0.8897058823529411,0.9211908931698775,506.2667,,,,
0.2217,0.8688385486602783,0.0007142857142857143,6.739130434782608,1550,,,,,,,,
,,,6.739130434782608,1550,0.3496387302875519,0.875,0.9090909090909091,514.6343,,,,
0.1935,2.31467342376709,0.0006904761904761905,6.8478260869565215,1575,,,,,,,,
,,,6.8478260869565215,1575,0.3883329927921295,0.8946078431372549,0.9241622574955909,523.1039,,,,
0.2328,3.427319049835205,0.0006666666666666666,6.956521739130435,1600,,,,,,,,
,,,6.956521739130435,1600,0.38644903898239136,0.8946078431372549,0.9228007181328547,531.4119,,,,
0.1443,7.8443603515625,0.0006428571428571429,7.065217391304348,1625,,,,,,,,
,,,7.065217391304348,1625,0.4197130501270294,0.8872549019607843,0.9172661870503597,539.5859,,,,
0.1906,7.751375198364258,0.0006190476190476191,7.173913043478261,1650,,,,,,,,
,,,7.173913043478261,1650,0.3912452161312103,0.8946078431372549,0.9228007181328547,547.938,,,,
0.1414,0.8197959661483765,0.0005952380952380953,7.282608695652174,1675,,,,,,,,
,,,7.282608695652174,1675,0.4454180896282196,0.8897058823529411,0.9197860962566845,556.1451,,,,
0.172,4.949477195739746,0.0005714285714285714,7.391304347826087,1700,,,,,,,,
,,,7.391304347826087,1700,0.45187804102897644,0.8995098039215687,0.9281961471103327,564.7313,,,,
0.172,0.364646315574646,0.0005476190476190477,7.5,1725,,,,,,,,
,,,7.5,1725,0.45343130826950073,0.8897058823529411,0.9194991055456172,573.246,,,,
0.158,0.38797277212142944,0.0005238095238095238,7.608695652173913,1750,,,,,,,,
,,,7.608695652173913,1750,0.4246273338794708,0.8872549019607843,0.9190140845070423,581.4008,,,,
0.1514,4.9854631423950195,0.0005,7.717391304347826,1775,,,,,,,,
,,,7.717391304347826,1775,0.4958612024784088,0.8897058823529411,0.9220103986135182,590.0285,,,,
0.1885,5.291406154632568,0.0004761904761904762,7.826086956521739,1800,,,,,,,,
,,,7.826086956521739,1800,0.45936521887779236,0.8799019607843137,0.9150779896013865,598.2001,,,,
0.145,1.8318816423416138,0.00045238095238095237,7.934782608695652,1825,,,,,,,,
,,,7.934782608695652,1825,0.4273320436477661,0.8897058823529411,0.918918918918919,606.7121,,,,
0.1204,1.9174963235855103,0.00042857142857142855,8.043478260869565,1850,,,,,,,,
,,,8.043478260869565,1850,0.46651190519332886,0.8897058823529411,0.9203539823008849,615.1305,,,,
0.1201,1.946882724761963,0.0004047619047619048,8.152173913043478,1875,,,,,,,,
,,,8.152173913043478,1875,0.48227402567863464,0.8946078431372549,0.924693520140105,623.5547,,,,
0.1187,0.12569205462932587,0.00038095238095238096,8.26086956521739,1900,,,,,,,,
,,,8.26086956521739,1900,0.5426669120788574,0.8897058823529411,0.9225473321858865,631.9029,,,,
0.0697,5.28026819229126,0.00035714285714285714,8.369565217391305,1925,,,,,,,,
,,,8.369565217391305,1925,0.5608054995536804,0.8995098039215687,0.9284467713787086,640.4464,,,,
0.1392,0.2854853868484497,0.0003333333333333333,8.478260869565217,1950,,,,,,,,
,,,8.478260869565217,1950,0.5523192882537842,0.8897058823529411,0.9194991055456172,648.813,,,,
0.0477,0.9623985290527344,0.00030952380952380956,8.58695652173913,1975,,,,,,,,
,,,8.58695652173913,1975,0.599417507648468,0.8921568627450981,0.9217081850533807,656.9815,,,,
0.1343,0.17104771733283997,0.0002857142857142857,8.695652173913043,2000,,,,,,,,
,,,8.695652173913043,2000,0.625920295715332,0.8946078431372549,0.9259896729776248,665.4099,,,,
0.0688,0.38277769088745117,0.0002619047619047619,8.804347826086957,2025,,,,,,,,
,,,8.804347826086957,2025,0.6159231066703796,0.8848039215686274,0.9162210338680927,674.156,,,,
0.1559,0.8557016849517822,0.0002380952380952381,8.91304347826087,2050,,,,,,,,
,,,8.91304347826087,2050,0.5969319939613342,0.8946078431372549,0.9241622574955909,682.8219,,,,
0.1155,0.11827672272920609,0.00021428571428571427,9.021739130434783,2075,,,,,,,,
,,,9.021739130434783,2075,0.5756708979606628,0.8848039215686274,0.9159212880143113,691.738,,,,
0.0649,5.878323078155518,0.00019047619047619048,9.130434782608695,2100,,,,,,,,
,,,9.130434782608695,2100,0.5800144076347351,0.8897058823529411,0.9194991055456172,700.0552,,,,
0.0814,24.5540828704834,0.00016666666666666666,9.23913043478261,2125,,,,,,,,
,,,9.23913043478261,2125,0.5701495409011841,0.8823529411764706,0.9151943462897526,708.5594,,,,
0.0562,0.21776160597801208,0.00014285714285714284,9.347826086956522,2150,,,,,,,,
,,,9.347826086956522,2150,0.5844671726226807,0.8995098039215687,0.9284467713787086,717.1299,,,,
0.0996,0.13581515848636627,0.00011904761904761905,9.456521739130435,2175,,,,,,,,
,,,9.456521739130435,2175,0.5705969333648682,0.8946078431372549,0.9233511586452763,725.519,,,,
0.0916,0.15891970694065094,9.523809523809524e-05,9.565217391304348,2200,,,,,,,,
,,,9.565217391304348,2200,0.5738855004310608,0.8970588235294118,0.9252669039145908,734.448,,,,
0.1245,9.691873550415039,7.142857142857142e-05,9.673913043478262,2225,,,,,,,,
,,,9.673913043478262,2225,0.5762572288513184,0.9019607843137255,0.9303135888501741,742.9603,,,,
0.0599,0.08531756699085236,4.761904761904762e-05,9.782608695652174,2250,,,,,,,,
,,,9.782608695652174,2250,0.5724084973335266,0.8995098039215687,0.9281961471103327,751.303,,,,
0.0652,0.2813572883605957,2.380952380952381e-05,9.891304347826086,2275,,,,,,,,
,,,9.891304347826086,2275,0.569673478603363,0.8946078431372549,0.9236234458259325,760.0503,,,,
0.1063,0.17133729159832,0.0,10.0,2300,,,,,,,,
,,,10.0,2300,0.5713121294975281,0.8921568627450981,0.9217081850533807,768.4039,,,,
,,,10.0,2300,,,,768.0247,47.759,2.995,1462223874437088.0,0.30953779277594196
