loss,grad_norm,learning_rate,epoch,step,eval_loss,eval_accuracy,eval_f1,train_runtime,train_samples_per_second,train_steps_per_second,total_flos,train_loss
1.5884,1.979391098022461,1e-05,0.004347826086956522,1,,,,,,,,
1.505,3.3594346046447754,0.00025,0.10869565217391304,25,,,,,,,,
,,,0.10869565217391304,25,1.3519420623779297,0.6838235294117647,0.8122270742358079,8.6238,,,,
1.279,1.0495942831039429,0.0005,0.21739130434782608,50,,,,,,,,
,,,0.21739130434782608,50,0.9624680280685425,0.6838235294117647,0.8122270742358079,16.7291,,,,
0.7661,0.5764023661613464,0.00075,0.32608695652173914,75,,,,,,,,
,,,0.32608695652173914,75,0.6766438484191895,0.6838235294117647,0.8122270742358079,25.2542,,,,
0.676,1.997377634048462,0.001,0.43478260869565216,100,,,,,,,,
,,,0.43478260869565216,100,0.6386651992797852,0.6838235294117647,0.8122270742358079,33.4209,,,,
0.6328,0.7872000336647034,0.00125,0.5434782608695652,125,,,,,,,,
,,,0.5434782608695652,125,0.6308655142784119,0.6838235294117647,0.8122270742358079,41.6765,,,,
0.624,1.712892770767212,0.0015,0.6521739130434783,150,,,,,,,,
,,,0.6521739130434783,150,0.5605580806732178,0.7156862745098039,0.7898550724637682,50.009,,,,
0.6654,0.5508652925491333,0.00175,0.7608695652173914,175,,,,,,,,
,,,0.7608695652173914,175,0.5653058886528015,0.6936274509803921,0.8169838945827232,58.5133,,,,
0.6077,1.5969825983047485,0.002,0.8695652173913043,200,,,,,,,,
,,,0.8695652173913043,200,0.6212955117225647,0.7058823529411765,0.8203592814371258,66.7549,,,,
0.7007,0.8272925019264221,0.0019761904761904764,0.9782608695652174,225,,,,,,,,
,,,0.9782608695652174,225,0.5903190970420837,0.7990196078431373,0.8591065292096219,75.1944,,,,
0.6241,1.192669153213501,0.0019523809523809524,1.0869565217391304,250,,,,,,,,
,,,1.0869565217391304,250,0.49251070618629456,0.821078431372549,0.8756388415672913,83.2066,,,,
0.5518,1.5491665601730347,0.0019285714285714286,1.1956521739130435,275,,,,,,,,
,,,1.1956521739130435,275,0.4342900812625885,0.8235294117647058,0.8745644599303136,91.5211,,,,
0.5884,2.958606243133545,0.0019047619047619048,1.3043478260869565,300,,,,,,,,
,,,1.3043478260869565,300,0.5282877087593079,0.7965686274509803,0.8369351669941061,100.0305,,,,
0.5386,1.2851499319076538,0.001880952380952381,1.4130434782608696,325,,,,,,,,
,,,1.4130434782608696,325,0.46013233065605164,0.8308823529411765,0.8715083798882681,108.2857,,,,
0.5304,2.528449773788452,0.0018571428571428573,1.5217391304347827,350,,,,,,,,
,,,1.5217391304347827,350,0.4100080728530884,0.8480392156862745,0.8896797153024911,116.589,,,,
0.5234,1.4829734563827515,0.0018333333333333333,1.6304347826086958,375,,,,,,,,
,,,1.6304347826086958,375,0.41021743416786194,0.8529411764705882,0.8876404494382023,124.8704,,,,
0.4718,1.2157994508743286,0.0018095238095238095,1.7391304347826086,400,,,,,,,,
,,,1.7391304347826086,400,0.394197940826416,0.8651960784313726,0.9033391915641477,133.1143,,,,
0.5017,2.0425968170166016,0.0017857142857142859,1.8478260869565217,425,,,,,,,,
,,,1.8478260869565217,425,0.4366152882575989,0.8333333333333334,0.8888888888888888,141.4197,,,,
0.5246,3.3431031703948975,0.0017619047619047618,1.9565217391304348,450,,,,,,,,
,,,1.9565217391304348,450,0.41294801235198975,0.8529411764705882,0.8976109215017065,149.9535,,,,
0.4116,0.8637275695800781,0.0017380952380952382,2.0652173913043477,475,,,,,,,,
,,,2.0652173913043477,475,0.43789276480674744,0.8137254901960784,0.8758169934640523,157.9333,,,,
0.5024,1.1148327589035034,0.0017142857142857142,2.1739130434782608,500,,,,,,,,
,,,2.1739130434782608,500,0.43121135234832764,0.8063725490196079,0.8435643564356435,166.217,,,,
0.4401,1.1200813055038452,0.0016904761904761906,2.282608695652174,525,,,,,,,,
,,,2.282608695652174,525,0.3945435583591461,0.8382352941176471,0.888135593220339,174.7375,,,,
0.3929,1.0067347288131714,0.0016666666666666668,2.391304347826087,550,,,,,,,,
,,,2.391304347826087,550,0.3428633511066437,0.8725490196078431,0.9061371841155236,182.9353,,,,
0.4228,3.0974507331848145,0.0016428571428571427,2.5,575,,,,,,,,
,,,2.5,575,0.507133424282074,0.8333333333333334,0.8896103896103896,191.1881,,,,
0.4056,1.5830683708190918,0.0016190476190476191,2.608695652173913,600,,,,,,,,
,,,2.608695652173913,600,0.331868052482605,0.8774509803921569,0.9084249084249084,199.5913,,,,
0.3791,4.312956809997559,0.0015952380952380953,2.717391304347826,625,,,,,,,,
,,,2.717391304347826,625,0.4666149616241455,0.8504901960784313,0.897822445561139,207.9958,,,,
0.4681,2.599564552307129,0.0015714285714285715,2.8260869565217392,650,,,,,,,,
,,,2.8260869565217392,650,0.32877588272094727,0.8627450980392157,0.9,216.3461,,,,
0.4004,2.591801643371582,0.0015476190476190477,2.9347826086956523,675,,,,,,,,
,,,2.9347826086956523,675,0.38819974660873413,0.8627450980392157,0.901060070671378,224.9292,,,,
0.364,0.958367645740509,0.0015238095238095239,3.0434782608695654,700,,,,,,,,
,,,3.0434782608695654,700,0.3812100887298584,0.8676470588235294,0.90625,233.0269,,,,
0.3764,1.3372228145599365,0.0015,3.1521739130434785,725,,,,,,,,
,,,3.1521739130434785,725,0.36960554122924805,0.8651960784313726,0.9053356282271946,241.2982,,,,
0.364,1.8206928968429565,0.0014761904761904762,3.260869565217391,750,,,,,,,,
,,,3.260869565217391,750,0.35873687267303467,0.8578431372549019,0.8999999999999999,249.8773,,,,
0.3554,2.8063032627105713,0.0014523809523809524,3.369565217391304,775,,,,,,,,
,,,3.369565217391304,775,0.3493712246417999,0.8725490196078431,0.9112627986348123,258.0107,,,,
0.3193,3.6939611434936523,0.0014285714285714286,3.4782608695652173,800,,,,,,,,
,,,3.4782608695652173,800,0.4243306815624237,0.8455882352941176,0.8923076923076922,266.2426,,,,
0.4036,3.5443031787872314,0.0014047619047619047,3.5869565217391304,825,,,,,,,,
,,,3.5869565217391304,825,0.35835325717926025,0.8602941176470589,0.8946395563770795,274.7919,,,,
0.3821,2.618952751159668,0.001380952380952381,3.6956521739130435,850,,,,,,,,
,,,3.6956521739130435,850,0.35750362277030945,0.8529411764705882,0.8880597014925373,283.2352,,,,
0.379,5.332235336303711,0.0013571428571428573,3.8043478260869565,875,,,,,,,,
,,,3.8043478260869565,875,0.37588417530059814,0.8627450980392157,0.8989169675090252,291.5285,,,,
0.3733,2.262317657470703,0.0013333333333333333,3.9130434782608696,900,,,,,,,,
,,,3.9130434782608696,900,0.356094628572464,0.8627450980392157,0.902439024390244,300.1618,,,,
0.3879,1.3976500034332275,0.0013095238095238095,4.021739130434782,925,,,,,,,,
,,,4.021739130434782,925,0.30679914355278015,0.8774509803921569,0.912280701754386,308.3688,,,,
0.3052,1.4241914749145508,0.0012857142857142859,4.130434782608695,950,,,,,,,,
,,,4.130434782608695,950,0.3259294033050537,0.8872549019607843,0.9190140845070423,316.6762,,,,
0.3209,4.0726237297058105,0.0012619047619047618,4.239130434782608,975,,,,,,,,
,,,4.239130434782608,975,0.4900631904602051,0.8553921568627451,0.9018302828618967,324.9991,,,,
0.3905,1.8307654857635498,0.0012380952380952382,4.3478260869565215,1000,,,,,,,,
,,,4.3478260869565215,1000,0.3315790295600891,0.875,0.9100529100529101,333.1766,,,,
0.3892,3.406036853790283,0.0012142857142857142,4.456521739130435,1025,,,,,,,,
,,,4.456521739130435,1025,0.38145244121551514,0.8382352941176471,0.8735632183908048,341.7983,,,,
0.2985,2.715310573577881,0.0011904761904761906,4.565217391304348,1050,,,,,,,,
,,,4.565217391304348,1050,0.39218610525131226,0.8676470588235294,0.9084745762711864,350.2888,,,,
0.2893,0.5878850817680359,0.0011666666666666668,4.673913043478261,1075,,,,,,,,
,,,4.673913043478261,1075,0.30587637424468994,0.875,0.9090909090909091,358.6965,,,,
0.2967,3.252283811569214,0.0011428571428571427,4.782608695652174,1100,,,,,,,,
,,,4.782608695652174,1100,0.31726327538490295,0.8823529411764706,0.9166666666666667,366.965,,,,
0.3398,1.1184674501419067,0.0011190476190476191,4.891304347826087,1125,,,,,,,,
,,,4.891304347826087,1125,0.30734285712242126,0.8995098039215687,0.9258589511754068,375.6045,,,,
0.3335,0.6412896513938904,0.0010952380952380953,5.0,1150,,,,,,,,
,,,5.0,1150,0.30591651797294617,0.8823529411764706,0.9148936170212766,384.2024,,,,
0.2504,0.7998272776603699,0.0010714285714285715,5.108695652173913,1175,,,,,,,,
,,,5.108695652173913,1175,0.420737087726593,0.8725490196078431,0.9124579124579124,392.3992,,,,
0.2892,4.273108005523682,0.0010476190476190477,5.217391304347826,1200,,,,,,,,
,,,5.217391304347826,1200,0.34740889072418213,0.8774509803921569,0.912280701754386,400.9597,,,,
0.2427,1.9783215522766113,0.0010238095238095238,5.326086956521739,1225,,,,,,,,
,,,5.326086956521739,1225,0.415852814912796,0.8651960784313726,0.8960302457466918,409.3658,,,,
0.3122,0.9672106504440308,0.001,5.434782608695652,1250,,,,,,,,
,,,5.434782608695652,1250,0.3209677040576935,0.8848039215686274,0.9182608695652175,417.6194,,,,
0.2373,4.3566365242004395,0.0009761904761904762,5.543478260869565,1275,,,,,,,,
,,,5.543478260869565,1275,0.41403868794441223,0.8823529411764706,0.9145907473309609,426.2271,,,,
0.2987,2.4439375400543213,0.0009523809523809524,5.6521739130434785,1300,,,,,,,,
,,,5.6521739130434785,1300,0.3280683755874634,0.8725490196078431,0.9047619047619048,434.835,,,,
0.2431,1.5054517984390259,0.0009285714285714287,5.760869565217392,1325,,,,,,,,
,,,5.760869565217392,1325,0.31436896324157715,0.8848039215686274,0.91651865008881,443.3267,,,,
0.315,2.8492178916931152,0.0009047619047619047,5.869565217391305,1350,,,,,,,,
,,,5.869565217391305,1350,0.353632390499115,0.8823529411764706,0.9151943462897526,452.0006,,,,
0.301,1.3239939212799072,0.0008809523809523809,5.978260869565218,1375,,,,,,,,
,,,5.978260869565218,1375,0.33879411220550537,0.8700980392156863,0.9090909090909091,460.6183,,,,
0.2183,9.687829971313477,0.0008571428571428571,6.086956521739131,1400,,,,,,,,
,,,6.086956521739131,1400,0.7240042686462402,0.8382352941176471,0.8918032786885245,468.864,,,,
0.2714,4.776629447937012,0.0008333333333333334,6.195652173913044,1425,,,,,,,,
,,,6.195652173913044,1425,0.5029372572898865,0.8602941176470589,0.9054726368159204,477.8505,,,,
0.2051,3.0748775005340576,0.0008095238095238096,6.304347826086957,1450,,,,,,,,
,,,6.304347826086957,1450,0.44503679871559143,0.8823529411764706,0.9120879120879121,486.2071,,,,
0.2701,2.01470947265625,0.0007857142857142857,6.413043478260869,1475,,,,,,,,
,,,6.413043478260869,1475,0.32021570205688477,0.8848039215686274,0.9173989455184535,494.6677,,,,
0.2423,0.6250302791595459,0.0007619047619047619,6.521739130434782,1500,,,,,,,,
,,,6.521739130434782,1500,0.40273216366767883,0.8774509803921569,0.9074074074074074,503.3203,,,,
0.2542,2.6509790420532227,0.0007380952380952381,6.630434782608695,1525,,,,,,,,
,,,6.630434782608695,1525,0.358273446559906,0.8897058823529411,0.9217391304347826,512.16,,,,
0.2188,1.649126648902893,0.0007142857142857143,6.739130434782608,1550,,,,,,,,
,,,6.739130434782608,1550,0.3582707345485687,0.8946078431372549,0.9225225225225226,520.4584,,,,
0.1881,2.5768887996673584,0.0006904761904761905,6.8478260869565215,1575,,,,,,,,
,,,6.8478260869565215,1575,0.38637575507164,0.8848039215686274,0.9147005444646098,529.1998,,,,
0.2835,2.3967957496643066,0.0006666666666666666,6.956521739130435,1600,,,,,,,,
,,,6.956521739130435,1600,0.37772178649902344,0.8897058823529411,0.9180327868852459,537.8551,,,,
0.1534,1.3872833251953125,0.0006428571428571429,7.065217391304348,1625,,,,,,,,
,,,7.065217391304348,1625,0.4081469476222992,0.8897058823529411,0.9174311926605504,546.0938,,,,
0.1963,3.9210498332977295,0.0006190476190476191,7.173913043478261,1650,,,,,,,,
,,,7.173913043478261,1650,0.39702823758125305,0.8848039215686274,0.9134438305709024,554.7643,,,,
0.1829,0.9510818123817444,0.0005952380952380953,7.282608695652174,1675,,,,,,,,
,,,7.282608695652174,1675,0.42341986298561096,0.8921568627450981,0.9243986254295531,563.2072,,,,
0.21,4.83949613571167,0.0005714285714285714,7.391304347826087,1700,,,,,,,,
,,,7.391304347826087,1700,0.4013771414756775,0.8897058823529411,0.9217391304347826,571.7459,,,,
0.1911,2.216604471206665,0.0005476190476190477,7.5,1725,,,,,,,,
,,,7.5,1725,0.3758876919746399,0.8970588235294118,0.9239130434782609,580.57,,,,
0.1835,0.9780871868133545,0.0005238095238095238,7.608695652173913,1750,,,,,,,,
,,,7.608695652173913,1750,0.35076722502708435,0.9019607843137255,0.9283154121863799,589.1176,,,,
0.143,3.2139394283294678,0.0005,7.717391304347826,1775,,,,,,,,
,,,7.717391304347826,1775,0.48129791021347046,0.875,0.9125214408233276,597.5976,,,,
0.1644,2.7997584342956543,0.0004761904761904762,7.826086956521739,1800,,,,,,,,
,,,7.826086956521739,1800,0.4239864647388458,0.8946078431372549,0.9236234458259325,605.9858,,,,
0.1448,2.0865180492401123,0.00045238095238095237,7.934782608695652,1825,,,,,,,,
,,,7.934782608695652,1825,0.38404834270477295,0.8946078431372549,0.9225225225225226,614.5886,,,,
0.139,0.5725640654563904,0.00042857142857142855,8.043478260869565,1850,,,,,,,,
,,,8.043478260869565,1850,0.4549330174922943,0.8921568627450981,0.9219858156028369,622.7493,,,,
0.1059,0.9944360852241516,0.0004047619047619048,8.152173913043478,1875,,,,,,,,
,,,8.152173913043478,1875,0.5327752828598022,0.875,0.9116117850953207,631.2642,,,,
0.105,1.044104814529419,0.00038095238095238096,8.26086956521739,1900,,,,,,,,
,,,8.26086956521739,1900,0.4941410720348358,0.8897058823529411,0.9206349206349206,639.7266,,,,
0.0816,0.31149259209632874,0.00035714285714285714,8.369565217391305,1925,,,,,,,,
,,,8.369565217391305,1925,0.47399193048477173,0.8848039215686274,0.9168141592920355,648.0701,,,,
0.1319,2.167219400405884,0.0003333333333333333,8.478260869565217,1950,,,,,,,,
,,,8.478260869565217,1950,0.4861105680465698,0.8995098039215687,0.9269162210338681,656.6287,,,,
0.0919,2.14074969291687,0.00030952380952380956,8.58695652173913,1975,,,,,,,,
,,,8.58695652173913,1975,0.46838513016700745,0.8921568627450981,0.9222614840989399,664.9769,,,,
0.1656,0.40949535369873047,0.0002857142857142857,8.695652173913043,2000,,,,,,,,
,,,8.695652173913043,2000,0.4784867763519287,0.8897058823529411,0.9214659685863874,673.2449,,,,
0.1053,6.177755355834961,0.0002619047619047619,8.804347826086957,2025,,,,,,,,
,,,8.804347826086957,2025,0.4873224198818207,0.8872549019607843,0.9178571428571428,681.9027,,,,
0.1189,0.19532427191734314,0.0002380952380952381,8.91304347826087,2050,,,,,,,,
,,,8.91304347826087,2050,0.5119358897209167,0.8823529411764706,0.9163763066202091,690.3026,,,,
0.1252,0.29925215244293213,0.00021428571428571427,9.021739130434783,2075,,,,,,,,
,,,9.021739130434783,2075,0.4602404236793518,0.8872549019607843,0.9172661870503597,698.3636,,,,
0.0411,0.8017704486846924,0.00019047619047619048,9.130434782608695,2100,,,,,,,,
,,,9.130434782608695,2100,0.48976942896842957,0.8823529411764706,0.9145907473309609,706.7765,,,,
0.0744,0.5670238137245178,0.00016666666666666666,9.23913043478261,2125,,,,,,,,
,,,9.23913043478261,2125,0.5285167098045349,0.8897058823529411,0.9206349206349206,715.3243,,,,
0.0597,0.16360865533351898,0.00014285714285714284,9.347826086956522,2150,,,,,,,,
,,,9.347826086956522,2150,0.5586768984794617,0.8921568627450981,0.9225352112676057,723.6084,,,,
0.1292,0.9056397676467896,0.00011904761904761905,9.456521739130435,2175,,,,,,,,
,,,9.456521739130435,2175,0.5424228310585022,0.8897058823529411,0.9197860962566845,732.2396,,,,
0.077,6.115899562835693,9.523809523809524e-05,9.565217391304348,2200,,,,,,,,
,,,9.565217391304348,2200,0.5490237474441528,0.8897058823529411,0.9200710479573712,740.8462,,,,
0.1252,0.9740704894065857,7.142857142857142e-05,9.673913043478262,2225,,,,,,,,
,,,9.673913043478262,2225,0.5360338091850281,0.8872549019607843,0.9190140845070423,749.1883,,,,
0.0875,3.287691593170166,4.761904761904762e-05,9.782608695652174,2250,,,,,,,,
,,,9.782608695652174,2250,0.5356879830360413,0.8897058823529411,0.9209138840070299,757.7194,,,,
0.0757,0.4585394561290741,2.380952380952381e-05,9.891304347826086,2275,,,,,,,,
,,,9.891304347826086,2275,0.5262002944946289,0.8921568627450981,0.9222614840989399,766.281,,,,
0.0926,0.08396827429533005,0.0,10.0,2300,,,,,,,,
,,,10.0,2300,0.524716317653656,0.8921568627450981,0.9222614840989399,774.5491,,,,
,,,10.0,2300,,,,774.2003,47.378,2.971,1473393449780448.0,0.3364108461400737
