loss,grad_norm,learning_rate,epoch,step,eval_loss,eval_accuracy,eval_f1,train_runtime,train_samples_per_second,train_steps_per_second,total_flos,train_loss
0.6859,0.7387492656707764,2.5e-05,0.004347826086956522,1,,,,,,,,
0.681,1.4349002838134766,0.000625,0.10869565217391304,25,,,,,,,,
,,,0.10869565217391304,25,0.657446563243866,0.6838235294117647,0.8122270742358079,5.8691,,,,
0.7415,1.8231737613677979,0.00125,0.21739130434782608,50,,,,,,,,
,,,0.21739130434782608,50,0.61649090051651,0.6838235294117647,0.8122270742358079,11.3819,,,,
0.6854,1.052445411682129,0.001875,0.32608695652173914,75,,,,,,,,
,,,0.32608695652173914,75,0.6086537837982178,0.6838235294117647,0.8122270742358079,17.0044,,,,
0.6022,0.9358021020889282,0.0025,0.43478260869565216,100,,,,,,,,
,,,0.43478260869565216,100,0.5538040399551392,0.7083333333333334,0.8199697428139183,22.5769,,,,
0.5549,2.1375350952148438,0.003125,0.5434782608695652,125,,,,,,,,
,,,0.5434782608695652,125,0.6589825749397278,0.7009803921568627,0.8200589970501474,28.1044,,,,
0.5648,1.930477261543274,0.00375,0.6521739130434783,150,,,,,,,,
,,,0.6521739130434783,150,0.5750781297683716,0.7132352941176471,0.823529411764706,33.6498,,,,
0.5429,1.9624669551849365,0.004375,0.7608695652173914,175,,,,,,,,
,,,0.7608695652173914,175,0.5450953245162964,0.7230392156862745,0.8290468986384266,39.3472,,,,
0.572,0.7482406497001648,0.005,0.8695652173913043,200,,,,,,,,
,,,0.8695652173913043,200,0.5667750835418701,0.7598039215686274,0.8463949843260188,44.9207,,,,
0.5603,3.096100091934204,0.0049404761904761904,0.9782608695652174,225,,,,,,,,
,,,0.9782608695652174,225,0.43631690740585327,0.8014705882352942,0.8474576271186439,50.505,,,,
0.4419,1.4426060914993286,0.004880952380952381,1.0869565217391304,250,,,,,,,,
,,,1.0869565217391304,250,0.39784523844718933,0.8235294117647058,0.8690909090909091,55.8657,,,,
0.5235,0.6179643273353577,0.004821428571428572,1.1956521739130435,275,,,,,,,,
,,,1.1956521739130435,275,0.4753722846508026,0.7990196078431373,0.8685897435897436,61.5084,,,,
0.557,1.554457187652588,0.0047619047619047615,1.3043478260869565,300,,,,,,,,
,,,1.3043478260869565,300,0.4571461081504822,0.7990196078431373,0.8690095846645368,67.0834,,,,
0.4212,1.9659265279769897,0.004702380952380953,1.4130434782608696,325,,,,,,,,
,,,1.4130434782608696,325,0.3654852509498596,0.8455882352941176,0.8877005347593583,72.7025,,,,
0.4843,1.4464433193206787,0.004642857142857143,1.5217391304347827,350,,,,,,,,
,,,1.5217391304347827,350,0.3968135714530945,0.821078431372549,0.8630393996247655,78.2556,,,,
0.4593,4.461781978607178,0.004583333333333333,1.6304347826086958,375,,,,,,,,
,,,1.6304347826086958,375,0.3736572265625,0.8382352941176471,0.8754716981132076,83.7462,,,,
0.4708,1.5739831924438477,0.004523809523809524,1.7391304347826086,400,,,,,,,,
,,,1.7391304347826086,400,0.35717713832855225,0.8700980392156863,0.9094017094017094,89.315,,,,
0.569,1.991408109664917,0.004464285714285715,1.8478260869565217,425,,,,,,,,
,,,1.8478260869565217,425,0.5044410824775696,0.8137254901960784,0.8785942492012779,94.8716,,,,
0.4657,2.1012582778930664,0.004404761904761904,1.9565217391304348,450,,,,,,,,
,,,1.9565217391304348,450,0.45071208477020264,0.7328431372549019,0.8360902255639098,100.6142,,,,
0.4154,0.8569894433021545,0.004345238095238096,2.0652173913043477,475,,,,,,,,
,,,2.0652173913043477,475,0.35756608843803406,0.8455882352941176,0.891566265060241,105.9998,,,,
0.3644,1.415626883506775,0.004285714285714286,2.1739130434782608,500,,,,,,,,
,,,2.1739130434782608,500,0.40895769000053406,0.8406862745098039,0.8900169204737733,111.686,,,,
0.4947,1.4789049625396729,0.004226190476190476,2.282608695652174,525,,,,,,,,
,,,2.282608695652174,525,0.4379958212375641,0.8382352941176471,0.8892617449664431,117.3481,,,,
0.428,2.9901652336120605,0.004166666666666667,2.391304347826087,550,,,,,,,,
,,,2.391304347826087,550,0.4204156994819641,0.8382352941176471,0.892156862745098,122.9229,,,,
0.4226,3.783100128173828,0.004107142857142857,2.5,575,,,,,,,,
,,,2.5,575,0.5455735921859741,0.8137254901960784,0.8782051282051283,128.4807,,,,
0.3792,2.267779588699341,0.004047619047619048,2.608695652173913,600,,,,,,,,
,,,2.608695652173913,600,0.35107308626174927,0.8553921568627451,0.8955752212389381,134.0307,,,,
0.3523,2.4296953678131104,0.0039880952380952385,2.717391304347826,625,,,,,,,,
,,,2.717391304347826,625,0.3554081916809082,0.8676470588235294,0.9059233449477352,139.7467,,,,
0.4308,1.1501792669296265,0.003928571428571429,2.8260869565217392,650,,,,,,,,
,,,2.8260869565217392,650,0.32697606086730957,0.8553921568627451,0.8905380333951763,145.3254,,,,
0.3321,3.396979570388794,0.003869047619047619,2.9347826086956523,675,,,,,,,,
,,,2.9347826086956523,675,0.5369397401809692,0.8014705882352942,0.8708133971291866,151.0569,,,,
0.3759,1.3306580781936646,0.0038095238095238095,3.0434782608695654,700,,,,,,,,
,,,3.0434782608695654,700,0.3239762485027313,0.8725490196078431,0.9084507042253521,156.4,,,,
0.3331,0.8921957015991211,0.00375,3.1521739130434785,725,,,,,,,,
,,,3.1521739130434785,725,0.36239781975746155,0.8676470588235294,0.9039145907473309,162.0062,,,,
0.2699,1.5783414840698242,0.0036904761904761906,3.260869565217391,750,,,,,,,,
,,,3.260869565217391,750,0.37023231387138367,0.8578431372549019,0.8921933085501859,167.6233,,,,
0.274,1.3442386388778687,0.003630952380952381,3.369565217391304,775,,,,,,,,
,,,3.369565217391304,775,0.37913522124290466,0.8529411764705882,0.8986486486486487,173.1072,,,,
0.3214,2.0618269443511963,0.0035714285714285718,3.4782608695652173,800,,,,,,,,
,,,3.4782608695652173,800,0.3644985258579254,0.8553921568627451,0.897391304347826,178.726,,,,
0.345,1.6843608617782593,0.0035119047619047617,3.5869565217391304,825,,,,,,,,
,,,3.5869565217391304,825,0.42838039994239807,0.8406862745098039,0.8939641109298532,184.3316,,,,
0.3466,2.8315207958221436,0.0034523809523809524,3.6956521739130435,850,,,,,,,,
,,,3.6956521739130435,850,0.3571949303150177,0.8651960784313726,0.897196261682243,190.0839,,,,
0.345,5.043251037597656,0.003392857142857143,3.8043478260869565,875,,,,,,,,
,,,3.8043478260869565,875,0.41120612621307373,0.8529411764705882,0.8976109215017065,195.6571,,,,
0.318,2.1911439895629883,0.003333333333333333,3.9130434782608696,900,,,,,,,,
,,,3.9130434782608696,900,0.39755988121032715,0.8504901960784313,0.893542757417103,201.3776,,,,
0.3187,2.1803064346313477,0.003273809523809524,4.021739130434782,925,,,,,,,,
,,,4.021739130434782,925,0.32453423738479614,0.8553921568627451,0.8952042628774423,206.7866,,,,
0.2621,1.0138747692108154,0.0032142857142857147,4.130434782608695,950,,,,,,,,
,,,4.130434782608695,950,0.3653344213962555,0.8553921568627451,0.8963093145869947,212.3906,,,,
0.2986,3.013178825378418,0.0031547619047619046,4.239130434782608,975,,,,,,,,
,,,4.239130434782608,975,0.47020336985588074,0.8406862745098039,0.8939641109298532,217.8777,,,,
0.3081,1.3450877666473389,0.0030952380952380953,4.3478260869565215,1000,,,,,,,,
,,,4.3478260869565215,1000,0.339785099029541,0.8529411764705882,0.8897058823529411,223.4,,,,
0.2987,1.3586561679840088,0.0030357142857142857,4.456521739130435,1025,,,,,,,,
,,,4.456521739130435,1025,0.39913180470466614,0.8455882352941176,0.8908145580589255,229.5514,,,,
0.2707,2.395815134048462,0.002976190476190476,4.565217391304348,1050,,,,,,,,
,,,4.565217391304348,1050,0.5116068720817566,0.8333333333333334,0.8870431893687708,235.1721,,,,
0.3542,0.3872266709804535,0.002916666666666667,4.673913043478261,1075,,,,,,,,
,,,4.673913043478261,1075,0.36403462290763855,0.8627450980392157,0.893939393939394,240.7792,,,,
0.243,0.6602467894554138,0.002857142857142857,4.782608695652174,1100,,,,,,,,
,,,4.782608695652174,1100,0.40207087993621826,0.8602941176470589,0.9012131715771231,246.3761,,,,
0.2865,3.8046061992645264,0.002797619047619048,4.891304347826087,1125,,,,,,,,
,,,4.891304347826087,1125,0.4287109076976776,0.8553921568627451,0.8880455407969641,251.95,,,,
0.1982,0.0378715842962265,0.0027380952380952383,5.0,1150,,,,,,,,
,,,5.0,1150,0.3913143277168274,0.8578431372549019,0.8953068592057761,257.636,,,,
0.1809,0.15644092857837677,0.0026785714285714286,5.108695652173913,1175,,,,,,,,
,,,5.108695652173913,1175,0.40354403853416443,0.8725490196078431,0.9087719298245615,263.1065,,,,
0.2356,1.2895387411117554,0.0026190476190476194,5.217391304347826,1200,,,,,,,,
,,,5.217391304347826,1200,0.37257620692253113,0.8602941176470589,0.8980322003577819,268.8358,,,,
0.2524,1.3738058805465698,0.0025595238095238093,5.326086956521739,1225,,,,,,,,
,,,5.326086956521739,1225,0.405754417181015,0.8700980392156863,0.905861456483126,274.4441,,,,
0.2618,0.5840962529182434,0.0025,5.434782608695652,1250,,,,,,,,
,,,5.434782608695652,1250,0.3588501811027527,0.8602941176470589,0.9001751313485115,280.0055,,,,
0.1998,3.4885427951812744,0.0024404761904761904,5.543478260869565,1275,,,,,,,,
,,,5.543478260869565,1275,0.5335326790809631,0.8651960784313726,0.9050086355785838,285.5258,,,,
0.3054,2.067249298095703,0.0023809523809523807,5.6521739130434785,1300,,,,,,,,
,,,5.6521739130434785,1300,0.3629158139228821,0.8529411764705882,0.8932384341637011,291.1052,,,,
0.2385,1.5095144510269165,0.0023214285714285715,5.760869565217392,1325,,,,,,,,
,,,5.760869565217392,1325,0.42427974939346313,0.8455882352941176,0.8835489833641405,296.8311,,,,
0.2772,0.8951724171638489,0.002261904761904762,5.869565217391305,1350,,,,,,,,
,,,5.869565217391305,1350,0.3631647229194641,0.8627450980392157,0.9027777777777778,302.465,,,,
0.2256,0.33003661036491394,0.002202380952380952,5.978260869565218,1375,,,,,,,,
,,,5.978260869565218,1375,0.46295037865638733,0.8504901960784313,0.8950086058519794,308.2127,,,,
0.1765,5.141463279724121,0.002142857142857143,6.086956521739131,1400,,,,,,,,
,,,6.086956521739131,1400,0.7784184217453003,0.8235294117647058,0.8846153846153847,313.6914,,,,
0.2281,1.160042405128479,0.0020833333333333333,6.195652173913044,1425,,,,,,,,
,,,6.195652173913044,1425,0.47166910767555237,0.8578431372549019,0.8993055555555555,319.5496,,,,
0.2459,3.3928134441375732,0.002023809523809524,6.304347826086957,1450,,,,,,,,
,,,6.304347826086957,1450,0.3786681294441223,0.8529411764705882,0.8901098901098902,324.9836,,,,
0.1987,0.21201471984386444,0.0019642857142857144,6.413043478260869,1475,,,,,,,,
,,,6.413043478260869,1475,0.4017012119293213,0.8553921568627451,0.8933092224231465,330.5844,,,,
0.2327,0.22249893844127655,0.0019047619047619048,6.521739130434782,1500,,,,,,,,
,,,6.521739130434782,1500,0.399688720703125,0.8578431372549019,0.8964285714285715,336.1927,,,,
0.1981,1.7341456413269043,0.0018452380952380953,6.630434782608695,1525,,,,,,,,
,,,6.630434782608695,1525,0.4563662111759186,0.8627450980392157,0.902439024390244,341.9837,,,,
0.1937,1.1440390348434448,0.0017857142857142859,6.739130434782608,1550,,,,,,,,
,,,6.739130434782608,1550,0.4008689522743225,0.8553921568627451,0.8948306595365418,347.5994,,,,
0.1576,2.3090310096740723,0.0017261904761904762,6.8478260869565215,1575,,,,,,,,
,,,6.8478260869565215,1575,0.5124179124832153,0.8627450980392157,0.903114186851211,353.1835,,,,
0.2147,1.065075159072876,0.0016666666666666666,6.956521739130435,1600,,,,,,,,
,,,6.956521739130435,1600,0.44521981477737427,0.8578431372549019,0.9006849315068494,358.912,,,,
0.12,1.0800492763519287,0.0016071428571428573,7.065217391304348,1625,,,,,,,,
,,,7.065217391304348,1625,0.5360872149467468,0.8651960784313726,0.9040139616055847,364.3496,,,,
0.1736,1.5334513187408447,0.0015476190476190477,7.173913043478261,1650,,,,,,,,
,,,7.173913043478261,1650,0.42830464243888855,0.8578431372549019,0.8960573476702509,369.9272,,,,
0.1602,1.689232587814331,0.001488095238095238,7.282608695652174,1675,,,,,,,,
,,,7.282608695652174,1675,0.4006107449531555,0.8774509803921569,0.9125874125874125,375.5169,,,,
0.1528,2.5947868824005127,0.0014285714285714286,7.391304347826087,1700,,,,,,,,
,,,7.391304347826087,1700,0.48112720251083374,0.8676470588235294,0.9065743944636677,381.1264,,,,
0.142,0.08683499693870544,0.0013690476190476191,7.5,1725,,,,,,,,
,,,7.5,1725,0.49062201380729675,0.8504901960784313,0.8880733944954129,386.9051,,,,
0.1938,1.9564017057418823,0.0013095238095238097,7.608695652173913,1750,,,,,,,,
,,,7.608695652173913,1750,0.45128560066223145,0.8553921568627451,0.8984509466437176,392.4818,,,,
0.1799,4.375476837158203,0.00125,7.717391304347826,1775,,,,,,,,
,,,7.717391304347826,1775,0.46486592292785645,0.8553921568627451,0.8987993138936535,398.2545,,,,
0.1614,1.417685627937317,0.0011904761904761904,7.826086956521739,1800,,,,,,,,
,,,7.826086956521739,1800,0.5074897408485413,0.8602941176470589,0.9035532994923857,403.7872,,,,
0.1288,0.7639750242233276,0.001130952380952381,7.934782608695652,1825,,,,,,,,
,,,7.934782608695652,1825,0.45816570520401,0.8602941176470589,0.8991150442477877,409.628,,,,
0.1653,4.218338966369629,0.0010714285714285715,8.043478260869565,1850,,,,,,,,
,,,8.043478260869565,1850,0.46178025007247925,0.8529411764705882,0.8928571428571429,415.1732,,,,
0.0988,0.29539236426353455,0.001011904761904762,8.152173913043478,1875,,,,,,,,
,,,8.152173913043478,1875,0.4874842166900635,0.8578431372549019,0.8978873239436619,420.7501,,,,
0.087,0.020773673430085182,0.0009523809523809524,8.26086956521739,1900,,,,,,,,
,,,8.26086956521739,1900,0.5453234314918518,0.8627450980392157,0.902439024390244,426.447,,,,
0.0796,0.1698550134897232,0.0008928571428571429,8.369565217391305,1925,,,,,,,,
,,,8.369565217391305,1925,0.5552759170532227,0.8504901960784313,0.893169877408056,432.0697,,,,
0.1054,1.835644006729126,0.0008333333333333333,8.478260869565217,1950,,,,,,,,
,,,8.478260869565217,1950,0.5593958497047424,0.8553921568627451,0.897391304347826,437.843,,,,
0.1502,3.057929754257202,0.0007738095238095238,8.58695652173913,1975,,,,,,,,
,,,8.58695652173913,1975,0.5250970721244812,0.8602941176470589,0.900523560209424,443.3909,,,,
0.2077,0.49119409918785095,0.0007142857142857143,8.695652173913043,2000,,,,,,,,
,,,8.695652173913043,2000,0.4632733166217804,0.8553921568627451,0.8984509466437176,449.0693,,,,
0.1166,1.0221089124679565,0.0006547619047619048,8.804347826086957,2025,,,,,,,,
,,,8.804347826086957,2025,0.4741036593914032,0.8553921568627451,0.8963093145869947,454.8395,,,,
0.1763,1.6965253353118896,0.0005952380952380952,8.91304347826087,2050,,,,,,,,
,,,8.91304347826087,2050,0.48912477493286133,0.8578431372549019,0.8986013986013986,460.4575,,,,
0.1739,1.3780419826507568,0.0005357142857142857,9.021739130434783,2075,,,,,,,,
,,,9.021739130434783,2075,0.4520140290260315,0.8578431372549019,0.8971631205673759,466.029,,,,
0.0608,0.4886176288127899,0.0004761904761904762,9.130434782608695,2100,,,,,,,,
,,,9.130434782608695,2100,0.4808299243450165,0.8627450980392157,0.901060070671378,471.5772,,,,
0.0923,0.6096157431602478,0.00041666666666666664,9.23913043478261,2125,,,,,,,,
,,,9.23913043478261,2125,0.5118098258972168,0.8651960784313726,0.9029982363315697,477.2775,,,,
0.1134,0.41419070959091187,0.00035714285714285714,9.347826086956522,2150,,,,,,,,
,,,9.347826086956522,2150,0.5267786979675293,0.8627450980392157,0.9020979020979022,482.8701,,,,
0.1761,0.22720026969909668,0.0002976190476190476,9.456521739130435,2175,,,,,,,,
,,,9.456521739130435,2175,0.4839915931224823,0.8602941176470589,0.8994708994708994,488.5844,,,,
0.113,1.1386492252349854,0.0002380952380952381,9.565217391304348,2200,,,,,,,,
,,,9.565217391304348,2200,0.4826314449310303,0.8602941176470589,0.8998242530755711,494.1447,,,,
0.1706,1.097330093383789,0.00017857142857142857,9.673913043478262,2225,,,,,,,,
,,,9.673913043478262,2225,0.4747857451438904,0.8627450980392157,0.9017543859649123,499.7061,,,,
0.1285,0.18315862119197845,0.00011904761904761905,9.782608695652174,2250,,,,,,,,
,,,9.782608695652174,2250,0.46473273634910583,0.8627450980392157,0.9017543859649123,505.5796,,,,
0.1382,3.1506755352020264,5.9523809523809524e-05,9.891304347826086,2275,,,,,,,,
,,,9.891304347826086,2275,0.46678444743156433,0.8627450980392157,0.9017543859649123,511.2183,,,,
0.1078,0.02915112115442753,0.0,10.0,2300,,,,,,,,
,,,10.0,2300,0.4674755036830902,0.8627450980392157,0.9017543859649123,516.9142,,,,
,,,10.0,2300,,,,516.5712,71.007,4.452,1451983481771424.0,0.2954574202195458
