loss,grad_norm,learning_rate,epoch,step,eval_loss,eval_accuracy,train_runtime,train_samples_per_second,train_steps_per_second,total_flos,train_loss
1.7943,0.6436542272567749,1e-05,0.00641025641025641,1,,,,,,,
1.592,0.9281584620475769,0.0005,0.32051282051282054,50,,,,,,,
,,,0.32051282051282054,50,1.0830566883087158,0.5270758122743683,23.304,,,,
0.7971,0.8079882860183716,0.001,0.6410256410256411,100,,,,,,,
,,,0.6410256410256411,100,0.7033954858779907,0.555956678700361,48.0498,,,,
0.7251,2.7510602474212646,0.0015,0.9615384615384616,150,,,,,,,
,,,0.9615384615384616,150,0.7074756622314453,0.5270758122743683,71.8792,,,,
0.7414,3.537018299102783,0.002,1.282051282051282,200,,,,,,,
,,,1.282051282051282,200,0.7112288475036621,0.5451263537906137,95.8909,,,,
0.7272,0.6227045059204102,0.0019264705882352942,1.6025641025641026,250,,,,,,,
,,,1.6025641025641026,250,0.6861963868141174,0.6173285198555957,119.5974,,,,
0.7225,0.8506660461425781,0.0018529411764705885,1.9230769230769231,300,,,,,,,
,,,1.9230769230769231,300,0.7494399547576904,0.49458483754512633,143.3481,,,,
0.7103,2.575078010559082,0.0017794117647058822,2.2435897435897436,350,,,,,,,
,,,2.2435897435897436,350,0.66545569896698,0.6570397111913358,166.3909,,,,
0.6839,1.6968591213226318,0.0017058823529411764,2.564102564102564,400,,,,,,,
,,,2.564102564102564,400,0.6174164414405823,0.6967509025270758,190.1028,,,,
0.6719,1.8488061428070068,0.0016323529411764706,2.8846153846153846,450,,,,,,,
,,,2.8846153846153846,450,0.7535161375999451,0.631768953068592,214.1434,,,,
0.6567,1.6571300029754639,0.0015588235294117648,3.2051282051282053,500,,,,,,,
,,,3.2051282051282053,500,0.6126856207847595,0.7003610108303249,237.7381,,,,
0.6058,1.734584927558899,0.0014852941176470588,3.5256410256410255,550,,,,,,,
,,,3.5256410256410255,550,0.609153687953949,0.7003610108303249,261.933,,,,
0.6183,1.8342856168746948,0.001411764705882353,3.8461538461538463,600,,,,,,,
,,,3.8461538461538463,600,0.5743369460105896,0.7220216606498195,285.5084,,,,
0.5639,3.3384923934936523,0.001338235294117647,4.166666666666667,650,,,,,,,
,,,4.166666666666667,650,0.5693625807762146,0.7617328519855595,309.5648,,,,
0.5416,2.3108930587768555,0.0012647058823529412,4.487179487179487,700,,,,,,,
,,,4.487179487179487,700,0.562818169593811,0.7220216606498195,333.0266,,,,
0.5355,2.4347176551818848,0.0011911764705882352,4.8076923076923075,750,,,,,,,
,,,4.8076923076923075,750,0.5817992091178894,0.7220216606498195,356.3628,,,,
0.4917,1.9156105518341064,0.0011176470588235294,5.128205128205128,800,,,,,,,
,,,5.128205128205128,800,0.5811595916748047,0.7364620938628159,379.8353,,,,
0.465,0.9805982708930969,0.0010441176470588236,5.448717948717949,850,,,,,,,
,,,5.448717948717949,850,0.5393504500389099,0.7472924187725631,403.891,,,,
0.4675,1.1713672876358032,0.0009705882352941176,5.769230769230769,900,,,,,,,
,,,5.769230769230769,900,0.649455189704895,0.7220216606498195,427.5473,,,,
0.5007,1.1794157028198242,0.0008970588235294118,6.089743589743589,950,,,,,,,
,,,6.089743589743589,950,0.5466939806938171,0.740072202166065,450.8932,,,,
0.4339,2.016132116317749,0.0008235294117647058,6.410256410256411,1000,,,,,,,
,,,6.410256410256411,1000,0.6208959817886353,0.7220216606498195,474.3585,,,,
0.4076,0.7979415655136108,0.00075,6.730769230769231,1050,,,,,,,
,,,6.730769230769231,1050,0.5804445147514343,0.7545126353790613,498.8303,,,,
0.3809,1.1352676153182983,0.0006764705882352942,7.051282051282051,1100,,,,,,,
,,,7.051282051282051,1100,0.545170783996582,0.7833935018050542,522.9823,,,,
0.355,3.12371826171875,0.0006029411764705882,7.371794871794872,1150,,,,,,,
,,,7.371794871794872,1150,0.6329976916313171,0.7942238267148014,547.2401,,,,
0.3492,3.2904391288757324,0.0005294117647058824,7.6923076923076925,1200,,,,,,,
,,,7.6923076923076925,1200,0.6506746411323547,0.7617328519855595,570.2092,,,,
0.4069,3.59904146194458,0.00045588235294117646,8.012820512820513,1250,,,,,,,
,,,8.012820512820513,1250,0.5326167345046997,0.7906137184115524,593.9243,,,,
0.3298,1.9719637632369995,0.00038235294117647055,8.333333333333334,1300,,,,,,,
,,,8.333333333333334,1300,0.6462092995643616,0.7725631768953068,617.4377,,,,
0.3101,4.765478610992432,0.0003088235294117647,8.653846153846153,1350,,,,,,,
,,,8.653846153846153,1350,0.6206895709037781,0.7942238267148014,640.8133,,,,
0.298,2.3506031036376953,0.00023529411764705883,8.974358974358974,1400,,,,,,,
,,,8.974358974358974,1400,0.6134642958641052,0.7906137184115524,664.0404,,,,
0.243,2.5634469985961914,0.00016176470588235295,9.294871794871796,1450,,,,,,,
,,,9.294871794871796,1450,0.6446188688278198,0.779783393501805,687.4668,,,,
0.2285,5.381976127624512,8.823529411764706e-05,9.615384615384615,1500,,,,,,,
,,,9.615384615384615,1500,0.7072440981864929,0.7653429602888087,711.3087,,,,
0.2895,9.232824325561523,1.4705882352941177e-05,9.935897435897436,1550,,,,,,,
,,,9.935897435897436,1550,0.6727399826049805,0.7942238267148014,735.5403,,,,
,,,10.0,1560,,,739.0286,33.693,2.111,2136612170646720.0,0.5417426469998482
