loss,grad_norm,learning_rate,epoch,step,eval_loss,eval_accuracy,eval_f1,train_runtime,train_samples_per_second,train_steps_per_second,total_flos,train_loss
1.2475,1.9753832817077637,1e-05,0.004347826086956522,1,,,,,,,,
1.1832,3.35860276222229,0.00025,0.10869565217391304,25,,,,,,,,
,,,0.10869565217391304,25,1.0696154832839966,0.6838235294117647,0.8122270742358079,8.7053,,,,
1.058,1.047408938407898,0.0005,0.21739130434782608,50,,,,,,,,
,,,0.21739130434782608,50,0.8317636251449585,0.6838235294117647,0.8122270742358079,17.1492,,,,
0.7171,0.5728181600570679,0.00075,0.32608695652173914,75,,,,,,,,
,,,0.32608695652173914,75,0.6591920852661133,0.6838235294117647,0.8122270742358079,25.7981,,,,
0.6657,2.004096031188965,0.001,0.43478260869565216,100,,,,,,,,
,,,0.43478260869565216,100,0.6344000101089478,0.6838235294117647,0.8122270742358079,34.0685,,,,
0.6275,0.927272617816925,0.00125,0.5434782608695652,125,,,,,,,,
,,,0.5434782608695652,125,0.626309335231781,0.6838235294117647,0.8122270742358079,42.6002,,,,
0.6128,2.1517741680145264,0.0015,0.6521739130434783,150,,,,,,,,
,,,0.6521739130434783,150,0.5569682121276855,0.75,0.8338762214983714,50.9919,,,,
0.6649,0.6016424298286438,0.00175,0.7608695652173914,175,,,,,,,,
,,,0.7608695652173914,175,0.5630633234977722,0.6838235294117647,0.8122270742358079,59.573,,,,
0.593,1.4897915124893188,0.002,0.8695652173913043,200,,,,,,,,
,,,0.8695652173913043,200,0.6163408756256104,0.7009803921568627,0.8189910979228486,68.1182,,,,
0.588,3.380890369415283,0.0019761904761904764,0.9782608695652174,225,,,,,,,,
,,,0.9782608695652174,225,0.5810244679450989,0.7426470588235294,0.7770700636942676,76.6658,,,,
0.5049,1.0157963037490845,0.0019523809523809524,1.0869565217391304,250,,,,,,,,
,,,1.0869565217391304,250,0.420725017786026,0.8431372549019608,0.889655172413793,84.7526,,,,
0.5212,3.8343141078948975,0.0019285714285714286,1.1956521739130435,275,,,,,,,,
,,,1.1956521739130435,275,0.42889150977134705,0.821078431372549,0.8604206500956023,93.1781,,,,
0.5015,1.7203924655914307,0.0019047619047619048,1.3043478260869565,300,,,,,,,,
,,,1.3043478260869565,300,0.4099122881889343,0.8431372549019608,0.8836363636363636,101.8057,,,,
0.5229,2.0425281524658203,0.001880952380952381,1.4130434782608696,325,,,,,,,,
,,,1.4130434782608696,325,0.5372461080551147,0.7671568627450981,0.8049281314168377,110.1559,,,,
0.5458,5.000299453735352,0.0018571428571428573,1.5217391304347827,350,,,,,,,,
,,,1.5217391304347827,350,0.40937337279319763,0.8602941176470589,0.8957952468007313,118.6425,,,,
0.5069,2.4629180431365967,0.0018333333333333333,1.6304347826086958,375,,,,,,,,
,,,1.6304347826086958,375,0.3812517523765564,0.8529411764705882,0.8884758364312267,127.0701,,,,
0.3977,6.433340549468994,0.0018095238095238095,1.7391304347826086,400,,,,,,,,
,,,1.7391304347826086,400,0.486028790473938,0.8774509803921569,0.910394265232975,135.3993,,,,
0.4896,1.722914218902588,0.0017857142857142859,1.8478260869565217,425,,,,,,,,
,,,1.8478260869565217,425,0.4159075915813446,0.8014705882352942,0.8716323296354992,143.8263,,,,
0.4797,1.5100579261779785,0.0017619047619047618,1.9565217391304348,450,,,,,,,,
,,,1.9565217391304348,450,0.35180366039276123,0.8725490196078431,0.9097222222222222,152.4931,,,,
0.3551,1.1224162578582764,0.0017380952380952382,2.0652173913043477,475,,,,,,,,
,,,2.0652173913043477,475,0.42052626609802246,0.8088235294117647,0.8733766233766234,160.6074,,,,
0.4935,1.501468300819397,0.0017142857142857142,2.1739130434782608,500,,,,,,,,
,,,2.1739130434782608,500,0.38301947712898254,0.8602941176470589,0.8918406072106262,169.0082,,,,
0.3854,1.3114092350006104,0.0016904761904761906,2.282608695652174,525,,,,,,,,
,,,2.282608695652174,525,0.3463749587535858,0.8553921568627451,0.8966725043782837,177.6429,,,,
0.3546,1.2999672889709473,0.0016666666666666668,2.391304347826087,550,,,,,,,,
,,,2.391304347826087,550,0.33293309807777405,0.8774509803921569,0.9097472924187725,186.1626,,,,
0.4118,3.5930769443511963,0.0016428571428571427,2.5,575,,,,,,,,
,,,2.5,575,0.5256028175354004,0.821078431372549,0.8816855753646677,194.5028,,,,
0.3869,2.735342025756836,0.0016190476190476191,2.608695652173913,600,,,,,,,,
,,,2.608695652173913,600,0.3425997793674469,0.8700980392156863,0.9081455805892548,202.992,,,,
0.3685,4.471758842468262,0.0015952380952380953,2.717391304347826,625,,,,,,,,
,,,2.717391304347826,625,0.43097567558288574,0.8504901960784313,0.8985024958402663,211.5257,,,,
0.412,2.6694931983947754,0.0015714285714285715,2.8260869565217392,650,,,,,,,,
,,,2.8260869565217392,650,0.322976678609848,0.8848039215686274,0.9140767824497258,219.9388,,,,
0.3841,4.002974510192871,0.0015476190476190477,2.9347826086956523,675,,,,,,,,
,,,2.9347826086956523,675,0.43176689743995667,0.8799019607843137,0.9153713298791019,228.5963,,,,
0.3906,0.9825102090835571,0.0015238095238095239,3.0434782608695654,700,,,,,,,,
,,,3.0434782608695654,700,0.31471529603004456,0.8848039215686274,0.91651865008881,236.7142,,,,
0.3557,0.814409613609314,0.0015,3.1521739130434785,725,,,,,,,,
,,,3.1521739130434785,725,0.3416093587875366,0.8897058823529411,0.9197860962566845,244.9939,,,,
0.3419,1.2104895114898682,0.0014761904761904762,3.260869565217391,750,,,,,,,,
,,,3.260869565217391,750,0.34711402654647827,0.8627450980392157,0.9037800687285222,253.5709,,,,
0.388,4.576898574829102,0.0014523809523809524,3.369565217391304,775,,,,,,,,
,,,3.369565217391304,775,0.3399288058280945,0.8676470588235294,0.9042553191489361,261.7168,,,,
0.3514,4.166883945465088,0.0014285714285714286,3.4782608695652173,800,,,,,,,,
,,,3.4782608695652173,800,0.4270569980144501,0.8406862745098039,0.8929159802306424,270.0467,,,,
0.3896,2.028823137283325,0.0014047619047619047,3.5869565217391304,825,,,,,,,,
,,,3.5869565217391304,825,0.3160749077796936,0.8872549019607843,0.9178571428571428,278.7102,,,,
0.3509,2.4572949409484863,0.001380952380952381,3.6956521739130435,850,,,,,,,,
,,,3.6956521739130435,850,0.3212827146053314,0.875,0.9071038251366121,287.2624,,,,
0.3538,6.399716854095459,0.0013571428571428573,3.8043478260869565,875,,,,,,,,
,,,3.8043478260869565,875,0.3912895917892456,0.8602941176470589,0.8961748633879781,295.5657,,,,
0.3775,2.3880205154418945,0.0013333333333333333,3.9130434782608696,900,,,,,,,,
,,,3.9130434782608696,900,0.3393544554710388,0.8774509803921569,0.9134948096885814,304.2162,,,,
0.353,2.4898550510406494,0.0013095238095238095,4.021739130434782,925,,,,,,,,
,,,4.021739130434782,925,0.3309513032436371,0.8651960784313726,0.8994515539305302,312.4632,,,,
0.2887,1.5636816024780273,0.0012857142857142859,4.130434782608695,950,,,,,,,,
,,,4.130434782608695,950,0.3536720275878906,0.8823529411764706,0.9163763066202091,320.7849,,,,
0.3171,5.61949348449707,0.0012619047619047618,4.239130434782608,975,,,,,,,,
,,,4.239130434782608,975,0.5028917193412781,0.8553921568627451,0.9018302828618967,329.2386,,,,
0.3824,2.941117525100708,0.0012380952380952382,4.3478260869565215,1000,,,,,,,,
,,,4.3478260869565215,1000,0.3792259693145752,0.8578431372549019,0.9023569023569024,337.5646,,,,
0.3553,1.79897141456604,0.0012142857142857142,4.456521739130435,1025,,,,,,,,
,,,4.456521739130435,1025,0.3259426951408386,0.8676470588235294,0.9,346.2514,,,,
0.2371,2.3225607872009277,0.0011904761904761906,4.565217391304348,1050,,,,,,,,
,,,4.565217391304348,1050,0.39216604828834534,0.8823529411764706,0.9172413793103448,354.9029,,,,
0.2432,0.7581443786621094,0.0011666666666666668,4.673913043478261,1075,,,,,,,,
,,,4.673913043478261,1075,0.33165067434310913,0.8700980392156863,0.9068541300527241,363.3272,,,,
0.2784,5.651453018188477,0.0011428571428571427,4.782608695652174,1100,,,,,,,,
,,,4.782608695652174,1100,0.4794321656227112,0.8578431372549019,0.9033333333333333,371.6468,,,,
0.3616,2.9829623699188232,0.0011190476190476191,4.891304347826087,1125,,,,,,,,
,,,4.891304347826087,1125,0.305327832698822,0.8995098039215687,0.9266547406082289,380.1638,,,,
0.3089,0.38584280014038086,0.0010952380952380953,5.0,1150,,,,,,,,
,,,5.0,1150,0.3327200710773468,0.8872549019607843,0.9181494661921709,388.7396,,,,
0.218,1.105427861213684,0.0010714285714285715,5.108695652173913,1175,,,,,,,,
,,,5.108695652173913,1175,0.4786171317100525,0.8578431372549019,0.902027027027027,396.9275,,,,
0.2754,3.989478349685669,0.0010476190476190477,5.217391304347826,1200,,,,,,,,
,,,5.217391304347826,1200,0.3617193102836609,0.8602941176470589,0.902229845626072,405.5429,,,,
0.2579,1.6985015869140625,0.0010238095238095238,5.326086956521739,1225,,,,,,,,
,,,5.326086956521739,1225,0.3391489088535309,0.8774509803921569,0.9097472924187725,414.3346,,,,
0.3074,2.3411619663238525,0.001,5.434782608695652,1250,,,,,,,,
,,,5.434782608695652,1250,0.32408878207206726,0.8848039215686274,0.9168141592920355,422.5754,,,,
0.2074,7.410917282104492,0.0009761904761904762,5.543478260869565,1275,,,,,,,,
,,,5.543478260869565,1275,0.48468929529190063,0.8823529411764706,0.9148936170212766,431.0857,,,,
0.2823,1.7989708185195923,0.0009523809523809524,5.6521739130434785,1300,,,,,,,,
,,,5.6521739130434785,1300,0.37439465522766113,0.8774509803921569,0.9107142857142857,439.6743,,,,
0.2341,2.755627155303955,0.0009285714285714287,5.760869565217392,1325,,,,,,,,
,,,5.760869565217392,1325,0.4286637306213379,0.8700980392156863,0.9084628670120898,448.1185,,,,
0.2881,2.0630595684051514,0.0009047619047619047,5.869565217391305,1350,,,,,,,,
,,,5.869565217391305,1350,0.39313918352127075,0.8774509803921569,0.9134948096885814,456.7274,,,,
0.2707,2.6867709159851074,0.0008809523809523809,5.978260869565218,1375,,,,,,,,
,,,5.978260869565218,1375,0.40404000878334045,0.8553921568627451,0.9001692047377327,465.4183,,,,
0.2169,15.312629699707031,0.0008571428571428571,6.086956521739131,1400,,,,,,,,
,,,6.086956521739131,1400,0.7488280534744263,0.8308823529411765,0.8878048780487805,473.7337,,,,
0.2136,3.896888256072998,0.0008333333333333334,6.195652173913044,1425,,,,,,,,
,,,6.195652173913044,1425,0.5533676147460938,0.8602941176470589,0.9032258064516129,482.4414,,,,
0.1927,6.0255842208862305,0.0008095238095238096,6.304347826086957,1450,,,,,,,,
,,,6.304347826086957,1450,0.45218926668167114,0.8774509803921569,0.9077490774907749,490.8671,,,,
0.2567,1.4085837602615356,0.0007857142857142857,6.413043478260869,1475,,,,,,,,
,,,6.413043478260869,1475,0.33707335591316223,0.8921568627450981,0.9217081850533807,499.2645,,,,
0.2323,3.9870011806488037,0.0007619047619047619,6.521739130434782,1500,,,,,,,,
,,,6.521739130434782,1500,0.3825477957725525,0.8872549019607843,0.9157509157509158,507.575,,,,
0.2471,4.665229797363281,0.0007380952380952381,6.630434782608695,1525,,,,,,,,
,,,6.630434782608695,1525,0.3726262152194977,0.8848039215686274,0.9173989455184535,516.4433,,,,
0.2287,1.2457563877105713,0.0007142857142857143,6.739130434782608,1550,,,,,,,,
,,,6.739130434782608,1550,0.3627212643623352,0.8823529411764706,0.9151943462897526,524.7764,,,,
0.2042,3.730009078979492,0.0006904761904761905,6.8478260869565215,1575,,,,,,,,
,,,6.8478260869565215,1575,0.40233373641967773,0.8897058823529411,0.9203539823008849,533.1234,,,,
0.2643,3.5049221515655518,0.0006666666666666666,6.956521739130435,1600,,,,,,,,
,,,6.956521739130435,1600,0.38045525550842285,0.8897058823529411,0.9192100538599641,541.7612,,,,
0.1519,3.852496862411499,0.0006428571428571429,7.065217391304348,1625,,,,,,,,
,,,7.065217391304348,1625,0.4092770516872406,0.8823529411764706,0.9130434782608696,550.0102,,,,
0.1797,0.4513357877731323,0.0006190476190476191,7.173913043478261,1650,,,,,,,,
,,,7.173913043478261,1650,0.4439314305782318,0.8823529411764706,0.9133574007220215,558.2413,,,,
0.1358,1.111132264137268,0.0005952380952380953,7.282608695652174,1675,,,,,,,,
,,,7.282608695652174,1675,0.48831504583358765,0.8872549019607843,0.9201388888888888,566.756,,,,
0.211,7.0980987548828125,0.0005714285714285714,7.391304347826087,1700,,,,,,,,
,,,7.391304347826087,1700,0.5520491003990173,0.8823529411764706,0.9178082191780821,575.2243,,,,
0.1981,4.45107889175415,0.0005476190476190477,7.5,1725,,,,,,,,
,,,7.5,1725,0.4161156713962555,0.8872549019607843,0.9175627240143369,583.6753,,,,
0.1979,0.44724133610725403,0.0005238095238095238,7.608695652173913,1750,,,,,,,,
,,,7.608695652173913,1750,0.3678107261657715,0.875,0.9109947643979057,592.231,,,,
0.1582,3.9340291023254395,0.0005,7.717391304347826,1775,,,,,,,,
,,,7.717391304347826,1775,0.4780837297439575,0.8823529411764706,0.9169550173010381,600.8425,,,,
0.1801,0.5481295585632324,0.0004761904761904762,7.826086956521739,1800,,,,,,,,
,,,7.826086956521739,1800,0.4634753167629242,0.8823529411764706,0.9157894736842105,609.0564,,,,
0.2154,3.436213493347168,0.00045238095238095237,7.934782608695652,1825,,,,,,,,
,,,7.934782608695652,1825,0.43312618136405945,0.8897058823529411,0.9183303085299456,617.9109,,,,
0.144,0.567815363407135,0.00042857142857142855,8.043478260869565,1850,,,,,,,,
,,,8.043478260869565,1850,0.4786898195743561,0.8823529411764706,0.9172413793103448,626.314,,,,
0.0939,0.3215109705924988,0.0004047619047619048,8.152173913043478,1875,,,,,,,,
,,,8.152173913043478,1875,0.4971703588962555,0.8921568627450981,0.9222614840989399,634.6959,,,,
0.1091,7.0492844581604,0.00038095238095238096,8.26086956521739,1900,,,,,,,,
,,,8.26086956521739,1900,0.5293591022491455,0.8848039215686274,0.9171075837742505,643.2807,,,,
0.1195,5.648642539978027,0.00035714285714285714,8.369565217391305,1925,,,,,,,,
,,,8.369565217391305,1925,0.549275815486908,0.8799019607843137,0.9144851657940662,651.8839,,,,
0.142,1.1622107028961182,0.0003333333333333333,8.478260869565217,1950,,,,,,,,
,,,8.478260869565217,1950,0.5479195713996887,0.8823529411764706,0.915492957746479,660.2952,,,,
0.0743,0.7283533215522766,0.00030952380952380956,8.58695652173913,1975,,,,,,,,
,,,8.58695652173913,1975,0.5924764275550842,0.8823529411764706,0.9163763066202091,668.7755,,,,
0.1457,0.6661072373390198,0.0002857142857142857,8.695652173913043,2000,,,,,,,,
,,,8.695652173913043,2000,0.6156706809997559,0.8725490196078431,0.9103448275862069,677.3057,,,,
0.1237,3.481645345687866,0.0002619047619047619,8.804347826086957,2025,,,,,,,,
,,,8.804347826086957,2025,0.55973881483078,0.8848039215686274,0.9171075837742505,685.8121,,,,
0.1748,0.13406246900558472,0.0002380952380952381,8.91304347826087,2050,,,,,,,,
,,,8.91304347826087,2050,0.545283854007721,0.8823529411764706,0.9163763066202091,694.3791,,,,
0.1503,0.5247032046318054,0.00021428571428571427,9.021739130434783,2075,,,,,,,,
,,,9.021739130434783,2075,0.4974348843097687,0.8872549019607843,0.9190140845070423,702.8735,,,,
0.0789,6.1510419845581055,0.00019047619047619048,9.130434782608695,2100,,,,,,,,
,,,9.130434782608695,2100,0.5044410824775696,0.8872549019607843,0.9190140845070423,711.1431,,,,
0.0825,33.869659423828125,0.00016666666666666666,9.23913043478261,2125,,,,,,,,
,,,9.23913043478261,2125,0.5145441889762878,0.8897058823529411,0.9209138840070299,719.5772,,,,
0.0658,0.44386082887649536,0.00014285714285714284,9.347826086956522,2150,,,,,,,,
,,,9.347826086956522,2150,0.5656395554542542,0.8848039215686274,0.9188255613126081,728.2155,,,,
0.1097,0.42521339654922485,0.00011904761904761905,9.456521739130435,2175,,,,,,,,
,,,9.456521739130435,2175,0.5446730852127075,0.8897058823529411,0.9214659685863874,736.5908,,,,
0.0806,0.1397843211889267,9.523809523809524e-05,9.565217391304348,2200,,,,,,,,
,,,9.565217391304348,2200,0.5492586493492126,0.8897058823529411,0.9214659685863874,745.0808,,,,
0.1272,12.9088716506958,7.142857142857142e-05,9.673913043478262,2225,,,,,,,,
,,,9.673913043478262,2225,0.5552436709403992,0.8823529411764706,0.9166666666666667,753.6253,,,,
0.0492,0.2561545670032501,4.761904761904762e-05,9.782608695652174,2250,,,,,,,,
,,,9.782608695652174,2250,0.5507370829582214,0.8848039215686274,0.9182608695652175,761.9756,,,,
0.1119,0.21725986897945404,2.380952380952381e-05,9.891304347826086,2275,,,,,,,,
,,,9.891304347826086,2275,0.54635089635849,0.8872549019607843,0.9198606271777002,770.5693,,,,
0.0614,0.08415727317333221,0.0,10.0,2300,,,,,,,,
,,,10.0,2300,0.5489038228988647,0.8872549019607843,0.9198606271777002,779.1331,,,,
,,,10.0,2300,,,,778.7586,47.101,2.953,1459431480601248.0,0.3177197975697725
