loss,grad_norm,learning_rate,epoch,step,eval_loss,eval_accuracy,eval_f1,train_runtime,train_samples_per_second,train_steps_per_second,total_flos,train_loss
0.6963,1.4431103467941284,2.5e-05,0.004347826086956522,1,,,,,,,,
0.6641,1.4963711500167847,0.000625,0.10869565217391304,25,,,,,,,,
,,,0.10869565217391304,25,0.6603713631629944,0.6838235294117647,0.8122270742358079,6.0441,,,,
0.7552,1.9345773458480835,0.00125,0.21739130434782608,50,,,,,,,,
,,,0.21739130434782608,50,0.6213505268096924,0.6838235294117647,0.8122270742358079,11.7012,,,,
0.6808,1.1601797342300415,0.001875,0.32608695652173914,75,,,,,,,,
,,,0.32608695652173914,75,0.6001834273338318,0.6985294117647058,0.8183161004431315,17.4802,,,,
0.5823,1.2185813188552856,0.0025,0.43478260869565216,100,,,,,,,,
,,,0.43478260869565216,100,0.550095796585083,0.7156862745098039,0.8220858895705522,23.2602,,,,
0.5361,2.061505079269409,0.003125,0.5434782608695652,125,,,,,,,,
,,,0.5434782608695652,125,0.6084125638008118,0.7230392156862745,0.828006088280061,28.953,,,,
0.5305,0.8185175061225891,0.00375,0.6521739130434783,150,,,,,,,,
,,,0.6521739130434783,150,0.5487489700317383,0.7181372549019608,0.8286140089418779,34.6474,,,,
0.538,2.9996418952941895,0.004375,0.7608695652173914,175,,,,,,,,
,,,0.7608695652173914,175,0.4531002342700958,0.8161764705882353,0.8709122203098106,40.4917,,,,
0.4867,2.288219451904297,0.005,0.8695652173913043,200,,,,,,,,
,,,0.8695652173913043,200,0.6888574361801147,0.8063725490196079,0.8719611021069691,46.3465,,,,
0.5004,0.8854588270187378,0.0049404761904761904,0.9782608695652174,225,,,,,,,,
,,,0.9782608695652174,225,0.38742324709892273,0.8259803921568627,0.8794567062818336,52.0754,,,,
0.3879,1.7242509126663208,0.004880952380952381,1.0869565217391304,250,,,,,,,,
,,,1.0869565217391304,250,0.4045516848564148,0.8063725490196079,0.8591800356506237,57.633,,,,
0.4844,0.580696702003479,0.004821428571428572,1.1956521739130435,275,,,,,,,,
,,,1.1956521739130435,275,0.505786657333374,0.8014705882352942,0.8691437802907915,63.4134,,,,
0.486,2.813598394393921,0.0047619047619047615,1.3043478260869565,300,,,,,,,,
,,,1.3043478260869565,300,0.4753199517726898,0.8112745098039216,0.8723051409618573,69.1392,,,,
0.4609,1.6705832481384277,0.004702380952380953,1.4130434782608696,325,,,,,,,,
,,,1.4130434782608696,325,0.3813830316066742,0.8063725490196079,0.862608695652174,74.9085,,,,
0.4453,1.5304571390151978,0.004642857142857143,1.5217391304347827,350,,,,,,,,
,,,1.5217391304347827,350,0.3879867494106293,0.8382352941176471,0.8786764705882353,80.5782,,,,
0.3916,1.813467025756836,0.004583333333333333,1.6304347826086958,375,,,,,,,,
,,,1.6304347826086958,375,0.36544060707092285,0.8504901960784313,0.8868274582560297,86.2594,,,,
0.409,0.9986462593078613,0.004523809523809524,1.7391304347826086,400,,,,,,,,
,,,1.7391304347826086,400,0.33882415294647217,0.8406862745098039,0.8857644991212652,91.9394,,,,
0.4638,2.8165090084075928,0.004464285714285715,1.8478260869565217,425,,,,,,,,
,,,1.8478260869565217,425,0.3632161319255829,0.8406862745098039,0.8857644991212652,97.7316,,,,
0.4809,3.0569865703582764,0.004404761904761904,1.9565217391304348,450,,,,,,,,
,,,1.9565217391304348,450,0.3941812813282013,0.8455882352941176,0.8955223880597015,103.5439,,,,
0.3183,1.8321139812469482,0.004345238095238096,2.0652173913043477,475,,,,,,,,
,,,2.0652173913043477,475,0.40189796686172485,0.8259803921568627,0.8738898756660745,109.0387,,,,
0.3363,1.2469900846481323,0.004285714285714286,2.1739130434782608,500,,,,,,,,
,,,2.1739130434782608,500,0.39091697335243225,0.8455882352941176,0.8880994671403197,114.8491,,,,
0.3259,3.4633400440216064,0.004226190476190476,2.282608695652174,525,,,,,,,,
,,,2.282608695652174,525,0.350141704082489,0.8553921568627451,0.8955752212389381,120.6314,,,,
0.3662,0.9690951108932495,0.004166666666666667,2.391304347826087,550,,,,,,,,
,,,2.391304347826087,550,0.3797457814216614,0.8651960784313726,0.9012567324955117,126.3629,,,,
0.3687,4.2121758460998535,0.004107142857142857,2.5,575,,,,,,,,
,,,2.5,575,0.5691956877708435,0.7647058823529411,0.8527607361963191,132.0542,,,,
0.3909,1.5542421340942383,0.004047619047619048,2.608695652173913,600,,,,,,,,
,,,2.608695652173913,600,0.38994574546813965,0.8504901960784313,0.891651865008881,137.8171,,,,
0.3909,3.274359941482544,0.0039880952380952385,2.717391304347826,625,,,,,,,,
,,,2.717391304347826,625,0.3816926181316376,0.8480392156862745,0.8876811594202899,143.6282,,,,
0.4144,2.202394962310791,0.003928571428571429,2.8260869565217392,650,,,,,,,,
,,,2.8260869565217392,650,0.3460693359375,0.8553921568627451,0.8952042628774423,149.416,,,,
0.3121,5.755335330963135,0.003869047619047619,2.9347826086956523,675,,,,,,,,
,,,2.9347826086956523,675,0.5878053903579712,0.7818627450980392,0.8607198748043818,155.2233,,,,
0.4073,1.600167989730835,0.0038095238095238095,3.0434782608695654,700,,,,,,,,
,,,3.0434782608695654,700,0.3746679425239563,0.8431372549019608,0.8861209964412811,160.7102,,,,
0.3101,0.7414197325706482,0.00375,3.1521739130434785,725,,,,,,,,
,,,3.1521739130434785,725,0.3566085994243622,0.8529411764705882,0.8916967509025271,166.5106,,,,
0.2667,0.5188557505607605,0.0036904761904761906,3.260869565217391,750,,,,,,,,
,,,3.260869565217391,750,0.34993991255760193,0.8382352941176471,0.8808664259927798,172.2644,,,,
0.2252,1.0151524543762207,0.003630952380952381,3.369565217391304,775,,,,,,,,
,,,3.369565217391304,775,0.48322001099586487,0.8504901960784313,0.8924162257495591,177.9362,,,,
0.2535,1.5610803365707397,0.0035714285714285718,3.4782608695652173,800,,,,,,,,
,,,3.4782608695652173,800,0.393574595451355,0.8406862745098039,0.8853615520282188,183.6308,,,,
0.2925,2.3434553146362305,0.0035119047619047617,3.5869565217391304,825,,,,,,,,
,,,3.5869565217391304,825,0.4275474548339844,0.8357843137254902,0.8881469115191986,189.4792,,,,
0.3141,4.974384784698486,0.0034523809523809524,3.6956521739130435,850,,,,,,,,
,,,3.6956521739130435,850,0.4453723430633545,0.8259803921568627,0.8687615526802218,195.304,,,,
0.3054,6.617934703826904,0.003392857142857143,3.8043478260869565,875,,,,,,,,
,,,3.8043478260869565,875,0.6928030252456665,0.8235294117647058,0.8795986622073578,201.0332,,,,
0.3468,1.8700132369995117,0.003333333333333333,3.9130434782608696,900,,,,,,,,
,,,3.9130434782608696,900,0.40559449791908264,0.8455882352941176,0.8896672504378283,207.007,,,,
0.2531,5.5118560791015625,0.003273809523809524,4.021739130434782,925,,,,,,,,
,,,4.021739130434782,925,0.43574538826942444,0.8578431372549019,0.8978873239436619,212.554,,,,
0.1853,0.4030420184135437,0.0032142857142857147,4.130434782608695,950,,,,,,,,
,,,4.130434782608695,950,0.4241585433483124,0.8504901960784313,0.891651865008881,218.4004,,,,
0.1984,2.475771903991699,0.0031547619047619046,4.239130434782608,975,,,,,,,,
,,,4.239130434782608,975,0.5336300730705261,0.8406862745098039,0.891846921797005,223.996,,,,
0.2425,2.46744441986084,0.0030952380952380953,4.3478260869565215,1000,,,,,,,,
,,,4.3478260869565215,1000,0.41473978757858276,0.8553921568627451,0.8952042628774423,229.7066,,,,
0.2762,2.427133798599243,0.0030357142857142857,4.456521739130435,1025,,,,,,,,
,,,4.456521739130435,1025,0.42185792326927185,0.8357843137254902,0.872865275142315,235.6442,,,,
0.2054,2.9688353538513184,0.002976190476190476,4.565217391304348,1050,,,,,,,,
,,,4.565217391304348,1050,0.5177181959152222,0.8333333333333334,0.8839590443686006,241.4964,,,,
0.2439,0.6251344084739685,0.002916666666666667,4.673913043478261,1075,,,,,,,,
,,,4.673913043478261,1075,0.39293381571769714,0.8602941176470589,0.8930581613508443,247.1894,,,,
0.2025,0.7718062400817871,0.002857142857142857,4.782608695652174,1100,,,,,,,,
,,,4.782608695652174,1100,0.3526179790496826,0.8700980392156863,0.9068541300527241,252.9346,,,,
0.2143,2.2625560760498047,0.002797619047619048,4.891304347826087,1125,,,,,,,,
,,,4.891304347826087,1125,0.4738411605358124,0.8529411764705882,0.888888888888889,258.6573,,,,
0.2028,0.08105921745300293,0.0027380952380952383,5.0,1150,,,,,,,,
,,,5.0,1150,0.3973449766635895,0.8480392156862745,0.8900709219858156,264.4089,,,,
0.1411,0.1264876127243042,0.0026785714285714286,5.108695652173913,1175,,,,,,,,
,,,5.108695652173913,1175,0.49118539690971375,0.8504901960784313,0.8942807625649914,270.1074,,,,
0.1447,5.274697780609131,0.0026190476190476194,5.217391304347826,1200,,,,,,,,
,,,5.217391304347826,1200,0.618841826915741,0.8553921568627451,0.8981001727115717,275.8424,,,,
0.2142,1.2834217548370361,0.0025595238095238093,5.326086956521739,1225,,,,,,,,
,,,5.326086956521739,1225,0.4932042956352234,0.8406862745098039,0.8761904761904761,281.6752,,,,
0.2282,1.0317031145095825,0.0025,5.434782608695652,1250,,,,,,,,
,,,5.434782608695652,1250,0.39231550693511963,0.875,0.9087656529516995,287.2732,,,,
0.1444,0.2522011399269104,0.0024404761904761904,5.543478260869565,1275,,,,,,,,
,,,5.543478260869565,1275,0.5202686190605164,0.8602941176470589,0.8980322003577819,292.958,,,,
0.1839,1.5277765989303589,0.0023809523809523807,5.6521739130434785,1300,,,,,,,,
,,,5.6521739130434785,1300,0.46311771869659424,0.8602941176470589,0.8957952468007313,298.6336,,,,
0.1869,1.8265188932418823,0.0023214285714285715,5.760869565217392,1325,,,,,,,,
,,,5.760869565217392,1325,0.4773390591144562,0.8553921568627451,0.8909426987060998,304.4048,,,,
0.1692,1.2118299007415771,0.002261904761904762,5.869565217391305,1350,,,,,,,,
,,,5.869565217391305,1350,0.49686798453330994,0.8406862745098039,0.8861646234676007,310.2016,,,,
0.1823,0.4149700105190277,0.002202380952380952,5.978260869565218,1375,,,,,,,,
,,,5.978260869565218,1375,0.569980263710022,0.8406862745098039,0.8896434634974534,315.99,,,,
0.1259,2.5070788860321045,0.002142857142857143,6.086956521739131,1400,,,,,,,,
,,,6.086956521739131,1400,0.7319101691246033,0.8382352941176471,0.8918032786885245,321.6615,,,,
0.1333,2.3502533435821533,0.0020833333333333333,6.195652173913044,1425,,,,,,,,
,,,6.195652173913044,1425,0.5792190432548523,0.8529411764705882,0.8976109215017065,327.5718,,,,
0.1386,3.9820635318756104,0.002023809523809524,6.304347826086957,1450,,,,,,,,
,,,6.304347826086957,1450,0.5755013227462769,0.8553921568627451,0.8981001727115717,333.226,,,,
0.121,0.2300792932510376,0.0019642857142857144,6.413043478260869,1475,,,,,,,,
,,,6.413043478260869,1475,0.4854889214038849,0.8529411764705882,0.8954703832752613,338.9591,,,,
0.1708,1.8298507928848267,0.0019047619047619048,6.521739130434782,1500,,,,,,,,
,,,6.521739130434782,1500,0.43365755677223206,0.8627450980392157,0.9020979020979022,344.718,,,,
0.1399,0.9131125807762146,0.0018452380952380953,6.630434782608695,1525,,,,,,,,
,,,6.630434782608695,1525,0.49393290281295776,0.8529411764705882,0.896551724137931,350.6589,,,,
0.1591,1.4026775360107422,0.0017857142857142859,6.739130434782608,1550,,,,,,,,
,,,6.739130434782608,1550,0.4315066635608673,0.8602941176470589,0.8972972972972973,356.3151,,,,
0.1027,2.987074375152588,0.0017261904761904762,6.8478260869565215,1575,,,,,,,,
,,,6.8478260869565215,1575,0.6097694635391235,0.8602941176470589,0.900523560209424,361.9968,,,,
0.1782,1.22908353805542,0.0016666666666666666,6.956521739130435,1600,,,,,,,,
,,,6.956521739130435,1600,0.5539432764053345,0.8602941176470589,0.902229845626072,367.7299,,,,
0.077,1.7497045993804932,0.0016071428571428573,7.065217391304348,1625,,,,,,,,
,,,7.065217391304348,1625,0.5568421483039856,0.8676470588235294,0.9014598540145985,373.4253,,,,
0.1234,2.4954190254211426,0.0015476190476190477,7.173913043478261,1650,,,,,,,,
,,,7.173913043478261,1650,0.5120453834533691,0.8700980392156863,0.9027522935779816,379.0705,,,,
0.1442,0.2937464118003845,0.001488095238095238,7.282608695652174,1675,,,,,,,,
,,,7.282608695652174,1675,0.49768680334091187,0.8627450980392157,0.9050847457627118,384.8169,,,,
0.1162,2.8246982097625732,0.0014285714285714286,7.391304347826087,1700,,,,,,,,
,,,7.391304347826087,1700,0.5022897124290466,0.8725490196078431,0.9103448275862069,390.5602,,,,
0.1055,0.9992754459381104,0.0013690476190476191,7.5,1725,,,,,,,,
,,,7.5,1725,0.5078078508377075,0.8700980392156863,0.9045045045045046,396.4545,,,,
0.0882,0.9192197322845459,0.0013095238095238097,7.608695652173913,1750,,,,,,,,
,,,7.608695652173913,1750,0.4885908365249634,0.8676470588235294,0.9018181818181817,402.11,,,,
0.1147,4.1712327003479,0.00125,7.717391304347826,1775,,,,,,,,
,,,7.717391304347826,1775,0.5306974053382874,0.8602941176470589,0.900523560209424,407.9482,,,,
0.1143,1.7631109952926636,0.0011904761904761904,7.826086956521739,1800,,,,,,,,
,,,7.826086956521739,1800,0.49392250180244446,0.8700980392156863,0.905861456483126,413.5919,,,,
0.0659,0.8288547396659851,0.001130952380952381,7.934782608695652,1825,,,,,,,,
,,,7.934782608695652,1825,0.4892571270465851,0.8676470588235294,0.9035714285714286,419.5443,,,,
0.1255,1.690077781677246,0.0010714285714285715,8.043478260869565,1850,,,,,,,,
,,,8.043478260869565,1850,0.49937430024147034,0.8602941176470589,0.8994708994708994,425.2178,,,,
0.0777,0.22709646821022034,0.001011904761904762,8.152173913043478,1875,,,,,,,,
,,,8.152173913043478,1875,0.5161632299423218,0.8651960784313726,0.9036777583187391,430.9086,,,,
0.0557,0.016505680978298187,0.0009523809523809524,8.26086956521739,1900,,,,,,,,
,,,8.26086956521739,1900,0.5502041578292847,0.8823529411764706,0.9133574007220215,436.6952,,,,
0.0577,0.14471615850925446,0.0008928571428571429,8.369565217391305,1925,,,,,,,,
,,,8.369565217391305,1925,0.593936562538147,0.8651960784313726,0.9019607843137256,442.4235,,,,
0.0979,0.5070900321006775,0.0008333333333333333,8.478260869565217,1950,,,,,,,,
,,,8.478260869565217,1950,0.5894895792007446,0.8627450980392157,0.9017543859649123,448.2634,,,,
0.0774,0.16560718417167664,0.0007738095238095238,8.58695652173913,1975,,,,,,,,
,,,8.58695652173913,1975,0.5920577645301819,0.8627450980392157,0.9017543859649123,453.8489,,,,
0.151,0.0734838917851448,0.0007142857142857143,8.695652173913043,2000,,,,,,,,
,,,8.695652173913043,2000,0.48971647024154663,0.8676470588235294,0.9052631578947367,459.5944,,,,
0.0841,2.742964506149292,0.0006547619047619048,8.804347826086957,2025,,,,,,,,
,,,8.804347826086957,2025,0.5100259780883789,0.8725490196078431,0.9054545454545455,465.3871,,,,
0.1014,2.837315559387207,0.0005952380952380952,8.91304347826087,2050,,,,,,,,
,,,8.91304347826087,2050,0.5107452273368835,0.8700980392156863,0.9065255731922399,471.1271,,,,
0.0963,2.5728752613067627,0.0005357142857142857,9.021739130434783,2075,,,,,,,,
,,,9.021739130434783,2075,0.4935458302497864,0.8676470588235294,0.9032258064516129,476.7551,,,,
0.0467,2.150428533554077,0.0004761904761904762,9.130434782608695,2100,,,,,,,,
,,,9.130434782608695,2100,0.5237966179847717,0.8676470588235294,0.9028776978417268,482.4984,,,,
0.054,3.1207540035247803,0.00041666666666666664,9.23913043478261,2125,,,,,,,,
,,,9.23913043478261,2125,0.5356306433677673,0.8627450980392157,0.9003558718861211,488.2185,,,,
0.0665,0.06827113032341003,0.00035714285714285714,9.347826086956522,2150,,,,,,,,
,,,9.347826086956522,2150,0.5529748797416687,0.8602941176470589,0.8987566607460036,493.8929,,,,
0.0703,0.03893256559967995,0.0002976190476190476,9.456521739130435,2175,,,,,,,,
,,,9.456521739130435,2175,0.5600274205207825,0.8676470588235294,0.9025270758122744,499.6991,,,,
0.0588,1.7771083116531372,0.0002380952380952381,9.565217391304348,2200,,,,,,,,
,,,9.565217391304348,2200,0.5617415904998779,0.8651960784313726,0.9009009009009009,505.3603,,,,
0.0476,0.48771223425865173,0.00017857142857142857,9.673913043478262,2225,,,,,,,,
,,,9.673913043478262,2225,0.5668554306030273,0.8602941176470589,0.8987566607460036,511.0793,,,,
0.0699,0.041328005492687225,0.00011904761904761905,9.782608695652174,2250,,,,,,,,
,,,9.782608695652174,2250,0.5629093050956726,0.8627450980392157,0.901060070671378,516.7643,,,,
0.0499,2.489773988723755,5.9523809523809524e-05,9.891304347826086,2275,,,,,,,,
,,,9.891304347826086,2275,0.564445972442627,0.8602941176470589,0.8991150442477877,522.5418,,,,
0.0621,0.0694894790649414,0.0,10.0,2300,,,,,,,,
,,,10.0,2300,0.5655572414398193,0.8627450980392157,0.900709219858156,528.2261,,,,
,,,10.0,2300,,,,527.863,69.488,4.357,1452293613147552.0,0.24694941992345062
