loss,grad_norm,learning_rate,epoch,step,eval_loss,eval_accuracy,eval_f1,train_runtime,train_samples_per_second,train_steps_per_second,total_flos,train_loss
1.787,0.9543964266777039,1e-05,0.004347826086956522,1,,,,,,,,
1.716,1.5679173469543457,0.00025,0.10869565217391304,25,,,,,,,,
,,,0.10869565217391304,25,1.562717080116272,0.6838235294117647,0.8122270742358079,7.8265,,,,
1.4295,1.3299413919448853,0.0005,0.21739130434782608,50,,,,,,,,
,,,0.21739130434782608,50,1.0684205293655396,0.6838235294117647,0.8122270742358079,15.3938,,,,
0.849,2.6200056076049805,0.00075,0.32608695652173914,75,,,,,,,,
,,,0.32608695652173914,75,0.6530048251152039,0.6838235294117647,0.8122270742358079,23.0211,,,,
0.6967,1.1888649463653564,0.001,0.43478260869565216,100,,,,,,,,
,,,0.43478260869565216,100,0.6467337012290955,0.6838235294117647,0.8122270742358079,30.479,,,,
0.6553,0.5281566977500916,0.00125,0.5434782608695652,125,,,,,,,,
,,,0.5434782608695652,125,0.6227443218231201,0.6838235294117647,0.8122270742358079,37.8235,,,,
0.6312,1.4839720726013184,0.0015,0.6521739130434783,150,,,,,,,,
,,,0.6521739130434783,150,0.611452579498291,0.6911764705882353,0.81524926686217,44.9301,,,,
0.6627,2.2470240592956543,0.00175,0.7608695652173914,175,,,,,,,,
,,,0.7608695652173914,175,0.65469890832901,0.7622549019607843,0.830122591943958,52.4352,,,,
0.6384,1.7206766605377197,0.002,0.8695652173913043,200,,,,,,,,
,,,0.8695652173913043,200,0.5365701913833618,0.7401960784313726,0.8354037267080745,59.5849,,,,
0.6292,1.9221457242965698,0.0019761904761904764,0.9782608695652174,225,,,,,,,,
,,,0.9782608695652174,225,0.5258503556251526,0.7622549019607843,0.8186915887850468,66.8771,,,,
0.5312,1.1576052904129028,0.0019523809523809524,1.0869565217391304,250,,,,,,,,
,,,1.0869565217391304,250,0.5152315497398376,0.7818627450980392,0.8258317025440314,73.7938,,,,
0.6072,0.368462473154068,0.0019285714285714286,1.1956521739130435,275,,,,,,,,
,,,1.1956521739130435,275,0.5361170768737793,0.7058823529411765,0.8224852071005917,81.0961,,,,
0.534,0.6717191338539124,0.0019047619047619048,1.3043478260869565,300,,,,,,,,
,,,1.3043478260869565,300,0.44632071256637573,0.7867647058823529,0.8585365853658538,88.4006,,,,
0.5008,0.8050897121429443,0.001880952380952381,1.4130434782608696,325,,,,,,,,
,,,1.4130434782608696,325,0.4290336072444916,0.8063725490196079,0.8663282571912013,95.6244,,,,
0.505,1.1665632724761963,0.0018571428571428573,1.5217391304347827,350,,,,,,,,
,,,1.5217391304347827,350,0.382790744304657,0.8235294117647058,0.8671586715867159,103.1236,,,,
0.428,0.7037837505340576,0.0018333333333333333,1.6304347826086958,375,,,,,,,,
,,,1.6304347826086958,375,0.38670992851257324,0.8333333333333334,0.8726591760299626,110.407,,,,
0.4506,1.1509490013122559,0.0018095238095238095,1.7391304347826086,400,,,,,,,,
,,,1.7391304347826086,400,0.36214590072631836,0.8455882352941176,0.8884955752212389,117.8765,,,,
0.5157,2.7179605960845947,0.0017857142857142859,1.8478260869565217,425,,,,,,,,
,,,1.8478260869565217,425,0.42194363474845886,0.8137254901960784,0.8778135048231511,125.2044,,,,
0.4973,2.3099870681762695,0.0017619047619047618,1.9565217391304348,450,,,,,,,,
,,,1.9565217391304348,450,0.37061262130737305,0.8553921568627451,0.899488926746167,132.719,,,,
0.3914,1.1377485990524292,0.0017380952380952382,2.0652173913043477,475,,,,,,,,
,,,2.0652173913043477,475,0.35747087001800537,0.8529411764705882,0.894736842105263,139.8135,,,,
0.4331,1.5767465829849243,0.0017142857142857142,2.1739130434782608,500,,,,,,,,
,,,2.1739130434782608,500,0.3804070055484772,0.8480392156862745,0.8952702702702703,147.0325,,,,
0.4515,2.379716396331787,0.0016904761904761906,2.282608695652174,525,,,,,,,,
,,,2.282608695652174,525,0.3496764302253723,0.8651960784313726,0.9005424954792043,154.5159,,,,
0.4168,0.9029738903045654,0.0016666666666666668,2.391304347826087,550,,,,,,,,
,,,2.391304347826087,550,0.3404054045677185,0.8676470588235294,0.901098901098901,161.6221,,,,
0.4108,4.223327159881592,0.0016428571428571427,2.5,575,,,,,,,,
,,,2.5,575,0.4096391797065735,0.8235294117647058,0.881578947368421,169.0044,,,,
0.3892,2.031907081604004,0.0016190476190476191,2.608695652173913,600,,,,,,,,
,,,2.608695652173913,600,0.36310726404190063,0.8627450980392157,0.9044368600682594,176.2009,,,,
0.3682,2.197051763534546,0.0015952380952380953,2.717391304347826,625,,,,,,,,
,,,2.717391304347826,625,0.3491169810295105,0.8676470588235294,0.906896551724138,183.6729,,,,
0.4507,1.3867799043655396,0.0015714285714285715,2.8260869565217392,650,,,,,,,,
,,,2.8260869565217392,650,0.362522691488266,0.8504901960784313,0.8842504743833017,191.0159,,,,
0.3889,2.169236183166504,0.0015476190476190477,2.9347826086956523,675,,,,,,,,
,,,2.9347826086956523,675,0.3789929151535034,0.8406862745098039,0.8914858096828046,198.3959,,,,
0.3475,0.9053197503089905,0.0015238095238095239,3.0434782608695654,700,,,,,,,,
,,,3.0434782608695654,700,0.3597804307937622,0.8553921568627451,0.8977469670710572,205.6162,,,,
0.3603,0.8782436847686768,0.0015,3.1521739130434785,725,,,,,,,,
,,,3.1521739130434785,725,0.3632052540779114,0.8602941176470589,0.900523560209424,212.9427,,,,
0.3532,1.482015609741211,0.0014761904761904762,3.260869565217391,750,,,,,,,,
,,,3.260869565217391,750,0.30855247378349304,0.8627450980392157,0.8985507246376813,220.5394,,,,
0.3416,1.2570667266845703,0.0014523809523809524,3.369565217391304,775,,,,,,,,
,,,3.369565217391304,775,0.4105629622936249,0.8431372549019608,0.8929765886287626,227.6103,,,,
0.3149,1.9046748876571655,0.0014285714285714286,3.4782608695652173,800,,,,,,,,
,,,3.4782608695652173,800,0.36180946230888367,0.8602941176470589,0.900523560209424,235.0118,,,,
0.3923,2.6946537494659424,0.0014047619047619047,3.5869565217391304,825,,,,,,,,
,,,3.5869565217391304,825,0.30899161100387573,0.8627450980392157,0.899641577060932,242.4007,,,,
0.3741,1.9765182733535767,0.001380952380952381,3.6956521739130435,850,,,,,,,,
,,,3.6956521739130435,850,0.30921992659568787,0.8725490196078431,0.9068100358422939,249.85,,,,
0.3852,4.934062480926514,0.0013571428571428573,3.8043478260869565,875,,,,,,,,
,,,3.8043478260869565,875,0.3849824368953705,0.8529411764705882,0.8989898989898989,257.3029,,,,
0.3772,2.7210075855255127,0.0013333333333333333,3.9130434782608696,900,,,,,,,,
,,,3.9130434782608696,900,0.3386096954345703,0.875,0.9137055837563453,264.6982,,,,
0.3796,1.318044662475586,0.0013095238095238095,4.021739130434782,925,,,,,,,,
,,,4.021739130434782,925,0.29927024245262146,0.8700980392156863,0.9061946902654867,272.1173,,,,
0.3428,1.4499465227127075,0.0012857142857142859,4.130434782608695,950,,,,,,,,
,,,4.130434782608695,950,0.3251928389072418,0.875,0.9116117850953207,279.4281,,,,
0.3894,3.3426096439361572,0.0012619047619047618,4.239130434782608,975,,,,,,,,
,,,4.239130434782608,975,0.4557211697101593,0.8259803921568627,0.8856682769726247,286.8037,,,,
0.3547,1.8236639499664307,0.0012380952380952382,4.3478260869565215,1000,,,,,,,,
,,,4.3478260869565215,1000,0.3139127790927887,0.8799019607843137,0.913884007029877,294.1548,,,,
0.3687,2.4502780437469482,0.0012142857142857142,4.456521739130435,1025,,,,,,,,
,,,4.456521739130435,1025,0.32949987053871155,0.8651960784313726,0.9043478260869565,301.9218,,,,
0.2625,2.7390055656433105,0.0011904761904761906,4.565217391304348,1050,,,,,,,,
,,,4.565217391304348,1050,0.3374904990196228,0.8848039215686274,0.9185441941074524,309.6272,,,,
0.3082,0.6357755064964294,0.0011666666666666668,4.673913043478261,1075,,,,,,,,
,,,4.673913043478261,1075,0.3555983006954193,0.8504901960784313,0.896434634974533,317.0219,,,,
0.3211,2.805924892425537,0.0011428571428571427,4.782608695652174,1100,,,,,,,,
,,,4.782608695652174,1100,0.2931579649448395,0.8921568627450981,0.9197080291970803,324.6397,,,,
0.3377,4.300697326660156,0.0011190476190476191,4.891304347826087,1125,,,,,,,,
,,,4.891304347826087,1125,0.2858615219593048,0.8921568627450981,0.9194139194139195,331.9945,,,,
0.285,0.1620447337627411,0.0010952380952380953,5.0,1150,,,,,,,,
,,,5.0,1150,0.31859293580055237,0.8848039215686274,0.919104991394148,339.6707,,,,
0.2427,0.9636662006378174,0.0010714285714285715,5.108695652173913,1175,,,,,,,,
,,,5.108695652173913,1175,0.2798299193382263,0.8848039215686274,0.9150090415913201,347.0121,,,,
0.2723,0.4154173731803894,0.0010476190476190477,5.217391304347826,1200,,,,,,,,
,,,5.217391304347826,1200,0.2743394374847412,0.8921568627450981,0.9225352112676057,354.51,,,,
0.2958,3.3491756916046143,0.0010238095238095238,5.326086956521739,1225,,,,,,,,
,,,5.326086956521739,1225,0.31787097454071045,0.8848039215686274,0.9171075837742505,362.0176,,,,
0.2992,2.0043342113494873,0.001,5.434782608695652,1250,,,,,,,,
,,,5.434782608695652,1250,0.37494876980781555,0.8553921568627451,0.899488926746167,369.2292,,,,
0.2556,2.411397933959961,0.0009761904761904762,5.543478260869565,1275,,,,,,,,
,,,5.543478260869565,1275,0.3319128453731537,0.8848039215686274,0.9162210338680927,376.7328,,,,
0.3129,0.9691820740699768,0.0009523809523809524,5.6521739130434785,1300,,,,,,,,
,,,5.6521739130434785,1300,0.3056305944919586,0.875,0.9084380610412927,384.0579,,,,
0.2923,1.000549077987671,0.0009285714285714287,5.760869565217392,1325,,,,,,,,
,,,5.760869565217392,1325,0.32036828994750977,0.8823529411764706,0.9142857142857143,391.7858,,,,
0.3478,2.6693315505981445,0.0009047619047619047,5.869565217391305,1350,,,,,,,,
,,,5.869565217391305,1350,0.31539085507392883,0.8897058823529411,0.9174311926605504,399.2508,,,,
0.3342,1.5624927282333374,0.0008809523809523809,5.978260869565218,1375,,,,,,,,
,,,5.978260869565218,1375,0.3286186754703522,0.8676470588235294,0.906896551724138,406.8288,,,,
0.1797,6.689107894897461,0.0008571428571428571,6.086956521739131,1400,,,,,,,,
,,,6.086956521739131,1400,0.5993946194648743,0.8357843137254902,0.8903436988543372,414.1316,,,,
0.267,1.7117749452590942,0.0008333333333333334,6.195652173913044,1425,,,,,,,,
,,,6.195652173913044,1425,0.3997393548488617,0.8676470588235294,0.9084745762711864,421.6401,,,,
0.2362,2.924854040145874,0.0008095238095238096,6.304347826086957,1450,,,,,,,,
,,,6.304347826086957,1450,0.348663330078125,0.8823529411764706,0.915492957746479,428.8769,,,,
0.3108,0.9602732062339783,0.0007857142857142857,6.413043478260869,1475,,,,,,,,
,,,6.413043478260869,1475,0.29105937480926514,0.8774509803921569,0.9107142857142857,436.0993,,,,
0.2813,0.6691579818725586,0.0007619047619047619,6.521739130434782,1500,,,,,,,,
,,,6.521739130434782,1500,0.3329176902770996,0.875,0.9074410163339381,443.4341,,,,
0.2349,4.351658821105957,0.0007380952380952381,6.630434782608695,1525,,,,,,,,
,,,6.630434782608695,1525,0.3622344434261322,0.8774509803921569,0.912280701754386,451.0714,,,,
0.2653,1.4184833765029907,0.0007142857142857143,6.739130434782608,1550,,,,,,,,
,,,6.739130434782608,1550,0.32255008816719055,0.8676470588235294,0.9003690036900369,458.2793,,,,
0.2366,1.9248878955841064,0.0006904761904761905,6.8478260869565215,1575,,,,,,,,
,,,6.8478260869565215,1575,0.3203760087490082,0.8774509803921569,0.9097472924187725,465.5695,,,,
0.2424,1.854454755783081,0.0006666666666666666,6.956521739130435,1600,,,,,,,,
,,,6.956521739130435,1600,0.34754329919815063,0.8651960784313726,0.9023090586145649,472.875,,,,
0.1656,1.6943391561508179,0.0006428571428571429,7.065217391304348,1625,,,,,,,,
,,,7.065217391304348,1625,0.3707990050315857,0.8700980392156863,0.9051878354203935,480.1847,,,,
0.2321,2.0897369384765625,0.0006190476190476191,7.173913043478261,1650,,,,,,,,
,,,7.173913043478261,1650,0.3827192187309265,0.875,0.9057301293900184,487.3005,,,,
0.157,1.4413080215454102,0.0005952380952380953,7.282608695652174,1675,,,,,,,,
,,,7.282608695652174,1675,0.366231769323349,0.8774509803921569,0.9125874125874125,494.7057,,,,
0.2509,3.387485980987549,0.0005714285714285714,7.391304347826087,1700,,,,,,,,
,,,7.391304347826087,1700,0.3808061182498932,0.8676470588235294,0.9052631578947367,502.0322,,,,
0.1893,1.877183198928833,0.0005476190476190477,7.5,1725,,,,,,,,
,,,7.5,1725,0.38936200737953186,0.875,0.9081081081081082,509.5952,,,,
0.211,1.212011456489563,0.0005238095238095238,7.608695652173913,1750,,,,,,,,
,,,7.608695652173913,1750,0.40623781085014343,0.8627450980392157,0.903114186851211,516.9082,,,,
0.1852,2.657977819442749,0.0005,7.717391304347826,1775,,,,,,,,
,,,7.717391304347826,1775,0.41624873876571655,0.875,0.9113043478260869,524.3387,,,,
0.2243,2.365265369415283,0.0004761904761904762,7.826086956521739,1800,,,,,,,,
,,,7.826086956521739,1800,0.4492855370044708,0.8578431372549019,0.9016949152542373,531.6479,,,,
0.1856,3.081580638885498,0.00045238095238095237,7.934782608695652,1825,,,,,,,,
,,,7.934782608695652,1825,0.3731289803981781,0.8725490196078431,0.9090909090909091,539.2141,,,,
0.1851,0.7878391146659851,0.00042857142857142855,8.043478260869565,1850,,,,,,,,
,,,8.043478260869565,1850,0.3584825098514557,0.8602941176470589,0.8991150442477877,546.655,,,,
0.1367,2.7092628479003906,0.0004047619047619048,8.152173913043478,1875,,,,,,,,
,,,8.152173913043478,1875,0.4125802218914032,0.8651960784313726,0.9009009009009009,553.9926,,,,
0.1624,0.8833118081092834,0.00038095238095238096,8.26086956521739,1900,,,,,,,,
,,,8.26086956521739,1900,0.4891264736652374,0.8627450980392157,0.904109589041096,561.4357,,,,
0.1344,1.8059704303741455,0.00035714285714285714,8.369565217391305,1925,,,,,,,,
,,,8.369565217391305,1925,0.4105075001716614,0.8676470588235294,0.9049295774647886,568.8934,,,,
0.1188,0.7760639786720276,0.0003333333333333333,8.478260869565217,1950,,,,,,,,
,,,8.478260869565217,1950,0.4592744708061218,0.8651960784313726,0.9046793760831888,576.2319,,,,
0.139,5.2996320724487305,0.00030952380952380956,8.58695652173913,1975,,,,,,,,
,,,8.58695652173913,1975,0.4488197863101959,0.8700980392156863,0.9075043630017452,583.6144,,,,
0.1918,0.8228411674499512,0.0002857142857142857,8.695652173913043,2000,,,,,,,,
,,,8.695652173913043,2000,0.43560126423835754,0.8700980392156863,0.9087779690189328,590.818,,,,
0.1607,0.5282480120658875,0.0002619047619047619,8.804347826086957,2025,,,,,,,,
,,,8.804347826086957,2025,0.40439537167549133,0.8700980392156863,0.9045045045045046,598.3747,,,,
0.1423,2.159334421157837,0.0002380952380952381,8.91304347826087,2050,,,,,,,,
,,,8.91304347826087,2050,0.46955737471580505,0.8774509803921569,0.9140893470790378,605.6189,,,,
0.175,2.8717737197875977,0.00021428571428571427,9.021739130434783,2075,,,,,,,,
,,,9.021739130434783,2075,0.40446412563323975,0.8700980392156863,0.9061946902654867,612.8554,,,,
0.1218,6.908532619476318,0.00019047619047619048,9.130434782608695,2100,,,,,,,,
,,,9.130434782608695,2100,0.4178980588912964,0.8774509803921569,0.9097472924187725,620.062,,,,
0.1095,3.745972156524658,0.00016666666666666666,9.23913043478261,2125,,,,,,,,
,,,9.23913043478261,2125,0.44510412216186523,0.8725490196078431,0.9090909090909091,627.2212,,,,
0.2036,0.413776159286499,0.00014285714285714284,9.347826086956522,2150,,,,,,,,
,,,9.347826086956522,2150,0.4332350194454193,0.8700980392156863,0.9071803852889667,634.595,,,,
0.1448,0.5545356273651123,0.00011904761904761905,9.456521739130435,2175,,,,,,,,
,,,9.456521739130435,2175,0.4202703535556793,0.8676470588235294,0.9049295774647886,641.8323,,,,
0.1201,0.9225918054580688,9.523809523809524e-05,9.565217391304348,2200,,,,,,,,
,,,9.565217391304348,2200,0.40674617886543274,0.8676470588235294,0.9039145907473309,649.2371,,,,
0.1656,0.536785364151001,7.142857142857142e-05,9.673913043478262,2225,,,,,,,,
,,,9.673913043478262,2225,0.4396202266216278,0.875,0.9125214408233276,656.3822,,,,
0.1083,0.6476691961288452,4.761904761904762e-05,9.782608695652174,2250,,,,,,,,
,,,9.782608695652174,2250,0.415144681930542,0.8774509803921569,0.9125874125874125,663.7131,,,,
0.0764,1.886845588684082,2.380952380952381e-05,9.891304347826086,2275,,,,,,,,
,,,9.891304347826086,2275,0.4195909798145294,0.875,0.9100529100529101,671.025,,,,
0.0799,0.10694275051355362,0.0,10.0,2300,,,,,,,,
,,,10.0,2300,0.41993430256843567,0.8774509803921569,0.9116607773851589,678.2587,,,,
,,,10.0,2300,,,,677.849,54.112,3.393,1471532257706784.0,0.34958513446476147
