loss,grad_norm,learning_rate,epoch,step,eval_loss,eval_accuracy,eval_f1,train_runtime,train_samples_per_second,train_steps_per_second,total_flos,train_loss
0.6963,1.4430614709854126,2.5e-05,0.004347826086956522,1,,,,,,,,
0.6641,1.4949077367782593,0.000625,0.10869565217391304,25,,,,,,,,
,,,0.10869565217391304,25,0.6603622436523438,0.6838235294117647,0.8122270742358079,5.947,,,,
0.7567,1.909979224205017,0.00125,0.21739130434782608,50,,,,,,,,
,,,0.21739130434782608,50,0.6210653185844421,0.6838235294117647,0.8122270742358079,11.5209,,,,
0.6853,1.1549694538116455,0.001875,0.32608695652173914,75,,,,,,,,
,,,0.32608695652173914,75,0.6051023006439209,0.696078431372549,0.8171091445427728,17.2324,,,,
0.5959,1.296609878540039,0.0025,0.43478260869565216,100,,,,,,,,
,,,0.43478260869565216,100,0.5468682050704956,0.7132352941176471,0.8229954614220877,22.799,,,,
0.5631,2.0080959796905518,0.003125,0.5434782608695652,125,,,,,,,,
,,,0.5434782608695652,125,0.694735050201416,0.7009803921568627,0.8195266272189349,28.5114,,,,
0.5456,0.9560933709144592,0.00375,0.6521739130434783,150,,,,,,,,
,,,0.6521739130434783,150,0.5787035822868347,0.7132352941176471,0.8229954614220877,34.046,,,,
0.5555,2.3721601963043213,0.004375,0.7608695652173914,175,,,,,,,,
,,,0.7608695652173914,175,0.46774396300315857,0.7720588235294118,0.837696335078534,39.9182,,,,
0.5168,2.0629098415374756,0.005,0.8695652173913043,200,,,,,,,,
,,,0.8695652173913043,200,0.6547144055366516,0.7671568627450981,0.8522550544323484,45.5781,,,,
0.4955,1.095186471939087,0.0049404761904761904,0.9782608695652174,225,,,,,,,,
,,,0.9782608695652174,225,0.39953330159187317,0.8063725490196079,0.8616462346760069,51.2617,,,,
0.4239,1.727502703666687,0.004880952380952381,1.0869565217391304,250,,,,,,,,
,,,1.0869565217391304,250,0.4390917718410492,0.8186274509803921,0.862453531598513,56.6968,,,,
0.5135,2.4408047199249268,0.004821428571428572,1.1956521739130435,275,,,,,,,,
,,,1.1956521739130435,275,0.3850650489330292,0.8455882352941176,0.891566265060241,62.321,,,,
0.4464,1.7949508428573608,0.0047619047619047615,1.3043478260869565,300,,,,,,,,
,,,1.3043478260869565,300,0.6019524335861206,0.7377450980392157,0.8381240544629349,68.033,,,,
0.445,1.1130015850067139,0.004702380952380953,1.4130434782608696,325,,,,,,,,
,,,1.4130434782608696,325,0.3753635585308075,0.8284313725490197,0.8763250883392226,73.6325,,,,
0.4493,1.2391595840454102,0.004642857142857143,1.5217391304347827,350,,,,,,,,
,,,1.5217391304347827,350,0.4052720069885254,0.8186274509803921,0.8598484848484849,79.3514,,,,
0.523,2.0162758827209473,0.004583333333333333,1.6304347826086958,375,,,,,,,,
,,,1.6304347826086958,375,0.36695581674575806,0.8431372549019608,0.8892733564013842,84.8636,,,,
0.3469,1.7174253463745117,0.004523809523809524,1.7391304347826086,400,,,,,,,,
,,,1.7391304347826086,400,0.37033477425575256,0.8529411764705882,0.8954703832752613,90.5592,,,,
0.4263,1.8311467170715332,0.004464285714285715,1.8478260869565217,425,,,,,,,,
,,,1.8478260869565217,425,0.5068210363388062,0.7818627450980392,0.8598425196850394,96.202,,,,
0.4859,2.687126636505127,0.004404761904761904,1.9565217391304348,450,,,,,,,,
,,,1.9565217391304348,450,0.35649609565734863,0.8504901960784313,0.8985024958402663,101.9904,,,,
0.4033,1.7766313552856445,0.004345238095238096,2.0652173913043477,475,,,,,,,,
,,,2.0652173913043477,475,0.4994227886199951,0.8014705882352942,0.8712241653418125,107.4454,,,,
0.3717,0.84016352891922,0.004285714285714286,2.1739130434782608,500,,,,,,,,
,,,2.1739130434782608,500,0.35191333293914795,0.8578431372549019,0.896797153024911,113.0797,,,,
0.3873,2.1565182209014893,0.004226190476190476,2.282608695652174,525,,,,,,,,
,,,2.282608695652174,525,0.36287665367126465,0.8455882352941176,0.8848263254113347,118.9074,,,,
0.3961,1.0026317834854126,0.004166666666666667,2.391304347826087,550,,,,,,,,
,,,2.391304347826087,550,0.34588491916656494,0.8602941176470589,0.8987566607460036,124.4498,,,,
0.4342,3.8572311401367188,0.004107142857142857,2.5,575,,,,,,,,
,,,2.5,575,0.8651369214057922,0.7671568627450981,0.8531684698608965,130.1754,,,,
0.3706,2.091749906539917,0.004047619047619048,2.608695652173913,600,,,,,,,,
,,,2.608695652173913,600,0.33537977933883667,0.8627450980392157,0.8978102189781021,135.7687,,,,
0.3524,2.357907772064209,0.0039880952380952385,2.717391304347826,625,,,,,,,,
,,,2.717391304347826,625,0.3900925815105438,0.8578431372549019,0.8989547038327526,141.5546,,,,
0.4344,1.3824039697647095,0.003928571428571429,2.8260869565217392,650,,,,,,,,
,,,2.8260869565217392,650,0.36763179302215576,0.8504901960784313,0.8880733944954129,147.2046,,,,
0.3547,2.4195683002471924,0.003869047619047619,2.9347826086956523,675,,,,,,,,
,,,2.9347826086956523,675,0.4442462623119354,0.7745098039215687,0.8557993730407523,152.9902,,,,
0.37,0.7914378643035889,0.0038095238095238095,3.0434782608695654,700,,,,,,,,
,,,3.0434782608695654,700,0.36887186765670776,0.8553921568627451,0.8981001727115717,158.4071,,,,
0.3366,0.8010955452919006,0.00375,3.1521739130434785,725,,,,,,,,
,,,3.1521739130434785,725,0.41019994020462036,0.8578431372549019,0.8971631205673759,163.9919,,,,
0.2755,0.9697064161300659,0.0036904761904761906,3.260869565217391,750,,,,,,,,
,,,3.260869565217391,750,0.35265281796455383,0.8504901960784313,0.8888888888888888,169.7786,,,,
0.2513,1.3420140743255615,0.003630952380952381,3.369565217391304,775,,,,,,,,
,,,3.369565217391304,775,0.47444280982017517,0.8700980392156863,0.9087779690189328,175.2642,,,,
0.2923,1.8138093948364258,0.0035714285714285718,3.4782608695652173,800,,,,,,,,
,,,3.4782608695652173,800,0.3585968315601349,0.8700980392156863,0.9081455805892548,180.9809,,,,
0.3085,2.147627592086792,0.0035119047619047617,3.5869565217391304,825,,,,,,,,
,,,3.5869565217391304,825,0.33328330516815186,0.8651960784313726,0.9043478260869565,186.6398,,,,
0.3041,2.5536820888519287,0.0034523809523809524,3.6956521739130435,850,,,,,,,,
,,,3.6956521739130435,850,0.35717451572418213,0.8504901960784313,0.8912655971479501,192.4022,,,,
0.3317,4.103604793548584,0.003392857142857143,3.8043478260869565,875,,,,,,,,
,,,3.8043478260869565,875,0.36536094546318054,0.8578431372549019,0.8971631205673759,198.0481,,,,
0.3085,2.1614832878112793,0.003333333333333333,3.9130434782608696,900,,,,,,,,
,,,3.9130434782608696,900,0.39126765727996826,0.8725490196078431,0.9090909090909091,203.7551,,,,
0.3079,1.978744626045227,0.003273809523809524,4.021739130434782,925,,,,,,,,
,,,4.021739130434782,925,0.37144073843955994,0.8651960784313726,0.8979591836734695,209.3578,,,,
0.2686,3.1233303546905518,0.0032142857142857147,4.130434782608695,950,,,,,,,,
,,,4.130434782608695,950,0.3697033226490021,0.8602941176470589,0.8991150442477877,215.0181,,,,
0.2969,3.3011417388916016,0.0031547619047619046,4.239130434782608,975,,,,,,,,
,,,4.239130434782608,975,0.4967968761920929,0.8186274509803921,0.8790849673202614,220.6709,,,,
0.2677,1.3602241277694702,0.0030952380952380953,4.3478260869565215,1000,,,,,,,,
,,,4.3478260869565215,1000,0.40417733788490295,0.8676470588235294,0.9,226.2545,,,,
0.2654,2.1187517642974854,0.0030357142857142857,4.456521739130435,1025,,,,,,,,
,,,4.456521739130435,1025,0.36728039383888245,0.8480392156862745,0.8864468864468864,232.2148,,,,
0.2584,4.581867694854736,0.002976190476190476,4.565217391304348,1050,,,,,,,,
,,,4.565217391304348,1050,0.6672380566596985,0.8161764705882353,0.8776508972267536,237.901,,,,
0.2654,0.5289271473884583,0.002916666666666667,4.673913043478261,1075,,,,,,,,
,,,4.673913043478261,1075,0.3861897885799408,0.8627450980392157,0.8966789667896681,243.5544,,,,
0.2422,0.7618701457977295,0.002857142857142857,4.782608695652174,1100,,,,,,,,
,,,4.782608695652174,1100,0.364711195230484,0.8700980392156863,0.9081455805892548,249.2652,,,,
0.2943,4.589305400848389,0.002797619047619048,4.891304347826087,1125,,,,,,,,
,,,4.891304347826087,1125,0.46074721217155457,0.8382352941176471,0.8725868725868726,254.9315,,,,
0.2465,0.0646662563085556,0.0027380952380952383,5.0,1150,,,,,,,,
,,,5.0,1150,0.35746848583221436,0.8627450980392157,0.9020979020979022,260.7204,,,,
0.1975,0.19190633296966553,0.0026785714285714286,5.108695652173913,1175,,,,,,,,
,,,5.108695652173913,1175,0.46923568844795227,0.8651960784313726,0.9056603773584906,266.2591,,,,
0.2488,2.067939519882202,0.0026190476190476194,5.217391304347826,1200,,,,,,,,
,,,5.217391304347826,1200,0.3755143880844116,0.8553921568627451,0.8955752212389381,272.0041,,,,
0.2211,0.7826473712921143,0.0025595238095238093,5.326086956521739,1225,,,,,,,,
,,,5.326086956521739,1225,0.443020761013031,0.8578431372549019,0.8945454545454546,277.6553,,,,
0.2239,0.8979951739311218,0.0025,5.434782608695652,1250,,,,,,,,
,,,5.434782608695652,1250,0.3739199936389923,0.8578431372549019,0.8982456140350877,283.2263,,,,
0.1564,1.6321128606796265,0.0024404761904761904,5.543478260869565,1275,,,,,,,,
,,,5.543478260869565,1275,0.5177555680274963,0.8651960784313726,0.9019607843137256,288.8309,,,,
0.2318,0.7746583819389343,0.0023809523809523807,5.6521739130434785,1300,,,,,,,,
,,,5.6521739130434785,1300,0.433368444442749,0.8578431372549019,0.8925925925925926,294.4315,,,,
0.2116,0.7267706990242004,0.0023214285714285715,5.760869565217392,1325,,,,,,,,
,,,5.760869565217392,1325,0.4207836091518402,0.8627450980392157,0.8978102189781021,300.216,,,,
0.1922,0.9314359426498413,0.002261904761904762,5.869565217391305,1350,,,,,,,,
,,,5.869565217391305,1350,0.45441290736198425,0.8627450980392157,0.9014084507042254,305.9237,,,,
0.223,0.5953423976898193,0.002202380952380952,5.978260869565218,1375,,,,,,,,
,,,5.978260869565218,1375,0.41686731576919556,0.8627450980392157,0.9037800687285222,311.7724,,,,
0.1373,4.197319030761719,0.002142857142857143,6.086956521739131,1400,,,,,,,,
,,,6.086956521739131,1400,0.7449657917022705,0.8357843137254902,0.8892561983471075,317.3503,,,,
0.218,1.7860581874847412,0.0020833333333333333,6.195652173913044,1425,,,,,,,,
,,,6.195652173913044,1425,0.49070367217063904,0.8725490196078431,0.9097222222222222,323.2736,,,,
0.1798,1.1341947317123413,0.002023809523809524,6.304347826086957,1450,,,,,,,,
,,,6.304347826086957,1450,0.39333751797676086,0.8455882352941176,0.8848263254113347,328.7819,,,,
0.2006,0.264942467212677,0.0019642857142857144,6.413043478260869,1475,,,,,,,,
,,,6.413043478260869,1475,0.3698181211948395,0.8676470588235294,0.9045936395759717,334.4696,,,,
0.2282,1.5900154113769531,0.0019047619047619048,6.521739130434782,1500,,,,,,,,
,,,6.521739130434782,1500,0.399752140045166,0.8529411764705882,0.88929889298893,340.0839,,,,
0.163,1.4759238958358765,0.0018452380952380953,6.630434782608695,1525,,,,,,,,
,,,6.630434782608695,1525,0.4195007383823395,0.8676470588235294,0.9049295774647886,345.9416,,,,
0.1939,0.35361847281455994,0.0017857142857142859,6.739130434782608,1550,,,,,,,,
,,,6.739130434782608,1550,0.41536736488342285,0.8651960784313726,0.9029982363315697,351.5872,,,,
0.1521,1.652472972869873,0.0017261904761904762,6.8478260869565215,1575,,,,,,,,
,,,6.8478260869565215,1575,0.4970491826534271,0.8578431372549019,0.896797153024911,357.2269,,,,
0.1543,1.0322093963623047,0.0016666666666666666,6.956521739130435,1600,,,,,,,,
,,,6.956521739130435,1600,0.4530636668205261,0.8578431372549019,0.8993055555555555,363.0079,,,,
0.1448,2.3713910579681396,0.0016071428571428573,7.065217391304348,1625,,,,,,,,
,,,7.065217391304348,1625,0.460105299949646,0.8725490196078431,0.907473309608541,368.4924,,,,
0.1753,1.2559548616409302,0.0015476190476190477,7.173913043478261,1650,,,,,,,,
,,,7.173913043478261,1650,0.486113578081131,0.8455882352941176,0.8818011257035647,374.1795,,,,
0.1537,0.8885571360588074,0.001488095238095238,7.282608695652174,1675,,,,,,,,
,,,7.282608695652174,1675,0.4175635576248169,0.8627450980392157,0.902439024390244,379.7713,,,,
0.1511,1.6758170127868652,0.0014285714285714286,7.391304347826087,1700,,,,,,,,
,,,7.391304347826087,1700,0.42977848649024963,0.8725490196078431,0.9090909090909091,385.4759,,,,
0.1189,0.6967405676841736,0.0013690476190476191,7.5,1725,,,,,,,,
,,,7.5,1725,0.47853779792785645,0.8529411764705882,0.8901098901098902,391.2906,,,,
0.1469,1.2883715629577637,0.0013095238095238097,7.608695652173913,1750,,,,,,,,
,,,7.608695652173913,1750,0.44504109025001526,0.8700980392156863,0.9068541300527241,396.9585,,,,
0.162,4.016277313232422,0.00125,7.717391304347826,1775,,,,,,,,
,,,7.717391304347826,1775,0.4584767520427704,0.8651960784313726,0.9019607843137256,402.822,,,,
0.1065,0.4928584098815918,0.0011904761904761904,7.826086956521739,1800,,,,,,,,
,,,7.826086956521739,1800,0.5045223832130432,0.8553921568627451,0.8959435626102292,408.4017,,,,
0.1167,0.5910530090332031,0.001130952380952381,7.934782608695652,1825,,,,,,,,
,,,7.934782608695652,1825,0.4790079593658447,0.8627450980392157,0.9,414.3547,,,,
0.1591,0.9524415135383606,0.0010714285714285715,8.043478260869565,1850,,,,,,,,
,,,8.043478260869565,1850,0.4503059685230255,0.8602941176470589,0.8969258589511754,419.9125,,,,
0.0965,0.18123845756053925,0.001011904761904762,8.152173913043478,1875,,,,,,,,
,,,8.152173913043478,1875,0.5042352080345154,0.8529411764705882,0.8924731182795699,425.7024,,,,
0.0973,0.950316846370697,0.0009523809523809524,8.26086956521739,1900,,,,,,,,
,,,8.26086956521739,1900,0.5233570337295532,0.8578431372549019,0.8953068592057761,431.4796,,,,
0.107,0.5165401101112366,0.0008928571428571429,8.369565217391305,1925,,,,,,,,
,,,8.369565217391305,1925,0.5199661254882812,0.8553921568627451,0.8948306595365418,437.1997,,,,
0.0932,0.5860556960105896,0.0008333333333333333,8.478260869565217,1950,,,,,,,,
,,,8.478260869565217,1950,0.5346813797950745,0.8578431372549019,0.896797153024911,443.0071,,,,
0.1164,2.9272356033325195,0.0007738095238095238,8.58695652173913,1975,,,,,,,,
,,,8.58695652173913,1975,0.5481088757514954,0.8602941176470589,0.8994708994708994,448.597,,,,
0.1973,0.5079212188720703,0.0007142857142857143,8.695652173913043,2000,,,,,,,,
,,,8.695652173913043,2000,0.44464150071144104,0.8578431372549019,0.8975265017667844,454.2859,,,,
0.1074,2.487485885620117,0.0006547619047619048,8.804347826086957,2025,,,,,,,,
,,,8.804347826086957,2025,0.5030255913734436,0.8578431372549019,0.8937728937728937,460.0587,,,,
0.131,1.4618871212005615,0.0005952380952380952,8.91304347826087,2050,,,,,,,,
,,,8.91304347826087,2050,0.5121906399726868,0.8602941176470589,0.900523560209424,465.7561,,,,
0.1583,1.0636024475097656,0.0005357142857142857,9.021739130434783,2075,,,,,,,,
,,,9.021739130434783,2075,0.4893546402454376,0.8627450980392157,0.8981818181818181,471.3334,,,,
0.0487,1.0784683227539062,0.0004761904761904762,9.130434782608695,2100,,,,,,,,
,,,9.130434782608695,2100,0.5229899883270264,0.8553921568627451,0.8952042628774423,476.9441,,,,
0.0883,3.475346326828003,0.00041666666666666664,9.23913043478261,2125,,,,,,,,
,,,9.23913043478261,2125,0.5424402356147766,0.8602941176470589,0.8987566607460036,482.6787,,,,
0.0916,0.11310367286205292,0.00035714285714285714,9.347826086956522,2150,,,,,,,,
,,,9.347826086956522,2150,0.5519291162490845,0.8529411764705882,0.8932384341637011,488.3239,,,,
0.1017,2.5209226608276367,0.0002976190476190476,9.456521739130435,2175,,,,,,,,
,,,9.456521739130435,2175,0.5418453216552734,0.8602941176470589,0.8991150442477877,494.1013,,,,
0.0973,0.966667652130127,0.0002380952380952381,9.565217391304348,2200,,,,,,,,
,,,9.565217391304348,2200,0.537588357925415,0.8504901960784313,0.8912655971479501,499.6753,,,,
0.1214,0.9848330020904541,0.00017857142857142857,9.673913043478262,2225,,,,,,,,
,,,9.673913043478262,2225,0.5298702120780945,0.8529411764705882,0.8928571428571429,505.379,,,,
0.1088,0.1059737354516983,0.00011904761904761905,9.782608695652174,2250,,,,,,,,
,,,9.782608695652174,2250,0.5250974297523499,0.8480392156862745,0.8892857142857142,511.0181,,,,
0.0758,1.177756667137146,5.9523809523809524e-05,9.891304347826086,2275,,,,,,,,
,,,9.891304347826086,2275,0.528062641620636,0.8529411764705882,0.8932384341637011,516.7244,,,,
0.1047,0.01918083056807518,0.0,10.0,2300,,,,,,,,
,,,10.0,2300,0.5294632911682129,0.8504901960784313,0.8912655971479501,522.4087,,,,
,,,10.0,2300,,,,522.0512,70.261,4.406,1452138547459488.0,0.2755187731722127
