loss,grad_norm,learning_rate,epoch,step,eval_loss,eval_accuracy,eval_f1,train_runtime,train_samples_per_second,train_steps_per_second,total_flos,train_loss
1.688,0.9741053581237793,1e-05,0.004347826086956522,1,,,,,,,,
1.6004,1.5609703063964844,0.00025,0.10869565217391304,25,,,,,,,,
,,,0.10869565217391304,25,1.4311237335205078,0.6838235294117647,0.8122270742358079,8.1932,,,,
1.3416,0.953947901725769,0.0005,0.21739130434782608,50,,,,,,,,
,,,0.21739130434782608,50,1.0064077377319336,0.6838235294117647,0.8122270742358079,15.7491,,,,
0.8153,2.069516658782959,0.00075,0.32608695652173914,75,,,,,,,,
,,,0.32608695652173914,75,0.647892951965332,0.6838235294117647,0.8122270742358079,23.6505,,,,
0.6988,1.1089882850646973,0.001,0.43478260869565216,100,,,,,,,,
,,,0.43478260869565216,100,0.6396414041519165,0.6838235294117647,0.8122270742358079,31.3695,,,,
0.6513,0.513221800327301,0.00125,0.5434782608695652,125,,,,,,,,
,,,0.5434782608695652,125,0.6151440739631653,0.6838235294117647,0.8122270742358079,39.0472,,,,
0.6248,4.26555871963501,0.0015,0.6521739130434783,150,,,,,,,,
,,,0.6521739130434783,150,0.5864661931991577,0.7034313725490197,0.7677543186180422,46.8115,,,,
0.6951,0.4568135142326355,0.00175,0.7608695652173914,175,,,,,,,,
,,,0.7608695652173914,175,0.597635805606842,0.6838235294117647,0.8122270742358079,54.748,,,,
0.6307,0.6658307909965515,0.002,0.8695652173913043,200,,,,,,,,
,,,0.8695652173913043,200,0.5663946866989136,0.7132352941176471,0.8251121076233183,62.6057,,,,
0.6379,1.4978010654449463,0.0019761904761904764,0.9782608695652174,225,,,,,,,,
,,,0.9782608695652174,225,0.6018555760383606,0.7426470588235294,0.793713163064833,70.3971,,,,
0.5492,1.8254609107971191,0.0019523809523809524,1.0869565217391304,250,,,,,,,,
,,,1.0869565217391304,250,0.7199611067771912,0.6740196078431373,0.691415313225058,77.8212,,,,
0.6182,0.45060136914253235,0.0019285714285714286,1.1956521739130435,275,,,,,,,,
,,,1.1956521739130435,275,0.5439771413803101,0.7083333333333334,0.8221225710014948,85.6952,,,,
0.5561,1.366672396659851,0.0019047619047619048,1.3043478260869565,300,,,,,,,,
,,,1.3043478260869565,300,0.4787179231643677,0.7941176470588235,0.852112676056338,93.425,,,,
0.4864,0.9238400459289551,0.001880952380952381,1.4130434782608696,325,,,,,,,,
,,,1.4130434782608696,325,0.4264388680458069,0.8284313725490197,0.8731884057971014,101.1907,,,,
0.5359,2.0082483291625977,0.0018571428571428573,1.5217391304347827,350,,,,,,,,
,,,1.5217391304347827,350,0.42111414670944214,0.8235294117647058,0.8705035971223022,109.0191,,,,
0.5055,1.5899473428726196,0.0018333333333333333,1.6304347826086958,375,,,,,,,,
,,,1.6304347826086958,375,0.4205735921859741,0.8259803921568627,0.8667917448405253,116.5617,,,,
0.5175,2.8431389331817627,0.0018095238095238095,1.7391304347826086,400,,,,,,,,
,,,1.7391304347826086,400,0.43288248777389526,0.8406862745098039,0.8907563025210083,124.3793,,,,
0.5813,2.6554956436157227,0.0017857142857142859,1.8478260869565217,425,,,,,,,,
,,,1.8478260869565217,425,0.4383133053779602,0.8063725490196079,0.8719611021069691,132.1185,,,,
0.5062,3.133897304534912,0.0017619047619047618,1.9565217391304348,450,,,,,,,,
,,,1.9565217391304348,450,0.4027036130428314,0.8308823529411765,0.8848080133555927,139.97,,,,
0.4254,0.9670155048370361,0.0017380952380952382,2.0652173913043477,475,,,,,,,,
,,,2.0652173913043477,475,0.456134557723999,0.8333333333333334,0.8859060402684563,147.5653,,,,
0.5198,2.0739409923553467,0.0017142857142857142,2.1739130434782608,500,,,,,,,,
,,,2.1739130434782608,500,0.3692878782749176,0.8627450980392157,0.8978102189781021,155.2381,,,,
0.4327,2.2791457176208496,0.0016904761904761906,2.282608695652174,525,,,,,,,,
,,,2.282608695652174,525,0.36217573285102844,0.8578431372549019,0.8921933085501859,163.1973,,,,
0.4114,1.1358641386032104,0.0016666666666666668,2.391304347826087,550,,,,,,,,
,,,2.391304347826087,550,0.36549249291419983,0.8578431372549019,0.8933823529411764,170.8471,,,,
0.438,3.3599629402160645,0.0016428571428571427,2.5,575,,,,,,,,
,,,2.5,575,0.4939659833908081,0.7990196078431373,0.8714733542319749,178.6007,,,,
0.3816,1.2518532276153564,0.0016190476190476191,2.608695652173913,600,,,,,,,,
,,,2.608695652173913,600,0.3613393008708954,0.8676470588235294,0.90625,186.3782,,,,
0.3958,1.1908537149429321,0.0015952380952380953,2.717391304347826,625,,,,,,,,
,,,2.717391304347826,625,0.38467925786972046,0.8480392156862745,0.8916083916083916,194.1889,,,,
0.4698,2.3302838802337646,0.0015714285714285715,2.8260869565217392,650,,,,,,,,
,,,2.8260869565217392,650,0.3595937192440033,0.8627450980392157,0.895910780669145,202.0904,,,,
0.3721,3.618891716003418,0.0015476190476190477,2.9347826086956523,675,,,,,,,,
,,,2.9347826086956523,675,0.396259605884552,0.8455882352941176,0.8955223880597015,209.9599,,,,
0.3838,1.004475712776184,0.0015238095238095239,3.0434782608695654,700,,,,,,,,
,,,3.0434782608695654,700,0.37338846921920776,0.8504901960784313,0.893542757417103,217.365,,,,
0.413,0.8969355821609497,0.0015,3.1521739130434785,725,,,,,,,,
,,,3.1521739130434785,725,0.41818177700042725,0.8504901960784313,0.8957264957264958,225.2191,,,,
0.3732,1.6041630506515503,0.0014761904761904762,3.260869565217391,750,,,,,,,,
,,,3.260869565217391,750,0.3602643609046936,0.8553921568627451,0.8917431192660551,233.0348,,,,
0.3648,1.8106372356414795,0.0014523809523809524,3.369565217391304,775,,,,,,,,
,,,3.369565217391304,775,0.3763964772224426,0.8504901960784313,0.8967851099830796,240.7064,,,,
0.3283,2.185103416442871,0.0014285714285714286,3.4782608695652173,800,,,,,,,,
,,,3.4782608695652173,800,0.3778039813041687,0.8676470588235294,0.9049295774647886,248.5602,,,,
0.4026,2.706110954284668,0.0014047619047619047,3.5869565217391304,825,,,,,,,,
,,,3.5869565217391304,825,0.3252139687538147,0.8799019607843137,0.9126559714795008,256.3384,,,,
0.3782,3.013705253601074,0.001380952380952381,3.6956521739130435,850,,,,,,,,
,,,3.6956521739130435,850,0.37400734424591064,0.8627450980392157,0.8951310861423221,264.3716,,,,
0.351,6.011087894439697,0.0013571428571428573,3.8043478260869565,875,,,,,,,,
,,,3.8043478260869565,875,0.34752437472343445,0.875,0.9106830122591945,272.0858,,,,
0.3629,1.45547616481781,0.0013333333333333333,3.9130434782608696,900,,,,,,,,
,,,3.9130434782608696,900,0.33882805705070496,0.8676470588235294,0.9052631578947367,280.0399,,,,
0.3979,1.2020010948181152,0.0013095238095238095,4.021739130434782,925,,,,,,,,
,,,4.021739130434782,925,0.33790677785873413,0.8602941176470589,0.900523560209424,287.7197,,,,
0.3196,2.5705552101135254,0.0012857142857142859,4.130434782608695,950,,,,,,,,
,,,4.130434782608695,950,0.3018324375152588,0.8823529411764706,0.9142857142857143,295.5131,,,,
0.3905,2.467785596847534,0.0012619047619047618,4.239130434782608,975,,,,,,,,
,,,4.239130434782608,975,0.3881906270980835,0.8651960784313726,0.908485856905158,303.2571,,,,
0.3639,1.7410285472869873,0.0012380952380952382,4.3478260869565215,1000,,,,,,,,
,,,4.3478260869565215,1000,0.3279343843460083,0.8700980392156863,0.9045045045045046,310.9185,,,,
0.3673,3.0783960819244385,0.0012142857142857142,4.456521739130435,1025,,,,,,,,
,,,4.456521739130435,1025,0.3382590413093567,0.8578431372549019,0.894927536231884,319.1159,,,,
0.336,3.347055673599243,0.0011904761904761906,4.565217391304348,1050,,,,,,,,
,,,4.565217391304348,1050,0.455086886882782,0.8431372549019608,0.8926174496644296,327.0353,,,,
0.3066,0.4538775682449341,0.0011666666666666668,4.673913043478261,1075,,,,,,,,
,,,4.673913043478261,1075,0.361933171749115,0.8627450980392157,0.8962962962962964,334.7526,,,,
0.3435,1.9385937452316284,0.0011428571428571427,4.782608695652174,1100,,,,,,,,
,,,4.782608695652174,1100,0.3401687741279602,0.8799019607843137,0.9117117117117116,342.7328,,,,
0.3261,1.7695232629776,0.0011190476190476191,4.891304347826087,1125,,,,,,,,
,,,4.891304347826087,1125,0.3367249369621277,0.8774509803921569,0.9097472924187725,350.5281,,,,
0.3085,0.48103487491607666,0.0010952380952380953,5.0,1150,,,,,,,,
,,,5.0,1150,0.3064790666103363,0.8774509803921569,0.910394265232975,358.3904,,,,
0.2498,0.7290307879447937,0.0010714285714285715,5.108695652173913,1175,,,,,,,,
,,,5.108695652173913,1175,0.3720632791519165,0.8799019607843137,0.9100917431192661,366.2024,,,,
0.2891,1.1377497911453247,0.0010476190476190477,5.217391304347826,1200,,,,,,,,
,,,5.217391304347826,1200,0.3331086039543152,0.8823529411764706,0.9139784946236559,373.9662,,,,
0.2705,4.178985118865967,0.0010238095238095238,5.326086956521739,1225,,,,,,,,
,,,5.326086956521739,1225,0.3935292661190033,0.8823529411764706,0.9127272727272728,381.8988,,,,
0.3719,1.359350562095642,0.001,5.434782608695652,1250,,,,,,,,
,,,5.434782608695652,1250,0.34276413917541504,0.875,0.9109947643979057,389.5621,,,,
0.2724,3.608508348464966,0.0009761904761904762,5.543478260869565,1275,,,,,,,,
,,,5.543478260869565,1275,0.37251102924346924,0.8848039215686274,0.9128014842300557,397.192,,,,
0.281,2.0882809162139893,0.0009523809523809524,5.6521739130434785,1300,,,,,,,,
,,,5.6521739130434785,1300,0.38402441143989563,0.8553921568627451,0.8925318761384335,405.048,,,,
0.2728,0.5770871639251709,0.0009285714285714287,5.760869565217392,1325,,,,,,,,
,,,5.760869565217392,1325,0.3968275487422943,0.8578431372549019,0.901023890784983,412.903,,,,
0.289,2.266542434692383,0.0009047619047619047,5.869565217391305,1350,,,,,,,,
,,,5.869565217391305,1350,0.4111033082008362,0.8602941176470589,0.9001751313485115,420.8491,,,,
0.2802,3.202408790588379,0.0008809523809523809,5.978260869565218,1375,,,,,,,,
,,,5.978260869565218,1375,0.41398918628692627,0.8651960784313726,0.9072512647554806,428.849,,,,
0.2271,3.7503602504730225,0.0008571428571428571,6.086956521739131,1400,,,,,,,,
,,,6.086956521739131,1400,0.4614548683166504,0.8676470588235294,0.9075342465753423,436.4723,,,,
0.2373,1.974212408065796,0.0008333333333333334,6.195652173913044,1425,,,,,,,,
,,,6.195652173913044,1425,0.4033585488796234,0.8700980392156863,0.9078260869565218,444.6791,,,,
0.2369,2.546396493911743,0.0008095238095238096,6.304347826086957,1450,,,,,,,,
,,,6.304347826086957,1450,0.47997382283210754,0.8553921568627451,0.8867562380038387,452.2226,,,,
0.3195,0.9476701617240906,0.0007857142857142857,6.413043478260869,1475,,,,,,,,
,,,6.413043478260869,1475,0.343051940202713,0.8651960784313726,0.8975791433891992,460.1139,,,,
0.2672,0.6493070721626282,0.0007619047619047619,6.521739130434782,1500,,,,,,,,
,,,6.521739130434782,1500,0.3849736452102661,0.8725490196078431,0.9037037037037037,467.8672,,,,
0.2372,3.2337775230407715,0.0007380952380952381,6.630434782608695,1525,,,,,,,,
,,,6.630434782608695,1525,0.4081573486328125,0.8725490196078431,0.9090909090909091,475.9552,,,,
0.2671,0.68821120262146,0.0007142857142857143,6.739130434782608,1550,,,,,,,,
,,,6.739130434782608,1550,0.36205852031707764,0.8725490196078431,0.9040590405904059,483.7656,,,,
0.2462,2.81256365776062,0.0006904761904761905,6.8478260869565215,1575,,,,,,,,
,,,6.8478260869565215,1575,0.36132124066352844,0.8774509803921569,0.911032028469751,491.5563,,,,
0.28,2.092038631439209,0.0006666666666666666,6.956521739130435,1600,,,,,,,,
,,,6.956521739130435,1600,0.38842248916625977,0.8725490196078431,0.9051094890510949,499.4319,,,,
0.1728,3.3430562019348145,0.0006428571428571429,7.065217391304348,1625,,,,,,,,
,,,7.065217391304348,1625,0.3972409963607788,0.8823529411764706,0.9130434782608696,507.2067,,,,
0.2316,1.409371018409729,0.0006190476190476191,7.173913043478261,1650,,,,,,,,
,,,7.173913043478261,1650,0.3523465692996979,0.8799019607843137,0.9110707803992741,514.8698,,,,
0.1514,2.138831615447998,0.0005952380952380953,7.282608695652174,1675,,,,,,,,
,,,7.282608695652174,1675,0.45386266708374023,0.8700980392156863,0.9094017094017094,522.7282,,,,
0.2701,3.1174163818359375,0.0005714285714285714,7.391304347826087,1700,,,,,,,,
,,,7.391304347826087,1700,0.3930821120738983,0.8823529411764706,0.916083916083916,530.6167,,,,
0.1873,4.140996932983398,0.0005476190476190477,7.5,1725,,,,,,,,
,,,7.5,1725,0.42243021726608276,0.8823529411764706,0.9120879120879121,538.4717,,,,
0.2267,1.452966332435608,0.0005238095238095238,7.608695652173913,1750,,,,,,,,
,,,7.608695652173913,1750,0.3610175549983978,0.8799019607843137,0.9120287253141832,546.4491,,,,
0.1712,1.1569783687591553,0.0005,7.717391304347826,1775,,,,,,,,
,,,7.717391304347826,1775,0.3789103031158447,0.8799019607843137,0.9107468123861567,554.3017,,,,
0.215,1.3760839700698853,0.0004761904761904762,7.826086956521739,1800,,,,,,,,
,,,7.826086956521739,1800,0.410430371761322,0.875,0.9090909090909091,562.0955,,,,
0.1527,2.5898618698120117,0.00045238095238095237,7.934782608695652,1825,,,,,,,,
,,,7.934782608695652,1825,0.40151360630989075,0.875,0.9081081081081082,570.2298,,,,
0.1455,2.881265640258789,0.00042857142857142855,8.043478260869565,1850,,,,,,,,
,,,8.043478260869565,1850,0.443400502204895,0.8774509803921569,0.9087591240875913,577.8648,,,,
0.138,2.4418153762817383,0.0004047619047619048,8.152173913043478,1875,,,,,,,,
,,,8.152173913043478,1875,0.44942498207092285,0.8774509803921569,0.9094202898550725,585.7914,,,,
0.1237,0.12360959500074387,0.00038095238095238096,8.26086956521739,1900,,,,,,,,
,,,8.26086956521739,1900,0.47315388917922974,0.875,0.9103690685413005,593.5632,,,,
0.1164,0.8507505059242249,0.00035714285714285714,8.369565217391305,1925,,,,,,,,
,,,8.369565217391305,1925,0.5081237554550171,0.8823529411764706,0.9120879120879121,601.4704,,,,
0.1056,1.398687481880188,0.0003333333333333333,8.478260869565217,1950,,,,,,,,
,,,8.478260869565217,1950,0.5404612421989441,0.8700980392156863,0.9090909090909091,609.4498,,,,
0.1672,1.9209314584732056,0.00030952380952380956,8.58695652173913,1975,,,,,,,,
,,,8.58695652173913,1975,0.4786369502544403,0.8676470588235294,0.9042553191489361,617.0935,,,,
0.1672,2.97826886177063,0.0002857142857142857,8.695652173913043,2000,,,,,,,,
,,,8.695652173913043,2000,0.4637902081012726,0.8774509803921569,0.9131944444444444,624.9468,,,,
0.1931,5.094268798828125,0.0002619047619047619,8.804347826086957,2025,,,,,,,,
,,,8.804347826086957,2025,0.47971755266189575,0.8725490196078431,0.9068100358422939,632.8502,,,,
0.1402,0.2534227967262268,0.0002380952380952381,8.91304347826087,2050,,,,,,,,
,,,8.91304347826087,2050,0.4628966748714447,0.875,0.9097345132743363,640.6601,,,,
0.1595,0.47764667868614197,0.00021428571428571427,9.021739130434783,2075,,,,,,,,
,,,9.021739130434783,2075,0.4575902819633484,0.8799019607843137,0.9113924050632911,648.4322,,,,
0.0967,0.13497294485569,0.00019047619047619048,9.130434782608695,2100,,,,,,,,
,,,9.130434782608695,2100,0.4496491253376007,0.8774509803921569,0.9107142857142857,656.0667,,,,
0.1089,6.294386386871338,0.00016666666666666666,9.23913043478261,2125,,,,,,,,
,,,9.23913043478261,2125,0.4745240807533264,0.8799019607843137,0.9110707803992741,663.9321,,,,
0.1358,0.7112339735031128,0.00014285714285714284,9.347826086956522,2150,,,,,,,,
,,,9.347826086956522,2150,0.4640117287635803,0.8774509803921569,0.9113475177304964,671.7004,,,,
0.1173,1.7688305377960205,0.00011904761904761905,9.456521739130435,2175,,,,,,,,
,,,9.456521739130435,2175,0.462673157453537,0.875,0.9081081081081082,679.4951,,,,
0.06,0.49782946705818176,9.523809523809524e-05,9.565217391304348,2200,,,,,,,,
,,,9.565217391304348,2200,0.4595027267932892,0.875,0.9094138543516875,687.3899,,,,
0.0878,4.2336106300354,7.142857142857142e-05,9.673913043478262,2225,,,,,,,,
,,,9.673913043478262,2225,0.4691726863384247,0.8799019607843137,0.9132743362831858,695.0901,,,,
0.0973,0.18852777779102325,4.761904761904762e-05,9.782608695652174,2250,,,,,,,,
,,,9.782608695652174,2250,0.474744975566864,0.8774509803921569,0.910394265232975,702.9742,,,,
0.0777,0.18822500109672546,2.380952380952381e-05,9.891304347826086,2275,,,,,,,,
,,,9.891304347826086,2275,0.4785882830619812,0.8799019607843137,0.9120287253141832,710.8177,,,,
0.1051,23.141094207763672,0.0,10.0,2300,,,,,,,,
,,,10.0,2300,0.4815669655799866,0.8774509803921569,0.9100719424460433,718.5167,,,,
,,,10.0,2300,,,,718.1837,51.073,3.203,1477114622477088.0,0.35039789852888686
