step,epoch,train_loss,eval_loss,eval_accuracy,eval_f1,train_runtime
25,0.10869565217391304,0.7095,0.650793194770813,0.6838235294117647,0.8122270742358079,6.198
50,0.21739130434782608,0.6625,0.6216485500335693,0.6838235294117647,0.8122270742358079,11.8434
75,0.32608695652173914,0.6398,0.6109246015548706,0.6838235294117647,0.8122270742358079,17.6898
100,0.43478260869565216,0.6405,0.6238855123519897,0.6838235294117647,0.8122270742358079,23.3564
125,0.5434782608695652,0.6084,0.6280253529548645,0.6838235294117647,0.8122270742358079,29.1666
150,0.6521739130434783,0.6369,0.6283742785453796,0.6838235294117647,0.8122270742358079,34.8168
175,0.7608695652173914,0.6434,0.6241379976272583,0.6838235294117647,0.8122270742358079,40.7638
200,0.8695652173913043,0.6499,0.6239576935768127,0.6838235294117647,0.8122270742358079,46.5513
225,0.9782608695652174,0.6367,0.6411646604537964,0.6838235294117647,0.8122270742358079,52.2948
250,1.0869565217391304,0.6532,0.6353273391723633,0.6838235294117647,0.8122270742358079,57.8858
275,1.1956521739130435,0.6322,0.6521546840667725,0.6838235294117647,0.8122270742358079,63.6312
300,1.3043478260869565,0.6317,0.6297471523284912,0.6838235294117647,0.8122270742358079,69.4548
325,1.4130434782608696,0.646,0.630366325378418,0.6838235294117647,0.8122270742358079,75.1529
350,1.5217391304347827,0.6644,0.6239038109779358,0.6838235294117647,0.8122270742358079,80.947
375,1.6304347826086958,0.6234,0.6238762736320496,0.6838235294117647,0.8122270742358079,86.5046
400,1.7391304347826086,0.6244,0.6487913131713867,0.6838235294117647,0.8122270742358079,92.2088
425,1.8478260869565217,0.641,0.6423351764678955,0.6838235294117647,0.8122270742358079,97.9518
450,1.9565217391304348,0.6488,0.6247101426124573,0.6838235294117647,0.8122270742358079,103.7327
475,2.0652173913043477,0.6395,0.6317564249038696,0.6838235294117647,0.8122270742358079,109.3511
500,2.1739130434782608,0.6415,0.6504724621772766,0.6838235294117647,0.8122270742358079,115.0178
525,2.282608695652174,0.6261,0.6243236064910889,0.6838235294117647,0.8122270742358079,121.265
550,2.391304347826087,0.6426,0.6263230443000793,0.6838235294117647,0.8122270742358079,126.9376
575,2.5,0.6366,0.628176212310791,0.6838235294117647,0.8122270742358079,132.6843
600,2.608695652173913,0.6652,0.648527979850769,0.6838235294117647,0.8122270742358079,138.4078
625,2.717391304347826,0.6311,0.6239535212516785,0.6838235294117647,0.8122270742358079,144.2211
650,2.8260869565217392,0.6499,0.6251507997512817,0.6838235294117647,0.8122270742358079,150.0246
675,2.9347826086956523,0.6136,0.6239583492279053,0.6838235294117647,0.8122270742358079,155.8355
700,3.0434782608695654,0.6444,0.6244127750396729,0.6838235294117647,0.8122270742358079,161.4994
725,3.1521739130434785,0.619,0.627662181854248,0.6838235294117647,0.8122270742358079,167.205
750,3.260869565217391,0.623,0.626544177532196,0.6838235294117647,0.8122270742358079,173.0366
775,3.369565217391304,0.6494,0.6245000958442688,0.6838235294117647,0.8122270742358079,178.6468
800,3.4782608695652173,0.6411,0.630624532699585,0.6838235294117647,0.8122270742358079,184.353
825,3.5869565217391304,0.634,0.6244106888771057,0.6838235294117647,0.8122270742358079,190.2038
850,3.6956521739130435,0.6384,0.6273226141929626,0.6838235294117647,0.8122270742358079,195.9946
875,3.8043478260869565,0.6327,0.6273240447044373,0.6838235294117647,0.8122270742358079,201.7866
900,3.9130434782608696,0.6528,0.6241827607154846,0.6838235294117647,0.8122270742358079,207.6833
925,4.021739130434782,0.6626,0.62696373462677,0.6838235294117647,0.8122270742358079,213.3283
950,4.130434782608695,0.6134,0.6254658699035645,0.6838235294117647,0.8122270742358079,219.052
975,4.239130434782608,0.6292,0.6239548325538635,0.6838235294117647,0.8122270742358079,224.7008
1000,4.3478260869565215,0.6323,0.6242518424987793,0.6838235294117647,0.8122270742358079,230.3347
1025,4.456521739130435,0.6227,0.6264622807502747,0.6838235294117647,0.8122270742358079,236.6604
1050,4.565217391304348,0.6435,0.6253376603126526,0.6838235294117647,0.8122270742358079,242.4602
1075,4.673913043478261,0.6565,0.6243192553520203,0.6838235294117647,0.8122270742358079,248.1111
1100,4.782608695652174,0.6354,0.6243634819984436,0.6838235294117647,0.8122270742358079,253.9546
1125,4.891304347826087,0.6574,0.6259437203407288,0.6838235294117647,0.8122270742358079,259.6738
1150,5.0,0.6258,0.6241748929023743,0.6838235294117647,0.8122270742358079,265.5042
1175,5.108695652173913,0.6553,0.6243690252304077,0.6838235294117647,0.8122270742358079,271.1856
1200,5.217391304347826,0.6294,0.6249253153800964,0.6838235294117647,0.8122270742358079,276.9923
1225,5.326086956521739,0.6517,0.6250991821289062,0.6838235294117647,0.8122270742358079,282.7779
1250,5.434782608695652,0.6556,0.6318109035491943,0.6838235294117647,0.8122270742358079,288.4587
1275,5.543478260869565,0.6356,0.6271389722824097,0.6838235294117647,0.8122270742358079,294.2283
1300,5.6521739130434785,0.6124,0.6240522265434265,0.6838235294117647,0.8122270742358079,299.9168
1325,5.760869565217392,0.6232,0.6239830255508423,0.6838235294117647,0.8122270742358079,305.8197
1350,5.869565217391305,0.6116,0.6244325637817383,0.6838235294117647,0.8122270742358079,311.5497
1375,5.978260869565218,0.6215,0.6244595646858215,0.6838235294117647,0.8122270742358079,317.4554
1400,6.086956521739131,0.5939,0.6291714310646057,0.6838235294117647,0.8122270742358079,323.0629
1425,6.195652173913044,0.6358,0.6240293383598328,0.6838235294117647,0.8122270742358079,328.9531
1450,6.304347826086957,0.6445,0.6240689754486084,0.6838235294117647,0.8122270742358079,334.6575
1475,6.413043478260869,0.6358,0.6255031824111938,0.6838235294117647,0.8122270742358079,340.3771
1500,6.521739130434782,0.6652,0.624579906463623,0.6838235294117647,0.8122270742358079,346.1574
1525,6.630434782608695,0.6146,0.6239659190177917,0.6838235294117647,0.8122270742358079,352.5755
1550,6.739130434782608,0.6312,0.6239602565765381,0.6838235294117647,0.8122270742358079,358.3131
1575,6.8478260869565215,0.6469,0.6255481839179993,0.6838235294117647,0.8122270742358079,364.0344
1600,6.956521739130435,0.6238,0.6243946552276611,0.6838235294117647,0.8122270742358079,369.877
1625,7.065217391304348,0.6601,0.6254419684410095,0.6838235294117647,0.8122270742358079,375.4988
1650,7.173913043478261,0.6118,0.6244853138923645,0.6838235294117647,0.8122270742358079,381.1941
1675,7.282608695652174,0.6162,0.6253836154937744,0.6838235294117647,0.8122270742358079,386.9814
1700,7.391304347826087,0.6279,0.6242196559906006,0.6838235294117647,0.8122270742358079,392.7232
1725,7.5,0.661,0.6262340545654297,0.6838235294117647,0.8122270742358079,398.6272
1750,7.608695652173913,0.6416,0.6259691715240479,0.6838235294117647,0.8122270742358079,404.3473
1775,7.717391304347826,0.6373,0.6247628331184387,0.6838235294117647,0.8122270742358079,410.1459
1800,7.826086956521739,0.644,0.6242266893386841,0.6838235294117647,0.8122270742358079,415.8492
1825,7.934782608695652,0.6229,0.623953640460968,0.6838235294117647,0.8122270742358079,421.7662
1850,8.043478260869565,0.6117,0.6242013573646545,0.6838235294117647,0.8122270742358079,427.4425
1875,8.152173913043478,0.6616,0.6252192854881287,0.6838235294117647,0.8122270742358079,433.2023
1900,8.26086956521739,0.6056,0.6239855885505676,0.6838235294117647,0.8122270742358079,439.0609
1925,8.369565217391305,0.6338,0.6239586472511292,0.6838235294117647,0.8122270742358079,444.8422
1950,8.478260869565217,0.6481,0.6251784563064575,0.6838235294117647,0.8122270742358079,450.7574
1975,8.58695652173913,0.6181,0.6239703297615051,0.6838235294117647,0.8122270742358079,456.4229
2000,8.695652173913043,0.6414,0.624090850353241,0.6838235294117647,0.8122270742358079,462.182
2025,8.804347826086957,0.6436,0.6243151426315308,0.6838235294117647,0.8122270742358079,468.4819
2050,8.91304347826087,0.6088,0.6239555478096008,0.6838235294117647,0.8122270742358079,474.2746
2075,9.021739130434783,0.6228,0.6239797472953796,0.6838235294117647,0.8122270742358079,479.9549
2100,9.130434782608695,0.6259,0.623955488204956,0.6838235294117647,0.8122270742358079,485.6383
2125,9.23913043478261,0.6347,0.6241032481193542,0.6838235294117647,0.8122270742358079,491.4322
2150,9.347826086956522,0.614,0.6239662766456604,0.6838235294117647,0.8122270742358079,497.1386
2175,9.456521739130435,0.6367,0.6239561438560486,0.6838235294117647,0.8122270742358079,502.9282
2200,9.565217391304348,0.6293,0.623954713344574,0.6838235294117647,0.8122270742358079,508.6163
2225,9.673913043478262,0.6334,0.6239646673202515,0.6838235294117647,0.8122270742358079,514.3729
2250,9.782608695652174,0.6352,0.6239764094352722,0.6838235294117647,0.8122270742358079,520.1283
2275,9.891304347826086,0.6409,0.6240332126617432,0.6838235294117647,0.8122270742358079,525.9186
2300,10.0,0.6535,0.6240280866622925,0.6838235294117647,0.8122270742358079,531.7436
