step,epoch,train_loss,eval_loss,eval_accuracy,eval_f1,train_runtime
25,0.10869565217391304,0.7129,0.6578102111816406,0.6838235294117647,0.8122270742358079,6.1575
50,0.21739130434782608,0.6628,0.6243681907653809,0.6838235294117647,0.8122270742358079,11.964
75,0.32608695652173914,0.6382,0.6209163665771484,0.6838235294117647,0.8122270742358079,17.8476
100,0.43478260869565216,0.6379,0.6124407649040222,0.6838235294117647,0.8122270742358079,23.6567
125,0.5434782608695652,0.5969,0.5904393196105957,0.6985294117647058,0.8183161004431315,29.4989
150,0.6521739130434783,0.5602,0.5008978843688965,0.7352941176470589,0.8285714285714285,35.2966
175,0.7608695652173914,0.5399,0.48434165120124817,0.7892156862745098,0.8485915492957747,41.2833
200,0.8695652173913043,0.4938,0.5249204635620117,0.7671568627450981,0.8484848484848485,47.1801
225,0.9782608695652174,0.5049,0.5894412398338318,0.6642156862745098,0.6850574712643679,53.0079
250,1.0869565217391304,0.5192,0.4705524742603302,0.7916666666666666,0.8631239935587761,58.6495
275,1.1956521739130435,0.4694,0.4176425635814667,0.8014705882352942,0.867430441898527,64.5017
300,1.3043478260869565,0.4525,0.46160686016082764,0.803921568627451,0.8701298701298701,70.3439
325,1.4130434782608696,0.4067,0.4961817264556885,0.7377450980392157,0.7718550106609807,76.1891
350,1.5217391304347827,0.4678,0.3871961534023285,0.8259803921568627,0.8786324786324787,82.0207
375,1.6304347826086958,0.3914,0.3336171805858612,0.8480392156862745,0.8931034482758621,87.834
400,1.7391304347826086,0.3181,0.32045698165893555,0.8676470588235294,0.9025270758122744,93.6393
425,1.8478260869565217,0.3938,0.32303786277770996,0.8553921568627451,0.8963093145869947,99.5303
450,1.9565217391304348,0.4025,0.31770750880241394,0.8651960784313726,0.9033391915641477,105.4282
475,2.0652173913043477,0.3543,0.5270341634750366,0.8406862745098039,0.8936170212765958,111.1305
500,2.1739130434782608,0.3643,0.3085841238498688,0.8578431372549019,0.8945454545454546,116.9757
525,2.282608695652174,0.3588,0.3141622841358185,0.8553921568627451,0.888468809073724,123.0841
550,2.391304347826087,0.2909,0.3730945587158203,0.8676470588235294,0.9059233449477352,128.8426
575,2.5,0.3624,0.33250489830970764,0.8578431372549019,0.903010033444816,134.7236
600,2.608695652173913,0.3128,0.3472445011138916,0.8700980392156863,0.9084628670120898,140.5131
625,2.717391304347826,0.2975,0.408364474773407,0.8455882352941176,0.8962108731466227,146.4578
650,2.8260869565217392,0.3893,0.33169713616371155,0.8602941176470589,0.9042016806722689,152.3389
675,2.9347826086956523,0.3176,0.3146008551120758,0.8725490196078431,0.9084507042253521,158.3
700,3.0434782608695654,0.2968,0.32294270396232605,0.8651960784313726,0.9050086355785838,163.9045
725,3.1521739130434785,0.318,0.513913631439209,0.8308823529411765,0.8870703764320785,169.7559
750,3.260869565217391,0.3015,0.37926965951919556,0.8602941176470589,0.9045226130653267,175.6749
775,3.369565217391304,0.2544,0.32411208748817444,0.8774509803921569,0.9146757679180888,181.3933
800,3.4782608695652173,0.2742,0.4631367027759552,0.8333333333333334,0.8888888888888888,187.2592
825,3.5869565217391304,0.3369,0.27791643142700195,0.8823529411764706,0.916083916083916,193.0961
850,3.6956521739130435,0.287,0.30180349946022034,0.8774509803921569,0.9116607773851589,199.0874
875,3.8043478260869565,0.2836,0.2961108088493347,0.8872549019607843,0.9169675090252707,204.9205
900,3.9130434782608696,0.2986,0.3594125211238861,0.8627450980392157,0.9054054054054055,210.8873
925,4.021739130434782,0.304,0.2983207404613495,0.8700980392156863,0.9051878354203935,216.5788
950,4.130434782608695,0.2412,0.3085605502128601,0.8725490196078431,0.9081272084805654,222.5425
975,4.239130434782608,0.2997,0.37413230538368225,0.8602941176470589,0.9032258064516129,228.2578
1000,4.3478260869565215,0.3094,0.3528214991092682,0.8651960784313726,0.9072512647554806,234.0898
1025,4.456521739130435,0.262,0.3055334687232971,0.8700980392156863,0.9048473967684021,240.2848
1050,4.565217391304348,0.2315,0.3271973431110382,0.875,0.9113043478260869,246.2303
1075,4.673913043478261,0.2235,0.3164384365081787,0.8799019607843137,0.913884007029877,252.0563
1100,4.782608695652174,0.2202,0.31531456112861633,0.8799019607843137,0.9144851657940662,257.9723
1125,4.891304347826087,0.2342,0.30776581168174744,0.8872549019607843,0.9181494661921709,263.8431
1150,5.0,0.2278,0.32210174202919006,0.8823529411764706,0.9157894736842105,269.7538
1175,5.108695652173913,0.1965,0.3250353932380676,0.8897058823529411,0.9214659685863874,275.5396
1200,5.217391304347826,0.2237,0.40197768807411194,0.8676470588235294,0.9096989966555185,281.5069
1225,5.326086956521739,0.2077,0.3175433278083801,0.8897058823529411,0.9211908931698775,287.4178
1250,5.434782608695652,0.2342,0.35157594084739685,0.8897058823529411,0.9217391304347826,293.2279
1275,5.543478260869565,0.2147,0.3112112879753113,0.8921568627450981,0.9222614840989399,299.0799
1300,5.6521739130434785,0.1852,0.31749242544174194,0.8823529411764706,0.9169550173010381,304.9207
1325,5.760869565217392,0.1619,0.3509058952331543,0.8872549019607843,0.9206896551724139,310.9034
1350,5.869565217391305,0.2294,0.35509708523750305,0.8848039215686274,0.9137614678899082,316.8468
1375,5.978260869565218,0.2502,0.3001996576786041,0.8921568627450981,0.9202898550724639,322.911
1400,6.086956521739131,0.1406,0.5148969292640686,0.8627450980392157,0.9066666666666666,328.6798
1425,6.195652173913044,0.2121,0.39234378933906555,0.8774509803921569,0.9140893470790378,334.7783
1450,6.304347826086957,0.201,0.3461897671222687,0.8848039215686274,0.9124767225325885,340.5648
1475,6.413043478260869,0.202,0.375749409198761,0.8774509803921569,0.9134948096885814,346.5343
1500,6.521739130434782,0.247,0.3780902028083801,0.875,0.911917098445596,352.3548
1525,6.630434782608695,0.1373,0.3953222632408142,0.8799019607843137,0.9144851657940662,358.6772
1550,6.739130434782608,0.2018,0.36561697721481323,0.8921568627450981,0.9222614840989399,364.4787
1575,6.8478260869565215,0.1618,0.3811543881893158,0.8823529411764706,0.9151943462897526,370.4629
1600,6.956521739130435,0.1822,0.3667415678501129,0.8823529411764706,0.916083916083916,376.3736
1625,7.065217391304348,0.1427,0.39244964718818665,0.8921568627450981,0.9222614840989399,382.1473
1650,7.173913043478261,0.1962,0.389070600271225,0.8921568627450981,0.9208633093525179,387.9428
1675,7.282608695652174,0.1581,0.4559088349342346,0.8700980392156863,0.9106239460370995,393.8239
1700,7.391304347826087,0.1718,0.39880281686782837,0.8897058823529411,0.9217391304347826,399.7458
1725,7.5,0.1492,0.39510419964790344,0.8872549019607843,0.9169675090252707,405.707
1750,7.608695652173913,0.1658,0.362801194190979,0.8921568627450981,0.9228070175438596,411.5739
1775,7.717391304347826,0.184,0.40358150005340576,0.8676470588235294,0.9081632653061223,417.4878
1800,7.826086956521739,0.1247,0.4102068245410919,0.8774509803921569,0.9137931034482758,423.327
1825,7.934782608695652,0.1546,0.38467496633529663,0.8848039215686274,0.9150090415913201,429.3698
1850,8.043478260869565,0.1714,0.4572943150997162,0.8774509803921569,0.9140893470790378,435.1551
1875,8.152173913043478,0.1464,0.40037208795547485,0.8897058823529411,0.9192100538599641,441.0505
1900,8.26086956521739,0.1066,0.4392082691192627,0.8921568627450981,0.9228070175438596,446.9994
1925,8.369565217391305,0.1303,0.4387095868587494,0.8872549019607843,0.9198606271777002,452.932
1950,8.478260869565217,0.1158,0.4402901232242584,0.8872549019607843,0.9190140845070423,458.9338
1975,8.58695652173913,0.1106,0.491516649723053,0.8774509803921569,0.9143835616438356,464.7145
2000,8.695652173913043,0.1608,0.46055886149406433,0.8823529411764706,0.9169550173010381,470.6343
2025,8.804347826086957,0.1378,0.4236725866794586,0.8823529411764706,0.9133574007220215,476.7643
2050,8.91304347826087,0.1518,0.4367520213127136,0.8946078431372549,0.924693520140105,482.738
2075,9.021739130434783,0.1694,0.42348727583885193,0.8921568627450981,0.9228070175438596,488.4465
2100,9.130434782608695,0.1149,0.4206751585006714,0.8897058823529411,0.9192100538599641,494.3334
2125,9.23913043478261,0.1276,0.44963955879211426,0.8897058823529411,0.9209138840070299,500.124
2150,9.347826086956522,0.1442,0.45558619499206543,0.8921568627450981,0.9233449477351917,506.025
2175,9.456521739130435,0.0998,0.45484429597854614,0.8921568627450981,0.923076923076923,511.8896
2200,9.565217391304348,0.1114,0.4627997577190399,0.8921568627450981,0.9233449477351917,517.7793
2225,9.673913043478262,0.1359,0.4514528512954712,0.8921568627450981,0.9233449477351917,523.5826
2250,9.782608695652174,0.1379,0.45111435651779175,0.8921568627450981,0.9233449477351917,529.4618
2275,9.891304347826086,0.1313,0.45035696029663086,0.8921568627450981,0.9233449477351917,535.3233
2300,10.0,0.1201,0.44987887144088745,0.8921568627450981,0.9233449477351917,541.1776
