step,epoch,train_loss,eval_loss,eval_accuracy,eval_f1,train_runtime
25,0.11,0.7134,0.6587017178535461,0.6838235294117647,0.8122270742358079,7.2243
50,0.22,0.6627,0.6246621608734131,0.6838235294117647,0.8122270742358079,12.3248
75,0.33,0.6382,0.6216995120048523,0.6838235294117647,0.8122270742358079,17.5584
100,0.43,0.6381,0.6135174036026001,0.6838235294117647,0.8122270742358079,22.7266
125,0.54,0.5988,0.592168390750885,0.6936274509803921,0.8169838945827232,28.0045
150,0.65,0.6126,0.5476598143577576,0.7107843137254902,0.8190184049079755,33.2363
175,0.76,0.5596,0.515376091003418,0.7573529411764706,0.8426073131955484,38.7139
200,0.87,0.5567,0.4895318448543548,0.75,0.8401253918495298,44.1022
225,0.98,0.528,0.4470372200012207,0.7916666666666666,0.8576214405360134,49.5315
250,1.09,0.4882,0.460268497467041,0.7843137254901961,0.8557377049180328,54.7194
275,1.2,0.5102,0.630231499671936,0.7598039215686274,0.8492307692307691,60.1692
300,1.3,0.4617,0.3952658474445343,0.8186274509803921,0.8737201365187712,65.6632
325,1.41,0.4055,0.3767465651035309,0.8259803921568627,0.8626692456479691,71.1366
350,1.52,0.4812,0.4172053635120392,0.7941176470588235,0.8636363636363636,76.6538
375,1.63,0.4266,0.433374673128128,0.8063725490196079,0.870279146141215,82.0425
400,1.74,0.3222,0.4405098259449005,0.8431372549019608,0.891156462585034,87.5354
425,1.85,0.4602,0.3429862856864929,0.8480392156862745,0.8916083916083916,93.0319
450,1.96,0.4082,0.3329372406005859,0.8676470588235294,0.9035714285714286,98.6267
475,2.07,0.3671,0.3965821862220764,0.8431372549019608,0.8904109589041096,103.822
500,2.17,0.3228,0.3743326067924499,0.8578431372549019,0.8964285714285715,109.3226
525,2.28,0.3884,0.3637727797031402,0.8333333333333334,0.8827586206896552,115.2875
550,2.39,0.3332,0.5134963393211365,0.803921568627451,0.8697068403908794,120.6841
575,2.5,0.3867,0.3866077065467834,0.8431372549019608,0.891891891891892,126.0842
600,2.61,0.3191,0.3716359734535217,0.8504901960784313,0.8950086058519794,131.4922
625,2.72,0.3575,0.4223816096782684,0.8455882352941176,0.893760539629005,136.973
650,2.83,0.3818,0.3892354667186737,0.8431372549019608,0.8926174496644296,142.4493
675,2.93,0.3331,0.3680090010166168,0.8382352941176471,0.8903654485049834,147.965
700,3.04,0.314,0.4207212924957275,0.8431372549019608,0.8943894389438943,153.2135
725,3.15,0.2908,0.499125063419342,0.8455882352941176,0.8958677685950412,158.7292
750,3.26,0.3148,0.4264203011989593,0.8578431372549019,0.902027027027027,164.1859
775,3.37,0.2664,0.3539362251758575,0.8774509803921569,0.9097472924187724,169.606
800,3.48,0.2699,0.4382896721363067,0.8578431372549019,0.9023569023569024,175.0079
825,3.59,0.3444,0.3853043913841247,0.8676470588235294,0.907849829351536,180.5054
850,3.7,0.3108,0.3264283537864685,0.8700980392156863,0.90652557319224,186.104
875,3.8,0.3007,0.371090829372406,0.8529411764705882,0.8976109215017065,191.5489
900,3.91,0.3203,0.4330840408802032,0.8406862745098039,0.891846921797005,197.0219
925,4.02,0.3021,0.396599531173706,0.8553921568627451,0.9001692047377327,202.318
950,4.13,0.2172,0.3873330652713775,0.8627450980392157,0.9050847457627118,207.8162
975,4.24,0.2145,0.4060647189617157,0.875,0.911917098445596,213.1505
1000,4.35,0.3039,0.389300674200058,0.8455882352941176,0.8930390492359932,218.6034
1025,4.46,0.2589,0.310627818107605,0.875,0.9084380610412928,224.6976
1050,4.57,0.2188,0.345784842967987,0.8700980392156863,0.9061946902654868,230.233
1075,4.67,0.2483,0.3803646564483642,0.875,0.9097345132743364,235.6419
1100,4.78,0.1981,0.4093891978263855,0.8651960784313726,0.9053356282271946,241.1488
1125,4.89,0.2376,0.376298576593399,0.875,0.9094138543516876,246.5737
1150,5.0,0.2219,0.386053055524826,0.8725490196078431,0.908450704225352,252.0722
1175,5.11,0.1984,0.4582627117633819,0.8602941176470589,0.9028960817717206,257.4447
1200,5.22,0.2331,0.4091109335422516,0.8676470588235294,0.906896551724138,262.9475
1225,5.33,0.1706,0.4096933603286743,0.8700980392156863,0.906854130052724,268.4285
1250,5.43,0.2557,0.438942551612854,0.8725490196078431,0.908450704225352,273.8314
1275,5.54,0.1953,0.4228926002979278,0.8627450980392157,0.903448275862069,279.3
1300,5.65,0.1956,0.5227999091148376,0.8480392156862745,0.8956228956228957,284.7175
1325,5.76,0.2455,0.4121446907520294,0.8627450980392157,0.9047619047619048,290.32
1350,5.87,0.2216,0.3864417672157287,0.875,0.9109947643979056,295.8099
1375,5.98,0.2256,0.3673817217350006,0.8774509803921569,0.9128919860627178,301.3993
1400,6.09,0.1668,0.5018865466117859,0.8553921568627451,0.9001692047377327,306.7418
1425,6.2,0.2046,0.3529089093208313,0.8799019607843137,0.9120287253141832,312.386
1450,6.3,0.2209,0.391240656375885,0.8774509803921569,0.912280701754386,317.6962
1475,6.41,0.2078,0.5322098135948181,0.8529411764705882,0.8993288590604027,323.1401
1500,6.52,0.1878,0.428197294473648,0.8725490196078431,0.908450704225352,328.56
1525,6.63,0.1384,0.5297525525093079,0.8529411764705882,0.8979591836734693,334.6781
1550,6.74,0.194,0.4262736141681671,0.875,0.9094138543516876,340.0976
1575,6.85,0.1662,0.4587882459163666,0.8602941176470589,0.9015544041450776,345.5168
1600,6.96,0.1777,0.4965409636497497,0.8676470588235294,0.906896551724138,351.0906
1625,7.07,0.1751,0.4576072692871094,0.8725490196078431,0.9094076655052264,356.3705
1650,7.17,0.1643,0.511140763759613,0.8700980392156863,0.9087779690189328,361.8181
1675,7.28,0.175,0.4752510786056518,0.8700980392156863,0.9094017094017094,367.1906
1700,7.39,0.1393,0.4801172316074371,0.8676470588235294,0.9075342465753424,372.7477
1725,7.5,0.1396,0.4705028831958771,0.8602941176470589,0.9015544041450776,378.2342
1750,7.61,0.1724,0.4521426856517792,0.875,0.9113043478260868,383.7072
1775,7.72,0.2178,0.4812051653861999,0.8651960784313726,0.9056603773584906,389.1956
1800,7.83,0.1487,0.4382386803627014,0.8799019607843137,0.9147826086956522,394.618
1825,7.93,0.1452,0.4184002876281738,0.8799019607843137,0.9144851657940662,400.2979
1850,8.04,0.1843,0.5957436561584473,0.8504901960784313,0.8974789915966387,405.6019
1875,8.15,0.1538,0.4393875002861023,0.8799019607843137,0.9144851657940662,411.1056
1900,8.26,0.1177,0.5093258023262024,0.8602941176470589,0.9018932874354562,416.5488
1925,8.37,0.1235,0.5360366702079773,0.8602941176470589,0.9025641025641028,422.1069
1950,8.48,0.1116,0.5312415957450867,0.8676470588235294,0.9065743944636676,427.6127
1975,8.59,0.1385,0.6525200009346008,0.8504901960784313,0.896434634974533,433.0525
2000,8.7,0.2042,0.519285261631012,0.8627450980392157,0.903114186851211,438.4633
2025,8.8,0.1524,0.5191677808761597,0.8651960784313726,0.9046793760831888,444.6615
2050,8.91,0.1466,0.5422328114509583,0.8578431372549019,0.9003436426116839,450.1278
2075,9.02,0.2233,0.5544679164886475,0.8553921568627451,0.8987993138936535,455.4621
2100,9.13,0.0988,0.5133463144302368,0.8578431372549019,0.8999999999999999,460.8949
2125,9.24,0.1264,0.522303581237793,0.8602941176470589,0.9015544041450776,466.3556
2150,9.35,0.149,0.5566919445991516,0.8553921568627451,0.8987993138936535,471.86
2175,9.46,0.1316,0.5350084900856018,0.8602941176470589,0.902229845626072,477.3264
2200,9.57,0.149,0.5518509149551392,0.8578431372549019,0.9006849315068494,482.8331
2225,9.67,0.1626,0.5509315133094788,0.8578431372549019,0.9006849315068494,488.2654
2250,9.78,0.1655,0.5595237016677856,0.8578431372549019,0.9006849315068494,493.7751
2275,9.89,0.1299,0.5549319386482239,0.8578431372549019,0.9006849315068494,499.2785
2300,10.0,0.1367,0.5543197393417358,0.8578431372549019,0.9006849315068494,504.7183
