step,epoch,train_loss,eval_loss,eval_accuracy,eval_f1,train_runtime
25,0.10869565217391304,0.6673,0.6362279057502747,0.6838235294117647,0.8122270742358079,7.2723
50,0.21739130434782608,0.6672,0.6325935125350952,0.6838235294117647,0.8122270742358079,14.2611
75,0.32608695652173914,0.6333,0.6165884137153625,0.6838235294117647,0.8122270742358079,21.2791
100,0.43478260869565216,0.6248,0.5762803554534912,0.6838235294117647,0.8122270742358079,28.199
125,0.5434782608695652,0.5334,0.45933037996292114,0.7867647058823529,0.8557213930348259,35.2058
150,0.6521739130434783,0.4841,0.46438971161842346,0.8014705882352942,0.8687196110210698,42.073
175,0.7608695652173914,0.5527,0.3790891170501709,0.8431372549019608,0.8853046594982079,49.283
200,0.8695652173913043,0.4881,0.4727930426597595,0.8455882352941176,0.8926746166950595,56.2697
225,0.9782608695652174,0.5937,0.5743924379348755,0.8382352941176471,0.876865671641791,63.2966
250,1.0869565217391304,0.5101,0.39130455255508423,0.8284313725490197,0.8848684210526315,70.0149
275,1.1956521739130435,0.4432,0.32928645610809326,0.8553921568627451,0.8963093145869947,76.9692
300,1.3043478260869565,0.4076,0.34018540382385254,0.8700980392156863,0.9065255731922399,83.9821
325,1.4130434782608696,0.4074,0.37465643882751465,0.8602941176470589,0.9008695652173914,90.8711
350,1.5217391304347827,0.3891,0.32081544399261475,0.8578431372549019,0.8982456140350877,97.9133
375,1.6304347826086958,0.4054,0.3041817247867584,0.8725490196078431,0.9081272084805654,104.7379
400,1.7391304347826086,0.3069,0.45776957273483276,0.8774509803921569,0.9146757679180888,111.7848
425,1.8478260869565217,0.3777,0.34473884105682373,0.8504901960784313,0.8981636060100167,118.7869
450,1.9565217391304348,0.3727,0.31335771083831787,0.8823529411764706,0.9166666666666667,125.8778
475,2.0652173913043477,0.2456,0.43205490708351135,0.8431372549019608,0.8943894389438943,132.682
500,2.1739130434782608,0.3073,0.3033362329006195,0.8627450980392157,0.8970588235294118,139.6125
525,2.282608695652174,0.2646,0.28918153047561646,0.8725490196078431,0.9064748201438848,146.9077
550,2.391304347826087,0.2723,0.2872116267681122,0.8774509803921569,0.9100719424460433,153.8059
575,2.5,0.2573,0.3070615231990814,0.8921568627450981,0.921146953405018,161.0075
600,2.608695652173913,0.2925,0.37571388483047485,0.8602941176470589,0.9048414023372287,167.9827
625,2.717391304347826,0.2423,0.3763238787651062,0.8774509803921569,0.9131944444444444,175.0837
650,2.8260869565217392,0.3337,0.30167868733406067,0.8823529411764706,0.9136690647482014,182.1694
675,2.9347826086956523,0.2712,0.3947981297969818,0.8529411764705882,0.8958333333333334,189.194
700,3.0434782608695654,0.2188,0.4018283486366272,0.8725490196078431,0.9081272084805654,196.0191
725,3.1521739130434785,0.189,0.4106654226779938,0.8823529411764706,0.9151943462897526,202.9838
750,3.260869565217391,0.1498,0.41249850392341614,0.8872549019607843,0.9201388888888888,210.1153
775,3.369565217391304,0.1991,0.4961952865123749,0.8676470588235294,0.9,216.9565
800,3.4782608695652173,0.2041,0.3852179944515228,0.8651960784313726,0.9050086355785838,223.9583
825,3.5869565217391304,0.1901,0.39328503608703613,0.8700980392156863,0.9045045045045046,231.0117
850,3.6956521739130435,0.216,0.47243574261665344,0.8700980392156863,0.905861456483126,238.0474
875,3.8043478260869565,0.1515,0.4416322112083435,0.875,0.9084380610412927,245.0962
900,3.9130434782608696,0.2013,0.4915313422679901,0.8725490196078431,0.9106529209621993,252.0997
925,4.021739130434782,0.2362,0.39301547408103943,0.8823529411764706,0.915492957746479,258.969
950,4.130434782608695,0.0689,0.5620604753494263,0.875,0.911917098445596,265.9662
975,4.239130434782608,0.083,0.8134557604789734,0.8529411764705882,0.8993288590604027,272.8392
1000,4.3478260869565215,0.1542,0.4760282039642334,0.8651960784313726,0.9056603773584906,279.8147
1025,4.456521739130435,0.1123,0.5664869546890259,0.8578431372549019,0.8921933085501859,287.2353
1050,4.565217391304348,0.1139,0.5356850624084473,0.8627450980392157,0.901060070671378,294.3801
1075,4.673913043478261,0.0705,0.6376000046730042,0.8725490196078431,0.9044117647058824,301.3343
1100,4.782608695652174,0.0748,0.6908780336380005,0.8799019607843137,0.9104204753199269,308.4085
1125,4.891304347826087,0.1001,0.5477738976478577,0.875,0.9071038251366121,315.4464
1150,5.0,0.1263,0.5049135088920593,0.8774509803921569,0.9070631970260223,322.4294
1175,5.108695652173913,0.0533,0.6272090077400208,0.875,0.9125214408233276,329.4113
1200,5.217391304347826,0.0248,0.7383894920349121,0.8823529411764706,0.9157894736842105,336.4374
1225,5.326086956521739,0.0501,0.7719078660011292,0.8848039215686274,0.9131238447319779,343.5103
1250,5.434782608695652,0.1843,0.5089898109436035,0.8872549019607843,0.9190140845070423,350.4136
1275,5.543478260869565,0.0954,0.42688697576522827,0.8872549019607843,0.9195804195804195,357.3639
1300,5.6521739130434785,0.0463,0.5954367518424988,0.8627450980392157,0.9054054054054055,364.4063
1325,5.760869565217392,0.0761,0.5032106041908264,0.8823529411764706,0.915492957746479,371.5348
1350,5.869565217391305,0.0581,0.6182090044021606,0.8872549019607843,0.9166666666666666,378.6837
1375,5.978260869565218,0.0802,0.6351396441459656,0.8848039215686274,0.9134438305709024,385.7708
1400,6.086956521739131,0.0516,0.6271964907646179,0.8725490196078431,0.9097222222222222,392.7394
1425,6.195652173913044,0.0674,0.6348873376846313,0.8970588235294118,0.9263157894736843,399.9086
1450,6.304347826086957,0.0447,0.5920918583869934,0.8921568627450981,0.9208633093525179,406.8129
1475,6.413043478260869,0.116,0.566197395324707,0.8921568627450981,0.9228070175438596,413.8072
1500,6.521739130434782,0.0311,0.5424631834030151,0.8946078431372549,0.9222423146473779,420.7364
1525,6.630434782608695,0.0294,0.6779020428657532,0.8700980392156863,0.9090909090909091,428.2294
1550,6.739130434782608,0.0438,0.6558268070220947,0.8774509803921569,0.910394265232975,435.1332
1575,6.8478260869565215,0.0295,0.6719163656234741,0.8774509803921569,0.9097472924187725,442.1988
1600,6.956521739130435,0.0274,0.7564349174499512,0.8774509803921569,0.9137931034482758,449.262
1625,7.065217391304348,0.0257,0.7566072344779968,0.8725490196078431,0.9090909090909091,456.1145
1650,7.173913043478261,0.0405,0.7755831480026245,0.8823529411764706,0.9166666666666667,463.1402
1675,7.282608695652174,0.0281,0.6537888646125793,0.8872549019607843,0.9178571428571428,470.0598
1700,7.391304347826087,0.0641,0.5877236127853394,0.8897058823529411,0.9192100538599641,477.2067
1725,7.5,0.0173,0.5677686929702759,0.8970588235294118,0.9236363636363636,484.2348
1750,7.608695652173913,0.0176,0.6642652153968811,0.8921568627450981,0.9208633093525179,491.3273
1775,7.717391304347826,0.0322,0.6965730786323547,0.8872549019607843,0.9175627240143369,498.3652
1800,7.826086956521739,0.0237,0.6884798407554626,0.8848039215686274,0.9156193895870736,505.3009
1825,7.934782608695652,0.0188,0.7416417598724365,0.8799019607843137,0.9126559714795008,512.6052
1850,8.043478260869565,0.0698,0.7182431221008301,0.8848039215686274,0.9156193895870736,519.451
1875,8.152173913043478,0.0147,0.7302648425102234,0.8823529411764706,0.9151943462897526,526.5771
1900,8.26086956521739,0.0008,0.7395445108413696,0.8799019607843137,0.9129662522202486,533.5708
1925,8.369565217391305,0.0221,0.7406048774719238,0.8946078431372549,0.9228007181328547,540.6837
1950,8.478260869565217,0.0194,0.7092245221138,0.8946078431372549,0.9228007181328547,547.8259
1975,8.58695652173913,0.0191,0.7001034617424011,0.8897058823529411,0.9206349206349206,554.6975
2000,8.695652173913043,0.0345,0.729754626750946,0.8848039215686274,0.917975567190227,561.7689
2025,8.804347826086957,0.0198,0.7278990149497986,0.8872549019607843,0.9192982456140351,569.0598
2050,8.91304347826087,0.0114,0.7449237704277039,0.8848039215686274,0.9176882661996497,576.1905
2075,9.021739130434783,0.019,0.7199795246124268,0.8946078431372549,0.9238938053097344,583.0093
2100,9.130434782608695,0.0085,0.7074103951454163,0.8970588235294118,0.9249999999999999,590.0813
2125,9.23913043478261,0.0205,0.7534758448600769,0.8823529411764706,0.9157894736842105,597.1078
2150,9.347826086956522,0.0008,0.7571417689323425,0.8823529411764706,0.9157894736842105,604.0356
2175,9.456521739130435,0.014,0.7260240316390991,0.8921568627450981,0.9219858156028369,611.1434
2200,9.565217391304348,0.0054,0.7190254330635071,0.8946078431372549,0.9236234458259325,618.0816
2225,9.673913043478262,0.022,0.7260078191757202,0.8946078431372549,0.9236234458259325,625.1074
2250,9.782608695652174,0.0189,0.7210050225257874,0.8946078431372549,0.9236234458259325,632.0869
2275,9.891304347826086,0.0234,0.720589816570282,0.8946078431372549,0.9236234458259325,639.1067
2300,10.0,0.0111,0.7205990552902222,0.8946078431372549,0.9236234458259325,646.1098
