step,epoch,train_loss,eval_loss,eval_accuracy,eval_f1,train_runtime
25,0.10869565217391304,0.7087,0.6485145688056946,0.6838235294117647,0.8122270742358079,6.1167
50,0.21739130434782608,0.6628,0.6212442517280579,0.6838235294117647,0.8122270742358079,11.8756
75,0.32608695652173914,0.6368,0.6120534539222717,0.6838235294117647,0.8122270742358079,17.7113
100,0.43478260869565216,0.6304,0.589219868183136,0.696078431372549,0.8181818181818181,23.4995
125,0.5434782608695652,0.5798,0.5401138067245483,0.7083333333333334,0.8215892053973014,29.2908
150,0.6521739130434783,0.5616,0.4686256945133209,0.7867647058823529,0.8460176991150442,35.0993
175,0.7608695652173914,0.5885,0.4538501799106598,0.7818627450980392,0.8424778761061947,41.0603
200,0.8695652173913043,0.5107,0.6244121789932251,0.7818627450980392,0.8519134775374375,46.9337
225,0.9782608695652174,0.5844,0.5141288638114929,0.7352941176470589,0.8353658536585366,52.7264
250,1.0869565217391304,0.5027,0.3486156165599823,0.8431372549019608,0.8892733564013842,58.3501
275,1.1956521739130435,0.4509,0.4071720838546753,0.8186274509803921,0.8786885245901639,64.1359
300,1.3043478260869565,0.4667,0.3803664445877075,0.8333333333333334,0.8759124087591241,69.9191
325,1.4130434782608696,0.3986,0.3479324281215668,0.8406862745098039,0.8766603415559773,75.6453
350,1.5217391304347827,0.4561,0.4004027545452118,0.8333333333333334,0.8835616438356164,81.4104
375,1.6304347826086958,0.4291,0.34320396184921265,0.8455882352941176,0.8884955752212389,87.0992
400,1.7391304347826086,0.3456,0.4578896760940552,0.8308823529411765,0.886326194398682,92.847
425,1.8478260869565217,0.4291,0.37327277660369873,0.8529411764705882,0.8996655518394648,98.7346
450,1.9565217391304348,0.4233,0.40172338485717773,0.821078431372549,0.8670309653916211,104.6218
475,2.0652173913043477,0.352,0.5615344047546387,0.8333333333333334,0.8862876254180602,110.3322
500,2.1739130434782608,0.3894,0.3785695731639862,0.8406862745098039,0.8816029143897995,116.1239
525,2.282608695652174,0.3299,0.382438063621521,0.8480392156862745,0.8896797153024911,122.1622
550,2.391304347826087,0.3457,0.3617464601993561,0.8406862745098039,0.8802946593001841,127.9092
575,2.5,0.3758,0.5340887904167175,0.8063725490196079,0.8736,133.7602
600,2.608695652173913,0.3396,0.37657976150512695,0.8431372549019608,0.8922558922558923,139.4776
625,2.717391304347826,0.3314,0.42146480083465576,0.8382352941176471,0.8910891089108912,145.4378
650,2.8260869565217392,0.3966,0.37472301721572876,0.8504901960784313,0.8957264957264958,151.2915
675,2.9347826086956523,0.3439,0.35627543926239014,0.8602941176470589,0.8980322003577819,157.1674
700,3.0434782608695654,0.331,0.349797785282135,0.8627450980392157,0.9044368600682594,162.7052
725,3.1521739130434785,0.2994,0.35658442974090576,0.8553921568627451,0.8987993138936535,168.4834
750,3.260869565217391,0.306,0.361719012260437,0.8651960784313726,0.9050086355785838,174.3131
775,3.369565217391304,0.3183,0.3196885287761688,0.8651960784313726,0.9040139616055847,180.0189
800,3.4782608695652173,0.2833,0.4265844225883484,0.8406862745098039,0.8911222780569515,185.9046
825,3.5869565217391304,0.3074,0.34107035398483276,0.8627450980392157,0.9020979020979022,191.7529
850,3.6956521739130435,0.2816,0.4175474941730499,0.8627450980392157,0.8985507246376813,197.6999
875,3.8043478260869565,0.3084,0.36006075143814087,0.8676470588235294,0.9065743944636677,203.5365
900,3.9130434782608696,0.362,0.3793480694293976,0.8651960784313726,0.9066213921901529,209.4949
925,4.021739130434782,0.3293,0.30817610025405884,0.8602941176470589,0.902229845626072,215.1665
950,4.130434782608695,0.2122,0.4664802849292755,0.8406862745098039,0.8932676518883416,221.0991
975,4.239130434782608,0.259,0.6002531051635742,0.821078431372549,0.8824476650563607,226.7925
1000,4.3478260869565215,0.2872,0.4488556385040283,0.8602941176470589,0.9051580698835274,232.5884
1025,4.456521739130435,0.2907,0.32242879271507263,0.8676470588235294,0.9055944055944055,238.7366
1050,4.565217391304348,0.2314,0.4631114900112152,0.8602941176470589,0.9035532994923857,244.6422
1075,4.673913043478261,0.2518,0.3625716269016266,0.8651960784313726,0.9029982363315697,250.4156
1100,4.782608695652174,0.1888,0.45708000659942627,0.8799019607843137,0.9135802469135803,256.2828
1125,4.891304347826087,0.2705,0.33169278502464294,0.8848039215686274,0.9173989455184535,262.0973
1150,5.0,0.2704,0.3698429763317108,0.8823529411764706,0.9166666666666667,267.9751
1175,5.108695652173913,0.1592,0.4364716708660126,0.8725490196078431,0.9103448275862069,273.7102
1200,5.217391304347826,0.184,0.49019211530685425,0.8725490196078431,0.91156462585034,279.6157
1225,5.326086956521739,0.2359,0.3569552004337311,0.8799019607843137,0.9117117117117116,285.4061
1250,5.434782608695652,0.2421,0.3559891879558563,0.8725490196078431,0.9103448275862069,291.1451
1275,5.543478260869565,0.2323,0.3489692211151123,0.8823529411764706,0.9151943462897526,296.8992
1300,5.6521739130434785,0.1875,0.3859453499317169,0.8676470588235294,0.906896551724138,302.7096
1325,5.760869565217392,0.189,0.3858211040496826,0.875,0.9122203098106711,308.6225
1350,5.869565217391305,0.2407,0.36325064301490784,0.8848039215686274,0.917975567190227,314.5165
1375,5.978260869565218,0.2016,0.40766116976737976,0.8823529411764706,0.9166666666666667,320.4587
1400,6.086956521739131,0.1362,0.7989329695701599,0.8406862745098039,0.894308943089431,326.1776
1425,6.195652173913044,0.2386,0.6117926239967346,0.8700980392156863,0.9103214890016922,332.1859
1450,6.304347826086957,0.1418,0.49827253818511963,0.8848039215686274,0.9182608695652175,337.8893
1475,6.413043478260869,0.204,0.4696018099784851,0.8848039215686274,0.9188255613126081,343.7667
1500,6.521739130434782,0.2494,0.3874329626560211,0.8799019607843137,0.9144851657940662,349.5356
1525,6.630434782608695,0.1381,0.46639910340309143,0.8872549019607843,0.9198606271777002,355.7497
1550,6.739130434782608,0.2006,0.43028151988983154,0.8774509803921569,0.9119718309859154,361.4713
1575,6.8478260869565215,0.1595,0.4838623106479645,0.8774509803921569,0.9119718309859154,367.3337
1600,6.956521739130435,0.277,0.5032203793525696,0.8700980392156863,0.909710391822828,373.1822
1625,7.065217391304348,0.149,0.4963360130786896,0.8725490196078431,0.9097222222222222,378.9606
1650,7.173913043478261,0.1557,0.596360981464386,0.8774509803921569,0.9143835616438356,384.7282
1675,7.282608695652174,0.1246,0.6655235886573792,0.8627450980392157,0.9050847457627118,390.709
1700,7.391304347826087,0.1238,0.6165099143981934,0.8872549019607843,0.9212328767123288,396.5922
1725,7.5,0.1239,0.5926370620727539,0.8725490196078431,0.907473309608541,402.7018
1750,7.608695652173913,0.195,0.47211065888404846,0.8823529411764706,0.9166666666666667,408.5377
1775,7.717391304347826,0.1391,0.5273404717445374,0.8725490196078431,0.9097222222222222,414.4877
1800,7.826086956521739,0.1257,0.6052745580673218,0.8725490196078431,0.9071428571428571,420.2663
1825,7.934782608695652,0.1585,0.5519305467605591,0.8823529411764706,0.9169550173010381,426.3596
1850,8.043478260869565,0.16,0.5915992856025696,0.8848039215686274,0.9193825042881646,432.065
1875,8.152173913043478,0.1383,0.6313245892524719,0.8725490196078431,0.9071428571428571,437.9487
1900,8.26086956521739,0.1097,0.6775872707366943,0.8725490196078431,0.9100346020761245,443.7663
1925,8.369565217391305,0.1392,0.6837939023971558,0.8725490196078431,0.9094076655052264,449.6607
1950,8.478260869565217,0.1576,0.6518442630767822,0.8725490196078431,0.9081272084805654,455.5827
1975,8.58695652173913,0.1481,0.7589470148086548,0.8676470588235294,0.9093959731543624,461.3396
2000,8.695652173913043,0.1165,0.6276219487190247,0.8725490196078431,0.9097222222222222,467.1283
2025,8.804347826086957,0.0817,0.7386186122894287,0.8774509803921569,0.9134948096885814,473.1994
2050,8.91304347826087,0.146,0.7538262009620667,0.8799019607843137,0.9147826086956522,479.0552
2075,9.021739130434783,0.1709,0.7131438851356506,0.8872549019607843,0.9201388888888888,484.7371
2100,9.130434782608695,0.1088,0.6750779747962952,0.8848039215686274,0.9176882661996497,490.5394
2125,9.23913043478261,0.1198,0.7073566913604736,0.8848039215686274,0.917975567190227,496.3226
2150,9.347826086956522,0.0835,0.7369097471237183,0.8897058823529411,0.9211908931698775,502.1323
2175,9.456521739130435,0.0723,0.7605459094047546,0.8823529411764706,0.915492957746479,507.9569
2200,9.565217391304348,0.1079,0.7875034213066101,0.8872549019607843,0.9195804195804195,513.822
2225,9.673913043478262,0.1179,0.8028464317321777,0.8774509803921569,0.9137931034482758,519.6405
2250,9.782608695652174,0.101,0.8100588321685791,0.8799019607843137,0.9156626506024096,525.5274
2275,9.891304347826086,0.1444,0.8061240911483765,0.8774509803921569,0.9137931034482758,531.4136
2300,10.0,0.0865,0.8060279488563538,0.8774509803921569,0.9137931034482758,537.2258
