step,epoch,train_loss,eval_loss,eval_accuracy,eval_f1,train_runtime
25,0.11,0.7124,0.6568677425384521,0.6838235294117647,0.8122270742358079,6.5024
50,0.22,0.6625,0.6234008073806763,0.6838235294117647,0.8122270742358079,12.6646
75,0.33,0.6376,0.6186805963516235,0.6838235294117647,0.8122270742358079,18.9903
100,0.43,0.6353,0.6047629714012146,0.6838235294117647,0.8122270742358079,25.3488
125,0.54,0.604,0.5856671929359436,0.7107843137254902,0.8238805970149253,31.6815
150,0.65,0.5582,0.5055158734321594,0.7622549019607843,0.8417618270799347,37.8868
175,0.76,0.5719,0.4559955894947052,0.7818627450980392,0.8519134775374375,44.1499
200,0.87,0.5009,0.4878459870815277,0.7965686274509803,0.8595600676818951,50.3084
225,0.98,0.5687,0.5873487591743469,0.6544117647058824,0.69281045751634,56.3124
250,1.09,0.5716,0.4391346275806427,0.7720588235294118,0.8526148969889066,62.1665
275,1.2,0.4662,0.3879094123840332,0.8357843137254902,0.8881469115191986,68.12
300,1.3,0.4429,0.4132077097892761,0.8259803921568627,0.88107202680067,74.1753
325,1.41,0.4392,0.7376477122306824,0.5392156862745098,0.4973262032085561,80.1527
350,1.52,0.5146,0.355510264635086,0.8382352941176471,0.8821428571428571,86.2475
375,1.63,0.4006,0.337133377790451,0.8651960784313726,0.9016100178890876,92.1771
400,1.74,0.3385,0.3615996539592743,0.8553921568627451,0.8966725043782837,98.3155
425,1.85,0.4064,0.3342562317848205,0.8578431372549019,0.8986013986013986,104.4624
450,1.96,0.3925,0.3673079907894134,0.8553921568627451,0.8955752212389381,110.758
475,2.07,0.3145,0.3788001835346222,0.8725490196078431,0.9106529209621992,116.6748
500,2.17,0.362,0.3179317414760589,0.8627450980392157,0.8978102189781021,122.8739
525,2.28,0.3324,0.3115082085132599,0.8651960784313726,0.9036777583187392,129.4004
550,2.39,0.3053,0.3346607387065887,0.8823529411764706,0.9157894736842104,135.5256
575,2.5,0.3484,0.3150040507316589,0.8774509803921569,0.9143835616438356,141.6291
600,2.61,0.3092,0.3343377113342285,0.875,0.9116117850953208,147.7367
625,2.72,0.295,0.3915174901485443,0.8578431372549019,0.903654485049834,153.8605
650,2.83,0.4119,0.3506150245666504,0.8627450980392157,0.9066666666666666,160.0258
675,2.93,0.3256,0.3106104433536529,0.8897058823529411,0.9206349206349206,166.1287
700,3.04,0.2903,0.3700904548168182,0.8602941176470589,0.9025641025641028,171.9867
725,3.15,0.3129,0.3704964220523834,0.8700980392156863,0.9094017094017094,178.0703
750,3.26,0.2691,0.3463205695152282,0.8774509803921569,0.9134948096885814,184.2321
775,3.37,0.2656,0.3152208924293518,0.875,0.9097345132743364,190.2016
800,3.48,0.269,0.4068476259708404,0.8553921568627451,0.9018302828618968,196.3473
825,3.59,0.3015,0.2898280024528503,0.8897058823529411,0.9200710479573712,202.4725
850,3.7,0.2772,0.3129876255989074,0.8848039215686274,0.9173989455184536,208.7316
875,3.8,0.2537,0.3361153304576874,0.8799019607843137,0.911070780399274,214.8463
900,3.91,0.3048,0.3876460492610931,0.8602941176470589,0.905785123966942,221.043
925,4.02,0.3099,0.3347222506999969,0.8774509803921569,0.9146757679180888,227.016
950,4.13,0.2125,0.3762879371643066,0.8823529411764706,0.9172413793103448,233.2201
975,4.24,0.2489,0.413225919008255,0.8676470588235294,0.9084745762711864,239.2049
1000,4.35,0.2844,0.3400468230247497,0.8799019607843137,0.9156626506024096,245.2723
1025,4.46,0.253,0.3023968338966369,0.8872549019607843,0.9172661870503596,251.8264
1050,4.57,0.2306,0.3654848635196686,0.8872549019607843,0.9201388888888888,257.9894
1075,4.67,0.2232,0.3275196254253387,0.8897058823529411,0.9214659685863874,264.0631
1100,4.78,0.1903,0.3561880886554718,0.8897058823529411,0.922279792746114,270.2007
1125,4.89,0.2423,0.3085270226001739,0.8848039215686274,0.9159212880143112,276.2906
1150,5.0,0.2262,0.3433952331542969,0.8897058823529411,0.9211908931698776,282.3934
1175,5.11,0.165,0.3223048150539398,0.8946078431372549,0.924693520140105,288.4322
1200,5.22,0.2034,0.3596396744251251,0.8921568627450981,0.9246575342465752,294.5997
1225,5.33,0.1603,0.3465550243854522,0.8970588235294118,0.9265734265734265,300.7096
1250,5.43,0.2387,0.3068513572216034,0.8897058823529411,0.9194991055456172,306.7559
1275,5.54,0.1748,0.3763337135314941,0.8823529411764706,0.912087912087912,312.8033
1300,5.65,0.164,0.3452780842781067,0.8823529411764706,0.9136690647482014,318.9245
1325,5.76,0.1683,0.348907470703125,0.8848039215686274,0.9173989455184536,325.1181
1350,5.87,0.2347,0.3631056845188141,0.8799019607843137,0.911070780399274,331.3193
1375,5.98,0.1752,0.3219584226608276,0.8995098039215687,0.9284467713787086,337.5209
1400,6.09,0.1207,0.6153393387794495,0.8725490196078431,0.9124579124579124,343.5255
1425,6.2,0.1871,0.4211011528968811,0.8823529411764706,0.9166666666666669,349.8194
1450,6.3,0.1643,0.372586190700531,0.8774509803921569,0.9080882352941176,355.7957
1475,6.41,0.19,0.4267047047615051,0.8946078431372549,0.9259896729776248,361.9077
1500,6.52,0.1583,0.3923392295837402,0.8872549019607843,0.9187279151943464,367.967
1525,6.63,0.1004,0.4972251355648041,0.8872549019607843,0.920689655172414,374.6731
1550,6.74,0.1921,0.3901248276233673,0.8872549019607843,0.9184397163120568,380.6828
1575,6.85,0.1331,0.4144391119480133,0.8921568627450981,0.9241379310344828,386.8124
1600,6.96,0.1509,0.4294096231460571,0.8897058823529411,0.92091388400703,392.9729
1625,7.07,0.1076,0.4640817046165466,0.8897058823529411,0.9214659685863874,398.9506
1650,7.17,0.1396,0.4287207722663879,0.8823529411764706,0.9157894736842104,405.0145
1675,7.28,0.109,0.532350480556488,0.8848039215686274,0.9202037351443124,411.1182
1700,7.39,0.1475,0.5007609724998474,0.8848039215686274,0.9193825042881646,417.2929
1725,7.5,0.1177,0.4214011430740356,0.8823529411764706,0.9142857142857144,423.4985
1750,7.61,0.1305,0.4110294282436371,0.8872549019607843,0.9187279151943464,429.615
1775,7.72,0.1645,0.4374989569187164,0.8848039215686274,0.919104991394148,435.8217
1800,7.83,0.1022,0.4743604362010956,0.8774509803921569,0.9146757679180888,441.8667
1825,7.93,0.0964,0.4313189089298248,0.8970588235294118,0.9265734265734265,448.1853
1850,8.04,0.1105,0.534251868724823,0.8799019607843137,0.9162393162393162,454.1617
1875,8.15,0.1423,0.457572191953659,0.8897058823529411,0.9214659685863874,460.3345
1900,8.26,0.0869,0.4744963645935058,0.8823529411764706,0.9166666666666669,466.4461
1925,8.37,0.098,0.487446129322052,0.8921568627450981,0.9236111111111112,472.6375
1950,8.48,0.1001,0.53227299451828,0.8872549019607843,0.920689655172414,478.8046
1975,8.59,0.1028,0.4950931072235107,0.8848039215686274,0.919104991394148,484.8778
2000,8.7,0.1024,0.5102677941322327,0.8799019607843137,0.9162393162393162,490.9501
2025,8.8,0.0919,0.4590714275836944,0.8872549019607843,0.9184397163120568,497.4461
2050,8.91,0.1059,0.5273739695549011,0.8872549019607843,0.9215017064846416,503.5585
2075,9.02,0.1006,0.5091056227684021,0.8897058823529411,0.922279792746114,509.5713
2100,9.13,0.0703,0.5035443902015686,0.8848039215686274,0.9173989455184536,515.6371
2125,9.24,0.095,0.5112569332122803,0.8848039215686274,0.9176882661996496,521.7593
2150,9.35,0.0679,0.5345556139945984,0.8848039215686274,0.9182608695652176,527.8172
2175,9.46,0.0617,0.5600881576538086,0.8921568627450981,0.9238754325259516,533.9846
2200,9.57,0.0731,0.543674647808075,0.8872549019607843,0.9198606271777002,540.0759
2225,9.67,0.0785,0.5364696979522705,0.8848039215686274,0.9182608695652176,546.2085
2250,9.78,0.1051,0.5387684106826782,0.8848039215686274,0.9182608695652176,552.2986
2275,9.89,0.0823,0.5275140404701233,0.8872549019607843,0.9198606271777002,558.5337
2300,10.0,0.0981,0.5253942012786865,0.8872549019607843,0.9198606271777002,564.5525
