step,epoch,train_loss,eval_loss,eval_accuracy,eval_f1,train_runtime
25,0.11,0.7129,0.657712459564209,0.6838235294117647,0.8122270742358079,5.9056
50,0.22,0.6628,0.6243371963500977,0.6838235294117647,0.8122270742358079,11.4234
75,0.33,0.6379,0.6206616163253784,0.6838235294117647,0.8122270742358079,17.0189
100,0.43,0.6382,0.6122663617134094,0.6838235294117647,0.8122270742358079,22.6109
125,0.54,0.5959,0.5898963212966919,0.7034313725490197,0.8202080237741455,28.2177
150,0.65,0.5498,0.5755676627159119,0.7181372549019608,0.8254931714719272,33.7966
175,0.76,0.6192,0.4944281876087188,0.7549019607843137,0.8412698412698412,39.5006
200,0.87,0.5228,0.5405074954032898,0.7475490196078431,0.8393135725429016,45.1117
225,0.98,0.5264,0.4848648905754089,0.7647058823529411,0.804878048780488,50.6342
250,1.09,0.4622,0.3998254537582397,0.8284313725490197,0.8784722222222222,55.9223
275,1.2,0.4672,0.4539482891559601,0.7794117647058824,0.8562300319488818,61.4835
300,1.3,0.4704,0.3708376288414001,0.8406862745098039,0.8869565217391304,66.9618
325,1.41,0.428,0.4836826622486114,0.7573529411764706,0.7941787941787941,72.4653
350,1.52,0.4646,0.3713725507259369,0.8333333333333334,0.8819444444444444,77.9187
375,1.63,0.3947,0.3248249888420105,0.8553921568627451,0.8921389396709324,83.3558
400,1.74,0.341,0.3578413426876068,0.8627450980392157,0.8985507246376813,88.8057
425,1.85,0.4086,0.3558394014835357,0.8480392156862745,0.8927335640138409,94.3815
450,1.96,0.4109,0.3297449648380279,0.8602941176470589,0.8994708994708994,99.9825
475,2.07,0.3594,0.4262019395828247,0.8431372549019608,0.8943894389438943,105.3234
500,2.17,0.3491,0.323788434267044,0.8627450980392157,0.8962962962962964,110.8524
525,2.28,0.3674,0.3229587078094482,0.8578431372549019,0.8909774436090225,117.0058
550,2.39,0.3057,0.3370480537414551,0.8651960784313726,0.9036777583187392,122.5279
575,2.5,0.3784,0.3192320168018341,0.8553921568627451,0.8977469670710572,128.0689
600,2.61,0.3235,0.3483498394489288,0.8553921568627451,0.8998302207130731,133.5895
625,2.72,0.3128,0.418406993150711,0.8382352941176471,0.890728476821192,139.177
650,2.83,0.4284,0.3661431074142456,0.8455882352941176,0.8962108731466227,144.8156
675,2.93,0.3164,0.3532304167747497,0.8651960784313726,0.9040139616055848,150.3807
700,3.04,0.2836,0.3622990846633911,0.8602941176470589,0.9015544041450776,155.7636
725,3.15,0.3096,0.4125995337963104,0.8504901960784313,0.8960817717206134,161.2584
750,3.26,0.3191,0.3548468649387359,0.8602941176470589,0.9038785834738616,166.8464
775,3.37,0.2471,0.3231142461299896,0.8700980392156863,0.9061946902654868,172.2376
800,3.48,0.2679,0.401095300912857,0.8504901960784313,0.8985024958402663,177.7935
825,3.59,0.2992,0.2854380905628204,0.8700980392156863,0.904847396768402,183.3629
850,3.7,0.295,0.30055832862854,0.8627450980392157,0.9003558718861211,188.9752
875,3.8,0.2798,0.3423846364021301,0.8651960784313726,0.9009009009009008,194.4822
900,3.91,0.3119,0.333104521036148,0.8700980392156863,0.9100169779286928,200.0531
925,4.02,0.3321,0.3337700068950653,0.8553921568627451,0.9001692047377327,205.4562
950,4.13,0.2207,0.3293296098709106,0.8700980392156863,0.9081455805892548,210.9946
975,4.24,0.2715,0.371903508901596,0.8480392156862745,0.8945578231292517,216.4904
1000,4.35,0.298,0.3186084628105163,0.8553921568627451,0.8981001727115717,221.928
1025,4.46,0.2812,0.2877731025218963,0.8799019607843137,0.9107468123861568,228.2486
1050,4.57,0.2566,0.3087015450000763,0.8823529411764706,0.9148936170212766,233.7849
1075,4.67,0.2304,0.3160672783851623,0.8799019607843137,0.914185639229422,239.3536
1100,4.78,0.2089,0.344318687915802,0.8799019607843137,0.9129662522202486,244.8955
1125,4.89,0.2511,0.300760418176651,0.8823529411764706,0.9151943462897526,250.5037
1150,5.0,0.2588,0.3319526016712188,0.8725490196078431,0.9103448275862068,256.0263
1175,5.11,0.1816,0.3254804313182831,0.8799019607843137,0.9132743362831858,261.5046
1200,5.22,0.2298,0.3323684334754944,0.875,0.91005291005291,267.0614
1225,5.33,0.1644,0.3856805562973022,0.875,0.9090909090909092,272.6152
1250,5.43,0.2393,0.3864990770816803,0.8823529411764706,0.9148936170212766,278.0715
1275,5.54,0.2036,0.3315321207046509,0.8872549019607843,0.9154411764705882,283.5549
1300,5.65,0.211,0.3185561299324035,0.875,0.9081081081081082,289.1025
1325,5.76,0.1741,0.3492112755775451,0.8799019607843137,0.9120287253141832,294.7103
1350,5.87,0.2454,0.3499709367752075,0.8799019607843137,0.909426987060998,300.3728
1375,5.98,0.2175,0.3159151971340179,0.875,0.907441016333938,306.0086
1400,6.09,0.1276,0.4907445013523102,0.8602941176470589,0.9042016806722688,311.5053
1425,6.2,0.2196,0.3940328061580658,0.8774509803921569,0.912280701754386,317.2033
1450,6.3,0.1877,0.3998186886310577,0.8700980392156863,0.901669758812616,322.6991
1475,6.41,0.1921,0.3495478928089142,0.8848039215686274,0.9162210338680928,328.2243
1500,6.52,0.2116,0.3580311834812164,0.8872549019607843,0.9181494661921707,333.7725
1525,6.63,0.1295,0.4293425977230072,0.8872549019607843,0.9192982456140352,340.0463
1550,6.74,0.1826,0.4010820090770721,0.8676470588235294,0.9018181818181816,345.5655
1575,6.85,0.13,0.4547224342823028,0.8823529411764706,0.915492957746479,351.0855
1600,6.96,0.1589,0.4176509380340576,0.8799019607843137,0.9123434704830052,356.6955
1625,7.07,0.1254,0.436691015958786,0.875,0.9081081081081082,362.1324
1650,7.17,0.1621,0.4622116982936859,0.8848039215686274,0.9147005444646098,367.6379
1675,7.28,0.162,0.4336507320404053,0.8700980392156863,0.9087779690189328,373.1508
1700,7.39,0.1491,0.4121931195259094,0.875,0.911917098445596,378.7484
1725,7.5,0.1504,0.4261348843574524,0.8823529411764706,0.912087912087912,384.4042
1750,7.61,0.1731,0.3782188594341278,0.8848039215686274,0.9168141592920356,389.9482
1775,7.72,0.1909,0.4265404641628265,0.875,0.9128205128205128,395.5999
1800,7.83,0.1221,0.4052678346633911,0.8823529411764706,0.913978494623656,401.0704
1825,7.93,0.1886,0.3771312236785888,0.8799019607843137,0.911070780399274,406.8158
1850,8.04,0.1743,0.3802025020122528,0.8799019607843137,0.9126559714795008,412.2265
1875,8.15,0.1236,0.3770939707756042,0.8823529411764706,0.9136690647482014,417.8136
1900,8.26,0.1076,0.4115592241287231,0.8848039215686274,0.9156193895870736,423.3828
1925,8.37,0.1469,0.3975485265254974,0.8848039215686274,0.91651865008881,428.9991
1950,8.48,0.1237,0.4285461902618408,0.8823529411764706,0.9142857142857144,434.6096
1975,8.59,0.1137,0.4351869225502014,0.8823529411764706,0.9163763066202092,440.1217
2000,8.7,0.1462,0.4142450094223022,0.8872549019607843,0.9181494661921707,445.6441
2025,8.8,0.1416,0.4256196916103363,0.8897058823529411,0.919210053859964,451.9012
2050,8.91,0.1627,0.4204022288322449,0.8872549019607843,0.9181494661921707,457.4873
2075,9.02,0.1516,0.411947101354599,0.8848039215686274,0.9162210338680928,462.8908
2100,9.13,0.0802,0.4257826805114746,0.8848039215686274,0.9153153153153154,468.4259
2125,9.24,0.1179,0.4409986138343811,0.8848039215686274,0.9159212880143112,473.9159
2150,9.35,0.1364,0.4435396492481231,0.8897058823529411,0.9203539823008848,479.4793
2175,9.46,0.1385,0.429856389760971,0.8823529411764706,0.9142857142857144,485.0581
2200,9.57,0.1085,0.4300719201564789,0.8872549019607843,0.9184397163120568,490.6431
2225,9.67,0.1225,0.427770048379898,0.8848039215686274,0.9156193895870736,496.1539
2250,9.78,0.109,0.4296043217182159,0.8897058823529411,0.9200710479573712,501.7323
2275,9.89,0.1299,0.4292807579040527,0.8897058823529411,0.9200710479573712,507.3137
2300,10.0,0.0988,0.4304217100143432,0.8872549019607843,0.9184397163120568,512.82
