step,epoch,train_loss,eval_loss,eval_accuracy,eval_f1,train_runtime
25,0.10869565217391304,0.7133,0.6587013006210327,0.6838235294117647,0.8122270742358079,6.2554
50,0.21739130434782608,0.6627,0.6248083114624023,0.6838235294117647,0.8122270742358079,11.8812
75,0.32608695652173914,0.6386,0.6224324107170105,0.6838235294117647,0.8122270742358079,17.8081
100,0.43478260869565216,0.6398,0.6179862022399902,0.6838235294117647,0.8122270742358079,23.6524
125,0.5434782608695652,0.603,0.6141261458396912,0.6838235294117647,0.8122270742358079,29.6488
150,0.6521739130434783,0.6432,0.6182879209518433,0.6936274509803921,0.8169838945827232,35.5154
175,0.7608695652173914,0.6252,0.5939532518386841,0.6887254901960784,0.8145985401459854,41.5139
200,0.8695652173913043,0.5859,0.5328319072723389,0.7254901960784313,0.8238993710691824,47.3998
225,0.9782608695652174,0.5834,0.5132847428321838,0.7549019607843137,0.8381877022653722,53.1653
250,1.0869565217391304,0.5577,0.5307851433753967,0.7132352941176471,0.8245877061469266,58.9865
275,1.1956521739130435,0.5221,0.4804290235042572,0.7622549019607843,0.8438003220611916,64.7757
300,1.3043478260869565,0.5191,0.4707380533218384,0.7794117647058824,0.8529411764705881,70.8308
325,1.4130434782608696,0.4693,0.5577759742736816,0.6936274509803921,0.7300215982721383,76.5029
350,1.5217391304347827,0.5272,0.48126333951950073,0.7622549019607843,0.8452950558213715,82.1837
375,1.6304347826086958,0.4474,0.4085439145565033,0.8112745098039216,0.8576709796672828,87.8068
400,1.7391304347826086,0.3935,0.38955986499786377,0.8088235294117647,0.8655172413793105,93.4822
425,1.8478260869565217,0.4681,0.3771868944168091,0.8112745098039216,0.8651488616462346,99.3359
450,1.9565217391304348,0.4246,0.37755411863327026,0.821078431372549,0.8756388415672913,105.2073
475,2.0652173913043477,0.452,0.47369226813316345,0.7696078431372549,0.8517350157728708,110.8497
500,2.1739130434782608,0.4254,0.3637055456638336,0.8259803921568627,0.8777969018932873,116.6719
525,2.282608695652174,0.4043,0.351032555103302,0.8480392156862745,0.8872727272727273,122.9727
550,2.391304347826087,0.3669,0.3716579079627991,0.8504901960784313,0.8912655971479501,128.738
575,2.5,0.4484,0.3747957944869995,0.8088235294117647,0.8691275167785235,134.5303
600,2.608695652173913,0.3708,0.3669220507144928,0.8431372549019608,0.8892733564013842,140.3403
625,2.717391304347826,0.4053,0.37543928623199463,0.8308823529411765,0.8836424957841484,146.1661
650,2.8260869565217392,0.4742,0.32935652136802673,0.8578431372549019,0.8975265017667844,152.0628
675,2.9347826086956523,0.359,0.33414021134376526,0.8455882352941176,0.8877005347593583,157.8113
700,3.0434782608695654,0.3549,0.3672947287559509,0.8406862745098039,0.8877374784110534,163.3828
725,3.1521739130434785,0.3683,0.4183943569660187,0.8308823529411765,0.886326194398682,169.0745
750,3.260869565217391,0.3839,0.3948597013950348,0.8308823529411765,0.8866995073891626,174.8717
775,3.369565217391304,0.3074,0.3366631269454956,0.8602941176470589,0.8994708994708994,180.5594
800,3.4782608695652173,0.395,0.3271925449371338,0.8504901960784313,0.8908765652951698,186.293
825,3.5869565217391304,0.4016,0.3155116140842438,0.8553921568627451,0.8944543828264758,192.1547
850,3.6956521739130435,0.3697,0.3183608055114746,0.8553921568627451,0.8944543828264758,197.9706
875,3.8043478260869565,0.3596,0.3467811048030853,0.8431372549019608,0.8907849829351535,203.8312
900,3.9130434782608696,0.355,0.4014666974544525,0.8406862745098039,0.8922056384742951,209.6346
925,4.021739130434782,0.3757,0.3336029052734375,0.8504901960784313,0.8953687821612349,215.2835
950,4.130434782608695,0.3173,0.31212106347084045,0.8553921568627451,0.8955752212389381,221.1113
975,4.239130434782608,0.3774,0.3261162340641022,0.8480392156862745,0.8934707903780068,226.7396
1000,4.3478260869565215,0.3545,0.3323795795440674,0.8431372549019608,0.8907849829351535,232.496
1025,4.456521739130435,0.347,0.31550440192222595,0.8529411764705882,0.8884758364312267,238.7907
1050,4.565217391304348,0.3208,0.33072999119758606,0.8480392156862745,0.8908450704225351,244.6489
1075,4.673913043478261,0.2993,0.3242488205432892,0.8578431372549019,0.8953068592057761,250.3354
1100,4.782608695652174,0.2769,0.3195180594921112,0.8578431372549019,0.8975265017667844,256.1475
1125,4.891304347826087,0.3273,0.30372557044029236,0.8529411764705882,0.8939929328621908,261.8994
1150,5.0,0.3206,0.29716742038726807,0.8676470588235294,0.9035714285714286,267.6874
1175,5.108695652173913,0.2922,0.35141152143478394,0.8553921568627451,0.9011725293132328,273.3839
1200,5.217391304347826,0.3059,0.30355656147003174,0.8627450980392157,0.900709219858156,279.1777
1225,5.326086956521739,0.3066,0.3115362226963043,0.8578431372549019,0.8993055555555555,285.0002
1250,5.434782608695652,0.3563,0.3025715947151184,0.8676470588235294,0.9028776978417268,290.6879
1275,5.543478260869565,0.2725,0.30589452385902405,0.8700980392156863,0.9034608378870674,296.515
1300,5.6521739130434785,0.2853,0.32060614228248596,0.8602941176470589,0.8994708994708994,302.2959
1325,5.760869565217392,0.2724,0.3326674699783325,0.8529411764705882,0.8961937716262977,308.1969
1350,5.869565217391305,0.3352,0.2927890419960022,0.8651960784313726,0.9005424954792043,314.0186
1375,5.978260869565218,0.3121,0.2968343198299408,0.8651960784313726,0.9005424954792043,319.9017
1400,6.086956521739131,0.2335,0.46047860383987427,0.8382352941176471,0.8928571428571428,325.5851
1425,6.195652173913044,0.325,0.29756730794906616,0.8627450980392157,0.9,331.5236
1450,6.304347826086957,0.3052,0.30378785729408264,0.8651960784313726,0.8979591836734695,337.231
1475,6.413043478260869,0.3297,0.3033704161643982,0.8578431372549019,0.8993055555555555,342.9641
1500,6.521739130434782,0.333,0.28845226764678955,0.8700980392156863,0.9048473967684021,348.7283
1525,6.630434782608695,0.2744,0.32935452461242676,0.8651960784313726,0.9053356282271946,355.1346
1550,6.739130434782608,0.3217,0.2962735891342163,0.8700980392156863,0.9048473967684021,360.886
1575,6.8478260869565215,0.2802,0.30116644501686096,0.8676470588235294,0.9032258064516129,366.627
1600,6.956521739130435,0.2968,0.3041943311691284,0.8602941176470589,0.8987566607460036,372.4622
1625,7.065217391304348,0.2502,0.3084593713283539,0.8651960784313726,0.9023090586145649,378.1669
1650,7.173913043478261,0.2861,0.29743194580078125,0.8700980392156863,0.9055258467023173,383.8657
1675,7.282608695652174,0.2633,0.313953697681427,0.8725490196078431,0.9106529209621993,389.6837
1700,7.391304347826087,0.2894,0.2872607707977295,0.875,0.9097345132743363,395.499
1725,7.5,0.2751,0.286398708820343,0.8700980392156863,0.9055258467023173,401.3993
1750,7.608695652173913,0.3,0.2855489253997803,0.8700980392156863,0.905861456483126,407.1397
1775,7.717391304347826,0.302,0.2939469814300537,0.875,0.9103690685413005,412.9552
1800,7.826086956521739,0.2733,0.3059026300907135,0.8651960784313726,0.9036777583187391,418.6987
1825,7.934782608695652,0.2466,0.28938767313957214,0.8700980392156863,0.9048473967684021,424.6224
1850,8.043478260869565,0.3514,0.29823848605155945,0.8651960784313726,0.9029982363315697,430.3637
1875,8.152173913043478,0.2782,0.2928476631641388,0.8700980392156863,0.905861456483126,436.0754
1900,8.26086956521739,0.2382,0.30442631244659424,0.8700980392156863,0.9065255731922399,441.9006
1925,8.369565217391305,0.2686,0.29021939635276794,0.875,0.9090909090909091,447.6724
1950,8.478260869565217,0.2746,0.29988646507263184,0.8676470588235294,0.9052631578947367,453.533
1975,8.58695652173913,0.2504,0.3126673698425293,0.8725490196078431,0.9100346020761245,459.2141
2000,8.695652173913043,0.2602,0.299605131149292,0.8700980392156863,0.9071803852889667,464.9323
2025,8.804347826086957,0.2726,0.2965373396873474,0.8700980392156863,0.9061946902654867,471.3441
2050,8.91304347826087,0.3019,0.2912191152572632,0.8725490196078431,0.9078014184397164,477.1458
2075,9.021739130434783,0.3151,0.29788389801979065,0.8700980392156863,0.9068541300527241,482.8615
2100,9.130434782608695,0.2446,0.28790906071662903,0.875,0.9090909090909091,488.5922
2125,9.23913043478261,0.2331,0.2933259606361389,0.8700980392156863,0.9061946902654867,494.4394
2150,9.347826086956522,0.2916,0.30041971802711487,0.875,0.9100529100529101,500.1891
2175,9.456521739130435,0.2661,0.29865872859954834,0.875,0.9100529100529101,506.0207
2200,9.565217391304348,0.2752,0.3106849193572998,0.875,0.9113043478260869,511.7701
2225,9.673913043478262,0.2908,0.30182158946990967,0.8676470588235294,0.9052631578947367,517.489
2250,9.782608695652174,0.2558,0.3021680414676666,0.8676470588235294,0.9052631578947367,523.2567
2275,9.891304347826086,0.2591,0.301114946603775,0.8676470588235294,0.9052631578947367,529.0184
2300,10.0,0.2567,0.29968202114105225,0.8700980392156863,0.9068541300527241,534.7638
