step,epoch,train_loss,eval_loss,eval_accuracy,eval_f1,train_runtime
25,0.11,0.7123,0.6566704511642456,0.6838235294117647,0.8122270742358079,6.2841
50,0.22,0.6624,0.6233216524124146,0.6838235294117647,0.8122270742358079,12.1319
75,0.33,0.6361,0.6185066103935242,0.6838235294117647,0.8122270742358079,18.311
100,0.43,0.6359,0.6041761636734009,0.6838235294117647,0.8122270742358079,24.3948
125,0.54,0.5953,0.565791130065918,0.7083333333333334,0.8205128205128206,30.57
150,0.65,0.5515,0.538852870464325,0.7573529411764706,0.8395461912479741,36.5464
175,0.76,0.5314,0.5567969083786011,0.7720588235294118,0.8512000000000001,42.6835
200,0.87,0.5105,0.5661726593971252,0.7867647058823529,0.8634222919937206,48.6022
225,0.98,0.6058,0.4583577811717987,0.8308823529411765,0.8787346221441125,54.4557
250,1.09,0.4843,0.4097919762134552,0.8357843137254902,0.8862478777589134,60.0755
275,1.2,0.4504,0.407514750957489,0.8235294117647058,0.8795986622073578,65.8826
300,1.3,0.4222,0.4553294479846954,0.8455882352941176,0.891566265060241,71.7184
325,1.41,0.4112,0.4918316006660461,0.7352941176470589,0.767241379310345,77.4805
350,1.52,0.4875,0.385732501745224,0.8333333333333334,0.8811188811188811,83.3541
375,1.63,0.4141,0.3397037386894226,0.8627450980392157,0.9020979020979022,89.1068
400,1.74,0.3417,0.3583451807498932,0.8700980392156863,0.9051878354203936,95.039
425,1.85,0.4032,0.359457790851593,0.8529411764705882,0.8920863309352518,100.9833
450,1.96,0.3951,0.3627693653106689,0.8627450980392157,0.8989169675090252,107.0707
475,2.07,0.298,0.4325891435146332,0.8504901960784313,0.8967851099830796,112.7545
500,2.17,0.3713,0.3517570495605469,0.8431372549019608,0.8792452830188678,118.7496
525,2.28,0.3391,0.3375140130519867,0.8553921568627451,0.8913443830570903,125.1279
550,2.39,0.3186,0.3541312217712402,0.8529411764705882,0.88929889298893,131.0811
575,2.5,0.337,0.3749067187309265,0.8602941176470589,0.9025641025641028,136.967
600,2.61,0.3678,0.3488070070743561,0.8602941176470589,0.9015544041450776,142.9146
625,2.72,0.2948,0.427276611328125,0.8627450980392157,0.9066666666666666,148.8703
650,2.83,0.409,0.3265625834465027,0.8602941176470589,0.9018932874354562,154.8646
675,2.93,0.3244,0.3377913534641266,0.8602941176470589,0.8961748633879781,160.7993
700,3.04,0.2918,0.3910540342330932,0.8627450980392157,0.8992805755395683,166.5332
725,3.15,0.3214,0.345743715763092,0.8602941176470589,0.9008695652173914,172.3973
750,3.26,0.2613,0.3970300257205963,0.8553921568627451,0.8981001727115717,178.3625
775,3.37,0.235,0.3702706694602966,0.8553921568627451,0.8981001727115717,184.1069
800,3.48,0.3015,0.4239948391914367,0.8504901960784313,0.897133220910624,190.0628
825,3.59,0.3411,0.3028523921966553,0.8700980392156863,0.9055258467023172,195.9729
850,3.7,0.2766,0.3191553056240082,0.875,0.9090909090909092,202.0287
875,3.8,0.2629,0.3841018378734588,0.8651960784313726,0.8983364140480593,207.9192
900,3.91,0.3201,0.3130289912223816,0.8700980392156863,0.9078260869565218,213.9171
925,4.02,0.2977,0.3223350346088409,0.875,0.9097345132743364,219.6492
950,4.13,0.1842,0.393856793642044,0.8602941176470589,0.9015544041450776,225.6225
975,4.24,0.2864,0.3688860535621643,0.8774509803921569,0.9137931034482758,231.3737
1000,4.35,0.2871,0.3332771360874176,0.8700980392156863,0.9071803852889668,237.2221
1025,4.46,0.2751,0.3236100077629089,0.8578431372549019,0.8945454545454546,243.6061
1050,4.57,0.1918,0.3793876469135284,0.8700980392156863,0.9075043630017452,249.5758
1075,4.67,0.22,0.3660840094089508,0.8676470588235294,0.9055944055944056,255.4362
1100,4.78,0.1785,0.4212172925472259,0.875,0.9094138543516876,261.3605
1125,4.89,0.2057,0.3534323275089264,0.8651960784313726,0.9029982363315696,267.2587
1150,5.0,0.2202,0.4077732563018799,0.8627450980392157,0.8992805755395683,273.225
1175,5.11,0.1827,0.3850741386413574,0.8725490196078431,0.9078014184397164,279.0755
1200,5.22,0.2067,0.4173746407032013,0.8725490196078431,0.9100346020761244,285.0466
1225,5.33,0.1377,0.4749503135681152,0.8627450980392157,0.8970588235294118,290.9726
1250,5.43,0.2234,0.4326611757278442,0.8602941176470589,0.8980322003577819,296.7945
1275,5.54,0.1846,0.4135769605636596,0.8700980392156863,0.9038112522686026,302.6576
1300,5.65,0.1664,0.4171302318572998,0.8651960784313726,0.9005424954792043,308.5616
1325,5.76,0.1625,0.4369999766349792,0.8725490196078431,0.9051094890510948,314.5843
1350,5.87,0.1967,0.4061163365840912,0.8725490196078431,0.9051094890510948,320.5472
1375,5.98,0.1868,0.358536958694458,0.8651960784313726,0.9016100178890876,326.6229
1400,6.09,0.1186,0.5612689852714539,0.8676470588235294,0.9084745762711864,332.4182
1425,6.2,0.1913,0.4027175009250641,0.8872549019607843,0.9198606271777002,338.5605
1450,6.3,0.1665,0.4307750761508941,0.8602941176470589,0.8930581613508443,344.3311
1475,6.41,0.1597,0.4186641871929168,0.8774509803921569,0.9140893470790378,350.2889
1500,6.52,0.1681,0.4202994108200073,0.8700980392156863,0.905861456483126,356.1278
1525,6.63,0.0808,0.4873531460762024,0.875,0.9084380610412928,362.4843
1550,6.74,0.2413,0.4537310898303985,0.8700980392156863,0.9055258467023172,368.3153
1575,6.85,0.1557,0.4140827357769012,0.8700980392156863,0.905861456483126,374.311
1600,6.96,0.1508,0.4096518754959106,0.8700980392156863,0.9055258467023172,380.2575
1625,7.07,0.1323,0.4389330446720123,0.8774509803921569,0.912280701754386,386.1448
1650,7.17,0.1334,0.4674874246120453,0.8799019607843137,0.9107468123861568,391.9945
1675,7.28,0.1375,0.5079458355903625,0.875,0.9137055837563453,397.946
1700,7.39,0.1245,0.5674847364425659,0.8774509803921569,0.9152542372881356,403.9394
1725,7.5,0.1175,0.5426429510116577,0.8676470588235294,0.9003690036900369,409.9614
1750,7.61,0.1409,0.4493515491485595,0.8651960784313726,0.9026548672566372,415.8997
1775,7.72,0.1772,0.4473351836204529,0.875,0.9106830122591943,421.9343
1800,7.83,0.1044,0.4968366920948028,0.875,0.91005291005291,427.7718
1825,7.93,0.1019,0.4807288944721222,0.8823529411764706,0.913978494623656,433.9283
1850,8.04,0.1467,0.5017069578170776,0.8627450980392157,0.9037800687285222,439.7119
1875,8.15,0.0699,0.5342303514480591,0.8774509803921569,0.9094202898550724,445.6975
1900,8.26,0.0864,0.5699129104614258,0.875,0.9090909090909092,451.6129
1925,8.37,0.0747,0.5568405389785767,0.8774509803921569,0.9116607773851588,457.6564
1950,8.48,0.086,0.5812782049179077,0.8774509803921569,0.9116607773851588,463.639
1975,8.59,0.0785,0.6103271842002869,0.8725490196078431,0.9109589041095888,469.5574
2000,8.7,0.1371,0.5614149570465088,0.8872549019607843,0.9195804195804196,475.4276
2025,8.8,0.0851,0.5617616176605225,0.8848039215686274,0.9171075837742504,481.7994
2050,8.91,0.1218,0.5688989162445068,0.8848039215686274,0.9171075837742504,487.7315
2075,9.02,0.0972,0.5819290280342102,0.8799019607843137,0.9135802469135804,493.5528
2100,9.13,0.0545,0.6179478168487549,0.8799019607843137,0.9120287253141832,499.4345
2125,9.24,0.1104,0.6013294458389282,0.8897058823529411,0.9197860962566844,505.3619
2150,9.35,0.1076,0.5869437456130981,0.8897058823529411,0.9197860962566844,511.2384
2175,9.46,0.0988,0.5830032229423523,0.8823529411764706,0.915492957746479,517.2399
2200,9.57,0.0971,0.5900024771690369,0.8725490196078431,0.9100346020761244,523.1521
2225,9.67,0.0772,0.5921096205711365,0.8823529411764706,0.9163763066202092,529.0842
2250,9.78,0.1043,0.5921492576599121,0.8823529411764706,0.9163763066202092,534.984
2275,9.89,0.1035,0.5890524387359619,0.8823529411764706,0.9163763066202092,540.988
2300,10.0,0.0728,0.5865776538848877,0.8774509803921569,0.9125874125874124,546.851
