step,epoch,train_loss,eval_loss,eval_accuracy,eval_f1,train_runtime
25,0.11,0.6567,0.636029839515686,0.6838235294117647,0.8122270742358079,5.7913
50,0.22,0.6603,0.6252800822257996,0.6838235294117647,0.8122270742358079,11.2115
75,0.33,0.6395,0.6210156083106995,0.6838235294117647,0.8122270742358079,16.6574
100,0.43,0.6408,0.6155862212181091,0.6838235294117647,0.8122270742358079,22.0773
125,0.54,0.6008,0.6019617915153503,0.6838235294117647,0.8122270742358079,27.4863
150,0.65,0.5786,0.5264713764190674,0.7328431372549019,0.8272583201267829,32.8603
175,0.76,0.586,0.4897880852222442,0.7769607843137255,0.8515497553017944,38.4614
200,0.87,0.5434,0.4600688815116882,0.7622549019607843,0.847244094488189,43.9158
225,0.98,0.5142,0.4376420378684997,0.7941176470588235,0.8432835820895523,49.3839
250,1.09,0.4481,0.4035708010196686,0.8284313725490197,0.8749999999999999,54.6065
275,1.2,0.4985,0.4113824069499969,0.7990196078431373,0.8668831168831169,60.0872
300,1.3,0.4725,0.4346379935741424,0.8014705882352942,0.8682926829268293,65.5296
325,1.41,0.4305,0.4710482358932495,0.75,0.7848101265822784,70.9672
350,1.52,0.4752,0.4221445024013519,0.8112745098039216,0.8735632183908046,76.4017
375,1.63,0.4309,0.356556624174118,0.8504901960784313,0.8892921960072594,81.7488
400,1.74,0.3722,0.3712195456027984,0.8553921568627451,0.8917431192660551,87.1861
425,1.85,0.4629,0.3531465828418731,0.8651960784313726,0.9016100178890876,92.6539
450,1.96,0.4136,0.3567580282688141,0.8504901960784313,0.8942807625649914,98.2659
475,2.07,0.3816,0.4376276433467865,0.8235294117647058,0.881578947368421,103.5119
500,2.17,0.3919,0.3416403234004974,0.8406862745098039,0.8816029143897995,109.0319
525,2.28,0.3806,0.3358979821205139,0.8480392156862745,0.8838951310861424,114.9858
550,2.39,0.323,0.3499466478824615,0.8406862745098039,0.8837209302325582,120.4902
575,2.5,0.3981,0.3814704716205597,0.8259803921568627,0.8830313014827017,126.0042
600,2.61,0.3393,0.3683668375015259,0.8651960784313726,0.9053356282271946,131.4762
625,2.72,0.3484,0.4407393932342529,0.8455882352941176,0.8962108731466227,136.9775
650,2.83,0.4656,0.3520201742649078,0.8627450980392157,0.9047619047619048,142.4795
675,2.93,0.3366,0.3456881940364837,0.8725490196078431,0.9100346020761244,148.0043
700,3.04,0.3238,0.403796374797821,0.8553921568627451,0.8998302207130731,153.2467
725,3.15,0.3471,0.4213861227035522,0.8578431372549019,0.902027027027027,158.7878
750,3.26,0.376,0.4552501738071441,0.8333333333333334,0.8892508143322475,164.256
775,3.37,0.2941,0.3459680080413818,0.8602941176470589,0.8976660682226212,169.6969
800,3.48,0.3471,0.3725742697715759,0.8676470588235294,0.9065743944636676,175.1197
825,3.59,0.3619,0.3179970681667328,0.8725490196078431,0.9081272084805654,180.6574
850,3.7,0.3393,0.3039477169513702,0.8651960784313726,0.9012567324955116,186.1733
875,3.8,0.3172,0.3208965361118316,0.8627450980392157,0.8985507246376813,191.6722
900,3.91,0.3435,0.3279917240142822,0.8676470588235294,0.906896551724138,197.1629
925,4.02,0.3759,0.3308325409889221,0.8651960784313726,0.9050086355785838,202.4757
950,4.13,0.2729,0.3532984852790832,0.8651960784313726,0.9056603773584906,207.9974
975,4.24,0.3404,0.3554202914237976,0.8480392156862745,0.8963210702341137,213.3328
1000,4.35,0.3463,0.344045490026474,0.8700980392156863,0.9090909090909092,218.7812
1025,4.46,0.3271,0.318228930234909,0.8627450980392157,0.8978102189781021,224.8961
1050,4.57,0.2984,0.3422800600528717,0.8676470588235294,0.9052631578947368,230.4541
1075,4.67,0.2826,0.3793341815471649,0.8700980392156863,0.9041591320072332,235.854
1100,4.78,0.2548,0.3718229532241821,0.8651960784313726,0.9043478260869564,241.3449
1125,4.89,0.3028,0.3067382872104645,0.8823529411764706,0.915492957746479,246.7896
1150,5.0,0.2708,0.3383829593658447,0.8799019607843137,0.9144851657940662,252.3005
1175,5.11,0.2683,0.3761885464191437,0.8700980392156863,0.9087779690189328,257.6827
1200,5.22,0.2879,0.3840337693691253,0.8676470588235294,0.9087837837837838,263.1692
1225,5.33,0.2593,0.3650386929512024,0.8676470588235294,0.906896551724138,268.6722
1250,5.43,0.3051,0.3632729351520538,0.8774509803921569,0.9125874125874124,274.0577
1275,5.54,0.2222,0.3575739860534668,0.8725490196078431,0.908450704225352,279.551
1300,5.65,0.2607,0.3786238133907318,0.8676470588235294,0.907849829351536,284.9697
1325,5.76,0.227,0.3626691102981567,0.8774509803921569,0.9113475177304964,290.5859
1350,5.87,0.2993,0.3446796238422394,0.8651960784313726,0.9009009009009008,296.0717
1375,5.98,0.3036,0.320693701505661,0.8700980392156863,0.9055258467023172,301.6826
1400,6.09,0.1833,0.5500840544700623,0.8480392156862745,0.8976897689768976,307.0359
1425,6.2,0.258,0.3812213242053985,0.8651960784313726,0.9033391915641475,312.6874
1450,6.3,0.2588,0.3640308082103729,0.8553921568627451,0.8901303538175047,318.0086
1475,6.41,0.2786,0.3482477068901062,0.8676470588235294,0.9049295774647886,323.4362
1500,6.52,0.2879,0.3731632530689239,0.8651960784313726,0.9026548672566372,328.8755
1525,6.63,0.224,0.4369503557682037,0.8676470588235294,0.906896551724138,335.1334
1550,6.74,0.2605,0.3878815174102783,0.8602941176470589,0.8969258589511754,340.5908
1575,6.85,0.2492,0.395550787448883,0.8774509803921569,0.9119718309859154,346.0428
1600,6.96,0.2857,0.3886451721191406,0.875,0.9109947643979056,351.7937
1625,7.07,0.2237,0.3833734393119812,0.8823529411764706,0.9148936170212766,357.0987
1650,7.17,0.2638,0.3598416149616241,0.8774509803921569,0.9119718309859154,362.5698
1675,7.28,0.2182,0.3945246040821075,0.8676470588235294,0.9087837837837838,368.0063
1700,7.39,0.256,0.3540525138378143,0.8725490196078431,0.9109589041095888,373.555
1725,7.5,0.2347,0.3299250900745392,0.8774509803921569,0.910394265232975,379.1239
1750,7.61,0.241,0.3288320004940033,0.8799019607843137,0.913884007029877,384.5902
1775,7.72,0.2458,0.3545582294464111,0.8676470588235294,0.906896551724138,390.1805
1800,7.83,0.2114,0.3796059787273407,0.8823529411764706,0.915492957746479,395.5912
1825,7.93,0.2609,0.341749370098114,0.8676470588235294,0.9025270758122744,401.2823
1850,8.04,0.2702,0.3655351996421814,0.875,0.911917098445596,406.6161
1875,8.15,0.2253,0.3512226045131683,0.8676470588235294,0.9039145907473308,412.13
1900,8.26,0.1855,0.3916794955730438,0.875,0.9116117850953208,417.5936
1925,8.37,0.2248,0.3605069816112518,0.8799019607843137,0.913884007029877,423.1292
1950,8.48,0.1984,0.3759520947933197,0.8725490196078431,0.9087719298245616,428.6475
1975,8.59,0.1997,0.3936365246772766,0.8627450980392157,0.904109589041096,434.0511
2000,8.7,0.2157,0.3757761716842651,0.8700980392156863,0.9081455805892548,439.523
2025,8.8,0.2088,0.3686558902263641,0.8799019607843137,0.9132743362831858,445.5403
2050,8.91,0.2667,0.3705220818519592,0.8774509803921569,0.9119718309859154,451.0728
2075,9.02,0.2592,0.3862734735012054,0.8700980392156863,0.9084628670120898,456.3992
2100,9.13,0.1819,0.3669087588787079,0.8700980392156863,0.9051878354203936,461.9203
2125,9.24,0.2205,0.3809432983398437,0.8799019607843137,0.9132743362831858,467.3307
2150,9.35,0.2546,0.3893834352493286,0.8725490196078431,0.9090909090909092,472.8699
2175,9.46,0.2191,0.3792950212955475,0.875,0.9106830122591943,478.3422
2200,9.57,0.2249,0.3802367150783539,0.8774509803921569,0.9128919860627178,483.8438
2225,9.67,0.2272,0.369302749633789,0.8799019607843137,0.913884007029877,489.2805
2250,9.78,0.2117,0.3704759180545807,0.8799019607843137,0.913884007029877,494.7756
2275,9.89,0.1872,0.37026247382164,0.8799019607843137,0.913884007029877,500.3319
2300,10.0,0.2112,0.3693507015705108,0.8799019607843137,0.913884007029877,505.7407
