step,epoch,train_loss,eval_loss,eval_accuracy,eval_f1,train_runtime
25,0.11,0.7051,0.6404163241386414,0.6838235294117647,0.8122270742358079,6.5672
50,0.22,0.6635,0.6185872554779053,0.6838235294117647,0.8122270742358079,12.8234
75,0.33,0.6333,0.6226513981819153,0.6838235294117647,0.8122270742358079,19.9733
100,0.43,0.6446,0.6249371767044067,0.6838235294117647,0.8122270742358079,26.0412
125,0.54,0.6385,0.6245107650756836,0.6838235294117647,0.8122270742358079,32.0491
150,0.65,0.6365,0.6399741768836975,0.6838235294117647,0.8122270742358079,37.7843
175,0.76,0.6435,0.6243360638618469,0.6838235294117647,0.8122270742358079,43.7207
200,0.87,0.6471,0.626603901386261,0.6838235294117647,0.8122270742358079,49.4409
225,0.98,0.6331,0.6332178115844727,0.6838235294117647,0.8122270742358079,55.1575
250,1.09,0.6484,0.6324295401573181,0.6838235294117647,0.8122270742358079,60.568
275,1.2,0.6316,0.6611377596855164,0.6838235294117647,0.8122270742358079,66.2676
300,1.3,0.6316,0.6299101710319519,0.6838235294117647,0.8122270742358079,71.9701
325,1.41,0.6465,0.6290101408958435,0.6838235294117647,0.8122270742358079,77.6821
350,1.52,0.6647,0.6243488192558289,0.6838235294117647,0.8122270742358079,83.4606
375,1.63,0.6224,0.6241838335990906,0.6838235294117647,0.8122270742358079,89.2023
400,1.74,0.6244,0.6538629531860352,0.6838235294117647,0.8122270742358079,95.054
425,1.85,0.6448,0.640846848487854,0.6838235294117647,0.8122270742358079,101.0298
450,1.96,0.6502,0.6259067058563232,0.6838235294117647,0.8122270742358079,107.059
475,2.07,0.6364,0.6326831579208374,0.6838235294117647,0.8122270742358079,112.7318
500,2.17,0.6412,0.6442873477935791,0.6838235294117647,0.8122270742358079,118.6108
525,2.28,0.6236,0.624923050403595,0.6838235294117647,0.8122270742358079,124.6892
550,2.39,0.6412,0.6250295639038086,0.6838235294117647,0.8122270742358079,130.4228
575,2.5,0.6353,0.6276024580001831,0.6838235294117647,0.8122270742358079,136.2082
600,2.61,0.6623,0.6420580744743347,0.6838235294117647,0.8122270742358079,141.9526
625,2.72,0.6325,0.6243298053741455,0.6838235294117647,0.8122270742358079,147.7747
650,2.83,0.6485,0.6249276995658875,0.6838235294117647,0.8122270742358079,153.6012
675,2.93,0.6125,0.6240383982658386,0.6838235294117647,0.8122270742358079,159.44
700,3.04,0.6443,0.6244837045669556,0.6838235294117647,0.8122270742358079,165.0487
725,3.15,0.6203,0.6271842122077942,0.6838235294117647,0.8122270742358079,170.8688
750,3.26,0.6237,0.6279408931732178,0.6838235294117647,0.8122270742358079,176.7483
775,3.37,0.6502,0.6248147487640381,0.6838235294117647,0.8122270742358079,182.4789
800,3.48,0.6414,0.6301199793815613,0.6838235294117647,0.8122270742358079,188.3608
825,3.59,0.6334,0.6245396137237549,0.6838235294117647,0.8122270742358079,194.2077
850,3.7,0.6385,0.626146137714386,0.6838235294117647,0.8122270742358079,200.1648
875,3.8,0.6318,0.626262366771698,0.6838235294117647,0.8122270742358079,205.9802
900,3.91,0.6503,0.623975396156311,0.6838235294117647,0.8122270742358079,211.8776
925,4.02,0.6655,0.6274391412734985,0.6838235294117647,0.8122270742358079,217.5266
950,4.13,0.6134,0.6256678104400635,0.6838235294117647,0.8122270742358079,223.426
975,4.24,0.6295,0.6239651441574097,0.6838235294117647,0.8122270742358079,229.1047
1000,4.35,0.6319,0.6241539120674133,0.6838235294117647,0.8122270742358079,234.8996
1025,4.46,0.6227,0.6262570023536682,0.6838235294117647,0.8122270742358079,241.0516
1050,4.57,0.6432,0.6252567768096924,0.6838235294117647,0.8122270742358079,246.9443
1075,4.67,0.6573,0.6243022084236145,0.6838235294117647,0.8122270742358079,252.7122
1100,4.78,0.6345,0.6243506669998169,0.6838235294117647,0.8122270742358079,258.5653
1125,4.89,0.6557,0.6261897087097168,0.6838235294117647,0.8122270742358079,264.3768
1150,5.0,0.6259,0.6241065859794617,0.6838235294117647,0.8122270742358079,270.2963
1175,5.11,0.6557,0.6244167685508728,0.6838235294117647,0.8122270742358079,276.0005
1200,5.22,0.6293,0.6249005198478699,0.6838235294117647,0.8122270742358079,281.9129
1225,5.33,0.6517,0.6249362826347351,0.6838235294117647,0.8122270742358079,287.7438
1250,5.43,0.6559,0.6322318911552429,0.6838235294117647,0.8122270742358079,293.5532
1275,5.54,0.6358,0.6267899870872498,0.6838235294117647,0.8122270742358079,299.3365
1300,5.65,0.6111,0.6239827275276184,0.6838235294117647,0.8122270742358079,305.2262
1325,5.76,0.6231,0.623957633972168,0.6838235294117647,0.8122270742358079,311.1407
1350,5.87,0.6115,0.624358594417572,0.6838235294117647,0.8122270742358079,317.1101
1375,5.98,0.6209,0.6243780255317688,0.6838235294117647,0.8122270742358079,323.1083
1400,6.09,0.5946,0.6287389993667603,0.6838235294117647,0.8122270742358079,328.9433
1425,6.2,0.6348,0.6239978075027466,0.6838235294117647,0.8122270742358079,334.9694
1450,6.3,0.6445,0.6240262985229492,0.6838235294117647,0.8122270742358079,340.7462
1475,6.41,0.6357,0.6254439949989319,0.6838235294117647,0.8122270742358079,346.6277
1500,6.52,0.6651,0.6245867609977722,0.6838235294117647,0.8122270742358079,352.4446
1525,6.63,0.6138,0.6239712834358215,0.6838235294117647,0.8122270742358079,358.7391
1550,6.74,0.6312,0.6239602565765381,0.6838235294117647,0.8122270742358079,364.5486
1575,6.85,0.6469,0.6255325675010681,0.6838235294117647,0.8122270742358079,370.3852
1600,6.96,0.6233,0.6244580745697021,0.6838235294117647,0.8122270742358079,376.2948
1625,7.07,0.6594,0.6257209181785583,0.6838235294117647,0.8122270742358079,381.9939
1650,7.17,0.6119,0.6245014667510986,0.6838235294117647,0.8122270742358079,387.8172
1675,7.28,0.6163,0.6250630021095276,0.6838235294117647,0.8122270742358079,393.6115
1700,7.39,0.6279,0.6240598559379578,0.6838235294117647,0.8122270742358079,399.5549
1725,7.5,0.6609,0.6265068650245667,0.6838235294117647,0.8122270742358079,405.4772
1750,7.61,0.6414,0.6260636448860168,0.6838235294117647,0.8122270742358079,411.3379
1775,7.72,0.6379,0.6247970461845398,0.6838235294117647,0.8122270742358079,417.2275
1800,7.83,0.6441,0.6242457628250122,0.6838235294117647,0.8122270742358079,423.0371
1825,7.93,0.6225,0.6239539980888367,0.6838235294117647,0.8122270742358079,429.0652
1850,8.04,0.6119,0.6241742372512817,0.6838235294117647,0.8122270742358079,434.823
1875,8.15,0.661,0.6254352331161499,0.6838235294117647,0.8122270742358079,440.6942
1900,8.26,0.6054,0.6239834427833557,0.6838235294117647,0.8122270742358079,446.5468
1925,8.37,0.6337,0.6239617466926575,0.6838235294117647,0.8122270742358079,452.4745
1950,8.48,0.6478,0.625291109085083,0.6838235294117647,0.8122270742358079,458.3729
1975,8.59,0.6183,0.6239756345748901,0.6838235294117647,0.8122270742358079,464.1454
2000,8.7,0.6409,0.6241099238395691,0.6838235294117647,0.8122270742358079,469.9412
2025,8.8,0.6437,0.6243610382080078,0.6838235294117647,0.8122270742358079,476.0856
2050,8.91,0.6089,0.623958170413971,0.6838235294117647,0.8122270742358079,481.9626
2075,9.02,0.6225,0.6239733099937439,0.6838235294117647,0.8122270742358079,487.6871
2100,9.13,0.6256,0.6239541172981262,0.6838235294117647,0.8122270742358079,493.4717
2125,9.24,0.6351,0.6241360902786255,0.6838235294117647,0.8122270742358079,499.3092
2150,9.35,0.6134,0.6239717602729797,0.6838235294117647,0.8122270742358079,505.1287
2175,9.46,0.6369,0.6239542365074158,0.6838235294117647,0.8122270742358079,511.057
2200,9.57,0.6291,0.6239535808563232,0.6838235294117647,0.8122270742358079,516.8718
2225,9.67,0.6335,0.6239699721336365,0.6838235294117647,0.8122270742358079,522.7368
2250,9.78,0.6349,0.6239850521087646,0.6838235294117647,0.8122270742358079,528.5752
2275,9.89,0.6409,0.6240501403808594,0.6838235294117647,0.8122270742358079,534.538
2300,10.0,0.6538,0.62404465675354,0.6838235294117647,0.8122270742358079,540.2989
