step,epoch,train_loss,eval_loss,eval_accuracy,eval_f1,train_runtime
25,0.11,0.6669,0.6392945051193237,0.6838235294117647,0.8122270742358079,6.0201
50,0.22,0.662,0.623312771320343,0.6838235294117647,0.8122270742358079,11.6115
75,0.33,0.636,0.6167659759521484,0.6838235294117647,0.8122270742358079,17.3829
100,0.43,0.6333,0.5901989340782166,0.6838235294117647,0.8122270742358079,23.1486
125,0.54,0.5403,0.6249090433120728,0.7254901960784313,0.8282208588957055,28.9636
150,0.65,0.5824,0.5009250044822693,0.7549019607843137,0.8417721518987341,34.8445
175,0.76,0.5873,0.4585880637168884,0.803921568627451,0.8596491228070176,40.7417
200,0.87,0.4856,0.4907499551773071,0.8014705882352942,0.8665568369028007,46.5288
225,0.98,0.4859,0.4483133256435394,0.7965686274509803,0.8394584139264991,52.1978
250,1.09,0.4789,0.474369078874588,0.7965686274509803,0.8659127625201937,57.6583
275,1.2,0.4867,0.4293393790721893,0.7867647058823529,0.861244019138756,63.2576
300,1.3,0.4364,0.4285233318805694,0.8137254901960784,0.8689655172413793,68.929
325,1.41,0.4403,0.3514100611209869,0.8529411764705882,0.894736842105263,74.4788
350,1.52,0.4627,0.3982215821743011,0.8112745098039216,0.8718801996672212,80.113
375,1.63,0.3973,0.3512607514858246,0.8431372549019608,0.8836363636363636,85.6131
400,1.74,0.3572,0.4609540700912475,0.8602941176470589,0.8965517241379312,91.22
425,1.85,0.4306,0.3658353388309479,0.8112745098039216,0.8705882352941176,96.8779
450,1.96,0.3974,0.4031412005424499,0.8553921568627451,0.8955752212389381,102.6547
475,2.07,0.2964,0.552895724773407,0.8553921568627451,0.8984509466437176,108.081
500,2.17,0.378,0.3490062654018402,0.8578431372549019,0.8993055555555555,113.7846
525,2.28,0.3441,0.308907002210617,0.8578431372549019,0.8933823529411764,120.0264
550,2.39,0.2789,0.345567375421524,0.8627450980392157,0.8992805755395683,125.6785
575,2.5,0.3785,0.3382833898067474,0.8553921568627451,0.8984509466437176,131.3727
600,2.61,0.2994,0.4054366946220398,0.8455882352941176,0.8904347826086957,137.007
625,2.72,0.3692,0.3138122260570526,0.8553921568627451,0.8966725043782837,142.7673
650,2.83,0.3741,0.3282398879528045,0.8578431372549019,0.8975265017667844,148.4691
675,2.93,0.3051,0.3587145209312439,0.8627450980392157,0.8992805755395683,154.2032
700,3.04,0.281,0.3409394025802612,0.8553921568627451,0.8944543828264758,159.6167
725,3.15,0.2865,0.4543415009975433,0.8602941176470589,0.902229845626072,165.3123
750,3.26,0.297,0.3878384828567505,0.8480392156862745,0.8956228956228957,170.9887
775,3.37,0.2542,0.3750841617584228,0.8529411764705882,0.894736842105263,176.5665
800,3.48,0.2568,0.3758336901664734,0.8774509803921569,0.9125874125874124,182.2066
825,3.59,0.303,0.3183585107326507,0.8725490196078431,0.907473309608541,187.9343
850,3.7,0.2984,0.3396254479885101,0.8455882352941176,0.8884955752212389,193.6873
875,3.8,0.2548,0.3822022378444671,0.8480392156862745,0.8916083916083916,199.3841
900,3.91,0.2952,0.3901027739048004,0.8578431372549019,0.901360544217687,205.1
925,4.02,0.2871,0.452227920293808,0.8308823529411765,0.8836424957841484,210.6795
950,4.13,0.1964,0.3954239189624786,0.8627450980392157,0.902439024390244,216.3549
975,4.24,0.2485,0.3967081606388092,0.8504901960784313,0.897133220910624,221.9431
1000,4.35,0.2721,0.3884398639202118,0.8553921568627451,0.8981001727115717,227.5255
1025,4.46,0.2654,0.3172825872898102,0.8651960784313726,0.9026548672566372,233.9032
1050,4.57,0.2152,0.3900008797645569,0.8578431372549019,0.8982456140350877,239.6041
1075,4.67,0.209,0.4986347258090973,0.8651960784313726,0.9029982363315696,245.2712
1100,4.78,0.226,0.4157186448574066,0.8602941176470589,0.8969258589511754,250.9411
1125,4.89,0.2249,0.3755554556846618,0.8651960784313726,0.8994515539305302,256.6596
1150,5.0,0.21,0.3950767815113067,0.8651960784313726,0.9005424954792043,262.3469
1175,5.11,0.1529,0.4225887954235077,0.8725490196078431,0.9078014184397164,268.0247
1200,5.22,0.2197,0.4083839952945709,0.8774509803921569,0.9119718309859154,273.7542
1225,5.33,0.1425,0.4470570087432861,0.875,0.9084380610412928,279.4531
1250,5.43,0.2132,0.458392858505249,0.8725490196078431,0.908450704225352,285.0501
1275,5.54,0.1826,0.4470062255859375,0.8725490196078431,0.9061371841155236,290.692
1300,5.65,0.199,0.4994242787361145,0.8676470588235294,0.9049295774647886,296.3615
1325,5.76,0.1778,0.4434419572353363,0.8676470588235294,0.9039145907473308,302.0911
1350,5.87,0.2028,0.4393089413642883,0.8553921568627451,0.8921389396709324,307.8568
1375,5.98,0.1841,0.4107630252838135,0.8602941176470589,0.8994708994708994,313.6402
1400,6.09,0.1077,0.6413080096244812,0.8504901960784313,0.897133220910624,319.2352
1425,6.2,0.1905,0.4695203006267547,0.8578431372549019,0.8993055555555555,325.0674
1450,6.3,0.1701,0.4420564174652099,0.8651960784313726,0.8975791433891992,330.6589
1475,6.41,0.1683,0.4593008756637573,0.8602941176470589,0.8998242530755711,336.3159
1500,6.52,0.181,0.45656818151474,0.8651960784313726,0.9005424954792043,341.9916
1525,6.63,0.1188,0.5586099624633789,0.8578431372549019,0.8989547038327526,348.4846
1550,6.74,0.1807,0.5609658360481262,0.8651960784313726,0.9005424954792043,354.1496
1575,6.85,0.1162,0.5714474320411682,0.8553921568627451,0.8970331588132635,359.7938
1600,6.96,0.1729,0.5894331336021423,0.8504901960784313,0.893169877408056,365.5851
1625,7.07,0.1826,0.6114118099212646,0.8774509803921569,0.9107142857142856,371.1338
1650,7.17,0.1751,0.5631741285324097,0.8676470588235294,0.9018181818181816,376.8188
1675,7.28,0.147,0.5766584277153015,0.8455882352941176,0.8941176470588236,382.4613
1700,7.39,0.1713,0.509620726108551,0.8578431372549019,0.8996539792387542,388.3039
1725,7.5,0.1454,0.5179290175437927,0.8725490196078431,0.9051094890510948,394.0822
1750,7.61,0.1095,0.5535899996757507,0.8700980392156863,0.9055258467023172,399.8562
1775,7.72,0.162,0.5887739062309265,0.8651960784313726,0.9033391915641475,405.5876
1800,7.83,0.1413,0.6108704209327698,0.875,0.9097345132743364,411.3395
1825,7.93,0.1353,0.5544610023498535,0.8676470588235294,0.9018181818181816,417.2815
1850,8.04,0.134,0.6102531552314758,0.8578431372549019,0.8996539792387542,422.959
1875,8.15,0.0962,0.584858775138855,0.8676470588235294,0.9039145907473308,428.7038
1900,8.26,0.0675,0.642866849899292,0.8700980392156863,0.9061946902654868,434.4282
1925,8.37,0.1325,0.6168479919433594,0.8627450980392157,0.899641577060932,440.1622
1950,8.48,0.1204,0.6243022680282593,0.8676470588235294,0.9052631578947368,445.9522
1975,8.59,0.0769,0.6124002933502197,0.8676470588235294,0.9059233449477352,451.5626
2000,8.7,0.1677,0.5758541822433472,0.8676470588235294,0.9055944055944056,457.2408
2025,8.8,0.0831,0.5977256894111633,0.8651960784313726,0.9026548672566372,463.4802
2050,8.91,0.1582,0.6023694276809692,0.8725490196078431,0.908450704225352,469.2147
2075,9.02,0.1532,0.5847350358963013,0.8627450980392157,0.9003558718861211,474.737
2100,9.13,0.0818,0.6085631251335144,0.8627450980392157,0.9003558718861211,480.397
2125,9.24,0.1,0.6218612790107727,0.8676470588235294,0.9045936395759716,486.1156
2150,9.35,0.1293,0.6372431516647339,0.8725490196078431,0.908450704225352,491.8306
2175,9.46,0.095,0.6272783279418945,0.8700980392156863,0.90652557319224,497.6331
2200,9.57,0.0737,0.6402198076248169,0.8700980392156863,0.90652557319224,503.4086
2225,9.67,0.1166,0.6395576596260071,0.8700980392156863,0.90652557319224,509.1691
2250,9.78,0.0857,0.6490768790245056,0.8700980392156863,0.90652557319224,514.8733
2275,9.89,0.1135,0.6515206694602966,0.8700980392156863,0.90652557319224,520.6901
2300,10.0,0.0697,0.6515704989433289,0.8700980392156863,0.90652557319224,526.323
