step,epoch,train_loss,eval_loss,eval_accuracy,eval_f1,train_runtime
25,0.11,0.6555,0.6331110000610352,0.6838235294117647,0.8122270742358079,6.2372
50,0.22,0.6618,0.622578501701355,0.6838235294117647,0.8122270742358079,12.0052
75,0.33,0.636,0.6057319641113281,0.6838235294117647,0.8122270742358079,17.8791
100,0.43,0.6311,0.5419646501541138,0.7083333333333334,0.8226527570789866,23.6998
125,0.54,0.543,0.5596012473106384,0.7254901960784313,0.826625386996904,29.5119
150,0.65,0.5675,0.4665473401546478,0.7818627450980392,0.8580542264752791,35.3176
175,0.76,0.5723,0.5414122939109802,0.7965686274509803,0.8431001890359168,41.2523
200,0.87,0.4701,0.4424582123756408,0.8553921568627451,0.8936936936936937,47.1881
225,0.98,0.5199,0.4401378929615021,0.7990196078431373,0.8392156862745098,52.9902
250,1.09,0.4549,0.548617959022522,0.7941176470588235,0.8631921824104234,58.6662
275,1.2,0.4519,0.3800490796566009,0.8284313725490197,0.8788927335640139,64.4737
300,1.3,0.4359,0.3665378093719482,0.8504901960784313,0.8942807625649914,70.3698
325,1.41,0.416,0.3399907648563385,0.8602941176470589,0.893854748603352,76.1195
350,1.52,0.4667,0.3334670066833496,0.8627450980392157,0.9003558718861211,81.9929
375,1.63,0.4146,0.3620023429393768,0.8431372549019608,0.876923076923077,87.6811
400,1.74,0.3018,0.4207838773727417,0.8553921568627451,0.8963093145869947,93.5003
425,1.85,0.4329,0.3701757490634918,0.8161764705882353,0.8772504091653027,99.3559
450,1.96,0.4074,0.4411645829677582,0.8627450980392157,0.9027777777777778,105.3113
475,2.07,0.2941,0.3753077685832977,0.8553921568627451,0.8921389396709324,110.8781
500,2.17,0.3821,0.3520793616771698,0.8455882352941176,0.8888888888888888,116.7107
525,2.28,0.3142,0.3579180240631103,0.8480392156862745,0.8900709219858156,122.7534
550,2.39,0.306,0.3529581427574157,0.8725490196078431,0.9094076655052264,128.5003
575,2.5,0.3399,0.3146231472492218,0.8627450980392157,0.9044368600682594,134.339
600,2.61,0.3198,0.3158191740512848,0.875,0.9109947643979056,140.1424
625,2.72,0.3004,0.4636431038379669,0.8161764705882353,0.8796147672552166,146.068
650,2.83,0.4142,0.4056105613708496,0.8161764705882353,0.8784440842787682,151.9231
675,2.93,0.3041,0.413393497467041,0.8578431372549019,0.901360544217687,157.8574
700,3.04,0.2991,0.4029493927955627,0.8553921568627451,0.8991452991452993,163.4626
725,3.15,0.2661,0.4076838493347168,0.8651960784313726,0.9056603773584906,169.3848
750,3.26,0.2967,0.3849028646945953,0.8627450980392157,0.9047619047619048,175.2481
775,3.37,0.2654,0.4531476199626922,0.8774509803921569,0.9113475177304964,181.065
800,3.48,0.2888,0.4406654834747314,0.8308823529411765,0.8874388254486133,186.8914
825,3.59,0.2981,0.4055939018726349,0.875,0.9113043478260868,192.8107
850,3.7,0.2777,0.3001430332660675,0.875,0.91005291005291,198.7348
875,3.8,0.2459,0.3793204724788666,0.8799019607843137,0.9123434704830052,204.6702
900,3.91,0.3197,0.3482311367988586,0.8700980392156863,0.9087779690189328,210.5442
925,4.02,0.2503,0.3224785625934601,0.8848039215686274,0.9153153153153154,216.3173
950,4.13,0.1632,0.5159757137298584,0.8627450980392157,0.9066666666666666,222.1562
975,4.24,0.2217,0.696526050567627,0.8382352941176471,0.892156862745098,227.9152
1000,4.35,0.3003,0.3341483175754547,0.8946078431372549,0.92573402417962,233.676
1025,4.46,0.2662,0.3009382784366607,0.875,0.9084380610412928,239.8678
1050,4.57,0.1856,0.4617993235588074,0.8799019607843137,0.9165247018739352,245.7246
1075,4.67,0.1949,0.4546620845794678,0.8872549019607843,0.9198606271777002,251.5218
1100,4.78,0.1518,0.5488005876541138,0.8676470588235294,0.9032258064516128,257.3528
1125,4.89,0.2193,0.4221778512001037,0.8774509803921569,0.912280701754386,263.174
1150,5.0,0.1918,0.3915564715862274,0.8774509803921569,0.9128919860627178,269.0285
1175,5.11,0.1256,0.5328913927078247,0.8897058823529411,0.9200710479573712,274.7941
1200,5.22,0.1601,0.519547164440155,0.8848039215686274,0.9182608695652176,280.7342
1225,5.33,0.1541,0.5278786420822144,0.8774509803921569,0.9097472924187724,286.582
1250,5.43,0.1661,0.4882107079029083,0.8823529411764706,0.9127272727272728,292.4171
1275,5.54,0.1457,0.4518917798995971,0.8848039215686274,0.9162210338680928,298.2161
1300,5.65,0.187,0.5670876502990723,0.8774509803921569,0.9152542372881356,304.1054
1325,5.76,0.1796,0.4315113723278045,0.8897058823529411,0.9211908931698776,310.018
1350,5.87,0.1867,0.4045277833938598,0.8921568627450981,0.9228070175438596,316.0053
1375,5.98,0.124,0.5161572694778442,0.8700980392156863,0.9078260869565218,321.9494
1400,6.09,0.1403,0.622691810131073,0.875,0.9139966273187184,327.7886
1425,6.2,0.2009,0.5233319997787476,0.8823529411764706,0.917808219178082,333.8027
1450,6.3,0.141,0.4276657402515411,0.8897058823529411,0.9171270718232044,339.6164
1475,6.41,0.1479,0.5267540216445923,0.8897058823529411,0.922279792746114,345.4666
1500,6.52,0.1535,0.4647330343723297,0.8872549019607843,0.916058394160584,351.3553
1525,6.63,0.1483,0.4596536755561828,0.8946078431372549,0.9233511586452764,357.549
1550,6.74,0.2085,0.4575308561325073,0.8921568627450981,0.923076923076923,363.3961
1575,6.85,0.0822,0.5486072301864624,0.875,0.9125214408233276,369.2376
1600,6.96,0.1359,0.5876948237419128,0.8872549019607843,0.9192982456140352,375.2188
1625,7.07,0.0717,0.6168748140335083,0.8897058823529411,0.9203539823008848,380.9225
1650,7.17,0.1174,0.613938570022583,0.8848039215686274,0.9153153153153154,386.7881
1675,7.28,0.0551,0.6504839658737183,0.8848039215686274,0.9193825042881646,392.6066
1700,7.39,0.1188,0.6471939086914062,0.8872549019607843,0.9181494661921707,398.5901
1725,7.5,0.0914,0.6186820268630981,0.8946078431372549,0.9244288224956064,404.5106
1750,7.61,0.0826,0.6268319487571716,0.8897058823529411,0.9214659685863874,410.3851
1775,7.72,0.1674,0.6917750239372253,0.875,0.9131175468483816,416.2962
1800,7.83,0.1009,0.5895324349403381,0.8946078431372549,0.9244288224956064,422.0879
1825,7.93,0.0604,0.6223361492156982,0.8823529411764706,0.9148936170212766,428.1407
1850,8.04,0.1087,0.7084193229675293,0.8872549019607843,0.9195804195804196,433.8639
1875,8.15,0.0877,0.7123879790306091,0.8897058823529411,0.9211908931698776,439.7846
1900,8.26,0.0618,0.6947721838951111,0.8872549019607843,0.9187279151943464,445.6382
1925,8.37,0.0965,0.6901812553405762,0.8921568627450981,0.9228070175438596,451.6191
1950,8.48,0.0608,0.6922295689582825,0.9044117647058824,0.9316987740805605,457.5279
1975,8.59,0.0551,0.7381648421287537,0.8970588235294118,0.926829268292683,463.3242
2000,8.7,0.0615,0.7555072903633118,0.8897058823529411,0.9217391304347826,469.0933
2025,8.8,0.071,0.7288236618041992,0.8897058823529411,0.9194991055456172,475.2291
2050,8.91,0.0942,0.7421817183494568,0.8921568627450981,0.9228070175438596,481.0802
2075,9.02,0.0773,0.7051317691802979,0.8897058823529411,0.9206349206349206,486.8826
2100,9.13,0.0251,0.7284375429153442,0.8897058823529411,0.9211908931698776,492.667
2125,9.24,0.0655,0.7071536183357239,0.8946078431372549,0.9233511586452764,498.5395
2150,9.35,0.1002,0.7231134176254272,0.8946078431372549,0.9244288224956064,504.3527
2175,9.46,0.082,0.6997138261795044,0.8921568627450981,0.923076923076923,510.2946
2200,9.57,0.0191,0.7403682470321655,0.8897058823529411,0.9217391304347826,516.1125
2225,9.67,0.0487,0.742255687713623,0.8872549019607843,0.9198606271777002,521.9819
2250,9.78,0.0473,0.750602662563324,0.8897058823529411,0.9217391304347826,527.7881
2275,9.89,0.0524,0.7428714632987976,0.8872549019607843,0.9198606271777002,533.7223
2300,10.0,0.0269,0.7393574714660645,0.8872549019607843,0.9198606271777002,539.4801
