step,epoch,train_loss,eval_loss,eval_accuracy,eval_f1,train_runtime
25,0.11,0.6566,0.6358242630958557,0.6838235294117647,0.8122270742358079,5.9607
50,0.22,0.6605,0.6252898573875427,0.6838235294117647,0.8122270742358079,11.3847
75,0.33,0.6396,0.6209186911582947,0.6838235294117647,0.8122270742358079,16.9983
100,0.43,0.6406,0.6155989766120911,0.6838235294117647,0.8122270742358079,22.4417
125,0.54,0.6001,0.6031864881515503,0.6838235294117647,0.8122270742358079,27.9781
150,0.65,0.5805,0.5250900387763977,0.7328431372549019,0.8283464566929134,33.4226
175,0.76,0.6217,0.567035973072052,0.7377450980392157,0.7855711422845691,39.0692
200,0.87,0.5428,0.4943093657493591,0.7328431372549019,0.8325652841781873,44.6267
225,0.98,0.5333,0.4786212146282196,0.7769607843137255,0.8226120857699806,50.1351
250,1.09,0.4795,0.4281487166881561,0.8063725490196079,0.8685524126455907,55.4835
275,1.2,0.488,0.4206810295581817,0.7867647058823529,0.8599033816425121,60.9789
300,1.3,0.4636,0.4101863503456116,0.8112745098039216,0.8705882352941176,66.5924
325,1.41,0.4456,0.6039966940879822,0.678921568627451,0.6960556844547563,72.0836
350,1.52,0.4905,0.3658262193202972,0.8333333333333334,0.8768115942028986,77.6926
375,1.63,0.4129,0.3466084897518158,0.8455882352941176,0.8856624319419237,83.1126
400,1.74,0.3673,0.3643438220024109,0.8431372549019608,0.8823529411764707,88.6509
425,1.85,0.4538,0.3677702248096466,0.8431372549019608,0.8873239436619718,94.1838
450,1.96,0.4062,0.3487568795681,0.8578431372549019,0.8975265017667844,99.81
475,2.07,0.3604,0.4430127739906311,0.8088235294117647,0.8725490196078431,105.1068
500,2.17,0.3938,0.331520527601242,0.8602941176470589,0.8961748633879781,110.639
525,2.28,0.3698,0.3443595767021179,0.8406862745098039,0.8766603415559773,116.7856
550,2.39,0.3248,0.328329473733902,0.8627450980392157,0.9003558718861211,122.2687
575,2.5,0.3928,0.3462384641170501,0.8406862745098039,0.8903878583473862,127.8522
600,2.61,0.3194,0.3191845417022705,0.8602941176470589,0.8998242530755711,133.3257
625,2.72,0.3354,0.3391141295433044,0.8651960784313726,0.9063032367972744,138.9661
650,2.83,0.4148,0.3392564356327057,0.8504901960784313,0.8960817717206134,144.4977
675,2.93,0.3435,0.3373068273067474,0.8676470588235294,0.90625,150.1611
700,3.04,0.3142,0.3449702560901642,0.8602941176470589,0.900523560209424,155.4363
725,3.15,0.3274,0.4186048805713653,0.8480392156862745,0.8970099667774086,161.0174
750,3.26,0.3463,0.387741208076477,0.8529411764705882,0.8993288590604027,166.553
775,3.37,0.2617,0.3550758361816406,0.8627450980392157,0.9020979020979022,172.0455
800,3.48,0.3211,0.3892867565155029,0.8480392156862745,0.8963210702341137,177.5494
825,3.59,0.3415,0.2971271276473999,0.8799019607843137,0.9144851657940662,183.1614
850,3.7,0.3167,0.3029846549034118,0.8725490196078431,0.906810035842294,188.7704
875,3.8,0.2954,0.3084990978240967,0.8676470588235294,0.9014598540145984,194.3196
900,3.91,0.3202,0.3030189275741577,0.8578431372549019,0.8986013986013986,199.9251
925,4.02,0.3465,0.3023974597454071,0.8578431372549019,0.8986013986013986,205.3315
950,4.13,0.2647,0.3077811896800995,0.8627450980392157,0.9014084507042254,210.9543
975,4.24,0.3317,0.3356641829013824,0.8529411764705882,0.8986486486486487,216.3725
1000,4.35,0.3203,0.3071872591972351,0.8578431372549019,0.8978873239436619,221.9175
1025,4.46,0.2946,0.3144667148590088,0.8676470588235294,0.901098901098901,228.1565
1050,4.57,0.2716,0.3108283281326294,0.8676470588235294,0.9025270758122744,233.7933
1075,4.67,0.2393,0.3236544728279114,0.8799019607843137,0.9123434704830052,239.2854
1100,4.78,0.2301,0.3246659338474273,0.875,0.9077757685352622,244.9253
1125,4.89,0.275,0.2994107902050018,0.8799019607843137,0.910091743119266,250.4566
1150,5.0,0.2726,0.3023981153964996,0.8774509803921569,0.9107142857142856,256.0624
1175,5.11,0.2363,0.3164443671703338,0.8823529411764706,0.9157894736842104,261.526
1200,5.22,0.2615,0.3148439526557922,0.8897058823529411,0.922279792746114,267.1472
1225,5.33,0.2327,0.324152261018753,0.8897058823529411,0.9214659685863874,272.6878
1250,5.43,0.2942,0.31163090467453,0.8848039215686274,0.917975567190227,278.1731
1275,5.54,0.225,0.3115780353546142,0.8823529411764706,0.9133574007220217,283.6805
1300,5.65,0.246,0.3050568997859955,0.8799019607843137,0.9147826086956522,289.1898
1325,5.76,0.2149,0.3120922148227691,0.8897058823529411,0.9206349206349206,294.8557
1350,5.87,0.2735,0.3128865957260132,0.8725490196078431,0.9054545454545456,300.4391
1375,5.98,0.2544,0.3121953904628753,0.8774509803921569,0.9097472924187724,306.1743
1400,6.09,0.1847,0.4073003530502319,0.8553921568627451,0.9015025041736228,311.5978
1425,6.2,0.2007,0.3476686775684356,0.8602941176470589,0.9012131715771232,317.3626
1450,6.3,0.2332,0.3879998922348022,0.8504901960784313,0.8833652007648185,322.7841
1475,6.41,0.2548,0.3104132413864136,0.875,0.9094138543516876,328.3789
1500,6.52,0.2498,0.3196183741092682,0.8774509803921569,0.9113475177304964,333.8643
1525,6.63,0.1893,0.368255078792572,0.8823529411764706,0.9163763066202092,340.171
1550,6.74,0.2444,0.3521256446838379,0.8700980392156863,0.9038112522686026,345.628
1575,6.85,0.2117,0.3296554684638977,0.8799019607843137,0.9120287253141832,351.1879
1600,6.96,0.2409,0.3279284536838531,0.8823529411764706,0.9157894736842104,356.765
1625,7.07,0.1982,0.3438458144664764,0.8799019607843137,0.9135802469135804,362.1775
1650,7.17,0.2142,0.3384317755699157,0.8799019607843137,0.9113924050632912,367.7059
1675,7.28,0.2016,0.3344489932060241,0.8848039215686274,0.9196581196581196,373.2077
1700,7.39,0.2105,0.3263562023639679,0.8995098039215687,0.9284467713787086,378.853
1725,7.5,0.2076,0.3283916413784027,0.8946078431372549,0.9228007181328548,384.4579
1750,7.61,0.2087,0.3096937239170074,0.8725490196078431,0.907473309608541,390.0895
1775,7.72,0.2185,0.3426642417907715,0.8676470588235294,0.9065743944636676,395.6728
1800,7.83,0.1822,0.3386336266994476,0.8823529411764706,0.9163763066202092,401.2188
1825,7.93,0.2198,0.3191214501857757,0.8823529411764706,0.9136690647482014,406.9224
1850,8.04,0.238,0.333787739276886,0.8823529411764706,0.9163763066202092,412.4125
1875,8.15,0.1692,0.3455446362495422,0.8848039215686274,0.9171075837742504,417.9542
1900,8.26,0.1556,0.3544448912143707,0.8774509803921569,0.9125874125874124,423.6055
1925,8.37,0.1972,0.3433793783187866,0.8700980392156863,0.9081455805892548,429.2016
1950,8.48,0.1758,0.3536877632141113,0.8872549019607843,0.9195804195804196,434.8156
1975,8.59,0.1437,0.3735530972480774,0.8676470588235294,0.9072164948453608,440.2776
2000,8.7,0.1672,0.3554708361625671,0.8799019607843137,0.9144851657940662,445.8088
2025,8.8,0.1882,0.3596575260162353,0.8897058823529411,0.9200710479573712,452.0604
2050,8.91,0.2281,0.3567783236503601,0.8823529411764706,0.916083916083916,457.6504
2075,9.02,0.2336,0.3506459295749664,0.8848039215686274,0.9176882661996496,463.0689
2100,9.13,0.1547,0.3535461723804474,0.8946078431372549,0.922242314647378,468.5541
2125,9.24,0.191,0.3556339144706726,0.8799019607843137,0.914185639229422,474.1027
2150,9.35,0.2003,0.3572307527065277,0.8848039215686274,0.917975567190227,479.618
2175,9.46,0.1754,0.3522396385669708,0.8848039215686274,0.9176882661996496,485.2649
2200,9.57,0.1657,0.3556754887104034,0.8823529411764706,0.916083916083916,490.782
2225,9.67,0.1858,0.3503410220146179,0.8897058823529411,0.92091388400703,496.3408
2250,9.78,0.1708,0.351909339427948,0.8872549019607843,0.9192982456140352,501.8667
2275,9.89,0.166,0.3543018996715545,0.8921568627450981,0.9228070175438596,507.4951
2300,10.0,0.167,0.3528405725955963,0.8897058823529411,0.92091388400703,512.9631
