step,epoch,train_loss,eval_loss,eval_accuracy,eval_f1,train_runtime
25,0.11,0.671,0.6403165459632874,0.6838235294117647,0.8122270742358079,6.0187
50,0.22,0.6593,0.6239864826202393,0.6838235294117647,0.8122270742358079,11.5722
75,0.33,0.6403,0.6177899837493896,0.6838235294117647,0.8122270742358079,17.3197
100,0.43,0.6361,0.6008102893829346,0.6838235294117647,0.8122270742358079,23.0057
125,0.54,0.5539,0.6176775097846985,0.696078431372549,0.8143712574850299,28.8079
150,0.65,0.5846,0.4808028042316437,0.7401960784313726,0.8338557993730408,34.5737
175,0.76,0.5921,0.4707009494304657,0.7745098039215687,0.8430034129692833,40.509
200,0.87,0.5271,0.4494639337062835,0.7818627450980392,0.8598425196850394,46.3209
225,0.98,0.528,0.4586081802845001,0.8284313725490197,0.8736462093862816,52.0023
250,1.09,0.4839,0.3986459672451019,0.8333333333333334,0.8870431893687708,57.4925
275,1.2,0.4558,0.3725148439407348,0.8284313725490197,0.8852459016393442,63.1173
300,1.3,0.4315,0.346223384141922,0.8406862745098039,0.888888888888889,68.7984
325,1.41,0.409,0.375,0.8186274509803921,0.8571428571428571,74.3432
350,1.52,0.4407,0.3424396216869354,0.8504901960784313,0.8960817717206134,80.0058
375,1.63,0.4081,0.3300999999046325,0.8431372549019608,0.8853046594982079,85.4771
400,1.74,0.3523,0.3862231075763702,0.8602941176470589,0.8969258589511754,91.1057
425,1.85,0.4124,0.367186963558197,0.8333333333333334,0.8855218855218856,96.7426
450,1.96,0.439,0.3414544463157654,0.8774509803921569,0.9137931034482758,102.5521
475,2.07,0.3172,0.4357535541057586,0.8676470588235294,0.90625,108.0443
500,2.17,0.3781,0.3119823038578033,0.8553921568627451,0.8929219600725953,113.7725
525,2.28,0.3719,0.319824755191803,0.8504901960784313,0.891651865008881,119.9663
550,2.39,0.3123,0.3253142535686493,0.8529411764705882,0.8954703832752613,125.6553
575,2.5,0.3497,0.3079298734664917,0.8578431372549019,0.8999999999999999,131.3419
600,2.61,0.3303,0.3294546008110046,0.8676470588235294,0.9049295774647886,137.0042
625,2.72,0.3911,0.3019604086875915,0.8651960784313726,0.9012567324955116,142.7327
650,2.83,0.3488,0.3099136054515838,0.8700980392156863,0.9061946902654868,148.435
675,2.93,0.3329,0.3268251717090606,0.8651960784313726,0.9029982363315696,154.1274
700,3.04,0.2907,0.4186455905437469,0.8602941176470589,0.9028960817717206,159.5557
725,3.15,0.3428,0.3922867178916931,0.8553921568627451,0.8991452991452993,165.1998
750,3.26,0.3017,0.4208134710788727,0.8651960784313726,0.9072512647554806,170.8847
775,3.37,0.2678,0.382537305355072,0.8627450980392157,0.9037800687285222,176.4185
800,3.48,0.2578,0.4603101015090942,0.8529411764705882,0.8979591836734693,182.0375
825,3.59,0.3288,0.2992231249809265,0.8774509803921569,0.9131944444444444,187.7543
850,3.7,0.3059,0.3266915082931518,0.8651960784313726,0.9043478260869564,193.4931
875,3.8,0.2624,0.3427172601222992,0.8725490196078431,0.907473309608541,199.1932
900,3.91,0.2715,0.3753926157951355,0.875,0.9122203098106711,204.9003
925,4.02,0.2673,0.366138219833374,0.8553921568627451,0.8991452991452993,210.4694
950,4.13,0.2119,0.3698548972606659,0.8799019607843137,0.915951972555746,216.1903
975,4.24,0.2533,0.4474243521690368,0.8651960784313726,0.907563025210084,221.8165
1000,4.35,0.2497,0.3655527830123901,0.8676470588235294,0.907849829351536,227.3996
1025,4.46,0.2753,0.2981417179107666,0.8774509803921569,0.9097472924187724,233.8807
1050,4.57,0.2207,0.3403724730014801,0.8897058823529411,0.9220103986135182,239.6179
1075,4.67,0.2247,0.3528044521808624,0.8823529411764706,0.9145907473309608,245.3433
1100,4.78,0.1788,0.4525573253631592,0.8725490196078431,0.9094076655052264,251.0161
1125,4.89,0.2693,0.3122008442878723,0.8848039215686274,0.917975567190227,256.7934
1150,5.0,0.2122,0.3138964176177978,0.8848039215686274,0.9168141592920356,262.5171
1175,5.11,0.1846,0.3669252693653106,0.8823529411764706,0.9175257731958764,268.2453
1200,5.22,0.209,0.3390673398971557,0.8823529411764706,0.916955017301038,274.0041
1225,5.33,0.1782,0.3216595351696014,0.8921568627450981,0.9219858156028368,279.7704
1250,5.43,0.2326,0.361672580242157,0.8799019607843137,0.9126559714795008,285.4159
1275,5.54,0.188,0.3964710533618927,0.8823529411764706,0.9127272727272728,291.1566
1300,5.65,0.1966,0.4114396274089813,0.8823529411764706,0.9166666666666669,296.8764
1325,5.76,0.1791,0.3561615943908691,0.8946078431372549,0.9230769230769232,302.7265
1350,5.87,0.2345,0.3775230050086975,0.8872549019607843,0.9178571428571428,308.5435
1375,5.98,0.2141,0.3605741560459137,0.8946078431372549,0.924956369982548,314.4174
1400,6.09,0.1221,0.5278100967407227,0.8799019607843137,0.9173693086003372,320.0256
1425,6.2,0.1727,0.4293182492256164,0.8946078431372549,0.9241622574955908,325.9794
1450,6.3,0.1946,0.4223034381866455,0.8700980392156863,0.9031078610603293,331.561
1475,6.41,0.2294,0.3574396073818207,0.8970588235294118,0.925531914893617,337.2724
1500,6.52,0.1946,0.422444999217987,0.8921568627450981,0.9219858156028368,343.0646
1525,6.63,0.1338,0.4337553083896637,0.8970588235294118,0.9252669039145908,349.4977
1550,6.74,0.2154,0.4032401144504547,0.8921568627450981,0.9217081850533808,355.1958
1575,6.85,0.1806,0.4049173593521118,0.8799019607843137,0.9156626506024096,360.9618
1600,6.96,0.1484,0.4670840203762054,0.8799019607843137,0.9144851657940662,366.8231
1625,7.07,0.1589,0.4609760344028473,0.8897058823529411,0.92091388400703,372.3976
1650,7.17,0.1564,0.4456330835819244,0.8995098039215687,0.926391382405745,378.0987
1675,7.28,0.1463,0.5291889905929565,0.8676470588235294,0.9093959731543624,383.7467
1700,7.39,0.1413,0.4717552959918976,0.8823529411764706,0.9180887372013652,389.5574
1725,7.5,0.1481,0.417388767004013,0.8946078431372549,0.9230769230769232,395.3082
1750,7.61,0.1498,0.4296662509441376,0.8872549019607843,0.9195804195804196,401.0919
1775,7.72,0.1544,0.4331564009189605,0.875,0.9116117850953208,406.8119
1800,7.83,0.1258,0.4413550794124603,0.9019607843137256,0.9288256227758006,412.5205
1825,7.93,0.1483,0.4621206521987915,0.8921568627450981,0.92226148409894,418.3754
1850,8.04,0.2142,0.4643518030643463,0.8823529411764706,0.916083916083916,424.0466
1875,8.15,0.1263,0.4588322341442108,0.8872549019607843,0.9190140845070424,429.7306
1900,8.26,0.1105,0.4784990549087524,0.8946078431372549,0.9244288224956064,435.4977
1925,8.37,0.0746,0.4724145829677582,0.8848039215686274,0.9176882661996496,441.2272
1950,8.48,0.1268,0.4948168694972992,0.8897058823529411,0.9217391304347826,447.0405
1975,8.59,0.0952,0.5343102216720581,0.8774509803921569,0.9143835616438356,452.6363
2000,8.7,0.1511,0.5099201202392578,0.8872549019607843,0.9204152249134948,458.3583
2025,8.8,0.1488,0.470406025648117,0.9019607843137256,0.9298245614035088,464.8152
2050,8.91,0.1569,0.4830588102340698,0.8848039215686274,0.918825561312608,470.6067
2075,9.02,0.1556,0.4684628248214721,0.8872549019607843,0.9201388888888888,476.1444
2100,9.13,0.0885,0.4716169834136963,0.8946078431372549,0.9241622574955908,481.8752
2125,9.24,0.1262,0.4786960482597351,0.8946078431372549,0.9241622574955908,487.555
2150,9.35,0.1137,0.496610164642334,0.8970588235294118,0.9265734265734265,493.2972
2175,9.46,0.097,0.4952957928180694,0.8946078431372549,0.9244288224956064,499.0256
2200,9.57,0.0833,0.5244549512863159,0.8872549019607843,0.9204152249134948,504.7492
2225,9.67,0.1027,0.52225261926651,0.8872549019607843,0.9198606271777002,510.426
2250,9.78,0.1237,0.5240985751152039,0.8921568627450981,0.9236111111111112,516.1476
2275,9.89,0.0993,0.5251023769378662,0.8897058823529411,0.9217391304347826,521.9196
2300,10.0,0.1199,0.5243743062019348,0.8897058823529411,0.9217391304347826,527.5788
