step,epoch,train_loss,eval_loss,eval_accuracy,eval_f1,train_runtime
25,0.11,0.7124,0.6568350791931152,0.6838235294117647,0.8122270742358079,6.0606
50,0.22,0.6625,0.6237251162528992,0.6838235294117647,0.8122270742358079,11.7805
75,0.33,0.6367,0.6180948615074158,0.6838235294117647,0.8122270742358079,17.7224
100,0.43,0.6373,0.5994527339935303,0.6887254901960784,0.8145985401459854,23.7065
125,0.54,0.601,0.5679848790168762,0.7107843137254902,0.8217522658610272,29.8395
150,0.65,0.5509,0.4929994344711303,0.7328431372549019,0.7947269303201506,35.8713
175,0.76,0.5889,0.4972032308578491,0.7696078431372549,0.842809364548495,41.9579
200,0.87,0.5161,0.4937293231487274,0.7794117647058824,0.8553054662379422,47.8817
225,0.98,0.5656,0.4140416383743286,0.8235294117647058,0.8651685393258428,53.6435
250,1.09,0.4653,0.4292372763156891,0.8112745098039216,0.8735632183908046,59.1859
275,1.2,0.4787,0.4822120666503906,0.7524509803921569,0.8443759630200308,64.8163
300,1.3,0.4396,0.364743709564209,0.8578431372549019,0.8953068592057761,70.5179
325,1.41,0.4064,0.4505916237831116,0.7720588235294118,0.8058455114822548,76.1332
350,1.52,0.479,0.3629607260227203,0.8455882352941176,0.8864864864864864,81.7978
375,1.63,0.3936,0.3292029500007629,0.8553921568627451,0.8952042628774423,87.3834
400,1.74,0.352,0.3486798107624054,0.8602941176470589,0.8983957219251337,93.0526
425,1.85,0.426,0.3426657915115356,0.8455882352941176,0.8926746166950595,98.8631
450,1.96,0.4127,0.3385957777500152,0.8553921568627451,0.8909426987060998,104.789
475,2.07,0.3198,0.4201834797859192,0.8578431372549019,0.9003436426116839,110.4678
500,2.17,0.3695,0.3296810686588287,0.8676470588235294,0.9035714285714286,116.3006
525,2.28,0.3222,0.3429172039031982,0.8529411764705882,0.8943661971830987,122.4695
550,2.39,0.3014,0.3860864043235779,0.8578431372549019,0.8986013986013986,128.2288
575,2.5,0.3628,0.3355564773082733,0.8627450980392157,0.904109589041096,134.1213
600,2.61,0.3154,0.3598213195800781,0.8725490196078431,0.908450704225352,139.8552
625,2.72,0.3012,0.342854380607605,0.8676470588235294,0.906896551724138,145.7634
650,2.83,0.3469,0.3417917788028717,0.8725490196078431,0.9100346020761244,151.5641
675,2.93,0.3213,0.329617977142334,0.8823529411764706,0.916083916083916,157.3971
700,3.04,0.2789,0.3520297706127167,0.8627450980392157,0.9027777777777778,162.8797
725,3.15,0.3098,0.351250410079956,0.875,0.9128205128205128,168.6714
750,3.26,0.2658,0.4095313251018524,0.8700980392156863,0.9087779690189328,174.4429
775,3.37,0.2473,0.3844793736934662,0.8529411764705882,0.8924731182795699,180.1589
800,3.48,0.2931,0.3209469318389892,0.8602941176470589,0.8998242530755711,185.8799
825,3.59,0.3186,0.3350690901279449,0.8700980392156863,0.905861456483126,191.7135
850,3.7,0.2856,0.3307367861270904,0.8627450980392157,0.901060070671378,197.566
875,3.8,0.2688,0.3197596073150635,0.8823529411764706,0.9148936170212766,203.4298
900,3.91,0.2797,0.3679772913455963,0.8676470588235294,0.9065743944636676,209.2466
925,4.02,0.274,0.3974202871322632,0.8651960784313726,0.9078726968174204,214.9099
950,4.13,0.2241,0.3766923546791076,0.8921568627450981,0.9241379310344828,220.7617
975,4.24,0.2637,0.336156964302063,0.8676470588235294,0.9075342465753424,226.4316
1000,4.35,0.2809,0.3258034586906433,0.875,0.9113043478260868,232.1523
1025,4.46,0.2494,0.3153994679450989,0.8799019607843137,0.9120287253141832,238.3032
1050,4.57,0.2153,0.3532430529594421,0.8848039215686274,0.9182608695652176,244.1086
1075,4.67,0.2499,0.371004968881607,0.8897058823529411,0.9214659685863874,249.8257
1100,4.78,0.187,0.4093472361564636,0.8921568627450981,0.9228070175438596,255.5754
1125,4.89,0.2346,0.3205608427524566,0.8823529411764706,0.9142857142857144,261.2968
1150,5.0,0.2137,0.3569778501987457,0.8799019607843137,0.9113924050632912,267.0616
1175,5.11,0.171,0.379968911409378,0.8897058823529411,0.9220103986135182,272.6877
1200,5.22,0.2003,0.5025498867034912,0.8725490196078431,0.9124579124579124,278.5064
1225,5.33,0.1709,0.3592628538608551,0.8921568627450981,0.920289855072464,284.2426
1250,5.43,0.2604,0.3580564260482788,0.8848039215686274,0.9159212880143112,289.9771
1275,5.54,0.1852,0.3587153553962707,0.8921568627450981,0.9217081850533808,295.6877
1300,5.65,0.1733,0.3961104452610016,0.8872549019607843,0.9198606271777002,301.5217
1325,5.76,0.1573,0.4152825176715851,0.875,0.9094138543516876,307.3738
1350,5.87,0.2722,0.3472322225570678,0.8774509803921569,0.9090909090909092,313.2996
1375,5.98,0.1803,0.3499651253223419,0.8799019607843137,0.9132743362831858,319.2096
1400,6.09,0.0996,0.6496277451515198,0.8676470588235294,0.909090909090909,324.9636
1425,6.2,0.1655,0.4519019722938537,0.8872549019607843,0.9175627240143368,330.9013
1450,6.3,0.1732,0.3977698385715484,0.8995098039215687,0.926391382405745,336.5931
1475,6.41,0.1915,0.4432319104671478,0.8774509803921569,0.9134948096885814,342.3284
1500,6.52,0.166,0.4339691698551178,0.8799019607843137,0.9126559714795008,348.1004
1525,6.63,0.1343,0.5471241474151611,0.875,0.9116117850953208,354.1901
1550,6.74,0.1778,0.4080162942409515,0.875,0.9090909090909092,359.9022
1575,6.85,0.1191,0.439323753118515,0.8823529411764706,0.9157894736842104,365.6477
1600,6.96,0.1682,0.4426230192184448,0.8921568627450981,0.9233449477351916,371.4995
1625,7.07,0.1007,0.4595966041088104,0.8946078431372549,0.9241622574955908,377.089
1650,7.17,0.1348,0.5103271007537842,0.8970588235294118,0.925531914893617,382.8023
1675,7.28,0.1785,0.5205228924751282,0.8774509803921569,0.9143835616438356,388.4898
1700,7.39,0.1569,0.4666813910007477,0.8921568627450981,0.9236111111111112,394.3257
1725,7.5,0.1294,0.45687335729599,0.8799019607843137,0.9113924050632912,400.1561
1750,7.61,0.1444,0.4519442319869995,0.8921568627450981,0.923076923076923,405.9162
1775,7.72,0.1895,0.4935360252857208,0.8799019607843137,0.915371329879102,411.7421
1800,7.83,0.1172,0.4748475551605224,0.8921568627450981,0.9228070175438596,417.4457
1825,7.93,0.1007,0.4882377088069916,0.8872549019607843,0.9195804195804196,423.4577
1850,8.04,0.1782,0.5553534030914307,0.8848039215686274,0.9182608695652176,429.1337
1875,8.15,0.1146,0.515561580657959,0.8897058823529411,0.92091388400703,434.9658
1900,8.26,0.0873,0.5575248003005981,0.8897058823529411,0.92091388400703,440.7662
1925,8.37,0.0946,0.5779915452003479,0.8921568627450981,0.9228070175438596,446.6639
1950,8.48,0.1296,0.582716703414917,0.8921568627450981,0.9225352112676056,452.5316
1975,8.59,0.0933,0.6294111609458923,0.8848039215686274,0.919104991394148,458.3011
2000,8.7,0.167,0.5637450218200684,0.8897058823529411,0.9214659685863874,464.0398
2025,8.8,0.1005,0.5160898566246033,0.8897058823529411,0.9206349206349206,470.1346
2050,8.91,0.1272,0.5458600521087646,0.8897058823529411,0.9214659685863874,475.9731
2075,9.02,0.112,0.5916190147399902,0.8897058823529411,0.9214659685863874,481.6982
2100,9.13,0.1219,0.5811981558799744,0.8872549019607843,0.9192982456140352,487.474
2125,9.24,0.1207,0.5743000507354736,0.8897058823529411,0.92091388400703,493.3257
2150,9.35,0.1258,0.5952643752098083,0.8921568627450981,0.923076923076923,499.1125
2175,9.46,0.108,0.5940209627151489,0.8897058823529411,0.9211908931698776,505.0096
2200,9.57,0.0966,0.6120290756225586,0.8872549019607843,0.9195804195804196,510.7947
2225,9.67,0.1,0.5963143110275269,0.8872549019607843,0.9195804195804196,516.6702
2250,9.78,0.1274,0.5919840335845947,0.8872549019607843,0.9195804195804196,522.4478
2275,9.89,0.1263,0.5854193568229675,0.8872549019607843,0.9195804195804196,528.3733
2300,10.0,0.0945,0.5857206583023071,0.8872549019607843,0.9195804195804196,534.0921
