step,epoch,train_loss,eval_loss,eval_accuracy,eval_f1,train_runtime
25,0.11,0.7129,0.6577838063240051,0.6838235294117647,0.8122270742358079,5.9518
50,0.22,0.6628,0.624376118183136,0.6838235294117647,0.8122270742358079,11.3619
75,0.33,0.6374,0.6202688217163086,0.6838235294117647,0.8122270742358079,16.9888
100,0.43,0.6392,0.6122174263000488,0.6838235294117647,0.8122270742358079,22.5099
125,0.54,0.595,0.5851777195930481,0.6985294117647058,0.8183161004431315,28.1919
150,0.65,0.5508,0.5060479044914246,0.7426470588235294,0.8330683624801272,33.7285
175,0.76,0.5892,0.4851214587688446,0.7794117647058824,0.8320895522388061,39.4488
200,0.87,0.4973,0.4335120022296905,0.803921568627451,0.8675496688741722,45.0148
225,0.98,0.5442,0.4605999886989593,0.8014705882352942,0.854054054054054,50.5463
250,1.09,0.5131,0.3968821465969085,0.8088235294117647,0.8677966101694915,55.8911
275,1.2,0.475,0.3838825225830078,0.8382352941176471,0.8873720136518771,61.3419
300,1.3,0.4701,0.3608159720897674,0.8455882352941176,0.8896672504378283,66.9006
325,1.41,0.4123,0.4601964354515075,0.7622549019607843,0.7991718426501035,72.3307
350,1.52,0.4738,0.3807808458805084,0.8333333333333334,0.8827586206896552,77.884
375,1.63,0.4199,0.3476522564888,0.8455882352941176,0.8848263254113347,83.2506
400,1.74,0.3457,0.3637641370296478,0.8578431372549019,0.8960573476702509,88.7631
425,1.85,0.4342,0.3472357988357544,0.8406862745098039,0.8881239242685025,94.2896
450,1.96,0.4005,0.3503386676311493,0.8627450980392157,0.8989169675090252,99.9606
475,2.07,0.3352,0.5563787817955017,0.8406862745098039,0.8929159802306424,105.2952
500,2.17,0.3795,0.3348070681095123,0.8578431372549019,0.8929889298892988,110.8506
525,2.28,0.357,0.354764312505722,0.8308823529411765,0.8680688336520076,117.75
550,2.39,0.3184,0.3562193512916565,0.8553921568627451,0.8952042628774423,123.2654
575,2.5,0.3743,0.3408178389072418,0.8529411764705882,0.8986486486486487,128.7808
600,2.61,0.3363,0.3482414782047272,0.8651960784313726,0.9016100178890876,134.287
625,2.72,0.327,0.3592333197593689,0.8602941176470589,0.9042016806722688,139.8816
650,2.83,0.4141,0.3633582293987274,0.8455882352941176,0.8951747088186357,145.4126
675,2.93,0.3381,0.3653354346752167,0.8676470588235294,0.906896551724138,151.043
700,3.04,0.2824,0.38307586312294,0.8627450980392157,0.9,156.3141
725,3.15,0.3467,0.4114479422569275,0.8700980392156863,0.9100169779286928,161.8961
750,3.26,0.3176,0.3687229454517364,0.8774509803921569,0.9149659863945576,167.4158
775,3.37,0.2652,0.3274557888507843,0.8774509803921569,0.912280701754386,172.9078
800,3.48,0.2878,0.43215012550354,0.8529411764705882,0.9006622516556292,178.409
825,3.59,0.3449,0.3036138117313385,0.8700980392156863,0.906854130052724,183.9941
850,3.7,0.3029,0.3197438716888428,0.8700980392156863,0.9034608378870674,189.5863
875,3.8,0.2895,0.3582780063152313,0.8627450980392157,0.9003558718861211,195.1401
900,3.91,0.3285,0.3267461657524109,0.8651960784313726,0.9040139616055848,200.7233
925,4.02,0.294,0.3443706035614013,0.8651960784313726,0.9023090586145648,206.139
950,4.13,0.245,0.3572366833686828,0.8651960784313726,0.9026548672566372,211.7682
975,4.24,0.2921,0.3733561038970947,0.8700980392156863,0.9078260869565218,217.1956
1000,4.35,0.309,0.3461705446243286,0.8700980392156863,0.9071803852889668,222.7308
1025,4.46,0.2905,0.3214658200740814,0.8553921568627451,0.8921389396709324,228.9567
1050,4.57,0.2564,0.3485342264175415,0.8700980392156863,0.9071803852889668,234.6036
1075,4.67,0.2179,0.3740640878677368,0.8725490196078431,0.9081272084805654,240.0902
1100,4.78,0.2201,0.3840088844299316,0.8848039215686274,0.9173989455184536,245.6579
1125,4.89,0.2542,0.3339201509952545,0.875,0.9106830122591943,251.1693
1150,5.0,0.2413,0.3490471243858337,0.8799019607843137,0.914185639229422,256.7685
1175,5.11,0.1969,0.368183434009552,0.875,0.9103690685413004,262.2297
1200,5.22,0.2272,0.3874632120132446,0.8799019607843137,0.9162393162393162,267.822
1225,5.33,0.1856,0.4029313623905182,0.8872549019607843,0.9178571428571428,273.3676
1250,5.43,0.2463,0.3777883648872375,0.8774509803921569,0.910394265232975,278.8353
1275,5.54,0.2337,0.3402970135211944,0.8700980392156863,0.9027522935779816,284.3645
1300,5.65,0.2026,0.3431635200977325,0.875,0.907441016333938,289.8536
1325,5.76,0.183,0.386696845293045,0.875,0.9084380610412928,295.5161
1350,5.87,0.2882,0.3431048393249511,0.8700980392156863,0.9038112522686026,301.0826
1375,5.98,0.2508,0.3244064450263977,0.8823529411764706,0.9145907473309608,306.7865
1400,6.09,0.1582,0.5786306858062744,0.8382352941176471,0.8918032786885245,312.1965
1425,6.2,0.2306,0.3871490955352783,0.8700980392156863,0.9075043630017452,317.9395
1450,6.3,0.1974,0.391465961933136,0.875,0.906422018348624,323.3343
1475,6.41,0.2174,0.401043027639389,0.8799019607843137,0.914185639229422,328.8922
1500,6.52,0.2369,0.4023604393005371,0.8799019607843137,0.9120287253141832,334.3666
1525,6.63,0.1443,0.4247069358825683,0.8651960784313726,0.9023090586145648,340.6143
1550,6.74,0.2099,0.4347583651542663,0.8651960784313726,0.9001814882032667,346.1
1575,6.85,0.2112,0.4437042772769928,0.875,0.9109947643979056,351.6097
1600,6.96,0.2022,0.4100981056690216,0.8725490196078431,0.907473309608541,357.2197
1625,7.07,0.1757,0.4242364764213562,0.8700980392156863,0.9038112522686026,362.6024
1650,7.17,0.2072,0.4236854910850525,0.8725490196078431,0.9064748201438848,368.1551
1675,7.28,0.1624,0.4594189524650574,0.875,0.9128205128205128,373.632
1700,7.39,0.1813,0.450167566537857,0.8848039215686274,0.919104991394148,379.2952
1725,7.5,0.1674,0.4426143169403076,0.8725490196078431,0.9044117647058824,384.8782
1750,7.61,0.1884,0.3999231457710266,0.8799019607843137,0.9147826086956522,390.4592
1775,7.72,0.2151,0.4028699398040771,0.8774509803921569,0.9125874125874124,395.9938
1800,7.83,0.1618,0.4177619814872741,0.8823529411764706,0.9157894736842104,401.4972
1825,7.93,0.1963,0.3945963382720947,0.8848039215686274,0.9156193895870736,407.1721
1850,8.04,0.2245,0.4353137612342834,0.8799019607843137,0.9147826086956522,412.5981
1875,8.15,0.1355,0.4169245660305023,0.8897058823529411,0.9200710479573712,418.1475
1900,8.26,0.1352,0.4537902474403381,0.8872549019607843,0.9190140845070424,423.664
1925,8.37,0.1415,0.4597973525524139,0.8799019607843137,0.913884007029877,429.2896
1950,8.48,0.1241,0.4946857392787933,0.8872549019607843,0.9195804195804196,434.8596
1975,8.59,0.1412,0.5054986476898193,0.8774509803921569,0.9131944444444444,440.3874
2000,8.7,0.1671,0.4608573913574219,0.8774509803921569,0.912280701754386,445.8821
2025,8.8,0.1369,0.4553957879543304,0.8823529411764706,0.9145907473309608,452.0747
2050,8.91,0.2161,0.4693839251995086,0.875,0.9113043478260868,457.5946
2075,9.02,0.1718,0.4556499421596527,0.8799019607843137,0.9144851657940662,463.0583
2100,9.13,0.1094,0.4708288908004761,0.8848039215686274,0.91651865008881,468.5243
2125,9.24,0.1463,0.4964759051799774,0.8799019607843137,0.914185639229422,474.0421
2150,9.35,0.1692,0.4949778318405151,0.8799019607843137,0.914185639229422,479.5291
2175,9.46,0.1249,0.4824128150939941,0.8823529411764706,0.915492957746479,485.1053
2200,9.57,0.1365,0.4849834740161896,0.8799019607843137,0.914185639229422,490.6555
2225,9.67,0.1438,0.4778282344341278,0.8799019607843137,0.913884007029877,496.1413
2250,9.78,0.1876,0.4824122488498688,0.8774509803921569,0.9125874125874124,501.7257
2275,9.89,0.1446,0.4811643362045288,0.8774509803921569,0.9125874125874124,507.2859
2300,10.0,0.1225,0.4794825315475464,0.8823529411764706,0.9157894736842104,512.8422
