step,epoch,train_loss,eval_loss,eval_accuracy,eval_f1,train_runtime
25,0.11,0.6673,0.6663656830787659,0.6838235294117647,0.8122270742358079,6.1407
50,0.22,0.6683,0.655519962310791,0.6838235294117647,0.8122270742358079,11.9325
75,0.33,0.6512,0.6434572339057922,0.6838235294117647,0.8122270742358079,18.008
100,0.43,0.653,0.6345872282981873,0.6838235294117647,0.8122270742358079,24.0343
125,0.54,0.61,0.6256259679794312,0.6838235294117647,0.8122270742358079,30.1366
150,0.65,0.6299,0.6241014003753662,0.6838235294117647,0.8122270742358079,36.0346
175,0.76,0.6403,0.6239088177680969,0.6838235294117647,0.8122270742358079,42.0305
200,0.87,0.6415,0.6229091882705688,0.6838235294117647,0.8122270742358079,47.8414
225,0.98,0.6287,0.6208954453468323,0.6838235294117647,0.8122270742358079,53.5559
250,1.09,0.6175,0.619474470615387,0.6838235294117647,0.8122270742358079,59.0121
275,1.2,0.6203,0.6171108484268188,0.6838235294117647,0.8122270742358079,64.6637
300,1.3,0.6215,0.613901674747467,0.6838235294117647,0.8122270742358079,70.3212
325,1.41,0.6251,0.6122111678123474,0.6838235294117647,0.8122270742358079,75.9608
350,1.52,0.6365,0.5950747728347778,0.6838235294117647,0.8122270742358079,81.6186
375,1.63,0.5884,0.5713205337524414,0.6838235294117647,0.8122270742358079,87.2536
400,1.74,0.5618,0.5583999752998352,0.6936274509803921,0.816446402349486,92.9534
425,1.85,0.5675,0.5590354204177856,0.696078431372549,0.8165680473372782,98.8355
450,1.96,0.5459,0.5164033770561218,0.75,0.8333333333333334,104.7713
475,2.07,0.5687,0.5082128643989563,0.7205882352941176,0.8246153846153846,110.4639
500,2.17,0.5408,0.4921309947967529,0.75,0.8386075949367088,116.3201
525,2.28,0.4847,0.483326256275177,0.75,0.8349514563106796,122.3934
550,2.39,0.4905,0.4796766340732574,0.7598039215686274,0.8409090909090909,128.135
575,2.5,0.5027,0.4947640001773834,0.7671568627450981,0.8484848484848485,133.9571
600,2.61,0.4842,0.4503735601902008,0.803921568627451,0.8620689655172413,139.6636
625,2.72,0.4602,0.4605177640914917,0.7720588235294118,0.848780487804878,145.4754
650,2.83,0.525,0.437663584947586,0.8063725490196079,0.8611599297012302,151.1625
675,2.93,0.4698,0.4582936465740204,0.7794117647058824,0.8553054662379422,156.9371
700,3.04,0.4425,0.441577285528183,0.7990196078431373,0.8628762541806019,162.3598
725,3.15,0.4479,0.4482320249080658,0.7843137254901961,0.8547854785478548,168.0581
750,3.26,0.4467,0.4330655038356781,0.821078431372549,0.8752136752136752,173.7913
775,3.37,0.4368,0.4197143614292145,0.8112745098039216,0.8646748681898067,179.4134
800,3.48,0.4212,0.4294053614139557,0.803921568627451,0.8586572438162545,185.1805
825,3.59,0.477,0.4288045465946197,0.8235294117647058,0.8758620689655173,190.9842
850,3.7,0.4629,0.4113056063652038,0.8186274509803921,0.8683274021352313,196.9222
875,3.8,0.4443,0.4252498149871826,0.8259803921568627,0.8790459965928449,202.7172
900,3.91,0.4622,0.4220360517501831,0.8137254901960784,0.8711864406779661,208.5936
925,4.02,0.471,0.3987482190132141,0.821078431372549,0.8707964601769912,214.2483
950,4.13,0.4324,0.4371701180934906,0.8186274509803921,0.8754208754208753,220.1261
975,4.24,0.463,0.3939051628112793,0.8284313725490197,0.8745519713261649,225.7579
1000,4.35,0.4608,0.3919510245323181,0.821078431372549,0.8707964601769912,231.4851
1025,4.46,0.4219,0.4028602242469787,0.8284313725490197,0.8788927335640139,237.5626
1050,4.57,0.4133,0.4310962557792663,0.8137254901960784,0.8716216216216217,243.3731
1075,4.67,0.371,0.3978373110294342,0.8308823529411765,0.8765652951699464,249.0654
1100,4.78,0.3795,0.390958309173584,0.8284313725490197,0.8731884057971014,254.8511
1125,4.89,0.4135,0.3931766152381897,0.8259803921568627,0.8711433756805808,260.5603
1150,5.0,0.4203,0.4021812379360199,0.8284313725490197,0.8763250883392226,266.3545
1175,5.11,0.4155,0.4212140738964081,0.8284313725490197,0.8788927335640139,272.0183
1200,5.22,0.4146,0.3920551240444183,0.8284313725490197,0.8754448398576512,277.8777
1225,5.33,0.4016,0.3860955238342285,0.8406862745098039,0.8820326678765881,283.626
1250,5.43,0.4197,0.3961750864982605,0.8235294117647058,0.8718861209964414,289.3574
1275,5.54,0.38,0.4149320721626282,0.8284313725490197,0.8771929824561404,295.0282
1300,5.65,0.3699,0.4138021767139435,0.8259803921568627,0.8743362831858408,300.8051
1325,5.76,0.387,0.396942526102066,0.8259803921568627,0.8738898756660745,306.6466
1350,5.87,0.4244,0.3956634700298309,0.8284313725490197,0.8758865248226951,312.5052
1375,5.98,0.4116,0.3942411839962005,0.8259803921568627,0.8738898756660745,318.3845
1400,6.09,0.3425,0.415419191122055,0.8235294117647058,0.8754325259515572,324.0446
1425,6.2,0.3883,0.3930410146713257,0.8259803921568627,0.8747795414462081,329.9913
1450,6.3,0.4187,0.3996743857860565,0.8284313725490197,0.8771929824561404,335.6374
1475,6.41,0.421,0.3879838585853576,0.8308823529411765,0.8778761061946903,341.4275
1500,6.52,0.4492,0.3768293261528015,0.8333333333333334,0.8754578754578755,347.1457
1525,6.63,0.3741,0.4109952449798584,0.8235294117647058,0.8754325259515572,353.3293
1550,6.74,0.4141,0.3829997181892395,0.8284313725490197,0.8758865248226951,359.0262
1575,6.85,0.3923,0.37505042552948,0.8357843137254902,0.8784029038112522,364.8073
1600,6.96,0.38,0.419430673122406,0.8259803921568627,0.8782161234991424,370.637
1625,7.07,0.3811,0.3812451362609863,0.8382352941176471,0.8812949640287768,376.3668
1650,7.17,0.3849,0.4017026424407959,0.8259803921568627,0.8756567425569177,382.0836
1675,7.28,0.3748,0.3944551348686218,0.8284313725490197,0.8767605633802817,387.8773
1700,7.39,0.3567,0.390261709690094,0.8284313725490197,0.8767605633802817,393.72
1725,7.5,0.4071,0.3771097660064697,0.8357843137254902,0.8792792792792793,399.5998
1750,7.61,0.4051,0.3786312639713287,0.8357843137254902,0.8797127468581688,405.4029
1775,7.72,0.3862,0.3815526366233825,0.8308823529411765,0.877005347593583,411.2861
1800,7.83,0.3876,0.3845297992229461,0.8308823529411765,0.8774422735346359,416.9982
1825,7.93,0.3425,0.385541170835495,0.8284313725490197,0.8754448398576512,422.9866
1850,8.04,0.4105,0.4026416838169098,0.8308823529411765,0.8795811518324608,428.6325
1875,8.15,0.3781,0.3869699835777282,0.8259803921568627,0.873440285204991,434.472
1900,8.26,0.3389,0.3911988437175751,0.8284313725490197,0.8754448398576512,440.2527
1925,8.37,0.3719,0.3810525834560394,0.8333333333333334,0.8776978417266188,446.1338
1950,8.48,0.3736,0.3872928619384765,0.8284313725490197,0.8749999999999999,451.9779
1975,8.59,0.3619,0.3986331820487976,0.8259803921568627,0.8756567425569177,457.7027
2000,8.7,0.363,0.4014508128166199,0.8259803921568627,0.8756567425569177,463.4384
2025,8.8,0.4127,0.3911697268486023,0.8284313725490197,0.8763250883392226,469.4905
2050,8.91,0.3942,0.3884546756744385,0.8308823529411765,0.8778761061946903,475.3031
2075,9.02,0.4012,0.387663334608078,0.8284313725490197,0.8763250883392226,480.9475
2100,9.13,0.3657,0.3836999833583832,0.8308823529411765,0.8765652951699464,486.6604
2125,9.24,0.3638,0.3776573240756988,0.8284313725490197,0.8741007194244604,492.4043
2150,9.35,0.3952,0.3840334415435791,0.8284313725490197,0.8754448398576512,498.1726
2175,9.46,0.35,0.3895348906517029,0.8284313725490197,0.8767605633802817,503.962
2200,9.57,0.4078,0.3902742862701416,0.8284313725490197,0.8767605633802817,509.7171
2225,9.67,0.3761,0.3875494301319122,0.8284313725490197,0.8767605633802817,515.4564
2250,9.78,0.3656,0.3866720795631408,0.8284313725490197,0.8763250883392226,521.2463
2275,9.89,0.3687,0.3862862586975097,0.8284313725490197,0.8763250883392226,527.0713
2300,10.0,0.3705,0.3859325349330902,0.8259803921568627,0.8743362831858408,532.8295
