step,epoch,train_loss,eval_loss,eval_accuracy,eval_f1,train_runtime
25,0.11,0.6619,0.6365526914596558,0.6838235294117647,0.8122270742358079,6.0906
50,0.22,0.6588,0.6237897872924805,0.6838235294117647,0.8122270742358079,11.6949
75,0.33,0.6397,0.6183083653450012,0.6838235294117647,0.8122270742358079,17.4356
100,0.43,0.6404,0.6042629480361938,0.6838235294117647,0.8122270742358079,23.0063
125,0.54,0.5767,0.5364333391189575,0.7107843137254902,0.8217522658610272,28.7178
150,0.65,0.5687,0.4650497436523437,0.7671568627450981,0.8434925864909391,34.3085
175,0.76,0.5652,0.4882931411266327,0.7892156862745098,0.8608414239482199,40.1796
200,0.87,0.4872,0.6014915108680725,0.8014705882352942,0.8704000000000001,45.8656
225,0.98,0.5402,0.450539231300354,0.7892156862745098,0.8293650793650792,51.5753
250,1.09,0.4943,0.3943806886672973,0.8357843137254902,0.8870151770657673,57.0547
275,1.2,0.4867,0.4489906132221222,0.7696078431372549,0.8535825545171339,62.8159
300,1.3,0.4228,0.38045334815979,0.8504901960784313,0.8927943760984183,68.5256
325,1.41,0.4064,0.3636658489704132,0.8284313725490197,0.8653846153846153,74.2407
350,1.52,0.4376,0.4013483822345733,0.8284313725490197,0.8821548821548822,79.9162
375,1.63,0.3967,0.3316192626953125,0.8406862745098039,0.8841354723707666,85.549
400,1.74,0.3294,0.413754940032959,0.8700980392156863,0.904847396768402,91.2166
425,1.85,0.4325,0.3669847249984741,0.8382352941176471,0.8885135135135136,96.9595
450,1.96,0.4186,0.3511193692684173,0.8602941176470589,0.8983957219251337,102.7709
475,2.07,0.2956,0.474264919757843,0.8578431372549019,0.9003436426116839,108.2758
500,2.17,0.3915,0.3340726792812347,0.8529411764705882,0.8876404494382023,113.9908
525,2.28,0.3551,0.3210862576961517,0.8553921568627451,0.8913443830570903,120.2334
550,2.39,0.2975,0.3312380611896515,0.8799019607843137,0.913884007029877,125.8541
575,2.5,0.3483,0.4218582212924957,0.8259803921568627,0.8841761827079935,131.5762
600,2.61,0.3341,0.3535838425159454,0.8504901960784313,0.8950086058519794,137.2113
625,2.72,0.3434,0.3599777221679687,0.8504901960784313,0.897822445561139,142.961
650,2.83,0.3953,0.3549559712409973,0.8431372549019608,0.8933333333333334,148.6513
675,2.93,0.284,0.3479610085487366,0.8676470588235294,0.9007352941176472,154.3791
700,3.04,0.3057,0.3967959880828857,0.8553921568627451,0.899488926746167,159.8322
725,3.15,0.3298,0.4490801990032196,0.8676470588235294,0.907849829351536,165.5043
750,3.26,0.3175,0.4050209522247314,0.8602941176470589,0.9045226130653268,171.2496
775,3.37,0.2899,0.3968443870544433,0.8627450980392157,0.9047619047619048,176.7904
800,3.48,0.292,0.3777435421943664,0.8504901960784313,0.897133220910624,182.4985
825,3.59,0.3278,0.3127568662166595,0.875,0.9116117850953208,188.1855
850,3.7,0.3053,0.343975305557251,0.8676470588235294,0.9049295774647886,193.9978
875,3.8,0.2765,0.3840410709381103,0.8700980392156863,0.9071803852889668,199.6538
900,3.91,0.2609,0.4412852227687835,0.8431372549019608,0.8929765886287626,205.4117
925,4.02,0.3087,0.4329973757266998,0.8308823529411765,0.8855721393034827,210.983
950,4.13,0.2204,0.4387349188327789,0.8578431372549019,0.9016949152542372,216.7427
975,4.24,0.2664,0.4924893379211426,0.8382352941176471,0.8925081433224756,222.2792
1000,4.35,0.3071,0.3696395754814148,0.8578431372549019,0.9006849315068494,227.9459
1025,4.46,0.2664,0.3203713595867157,0.8823529411764706,0.9142857142857144,234.5575
1050,4.57,0.2006,0.3947162926197052,0.8799019607843137,0.915371329879102,240.2864
1075,4.67,0.2049,0.4200907051563263,0.8627450980392157,0.9027777777777778,245.9202
1100,4.78,0.1877,0.5019993782043457,0.8799019607843137,0.915371329879102,251.656
1125,4.89,0.2699,0.3368992507457733,0.8774509803921569,0.9128919860627178,257.3162
1150,5.0,0.2193,0.3551268875598907,0.875,0.9094138543516876,263.0733
1175,5.11,0.153,0.4404476284980774,0.8676470588235294,0.90625,268.6667
1200,5.22,0.1853,0.4265026450157165,0.8799019607843137,0.913884007029877,274.4594
1225,5.33,0.1968,0.4058776497840881,0.8602941176470589,0.8991150442477877,280.1424
1250,5.43,0.2267,0.4105509519577026,0.8627450980392157,0.903114186851211,285.7961
1275,5.54,0.1737,0.482910007238388,0.8725490196078431,0.907473309608541,291.4232
1300,5.65,0.1932,0.4323897957801819,0.8676470588235294,0.9052631578947368,297.126
1325,5.76,0.1803,0.402948260307312,0.8725490196078431,0.907473309608541,302.8727
1350,5.87,0.2069,0.4586061239242553,0.8651960784313726,0.9001814882032667,308.624
1375,5.98,0.1999,0.3839581906795501,0.8651960784313726,0.9040139616055848,314.3961
1400,6.09,0.1208,0.6118932962417603,0.8455882352941176,0.8951747088186357,319.9942
1425,6.2,0.171,0.5034111738204956,0.875,0.9097345132743364,325.8492
1450,6.3,0.165,0.5137308835983276,0.875,0.906422018348624,331.4194
1475,6.41,0.1983,0.528729259967804,0.8602941176470589,0.9042016806722688,337.165
1500,6.52,0.2101,0.4275349974632263,0.8799019607843137,0.9117117117117116,342.8166
1525,6.63,0.1382,0.5149006247520447,0.8823529411764706,0.916083916083916,349.2611
1550,6.74,0.1858,0.4657200574874878,0.8823529411764706,0.9145907473309608,354.879
1575,6.85,0.1484,0.4508211016654968,0.8848039215686274,0.917975567190227,360.5577
1600,6.96,0.1617,0.5754193067550659,0.8725490196078431,0.9100346020761244,366.2971
1625,7.07,0.156,0.514832079410553,0.8725490196078431,0.9090909090909092,371.8619
1650,7.17,0.1377,0.53670334815979,0.8799019607843137,0.913884007029877,377.5036
1675,7.28,0.1322,0.6493650078773499,0.8529411764705882,0.8986486486486487,383.1885
1700,7.39,0.1618,0.5394248962402344,0.8799019607843137,0.9144851657940662,388.924
1725,7.5,0.1647,0.5467387437820435,0.8725490196078431,0.9078014184397164,394.736
1750,7.61,0.137,0.507110595703125,0.8700980392156863,0.9071803852889668,400.4286
1775,7.72,0.1494,0.5601906776428223,0.8480392156862745,0.8945578231292517,406.2055
1800,7.83,0.1256,0.6364473700523376,0.8529411764705882,0.8972602739726027,411.8185
1825,7.93,0.1722,0.5881145596504211,0.8725490196078431,0.908450704225352,417.7263
1850,8.04,0.1761,0.6260534524917603,0.8504901960784313,0.8967851099830796,423.2736
1875,8.15,0.1293,0.5690805315971375,0.8578431372549019,0.8996539792387542,429.0003
1900,8.26,0.1016,0.6169980764389038,0.8602941176470589,0.9018932874354562,434.702
1925,8.37,0.109,0.5802791118621826,0.8651960784313726,0.9040139616055848,440.4932
1950,8.48,0.0978,0.6426650285720825,0.8578431372549019,0.9006849315068494,446.3059
1975,8.59,0.0798,0.6878288984298706,0.8455882352941176,0.8934010152284263,451.9613
2000,8.7,0.1733,0.641660213470459,0.8578431372549019,0.9003436426116839,457.6268
2025,8.8,0.1122,0.6323201656341553,0.8651960784313726,0.9033391915641475,463.9686
2050,8.91,0.1599,0.6344961524009705,0.8602941176470589,0.9012131715771232,469.7031
2075,9.02,0.1645,0.6179072260856628,0.8627450980392157,0.903114186851211,475.3243
2100,9.13,0.1044,0.6377506852149963,0.8676470588235294,0.904255319148936,480.9511
2125,9.24,0.1434,0.6371225118637085,0.8700980392156863,0.90652557319224,486.6479
2150,9.35,0.1358,0.6302863955497742,0.8602941176470589,0.9015544041450776,492.3144
2175,9.46,0.1174,0.6157848834991455,0.8627450980392157,0.9027777777777778,498.0442
2200,9.57,0.0901,0.6246768236160278,0.8627450980392157,0.903114186851211,503.7143
2225,9.67,0.1009,0.6225244402885437,0.8651960784313726,0.9046793760831888,509.3779
2250,9.78,0.0956,0.6266821622848511,0.8651960784313726,0.9046793760831888,515.0634
2275,9.89,0.1078,0.6294347643852234,0.8651960784313726,0.9046793760831888,520.8427
2300,10.0,0.0962,0.6285687685012817,0.8651960784313726,0.9046793760831888,526.4802
