step,epoch,train_loss,eval_loss,eval_accuracy,eval_f1,train_runtime
25,0.11,0.7131,0.6582819819450378,0.6838235294117647,0.8122270742358079,5.9784
50,0.22,0.6627,0.6245282888412476,0.6838235294117647,0.8122270742358079,11.4559
75,0.33,0.6383,0.6218764781951904,0.6838235294117647,0.8122270742358079,17.0435
100,0.43,0.6404,0.6157369613647461,0.6838235294117647,0.8122270742358079,22.5997
125,0.54,0.6015,0.6076717972755432,0.6838235294117647,0.8122270742358079,28.216
150,0.65,0.6159,0.5552399158477783,0.7034313725490197,0.815267175572519,33.7785
175,0.76,0.6037,0.5315619707107544,0.7254901960784313,0.825,39.5436
200,0.87,0.5786,0.5148069262504578,0.7573529411764706,0.841091492776886,45.1263
225,0.98,0.5755,0.4918335676193237,0.7598039215686274,0.839344262295082,50.7106
250,1.09,0.5189,0.5149595737457275,0.7524509803921569,0.842433697347894,56.0115
275,1.2,0.4868,0.4289239943027496,0.7990196078431373,0.8664495114006515,61.5793
300,1.3,0.4759,0.4488829672336578,0.8014705882352942,0.8669950738916257,67.0645
325,1.41,0.4503,0.6649686098098755,0.6225490196078431,0.6206896551724138,72.5681
350,1.52,0.512,0.3702240884304046,0.8382352941176471,0.8862068965517241,78.0474
375,1.63,0.4082,0.3399044871330261,0.8480392156862745,0.8916083916083916,83.4887
400,1.74,0.3498,0.3549834489822387,0.8480392156862745,0.8916083916083916,88.939
425,1.85,0.4275,0.3427993953227997,0.8504901960784313,0.8939130434782607,94.4959
450,1.96,0.4082,0.3198699951171875,0.8602941176470589,0.8983957219251337,100.1132
475,2.07,0.3818,0.4064969718456268,0.8186274509803921,0.8778877887788779,105.4395
500,2.17,0.3811,0.3136779367923736,0.8651960784313726,0.9001814882032667,111.034
525,2.28,0.3634,0.3189590275287628,0.8553921568627451,0.8929219600725953,117.4389
550,2.39,0.32,0.3439132869243622,0.8553921568627451,0.897391304347826,123.0336
575,2.5,0.3861,0.3337630331516266,0.8480392156862745,0.8952702702702703,128.5754
600,2.61,0.3224,0.3116983473300934,0.8627450980392157,0.899641577060932,134.1419
625,2.72,0.3665,0.2929725646972656,0.8651960784313726,0.9036777583187392,139.732
650,2.83,0.3776,0.3178942501544952,0.8553921568627451,0.899488926746167,145.3504
675,2.93,0.3384,0.3007550239562988,0.8774509803921569,0.911032028469751,150.9205
700,3.04,0.3072,0.3368415832519531,0.8553921568627451,0.8970331588132635,156.3101
725,3.15,0.3258,0.3977035880088806,0.8455882352941176,0.8962108731466227,161.827
750,3.26,0.3366,0.3639382123947143,0.8651960784313726,0.9069373942470388,167.4114
775,3.37,0.272,0.335840106010437,0.8700980392156863,0.9081455805892548,172.816
800,3.48,0.3005,0.3712554574012756,0.8627450980392157,0.9057239057239056,178.3343
825,3.59,0.3333,0.2836568057537079,0.8799019607843137,0.914185639229422,183.8994
850,3.7,0.3347,0.3044229745864868,0.8676470588235294,0.907849829351536,189.5031
875,3.8,0.2823,0.3047039806842804,0.8676470588235294,0.9049295774647886,195.042
900,3.91,0.2913,0.3374071419239044,0.8627450980392157,0.9050847457627118,200.6109
925,4.02,0.303,0.3116891980171203,0.8700980392156863,0.9075043630017452,206.0405
950,4.13,0.2488,0.3144393265247345,0.8848039215686274,0.9196581196581196,211.5856
975,4.24,0.3041,0.393812358379364,0.8529411764705882,0.9013157894736842,217.0815
1000,4.35,0.3249,0.3102001249790191,0.8676470588235294,0.907849829351536,222.5478
1025,4.46,0.2729,0.2904659807682037,0.8774509803921569,0.9100719424460432,228.8682
1050,4.57,0.2678,0.2807971835136413,0.8823529411764706,0.9142857142857144,234.412
1075,4.67,0.2549,0.2845425605773926,0.8823529411764706,0.9148936170212766,239.988
1100,4.78,0.223,0.2947089672088623,0.8823529411764706,0.9148936170212766,245.5606
1125,4.89,0.261,0.2811002135276794,0.8848039215686274,0.9153153153153154,251.1417
1150,5.0,0.24,0.2931437790393829,0.875,0.9094138543516876,256.677
1175,5.11,0.2194,0.3042916059494018,0.8872549019607843,0.9195804195804196,262.1599
1200,5.22,0.2626,0.2956933677196502,0.8897058823529411,0.9211908931698776,267.7125
1225,5.33,0.2163,0.3028194904327392,0.8921568627450981,0.9225352112676056,273.2639
1250,5.43,0.2729,0.3084571063518524,0.8774509803921569,0.9113475177304964,278.7763
1275,5.54,0.2053,0.3106909692287445,0.8774509803921569,0.910394265232975,284.2587
1300,5.65,0.2265,0.3299936056137085,0.8823529411764706,0.916083916083916,289.8514
1325,5.76,0.2037,0.3142721056938171,0.8799019607843137,0.9144851657940662,295.4555
1350,5.87,0.2852,0.2901492118835449,0.8799019607843137,0.9126559714795008,301.1311
1375,5.98,0.2582,0.2740781009197235,0.8848039215686274,0.9156193895870736,306.7646
1400,6.09,0.1615,0.4734953343868255,0.8553921568627451,0.9028006589785832,312.2501
1425,6.2,0.2311,0.3358663618564605,0.875,0.9109947643979056,317.9337
1450,6.3,0.2229,0.3229031264781952,0.875,0.9057301293900184,323.386
1475,6.41,0.2251,0.3289171159267425,0.8897058823529411,0.922279792746114,328.9089
1500,6.52,0.2539,0.3028541207313537,0.8848039215686274,0.9159212880143112,334.4279
1525,6.63,0.1753,0.3274061977863312,0.8823529411764706,0.9148936170212766,340.6776
1550,6.74,0.2563,0.3100292086601257,0.8774509803921569,0.9097472924187724,346.1953
1575,6.85,0.1973,0.3231874704360962,0.8823529411764706,0.9148936170212766,351.7107
1600,6.96,0.1933,0.3360587358474731,0.8823529411764706,0.915492957746479,357.2999
1625,7.07,0.1721,0.3330318331718445,0.875,0.9097345132743364,362.7473
1650,7.17,0.187,0.3420234024524688,0.8823529411764706,0.9148936170212766,368.2379
1675,7.28,0.1817,0.3489638268947601,0.8848039215686274,0.919104991394148,373.7839
1700,7.39,0.2138,0.3519232869148254,0.8848039215686274,0.919104991394148,379.3815
1725,7.5,0.1829,0.3316836357116699,0.8872549019607843,0.9163636363636364,385.0426
1750,7.61,0.2024,0.3233488798141479,0.8823529411764706,0.9157894736842104,390.59
1775,7.72,0.2211,0.3709470629692077,0.8799019607843137,0.9162393162393162,396.2372
1800,7.83,0.2,0.330888420343399,0.875,0.9109947643979056,401.7157
1825,7.93,0.2147,0.3011559545993805,0.8799019607843137,0.9126559714795008,407.4827
1850,8.04,0.2383,0.3145879209041595,0.875,0.9106830122591943,412.8932
1875,8.15,0.1563,0.3147009313106537,0.8774509803921569,0.911032028469751,418.4799
1900,8.26,0.1381,0.3579515218734741,0.8848039215686274,0.917975567190227,424.0583
1925,8.37,0.1687,0.3404681980609894,0.8799019607843137,0.9132743362831858,429.6952
1950,8.48,0.1594,0.3643895387649536,0.8799019607843137,0.9147826086956522,435.3036
1975,8.59,0.1511,0.381377249956131,0.8725490196078431,0.9103448275862068,440.7738
2000,8.7,0.1839,0.3750302791595459,0.8799019607843137,0.915371329879102,446.3096
2025,8.8,0.1784,0.3498650789260864,0.875,0.9103690685413004,452.4826
2050,8.91,0.2198,0.3427399694919586,0.8725490196078431,0.9087719298245616,458.0934
2075,9.02,0.2094,0.3393202424049377,0.8700980392156863,0.9071803852889668,463.4692
2100,9.13,0.1234,0.3432478010654449,0.8774509803921569,0.9119718309859154,468.9953
2125,9.24,0.1613,0.3511877655982971,0.8774509803921569,0.9119718309859154,474.494
2150,9.35,0.1906,0.361592024564743,0.875,0.9116117850953208,480.0835
2175,9.46,0.1573,0.3517095446586609,0.8823529411764706,0.915492957746479,485.6646
2200,9.57,0.1241,0.3698606193065643,0.875,0.911917098445596,491.2431
2225,9.67,0.1838,0.359283298254013,0.8774509803921569,0.912280701754386,496.7607
2250,9.78,0.1627,0.3570569455623626,0.875,0.9103690685413004,502.331
2275,9.89,0.1537,0.3547459542751312,0.8799019607843137,0.9135802469135804,507.9126
2300,10.0,0.1285,0.3543971180915832,0.8823529411764706,0.9151943462897526,513.3841
