step,epoch,train_loss,eval_loss,eval_accuracy,eval_f1,train_runtime
25,0.11,0.6602,0.6328403353691101,0.6838235294117647,0.8122270742358079,6.3212
50,0.22,0.6581,0.6180460453033447,0.6838235294117647,0.8122270742358079,12.053
75,0.33,0.6334,0.6109696626663208,0.6838235294117647,0.8122270742358079,17.9813
100,0.43,0.6195,0.5239251852035522,0.7107843137254902,0.822289156626506,23.7258
125,0.54,0.5185,0.5105413794517517,0.75,0.8370607028753992,29.612
150,0.65,0.5538,0.4195626676082611,0.8235294117647058,0.8671586715867159,35.368
175,0.76,0.5979,0.3929164409637451,0.8259803921568627,0.8769497400346621,41.422
200,0.87,0.4918,0.5162500143051147,0.8063725490196079,0.8727858293075683,47.2654
225,0.98,0.5097,0.4685507118701935,0.8357843137254902,0.8838821490467937,53.1516
250,1.09,0.478,0.4204631149768829,0.7990196078431373,0.8646864686468646,58.7663
275,1.2,0.4545,0.4052474498748779,0.8112745098039216,0.8735632183908046,64.6059
300,1.3,0.4395,0.3528865277767181,0.8578431372549019,0.8941605839416058,70.4376
325,1.41,0.397,0.3510785698890686,0.8455882352941176,0.8884955752212389,76.2614
350,1.52,0.4384,0.4321943521499634,0.821078431372549,0.8781302170283807,82.1223
375,1.63,0.404,0.3552564680576324,0.8553921568627451,0.8925318761384335,87.85
400,1.74,0.329,0.3624044954776764,0.8651960784313726,0.9043478260869564,93.6947
425,1.85,0.417,0.3838074505329132,0.8137254901960784,0.8778135048231511,99.5737
450,1.96,0.4182,0.3460279405117035,0.8700980392156863,0.9051878354203936,105.5782
475,2.07,0.307,0.4465323686599731,0.8529411764705882,0.8961937716262977,111.2116
500,2.17,0.3864,0.3539794385433197,0.8455882352941176,0.8795411089866156,117.1425
525,2.28,0.3608,0.3538134694099426,0.8602941176470589,0.9015544041450776,123.1715
550,2.39,0.3266,0.355284035205841,0.8578431372549019,0.901023890784983,129.0595
575,2.5,0.3479,0.3250030875205993,0.8651960784313726,0.9056603773584906,134.8746
600,2.61,0.3202,0.4963873326778412,0.8529411764705882,0.9000000000000001,140.7732
625,2.72,0.3127,0.4537291526794433,0.8553921568627451,0.902155887230514,146.6696
650,2.83,0.3613,0.3332442939281463,0.875,0.9125214408233276,152.6099
675,2.93,0.3169,0.3766148090362549,0.8700980392156863,0.9081455805892548,158.494
700,3.04,0.2761,0.4293478429317474,0.875,0.9122203098106711,164.2079
725,3.15,0.2705,0.3671877980232239,0.8627450980392157,0.902439024390244,170.0388
750,3.26,0.2271,0.4064533114433288,0.8553921568627451,0.8987993138936535,175.9702
775,3.37,0.3064,0.3842484056949615,0.8627450980392157,0.900709219858156,181.6956
800,3.48,0.2596,0.4547701776027679,0.8553921568627451,0.9015025041736228,187.5538
825,3.59,0.2949,0.3988012373447418,0.8529411764705882,0.8943661971830987,193.4071
850,3.7,0.2583,0.3810903429985046,0.8504901960784313,0.891651865008881,199.3458
875,3.8,0.2482,0.4488414227962494,0.8480392156862745,0.8934707903780068,205.196
900,3.91,0.2675,0.5126689672470093,0.8455882352941176,0.8951747088186357,211.0881
925,4.02,0.3,0.3770073652267456,0.8627450980392157,0.9017543859649124,216.7975
950,4.13,0.1602,0.4389362037181854,0.8774509803921569,0.9155405405405406,222.6818
975,4.24,0.1797,0.7634624242782593,0.8382352941176471,0.8918032786885245,228.4544
1000,4.35,0.2788,0.5019283294677734,0.8455882352941176,0.8941176470588236,234.2472
1025,4.46,0.1916,0.3795933723449707,0.8725490196078431,0.9057971014492752,240.5774
1050,4.57,0.2162,0.4414471685886383,0.8774509803921569,0.9128919860627178,246.4508
1075,4.67,0.2278,0.4071675837039947,0.8725490196078431,0.9087719298245616,252.3365
1100,4.78,0.1756,0.4791504740715027,0.8774509803921569,0.9113475177304964,258.1658
1125,4.89,0.1746,0.4048510491847992,0.8700980392156863,0.9084628670120898,264.1034
1150,5.0,0.2141,0.392098605632782,0.8627450980392157,0.9027777777777778,269.9542
1175,5.11,0.1678,0.442371666431427,0.8578431372549019,0.8978873239436619,275.8181
1200,5.22,0.1556,0.4702869057655334,0.8700980392156863,0.905861456483126,281.7276
1225,5.33,0.1459,0.4737420082092285,0.8578431372549019,0.8941605839416058,287.7124
1250,5.43,0.1824,0.5266690254211426,0.8553921568627451,0.8987993138936535,293.4891
1275,5.54,0.1697,0.5808669924736023,0.8553921568627451,0.897391304347826,299.4034
1300,5.65,0.1647,0.5282077789306641,0.8627450980392157,0.9020979020979022,305.2477
1325,5.76,0.11,0.4887376725673675,0.8725490196078431,0.9087719298245616,311.2443
1350,5.87,0.1882,0.4923257231712341,0.8725490196078431,0.907473309608541,317.1583
1375,5.98,0.094,0.5285924077033997,0.8725490196078431,0.9090909090909092,323.2066
1400,6.09,0.1253,0.7745510339736938,0.8553921568627451,0.9024793388429752,328.9592
1425,6.2,0.172,0.5543360710144043,0.8823529411764706,0.9148936170212766,335.0569
1450,6.3,0.0894,0.6076571345329285,0.8700980392156863,0.9041591320072332,340.7842
1475,6.41,0.1627,0.6668407320976257,0.8921568627450981,0.9238754325259516,346.6822
1500,6.52,0.1684,0.608910083770752,0.8700980392156863,0.9078260869565218,352.4628
1525,6.63,0.1008,0.6661785840988159,0.8651960784313726,0.9026548672566372,358.6905
1550,6.74,0.1605,0.5403825640678406,0.8774509803921569,0.9107142857142856,364.4976
1575,6.85,0.1073,0.5661743879318237,0.8799019607843137,0.9132743362831858,370.3619
1600,6.96,0.1372,0.7958300709724426,0.8602941176470589,0.9001751313485115,376.2706
1625,7.07,0.1219,0.7036576867103577,0.8602941176470589,0.8957952468007313,381.9886
1650,7.17,0.1246,0.6967638731002808,0.8725490196078431,0.9087719298245616,387.8514
1675,7.28,0.0782,0.7161667943000793,0.8651960784313726,0.9066213921901528,393.6592
1700,7.39,0.0912,0.604300320148468,0.8823529411764706,0.915492957746479,399.6728
1725,7.5,0.1062,0.6526898145675659,0.8823529411764706,0.9157894736842104,405.5857
1750,7.61,0.1299,0.7079117894172668,0.8651960784313726,0.9016100178890876,411.5311
1775,7.72,0.1192,0.78050696849823,0.8700980392156863,0.9103214890016922,417.4251
1800,7.83,0.0849,0.6746740341186523,0.8578431372549019,0.8982456140350877,423.3226
1825,7.93,0.05,0.7887221574783325,0.8553921568627451,0.8955752212389381,429.3498
1850,8.04,0.1486,0.9762117266654968,0.8651960784313726,0.9081803005008348,435.1765
1875,8.15,0.0756,0.7574891448020935,0.8725490196078431,0.9054545454545456,441.0283
1900,8.26,0.0594,0.7545852065086365,0.8725490196078431,0.907473309608541,446.9774
1925,8.37,0.0274,0.7755387425422668,0.875,0.9097345132743364,452.8916
1950,8.48,0.077,0.7874147891998291,0.875,0.9106830122591943,458.8802
1975,8.59,0.069,0.7502402663230896,0.8700980392156863,0.9071803852889668,464.6354
2000,8.7,0.0905,0.7501340508460999,0.8725490196078431,0.9094076655052264,470.5329
2025,8.8,0.0494,0.8008047938346863,0.8651960784313726,0.9019607843137256,476.7234
2050,8.91,0.0944,0.8196810483932495,0.8602941176470589,0.8987566607460036,482.6663
2075,9.02,0.0796,0.7942527532577515,0.8602941176470589,0.9008695652173914,488.3406
2100,9.13,0.0311,0.7872751355171204,0.8651960784313726,0.9023090586145648,494.1846
2125,9.24,0.0654,0.8050491213798523,0.8627450980392157,0.9003558718861211,499.9877
2150,9.35,0.0634,0.8355692028999329,0.8627450980392157,0.9027777777777778,505.8178
2175,9.46,0.0852,0.7870116829872131,0.8651960784313726,0.9029982363315696,511.7046
2200,9.57,0.0677,0.8312724828720093,0.8774509803921569,0.9140893470790378,517.5531
2225,9.67,0.0305,0.8148310780525208,0.875,0.9113043478260868,523.4484
2250,9.78,0.0443,0.8140202164649963,0.875,0.9106830122591943,529.2963
2275,9.89,0.0406,0.8152350783348083,0.8700980392156863,0.906854130052724,535.2138
2300,10.0,0.0296,0.8156294822692871,0.8700980392156863,0.906854130052724,541.0138
