step,epoch,train_loss,eval_loss,eval_accuracy,eval_f1,train_runtime
25,0.10869565217391304,0.6566,0.6358229517936707,0.6838235294117647,0.8122270742358079,6.5004
50,0.21739130434782608,0.6605,0.6252954006195068,0.6838235294117647,0.8122270742358079,12.6883
75,0.32608695652173914,0.6396,0.620941162109375,0.6838235294117647,0.8122270742358079,18.9494
100,0.43478260869565216,0.6407,0.6158211827278137,0.6838235294117647,0.8122270742358079,25.146
125,0.5434782608695652,0.5997,0.6035995483398438,0.6838235294117647,0.8122270742358079,31.3635
150,0.6521739130434783,0.5814,0.5383621454238892,0.7254901960784313,0.8233438485804416,37.5745
175,0.7608695652173914,0.5935,0.5320715308189392,0.7916666666666666,0.8428835489833642,43.9325
200,0.8695652173913043,0.5296,0.4643815755844116,0.7696078431372549,0.8498402555910544,50.2493
225,0.9782608695652174,0.509,0.4831883907318115,0.7818627450980392,0.8258317025440314,56.4731
250,1.0869565217391304,0.4839,0.45087265968322754,0.7818627450980392,0.8562197092084006,62.5293
275,1.1956521739130435,0.5253,0.4344478249549866,0.7622549019607843,0.847244094488189,68.7639
300,1.3043478260869565,0.4716,0.37119606137275696,0.821078431372549,0.8698752228163994,75.0519
325,1.4130434782608696,0.4471,0.7031309604644775,0.625,0.6222222222222222,81.2109
350,1.5217391304347827,0.5194,0.3672046363353729,0.821078431372549,0.8694096601073344,87.4699
375,1.6304347826086958,0.4254,0.36504170298576355,0.821078431372549,0.8660550458715596,93.5697
400,1.7391304347826086,0.3856,0.3756850063800812,0.8382352941176471,0.8812949640287768,99.778
425,1.8478260869565217,0.4526,0.38503703474998474,0.8259803921568627,0.8790459965928449,106.0255
450,1.9565217391304348,0.439,0.3358745574951172,0.8504901960784313,0.8892921960072594,112.3258
475,2.0652173913043477,0.404,0.503401517868042,0.8063725490196079,0.8715447154471545,118.3146
500,2.1739130434782608,0.4202,0.3606453835964203,0.8382352941176471,0.88339222614841,124.5345
525,2.282608695652174,0.3964,0.36413201689720154,0.8259803921568627,0.8672897196261682,131.0478
550,2.391304347826087,0.3446,0.34216299653053284,0.8480392156862745,0.8872727272727273,137.2198
575,2.5,0.4051,0.3528652489185333,0.8455882352941176,0.8919382504288165,143.4835
600,2.608695652173913,0.3492,0.340221643447876,0.8602941176470589,0.8980322003577819,149.6499
625,2.717391304347826,0.3766,0.31959205865859985,0.8651960784313726,0.9026548672566371,155.9394
650,2.8260869565217392,0.4158,0.325944185256958,0.8504901960784313,0.8927943760984183,162.16
675,2.9347826086956523,0.3442,0.3457906246185303,0.8578431372549019,0.8945454545454546,168.4366
700,3.0434782608695654,0.3317,0.37614211440086365,0.8357843137254902,0.8873949579831933,174.3794
725,3.1521739130434785,0.3536,0.3755437731742859,0.8406862745098039,0.8903878583473862,180.6116
750,3.260869565217391,0.3437,0.391382098197937,0.8357843137254902,0.8892561983471075,186.8308
775,3.369565217391304,0.3054,0.34230542182922363,0.8455882352941176,0.8923076923076922,192.9697
800,3.4782608695652173,0.3069,0.3821866512298584,0.8504901960784313,0.8981636060100167,199.146
825,3.5869565217391304,0.3738,0.3136914074420929,0.8553921568627451,0.8987993138936535,205.4138
850,3.6956521739130435,0.3304,0.3168275058269501,0.8627450980392157,0.9003558718861211,211.705
875,3.8043478260869565,0.3304,0.3116191625595093,0.8627450980392157,0.899641577060932,217.9458
900,3.9130434782608696,0.3388,0.3219863176345825,0.8529411764705882,0.894736842105263,224.1895
925,4.021739130434782,0.3733,0.35164138674736023,0.8553921568627451,0.9008403361344538,230.2872
950,4.130434782608695,0.2776,0.3642198145389557,0.8431372549019608,0.893687707641196,236.5293
975,4.239130434782608,0.3516,0.3501840829849243,0.8480392156862745,0.895973154362416,242.6842
1000,4.3478260869565215,0.3434,0.3185482919216156,0.8504901960784313,0.8953687821612349,248.8183
1025,4.456521739130435,0.3345,0.3237144649028778,0.8529411764705882,0.8880597014925373,255.4913
1050,4.565217391304348,0.2742,0.3202126920223236,0.8651960784313726,0.9001814882032667,261.7002
1075,4.673913043478261,0.2632,0.33641359210014343,0.8602941176470589,0.9001751313485115,267.937
1100,4.782608695652174,0.2372,0.34747084975242615,0.8700980392156863,0.9048473967684021,274.1345
1125,4.891304347826087,0.2924,0.3229564130306244,0.8627450980392157,0.9,280.3836
1150,5.0,0.2652,0.3371482491493225,0.8578431372549019,0.8986013986013986,286.5428
1175,5.108695652173913,0.2417,0.35902321338653564,0.8578431372549019,0.8996539792387542,292.7438
1200,5.217391304347826,0.2832,0.32424265146255493,0.8651960784313726,0.9040139616055847,298.9819
1225,5.326086956521739,0.245,0.32935476303100586,0.8700980392156863,0.9041591320072333,305.2573
1250,5.434782608695652,0.3048,0.3646053969860077,0.8455882352941176,0.891566265060241,311.4247
1275,5.543478260869565,0.2499,0.3321472704410553,0.8651960784313726,0.9016100178890876,317.623
1300,5.6521739130434785,0.2623,0.31749314069747925,0.8578431372549019,0.8978873239436619,323.8325
1325,5.760869565217392,0.2362,0.3388125002384186,0.8602941176470589,0.8980322003577819,330.168
1350,5.869565217391305,0.2901,0.334079772233963,0.8627450980392157,0.8966789667896681,336.5046
1375,5.978260869565218,0.2983,0.3138258755207062,0.8676470588235294,0.9003690036900369,342.8685
1400,6.086956521739131,0.2015,0.4114493429660797,0.8455882352941176,0.8941176470588236,349.0153
1425,6.195652173913044,0.2574,0.330043762922287,0.8553921568627451,0.8963093145869947,355.4472
1450,6.304347826086957,0.2341,0.37044376134872437,0.8627450980392157,0.8955223880597015,361.593
1475,6.413043478260869,0.2965,0.30980804562568665,0.8602941176470589,0.9001751313485115,367.8552
1500,6.521739130434782,0.2672,0.313716858625412,0.8700980392156863,0.905861456483126,374.0919
1525,6.630434782608695,0.2079,0.345147967338562,0.8700980392156863,0.9071803852889667,380.7859
1550,6.739130434782608,0.2653,0.3247140645980835,0.8823529411764706,0.9117647058823529,387.045
1575,6.8478260869565215,0.2416,0.31487977504730225,0.8799019607843137,0.9123434704830053,393.332
1600,6.956521739130435,0.2552,0.32930251955986023,0.8676470588235294,0.9045936395759717,399.6859
1625,7.065217391304348,0.1869,0.3421381413936615,0.8725490196078431,0.9087719298245615,405.8166
1650,7.173913043478261,0.2304,0.32164230942726135,0.8799019607843137,0.9120287253141832,412.0946
1675,7.282608695652174,0.2138,0.3239567279815674,0.8627450980392157,0.903448275862069,418.326
1700,7.391304347826087,0.235,0.3099278211593628,0.8676470588235294,0.9059233449477352,424.7028
1725,7.5,0.2312,0.3193013668060303,0.8848039215686274,0.9153153153153154,431.0354
1750,7.608695652173913,0.2388,0.3045330047607422,0.8823529411764706,0.9145907473309609,437.3542
1775,7.717391304347826,0.2334,0.3215044140815735,0.8627450980392157,0.9027777777777778,443.6496
1800,7.826086956521739,0.2042,0.32791680097579956,0.8774509803921569,0.9116607773851589,449.927
1825,7.934782608695652,0.2228,0.31794238090515137,0.8897058823529411,0.9183303085299456,456.3461
1850,8.043478260869565,0.286,0.3283013105392456,0.8700980392156863,0.9075043630017452,462.5634
1875,8.152173913043478,0.2103,0.325486421585083,0.8897058823529411,0.9197860962566845,468.8265
1900,8.26086956521739,0.1805,0.34161385893821716,0.8774509803921569,0.9119718309859154,475.1519
1925,8.369565217391305,0.1923,0.32833099365234375,0.8897058823529411,0.9200710479573712,481.4457
1950,8.478260869565217,0.2087,0.3341735899448395,0.8848039215686274,0.9168141592920355,487.8198
1975,8.58695652173913,0.1987,0.3400895297527313,0.8676470588235294,0.9059233449477352,494.0177
2000,8.695652173913043,0.2225,0.3388524055480957,0.8651960784313726,0.9043478260869565,500.2907
2025,8.804347826086957,0.2061,0.340048611164093,0.875,0.9084380610412927,506.9114
2050,8.91304347826087,0.2343,0.34585458040237427,0.8774509803921569,0.9116607773851589,513.2288
2075,9.021739130434783,0.2494,0.3384530544281006,0.8799019607843137,0.9129662522202486,519.3203
2100,9.130434782608695,0.1718,0.3465218245983124,0.8872549019607843,0.9166666666666666,525.571
2125,9.23913043478261,0.1908,0.33581113815307617,0.8848039215686274,0.9159212880143113,531.8035
2150,9.347826086956522,0.2268,0.33469802141189575,0.8774509803921569,0.912280701754386,538.039
2175,9.456521739130435,0.1908,0.33297961950302124,0.8921568627450981,0.9217081850533807,544.3366
2200,9.565217391304348,0.1951,0.3454969823360443,0.8676470588235294,0.9059233449477352,550.5705
2225,9.673913043478262,0.2181,0.33783677220344543,0.8823529411764706,0.915492957746479,556.8023
2250,9.782608695652174,0.2103,0.33574649691581726,0.8848039215686274,0.9171075837742505,563.0218
2275,9.891304347826086,0.1752,0.3358631432056427,0.8897058823529411,0.9203539823008849,569.3594
2300,10.0,0.19,0.33542680740356445,0.8872549019607843,0.9184397163120569,575.4898
