step,epoch,train_loss,eval_loss,eval_accuracy,eval_f1,train_runtime
25,0.11,0.6556,0.6329375505447388,0.6838235294117647,0.8122270742358079,6.273
50,0.22,0.6615,0.6186361312866211,0.6838235294117647,0.8122270742358079,12.0628
75,0.33,0.626,0.5551823973655701,0.7009803921568627,0.8195266272189349,18.013
100,0.43,0.5838,0.5909785032272339,0.7279411764705882,0.8310502283105022,23.8051
125,0.54,0.5024,0.5518292188644409,0.7671568627450981,0.8503937007874015,29.7378
150,0.65,0.5308,0.7096129655838013,0.7450980392156863,0.8404907975460123,35.4984
175,0.76,0.6166,0.5731709599494934,0.7794117647058824,0.8170731707317074,41.5692
200,0.87,0.471,0.4306547045707702,0.7990196078431373,0.8677419354838709,47.4661
225,0.98,0.5258,0.5902974009513855,0.6985294117647058,0.7210884353741497,53.3969
250,1.09,0.4954,0.4118394255638122,0.8553921568627451,0.8984509466437176,59.0428
275,1.2,0.4483,0.3320581912994385,0.8725490196078431,0.908450704225352,64.9528
300,1.3,0.4195,0.357657641172409,0.8455882352941176,0.8908145580589255,70.8332
325,1.41,0.4207,0.3747612535953522,0.8480392156862745,0.8821292775665399,76.7403
350,1.52,0.4541,0.4123818874359131,0.8308823529411765,0.8848080133555927,82.6523
375,1.63,0.4215,0.3234531879425049,0.8651960784313726,0.897196261682243,88.4556
400,1.74,0.3473,0.3755194842815399,0.8627450980392157,0.9,94.295
425,1.85,0.4085,0.3374368250370025,0.8553921568627451,0.8984509466437176,100.2313
450,1.96,0.4483,0.3750028312206268,0.8529411764705882,0.8905109489051095,106.1868
475,2.07,0.3051,0.5506313443183899,0.8774509803921569,0.9149659863945576,111.8275
500,2.17,0.3836,0.3305538296699524,0.8504901960784313,0.893169877408056,117.7018
525,2.28,0.3402,0.2985610663890838,0.8725490196078431,0.906810035842294,123.8761
550,2.39,0.2886,0.3192304670810699,0.8848039215686274,0.9137614678899082,129.684
575,2.5,0.4018,0.3262302279472351,0.8602941176470589,0.9035532994923856,135.5757
600,2.61,0.3497,0.329079806804657,0.8970588235294118,0.925531914893617,141.4271
625,2.72,0.3018,0.40595543384552,0.8431372549019608,0.8950819672131148,147.3603
650,2.83,0.3636,0.3281229138374328,0.8872549019607843,0.9204152249134948,153.2717
675,2.93,0.3377,0.2980380058288574,0.8946078431372549,0.924956369982548,159.2079
700,3.04,0.2711,0.4270160794258117,0.8553921568627451,0.9005059021922428,164.822
725,3.15,0.2785,0.4011203646659851,0.8823529411764706,0.9183673469387754,170.708
750,3.26,0.2564,0.3839825987815857,0.8725490196078431,0.91156462585034,176.5951
775,3.37,0.2202,0.3744521737098694,0.8700980392156863,0.9081455805892548,182.3585
800,3.48,0.2053,0.49807009100914,0.8455882352941176,0.8948247078464107,188.2256
825,3.59,0.2888,0.2729882895946502,0.8946078431372549,0.924693520140105,194.1186
850,3.7,0.2616,0.2938462793827057,0.875,0.9109947643979056,200.1078
875,3.8,0.253,0.4425311386585235,0.8872549019607843,0.920689655172414,205.9859
900,3.91,0.3216,0.3306120634078979,0.8921568627450981,0.9238754325259516,211.9158
925,4.02,0.2802,0.2696245908737182,0.9068627450980392,0.933098591549296,217.6266
950,4.13,0.176,0.4168674945831299,0.8872549019607843,0.9212328767123288,223.5554
975,4.24,0.2255,0.4249792397022247,0.8480392156862745,0.8970099667774086,229.2982
1000,4.35,0.2084,0.3248386681079864,0.8823529411764706,0.915492957746479,235.1266
1025,4.46,0.2009,0.3191550672054291,0.8921568627450981,0.9191176470588236,241.3495
1050,4.57,0.1902,0.4296415746212005,0.8725490196078431,0.9106529209621992,247.2728
1075,4.67,0.2582,0.3835318088531494,0.8799019607843137,0.9129662522202486,253.1055
1100,4.78,0.1716,0.3567467927932739,0.8995098039215687,0.9279437609841829,258.9932
1125,4.89,0.1664,0.38138347864151,0.8946078431372549,0.9236234458259324,264.8496
1150,5.0,0.1842,0.4175525605678558,0.8774509803921569,0.9100719424460432,270.7795
1175,5.11,0.132,0.3838163018226623,0.8897058823529411,0.9200710479573712,276.593
1200,5.22,0.1246,0.4856837093830108,0.8946078431372549,0.9228007181328548,282.5989
1225,5.33,0.1611,0.4599031209945678,0.9019607843137256,0.927007299270073,288.5237
1250,5.43,0.1687,0.3892419040203094,0.8848039215686274,0.917975567190227,294.4088
1275,5.54,0.1426,0.3950888812541961,0.8995098039215687,0.9271758436944938,300.2431
1300,5.65,0.1635,0.4179342687129974,0.9044117647058824,0.9299820466786356,306.1975
1325,5.76,0.1653,0.4007746875286102,0.8970588235294118,0.9252669039145908,312.1566
1350,5.87,0.1672,0.4292331039905548,0.8848039215686274,0.9173989455184536,318.132
1375,5.98,0.1586,0.3884497880935669,0.8946078431372549,0.9238938053097344,324.1196
1400,6.09,0.087,0.6085584759712219,0.875,0.9131175468483816,329.9334
1425,6.2,0.1458,0.5071244239807129,0.9068627450980392,0.9326241134751772,335.9768
1450,6.3,0.121,0.4505760371685028,0.9044117647058824,0.9289617486338798,341.7771
1475,6.41,0.1535,0.4711728692054748,0.9044117647058824,0.9314586994727592,347.6551
1500,6.52,0.1364,0.4062979519367218,0.8921568627450981,0.9205776173285196,353.572
1525,6.63,0.0817,0.4091818928718567,0.9044117647058824,0.9312169312169312,359.8325
1550,6.74,0.1268,0.4856640696525574,0.8921568627450981,0.9225352112676056,365.7648
1575,6.85,0.1046,0.4526570737361908,0.8946078431372549,0.9238938053097344,371.6973
1600,6.96,0.1148,0.4426735639572143,0.9019607843137256,0.9290780141843972,377.7318
1625,7.07,0.0842,0.4827065467834472,0.8946078431372549,0.9228007181328548,383.496
1650,7.17,0.097,0.5555731654167175,0.8970588235294118,0.925531914893617,389.4314
1675,7.28,0.0979,0.5280163288116455,0.8799019607843137,0.915371329879102,395.2968
1700,7.39,0.1009,0.5359835028648376,0.9019607843137256,0.9295774647887324,401.3013
1725,7.5,0.1331,0.5814781785011292,0.8872549019607843,0.9204152249134948,407.2372
1750,7.61,0.1115,0.4578753411769867,0.9019607843137256,0.9280575539568344,413.169
1775,7.72,0.1155,0.5997576713562012,0.8774509803921569,0.9146757679180888,419.0652
1800,7.83,0.1087,0.537719190120697,0.8823529411764706,0.9172413793103448,424.9547
1825,7.93,0.0935,0.501067578792572,0.8921568627450981,0.920863309352518,431.0307
1850,8.04,0.0849,0.6028974652290344,0.8823529411764706,0.9172413793103448,436.8897
1875,8.15,0.0794,0.5319695472717285,0.9019607843137256,0.9290780141843972,442.7778
1900,8.26,0.101,0.5562741756439209,0.8897058823529411,0.92091388400703,448.7394
1925,8.37,0.0384,0.5671525597572327,0.8946078431372549,0.9230769230769232,454.6913
1950,8.48,0.0864,0.5980124473571777,0.8921568627450981,0.9228070175438596,460.764
1975,8.59,0.0162,0.6631550788879395,0.8848039215686274,0.9185441941074524,466.5577
2000,8.7,0.0524,0.6050896048545837,0.9019607843137256,0.9290780141843972,472.4949
2025,8.8,0.0695,0.600977897644043,0.9044117647058824,0.9304812834224598,478.7789
2050,8.91,0.1119,0.6133022904396057,0.8872549019607843,0.9198606271777002,484.7811
2075,9.02,0.0727,0.5635846853256226,0.8995098039215687,0.9281961471103328,490.5307
2100,9.13,0.0433,0.5463560819625854,0.8970588235294118,0.9252669039145908,496.4387
2125,9.24,0.0444,0.5469215512275696,0.9019607843137256,0.9290780141843972,502.2977
2150,9.35,0.0431,0.5858879685401917,0.8946078431372549,0.924956369982548,508.2132
2175,9.46,0.0593,0.5616090297698975,0.8970588235294118,0.9265734265734265,514.133
2200,9.57,0.0462,0.5739532709121704,0.8946078431372549,0.924956369982548,520.0878
2225,9.67,0.0572,0.5628459453582764,0.8970588235294118,0.9265734265734265,525.9421
2250,9.78,0.0303,0.5717565417289734,0.8970588235294118,0.9265734265734265,531.9125
2275,9.89,0.0547,0.5750985741615295,0.8946078431372549,0.924956369982548,537.8656
2300,10.0,0.0358,0.5756332278251648,0.8946078431372549,0.924956369982548,543.7196
