step,epoch,train_loss,eval_loss,eval_accuracy,eval_f1,train_runtime
25,0.10869565217391304,0.6544,0.6280840635299683,0.6838235294117647,0.8122270742358079,5.8083
50,0.21739130434782608,0.6609,0.6114174127578735,0.6838235294117647,0.8122270742358079,11.3032
75,0.32608695652173914,0.6325,0.6164962649345398,0.6838235294117647,0.8122270742358079,16.8251
100,0.43478260869565216,0.6523,0.5812307596206665,0.6985294117647058,0.8177777777777778,22.331
125,0.5434782608695652,0.5591,0.5146507024765015,0.7401960784313726,0.8284789644012944,27.8099
150,0.6521739130434783,0.6247,0.5115951299667358,0.6838235294117647,0.8122270742358079,33.3315
175,0.7608695652173914,0.6197,0.5331465601921082,0.8259803921568627,0.8765217391304347,38.9506
200,0.8695652173913043,0.5285,0.4656974971294403,0.821078431372549,0.8752136752136752,44.5384
225,0.9782608695652174,0.5174,0.44415000081062317,0.7965686274509803,0.8369351669941061,50.0252
250,1.0869565217391304,0.4827,0.43813472986221313,0.8455882352941176,0.8896672504378283,55.3556
275,1.1956521739130435,0.5045,0.4260506331920624,0.8014705882352942,0.8687196110210698,60.8645
300,1.3043478260869565,0.4887,0.36052247881889343,0.8406862745098039,0.8824593128390597,66.3895
325,1.4130434782608696,0.4568,0.3993493616580963,0.8406862745098039,0.875717017208413,71.9257
350,1.5217391304347827,0.4416,0.3652697503566742,0.8382352941176471,0.8749999999999999,77.442
375,1.6304347826086958,0.4989,0.3863082528114319,0.8308823529411765,0.8812392426850257,82.9217
400,1.7391304347826086,0.4088,0.45791998505592346,0.8112745098039216,0.8731466227347612,88.4162
425,1.8478260869565217,0.55,0.43749120831489563,0.8137254901960784,0.8774193548387096,94.0244
450,1.9565217391304348,0.4857,0.49190768599510193,0.8063725490196079,0.8723747980613893,99.6311
475,2.0652173913043477,0.4845,0.42082610726356506,0.8112745098039216,0.8727272727272727,104.9624
500,2.1739130434782608,0.4319,0.3686196208000183,0.8308823529411765,0.8738574040219379,110.4991
525,2.282608695652174,0.3671,0.43177133798599243,0.8235294117647058,0.8758620689655173,116.1667
550,2.391304347826087,0.4126,0.47919410467147827,0.8578431372549019,0.8982456140350877,121.6684
575,2.5,0.4128,0.4461428225040436,0.8014705882352942,0.8704000000000001,127.2005
600,2.608695652173913,0.4095,0.4921218156814575,0.8431372549019608,0.8929765886287626,132.7556
625,2.717391304347826,0.3772,0.4120105803012848,0.8529411764705882,0.8976109215017065,138.3483
650,2.8260869565217392,0.4129,0.32691237330436707,0.8651960784313726,0.9023090586145649,143.9796
675,2.9347826086956523,0.3523,0.35355570912361145,0.8504901960784313,0.8950086058519794,149.5302
700,3.0434782608695654,0.3165,0.4057047963142395,0.8431372549019608,0.8881118881118882,154.9175
725,3.1521739130434785,0.2794,0.5255100727081299,0.8504901960784313,0.8942807625649914,160.4169
750,3.260869565217391,0.4302,0.390629380941391,0.8357843137254902,0.8858603066439524,166.0082
775,3.369565217391304,0.3397,0.4558284878730774,0.8357843137254902,0.8805704099821747,171.4068
800,3.4782608695652173,0.381,0.4413187503814697,0.821078431372549,0.8773109243697478,176.9221
825,3.5869565217391304,0.3864,0.35381537675857544,0.8382352941176471,0.8773234200743494,182.4752
850,3.6956521739130435,0.3304,0.3953924775123596,0.821078431372549,0.859344894026975,188.099
875,3.8043478260869565,0.3233,0.37235644459724426,0.8431372549019608,0.8827838827838829,193.6832
900,3.9130434782608696,0.3454,0.3698086440563202,0.8553921568627451,0.8970331588132635,199.2432
925,4.021739130434782,0.3315,0.33547815680503845,0.8700980392156863,0.9094017094017094,204.6909
950,4.130434782608695,0.2506,0.6220546960830688,0.8602941176470589,0.9032258064516129,210.236
975,4.239130434782608,0.3315,0.4903387129306793,0.8578431372549019,0.9039735099337749,215.7292
1000,4.3478260869565215,0.2943,0.3275918662548065,0.8676470588235294,0.9055944055944055,221.1761
1025,4.456521739130435,0.2881,0.3413592278957367,0.8529411764705882,0.8905109489051095,226.9864
1050,4.565217391304348,0.272,0.4027380347251892,0.8651960784313726,0.9040139616055847,232.5163
1075,4.673913043478261,0.2436,0.48984265327453613,0.8357843137254902,0.8756957328385899,238.0496
1100,4.782608695652174,0.2359,0.3723985254764557,0.8651960784313726,0.9033391915641477,243.552
1125,4.891304347826087,0.2493,0.3752475082874298,0.8578431372549019,0.8964285714285715,249.0741
1150,5.0,0.2789,0.4075465500354767,0.8529411764705882,0.8969072164948454,254.6148
1175,5.108695652173913,0.2033,0.6057919263839722,0.8529411764705882,0.9000000000000001,260.0516
1200,5.217391304347826,0.2164,0.4347938001155853,0.8553921568627451,0.8963093145869947,265.6828
1225,5.326086956521739,0.1956,0.42379191517829895,0.8578431372549019,0.8933823529411764,271.2102
1250,5.434782608695652,0.2482,0.4540605843067169,0.8627450980392157,0.9037800687285222,276.7289
1275,5.543478260869565,0.2562,0.39225712418556213,0.8676470588235294,0.9049295774647886,282.1985
1300,5.6521739130434785,0.1939,0.40022149682044983,0.8725490196078431,0.9057971014492753,287.7703
1325,5.760869565217392,0.2343,0.46108725666999817,0.8602941176470589,0.9008695652173914,293.3499
1350,5.869565217391305,0.2381,0.39328256249427795,0.8774509803921569,0.9116607773851589,298.9874
1375,5.978260869565218,0.23,0.39331963658332825,0.8725490196078431,0.9094076655052264,304.6094
1400,6.086956521739131,0.1471,0.5123464465141296,0.8823529411764706,0.9178082191780821,310.0518
1425,6.195652173913044,0.1786,0.6927452087402344,0.8529411764705882,0.8996655518394648,315.7547
1450,6.304347826086957,0.2309,0.476441353559494,0.875,0.911917098445596,321.1501
1475,6.413043478260869,0.2304,0.4493176341056824,0.8848039215686274,0.9188255613126081,326.7216
1500,6.521739130434782,0.1548,0.561583399772644,0.8774509803921569,0.9100719424460433,332.194
1525,6.630434782608695,0.1884,0.5041825771331787,0.8799019607843137,0.9126559714795008,338.031
1550,6.739130434782608,0.2806,0.43906787037849426,0.8455882352941176,0.88268156424581,343.4841
1575,6.8478260869565215,0.1525,0.48198437690734863,0.8725490196078431,0.9100346020761245,349.1051
1600,6.956521739130435,0.231,0.573327362537384,0.875,0.9122203098106711,354.6728
1625,7.065217391304348,0.1259,0.6186550259590149,0.8725490196078431,0.9081272084805654,360.1006
1650,7.173913043478261,0.1496,0.666441023349762,0.8676470588235294,0.9072164948453608,365.5801
1675,7.282608695652174,0.1456,0.5927954912185669,0.8799019607843137,0.9126559714795008,371.0789
1700,7.391304347826087,0.1859,0.6399593949317932,0.8700980392156863,0.9090909090909091,376.6686
1725,7.5,0.1856,0.5219638347625732,0.8774509803921569,0.9113475177304964,382.2884
1750,7.608695652173913,0.195,0.48999032378196716,0.8823529411764706,0.915492957746479,387.8677
1775,7.717391304347826,0.1255,0.6802598834037781,0.8651960784313726,0.9063032367972743,393.403
1800,7.826086956521739,0.1809,0.5660962462425232,0.8700980392156863,0.9087779690189328,398.9491
1825,7.934782608695652,0.18,0.48032498359680176,0.8774509803921569,0.9125874125874125,404.6384
1850,8.043478260869565,0.1916,0.5549538731575012,0.8700980392156863,0.9081455805892548,410.1149
1875,8.152173913043478,0.1217,0.6187012791633606,0.8774509803921569,0.9125874125874125,415.6401
1900,8.26086956521739,0.1019,0.6973703503608704,0.8725490196078431,0.9100346020761245,421.2469
1925,8.369565217391305,0.0828,0.7041124701499939,0.8725490196078431,0.9087719298245615,426.8199
1950,8.478260869565217,0.1637,0.6866840124130249,0.8848039215686274,0.917975567190227,432.4589
1975,8.58695652173913,0.1187,0.7067393660545349,0.8823529411764706,0.9169550173010381,437.8852
2000,8.695652173913043,0.1125,0.671826958656311,0.8823529411764706,0.915492957746479,443.3976
2025,8.804347826086957,0.1743,0.6810423731803894,0.8848039215686274,0.9182608695652175,449.1422
2050,8.91304347826087,0.1441,0.6809361577033997,0.8799019607843137,0.9147826086956522,454.6985
2075,9.021739130434783,0.1117,0.6283597946166992,0.8872549019607843,0.9192982456140351,460.1176
2100,9.130434782608695,0.0429,0.6911598443984985,0.8799019607843137,0.9132743362831858,465.5953
2125,9.23913043478261,0.1338,0.6902589201927185,0.8823529411764706,0.9145907473309609,471.1535
2150,9.347826086956522,0.1124,0.6512410640716553,0.8848039215686274,0.9176882661996497,476.663
2175,9.456521739130435,0.0554,0.6374469995498657,0.8872549019607843,0.9204152249134948,482.2603
2200,9.565217391304348,0.0641,0.6625198721885681,0.8799019607843137,0.9150779896013865,487.7705
2225,9.673913043478262,0.1122,0.6617076992988586,0.8848039215686274,0.9182608695652175,493.3316
2250,9.782608695652174,0.1014,0.6750572323799133,0.8897058823529411,0.922279792746114,498.841
2275,9.891304347826086,0.1154,0.6574186682701111,0.8921568627450981,0.9236111111111112,504.4331
2300,10.0,0.0841,0.6572490930557251,0.8897058823529411,0.9217391304347826,509.911
