step,epoch,train_loss,eval_loss,eval_accuracy,eval_f1,train_runtime
25,0.11,0.656,0.6335393786430359,0.6838235294117647,0.8122270742358079,5.7662
50,0.22,0.6624,0.6251475811004639,0.6838235294117647,0.8122270742358079,11.1859
75,0.33,0.6376,0.6184353232383728,0.6838235294117647,0.8122270742358079,16.6168
100,0.43,0.6377,0.6018526554107666,0.6838235294117647,0.8122270742358079,22.0041
125,0.54,0.5439,0.5896036028862,0.696078431372549,0.8138138138138138,27.3966
150,0.65,0.5661,0.5154871940612793,0.7303921568627451,0.8231511254019291,32.7392
175,0.76,0.591,0.4968038201332092,0.7058823529411765,0.8198198198198199,38.2918
200,0.87,0.583,0.4158929586410522,0.8112745098039216,0.8679245283018869,43.7237
225,0.98,0.4981,0.4302093684673309,0.7843137254901961,0.8320610687022901,49.1904
250,1.09,0.4498,0.4732338488101959,0.8259803921568627,0.8830313014827017,54.3798
275,1.2,0.4807,0.4551405012607574,0.7598039215686274,0.8478260869565217,59.8396
300,1.3,0.4134,0.372880220413208,0.8504901960784313,0.896434634974533,65.2599
325,1.41,0.3814,0.3686193227767944,0.8284313725490197,0.866920152091255,70.6695
350,1.52,0.4444,0.4298401772975921,0.8308823529411765,0.883248730964467,76.0566
375,1.63,0.4457,0.3268471956253052,0.8529411764705882,0.8932384341637011,81.3956
400,1.74,0.3624,0.4486218690872192,0.8651960784313726,0.9033391915641475,86.7976
425,1.85,0.4271,0.3680207133293152,0.8308823529411765,0.8855721393034827,92.2178
450,1.96,0.4254,0.3835412561893463,0.8700980392156863,0.9100169779286928,97.7559
475,2.07,0.3316,0.5008420944213867,0.8259803921568627,0.883415435139573,102.9523
500,2.17,0.3888,0.3155759274959564,0.8529411764705882,0.8928571428571429,108.4049
525,2.28,0.3771,0.3111668527126312,0.8651960784313726,0.8990825688073394,114.3422
550,2.39,0.2938,0.4084707498550415,0.875,0.9106830122591943,119.7703
575,2.5,0.3684,0.3373008072376251,0.8651960784313726,0.9063032367972744,125.1826
600,2.61,0.3111,0.3820349872112274,0.8774509803921569,0.9152542372881356,130.5971
625,2.72,0.3206,0.3383502662181854,0.8627450980392157,0.902439024390244,136.0643
650,2.83,0.3867,0.3032698333263397,0.8725490196078431,0.9087719298245616,141.5029
675,2.93,0.3111,0.3530948162078857,0.875,0.9109947643979056,146.9833
700,3.04,0.3008,0.4074156582355499,0.8627450980392157,0.9037800687285222,152.1629
725,3.15,0.2953,0.3600374162197113,0.8799019607843137,0.9150779896013864,157.6363
750,3.26,0.2984,0.4305632412433624,0.8676470588235294,0.909090909090909,163.0643
775,3.37,0.2562,0.4276799261569977,0.8553921568627451,0.897391304347826,168.4315
800,3.48,0.364,0.3413477838039398,0.8676470588235294,0.9065743944636676,173.8251
825,3.59,0.3355,0.3157502710819244,0.8823529411764706,0.9157894736842104,179.3189
850,3.7,0.3229,0.2950891852378845,0.8799019607843137,0.9126559714795008,184.8209
875,3.8,0.3143,0.3269966840744018,0.8823529411764706,0.913978494623656,190.2575
900,3.91,0.3147,0.3385393023490906,0.8823529411764706,0.9163763066202092,195.7099
925,4.02,0.3163,0.3761669099330902,0.8725490196078431,0.9106529209621992,200.9833
950,4.13,0.2251,0.3682363033294678,0.8774509803921569,0.9125874125874124,206.4584
975,4.24,0.305,0.3297842442989349,0.8651960784313726,0.9029982363315696,211.7708
1000,4.35,0.3128,0.3281470239162445,0.8676470588235294,0.9045936395759716,217.2115
1025,4.46,0.3031,0.3189639747142792,0.8676470588235294,0.9018181818181816,223.3194
1050,4.57,0.2351,0.3604933023452759,0.8774509803921569,0.9119718309859154,228.8507
1075,4.67,0.2265,0.4319146871566772,0.875,0.9109947643979056,234.2123
1100,4.78,0.2198,0.3913784027099609,0.8921568627450981,0.9225352112676056,239.6815
1125,4.89,0.2699,0.3388245403766632,0.8774509803921569,0.9094202898550724,245.0805
1150,5.0,0.2234,0.3764304220676422,0.8848039215686274,0.9173989455184536,250.5748
1175,5.11,0.1707,0.4469747245311737,0.8897058823529411,0.9206349206349206,255.9118
1200,5.22,0.2726,0.4118664264678955,0.8700980392156863,0.9078260869565218,261.3802
1225,5.33,0.2284,0.3446297347545624,0.8872549019607843,0.9181494661921707,266.8425
1250,5.43,0.2511,0.3774735331535339,0.8897058823529411,0.9197860962566844,272.1935
1275,5.54,0.2377,0.403372585773468,0.8921568627450981,0.9219858156028368,277.6451
1300,5.65,0.1961,0.4106521606445312,0.8921568627450981,0.9233449477351916,283.0292
1325,5.76,0.1961,0.4338479042053222,0.8921568627450981,0.92226148409894,288.6104
1350,5.87,0.2722,0.3867649435997009,0.8921568627450981,0.9219858156028368,294.0686
1375,5.98,0.2684,0.3539076149463653,0.8897058823529411,0.9203539823008848,299.6502
1400,6.09,0.1614,0.5079130530357361,0.8651960784313726,0.9069373942470388,304.9686
1425,6.2,0.2325,0.4935528934001922,0.8799019607843137,0.914185639229422,310.5823
1450,6.3,0.2387,0.4257818758487701,0.8848039215686274,0.9156193895870736,315.8829
1475,6.41,0.205,0.4444116055965423,0.8897058823529411,0.9225473321858864,321.2805
1500,6.52,0.2229,0.4211155772209167,0.8823529411764706,0.9133574007220217,326.6971
1525,6.63,0.1704,0.4468100070953369,0.8774509803921569,0.912280701754386,332.7648
1550,6.74,0.2354,0.4169710278511047,0.8799019607843137,0.9123434704830052,338.1776
1575,6.85,0.1838,0.4679638743400574,0.875,0.9106830122591943,343.5726
1600,6.96,0.2345,0.4472481608390808,0.8823529411764706,0.9142857142857144,349.1005
1625,7.07,0.1662,0.5127182602882385,0.8725490196078431,0.9097222222222222,354.3732
1650,7.17,0.1983,0.4908661246299743,0.8921568627450981,0.9219858156028368,359.8216
1675,7.28,0.1771,0.5096673965454102,0.875,0.911917098445596,365.2057
1700,7.39,0.1857,0.4747187197208404,0.8823529411764706,0.9172413793103448,370.7356
1725,7.5,0.1837,0.5012913942337036,0.8848039215686274,0.9162210338680928,376.2296
1750,7.61,0.2115,0.4325249493122101,0.875,0.9087656529516996,381.6749
1775,7.72,0.1955,0.4671224653720855,0.8897058823529411,0.9214659685863874,387.1866
1800,7.83,0.1471,0.5385807156562805,0.8872549019607843,0.9195804195804196,392.5622
1825,7.93,0.2075,0.5146644711494446,0.8774509803921569,0.910394265232975,398.2395
1850,8.04,0.244,0.4571934938430786,0.8921568627450981,0.9219858156028368,403.535
1875,8.15,0.1608,0.4420008957386017,0.8897058823529411,0.9200710479573712,409.0456
1900,8.26,0.1389,0.4793828725814819,0.8921568627450981,0.92226148409894,414.4652
1925,8.37,0.1506,0.5149833559989929,0.8872549019607843,0.9181494661921707,419.9832
1950,8.48,0.1475,0.5848477482795715,0.8823529411764706,0.916083916083916,425.47
1975,8.59,0.1398,0.6132129430770874,0.8823529411764706,0.916083916083916,430.8828
2000,8.7,0.2276,0.5576537251472473,0.8872549019607843,0.9187279151943464,436.2967
2025,8.8,0.1783,0.550646185874939,0.8774509803921569,0.910394265232975,442.302
2050,8.91,0.1842,0.5620479583740234,0.8774509803921569,0.9134948096885814,447.7928
2075,9.02,0.2151,0.5475659966468811,0.8848039215686274,0.9171075837742504,453.083
2100,9.13,0.131,0.5733151435852051,0.8799019607843137,0.9129662522202486,458.532
2125,9.24,0.1671,0.5988979935646057,0.8823529411764706,0.9151943462897526,463.9391
2150,9.35,0.1925,0.590894341468811,0.8823529411764706,0.9151943462897526,469.4316
2175,9.46,0.1646,0.5778993368148804,0.8872549019607843,0.9190140845070424,474.882
2200,9.57,0.1379,0.5947639346122742,0.8848039215686274,0.9173989455184536,480.3396
2225,9.67,0.1852,0.5861240029335022,0.8921568627450981,0.9219858156028368,485.7446
2250,9.78,0.1783,0.5818479061126709,0.8921568627450981,0.9219858156028368,491.1794
2275,9.89,0.1571,0.5854263305664062,0.8921568627450981,0.9219858156028368,496.6791
2300,10.0,0.1816,0.585699737071991,0.8921568627450981,0.9219858156028368,502.0143
