step,epoch,train_loss,eval_loss,eval_accuracy,eval_f1,train_runtime
25,0.11,0.6692,0.6412531733512878,0.6838235294117647,0.8122270742358079,6.4431
50,0.22,0.6613,0.6255035400390625,0.6838235294117647,0.8122270742358079,12.3585
75,0.33,0.6384,0.6161445379257202,0.6838235294117647,0.8122270742358079,18.4605
100,0.43,0.6224,0.6324418783187866,0.6838235294117647,0.8122270742358079,24.4186
125,0.54,0.5469,0.6728721857070923,0.7132352941176471,0.8213740458015268,30.4832
150,0.65,0.5321,0.4841128587722778,0.7720588235294118,0.8330341113105925,36.4439
175,0.76,0.5568,0.4503010809421539,0.7769607843137255,0.8548644338118022,42.6544
200,0.87,0.4954,0.6456071734428406,0.7892156862745098,0.8634920634920634,48.7064
225,0.98,0.5335,0.4945172667503357,0.7254901960784313,0.7656903765690376,54.7764
250,1.09,0.4479,0.590408980846405,0.8161764705882353,0.8743718592964823,60.5703
275,1.2,0.4733,0.416306734085083,0.8063725490196079,0.8715447154471545,66.6138
300,1.3,0.4428,0.3882719278335571,0.8431372549019608,0.8907849829351535,72.6443
325,1.41,0.5056,0.3561393916606903,0.8357843137254902,0.8788426763110307,78.646
350,1.52,0.4158,0.3585416078567505,0.8455882352941176,0.8904347826086957,84.6697
375,1.63,0.4117,0.3494843244552612,0.8333333333333334,0.8823529411764706,90.6627
400,1.74,0.3153,0.454344630241394,0.8504901960784313,0.8960817717206134,96.6497
425,1.85,0.4398,0.3251407146453857,0.8553921568627451,0.8963093145869947,102.7462
450,1.96,0.3997,0.3595942258834839,0.8602941176470589,0.8976660682226212,108.8816
475,2.07,0.2834,0.4138945043087005,0.8504901960784313,0.8960817717206134,114.7336
500,2.17,0.37,0.3347671329975128,0.8504901960784313,0.8912655971479501,120.7691
525,2.28,0.3134,0.3319241106510162,0.8455882352941176,0.8822429906542055,127.0574
550,2.39,0.2901,0.344868004322052,0.8700980392156863,0.906854130052724,133.0481
575,2.5,0.3025,0.3582172095775604,0.8578431372549019,0.9023569023569024,139.1613
600,2.61,0.2889,0.3829092383384704,0.8602941176470589,0.9012131715771232,145.185
625,2.72,0.2889,0.4872901141643524,0.8382352941176471,0.8914473684210527,151.4225
650,2.83,0.3958,0.3342549204826355,0.8553921568627451,0.897391304347826,157.5453
675,2.93,0.2872,0.4239111542701721,0.8480392156862745,0.8956228956228957,163.7791
700,3.04,0.2545,0.3871773779392242,0.8602941176470589,0.9001751313485115,169.6277
725,3.15,0.2731,0.3846128582954407,0.8529411764705882,0.8972602739726027,175.7481
750,3.26,0.2948,0.4720301628112793,0.8382352941176471,0.890728476821192,181.8299
775,3.37,0.2358,0.4325862526893616,0.8431372549019608,0.8900343642611684,187.8429
800,3.48,0.239,0.5644773840904236,0.8357843137254902,0.888888888888889,193.8813
825,3.59,0.2767,0.3463919460773468,0.8602941176470589,0.9018932874354562,200.0307
850,3.7,0.2768,0.3622174263000488,0.8676470588235294,0.9065743944636676,206.1778
875,3.8,0.2363,0.4096489250659942,0.8602941176470589,0.8994708994708994,212.3668
900,3.91,0.2724,0.3511526882648468,0.8700980392156863,0.905861456483126,218.5215
925,4.02,0.2399,0.4833062887191772,0.8602941176470589,0.9032258064516128,224.6072
950,4.13,0.1956,0.4387237727642059,0.8700980392156863,0.9084628670120898,230.7304
975,4.24,0.2027,0.6404402256011963,0.8259803921568627,0.883415435139573,236.7372
1000,4.35,0.3006,0.4262481331825256,0.8553921568627451,0.8998302207130731,242.7167
1025,4.46,0.2312,0.3855255246162414,0.8627450980392157,0.9014084507042254,249.1229
1050,4.57,0.1727,0.4367008507251739,0.8676470588235294,0.9072164948453608,255.1871
1075,4.67,0.1805,0.3850058615207672,0.8725490196078431,0.9094076655052264,261.2834
1100,4.78,0.1732,0.4126547873020172,0.8872549019607843,0.9178571428571428,267.3077
1125,4.89,0.1854,0.4332206547260284,0.8897058823529411,0.9206349206349206,273.4305
1150,5.0,0.2238,0.3834662735462188,0.8725490196078431,0.907473309608541,279.4559
1175,5.11,0.1292,0.3943487405776977,0.8725490196078431,0.907473309608541,285.4941
1200,5.22,0.1717,0.3804310858249664,0.8823529411764706,0.913978494623656,291.5621
1225,5.33,0.1464,0.4477134048938751,0.8799019607843137,0.9120287253141832,297.6769
1250,5.43,0.198,0.5397527813911438,0.8774509803921569,0.910394265232975,303.6583
1275,5.54,0.1707,0.4161373972892761,0.875,0.9084380610412928,309.7264
1300,5.65,0.1655,0.3760371506214142,0.8799019607843137,0.9104204753199268,315.77
1325,5.76,0.1959,0.3941777646541595,0.875,0.9094138543516876,321.9391
1350,5.87,0.19,0.4753350019454956,0.8774509803921569,0.910394265232975,328.0342
1375,5.98,0.1705,0.4107826054096222,0.8897058823529411,0.9206349206349206,334.2456
1400,6.09,0.1095,0.5843290090560913,0.8578431372549019,0.902027027027027,340.1635
1425,6.2,0.0942,0.6523464918136597,0.8602941176470589,0.9025641025641028,346.4418
1450,6.3,0.1938,0.5409389734268188,0.8774509803921569,0.9087591240875912,352.3579
1475,6.41,0.1789,0.4959320425987243,0.875,0.9087656529516996,358.4435
1500,6.52,0.1335,0.4926497936248779,0.8774509803921569,0.9107142857142856,364.4768
1525,6.63,0.1032,0.546684205532074,0.8774509803921569,0.9137931034482758,370.9229
1550,6.74,0.1372,0.4948994517326355,0.8872549019607843,0.9184397163120568,376.9036
1575,6.85,0.1077,0.5080789923667908,0.8848039215686274,0.9171075837742504,382.9893
1600,6.96,0.1122,0.5885526537895203,0.875,0.9106830122591943,389.1294
1625,7.07,0.0991,0.5548917651176453,0.8848039215686274,0.9168141592920356,395.0542
1650,7.17,0.0942,0.5890449285507202,0.8921568627450981,0.9228070175438596,401.0753
1675,7.28,0.1075,0.6491038203239441,0.8725490196078431,0.9112627986348124,407.1957
1700,7.39,0.1765,0.5084409713745117,0.8774509803921569,0.9113475177304964,413.3544
1725,7.5,0.0764,0.5471104383468628,0.8774509803921569,0.9080882352941176,419.494
1750,7.61,0.1122,0.5480833649635315,0.8872549019607843,0.9192982456140352,425.5918
1775,7.72,0.1231,0.513581395149231,0.8774509803921569,0.910394265232975,431.6887
1800,7.83,0.0826,0.5688216090202332,0.8799019607843137,0.914185639229422,437.7043
1825,7.93,0.0834,0.5522608160972595,0.8799019607843137,0.9113924050632912,443.9469
1850,8.04,0.0725,0.5894439816474915,0.8823529411764706,0.916083916083916,449.9099
1875,8.15,0.1092,0.5626927018165588,0.8897058823529411,0.9197860962566844,455.9782
1900,8.26,0.0562,0.5983094573020935,0.8823529411764706,0.9142857142857144,462.079
1925,8.37,0.0876,0.6291196942329407,0.8725490196078431,0.9094076655052264,468.1913
1950,8.48,0.0322,0.6515367031097412,0.8700980392156863,0.9075043630017452,474.3469
1975,8.59,0.0679,0.6527522802352905,0.8725490196078431,0.9087719298245616,480.3216
2000,8.7,0.1381,0.624637246131897,0.8725490196078431,0.9087719298245616,486.4283
2025,8.8,0.0653,0.6492476463317871,0.8823529411764706,0.9151943462897526,492.6732
2050,8.91,0.0752,0.6778314113616943,0.8725490196078431,0.9087719298245616,498.8146
2075,9.02,0.0741,0.6740174889564514,0.8774509803921569,0.911032028469751,504.7155
2100,9.13,0.0612,0.6931746006011963,0.8799019607843137,0.9120287253141832,510.8014
2125,9.24,0.0473,0.6960803866386414,0.875,0.9094138543516876,516.8005
2150,9.35,0.0644,0.719163179397583,0.875,0.9103690685413004,522.8771
2175,9.46,0.1138,0.6823586821556091,0.8725490196078431,0.9071428571428573,528.9472
2200,9.57,0.064,0.6843611598014832,0.8700980392156863,0.90652557319224,535.0251
2225,9.67,0.0662,0.6884287595748901,0.8700980392156863,0.90652557319224,541.0526
2250,9.78,0.052,0.6915148496627808,0.8676470588235294,0.9049295774647886,547.1728
2275,9.89,0.0564,0.6922100186347961,0.8700980392156863,0.90652557319224,553.2887
2300,10.0,0.048,0.6915653944015503,0.8700980392156863,0.90652557319224,559.3703
