step,epoch,train_loss,eval_loss,eval_accuracy,eval_f1,train_runtime
25,0.11,0.7114,0.6548936367034912,0.6838235294117647,0.8122270742358079,6.1107
50,0.22,0.6625,0.6227206587791443,0.6838235294117647,0.8122270742358079,11.7229
75,0.33,0.6368,0.6146763563156128,0.6838235294117647,0.8122270742358079,17.5407
100,0.43,0.6303,0.5765663385391235,0.7009803921568627,0.8189910979228486,23.2805
125,0.54,0.554,0.4873896837234497,0.7794117647058824,0.8484848484848486,29.0572
150,0.65,0.5289,0.4917746782302856,0.7524509803921569,0.8429237947122861,34.8128
175,0.76,0.5852,0.5096846222877502,0.7941176470588235,0.8432835820895523,40.7128
200,0.87,0.4938,0.4684062898159027,0.7867647058823529,0.8621236133122028,46.5232
225,0.98,0.5786,0.4515711963176727,0.803921568627451,0.8455598455598455,52.1933
250,1.09,0.5151,0.4423697888851166,0.8186274509803921,0.8798701298701299,57.7223
275,1.2,0.4418,0.3621970117092132,0.8382352941176471,0.8888888888888888,63.3529
300,1.3,0.3914,0.3963525891304016,0.8284313725490197,0.8817567567567567,69.0718
325,1.41,0.4328,0.4616425335407257,0.7671568627450981,0.8057259713701431,74.6926
350,1.52,0.4745,0.351210206747055,0.8431372549019608,0.8904109589041096,80.417
375,1.63,0.3774,0.3531779944896698,0.8602941176470589,0.8954128440366973,85.9619
400,1.74,0.3551,0.3772501051425934,0.8529411764705882,0.8993288590604027,91.6683
425,1.85,0.4348,0.3564162850379944,0.8455882352941176,0.8948247078464107,97.3628
450,1.96,0.3916,0.350131094455719,0.8700980392156863,0.9084628670120898,103.1961
475,2.07,0.2933,0.383253276348114,0.875,0.91005291005291,108.678
500,2.17,0.3771,0.3404592275619507,0.8480392156862745,0.8821292775665399,114.4269
525,2.28,0.3592,0.3130394518375397,0.8651960784313726,0.9009009009009008,120.763
550,2.39,0.3088,0.3300732672214508,0.8627450980392157,0.900709219858156,126.4619
575,2.5,0.338,0.3160887956619262,0.8799019607843137,0.9117117117117116,132.1526
600,2.61,0.3004,0.3444249629974365,0.8774509803921569,0.9125874125874124,137.9002
625,2.72,0.3031,0.3671214580535888,0.8651960784313726,0.9066213921901528,143.6728
650,2.83,0.353,0.3115881979465484,0.8823529411764706,0.916083916083916,149.4078
675,2.93,0.301,0.3379920125007629,0.8676470588235294,0.9049295774647886,155.1648
700,3.04,0.2942,0.4191394746303558,0.8504901960784313,0.897133220910624,160.6231
725,3.15,0.3272,0.3930418491363525,0.8480392156862745,0.895973154362416,166.3293
750,3.26,0.2543,0.3816062211990356,0.8700980392156863,0.9100169779286928,172.0392
775,3.37,0.2518,0.3511995077133178,0.875,0.9109947643979056,177.6936
800,3.48,0.2348,0.4915746748447418,0.8455882352941176,0.896551724137931,183.3598
825,3.59,0.3032,0.3280017077922821,0.8774509803921569,0.9113475177304964,189.1314
850,3.7,0.2732,0.3334671556949615,0.8553921568627451,0.8959435626102292,194.9207
875,3.8,0.2643,0.397527813911438,0.8553921568627451,0.8970331588132635,200.6802
900,3.91,0.2997,0.3881033957004547,0.875,0.9137055837563453,206.4198
925,4.02,0.2589,0.3869813680648803,0.8700980392156863,0.9087779690189328,212.0735
950,4.13,0.1813,0.4832072257995605,0.8578431372549019,0.9033333333333332,217.7892
975,4.24,0.2278,0.48943030834198,0.8602941176470589,0.9054726368159204,223.4452
1000,4.35,0.2629,0.3573118448257446,0.875,0.9122203098106711,229.061
1025,4.46,0.2389,0.3359087705612182,0.8823529411764706,0.9142857142857144,235.6107
1050,4.57,0.157,0.4442794024944305,0.875,0.9128205128205128,241.3198
1075,4.67,0.211,0.3771551549434662,0.8700980392156863,0.9094017094017094,247.0517
1100,4.78,0.153,0.4403174817562103,0.8872549019607843,0.9198606271777002,252.7432
1125,4.89,0.206,0.3721701800823211,0.8774509803921569,0.9097472924187724,258.5485
1150,5.0,0.1986,0.3373932838439941,0.875,0.9122203098106711,264.2588
1175,5.11,0.1398,0.3977486193180084,0.8848039215686274,0.9176882661996496,269.9452
1200,5.22,0.1275,0.4757511615753174,0.8799019607843137,0.915371329879102,275.6967
1225,5.33,0.1324,0.4556031227111816,0.8872549019607843,0.916058394160584,281.4501
1250,5.43,0.1701,0.4380375742912292,0.8774509803921569,0.9131944444444444,287.085
1275,5.54,0.1298,0.4597920775413513,0.8725490196078431,0.9071428571428573,292.7863
1300,5.65,0.1621,0.4003943204879761,0.8799019607843137,0.9132743362831858,298.4914
1325,5.76,0.1209,0.4244268834590912,0.8774509803921569,0.9116607773851588,304.2892
1350,5.87,0.1919,0.425232321023941,0.8799019607843137,0.9120287253141832,310.075
1375,5.98,0.1347,0.3922583758831024,0.8823529411764706,0.9157894736842104,315.9226
1400,6.09,0.0664,0.6270331144332886,0.875,0.9137055837563453,321.6098
1425,6.2,0.1078,0.5802362561225891,0.8774509803921569,0.9143835616438356,327.4909
1450,6.3,0.1016,0.5083402991294861,0.875,0.906764168190128,333.132
1475,6.41,0.1545,0.4389410316944122,0.8774509803921569,0.9116607773851588,338.8223
1500,6.52,0.1193,0.5015019178390503,0.875,0.91005291005291,344.5501
1525,6.63,0.0942,0.5284069180488586,0.875,0.9122203098106711,351.0284
1550,6.74,0.1446,0.4802946448326111,0.8823529411764706,0.9172413793103448,356.7642
1575,6.85,0.0916,0.4995165169239044,0.8848039215686274,0.919931856899489,362.4619
1600,6.96,0.0923,0.6272140741348267,0.8700980392156863,0.9075043630017452,368.2937
1625,7.07,0.0965,0.5810661315917969,0.8823529411764706,0.9163763066202092,373.8822
1650,7.17,0.1227,0.5683062076568604,0.8774509803921569,0.9119718309859154,379.6349
1675,7.28,0.0766,0.5437485575675964,0.8823529411764706,0.9172413793103448,385.3072
1700,7.39,0.1378,0.6112795472145081,0.8774509803921569,0.9134948096885814,391.1519
1725,7.5,0.0589,0.6314576864242554,0.8799019607843137,0.9120287253141832,396.9429
1750,7.61,0.0771,0.606023907661438,0.8774509803921569,0.9116607773851588,402.7171
1775,7.72,0.1379,0.5131072402000427,0.8823529411764706,0.9157894736842104,408.4603
1800,7.83,0.0618,0.5793460607528687,0.8823529411764706,0.9148936170212766,414.1885
1825,7.93,0.0826,0.6551382541656494,0.8823529411764706,0.9142857142857144,420.0731
1850,8.04,0.0729,0.7083871364593506,0.8700980392156863,0.9078260869565218,425.7234
1875,8.15,0.0852,0.6817539930343628,0.875,0.9077757685352622,431.4223
1900,8.26,0.0894,0.6604904532432556,0.8799019607843137,0.9132743362831858,437.2353
1925,8.37,0.0516,0.6654175519943237,0.8897058823529411,0.9197860962566844,442.9988
1950,8.48,0.0656,0.7081372141838074,0.8725490196078431,0.9094076655052264,448.8223
1975,8.59,0.0214,0.74151611328125,0.8774509803921569,0.9131944444444444,454.464
2000,8.7,0.0868,0.7433331608772278,0.8823529411764706,0.9148936170212766,460.1593
2025,8.8,0.0638,0.7357028126716614,0.8823529411764706,0.9151943462897526,466.5974
2050,8.91,0.0804,0.7202615737915039,0.8774509803921569,0.9113475177304964,472.3568
2075,9.02,0.079,0.700187623500824,0.8799019607843137,0.9135802469135804,477.9353
2100,9.13,0.0418,0.7048295140266418,0.8799019607843137,0.9123434704830052,483.6154
2125,9.24,0.0476,0.7131930589675903,0.8799019607843137,0.9132743362831858,489.3055
2150,9.35,0.0594,0.7217031121253967,0.8774509803921569,0.9125874125874124,495.0128
2175,9.46,0.0492,0.7099459767341614,0.8823529411764706,0.9142857142857144,500.8142
2200,9.57,0.0522,0.7092416882514954,0.8799019607843137,0.9126559714795008,506.5464
2225,9.67,0.0586,0.7061048150062561,0.8823529411764706,0.9145907473309608,512.3013
2250,9.78,0.09,0.7015855312347412,0.875,0.9097345132743364,518.0115
2275,9.89,0.0667,0.7047644853591919,0.8823529411764706,0.915492957746479,523.8349
2300,10.0,0.052,0.7038488388061523,0.8823529411764706,0.915492957746479,529.4794
