step,epoch,train_loss,eval_loss,eval_accuracy,eval_f1,train_runtime
25,0.11,0.6546,0.62975013256073,0.6838235294117647,0.8122270742358079,6.1188
50,0.22,0.6672,0.6296817660331726,0.6838235294117647,0.8122270742358079,11.802
75,0.33,0.6395,0.617772102355957,0.6838235294117647,0.8122270742358079,17.6366
100,0.43,0.6309,0.533141553401947,0.7009803921568627,0.8173652694610778,23.3358
125,0.54,0.5289,0.5309581160545349,0.7377450980392157,0.833592534992224,29.1402
150,0.65,0.5181,0.7884671092033386,0.7622549019607843,0.8519083969465648,34.8263
175,0.76,0.5582,0.4775911569595337,0.8063725490196079,0.8581687612208259,40.8071
200,0.87,0.5011,0.6157435178756714,0.7598039215686274,0.848297213622291,46.6189
225,0.98,0.4694,0.4472910463809967,0.7696078431372549,0.8057851239669421,52.4709
250,1.09,0.4775,0.407947838306427,0.8161764705882353,0.8549323017408125,58.0443
275,1.2,0.4541,0.3912788927555084,0.8235294117647058,0.8779661016949152,63.8808
300,1.3,0.4384,0.601450502872467,0.7818627450980392,0.8528925619834711,69.671
325,1.41,0.5172,0.503970742225647,0.8235294117647058,0.8827361563517915,75.473
350,1.52,0.4551,0.4205342829227447,0.8529411764705882,0.8939929328621908,81.2514
375,1.63,0.4625,0.3999346196651459,0.8382352941176471,0.8740458015267176,86.9934
400,1.74,0.4077,0.4122925698757171,0.8382352941176471,0.89,92.7467
425,1.85,0.4366,0.3914677798748016,0.8259803921568627,0.8830313014827017,98.6151
450,1.96,0.4476,0.3825331330299377,0.8553921568627451,0.8917431192660551,104.4949
475,2.07,0.3837,0.3816290199756622,0.8553921568627451,0.8921389396709324,110.0786
500,2.17,0.4018,0.3496546745300293,0.8406862745098039,0.8841354723707666,115.8446
525,2.28,0.3637,0.3583084046840668,0.8308823529411765,0.8824531516183987,121.9866
550,2.39,0.4049,0.351080060005188,0.8480392156862745,0.8812260536398467,127.7087
575,2.5,0.3528,0.3506275713443756,0.8602941176470589,0.9028960817717206,133.4744
600,2.61,0.3642,0.3419417142868042,0.8651960784313726,0.9040139616055848,139.2275
625,2.72,0.3423,0.3598050773143768,0.8480392156862745,0.89198606271777,145.0715
650,2.83,0.3517,0.3628527224063873,0.8725490196078431,0.9090909090909092,150.9026
675,2.93,0.3268,0.3945745825767517,0.8529411764705882,0.8983050847457628,156.7417
700,3.04,0.2905,0.4788190424442291,0.8455882352941176,0.893760539629005,162.3187
725,3.15,0.3155,0.3177246451377868,0.8700980392156863,0.9045045045045046,168.0729
750,3.26,0.283,0.3374879062175751,0.8725490196078431,0.9081272084805654,173.9548
775,3.37,0.2925,0.4372844994068146,0.8676470588235294,0.9032258064516128,179.6147
800,3.48,0.2591,0.4540707767009735,0.8161764705882353,0.8772504091653027,185.4668
825,3.59,0.4356,0.3645119667053222,0.8602941176470589,0.8998242530755711,191.2643
850,3.7,0.3145,0.3106683194637298,0.8602941176470589,0.8983957219251337,197.1952
875,3.8,0.3062,0.5499464273452759,0.8553921568627451,0.899488926746167,202.9913
900,3.91,0.3631,0.3736629784107208,0.8455882352941176,0.8941176470588236,208.9371
925,4.02,0.303,0.3489997982978821,0.8676470588235294,0.9039145907473308,214.5723
950,4.13,0.1946,0.4585216641426086,0.8774509803921569,0.9113475177304964,220.4595
975,4.24,0.2165,0.5706209540367126,0.8308823529411765,0.8855721393034827,226.1087
1000,4.35,0.2913,0.4147443473339081,0.8627450980392157,0.903114186851211,231.8733
1025,4.46,0.2553,0.3797900676727295,0.8553921568627451,0.8955752212389381,238.0127
1050,4.57,0.2256,0.512381911277771,0.8602941176470589,0.9015544041450776,243.8791
1075,4.67,0.276,0.4920971393585205,0.8676470588235294,0.9052631578947368,249.6256
1100,4.78,0.2119,0.5432060956954956,0.8602941176470589,0.8998242530755711,255.4282
1125,4.89,0.2186,0.4365256428718567,0.8627450980392157,0.9014084507042254,261.2549
1150,5.0,0.2319,0.44892418384552,0.8651960784313726,0.8983364140480593,267.0625
1175,5.11,0.1921,0.5320387482643127,0.8799019607843137,0.9135802469135804,272.8338
1200,5.22,0.3136,0.610783576965332,0.875,0.9084380610412928,278.6907
1225,5.33,0.2573,0.4139271974563598,0.8578431372549019,0.8929889298892988,284.5716
1250,5.43,0.2266,0.3933531939983368,0.8700980392156863,0.9031078610603293,290.2772
1275,5.54,0.2047,0.424437016248703,0.8676470588235294,0.9035714285714286,296.1113
1300,5.65,0.1718,0.4444321990013122,0.8700980392156863,0.904847396768402,301.869
1325,5.76,0.2097,0.5893455147743225,0.8602941176470589,0.9018932874354562,307.8331
1350,5.87,0.2148,0.477352887392044,0.8725490196078431,0.908450704225352,313.6895
1375,5.98,0.1689,0.4859664142131805,0.8700980392156863,0.9084628670120898,319.6885
1400,6.09,0.1566,0.6799726486206055,0.8651960784313726,0.9072512647554806,325.3667
1425,6.2,0.1613,0.6443513035774231,0.8627450980392157,0.904109589041096,331.4337
1450,6.3,0.0926,0.6340454816818237,0.8725490196078431,0.907473309608541,337.099
1475,6.41,0.1873,0.5052988529205322,0.8725490196078431,0.9100346020761244,342.9454
1500,6.52,0.1495,0.4539729952812195,0.8946078431372549,0.9213893967093236,348.6824
1525,6.63,0.1946,0.5845616459846497,0.8823529411764706,0.917808219178082,354.8364
1550,6.74,0.2155,0.4736927151679992,0.8921568627450981,0.9205776173285196,360.5686
1575,6.85,0.1448,0.6634921431541443,0.875,0.9116117850953208,366.3855
1600,6.96,0.1867,0.8234552145004272,0.8602941176470589,0.9038785834738616,372.2211
1625,7.07,0.151,0.5290312170982361,0.8823529411764706,0.9133574007220217,377.8919
1650,7.17,0.1285,0.6131090521812439,0.8676470588235294,0.906896551724138,383.6512
1675,7.28,0.123,0.797389030456543,0.8578431372549019,0.901023890784983,389.3991
1700,7.39,0.1672,0.6499826908111572,0.8700980392156863,0.9081455805892548,395.3027
1725,7.5,0.099,0.7233433723449707,0.8676470588235294,0.907849829351536,401.1679
1750,7.61,0.1442,0.6054832339286804,0.8602941176470589,0.8965517241379312,407.0259
1775,7.72,0.1658,0.6693345904350281,0.8651960784313726,0.9066213921901528,412.8444
1800,7.83,0.0825,0.6177182793617249,0.8700980392156863,0.9045045045045046,418.6475
1825,7.93,0.1036,0.6632076501846313,0.8725490196078431,0.9087719298245616,424.6368
1850,8.04,0.1166,0.797632098197937,0.8553921568627451,0.8987993138936535,430.4374
1875,8.15,0.0367,0.8202446699142456,0.8651960784313726,0.9033391915641475,436.2302
1900,8.26,0.0801,0.8550214767456055,0.8651960784313726,0.905982905982906,442.1492
1925,8.37,0.0318,1.0295023918151855,0.8529411764705882,0.8993288590604027,447.9956
1950,8.48,0.0784,0.7763231992721558,0.8774509803921569,0.9131944444444444,453.9369
1975,8.59,0.0557,0.9005412459373474,0.8602941176470589,0.9028960817717206,459.66
2000,8.7,0.153,0.9012427926063538,0.8529411764705882,0.8986486486486487,465.4969
2025,8.8,0.086,0.7742788195610046,0.8504901960784313,0.8957264957264958,471.5088
2050,8.91,0.0839,0.7724102139472961,0.8627450980392157,0.903114186851211,477.4183
2075,9.02,0.0831,0.7621850371360779,0.8725490196078431,0.9097222222222222,483.0623
2100,9.13,0.0313,0.8744927048683167,0.8651960784313726,0.9056603773584906,488.8817
2125,9.24,0.0636,0.7762190103530884,0.8725490196078431,0.9094076655052264,494.6342
2150,9.35,0.0954,0.7380479574203491,0.8725490196078431,0.9094076655052264,500.4156
2175,9.46,0.0459,0.7410266995429993,0.875,0.9113043478260868,506.2616
2200,9.57,0.0391,0.7838132977485657,0.8651960784313726,0.9050086355785838,512.0558
2225,9.67,0.0581,0.8353689312934875,0.8651960784313726,0.9056603773584906,517.8699
2250,9.78,0.0699,0.8358109593391418,0.8627450980392157,0.904109589041096,523.6824
2275,9.89,0.0486,0.8427444696426392,0.8651960784313726,0.905982905982906,529.5709
2300,10.0,0.0482,0.8427255153656006,0.8627450980392157,0.904109589041096,535.3144
