step,epoch,train_loss,eval_loss,eval_accuracy,eval_f1,train_runtime
25,0.11,0.6567,0.6359972357749939,0.6838235294117647,0.8122270742358079,6.1679
50,0.22,0.6603,0.6254417300224304,0.6838235294117647,0.8122270742358079,11.9363
75,0.33,0.6397,0.6213637590408325,0.6838235294117647,0.8122270742358079,17.7971
100,0.43,0.6412,0.6173399090766907,0.6838235294117647,0.8122270742358079,23.535
125,0.54,0.6027,0.6113410592079163,0.6838235294117647,0.8122270742358079,29.3128
150,0.65,0.6244,0.5910585522651672,0.7034313725490197,0.8191330343796712,35.0471
175,0.76,0.5955,0.5299742221832275,0.7083333333333334,0.8155038759689922,41.0011
200,0.87,0.5765,0.5104496479034424,0.7573529411764706,0.8374384236453202,46.8283
225,0.98,0.5806,0.4957455694675445,0.7843137254901961,0.8513513513513514,52.6538
250,1.09,0.551,0.5310395359992981,0.7303921568627451,0.8328267477203649,58.215
275,1.2,0.5101,0.4476622641086578,0.7794117647058824,0.8538961038961038,64.0612
300,1.3,0.4839,0.4339600503444671,0.7965686274509803,0.8628099173553719,69.8609
325,1.41,0.4575,0.5177295207977295,0.7181372549019608,0.7516198704103673,75.6938
350,1.52,0.493,0.4144500195980072,0.8063725490196079,0.871125611745514,81.4887
375,1.63,0.4182,0.3717400431632995,0.8284313725490197,0.8698884758364313,87.2625
400,1.74,0.363,0.4259676337242126,0.821078431372549,0.87893864013267,93.0187
425,1.85,0.46,0.3535232543945312,0.8431372549019608,0.8848920863309353,98.924
450,1.96,0.4117,0.3387451171875,0.8602941176470589,0.8983957219251337,104.8008
475,2.07,0.3934,0.4557596445083618,0.7965686274509803,0.8663446054750403,110.447
500,2.17,0.4126,0.3376150727272033,0.8406862745098039,0.8828828828828829,116.2489
525,2.28,0.3794,0.3488834202289581,0.8431372549019608,0.8801498127340824,122.3674
550,2.39,0.3282,0.3423521816730499,0.8553921568627451,0.8913443830570903,128.098
575,2.5,0.4257,0.3317693769931793,0.8529411764705882,0.8972602739726027,133.919
600,2.61,0.3368,0.3280139863491058,0.8553921568627451,0.8977469670710572,139.6812
625,2.72,0.3458,0.3402443826198578,0.8627450980392157,0.904109589041096,145.5454
650,2.83,0.3955,0.3123142123222351,0.8700980392156863,0.906854130052724,151.3824
675,2.93,0.3327,0.3223043978214264,0.8725490196078431,0.907473309608541,157.2243
700,3.04,0.3432,0.3515427410602569,0.8578431372549019,0.9003436426116839,162.8303
725,3.15,0.3511,0.4442338049411773,0.8333333333333334,0.8877887788778879,168.6212
750,3.26,0.3684,0.3730616569519043,0.8431372549019608,0.8929765886287626,174.4943
775,3.37,0.2729,0.3570052981376648,0.8676470588235294,0.9052631578947368,180.1618
800,3.48,0.3494,0.3283342123031616,0.875,0.9113043478260868,186.0187
825,3.59,0.3523,0.2944525182247162,0.8725490196078431,0.907473309608541,191.8362
850,3.7,0.3359,0.2940415143966675,0.8578431372549019,0.894927536231884,197.8197
875,3.8,0.3034,0.31793212890625,0.8676470588235294,0.9028776978417268,203.6214
900,3.91,0.3378,0.3149261474609375,0.8651960784313726,0.9050086355785838,209.5844
925,4.02,0.3379,0.3187074363231659,0.8676470588235294,0.9065743944636676,215.239
950,4.13,0.2897,0.3111046850681305,0.8700980392156863,0.9061946902654868,221.1668
975,4.24,0.3461,0.3138572871685028,0.8700980392156863,0.9087779690189328,226.8588
1000,4.35,0.3415,0.3156418800354004,0.8700980392156863,0.9071803852889668,232.6632
1025,4.46,0.3074,0.3166420757770538,0.8480392156862745,0.8872727272727273,238.7566
1050,4.57,0.2728,0.3299016654491424,0.8725490196078431,0.907473309608541,244.6431
1075,4.67,0.2466,0.3460291028022766,0.8799019607843137,0.914185639229422,250.4151
1100,4.78,0.2382,0.3241194784641266,0.8725490196078431,0.907473309608541,256.2591
1125,4.89,0.2941,0.3073300421237945,0.8725490196078431,0.9071428571428573,262.0563
1150,5.0,0.2735,0.3134536445140838,0.8725490196078431,0.9071428571428573,267.8896
1175,5.11,0.2659,0.336885929107666,0.875,0.9122203098106711,273.6764
1200,5.22,0.2922,0.3173055946826935,0.8872549019607843,0.9198606271777002,279.5557
1225,5.33,0.2746,0.3091796636581421,0.8725490196078431,0.907473309608541,285.4502
1250,5.43,0.3339,0.3131910860538482,0.8700980392156863,0.9051878354203936,291.2013
1275,5.54,0.2443,0.3234814703464508,0.875,0.9087656529516996,297.038
1300,5.65,0.2692,0.3261058032512665,0.8725490196078431,0.9094076655052264,302.8257
1325,5.76,0.2292,0.3428266048431396,0.8774509803921569,0.9125874125874124,308.8246
1350,5.87,0.2974,0.3213810622692108,0.8602941176470589,0.8965517241379312,314.6942
1375,5.98,0.2799,0.3138173520565033,0.8799019607843137,0.9113924050632912,320.7005
1400,6.09,0.1978,0.4487005174160003,0.8480392156862745,0.8966666666666667,326.4007
1425,6.2,0.2815,0.3214376866817474,0.8602941176470589,0.8972972972972973,332.4618
1450,6.3,0.2814,0.3485912382602691,0.8553921568627451,0.888468809073724,338.1335
1475,6.41,0.2808,0.3254346549510956,0.8700980392156863,0.9087779690189328,344.0279
1500,6.52,0.2745,0.3355083763599396,0.8700980392156863,0.9027522935779816,349.7747
1525,6.63,0.2084,0.3640365600585937,0.875,0.9113043478260868,356.0587
1550,6.74,0.2825,0.3313536047935486,0.8651960784313726,0.8994515539305302,361.8021
1575,6.85,0.2449,0.3381153047084808,0.8676470588235294,0.9028776978417268,367.6536
1600,6.96,0.2832,0.3240149915218353,0.8774509803921569,0.9107142857142856,373.5342
1625,7.07,0.2087,0.340034008026123,0.8774509803921569,0.9100719424460432,379.2504
1650,7.17,0.2667,0.3372673988342285,0.8823529411764706,0.9145907473309608,385.0271
1675,7.28,0.2232,0.3769212365150451,0.8627450980392157,0.9057239057239056,390.8387
1700,7.39,0.2842,0.3085836470127105,0.8700980392156863,0.9078260869565218,396.7758
1725,7.5,0.2286,0.3099844753742218,0.8848039215686274,0.9147005444646098,402.6815
1750,7.61,0.2413,0.3052345812320709,0.875,0.9087656529516996,408.5758
1775,7.72,0.2678,0.3292142152786255,0.8774509803921569,0.9140893470790378,414.4469
1800,7.83,0.2306,0.3230172991752624,0.8725490196078431,0.9094076655052264,420.3193
1825,7.93,0.2449,0.3118971884250641,0.875,0.9084380610412928,426.3395
1850,8.04,0.3132,0.3165937662124634,0.8848039215686274,0.9173989455184536,432.1648
1875,8.15,0.2023,0.3267509639263153,0.8848039215686274,0.9162210338680928,437.9742
1900,8.26,0.199,0.3444239199161529,0.875,0.9103690685413004,443.9091
1925,8.37,0.2335,0.3302144110202789,0.8774509803921569,0.910394265232975,449.7692
1950,8.48,0.2114,0.3439675569534302,0.8848039215686274,0.9171075837742504,455.7312
1975,8.59,0.2008,0.352271020412445,0.8725490196078431,0.9100346020761244,461.4414
2000,8.7,0.231,0.3386552929878235,0.8725490196078431,0.9094076655052264,467.3169
2025,8.8,0.226,0.3419330418109894,0.8823529411764706,0.9148936170212766,473.6258
2050,8.91,0.2702,0.3427886664867401,0.8774509803921569,0.9125874125874124,479.5468
2075,9.02,0.2676,0.3358784019947052,0.875,0.9106830122591943,485.2035
2100,9.13,0.1973,0.3345912396907806,0.8823529411764706,0.9133574007220217,491.0479
2125,9.24,0.2148,0.3390189111232757,0.8799019607843137,0.9132743362831858,496.7952
2150,9.35,0.2642,0.3399611711502075,0.8700980392156863,0.9071803852889668,502.6334
2175,9.46,0.2152,0.3353817462921142,0.8676470588235294,0.9052631578947368,508.4592
2200,9.57,0.226,0.348291665315628,0.8725490196078431,0.9097222222222222,514.2962
2225,9.67,0.2495,0.3373602926731109,0.8627450980392157,0.9020979020979022,520.0914
2250,9.78,0.237,0.3371690809726715,0.8725490196078431,0.9090909090909092,525.9001
2275,9.89,0.2304,0.3372619152069092,0.8725490196078431,0.9090909090909092,531.7922
2300,10.0,0.2179,0.3361586630344391,0.8725490196078431,0.9087719298245616,537.5517
