step,epoch,train_loss,eval_loss,eval_accuracy,eval_f1,train_runtime
25,0.10869565217391304,0.6554,0.6295074224472046,0.6838235294117647,0.8122270742358079,5.9792
50,0.21739130434782608,0.6632,0.6183757781982422,0.6838235294117647,0.8122270742358079,11.4869
75,0.32608695652173914,0.6299,0.6141032576560974,0.6838235294117647,0.8122270742358079,17.1543
100,0.43478260869565216,0.6256,0.5830937027931213,0.6887254901960784,0.8145985401459854,22.6799
125,0.5434782608695652,0.5928,0.6869304776191711,0.6838235294117647,0.8122270742358079,28.2539
150,0.6521739130434783,0.6558,0.6265575885772705,0.6838235294117647,0.8122270742358079,33.8298
175,0.7608695652173914,0.6633,0.6825231909751892,0.6838235294117647,0.8122270742358079,39.5147
200,0.8695652173913043,0.6727,0.6260177493095398,0.6838235294117647,0.8122270742358079,45.1822
225,0.9782608695652174,0.6677,0.6412919163703918,0.6838235294117647,0.8122270742358079,50.727
250,1.0869565217391304,0.6463,0.6309407353401184,0.6838235294117647,0.8122270742358079,56.1684
275,1.1956521739130435,0.6513,0.6683954000473022,0.6838235294117647,0.8122270742358079,61.6923
300,1.3043478260869565,0.6397,0.6338359117507935,0.6838235294117647,0.8122270742358079,67.2753
325,1.4130434782608696,0.6532,0.6293997764587402,0.6838235294117647,0.8122270742358079,72.8343
350,1.5217391304347827,0.6643,0.6240938305854797,0.6838235294117647,0.8122270742358079,78.3836
375,1.6304347826086958,0.6218,0.6260571479797363,0.6838235294117647,0.8122270742358079,83.9235
400,1.7391304347826086,0.6315,0.64719158411026,0.6838235294117647,0.8122270742358079,89.4315
425,1.8478260869565217,0.6475,0.6455841660499573,0.6838235294117647,0.8122270742358079,95.0877
450,1.9565217391304348,0.6463,0.6264604330062866,0.6838235294117647,0.8122270742358079,100.7199
475,2.0652173913043477,0.6422,0.6329460740089417,0.6838235294117647,0.8122270742358079,106.1069
500,2.1739130434782608,0.6498,0.6256006956100464,0.6838235294117647,0.8122270742358079,111.6842
525,2.282608695652174,0.6229,0.6366567611694336,0.6838235294117647,0.8122270742358079,117.4839
550,2.391304347826087,0.6504,0.6254884004592896,0.6838235294117647,0.8122270742358079,123.1035
575,2.5,0.654,0.6763834953308105,0.6838235294117647,0.8122270742358079,128.651
600,2.608695652173913,0.6546,0.6285440325737,0.6838235294117647,0.8122270742358079,134.2868
625,2.717391304347826,0.6558,0.6249480843544006,0.6838235294117647,0.8122270742358079,139.9009
650,2.8260869565217392,0.6572,0.6272041201591492,0.6838235294117647,0.8122270742358079,145.554
675,2.9347826086956523,0.6335,0.6266592741012573,0.6838235294117647,0.8122270742358079,151.1681
700,3.0434782608695654,0.6456,0.6279569864273071,0.6838235294117647,0.8122270742358079,156.506
725,3.1521739130434785,0.6252,0.6256950497627258,0.6838235294117647,0.8122270742358079,162.1354
750,3.260869565217391,0.6338,0.6348315477371216,0.6838235294117647,0.8122270742358079,167.7228
775,3.369565217391304,0.656,0.6279828548431396,0.6838235294117647,0.8122270742358079,173.2925
800,3.4782608695652173,0.6482,0.6267341375350952,0.6838235294117647,0.8122270742358079,178.8328
825,3.5869565217391304,0.638,0.6243261694908142,0.6838235294117647,0.8122270742358079,184.511
850,3.6956521739130435,0.6418,0.6327405571937561,0.6838235294117647,0.8122270742358079,190.1545
875,3.8043478260869565,0.6438,0.624776303768158,0.6838235294117647,0.8122270742358079,195.7479
900,3.9130434782608696,0.6648,0.646411657333374,0.6838235294117647,0.8122270742358079,201.3698
925,4.021739130434782,0.6889,0.6390804052352905,0.6838235294117647,0.8122270742358079,206.7967
950,4.130434782608695,0.6186,0.6283639669418335,0.6838235294117647,0.8122270742358079,212.4701
975,4.239130434782608,0.6408,0.62533038854599,0.6838235294117647,0.8122270742358079,217.9207
1000,4.3478260869565215,0.6437,0.6256930232048035,0.6838235294117647,0.8122270742358079,223.518
1025,4.456521739130435,0.6262,0.6312969326972961,0.6838235294117647,0.8122270742358079,229.3937
1050,4.565217391304348,0.646,0.6241801381111145,0.6838235294117647,0.8122270742358079,235.0485
1075,4.673913043478261,0.6541,0.6255536079406738,0.6838235294117647,0.8122270742358079,240.5719
1100,4.782608695652174,0.6333,0.6248160600662231,0.6838235294117647,0.8122270742358079,246.141
1125,4.891304347826087,0.6562,0.6304836869239807,0.6838235294117647,0.8122270742358079,251.7451
1150,5.0,0.6287,0.6246461272239685,0.6838235294117647,0.8122270742358079,257.3054
1175,5.108695652173913,0.6561,0.6244606375694275,0.6838235294117647,0.8122270742358079,262.9074
1200,5.217391304347826,0.6329,0.6247954368591309,0.6838235294117647,0.8122270742358079,268.5621
1225,5.326086956521739,0.656,0.6263337731361389,0.6838235294117647,0.8122270742358079,274.2635
1250,5.434782608695652,0.6584,0.631988525390625,0.6838235294117647,0.8122270742358079,279.8289
1275,5.543478260869565,0.6337,0.62625652551651,0.6838235294117647,0.8122270742358079,285.4545
1300,5.6521739130434785,0.6095,0.6240001916885376,0.6838235294117647,0.8122270742358079,291.1227
1325,5.760869565217392,0.6288,0.623986542224884,0.6838235294117647,0.8122270742358079,296.8453
1350,5.869565217391305,0.6131,0.6242977380752563,0.6838235294117647,0.8122270742358079,302.6016
1375,5.978260869565218,0.6167,0.6241105794906616,0.6838235294117647,0.8122270742358079,308.3374
1400,6.086956521739131,0.5932,0.6312954425811768,0.6838235294117647,0.8122270742358079,313.9517
1425,6.195652173913044,0.641,0.6242550015449524,0.6838235294117647,0.8122270742358079,319.7582
1450,6.304347826086957,0.6473,0.6245518326759338,0.6838235294117647,0.8122270742358079,325.3265
1475,6.413043478260869,0.6359,0.6249873638153076,0.6838235294117647,0.8122270742358079,331.0777
1500,6.521739130434782,0.6649,0.6245091557502747,0.6838235294117647,0.8122270742358079,336.6577
1525,6.630434782608695,0.6147,0.623993456363678,0.6838235294117647,0.8122270742358079,342.6334
1550,6.739130434782608,0.6316,0.6239708662033081,0.6838235294117647,0.8122270742358079,348.206
1575,6.8478260869565215,0.6451,0.6257207989692688,0.6838235294117647,0.8122270742358079,353.8665
1600,6.956521739130435,0.6245,0.6241232752799988,0.6838235294117647,0.8122270742358079,359.5499
1625,7.065217391304348,0.6586,0.624750554561615,0.6838235294117647,0.8122270742358079,365.0489
1650,7.173913043478261,0.6098,0.6242040991783142,0.6838235294117647,0.8122270742358079,370.7128
1675,7.282608695652174,0.6169,0.6244502067565918,0.6838235294117647,0.8122270742358079,376.3081
1700,7.391304347826087,0.633,0.623979926109314,0.6838235294117647,0.8122270742358079,382.0734
1725,7.5,0.6599,0.6263837218284607,0.6838235294117647,0.8122270742358079,387.7833
1750,7.608695652173913,0.6463,0.6260815262794495,0.6838235294117647,0.8122270742358079,393.4744
1775,7.717391304347826,0.6363,0.6247057318687439,0.6838235294117647,0.8122270742358079,399.149
1800,7.826086956521739,0.6425,0.6247091293334961,0.6838235294117647,0.8122270742358079,404.7253
1825,7.934782608695652,0.6243,0.624222457408905,0.6838235294117647,0.8122270742358079,410.5683
1850,8.043478260869565,0.6119,0.6241607069969177,0.6838235294117647,0.8122270742358079,416.0867
1875,8.152173913043478,0.6608,0.6249368190765381,0.6838235294117647,0.8122270742358079,421.8084
1900,8.26086956521739,0.6067,0.6239547729492188,0.6838235294117647,0.8122270742358079,427.4177
1925,8.369565217391305,0.637,0.6239539384841919,0.6838235294117647,0.8122270742358079,433.1267
1950,8.478260869565217,0.648,0.6248231530189514,0.6838235294117647,0.8122270742358079,438.8007
1975,8.58695652173913,0.619,0.6239674687385559,0.6838235294117647,0.8122270742358079,444.3423
2000,8.695652173913043,0.6429,0.6239712834358215,0.6838235294117647,0.8122270742358079,449.9359
2025,8.804347826086957,0.647,0.6243178248405457,0.6838235294117647,0.8122270742358079,455.762
2050,8.91304347826087,0.6096,0.6240190267562866,0.6838235294117647,0.8122270742358079,461.4715
2075,9.021739130434783,0.6223,0.6239563226699829,0.6838235294117647,0.8122270742358079,466.9474
2100,9.130434782608695,0.621,0.6239558458328247,0.6838235294117647,0.8122270742358079,472.5759
2125,9.23913043478261,0.6333,0.6241483688354492,0.6838235294117647,0.8122270742358079,478.1621
2150,9.347826086956522,0.6101,0.6239564418792725,0.6838235294117647,0.8122270742358079,483.7474
2175,9.456521739130435,0.632,0.6239985227584839,0.6838235294117647,0.8122270742358079,489.4096
2200,9.565217391304348,0.6273,0.6239765882492065,0.6838235294117647,0.8122270742358079,495.02
2225,9.673913043478262,0.6349,0.6239574551582336,0.6838235294117647,0.8122270742358079,500.7072
2250,9.782608695652174,0.6372,0.6239708065986633,0.6838235294117647,0.8122270742358079,506.2924
2275,9.891304347826086,0.6428,0.6240270733833313,0.6838235294117647,0.8122270742358079,512.0105
2300,10.0,0.6545,0.6240293979644775,0.6838235294117647,0.8122270742358079,517.5572
