step,epoch,train_loss,eval_loss,eval_accuracy,eval_f1,train_runtime
25,0.10869565217391304,0.6565,0.6356301307678223,0.6838235294117647,0.8122270742358079,6.1551
50,0.21739130434782608,0.6606,0.6251732110977173,0.6838235294117647,0.8122270742358079,11.9709
75,0.32608695652173914,0.639,0.6199073195457458,0.6838235294117647,0.8122270742358079,17.848
100,0.43478260869565216,0.6404,0.6125673055648804,0.6838235294117647,0.8122270742358079,23.6547
125,0.5434782608695652,0.5902,0.5751211643218994,0.6936274509803921,0.8159057437407953,29.4529
150,0.6521739130434783,0.5431,0.4979374408721924,0.7573529411764706,0.8395461912479741,35.2474
175,0.7608695652173914,0.5709,0.46601927280426025,0.7941176470588235,0.8359375000000001,41.2101
200,0.8695652173913043,0.5137,0.44176164269447327,0.7867647058823529,0.8594507269789984,47.1307
225,0.9782608695652174,0.5177,0.48219457268714905,0.7818627450980392,0.8504201680672269,52.9874
250,1.0869565217391304,0.4966,0.3990306854248047,0.8284313725490197,0.883720930232558,58.6462
275,1.1956521739130435,0.4621,0.44333866238594055,0.7671568627450981,0.8517940717628706,64.5216
300,1.3043478260869565,0.4617,0.40878790616989136,0.8259803921568627,0.8814691151919867,70.3605
325,1.4130434782608696,0.419,0.4087658226490021,0.8137254901960784,0.848,76.2063
350,1.5217391304347827,0.474,0.3823494613170624,0.8235294117647058,0.880794701986755,82.0408
375,1.6304347826086958,0.4575,0.35004425048828125,0.8455882352941176,0.8831168831168831,87.8083
400,1.7391304347826086,0.3953,0.3258594870567322,0.8602941176470589,0.8976660682226212,93.635
425,1.8478260869565217,0.4254,0.34685850143432617,0.8431372549019608,0.8857142857142857,99.6006
450,1.9565217391304348,0.4216,0.3440883159637451,0.8406862745098039,0.8900169204737733,105.5422
475,2.0652173913043477,0.3807,0.46823668479919434,0.821078431372549,0.8816855753646677,111.2624
500,2.1739130434782608,0.4051,0.32057684659957886,0.8651960784313726,0.8987108655616944,117.0857
525,2.282608695652174,0.3777,0.3184218406677246,0.8700980392156863,0.9009345794392524,123.1775
550,2.391304347826087,0.354,0.30900049209594727,0.8700980392156863,0.9045045045045046,128.9444
575,2.5,0.3748,0.3158690929412842,0.8602941176470589,0.9015544041450777,134.8553
600,2.608695652173913,0.3388,0.3003414571285248,0.8725490196078431,0.9064748201438848,140.6569
625,2.717391304347826,0.3411,0.33474233746528625,0.8725490196078431,0.9109589041095889,146.627
650,2.8260869565217392,0.3823,0.31122854351997375,0.8725490196078431,0.9084507042253521,152.4818
675,2.9347826086956523,0.327,0.31843873858451843,0.8823529411764706,0.9145907473309609,158.4166
700,3.0434782608695654,0.3051,0.3482239544391632,0.8651960784313726,0.9046793760831888,164.0011
725,3.1521739130434785,0.3634,0.3479822278022766,0.8578431372549019,0.901023890784983,169.8976
750,3.260869565217391,0.308,0.31816861033439636,0.8725490196078431,0.9090909090909091,175.7571
775,3.369565217391304,0.2747,0.30239951610565186,0.8725490196078431,0.9061371841155236,181.5267
800,3.4782608695652173,0.3154,0.3231761157512665,0.8700980392156863,0.9094017094017094,187.3658
825,3.5869565217391304,0.3561,0.29360663890838623,0.875,0.9100529100529101,193.2078
850,3.6956521739130435,0.3278,0.28758177161216736,0.8848039215686274,0.9153153153153154,199.112
875,3.8043478260869565,0.3021,0.29667937755584717,0.8897058823529411,0.9177330895795247,204.9363
900,3.9130434782608696,0.3276,0.2950957715511322,0.8848039215686274,0.9143897996357014,210.8363
925,4.021739130434782,0.3226,0.31478968262672424,0.8676470588235294,0.8996282527881041,216.5058
950,4.130434782608695,0.2702,0.2956993579864502,0.8848039215686274,0.9162210338680927,222.4387
975,4.239130434782608,0.287,0.3378294110298157,0.8602941176470589,0.9028960817717206,228.1261
1000,4.3478260869565215,0.3084,0.30784690380096436,0.8725490196078431,0.9090909090909091,233.9698
1025,4.456521739130435,0.3025,0.2975849509239197,0.8725490196078431,0.9057971014492753,240.1646
1050,4.565217391304348,0.2773,0.2997702658176422,0.8799019607843137,0.9126559714795008,246.1088
1075,4.673913043478261,0.2275,0.3297964334487915,0.8774509803921569,0.9113475177304964,251.9143
1100,4.782608695652174,0.2396,0.3559187352657318,0.8651960784313726,0.9033391915641477,257.8205
1125,4.891304347826087,0.301,0.31429171562194824,0.8578431372549019,0.8982456140350877,263.641
1150,5.0,0.261,0.3078286051750183,0.8872549019607843,0.9181494661921709,269.5288
1175,5.108695652173913,0.2328,0.3071817457675934,0.8725490196078431,0.9084507042253521,275.296
1200,5.217391304347826,0.2462,0.30561932921409607,0.875,0.9113043478260869,281.2718
1225,5.326086956521739,0.2033,0.32150399684906006,0.8970588235294118,0.9244604316546762,287.132
1250,5.434782608695652,0.283,0.3230525255203247,0.8799019607843137,0.9141856392294221,292.9894
1275,5.543478260869565,0.2043,0.3124440014362335,0.8946078431372549,0.9222423146473779,298.8003
1300,5.6521739130434785,0.2262,0.31832155585289,0.8848039215686274,0.91651865008881,304.7147
1325,5.760869565217392,0.2058,0.3101770281791687,0.8799019607843137,0.9120287253141832,310.6225
1350,5.869565217391305,0.2971,0.2982802093029022,0.8799019607843137,0.9135802469135803,316.5911
1375,5.978260869565218,0.2623,0.27939534187316895,0.8946078431372549,0.9228007181328547,322.5525
1400,6.086956521739131,0.1647,0.416013240814209,0.8651960784313726,0.9075630252100839,328.3518
1425,6.195652173913044,0.2137,0.34503069519996643,0.8602941176470589,0.9008695652173914,334.3816
1450,6.304347826086957,0.1899,0.40669113397598267,0.8848039215686274,0.9121495327102804,340.153
1475,6.413043478260869,0.2584,0.33376243710517883,0.8676470588235294,0.9055944055944055,346.0042
1500,6.521739130434782,0.2235,0.31812170147895813,0.8848039215686274,0.9156193895870736,351.8404
1525,6.630434782608695,0.1659,0.36913859844207764,0.8700980392156863,0.9081455805892548,358.2132
1550,6.739130434782608,0.2484,0.34058162569999695,0.8897058823529411,0.9186256781193489,364.03
1575,6.8478260869565215,0.2027,0.33458828926086426,0.8872549019607843,0.9169675090252707,369.94
1600,6.956521739130435,0.2053,0.34468361735343933,0.8897058823529411,0.9194991055456172,375.8859
1625,7.065217391304348,0.1699,0.37116432189941406,0.8946078431372549,0.9222423146473779,381.6832
1650,7.173913043478261,0.2296,0.34151095151901245,0.8970588235294118,0.924187725631769,387.5142
1675,7.282608695652174,0.2096,0.30857881903648376,0.8897058823529411,0.9214659685863874,393.384
1700,7.391304347826087,0.1687,0.3219738006591797,0.8921568627450981,0.923076923076923,399.3243
1725,7.5,0.1671,0.35892754793167114,0.8946078431372549,0.9208103130755064,405.2789
1750,7.608695652173913,0.2204,0.3167092204093933,0.8970588235294118,0.9239130434782609,411.1273
1775,7.717391304347826,0.1816,0.3394263684749603,0.8799019607843137,0.9147826086956522,417.0826
1800,7.826086956521739,0.1768,0.32357409596443176,0.8872549019607843,0.9184397163120569,422.8666
1825,7.934782608695652,0.2136,0.3131750822067261,0.8995098039215687,0.9266547406082289,428.9337
1850,8.043478260869565,0.2145,0.3346799612045288,0.8897058823529411,0.9217391304347826,434.6609
1875,8.152173913043478,0.1569,0.34320947527885437,0.8946078431372549,0.9225225225225226,440.5913
1900,8.26086956521739,0.1588,0.35710608959198,0.8921568627450981,0.923076923076923,446.4619
1925,8.369565217391305,0.1524,0.34581202268600464,0.8970588235294118,0.925531914893617,452.4629
1950,8.478260869565217,0.1441,0.36639174818992615,0.8946078431372549,0.9244288224956063,458.3782
1975,8.58695652173913,0.15,0.3679966628551483,0.8897058823529411,0.9211908931698775,464.4617
2000,8.695652173913043,0.1605,0.3711979389190674,0.8872549019607843,0.9201388888888888,470.2805
2025,8.804347826086957,0.1587,0.3641207814216614,0.8946078431372549,0.9228007181328547,476.4575
2050,8.91304347826087,0.2061,0.3563652038574219,0.8921568627450981,0.9225352112676057,482.3308
2075,9.021739130434783,0.1912,0.3527727425098419,0.8921568627450981,0.9225352112676057,488.0863
2100,9.130434782608695,0.1184,0.3543555736541748,0.8970588235294118,0.9244604316546762,493.8827
2125,9.23913043478261,0.1327,0.36477425694465637,0.9019607843137255,0.9288256227758006,499.6852
2150,9.347826086956522,0.1649,0.3735952079296112,0.8946078431372549,0.9244288224956063,505.577
2175,9.456521739130435,0.1373,0.36734408140182495,0.9044117647058824,0.9304812834224598,511.4507
2200,9.565217391304348,0.1449,0.3709009885787964,0.8897058823529411,0.9206349206349206,517.3031
2225,9.673913043478262,0.1634,0.3717290163040161,0.8897058823529411,0.9206349206349206,523.1283
2250,9.782608695652174,0.1567,0.36714792251586914,0.8946078431372549,0.9238938053097344,529.0042
2275,9.891304347826086,0.126,0.36701464653015137,0.8970588235294118,0.925531914893617,534.904
2300,10.0,0.1162,0.36657050251960754,0.8995098039215687,0.9271758436944938,540.7425
