step,epoch,train_loss,eval_loss,eval_accuracy,eval_f1,train_runtime
25,0.11,0.6565,0.6354808211326599,0.6838235294117647,0.8122270742358079,5.8874
50,0.22,0.6607,0.6251887083053589,0.6838235294117647,0.8122270742358079,11.2733
75,0.33,0.6399,0.6211707592010498,0.6838235294117647,0.8122270742358079,16.8511
100,0.43,0.641,0.6125887036323547,0.6838235294117647,0.8122270742358079,22.2526
125,0.54,0.5902,0.5669169425964355,0.6936274509803921,0.8159057437407953,27.7377
150,0.65,0.553,0.4987649023532867,0.7647058823529411,0.8315789473684212,33.1314
175,0.76,0.5755,0.4715901613235473,0.7769607843137255,0.8475711892797321,38.7327
200,0.87,0.4918,0.5408129692077637,0.7745098039215687,0.8544303797468353,44.2624
225,0.98,0.5991,0.4012026190757751,0.8235294117647058,0.8762886597938144,49.7298
250,1.09,0.4587,0.4183107614517212,0.8063725490196079,0.8685524126455907,55.0805
275,1.2,0.4689,0.4028850495815277,0.8063725490196079,0.868988391376451,60.5301
300,1.3,0.4524,0.372893750667572,0.8455882352941176,0.8892794376098417,66.0901
325,1.41,0.3712,0.3588730990886688,0.8431372549019608,0.876923076923077,71.5244
350,1.52,0.4655,0.3975264728069305,0.8382352941176471,0.8862068965517241,77.0568
375,1.63,0.4289,0.3470232486724853,0.8529411764705882,0.8924731182795699,82.4445
400,1.74,0.3723,0.4075138568878174,0.8504901960784313,0.8859813084112149,87.9456
425,1.85,0.4339,0.3675341606140136,0.8333333333333334,0.8839590443686006,93.4601
450,1.96,0.3992,0.3386606276035309,0.8578431372549019,0.8953068592057761,99.0364
475,2.07,0.3392,0.440629243850708,0.8333333333333334,0.8870431893687708,104.3636
500,2.17,0.3922,0.3461853861808777,0.8382352941176471,0.8730769230769231,109.83
525,2.28,0.3615,0.325420469045639,0.8651960784313726,0.8983364140480593,115.9648
550,2.39,0.3624,0.3206455111503601,0.8700980392156863,0.9038112522686026,121.387
575,2.5,0.3799,0.3423511683940887,0.8455882352941176,0.893760539629005,126.9121
600,2.61,0.325,0.335948646068573,0.8651960784313726,0.9043478260869564,132.3561
625,2.72,0.3011,0.4699678122997284,0.8431372549019608,0.893687707641196,137.9459
650,2.83,0.4132,0.350471943616867,0.8431372549019608,0.8904109589041096,143.4355
675,2.93,0.3051,0.3485228717327118,0.8627450980392157,0.900709219858156,148.9841
700,3.04,0.2983,0.3512280881404876,0.8627450980392157,0.9,154.226
725,3.15,0.3227,0.3592895865440368,0.8676470588235294,0.9072164948453608,159.7327
750,3.26,0.3173,0.3823252022266388,0.8676470588235294,0.909090909090909,165.2497
775,3.37,0.2757,0.3253777027130127,0.8725490196078431,0.907473309608541,170.6329
800,3.48,0.3393,0.2963448166847229,0.8627450980392157,0.9,176.1458
825,3.59,0.3488,0.3090337216854095,0.8700980392156863,0.9045045045045046,181.6392
850,3.7,0.3097,0.3184607923030853,0.8651960784313726,0.9012567324955116,187.264
875,3.8,0.2952,0.3558951616287231,0.8627450980392157,0.900709219858156,192.7642
900,3.91,0.3434,0.3478638231754303,0.8480392156862745,0.8956228956228957,198.3909
925,4.02,0.3379,0.3359683454036712,0.8578431372549019,0.8989547038327526,203.7348
950,4.13,0.2606,0.3417065441608429,0.8627450980392157,0.9027777777777778,209.3241
975,4.24,0.289,0.3512272834777832,0.8725490196078431,0.9106529209621992,214.7833
1000,4.35,0.305,0.334992378950119,0.8651960784313726,0.9040139616055848,220.2484
1025,4.46,0.2972,0.2982803583145141,0.875,0.907103825136612,226.3794
1050,4.57,0.2832,0.3306781053543091,0.875,0.9081081081081082,231.8902
1075,4.67,0.2659,0.3688036501407623,0.8578431372549019,0.8999999999999999,237.3566
1100,4.78,0.2333,0.3340872824192047,0.8774509803921569,0.911032028469751,242.8416
1125,4.89,0.257,0.3127748668193817,0.8651960784313726,0.9005424954792043,248.4033
1150,5.0,0.2845,0.3136691451072693,0.8676470588235294,0.9035714285714286,253.875
1175,5.11,0.2207,0.3353781700134277,0.8823529411764706,0.9157894736842104,259.4029
1200,5.22,0.2387,0.3634542226791382,0.875,0.911917098445596,264.9281
1225,5.33,0.2462,0.3296466767787933,0.8700980392156863,0.905861456483126,270.4766
1250,5.43,0.2779,0.3668038249015808,0.875,0.9084380610412928,275.8934
1275,5.54,0.2115,0.3488785922527313,0.875,0.907441016333938,281.3811
1300,5.65,0.2374,0.3602395951747894,0.8823529411764706,0.9136690647482014,286.8698
1325,5.76,0.2105,0.3542593717575073,0.8774509803921569,0.9100719424460432,292.4875
1350,5.87,0.2786,0.3284046053886413,0.875,0.9097345132743364,298.0443
1375,5.98,0.2581,0.3120431005954742,0.8799019607843137,0.9113924050632912,303.642
1400,6.09,0.1696,0.4434235990047455,0.8406862745098039,0.8911222780569515,309.1026
1425,6.2,0.2382,0.3588338494300842,0.8676470588235294,0.9055944055944056,314.7544
1450,6.3,0.2161,0.4139750003814697,0.8676470588235294,0.8996282527881041,320.2085
1475,6.41,0.2469,0.3984285295009613,0.8676470588235294,0.90625,325.6889
1500,6.52,0.2646,0.354356586933136,0.8848039215686274,0.91500904159132,331.2083
1525,6.63,0.1745,0.4376854300498962,0.8725490196078431,0.9081272084805654,337.537
1550,6.74,0.249,0.4106205105781555,0.8725490196078431,0.9057971014492752,343.0182
1575,6.85,0.2267,0.4088011682033539,0.8725490196078431,0.908450704225352,348.4997
1600,6.96,0.2218,0.3838819563388824,0.8725490196078431,0.9061371841155236,354.1036
1625,7.07,0.2073,0.4220920503139496,0.8700980392156863,0.9023941068139965,359.4584
1650,7.17,0.2679,0.369068831205368,0.8774509803921569,0.9080882352941176,364.9786
1675,7.28,0.196,0.4093433022499084,0.8553921568627451,0.9005059021922428,370.4161
1700,7.39,0.2021,0.3597089052200317,0.8700980392156863,0.9071803852889668,375.9923
1725,7.5,0.186,0.4317308664321899,0.8799019607843137,0.9097605893186004,381.6036
1750,7.61,0.1912,0.3570717573165893,0.8823529411764706,0.9145907473309608,387.1236
1775,7.72,0.2127,0.3723437488079071,0.875,0.9106830122591943,392.7143
1800,7.83,0.1909,0.3961102962493896,0.875,0.907441016333938,398.1502
1825,7.93,0.253,0.3514380753040313,0.875,0.906764168190128,403.8738
1850,8.04,0.2355,0.353789746761322,0.875,0.9103690685413004,409.2582
1875,8.15,0.1749,0.3938250541687011,0.8799019607843137,0.9117117117117116,414.8075
1900,8.26,0.1621,0.4122119545936584,0.875,0.9084380610412928,420.3158
1925,8.37,0.2202,0.3843111395835876,0.8774509803921569,0.9116607773851588,425.9306
1950,8.48,0.1568,0.4005013704299927,0.8774509803921569,0.9107142857142856,431.5038
1975,8.59,0.1719,0.390671819448471,0.8725490196078431,0.9081272084805654,437.0467
2000,8.7,0.1893,0.4153212010860443,0.8676470588235294,0.90625,442.5196
2025,8.8,0.1803,0.4227451980113983,0.8799019607843137,0.9117117117117116,448.6336
2050,8.91,0.2246,0.405089259147644,0.8799019607843137,0.9129662522202486,454.1769
2075,9.02,0.2238,0.3942176699638366,0.8700980392156863,0.906854130052724,459.5426
2100,9.13,0.109,0.4268982708454132,0.8823529411764706,0.9130434782608696,465.0473
2125,9.24,0.1999,0.4159700870513916,0.8823529411764706,0.9142857142857144,470.4921
2150,9.35,0.1981,0.4139330387115478,0.8799019607843137,0.9129662522202486,476.0426
2175,9.46,0.1636,0.4097081422805786,0.8823529411764706,0.9145907473309608,481.5511
2200,9.57,0.148,0.4141644239425659,0.8823529411764706,0.9151943462897526,487.0934
2225,9.67,0.1875,0.4075356423854828,0.8799019607843137,0.9126559714795008,492.5529
2250,9.78,0.1924,0.4053041934967041,0.8774509803921569,0.9107142857142856,498.0633
2275,9.89,0.1875,0.4057555496692657,0.8799019607843137,0.9123434704830052,503.6208
2300,10.0,0.1632,0.4068140983581543,0.875,0.9084380610412928,509.0629
