step,epoch,train_loss,eval_loss,eval_accuracy,eval_f1,train_runtime
25,0.11,0.6674,0.6404163837432861,0.6838235294117647,0.8122270742358079,6.1053
50,0.22,0.6617,0.6243981719017029,0.6838235294117647,0.8122270742358079,11.7597
75,0.33,0.6377,0.620974063873291,0.6838235294117647,0.8122270742358079,17.5423
100,0.43,0.64,0.6143845319747925,0.6838235294117647,0.8122270742358079,23.2563
125,0.54,0.5993,0.5989251136779785,0.6838235294117647,0.8122270742358079,28.9767
150,0.65,0.5723,0.5306001305580139,0.7377450980392157,0.8304278922345483,34.6334
175,0.76,0.5657,0.5070427656173706,0.7598039215686274,0.8262411347517731,40.4439
200,0.87,0.5348,0.5401604175567627,0.7524509803921569,0.842433697347894,46.1751
225,0.98,0.5362,0.4735951125621795,0.7696078431372549,0.8127490039840637,51.7998
250,1.09,0.48,0.4413892030715942,0.8186274509803921,0.872852233676976,57.2603
275,1.2,0.4875,0.4198493659496307,0.7941176470588235,0.8636363636363636,62.8973
300,1.3,0.4755,0.4455413818359375,0.8112745098039216,0.8731466227347612,68.6066
325,1.41,0.4177,0.5261109471321106,0.7132352941176471,0.7439824945295404,74.2331
350,1.52,0.5163,0.3931806683540344,0.7941176470588235,0.8609271523178808,79.9198
375,1.63,0.4197,0.3475338816642761,0.8455882352941176,0.8868940754039497,85.4503
400,1.74,0.361,0.3841397762298584,0.8504901960784313,0.8904847396768403,91.1211
425,1.85,0.4628,0.3498112857341766,0.8455882352941176,0.88268156424581,96.8104
450,1.96,0.4172,0.3407610952854156,0.8455882352941176,0.8860759493670886,102.6244
475,2.07,0.3727,0.4299644827842712,0.8235294117647058,0.8811881188118812,108.0722
500,2.17,0.3926,0.3253575563430786,0.8602941176470589,0.8950276243093922,113.7526
525,2.28,0.3723,0.3264786899089813,0.8553921568627451,0.8897196261682244,119.9586
550,2.39,0.316,0.3372327089309692,0.8602941176470589,0.8987566607460036,125.5949
575,2.5,0.3911,0.3354874551296234,0.8357843137254902,0.8842832469775476,131.2555
600,2.61,0.3338,0.3425878882408142,0.8627450980392157,0.903448275862069,136.8866
625,2.72,0.3137,0.4140589237213135,0.8504901960784313,0.897822445561139,142.6148
650,2.83,0.4277,0.3329584002494812,0.8651960784313726,0.9050086355785838,148.2737
675,2.93,0.3323,0.3251743614673614,0.8700980392156863,0.9045045045045046,153.9966
700,3.04,0.3072,0.368121474981308,0.8602941176470589,0.900523560209424,159.3936
725,3.15,0.3468,0.4497385323047638,0.8382352941176471,0.890728476821192,165.0839
750,3.26,0.3619,0.4020366370677948,0.8357843137254902,0.888888888888889,170.7717
775,3.37,0.2623,0.3879905045032501,0.8676470588235294,0.9059233449477352,176.3821
800,3.48,0.3061,0.4006591439247131,0.8700980392156863,0.9090909090909092,181.9971
825,3.59,0.3489,0.3182610273361206,0.875,0.9097345132743364,187.7042
850,3.7,0.3524,0.2992928028106689,0.8578431372549019,0.8945454545454546,193.4303
875,3.8,0.2889,0.3235712945461273,0.8627450980392157,0.8978102189781021,199.1599
900,3.91,0.3367,0.3313698768615722,0.8504901960784313,0.8953687821612349,204.9021
925,4.02,0.3209,0.3275381326675415,0.8553921568627451,0.8981001727115717,210.5161
950,4.13,0.2604,0.3408461809158325,0.8651960784313726,0.905982905982906,216.1831
975,4.24,0.3212,0.367770105600357,0.8455882352941176,0.8944723618090453,221.8026
1000,4.35,0.3262,0.3504267632961273,0.8529411764705882,0.8986486486486487,227.3893
1025,4.46,0.3005,0.3238134980201721,0.8602941176470589,0.8950276243093922,233.778
1050,4.57,0.2625,0.3415696024894714,0.8602941176470589,0.9001751313485115,239.4448
1075,4.67,0.2541,0.3651340007781982,0.8676470588235294,0.9045936395759716,245.1536
1100,4.78,0.2352,0.3649346530437469,0.8799019607843137,0.9126559714795008,250.8151
1125,4.89,0.2953,0.3247017860412597,0.8676470588235294,0.9035714285714286,256.5468
1150,5.0,0.2621,0.3349429965019226,0.8700980392156863,0.906854130052724,262.2135
1175,5.11,0.2355,0.3584344387054443,0.8651960784313726,0.9053356282271946,267.8497
1200,5.22,0.2538,0.3468833863735199,0.8725490196078431,0.9106529209621992,273.5634
1225,5.33,0.2528,0.3411154150962829,0.8676470588235294,0.9059233449477352,279.2895
1250,5.43,0.2786,0.3459154069423675,0.875,0.9109947643979056,284.9518
1275,5.54,0.2583,0.326829582452774,0.8651960784313726,0.9029982363315696,290.6083
1300,5.65,0.2484,0.3687856793403625,0.8651960784313726,0.9046793760831888,296.2715
1325,5.76,0.2081,0.3809519112110138,0.8651960784313726,0.9046793760831888,302.0303
1350,5.87,0.3025,0.3415658175945282,0.875,0.905027932960894,307.7818
1375,5.98,0.2685,0.3326214849948883,0.875,0.91005291005291,313.5794
1400,6.09,0.1816,0.5127711296081543,0.8382352941176471,0.890728476821192,319.2044
1425,6.2,0.2423,0.3467717170715332,0.8578431372549019,0.8971631205673759,325.0391
1450,6.3,0.2621,0.3319954872131347,0.8676470588235294,0.9003690036900369,330.6359
1475,6.41,0.2258,0.3658567368984222,0.8627450980392157,0.902439024390244,336.3084
1500,6.52,0.288,0.3530538976192474,0.8676470588235294,0.9032258064516128,341.9783
1525,6.63,0.2035,0.3790266811847687,0.8578431372549019,0.8975265017667844,348.3079
1550,6.74,0.2413,0.3737382292747497,0.8651960784313726,0.8998178506375228,353.9682
1575,6.85,0.2371,0.3824658989906311,0.8725490196078431,0.9081272084805654,359.6096
1600,6.96,0.2567,0.3608266115188598,0.8602941176470589,0.8991150442477877,365.4043
1625,7.07,0.1943,0.3655046820640564,0.875,0.9084380610412928,370.9398
1650,7.17,0.2471,0.3650990724563598,0.8651960784313726,0.9016100178890876,376.6396
1675,7.28,0.2118,0.3481362760066986,0.8676470588235294,0.9065743944636676,382.24
1700,7.39,0.219,0.3746066987514496,0.8480392156862745,0.89419795221843,388.0281
1725,7.5,0.2001,0.3747654855251312,0.8774509803921569,0.9070631970260224,393.7529
1750,7.61,0.2193,0.3343090415000915,0.8872549019607843,0.9178571428571428,399.5327
1775,7.72,0.2205,0.3791464865207672,0.8602941176470589,0.902229845626072,405.2479
1800,7.83,0.2163,0.3466745615005493,0.875,0.91005291005291,410.9623
1825,7.93,0.2094,0.3441523313522339,0.8823529411764706,0.9136690647482014,416.8271
1850,8.04,0.2936,0.3602133393287658,0.8725490196078431,0.9087719298245616,422.4312
1875,8.15,0.1741,0.3529237508773803,0.8848039215686274,0.9162210338680928,428.1128
1900,8.26,0.1521,0.3939888775348663,0.8651960784313726,0.9040139616055848,433.8412
1925,8.37,0.2189,0.374869167804718,0.875,0.91005291005291,439.5874
1950,8.48,0.18,0.3896613419055938,0.8725490196078431,0.9087719298245616,445.3694
1975,8.59,0.1686,0.4131878018379211,0.8651960784313726,0.9056603773584906,450.9941
2000,8.7,0.1968,0.3919495344161987,0.8700980392156863,0.9078260869565218,456.6626
2025,8.8,0.217,0.3769676089286804,0.8774509803921569,0.9113475177304964,462.9001
2050,8.91,0.2509,0.3765160143375397,0.8725490196078431,0.9094076655052264,468.677
2075,9.02,0.2559,0.364784687757492,0.8676470588235294,0.9059233449477352,474.2306
2100,9.13,0.1623,0.3580832481384277,0.8823529411764706,0.9145907473309608,479.8926
2125,9.24,0.182,0.3697737157344818,0.8799019607843137,0.9132743362831858,485.5279
2150,9.35,0.2478,0.3736714720726013,0.8725490196078431,0.9094076655052264,491.1977
2175,9.46,0.194,0.3662176728248596,0.8774509803921569,0.9125874125874124,497.0132
2200,9.57,0.1842,0.3815635144710541,0.8651960784313726,0.9053356282271946,502.6805
2225,9.67,0.2337,0.363536387681961,0.8700980392156863,0.906854130052724,508.3573
2250,9.78,0.1969,0.364805668592453,0.8700980392156863,0.9071803852889668,514.0058
2275,9.89,0.1779,0.3666296601295471,0.8700980392156863,0.9071803852889668,519.781
2300,10.0,0.1808,0.3652463555335998,0.8725490196078431,0.9087719298245616,525.4357
