step,epoch,train_loss,eval_loss,eval_accuracy,eval_f1,train_runtime
25,0.11,0.6664,0.6379922032356262,0.6838235294117647,0.8122270742358079,6.127
50,0.22,0.6624,0.6230228543281555,0.6838235294117647,0.8122270742358079,11.7174
75,0.33,0.6342,0.6098198890686035,0.6838235294117647,0.8122270742358079,17.5288
100,0.43,0.6369,0.5747789740562439,0.7107843137254902,0.8217522658610272,23.2148
125,0.54,0.5436,0.5204458832740784,0.7181372549019608,0.8260211800302572,29.025
150,0.65,0.5128,0.482734352350235,0.7916666666666666,0.8631239935587761,34.7625
175,0.76,0.5717,0.4823752045631408,0.7965686274509803,0.852575488454707,40.6502
200,0.87,0.499,0.4509458243846893,0.7965686274509803,0.865040650406504,46.3553
225,0.98,0.5808,0.4687548279762268,0.8333333333333334,0.8802816901408451,52.0237
250,1.09,0.504,0.4400045275688171,0.7916666666666666,0.8622366288492707,57.4377
275,1.2,0.4507,0.3771978616714477,0.8308823529411765,0.8840336134453781,63.0617
300,1.3,0.4579,0.3594078421592712,0.8529411764705882,0.8958333333333334,68.7189
325,1.41,0.3877,0.3591782748699188,0.8357843137254902,0.8784029038112522,74.2984
350,1.52,0.4409,0.3767276108264923,0.8333333333333334,0.8843537414965985,79.9853
375,1.63,0.3978,0.3606390953063965,0.8578431372549019,0.8978873239436619,85.5183
400,1.74,0.3495,0.3564149737358093,0.8627450980392157,0.9017543859649124,91.1899
425,1.85,0.4147,0.3435499966144562,0.8406862745098039,0.8932676518883416,96.89
450,1.96,0.4094,0.3598290681838989,0.875,0.9116117850953208,102.7253
475,2.07,0.3248,0.4797311723232269,0.8455882352941176,0.8948247078464107,108.183
500,2.17,0.3613,0.3131929337978363,0.8602941176470589,0.8961748633879781,113.9243
525,2.28,0.353,0.3021434843540191,0.8700980392156863,0.90652557319224,120.1353
550,2.39,0.2987,0.3569092452526092,0.8848039215686274,0.9173989455184536,125.8242
575,2.5,0.3452,0.307016521692276,0.8700980392156863,0.9081455805892548,131.5042
600,2.61,0.3146,0.3641084432601928,0.8602941176470589,0.9032258064516128,137.2008
625,2.72,0.3029,0.3954153954982757,0.8480392156862745,0.8963210702341137,142.9378
650,2.83,0.3781,0.3186849057674408,0.8676470588235294,0.9072164948453608,148.6934
675,2.93,0.3006,0.3296020328998565,0.8774509803921569,0.9116607773851588,154.4116
700,3.04,0.2541,0.3739223778247833,0.8725490196078431,0.9081272084805654,159.8967
725,3.15,0.3061,0.3823369443416595,0.8651960784313726,0.905982905982906,165.5321
750,3.26,0.2827,0.4023526608943939,0.8774509803921569,0.915824915824916,171.2754
775,3.37,0.2379,0.3438144624233246,0.8725490196078431,0.9090909090909092,176.8106
800,3.48,0.2673,0.4554827511310577,0.8382352941176471,0.8914473684210527,182.4707
825,3.59,0.2807,0.3384034335613251,0.8676470588235294,0.906896551724138,188.1629
850,3.7,0.2684,0.3535409867763519,0.8823529411764706,0.9157894736842104,193.9397
875,3.8,0.2684,0.329253077507019,0.8676470588235294,0.9059233449477352,199.6098
900,3.91,0.2764,0.4508852958679199,0.875,0.9128205128205128,205.3552
925,4.02,0.2877,0.4336585998535156,0.8504901960784313,0.899505766062603,210.8788
950,4.13,0.1834,0.4566110670566559,0.8651960784313726,0.9087893864013268,216.5862
975,4.24,0.1901,0.5447538495063782,0.8725490196078431,0.9133333333333332,222.1627
1000,4.35,0.2904,0.3722531795501709,0.8651960784313726,0.907563025210084,227.7525
1025,4.46,0.2198,0.3147944211959839,0.8946078431372549,0.9236234458259324,234.1753
1050,4.57,0.1761,0.4043410122394562,0.8823529411764706,0.9163763066202092,239.8726
1075,4.67,0.2445,0.3442171812057495,0.8823529411764706,0.916083916083916,245.5453
1100,4.78,0.1743,0.4230152070522308,0.8848039215686274,0.917975567190227,251.2141
1125,4.89,0.2471,0.3392896056175232,0.8897058823529411,0.9194991055456172,256.9411
1150,5.0,0.2003,0.358553946018219,0.8848039215686274,0.9159212880143112,262.6808
1175,5.11,0.1364,0.4715274274349212,0.8946078431372549,0.9228007181328548,268.3355
1200,5.22,0.2031,0.4543709754943847,0.8799019607843137,0.9150779896013864,274.0557
1225,5.33,0.1317,0.5138930082321167,0.8725490196078431,0.9054545454545456,279.7948
1250,5.43,0.215,0.4170482456684112,0.8823529411764706,0.915492957746479,285.3889
1275,5.54,0.1795,0.5070506930351257,0.8897058823529411,0.9200710479573712,291.0603
1300,5.65,0.1482,0.4154056012630462,0.8897058823529411,0.92091388400703,296.7177
1325,5.76,0.1411,0.4131222665309906,0.8946078431372549,0.9244288224956064,302.5307
1350,5.87,0.216,0.3808227181434631,0.8799019607843137,0.913884007029877,308.2626
1375,5.98,0.1681,0.3312511742115021,0.8921568627450981,0.9241379310344828,314.1103
1400,6.09,0.0863,0.6136965155601501,0.8774509803921569,0.915824915824916,319.6816
1425,6.2,0.1637,0.5682871341705322,0.8676470588235294,0.9093959731543624,325.6009
1450,6.3,0.1027,0.52019864320755,0.8872549019607843,0.9184397163120568,331.1364
1475,6.41,0.1695,0.5007272958755493,0.8725490196078431,0.912751677852349,336.8673
1500,6.52,0.1807,0.4273125231266022,0.8774509803921569,0.9113475177304964,342.497
1525,6.63,0.1168,0.5417507886886597,0.8823529411764706,0.9163763066202092,348.9047
1550,6.74,0.1746,0.4624952673912048,0.8872549019607843,0.9187279151943464,354.4778
1575,6.85,0.0963,0.5942312479019165,0.8848039215686274,0.9204737732656516,360.2019
1600,6.96,0.1336,0.6799598932266235,0.875,0.9137055837563453,365.9192
1625,7.07,0.1463,0.5571351051330566,0.8823529411764706,0.9151943462897526,371.5084
1650,7.17,0.1385,0.5349984169006348,0.8823529411764706,0.9157894736842104,377.1463
1675,7.28,0.1063,0.5008864402770996,0.8725490196078431,0.9121621621621624,382.8295
1700,7.39,0.0972,0.4767669141292572,0.8872549019607843,0.9204152249134948,388.5867
1725,7.5,0.1004,0.5359777808189392,0.8799019607843137,0.9120287253141832,394.3838
1750,7.61,0.0987,0.5197522640228271,0.8774509803921569,0.912280701754386,400.1081
1775,7.72,0.1263,0.5783480405807495,0.8774509803921569,0.915824915824916,405.8533
1800,7.83,0.0936,0.5205320119857788,0.8774509803921569,0.912280701754386,411.5039
1825,7.93,0.083,0.5192873477935791,0.8848039215686274,0.9171075837742504,417.3747
1850,8.04,0.1198,0.6399997472763062,0.8651960784313726,0.9069373942470388,422.9639
1875,8.15,0.0399,0.599940299987793,0.8799019607843137,0.9129662522202486,428.6558
1900,8.26,0.0999,0.6250982880592346,0.8872549019607843,0.9204152249134948,434.4262
1925,8.37,0.0894,0.5755005478858948,0.8823529411764706,0.917808219178082,440.1483
1950,8.48,0.1096,0.5496932864189148,0.8848039215686274,0.9168141592920356,445.9843
1975,8.59,0.0601,0.6159915328025818,0.8872549019607843,0.9212328767123288,451.6155
2000,8.7,0.1244,0.5782977938652039,0.8897058823529411,0.92091388400703,457.366
2025,8.8,0.097,0.5938192009925842,0.8897058823529411,0.9206349206349206,463.8031
2050,8.91,0.0878,0.6388441324234009,0.8774509803921569,0.9134948096885814,469.6069
2075,9.02,0.08,0.5800354480743408,0.8872549019607843,0.9201388888888888,475.143
2100,9.13,0.0765,0.5622178912162781,0.8946078431372549,0.9238938053097344,480.8592
2125,9.24,0.0799,0.5874968767166138,0.8897058823529411,0.9197860962566844,486.4994
2150,9.35,0.0819,0.6158154010772705,0.8897058823529411,0.922279792746114,492.3391
2175,9.46,0.0918,0.5920877456665039,0.8921568627450981,0.9233449477351916,498.0413
2200,9.57,0.0418,0.604226291179657,0.8946078431372549,0.924956369982548,503.7697
2225,9.67,0.058,0.6192471981048584,0.8921568627450981,0.9233449477351916,509.4151
2250,9.78,0.0676,0.6317414045333862,0.8921568627450981,0.9238754325259516,515.1381
2275,9.89,0.0879,0.632853627204895,0.8897058823529411,0.922279792746114,520.8678
2300,10.0,0.0229,0.6335150003433228,0.8921568627450981,0.9238754325259516,526.5822
