step,epoch,train_loss,eval_loss,eval_accuracy,eval_f1,train_runtime
25,0.11,0.6565,0.6356057524681091,0.6838235294117647,0.8122270742358079,6.3145
50,0.22,0.6607,0.6252149343490601,0.6838235294117647,0.8122270742358079,12.0445
75,0.33,0.6394,0.620234489440918,0.6838235294117647,0.8122270742358079,18.0367
100,0.43,0.6394,0.612230658531189,0.6838235294117647,0.8122270742358079,23.935
125,0.54,0.5877,0.5660655498504639,0.6985294117647058,0.8183161004431315,29.9681
150,0.65,0.54,0.4716723263263702,0.7818627450980392,0.8494077834179357,35.7719
175,0.76,0.5895,0.5108231902122498,0.8063725490196079,0.8576576576576576,41.8245
200,0.87,0.4946,0.4319020807743072,0.8063725490196079,0.869851729818781,47.5791
225,0.98,0.5246,0.4477574229240417,0.7843137254901961,0.8339622641509433,53.309
250,1.09,0.4825,0.4586452543735504,0.8088235294117647,0.8733766233766234,58.7657
275,1.2,0.4727,0.3960788249969482,0.8063725490196079,0.8707037643207856,64.4089
300,1.3,0.4368,0.4218275547027588,0.8088235294117647,0.8704318936877077,70.147
325,1.41,0.3859,0.4039036333560943,0.7990196078431373,0.836,75.7586
350,1.52,0.4572,0.3965645730495453,0.8235294117647058,0.8775510204081631,81.5599
375,1.63,0.4,0.3411583304405212,0.8578431372549019,0.8937728937728937,87.1391
400,1.74,0.3224,0.3649607598781585,0.875,0.9094138543516876,92.9156
425,1.85,0.4191,0.342843234539032,0.8480392156862745,0.8945578231292517,98.7125
450,1.96,0.3702,0.3524145483970642,0.8578431372549019,0.8999999999999999,104.6509
475,2.07,0.3313,0.3799249231815338,0.8627450980392157,0.9047619047619048,110.2376
500,2.17,0.3758,0.3192221820354461,0.8578431372549019,0.8905660377358491,116.0513
525,2.28,0.383,0.3115496039390564,0.8553921568627451,0.8905380333951763,122.4427
550,2.39,0.2994,0.3531816601753235,0.8627450980392157,0.9,128.1543
575,2.5,0.358,0.3511591255664825,0.8455882352941176,0.8948247078464107,134.0535
600,2.61,0.3113,0.3365117311477661,0.8627450980392157,0.9027777777777778,139.7745
625,2.72,0.3091,0.3972937762737274,0.8382352941176471,0.8903654485049834,145.6665
650,2.83,0.4243,0.3979739844799042,0.8284313725490197,0.8852459016393442,151.4169
675,2.93,0.3274,0.3341276943683624,0.8725490196078431,0.9109589041095888,157.2686
700,3.04,0.2846,0.3576389253139496,0.8676470588235294,0.9052631578947368,162.7699
725,3.15,0.323,0.3844158947467804,0.8529411764705882,0.8989898989898989,168.5196
750,3.26,0.3203,0.395900696516037,0.8480392156862745,0.8973509933774835,174.3541
775,3.37,0.2499,0.3243103921413421,0.8627450980392157,0.9,179.9813
800,3.48,0.2893,0.330849289894104,0.8725490196078431,0.9097222222222222,185.8034
825,3.59,0.3251,0.2804504334926605,0.8848039215686274,0.91651865008881,191.5546
850,3.7,0.3075,0.3066640794277191,0.8700980392156863,0.904847396768402,197.4831
875,3.8,0.2741,0.3248946666717529,0.8676470588235294,0.9032258064516128,203.2089
900,3.91,0.3086,0.3380264639854431,0.8627450980392157,0.9050847457627118,209.043
925,4.02,0.3398,0.3314591348171234,0.8627450980392157,0.9050847457627118,214.6726
950,4.13,0.217,0.3647347390651703,0.8651960784313726,0.9050086355785838,220.446
975,4.24,0.2681,0.3935375511646271,0.8504901960784313,0.8957264957264958,226.1496
1000,4.35,0.3076,0.321084052324295,0.8578431372549019,0.8996539792387542,231.8139
1025,4.46,0.2829,0.3113910555839538,0.8700980392156863,0.9038112522686026,238.3691
1050,4.57,0.2288,0.3172511756420135,0.8799019607843137,0.9113924050632912,244.1556
1075,4.67,0.2134,0.3361501395702362,0.8774509803921569,0.9116607773851588,249.9429
1100,4.78,0.2179,0.3502863645553589,0.8700980392156863,0.906854130052724,255.6687
1125,4.89,0.2601,0.3092020452022552,0.8676470588235294,0.9052631578947368,261.4536
1150,5.0,0.2451,0.3186051547527313,0.8676470588235294,0.9035714285714286,267.2842
1175,5.11,0.1845,0.3348764479160309,0.8823529411764706,0.9157894736842104,272.9636
1200,5.22,0.2343,0.4059997200965881,0.8553921568627451,0.9001692047377327,278.8794
1225,5.33,0.2233,0.3331700265407562,0.8848039215686274,0.9171075837742504,284.6515
1250,5.43,0.2392,0.3988552391529083,0.8725490196078431,0.908450704225352,290.4344
1275,5.54,0.1932,0.3669722974300384,0.8799019607843137,0.9104204753199268,296.1389
1300,5.65,0.2173,0.377623587846756,0.8848039215686274,0.9173989455184536,301.9274
1325,5.76,0.1973,0.3701795041561126,0.875,0.9094138543516876,307.7545
1350,5.87,0.2287,0.3571642339229584,0.8774509803921569,0.910394265232975,313.5798
1375,5.98,0.2439,0.3298451900482178,0.8799019607843137,0.9129662522202486,319.4996
1400,6.09,0.1707,0.4966915845870971,0.8578431372549019,0.902027027027027,325.1434
1425,6.2,0.2093,0.3852427005767822,0.8774509803921569,0.911032028469751,331.1851
1450,6.3,0.189,0.4529067873954773,0.8627450980392157,0.8943396226415095,336.8031
1475,6.41,0.2359,0.3965237140655517,0.8799019607843137,0.914185639229422,342.6856
1500,6.52,0.252,0.4101373553276062,0.8700980392156863,0.9055258467023172,348.4109
1525,6.63,0.1362,0.444547951221466,0.875,0.9087656529516996,354.9261
1550,6.74,0.2032,0.4574886262416839,0.875,0.906422018348624,360.5832
1575,6.85,0.1709,0.482870876789093,0.8725490196078431,0.908450704225352,366.3495
1600,6.96,0.1915,0.4740863740444183,0.8676470588235294,0.9045936395759716,372.2057
1625,7.07,0.169,0.4567813575267792,0.8872549019607843,0.9163636363636364,377.8204
1650,7.17,0.1561,0.4448357820510864,0.8676470588235294,0.9,383.6562
1675,7.28,0.1678,0.456285148859024,0.8774509803921569,0.9140893470790378,389.3452
1700,7.39,0.1741,0.4281229972839355,0.875,0.9113043478260868,395.2839
1725,7.5,0.1515,0.4826668500900268,0.8774509803921569,0.9070631970260224,401.1167
1750,7.61,0.1842,0.414406955242157,0.8725490196078431,0.9057971014492752,406.995
1775,7.72,0.1972,0.4455881416797638,0.8651960784313726,0.9040139616055848,412.8074
1800,7.83,0.1403,0.440268337726593,0.8651960784313726,0.9016100178890876,418.5379
1825,7.93,0.1867,0.4259864091873169,0.8676470588235294,0.9021739130434784,424.5223
1850,8.04,0.2225,0.4410755634307861,0.8627450980392157,0.9017543859649124,430.1596
1875,8.15,0.1399,0.4438359439373016,0.8651960784313726,0.9016100178890876,436.0374
1900,8.26,0.1174,0.4701887667179107,0.8725490196078431,0.9064748201438848,441.7977
1925,8.37,0.1471,0.4706560671329498,0.8676470588235294,0.9049295774647886,447.705
1950,8.48,0.1581,0.4800127446651459,0.875,0.9097345132743364,453.5552
1975,8.59,0.1278,0.5044207572937012,0.8676470588235294,0.9065743944636676,459.2831
2000,8.7,0.176,0.4716133177280426,0.8700980392156863,0.9071803852889668,465.0372
2025,8.8,0.1365,0.4813306331634521,0.8725490196078431,0.9054545454545456,471.3612
2050,8.91,0.2065,0.4691450893878937,0.8700980392156863,0.906854130052724,477.1922
2075,9.02,0.2171,0.453528493642807,0.875,0.9109947643979056,482.8345
2100,9.13,0.1154,0.4479720592498779,0.8651960784313726,0.9012567324955116,488.7213
2125,9.24,0.1342,0.4672964513301849,0.8700980392156863,0.905861456483126,494.4473
2150,9.35,0.204,0.4787721037864685,0.875,0.9109947643979056,500.2921
2175,9.46,0.1307,0.4697295129299164,0.875,0.9106830122591943,506.0852
2200,9.57,0.1158,0.4941975474357605,0.8676470588235294,0.90625,511.904
2225,9.67,0.1756,0.4740436375141144,0.8774509803921569,0.9125874125874124,517.6846
2250,9.78,0.1317,0.469588965177536,0.8700980392156863,0.906854130052724,523.5296
2275,9.89,0.1268,0.4731045961380005,0.8700980392156863,0.906854130052724,529.4685
2300,10.0,0.1208,0.4725103974342346,0.8700980392156863,0.906854130052724,535.1988
