step,epoch,train_loss,eval_loss,eval_accuracy,eval_f1,train_runtime
25,0.11,0.7114,0.6552687883377075,0.6838235294117647,0.8122270742358079,6.3174
50,0.22,0.6619,0.6224698424339294,0.6838235294117647,0.8122270742358079,12.0638
75,0.33,0.6382,0.6154648065567017,0.6838235294117647,0.8122270742358079,17.9882
100,0.43,0.629,0.5899885296821594,0.7009803921568627,0.8189910979228486,23.7276
125,0.54,0.5535,0.5058088898658752,0.7549019607843137,0.8387096774193548,29.5489
150,0.65,0.5708,0.4659196436405182,0.7671568627450981,0.8376068376068376,35.2127
175,0.76,0.5833,0.4842370450496673,0.7720588235294118,0.8549141965678627,41.0943
200,0.87,0.48,0.4857092201709747,0.7892156862745098,0.8585526315789473,46.8019
225,0.98,0.5685,0.4257600307464599,0.8112745098039216,0.8571428571428571,52.5003
250,1.09,0.4957,0.3956886827945709,0.8455882352941176,0.8911917098445595,57.9246
275,1.2,0.4437,0.3754213452339172,0.8308823529411765,0.8808290155440415,63.6246
300,1.3,0.4394,0.3878267705440521,0.8529411764705882,0.8983050847457628,69.291
325,1.41,0.3674,0.3962342143058777,0.7990196078431373,0.8379446640316206,74.9829
350,1.52,0.4521,0.4213654696941376,0.8382352941176471,0.8869863013698631,80.6517
375,1.63,0.394,0.3179909884929657,0.8700980392156863,0.9020332717190388,86.2924
400,1.74,0.3327,0.5208630561828613,0.8504901960784313,0.896434634974533,91.9809
425,1.85,0.4154,0.3491804003715515,0.8357843137254902,0.8862478777589134,97.7806
450,1.96,0.4067,0.396368145942688,0.8529411764705882,0.8884758364312267,103.5964
475,2.07,0.3029,0.5738184452056885,0.8651960784313726,0.905982905982906,109.1566
500,2.17,0.3718,0.3421092629432678,0.8578431372549019,0.8929889298892988,114.9377
525,2.28,0.3468,0.3511407077312469,0.8553921568627451,0.8917431192660551,121.2351
550,2.39,0.2994,0.3914473056793213,0.8725490196078431,0.9081272084805654,126.8961
575,2.5,0.3368,0.3330476880073547,0.8700980392156863,0.9090909090909092,132.6465
600,2.61,0.2989,0.4168103635311126,0.8676470588235294,0.9072164948453608,138.3249
625,2.72,0.3521,0.3135488927364349,0.875,0.9094138543516876,144.1228
650,2.83,0.3616,0.3269146084785461,0.8725490196078431,0.906810035842294,149.8669
675,2.93,0.3032,0.3432124257087707,0.8700980392156863,0.9041591320072332,155.6697
700,3.04,0.2799,0.4034673273563385,0.8529411764705882,0.894736842105263,161.1018
725,3.15,0.2979,0.4315693378448486,0.8725490196078431,0.906810035842294,166.8227
750,3.26,0.2743,0.3394438028335571,0.8848039215686274,0.9182608695652176,172.5614
775,3.37,0.216,0.4062217175960541,0.8725490196078431,0.9051094890510948,178.1648
800,3.48,0.307,0.3251535892486572,0.8774509803921569,0.9131944444444444,183.861
825,3.59,0.328,0.297838032245636,0.8725490196078431,0.9051094890510948,189.5992
850,3.7,0.2782,0.3376951515674591,0.875,0.9081081081081082,195.4215
875,3.8,0.2529,0.4226258099079132,0.8676470588235294,0.9018181818181816,201.125
900,3.91,0.2516,0.4492762684822082,0.8651960784313726,0.9069373942470388,206.9391
925,4.02,0.2943,0.3798092603683471,0.8700980392156863,0.9087779690189328,212.493
950,4.13,0.1901,0.359835684299469,0.8774509803921569,0.9134948096885814,218.2865
975,4.24,0.2209,0.4261929392814636,0.875,0.9122203098106711,223.863
1000,4.35,0.2588,0.3892576992511749,0.8651960784313726,0.9063032367972744,229.561
1025,4.46,0.2375,0.3500243425369262,0.8700980392156863,0.9081455805892548,235.939
1050,4.57,0.1778,0.4416952729225158,0.8823529411764706,0.9172413793103448,241.7523
1075,4.67,0.2394,0.4469941854476928,0.8823529411764706,0.916955017301038,247.4259
1100,4.78,0.1589,0.4688076972961426,0.8897058823529411,0.9211908931698776,253.2254
1125,4.89,0.2367,0.3251772820949554,0.8848039215686274,0.9156193895870736,258.9794
1150,5.0,0.1923,0.4170306324958801,0.8774509803921569,0.911032028469751,264.7903
1175,5.11,0.1543,0.4966334104537964,0.8774509803921569,0.9116607773851588,270.4705
1200,5.22,0.19,0.4578710496425628,0.875,0.9113043478260868,276.319
1225,5.33,0.1142,0.5221144556999207,0.8651960784313726,0.9009009009009008,282.0813
1250,5.43,0.2005,0.4934602975845337,0.875,0.91005291005291,287.8436
1275,5.54,0.1705,0.4335520267486572,0.875,0.906422018348624,293.552
1300,5.65,0.1388,0.4892367124557495,0.875,0.9087656529516996,299.3401
1325,5.76,0.1256,0.4797941744327545,0.8725490196078431,0.9071428571428573,305.1592
1350,5.87,0.1623,0.530061662197113,0.8700980392156863,0.9038112522686026,311.0254
1375,5.98,0.1956,0.442432165145874,0.8725490196078431,0.9057971014492752,316.8828
1400,6.09,0.1271,0.650058388710022,0.8651960784313726,0.9056603773584906,322.5659
1425,6.2,0.1244,0.658531129360199,0.8651960784313726,0.9023090586145648,328.4762
1450,6.3,0.1567,0.596226155757904,0.8725490196078431,0.9057971014492752,334.1368
1475,6.41,0.1536,0.4676601886749267,0.8725490196078431,0.9078014184397164,339.848
1500,6.52,0.1494,0.5698046088218689,0.8823529411764706,0.9157894736842104,345.6562
1525,6.63,0.1032,0.6149981021881104,0.875,0.91005291005291,352.1049
1550,6.74,0.1817,0.6301889419555664,0.8627450980392157,0.9020979020979022,357.8303
1575,6.85,0.1553,0.5369696617126465,0.8676470588235294,0.9055944055944056,363.5835
1600,6.96,0.1106,0.6443336606025696,0.8799019607843137,0.914185639229422,369.406
1625,7.07,0.0984,0.6852015852928162,0.8725490196078431,0.9087719298245616,375.0244
1650,7.17,0.0897,0.665129542350769,0.8872549019607843,0.9187279151943464,380.7248
1675,7.28,0.0978,0.7475981116294861,0.8725490196078431,0.9106529209621992,386.4613
1700,7.39,0.1408,0.7027382850646973,0.8774509803921569,0.9107142857142856,392.2582
1725,7.5,0.0746,0.759657621383667,0.8799019607843137,0.9129662522202486,398.0818
1750,7.61,0.1784,0.6514089107513428,0.8700980392156863,0.9061946902654868,403.8019
1775,7.72,0.117,0.5933947563171387,0.8725490196078431,0.908450704225352,409.6108
1800,7.83,0.0404,0.643954873085022,0.8676470588235294,0.9045936395759716,415.2787
1825,7.93,0.0932,0.6760984063148499,0.8627450980392157,0.8989169675090252,421.2486
1850,8.04,0.0925,0.75850909948349,0.8676470588235294,0.9072164948453608,426.8493
1875,8.15,0.0469,0.6991380453109741,0.875,0.9090909090909092,432.6304
1900,8.26,0.0591,0.7611570358276367,0.8823529411764706,0.916083916083916,438.3694
1925,8.37,0.0964,0.729595959186554,0.8774509803921569,0.9125874125874124,444.22
1950,8.48,0.0474,0.7572132349014282,0.8700980392156863,0.9041591320072332,450.0133
1975,8.59,0.0802,0.7357581853866577,0.8774509803921569,0.9128919860627178,455.7222
2000,8.7,0.0872,0.7165708541870117,0.8823529411764706,0.9151943462897526,461.4146
2025,8.8,0.0843,0.7243044972419739,0.8799019607843137,0.9129662522202486,467.7592
2050,8.91,0.0736,0.721857488155365,0.8774509803921569,0.9113475177304964,473.5164
2075,9.02,0.107,0.7399711608886719,0.875,0.9113043478260868,479.1743
2100,9.13,0.0321,0.7383968830108643,0.8823529411764706,0.9142857142857144,484.8515
2125,9.24,0.064,0.7445682287216187,0.8823529411764706,0.9142857142857144,490.595
2150,9.35,0.1254,0.7609350085258484,0.875,0.9109947643979056,496.2878
2175,9.46,0.0854,0.7436060309410095,0.8848039215686274,0.9168141592920356,502.0833
2200,9.57,0.0153,0.7786176800727844,0.8848039215686274,0.9173989455184536,507.8025
2225,9.67,0.0585,0.7698219418525696,0.8872549019607843,0.9190140845070424,513.531
2250,9.78,0.0477,0.7728841304779053,0.8848039215686274,0.9171075837742504,519.2564
2275,9.89,0.0903,0.7787184715270996,0.8848039215686274,0.9171075837742504,525.0944
2300,10.0,0.0796,0.7782700657844543,0.8848039215686274,0.9171075837742504,530.7411
