step,epoch,train_loss,eval_loss,eval_accuracy,eval_f1,train_runtime
25,0.11,0.7131,0.6583199501037598,0.6838235294117647,0.8122270742358079,5.7432
50,0.22,0.6627,0.6245318055152893,0.6838235294117647,0.8122270742358079,11.0248
75,0.33,0.6374,0.6208949089050293,0.6838235294117647,0.8122270742358079,16.4325
100,0.43,0.6406,0.6155571937561035,0.6838235294117647,0.8122270742358079,21.8373
125,0.54,0.6009,0.6057185530662537,0.6838235294117647,0.8122270742358079,27.244
150,0.65,0.61,0.5405557155609131,0.7034313725490197,0.815267175572519,32.7222
175,0.76,0.6068,0.5858414769172668,0.7671568627450981,0.8300536672629696,38.3015
200,0.87,0.5748,0.5292177200317383,0.7083333333333334,0.8210526315789474,43.8813
225,0.98,0.5488,0.4687744975090027,0.7745098039215687,0.8430034129692833,49.38
250,1.09,0.4954,0.4652939736843109,0.7867647058823529,0.8589951377633711,54.7334
275,1.2,0.4838,0.4233438968658447,0.7990196078431373,0.8673139158576052,60.2302
300,1.3,0.4682,0.4668370485305786,0.803921568627451,0.8697068403908794,65.7542
325,1.41,0.4379,0.5387536883354187,0.7107843137254902,0.7400881057268722,71.2264
350,1.52,0.5021,0.3800472617149353,0.8308823529411765,0.8812392426850257,76.6807
375,1.63,0.4086,0.3335099220275879,0.8431372549019608,0.8869257950530036,82.1002
400,1.74,0.3624,0.3786248564720154,0.8480392156862745,0.8900709219858156,87.5107
425,1.85,0.4675,0.343717098236084,0.8504901960784313,0.8896925858951176,93.0294
450,1.96,0.4308,0.345465749502182,0.8382352941176471,0.8773234200743494,98.5661
475,2.07,0.3744,0.3930099308490753,0.8333333333333334,0.8839590443686006,103.8975
500,2.17,0.3797,0.3439731299877167,0.8529411764705882,0.8928571428571429,109.3681
525,2.28,0.3669,0.320107102394104,0.8602941176470589,0.8957952468007313,115.427
550,2.39,0.3166,0.3315354883670807,0.8627450980392157,0.8978102189781021,120.8336
575,2.5,0.3908,0.3426844179630279,0.8480392156862745,0.8938356164383561,126.3648
600,2.61,0.3314,0.3206610977649688,0.8480392156862745,0.8864468864468864,131.8668
625,2.72,0.3407,0.3303773999214172,0.8602941176470589,0.902229845626072,137.45
650,2.83,0.3881,0.3342790305614471,0.8676470588235294,0.9081632653061223,143.014
675,2.93,0.332,0.3395656645298004,0.8529411764705882,0.8951048951048952,148.5307
700,3.04,0.3092,0.3610553443431854,0.8627450980392157,0.903448275862069,153.8848
725,3.15,0.3261,0.416073590517044,0.8431372549019608,0.8940397350993377,159.3747
750,3.26,0.3358,0.3846330940723419,0.8553921568627451,0.9011725293132328,164.9557
775,3.37,0.2617,0.3609599769115448,0.8627450980392157,0.9,170.3253
800,3.48,0.3081,0.3364037275314331,0.8578431372549019,0.896797153024911,175.8364
825,3.59,0.332,0.300015240907669,0.8602941176470589,0.8983957219251337,181.3154
850,3.7,0.3408,0.2948807775974273,0.8553921568627451,0.8933092224231465,186.9173
875,3.8,0.2791,0.3205479681491852,0.8602941176470589,0.8972972972972973,192.4409
900,3.91,0.3087,0.336747795343399,0.8504901960784313,0.8960817717206134,197.9821
925,4.02,0.3097,0.3615886569023132,0.8553921568627451,0.9001692047377327,203.3749
950,4.13,0.2396,0.3338658213615417,0.8480392156862745,0.8923611111111109,208.9009
975,4.24,0.3265,0.3292048573493957,0.8504901960784313,0.896434634974533,214.3619
1000,4.35,0.2918,0.3312409222126007,0.8529411764705882,0.8961937716262977,219.7969
1025,4.46,0.2975,0.3127424120903015,0.8676470588235294,0.9032258064516128,226.0859
1050,4.57,0.2684,0.308938592672348,0.8725490196078431,0.908450704225352,231.5986
1075,4.67,0.2537,0.3623233139514923,0.8651960784313726,0.8990825688073394,237.149
1100,4.78,0.2434,0.3307908773422241,0.8651960784313726,0.9005424954792043,242.6215
1125,4.89,0.294,0.2957823276519775,0.8823529411764706,0.9124087591240876,248.1576
1150,5.0,0.2478,0.304216206073761,0.8823529411764706,0.9145907473309608,253.6499
1175,5.11,0.2308,0.3388635218143463,0.875,0.9125214408233276,259.1016
1200,5.22,0.2675,0.3473230600357055,0.875,0.9131175468483816,264.6586
1225,5.33,0.2431,0.3077676296234131,0.8676470588235294,0.9055944055944056,270.1954
1250,5.43,0.2997,0.3459510803222656,0.8553921568627451,0.8977469670710572,275.6847
1275,5.54,0.2115,0.3546061813831329,0.8676470588235294,0.9035714285714286,281.1844
1300,5.65,0.2504,0.3731757402420044,0.8651960784313726,0.9046793760831888,286.7893
1325,5.76,0.2027,0.392963707447052,0.8651960784313726,0.9053356282271946,292.3691
1350,5.87,0.2963,0.3351543247699737,0.8700980392156863,0.9034608378870674,298.0459
1375,5.98,0.2697,0.3201453387737274,0.8700980392156863,0.904847396768402,303.6321
1400,6.09,0.1739,0.55409836769104,0.8382352941176471,0.8918032786885245,309.098
1425,6.2,0.2311,0.3532445132732391,0.8725490196078431,0.9087719298245616,314.7505
1450,6.3,0.2448,0.3463256061077118,0.8651960784313726,0.8975791433891992,320.1547
1475,6.41,0.2471,0.3719336986541748,0.8627450980392157,0.9047619047619048,325.6454
1500,6.52,0.2549,0.3549672961235046,0.8725490196078431,0.9071428571428573,331.086
1525,6.63,0.1887,0.3832162916660309,0.8725490196078431,0.907473309608541,337.3269
1550,6.74,0.2417,0.3582322299480438,0.8725490196078431,0.9064748201438848,342.7549
1575,6.85,0.1998,0.3735307455062866,0.8725490196078431,0.908450704225352,348.2989
1600,6.96,0.2347,0.3543547689914703,0.8725490196078431,0.9081272084805654,353.8341
1625,7.07,0.1913,0.3902804553508758,0.8676470588235294,0.9052631578947368,359.2909
1650,7.17,0.2004,0.372577041387558,0.8725490196078431,0.9071428571428573,364.7388
1675,7.28,0.1825,0.4341320097446441,0.8651960784313726,0.907563025210084,370.2851
1700,7.39,0.2446,0.3588611781597137,0.8799019607843137,0.914185639229422,375.8444
1725,7.5,0.1926,0.364668607711792,0.8676470588235294,0.9028776978417268,381.482
1750,7.61,0.2125,0.3543458878993988,0.8823529411764706,0.915492957746479,386.9999
1775,7.72,0.2228,0.4002303183078766,0.8602941176470589,0.9032258064516128,392.565
1800,7.83,0.2187,0.3612286746501922,0.8799019607843137,0.9135802469135804,398.0138
1825,7.93,0.224,0.3463549017906189,0.8725490196078431,0.9081272084805654,403.712
1850,8.04,0.2632,0.3649456799030304,0.8676470588235294,0.9055944055944056,409.1306
1875,8.15,0.1699,0.3548131585121155,0.875,0.9097345132743364,414.6282
1900,8.26,0.1437,0.4073724150657654,0.8627450980392157,0.9027777777777778,420.2171
1925,8.37,0.1922,0.3695162534713745,0.8725490196078431,0.9078014184397164,425.7696
1950,8.48,0.1755,0.3825925588607788,0.8774509803921569,0.9119718309859154,431.417
1975,8.59,0.1614,0.419830173254013,0.8602941176470589,0.9025641025641028,436.833
2000,8.7,0.1972,0.3810029029846191,0.8774509803921569,0.912280701754386,442.4016
2025,8.8,0.1726,0.3888868689537048,0.8823529411764706,0.9151943462897526,448.4735
2050,8.91,0.2485,0.3742721676826477,0.8799019607843137,0.9135802469135804,454.0958
2075,9.02,0.2349,0.3805158138275146,0.8774509803921569,0.9128919860627178,459.4832
2100,9.13,0.1332,0.368461936712265,0.8676470588235294,0.9039145907473308,464.9952
2125,9.24,0.1714,0.3860706984996795,0.8651960784313726,0.9023090586145648,470.4856
2150,9.35,0.221,0.3972117006778717,0.875,0.9109947643979056,475.9838
2175,9.46,0.1559,0.3916206061840057,0.8799019607843137,0.913884007029877,481.5532
2200,9.57,0.168,0.4020338952541351,0.8774509803921569,0.9128919860627178,487.0249
2225,9.67,0.1911,0.3901497423648834,0.8725490196078431,0.908450704225352,492.5924
2250,9.78,0.1844,0.3951407372951507,0.8774509803921569,0.912280701754386,498.102
2275,9.89,0.1953,0.391632467508316,0.8774509803921569,0.912280701754386,503.7352
2300,10.0,0.1773,0.3900752067565918,0.875,0.9103690685413004,509.1669
