step,epoch,train_loss,eval_loss,eval_accuracy,eval_f1,train_runtime
25,0.11,0.7128,0.6650484204292297,0.6838235294117647,0.8122270742358079,6.0124
50,0.22,0.6579,0.6225127577781677,0.6838235294117647,0.8122270742358079,11.609
75,0.33,0.6396,0.6245947480201721,0.6838235294117647,0.8122270742358079,17.4615
100,0.43,0.6274,0.6139161586761475,0.6838235294117647,0.8122270742358079,23.3879
125,0.54,0.57,0.610959529876709,0.6985294117647058,0.8177777777777778,29.3169
150,0.65,0.5272,0.5390859842300415,0.7622549019607843,0.8417618270799347,35.0801
175,0.76,0.5794,0.4863845109939575,0.7279411764705882,0.8294930875576038,40.9418
200,0.87,0.5719,0.7515352368354797,0.7132352941176471,0.8256333830104322,46.6752
225,0.98,0.6052,0.6538692712783813,0.5588235294117647,0.53125,52.263
250,1.09,0.5256,0.4055728614330292,0.803921568627451,0.8639455782312925,57.7121
275,1.2,0.4835,0.422324389219284,0.7843137254901961,0.8585209003215434,63.2401
300,1.3,0.4943,0.4763027727603912,0.7696078431372549,0.8507936507936509,68.8433
325,1.41,0.4631,0.4435232281684875,0.7769607843137255,0.8139059304703475,74.3402
350,1.52,0.498,0.4435627460479736,0.7794117647058824,0.8580441640378549,79.9339
375,1.63,0.4264,0.3567514717578888,0.8357843137254902,0.8738229755178907,85.3846
400,1.74,0.4356,0.3702231645584106,0.8235294117647058,0.8791946308724832,90.9577
425,1.85,0.4535,0.3335292339324951,0.8529411764705882,0.8954703832752613,96.5632
450,1.96,0.4781,0.3846009075641632,0.8406862745098039,0.8896434634974534,102.2928
475,2.07,0.4146,0.4596239626407623,0.821078431372549,0.8816855753646677,107.7033
500,2.17,0.4472,0.3457931876182556,0.8529411764705882,0.8863636363636364,113.372
525,2.28,0.4042,0.3369325697422027,0.8480392156862745,0.8834586466165414,119.2233
550,2.39,0.3761,0.3664971590042114,0.8529411764705882,0.8909090909090909,124.8336
575,2.5,0.419,0.3497344255447387,0.8578431372549019,0.901023890784983,130.5304
600,2.61,0.3615,0.39406818151474,0.8529411764705882,0.8993288590604027,136.1397
625,2.72,0.3345,0.4971485137939453,0.8455882352941176,0.8951747088186357,141.8872
650,2.83,0.4461,0.3255435228347778,0.8553921568627451,0.8977469670710572,147.5412
675,2.93,0.3951,0.3264442980289459,0.8700980392156863,0.9075043630017452,153.2655
700,3.04,0.3244,0.3851698935031891,0.8529411764705882,0.8943661971830987,158.645
725,3.15,0.3664,0.3772361278533935,0.8431372549019608,0.8907849829351535,164.2816
750,3.26,0.3133,0.3206685483455658,0.875,0.9081081081081082,169.9156
775,3.37,0.2951,0.3276572227478027,0.875,0.9084380610412928,175.4439
800,3.48,0.3529,0.384456604719162,0.8651960784313726,0.9056603773584906,181.0061
825,3.59,0.3987,0.2930941581726074,0.8725490196078431,0.907473309608541,186.6385
850,3.7,0.3511,0.3129434883594513,0.8578431372549019,0.8909774436090225,192.3308
875,3.8,0.3321,0.3284787833690643,0.8651960784313726,0.8994515539305302,197.9599
900,3.91,0.3221,0.3859507143497467,0.8578431372549019,0.9023569023569024,203.6059
925,4.02,0.3706,0.3774065971374511,0.8725490196078431,0.9118644067796612,209.1214
950,4.13,0.2839,0.3457820415496826,0.8676470588235294,0.9081632653061223,214.8013
975,4.24,0.3161,0.456060528755188,0.8480392156862745,0.8986928104575163,220.3219
1000,4.35,0.3643,0.337143987417221,0.8578431372549019,0.901360544217687,225.9226
1025,4.46,0.3159,0.3153523206710815,0.8676470588235294,0.9025270758122744,231.8261
1050,4.57,0.2526,0.4349737465381622,0.8700980392156863,0.9103214890016922,237.5331
1075,4.67,0.2905,0.3322784602642059,0.875,0.9090909090909092,243.1192
1100,4.78,0.2302,0.3333874046802521,0.8848039215686274,0.9171075837742504,248.7905
1125,4.89,0.3079,0.3124639987945556,0.8774509803921569,0.9094202898550724,254.3971
1150,5.0,0.2999,0.3005882501602173,0.875,0.907441016333938,260.0689
1175,5.11,0.2072,0.3709573447704315,0.8848039215686274,0.91651865008881,265.6203
1200,5.22,0.2962,0.3311495184898376,0.8848039215686274,0.9182608695652176,271.3507
1225,5.33,0.2568,0.3472691774368286,0.8676470588235294,0.9007352941176472,276.9838
1250,5.43,0.2965,0.328521192073822,0.875,0.9081081081081082,282.5731
1275,5.54,0.2515,0.3624568283557892,0.8676470588235294,0.9018181818181816,288.1343
1300,5.65,0.2462,0.3390151262283325,0.8676470588235294,0.9052631578947368,293.7714
1325,5.76,0.2319,0.3958713412284851,0.8651960784313726,0.9046793760831888,299.4705
1350,5.87,0.3043,0.339784175157547,0.8725490196078431,0.9071428571428573,305.1911
1375,5.98,0.2559,0.3192716538906097,0.8676470588235294,0.9039145907473308,310.9421
1400,6.09,0.1667,0.6133837103843689,0.8529411764705882,0.9003322259136212,316.4717
1425,6.2,0.2706,0.3984315097332001,0.8700980392156863,0.9078260869565218,322.2934
1450,6.3,0.2731,0.3907621502876282,0.8553921568627451,0.8929219600725953,327.795
1475,6.41,0.2683,0.3718750178813934,0.8725490196078431,0.9103448275862068,333.4389
1500,6.52,0.2887,0.3804545402526855,0.875,0.91005291005291,339.0107
1525,6.63,0.2346,0.429039865732193,0.8700980392156863,0.9100169779286928,344.9358
1550,6.74,0.1961,0.3750633597373962,0.8602941176470589,0.8983957219251337,350.4846
1575,6.85,0.2228,0.3695400357246399,0.8725490196078431,0.9061371841155236,356.1827
1600,6.96,0.285,0.3533428311347961,0.8700980392156863,0.9051878354203936,361.8595
1625,7.07,0.1447,0.4880737662315368,0.8676470588235294,0.9035714285714286,367.3863
1650,7.17,0.2128,0.4511383771896362,0.8651960784313726,0.9016100178890876,372.9508
1675,7.28,0.2463,0.3790540397167206,0.8872549019607843,0.920689655172414,378.5746
1700,7.39,0.2082,0.3643026053905487,0.8774509803921569,0.9119718309859154,384.2772
1725,7.5,0.2265,0.3810901939868927,0.8725490196078431,0.9057971014492752,390.0255
1750,7.61,0.2172,0.3609341979026794,0.8725490196078431,0.9057971014492752,395.6645
1775,7.72,0.2285,0.3689827919006347,0.875,0.9109947643979056,401.3641
1800,7.83,0.2491,0.3754541277885437,0.875,0.9094138543516876,406.9712
1825,7.93,0.1923,0.3854332864284515,0.8799019607843137,0.9117117117117116,412.8065
1850,8.04,0.2978,0.3918786644935608,0.8848039215686274,0.9185441941074524,418.3356
1875,8.15,0.2008,0.4121938347816467,0.8848039215686274,0.9168141592920356,423.9998
1900,8.26,0.1924,0.4530724883079529,0.8774509803921569,0.912280701754386,429.6985
1925,8.37,0.1769,0.4217821061611175,0.8774509803921569,0.9113475177304964,435.3918
1950,8.48,0.1811,0.4178334176540375,0.875,0.9094138543516876,441.1563
1975,8.59,0.1972,0.4155421555042267,0.8872549019607843,0.9195804195804196,446.7243
2000,8.7,0.2006,0.4197201728820801,0.8823529411764706,0.9157894736842104,452.4083
2025,8.8,0.1972,0.4504171907901764,0.8799019607843137,0.9135802469135804,458.2298
2050,8.91,0.2429,0.438700795173645,0.8799019607843137,0.9135802469135804,463.9611
2075,9.02,0.2251,0.4120894074440002,0.875,0.9090909090909092,469.4512
2100,9.13,0.1165,0.4253477156162262,0.8700980392156863,0.904847396768402,475.0777
2125,9.24,0.1907,0.4338913857936859,0.8823529411764706,0.9151943462897526,480.6687
2150,9.35,0.2558,0.4152766466140747,0.8799019607843137,0.9144851657940662,486.2989
2175,9.46,0.1943,0.4207985699176788,0.8823529411764706,0.9148936170212766,491.9349
2200,9.57,0.1645,0.4264015555381775,0.8848039215686274,0.917975567190227,497.5695
2225,9.67,0.2028,0.422038197517395,0.8799019607843137,0.913884007029877,503.1661
2250,9.78,0.2473,0.4183436334133148,0.8799019607843137,0.9132743362831858,508.8138
2275,9.89,0.1637,0.420144647359848,0.8799019607843137,0.9132743362831858,514.4855
2300,10.0,0.1738,0.4212104976177215,0.8799019607843137,0.9132743362831858,520.0383
