step,epoch,train_loss,eval_loss,eval_accuracy,eval_f1,train_runtime
25,0.10869565217391304,0.7133,0.6587013006210327,0.6838235294117647,0.8122270742358079,5.9006
50,0.21739130434782608,0.6627,0.6248114109039307,0.6838235294117647,0.8122270742358079,11.4186
75,0.32608695652173914,0.6386,0.6224395632743835,0.6838235294117647,0.8122270742358079,16.9985
100,0.43478260869565216,0.6398,0.6180124282836914,0.6838235294117647,0.8122270742358079,22.5409
125,0.5434782608695652,0.603,0.614176869392395,0.6838235294117647,0.8122270742358079,28.0676
150,0.6521739130434783,0.643,0.6186709403991699,0.6936274509803921,0.8169838945827232,33.6168
175,0.7608695652173914,0.6219,0.585179328918457,0.6911764705882353,0.8157894736842105,39.2953
200,0.8695652173913043,0.5896,0.5303807854652405,0.7352941176470589,0.8285714285714285,44.9434
225,0.9782608695652174,0.5824,0.5068895220756531,0.7401960784313726,0.8312101910828025,50.4749
250,1.0869565217391304,0.5487,0.5531109571456909,0.7132352941176471,0.823529411764706,55.8231
275,1.1956521739130435,0.5286,0.47956159710884094,0.7598039215686274,0.8434504792332268,61.362
300,1.3043478260869565,0.5241,0.5298888087272644,0.7401960784313726,0.8354037267080745,66.9315
325,1.4130434782608696,0.4672,0.44094258546829224,0.7867647058823529,0.8443649373881931,72.4947
350,1.5217391304347827,0.486,0.4314618706703186,0.8014705882352942,0.8556149732620322,78.0392
375,1.6304347826086958,0.487,0.4290737807750702,0.8063725490196079,0.8555758683729433,83.5625
400,1.7391304347826086,0.4361,0.4071447253227234,0.8088235294117647,0.8659793814432989,89.0803
425,1.8478260869565217,0.4611,0.3846398890018463,0.8235294117647058,0.8732394366197183,94.7336
450,1.9565217391304348,0.4465,0.38810813426971436,0.7916666666666666,0.8580968280467446,100.3768
475,2.0652173913043477,0.4575,0.4614509046077728,0.7769607843137255,0.8584758942457231,105.7721
500,2.1739130434782608,0.4366,0.3635644316673279,0.8186274509803921,0.8741496598639455,111.3232
525,2.282608695652174,0.422,0.35896509885787964,0.8137254901960784,0.8698630136986301,117.0272
550,2.391304347826087,0.3572,0.37563490867614746,0.8455882352941176,0.8888888888888888,122.5438
575,2.5,0.4343,0.3570490777492523,0.8382352941176471,0.8873720136518771,128.094
600,2.608695652173913,0.3907,0.33780109882354736,0.8529411764705882,0.8939929328621908,133.6601
625,2.717391304347826,0.4052,0.40846356749534607,0.821078431372549,0.88130081300813,139.2769
650,2.8260869565217392,0.4504,0.34725630283355713,0.8382352941176471,0.888135593220339,144.9421
675,2.9347826086956523,0.3667,0.3502041697502136,0.8504901960784313,0.8960817717206134,150.5485
700,3.0434782608695654,0.3612,0.3942929804325104,0.8112745098039216,0.8731466227347612,155.9579
725,3.1521739130434785,0.3818,0.4521722197532654,0.8088235294117647,0.8741935483870967,161.5011
750,3.260869565217391,0.3684,0.4378163814544678,0.8112745098039216,0.8752025931928687,167.1473
775,3.369565217391304,0.323,0.35415658354759216,0.8504901960784313,0.8953687821612349,172.611
800,3.4782608695652173,0.3623,0.34894463419914246,0.8529411764705882,0.8972602739726027,178.1767
825,3.5869565217391304,0.4093,0.3154579699039459,0.8676470588235294,0.9045936395759717,183.7336
850,3.6956521739130435,0.371,0.3137474060058594,0.8676470588235294,0.9035714285714286,189.3765
875,3.8043478260869565,0.3477,0.32474666833877563,0.8529411764705882,0.896551724137931,194.9497
900,3.9130434782608696,0.3639,0.37572216987609863,0.8333333333333334,0.8881578947368421,200.5444
925,4.021739130434782,0.3894,0.3380722105503082,0.8529411764705882,0.8986486486486487,206.0301
950,4.130434782608695,0.3243,0.31870195269584656,0.8627450980392157,0.9044368600682594,211.6003
975,4.239130434782608,0.3692,0.3276594579219818,0.8529411764705882,0.8976109215017065,217.0936
1000,4.3478260869565215,0.3664,0.33662503957748413,0.8455882352941176,0.893760539629005,222.5597
1025,4.456521739130435,0.3484,0.30766674876213074,0.8676470588235294,0.9021739130434783,228.444
1050,4.565217391304348,0.3113,0.3442751467227936,0.8602941176470589,0.9015544041450777,233.9901
1075,4.673913043478261,0.2965,0.3090677261352539,0.8700980392156863,0.9055258467023173,239.5373
1100,4.782608695652174,0.285,0.3318420946598053,0.8602941176470589,0.9018932874354562,245.0661
1125,4.891304347826087,0.352,0.3019595146179199,0.8627450980392157,0.9020979020979022,250.6252
1150,5.0,0.3121,0.2952238619327545,0.8700980392156863,0.9061946902654867,256.2064
1175,5.108695652173913,0.2892,0.3326990604400635,0.8627450980392157,0.9044368600682594,261.6931
1200,5.217391304347826,0.3171,0.30042028427124023,0.875,0.9103690685413005,267.3491
1225,5.326086956521739,0.3079,0.30064770579338074,0.8700980392156863,0.905861456483126,272.8945
1250,5.434782608695652,0.3611,0.3026927411556244,0.8725490196078431,0.9068100358422939,278.4647
1275,5.543478260869565,0.273,0.31474569439888,0.8774509803921569,0.910394265232975,283.962
1300,5.6521739130434785,0.2986,0.3271167278289795,0.8651960784313726,0.9036777583187391,289.5692
1325,5.760869565217392,0.2854,0.31703275442123413,0.8676470588235294,0.9059233449477352,295.1819
1350,5.869565217391305,0.3325,0.29651498794555664,0.8774509803921569,0.9090909090909091,300.8422
1375,5.978260869565218,0.3453,0.2926965653896332,0.8823529411764706,0.9133574007220215,306.4873
1400,6.086956521739131,0.2414,0.43385905027389526,0.8357843137254902,0.8914100486223664,311.9549
1425,6.195652173913044,0.3202,0.3030218482017517,0.8725490196078431,0.907473309608541,317.6635
1450,6.304347826086957,0.3099,0.32722389698028564,0.8480392156862745,0.8834586466165414,323.1445
1475,6.413043478260869,0.3457,0.32393714785575867,0.8602941176470589,0.9032258064516129,328.7236
1500,6.521739130434782,0.3268,0.29469791054725647,0.8725490196078431,0.9061371841155236,334.2134
1525,6.630434782608695,0.2743,0.3208622336387634,0.8700980392156863,0.9078260869565218,340.1955
1550,6.739130434782608,0.3314,0.2920740246772766,0.8774509803921569,0.9094202898550725,345.6692
1575,6.8478260869565215,0.2772,0.3036612868309021,0.8774509803921569,0.9100719424460433,351.2781
1600,6.956521739130435,0.2913,0.31255409121513367,0.8823529411764706,0.9136690647482014,356.8532
1625,7.065217391304348,0.2457,0.31731149554252625,0.8676470588235294,0.9045936395759717,362.3086
1650,7.173913043478261,0.285,0.2990882396697998,0.8725490196078431,0.9061371841155236,367.8095
1675,7.282608695652174,0.2587,0.3168582618236542,0.875,0.9128205128205128,373.407
1700,7.391304347826087,0.2832,0.29178592562675476,0.875,0.9084380610412927,379.043
1725,7.5,0.2917,0.29504290223121643,0.875,0.9081081081081082,384.7396
1750,7.608695652173913,0.3154,0.2878652513027191,0.8799019607843137,0.9126559714795008,390.3193
1775,7.717391304347826,0.313,0.29460808634757996,0.8700980392156863,0.9078260869565218,395.9354
1800,7.826086956521739,0.2851,0.2910926938056946,0.8725490196078431,0.9071428571428571,401.492
1825,7.934782608695652,0.2471,0.29016080498695374,0.8799019607843137,0.9120287253141832,407.2451
1850,8.043478260869565,0.3603,0.2993083596229553,0.8848039215686274,0.9173989455184535,412.7681
1875,8.152173913043478,0.277,0.2912994623184204,0.8799019607843137,0.9120287253141832,418.324
1900,8.26086956521739,0.2551,0.30058687925338745,0.875,0.9097345132743363,423.9822
1925,8.369565217391305,0.2578,0.29227909445762634,0.8774509803921569,0.9100719424460433,429.5961
1950,8.478260869565217,0.2834,0.3016793727874756,0.8848039215686274,0.917975567190227,435.2849
1975,8.58695652173913,0.2643,0.31047025322914124,0.8799019607843137,0.9156626506024096,440.7519
2000,8.695652173913043,0.2717,0.30044224858283997,0.8725490196078431,0.9090909090909091,446.3231
2025,8.804347826086957,0.2641,0.2940623164176941,0.8774509803921569,0.910394265232975,452.0352
2050,8.91304347826087,0.2974,0.29961442947387695,0.8725490196078431,0.9084507042253521,457.6414
2075,9.021739130434783,0.2993,0.2932359576225281,0.8774509803921569,0.9119718309859154,463.054
2100,9.130434782608695,0.2515,0.28817981481552124,0.8774509803921569,0.9094202898550725,468.5848
2125,9.23913043478261,0.2508,0.29203322529792786,0.8774509803921569,0.9116607773851589,474.1415
2150,9.347826086956522,0.2977,0.29794740676879883,0.8774509803921569,0.9125874125874125,479.6552
2175,9.456521739130435,0.2696,0.2918950021266937,0.8823529411764706,0.915492957746479,485.2962
2200,9.565217391304348,0.2863,0.305808424949646,0.8725490196078431,0.9097222222222222,490.8263
2225,9.673913043478262,0.296,0.3003832995891571,0.875,0.9113043478260869,496.4116
2250,9.782608695652174,0.2748,0.2968504726886749,0.8823529411764706,0.9157894736842105,501.9612
2275,9.891304347826086,0.2751,0.2971784472465515,0.8823529411764706,0.916083916083916,507.6081
2300,10.0,0.2452,0.2964905798435211,0.8823529411764706,0.9157894736842105,513.0911
