step,epoch,train_loss,eval_loss,eval_accuracy,eval_f1,train_runtime
25,0.11,0.6564,0.6351825594902039,0.6838235294117647,0.8122270742358079,5.8802
50,0.22,0.6609,0.6249316334724426,0.6838235294117647,0.8122270742358079,11.251
75,0.33,0.6393,0.6188563704490662,0.6838235294117647,0.8122270742358079,16.7581
100,0.43,0.6382,0.6041521430015564,0.6838235294117647,0.8122270742358079,22.1453
125,0.54,0.5536,0.5831135511398315,0.6911764705882353,0.810810810810811,27.6553
150,0.65,0.5621,0.4916017949581146,0.75,0.8294314381270903,33.0357
175,0.76,0.5672,0.4606757164001465,0.7843137254901961,0.8576051779935275,38.6827
200,0.87,0.4807,0.4976771473884582,0.7794117647058824,0.8548387096774194,44.1529
225,0.98,0.5443,0.4538787305355072,0.7843137254901961,0.8247011952191236,49.647
250,1.09,0.4904,0.3994521200656891,0.8357843137254902,0.8846815834767642,54.8888
275,1.2,0.4959,0.4480679035186767,0.7769607843137255,0.8575899843505477,60.358
300,1.3,0.4177,0.3950221240520477,0.8357843137254902,0.8779599271402551,65.8281
325,1.41,0.3998,0.4066001176834106,0.8014705882352942,0.8408644400785856,71.3069
350,1.52,0.4459,0.376156747341156,0.8357843137254902,0.8818342151675486,76.7728
375,1.63,0.3956,0.3402935564517975,0.8431372549019608,0.8840579710144927,82.1419
400,1.74,0.3036,0.4432328641414642,0.8529411764705882,0.8913043478260869,87.6248
425,1.85,0.4385,0.3559024035930633,0.8333333333333334,0.8815331010452963,93.1041
450,1.96,0.4083,0.3380767107009887,0.8553921568627451,0.8929219600725953,98.7334
475,2.07,0.3092,0.5139450430870056,0.8504901960784313,0.8967851099830796,103.9815
500,2.17,0.3832,0.3241564929485321,0.8676470588235294,0.9018181818181816,109.4925
525,2.28,0.3415,0.316778302192688,0.8627450980392157,0.8981818181818181,115.4756
550,2.39,0.3293,0.3618730306625366,0.8651960784313726,0.9023090586145648,120.9355
575,2.5,0.3424,0.3510274589061737,0.8480392156862745,0.8945578231292517,126.4108
600,2.61,0.3059,0.3603513836860657,0.8602941176470589,0.9001751313485115,131.8771
625,2.72,0.3261,0.3572271466255188,0.8529411764705882,0.8989898989898989,137.3943
650,2.83,0.3831,0.3315342962741852,0.8431372549019608,0.8877192982456141,142.895
675,2.93,0.292,0.354333758354187,0.8480392156862745,0.8888888888888888,148.4396
700,3.04,0.2759,0.3923132419586181,0.8480392156862745,0.8900709219858156,153.6477
725,3.15,0.3126,0.4017638266086578,0.8651960784313726,0.9063032367972744,159.1975
750,3.26,0.2772,0.48834428191185,0.8455882352941176,0.8944723618090453,164.675
775,3.37,0.2539,0.3937163352966308,0.8602941176470589,0.8980322003577819,170.0915
800,3.48,0.279,0.3478604555130005,0.8602941176470589,0.9018932874354562,175.5219
825,3.59,0.3312,0.3718075454235077,0.8676470588235294,0.904255319148936,181.0801
850,3.7,0.2933,0.321226567029953,0.8602941176470589,0.8998242530755711,186.6546
875,3.8,0.2742,0.4070827960968017,0.8529411764705882,0.8936170212765957,192.1684
900,3.91,0.3042,0.3585472106933594,0.8627450980392157,0.902439024390244,197.6782
925,4.02,0.2925,0.3512480854988098,0.8578431372549019,0.8982456140350877,203.0252
950,4.13,0.228,0.3831144571304321,0.8700980392156863,0.9071803852889668,208.6393
975,4.24,0.2742,0.4180294573307037,0.8553921568627451,0.9005059021922428,213.9872
1000,4.35,0.284,0.3590151071548462,0.8602941176470589,0.9012131715771232,219.4353
1025,4.46,0.2375,0.358264148235321,0.8676470588235294,0.9025270758122744,225.5509
1050,4.57,0.2122,0.4571239650249481,0.8651960784313726,0.9050086355785838,231.0872
1075,4.67,0.2603,0.5171371698379517,0.8676470588235294,0.9049295774647886,236.4906
1100,4.78,0.2117,0.4276498556137085,0.8700980392156863,0.9084628670120898,242.0065
1125,4.89,0.2441,0.3609650433063507,0.8774509803921569,0.9116607773851588,247.4513
1150,5.0,0.2267,0.3578802347183227,0.8676470588235294,0.9049295774647886,252.9838
1175,5.11,0.1861,0.4271039068698883,0.8676470588235294,0.904255319148936,258.3759
1200,5.22,0.2264,0.3972295820713043,0.8651960784313726,0.9036777583187392,263.9287
1225,5.33,0.1661,0.4323271214962005,0.8700980392156863,0.90652557319224,269.4142
1250,5.43,0.2294,0.4789431095123291,0.8602941176470589,0.9001751313485115,274.8301
1275,5.54,0.184,0.4452262222766876,0.8651960784313726,0.897196261682243,280.3044
1300,5.65,0.1902,0.4541118741035461,0.875,0.91005291005291,285.7428
1325,5.76,0.1518,0.4508819878101349,0.8823529411764706,0.9145907473309608,291.3321
1350,5.87,0.2141,0.4909136295318603,0.8676470588235294,0.9007352941176472,296.8486
1375,5.98,0.2332,0.4094217717647552,0.8651960784313726,0.9036777583187392,302.4747
1400,6.09,0.1198,0.6502442955970764,0.8700980392156863,0.9112227805695142,307.8489
1425,6.2,0.2008,0.5149095058441162,0.8602941176470589,0.8983957219251337,313.5803
1450,6.3,0.1909,0.5134745836257935,0.8627450980392157,0.895910780669145,318.9233
1475,6.41,0.21,0.4250109493732452,0.8700980392156863,0.9055258467023172,324.4182
1500,6.52,0.1753,0.5342518091201782,0.8627450980392157,0.8966789667896681,329.8312
1525,6.63,0.1248,0.6094367504119873,0.8700980392156863,0.9078260869565218,336.1509
1550,6.74,0.2206,0.4785381257534027,0.8725490196078431,0.907473309608541,341.5499
1575,6.85,0.1073,0.5584434270858765,0.8651960784313726,0.9005424954792043,347.0324
1600,6.96,0.1877,0.5826699137687683,0.8700980392156863,0.9075043630017452,352.5978
1625,7.07,0.1787,0.5736507773399353,0.8725490196078431,0.9047619047619048,357.9267
1650,7.17,0.1874,0.5297151207923889,0.875,0.9087656529516996,363.4222
1675,7.28,0.1867,0.5225698947906494,0.8725490196078431,0.9103448275862068,368.8606
1700,7.39,0.1851,0.5011278986930847,0.875,0.9128205128205128,374.4594
1725,7.5,0.1427,0.5234717726707458,0.8578431372549019,0.8917910447761195,380.0025
1750,7.61,0.1475,0.5297239422798157,0.875,0.9097345132743364,385.5668
1775,7.72,0.1694,0.5524626970291138,0.8823529411764706,0.9163763066202092,391.0701
1800,7.83,0.1452,0.5750066637992859,0.8676470588235294,0.9045936395759716,396.5403
1825,7.93,0.1467,0.5676131844520569,0.8725490196078431,0.9061371841155236,402.1626
1850,8.04,0.2261,0.6086732149124146,0.8676470588235294,0.9065743944636676,407.5391
1875,8.15,0.1352,0.5553667545318604,0.8725490196078431,0.906810035842294,413.0429
1900,8.26,0.0915,0.626893937587738,0.8651960784313726,0.9012567324955116,418.5266
1925,8.37,0.1322,0.5971373915672302,0.8700980392156863,0.904847396768402,424.1174
1950,8.48,0.1305,0.6019644737243652,0.8602941176470589,0.8998242530755711,429.6722
1975,8.59,0.0839,0.6503987312316895,0.8700980392156863,0.9087779690189328,435.1322
2000,8.7,0.169,0.6089626550674438,0.8676470588235294,0.904255319148936,440.599
2025,8.8,0.1348,0.610845148563385,0.8627450980392157,0.8985507246376813,446.7457
2050,8.91,0.1622,0.6202875971794128,0.8651960784313726,0.9026548672566372,452.2832
2075,9.02,0.1919,0.6123328804969788,0.8578431372549019,0.8971631205673759,457.6893
2100,9.13,0.095,0.6146259903907776,0.8700980392156863,0.9061946902654868,463.1154
2125,9.24,0.128,0.6196755170822144,0.8700980392156863,0.9041591320072332,468.5839
2150,9.35,0.1363,0.6185764074325562,0.8651960784313726,0.9040139616055848,474.0189
2175,9.46,0.133,0.6119949221611023,0.8676470588235294,0.9049295774647886,479.5288
2200,9.57,0.0905,0.6232174634933472,0.8651960784313726,0.9029982363315696,484.9963
2225,9.67,0.1496,0.6142628788948059,0.8676470588235294,0.9028776978417268,490.4523
2250,9.78,0.1284,0.605324387550354,0.8627450980392157,0.9003558718861211,496.0159
2275,9.89,0.1369,0.6050933599472046,0.8627450980392157,0.9,501.5414
2300,10.0,0.0762,0.6047623157501221,0.8627450980392157,0.9,507.0392
