step,epoch,train_loss,eval_loss,eval_accuracy,eval_f1,train_runtime
25,0.10869565217391304,0.6563,0.6347485184669495,0.6838235294117647,0.8122270742358079,6.1144
50,0.21739130434782608,0.6606,0.6252584457397461,0.6838235294117647,0.8122270742358079,11.7096
75,0.32608695652173914,0.6359,0.6146423816680908,0.6838235294117647,0.8122270742358079,17.5639
100,0.43478260869565216,0.6357,0.5587659478187561,0.7083333333333334,0.8226527570789866,23.2186
125,0.5434782608695652,0.5632,0.5651740431785583,0.7254901960784313,0.826086956521739,28.9716
150,0.6521739130434783,0.5446,0.5183432102203369,0.7647058823529411,0.8476190476190476,34.6122
175,0.7608695652173914,0.5687,0.5131811499595642,0.7990196078431373,0.8614864864864864,40.5076
200,0.8695652173913043,0.5125,0.6118308305740356,0.7696078431372549,0.8522012578616351,46.255
225,0.9782608695652174,0.5573,0.556725263595581,0.8014705882352942,0.8561278863232682,52.0307
250,1.0869565217391304,0.5149,0.39563998579978943,0.8333333333333334,0.870722433460076,57.5415
275,1.1956521739130435,0.4929,0.3730906546115875,0.8480392156862745,0.8952702702702703,63.2836
300,1.3043478260869565,0.4519,0.34151512384414673,0.8529411764705882,0.8951048951048952,69.053
325,1.4130434782608696,0.4369,0.39268958568573,0.8186274509803921,0.8582375478927203,74.7439
350,1.5217391304347827,0.4442,0.3837071359157562,0.8431372549019608,0.8873239436619718,80.5121
375,1.6304347826086958,0.4215,0.3451506793498993,0.8455882352941176,0.8839779005524862,86.1332
400,1.7391304347826086,0.374,0.431855708360672,0.8308823529411765,0.8855721393034827,91.8993
425,1.8478260869565217,0.4618,0.35962241888046265,0.8259803921568627,0.8814691151919867,97.6488
450,1.9565217391304348,0.4427,0.4119049906730652,0.8578431372549019,0.901023890784983,103.514
475,2.0652173913043477,0.3834,0.5446483492851257,0.8455882352941176,0.8941176470588236,108.993
500,2.1739130434782608,0.4291,0.31293073296546936,0.8651960784313726,0.9005424954792043,114.781
525,2.282608695652174,0.3305,0.32943853735923767,0.8627450980392157,0.8989169675090252,120.6349
550,2.391304347826087,0.3612,0.3665911853313446,0.8431372549019608,0.8848920863309353,126.3525
575,2.5,0.3884,0.42457738518714905,0.8357843137254902,0.8881469115191986,132.0644
600,2.608695652173913,0.3641,0.4003778100013733,0.8480392156862745,0.8956228956228957,137.8041
625,2.717391304347826,0.3117,0.44020193815231323,0.8455882352941176,0.8951747088186357,143.5891
650,2.8260869565217392,0.4441,0.3364694118499756,0.8553921568627451,0.8991452991452993,149.3846
675,2.9347826086956523,0.3171,0.3061642348766327,0.8627450980392157,0.9,155.1174
700,3.0434782608695654,0.3228,0.3588827848434448,0.8627450980392157,0.903114186851211,160.5891
725,3.1521739130434785,0.3343,0.4345015585422516,0.8480392156862745,0.8963210702341137,166.2608
750,3.260869565217391,0.3291,0.4210224449634552,0.8602941176470589,0.9042016806722689,171.9961
775,3.369565217391304,0.295,0.3767780661582947,0.8651960784313726,0.9019607843137256,177.573
800,3.4782608695652173,0.3096,0.4616904854774475,0.8406862745098039,0.8914858096828046,183.263
825,3.5869565217391304,0.3814,0.3147084712982178,0.8676470588235294,0.90625,189.0472
850,3.6956521739130435,0.3064,0.3194553852081299,0.8897058823529411,0.9200710479573712,194.8428
875,3.8043478260869565,0.3556,0.3129962086677551,0.8700980392156863,0.9061946902654867,200.6719
900,3.9130434782608696,0.3127,0.3614746630191803,0.8823529411764706,0.9166666666666667,206.4846
925,4.021739130434782,0.3181,0.3237212300300598,0.8700980392156863,0.9071803852889667,212.1421
950,4.130434782608695,0.2609,0.3132913410663605,0.875,0.9113043478260869,217.8995
975,4.239130434782608,0.3202,0.39775171875953674,0.8480392156862745,0.8970099667774086,223.6569
1000,4.3478260869565215,0.3392,0.3881889283657074,0.8627450980392157,0.904109589041096,229.3171
1025,4.456521739130435,0.3556,0.3119358420372009,0.8602941176470589,0.8994708994708994,235.4565
1050,4.565217391304348,0.2554,0.4577181339263916,0.8872549019607843,0.9204152249134948,241.1936
1075,4.673913043478261,0.3029,0.32211098074913025,0.8823529411764706,0.9142857142857143,247.009
1100,4.782608695652174,0.2242,0.36807650327682495,0.8872549019607843,0.9187279151943463,252.7508
1125,4.891304347826087,0.2788,0.3138846457004547,0.8848039215686274,0.91651865008881,258.5974
1150,5.0,0.2322,0.3762437403202057,0.8774509803921569,0.9113475177304964,264.3544
1175,5.108695652173913,0.2429,0.406292200088501,0.8700980392156863,0.9081455805892548,270.0377
1200,5.217391304347826,0.2754,0.3484911322593689,0.8725490196078431,0.9087719298245615,275.8336
1225,5.326086956521739,0.1998,0.4033646583557129,0.8725490196078431,0.9061371841155236,281.5816
1250,5.434782608695652,0.2912,0.3700993061065674,0.875,0.9087656529516995,287.3132
1275,5.543478260869565,0.2281,0.39151543378829956,0.8725490196078431,0.9078014184397164,292.9991
1300,5.6521739130434785,0.2326,0.36706116795539856,0.8848039215686274,0.9168141592920355,298.787
1325,5.760869565217392,0.2381,0.3617312014102936,0.8774509803921569,0.9097472924187725,304.5869
1350,5.869565217391305,0.3136,0.33780622482299805,0.8700980392156863,0.9071803852889667,310.4956
1375,5.978260869565218,0.2519,0.34603485465049744,0.8848039215686274,0.9171075837742505,316.3673
1400,6.086956521739131,0.1812,0.533913791179657,0.8578431372549019,0.9033333333333333,322.0814
1425,6.195652173913044,0.258,0.41508054733276367,0.8676470588235294,0.9065743944636677,327.964
1450,6.304347826086957,0.211,0.4132511019706726,0.8725490196078431,0.9068100358422939,333.6513
1475,6.413043478260869,0.2602,0.4434930384159088,0.8823529411764706,0.9172413793103448,339.3709
1500,6.521739130434782,0.265,0.36851486563682556,0.8823529411764706,0.915492957746479,345.101
1525,6.630434782608695,0.2028,0.3988211452960968,0.8700980392156863,0.9084628670120898,351.316
1550,6.739130434782608,0.2569,0.3392665982246399,0.8700980392156863,0.9055258467023173,357.0447
1575,6.8478260869565215,0.2236,0.3561490774154663,0.8725490196078431,0.9084507042253521,362.77
1600,6.956521739130435,0.2419,0.3721022605895996,0.875,0.9113043478260869,368.584
1625,7.065217391304348,0.165,0.40008601546287537,0.875,0.9071038251366121,374.2022
1650,7.173913043478261,0.2504,0.4557763338088989,0.8823529411764706,0.9139784946236559,379.8957
1675,7.282608695652174,0.1826,0.43755707144737244,0.8799019607843137,0.9150779896013865,385.6109
1700,7.391304347826087,0.2083,0.44154447317123413,0.8774509803921569,0.9140893470790378,391.4399
1725,7.5,0.2423,0.3793661594390869,0.8799019607843137,0.9107468123861567,397.3003
1750,7.608695652173913,0.1912,0.35356947779655457,0.8921568627450981,0.9219858156028369,403.0467
1775,7.717391304347826,0.1941,0.41293421387672424,0.8774509803921569,0.9131944444444444,408.8951
1800,7.826086956521739,0.2289,0.4201819598674774,0.8799019607843137,0.9147826086956522,414.5915
1825,7.934782608695652,0.1812,0.37572696805000305,0.8774509803921569,0.910394265232975,420.6176
1850,8.043478260869565,0.253,0.3974931836128235,0.8676470588235294,0.9072164948453608,426.2767
1875,8.152173913043478,0.1589,0.3913727104663849,0.8799019607843137,0.9132743362831858,432.123
1900,8.26086956521739,0.1459,0.4418635964393616,0.8823529411764706,0.915492957746479,437.8877
1925,8.369565217391305,0.1451,0.4940303862094879,0.8799019607843137,0.9135802469135803,443.7949
1950,8.478260869565217,0.1886,0.47416257858276367,0.8676470588235294,0.90625,449.6404
1975,8.58695652173913,0.1486,0.505077064037323,0.8627450980392157,0.9037800687285222,455.3443
2000,8.695652173913043,0.1877,0.46493709087371826,0.8774509803921569,0.912280701754386,461.019
2025,8.804347826086957,0.1571,0.4954439401626587,0.8774509803921569,0.9097472924187725,466.9553
2050,8.91304347826087,0.2196,0.497760146856308,0.8799019607843137,0.913884007029877,472.7256
2075,9.021739130434783,0.3279,0.44621291756629944,0.8823529411764706,0.915492957746479,478.292
2100,9.130434782608695,0.1405,0.42770063877105713,0.8848039215686274,0.9159212880143113,484.0078
2125,9.23913043478261,0.1624,0.4511660635471344,0.8774509803921569,0.911032028469751,489.73
2150,9.347826086956522,0.172,0.45140373706817627,0.8774509803921569,0.9107142857142857,495.4955
2175,9.456521739130435,0.2011,0.4433184564113617,0.8872549019607843,0.9192982456140351,501.2566
2200,9.565217391304348,0.1915,0.4523540437221527,0.8872549019607843,0.9198606271777002,507.1117
2225,9.673913043478262,0.1583,0.447452574968338,0.8921568627450981,0.9228070175438596,512.8481
2250,9.782608695652174,0.1842,0.4538060426712036,0.8921568627450981,0.9228070175438596,518.7002
2275,9.891304347826086,0.1715,0.45268192887306213,0.8897058823529411,0.9211908931698775,524.5195
2300,10.0,0.1914,0.4489936828613281,0.8921568627450981,0.9228070175438596,530.3142
