step,epoch,train_loss,eval_loss,eval_accuracy,eval_f1,train_runtime
25,0.11,0.713,0.6579594612121582,0.6838235294117647,0.8122270742358079,5.8174
50,0.22,0.6628,0.6244575381278992,0.6838235294117647,0.8122270742358079,11.1112
75,0.33,0.638,0.6211494207382202,0.6838235294117647,0.8122270742358079,16.5641
100,0.43,0.6382,0.6122392416000366,0.6838235294117647,0.8122270742358079,21.9543
125,0.54,0.5973,0.5927491188049316,0.7034313725490197,0.8202080237741455,27.3865
150,0.65,0.5719,0.5205608606338501,0.7475490196078431,0.8352,32.862
175,0.76,0.5515,0.4762695133686065,0.8112745098039216,0.8597449908925319,38.476
200,0.87,0.4921,0.476885437965393,0.7990196078431373,0.8646864686468646,44.0922
225,0.98,0.5347,0.4582043886184692,0.8063725490196079,0.8477842003853565,49.5837
250,1.09,0.4871,0.457621306180954,0.803921568627451,0.8644067796610169,54.9467
275,1.2,0.4644,0.4013653099536896,0.8112745098039216,0.8697123519458544,60.413
300,1.3,0.4641,0.425961971282959,0.8137254901960784,0.8729096989966555,65.9224
325,1.41,0.3926,0.4644138216972351,0.7647058823529411,0.8032786885245902,71.3196
350,1.52,0.4499,0.4357570111751556,0.8112745098039216,0.8683760683760684,76.7911
375,1.63,0.4233,0.3629611134529114,0.8455882352941176,0.8852459016393444,82.1485
400,1.74,0.3499,0.4206373989582062,0.8578431372549019,0.8964285714285715,87.5423
425,1.85,0.4165,0.3576206862926483,0.8431372549019608,0.891156462585034,93.0639
450,1.96,0.3881,0.3473816812038421,0.875,0.9103690685413004,98.5872
475,2.07,0.3371,0.4466008245944977,0.8406862745098039,0.888888888888889,103.9177
500,2.17,0.3683,0.3256815373897552,0.8480392156862745,0.8880866425992779,109.3805
525,2.28,0.3582,0.3441419303417206,0.8431372549019608,0.8792452830188678,115.9667
550,2.39,0.3224,0.3467467725276947,0.8529411764705882,0.894736842105263,121.4077
575,2.5,0.3658,0.3841407001018524,0.8308823529411765,0.8866995073891626,126.9532
600,2.61,0.3262,0.3817501366138458,0.8627450980392157,0.9027777777777778,132.4093
625,2.72,0.3119,0.4734416902065277,0.8333333333333334,0.8896103896103896,138.0257
650,2.83,0.4346,0.349787026643753,0.8578431372549019,0.903010033444816,143.6138
675,2.93,0.327,0.3480764329433441,0.8700980392156863,0.9041591320072332,149.1765
700,3.04,0.2653,0.4132157266139984,0.8602941176470589,0.8994708994708994,154.4556
725,3.15,0.3488,0.4397912919521332,0.8553921568627451,0.9011725293132328,159.9418
750,3.26,0.3112,0.4189710319042206,0.8578431372549019,0.9026845637583892,165.4998
775,3.37,0.272,0.3691657483577728,0.8676470588235294,0.9049295774647886,170.8554
800,3.48,0.2941,0.4276207089424133,0.8553921568627451,0.8984509466437176,176.3385
825,3.59,0.3297,0.3433095216751098,0.8602941176470589,0.9012131715771232,181.7872
850,3.7,0.2989,0.3503972887992859,0.8627450980392157,0.901060070671378,187.4311
875,3.8,0.2752,0.3635723888874054,0.8627450980392157,0.8989169675090252,192.8911
900,3.91,0.3133,0.3610037863254547,0.8504901960784313,0.8942807625649914,198.4427
925,4.02,0.3168,0.3465678691864013,0.8504901960784313,0.8939130434782607,203.7475
950,4.13,0.246,0.3676495254039764,0.8504901960784313,0.8924162257495591,209.2876
975,4.24,0.2678,0.3923510313034057,0.8480392156862745,0.8927335640138409,214.8043
1000,4.35,0.2926,0.3882124722003937,0.8578431372549019,0.9006849315068494,220.2058
1025,4.46,0.2911,0.3364028036594391,0.8651960784313726,0.8998178506375228,226.4458
1050,4.57,0.2546,0.3908795416355133,0.8676470588235294,0.9039145907473308,231.9172
1075,4.67,0.2653,0.4172449707984924,0.8504901960784313,0.893169877408056,237.4905
1100,4.78,0.2045,0.4078861773014068,0.8676470588235294,0.9052631578947368,242.9411
1125,4.89,0.2784,0.3534492552280426,0.8627450980392157,0.902439024390244,248.4607
1150,5.0,0.2331,0.44728484749794,0.8602941176470589,0.9008695652173914,253.9057
1175,5.11,0.1928,0.4001061618328094,0.8529411764705882,0.894736842105263,259.3754
1200,5.22,0.2662,0.4291777014732361,0.8602941176470589,0.902229845626072,264.8708
1225,5.33,0.2048,0.4057869017124176,0.8676470588235294,0.9035714285714286,270.3623
1250,5.43,0.2636,0.4269882142543793,0.8676470588235294,0.904255319148936,275.7647
1275,5.54,0.2295,0.4072508215904236,0.8676470588235294,0.9025270758122744,281.1932
1300,5.65,0.2332,0.446052223443985,0.8602941176470589,0.8991150442477877,286.6903
1325,5.76,0.2009,0.4725420475006103,0.8578431372549019,0.8989547038327526,292.2276
1350,5.87,0.2636,0.4500366151332855,0.8529411764705882,0.8905109489051095,297.8279
1375,5.98,0.2545,0.3788246512413025,0.8602941176470589,0.9008695652173914,303.3865
1400,6.09,0.1708,0.6840512752532959,0.8431372549019608,0.8947368421052632,308.8134
1425,6.2,0.2596,0.4849733710289001,0.8602941176470589,0.8994708994708994,314.4589
1450,6.3,0.2072,0.4804677367210388,0.8455882352941176,0.8822429906542055,319.9039
1475,6.41,0.225,0.4131670892238617,0.8504901960784313,0.8920353982300885,325.3676
1500,6.52,0.2574,0.4629714787006378,0.8553921568627451,0.8963093145869947,330.8498
1525,6.63,0.151,0.5246012210845947,0.8529411764705882,0.8951048951048952,336.9713
1550,6.74,0.214,0.4918022453784942,0.8651960784313726,0.9009009009009008,342.4292
1575,6.85,0.1804,0.5153762102127075,0.8602941176470589,0.8998242530755711,347.8925
1600,6.96,0.2108,0.492432177066803,0.8602941176470589,0.8991150442477877,353.4175
1625,7.07,0.1588,0.5234275460243225,0.8553921568627451,0.8936936936936937,358.8024
1650,7.17,0.1962,0.5362355709075928,0.8700980392156863,0.9055258467023172,364.2405
1675,7.28,0.1929,0.471994936466217,0.8651960784313726,0.9053356282271946,369.7607
1700,7.39,0.1678,0.4971703290939331,0.8651960784313726,0.9050086355785838,375.2964
1725,7.5,0.1686,0.5205004811286926,0.8602941176470589,0.893854748603352,380.9195
1750,7.61,0.2382,0.4089383780956268,0.8602941176470589,0.900523560209424,386.405
1775,7.72,0.2006,0.4538396298885345,0.8553921568627451,0.8981001727115717,392.0763
1800,7.83,0.1527,0.5064109563827515,0.8553921568627451,0.8970331588132635,397.4992
1825,7.93,0.1898,0.4852603077888489,0.8578431372549019,0.8960573476702509,403.1769
1850,8.04,0.2286,0.544174313545227,0.8602941176470589,0.902229845626072,408.5298
1875,8.15,0.1363,0.4921889901161194,0.8504901960784313,0.8927943760984183,414.0197
1900,8.26,0.1378,0.5190516114234924,0.8504901960784313,0.893169877408056,419.5496
1925,8.37,0.165,0.4960097372531891,0.8480392156862745,0.8916083916083916,425.093
1950,8.48,0.1517,0.5088756680488586,0.8578431372549019,0.8978873239436619,430.7289
1975,8.59,0.1328,0.5563074946403503,0.8627450980392157,0.904109589041096,436.1333
2000,8.7,0.1778,0.4952142238616943,0.8578431372549019,0.8978873239436619,441.6906
2025,8.8,0.1258,0.517188549041748,0.8627450980392157,0.9,447.7473
2050,8.91,0.2091,0.52487713098526,0.8578431372549019,0.8989547038327526,453.3332
2075,9.02,0.1797,0.508690595626831,0.8578431372549019,0.8978873239436619,458.6548
2100,9.13,0.1479,0.5101271271705627,0.8578431372549019,0.8978873239436619,464.1545
2125,9.24,0.1522,0.516991913318634,0.8602941176470589,0.8998242530755711,469.5987
2150,9.35,0.1942,0.5421404242515564,0.8578431372549019,0.8993055555555555,475.103
2175,9.46,0.1466,0.518913745880127,0.8553921568627451,0.8970331588132635,480.6003
2200,9.57,0.119,0.5303846001625061,0.8602941176470589,0.9008695652173914,486.0795
2225,9.67,0.1672,0.5192530751228333,0.8602941176470589,0.900523560209424,491.5746
2250,9.78,0.1467,0.5215958952903748,0.8578431372549019,0.8989547038327526,497.0647
2275,9.89,0.1421,0.5222444534301758,0.8578431372549019,0.8989547038327526,502.648
2300,10.0,0.1225,0.5217279195785522,0.8578431372549019,0.8989547038327526,508.0531
