step,epoch,train_loss,eval_loss,eval_accuracy,eval_f1,train_runtime
25,0.11,0.6564,0.6352488398551941,0.6838235294117647,0.8122270742358079,6.2841
50,0.22,0.6607,0.6246285438537598,0.6838235294117647,0.8122270742358079,12.0644
75,0.33,0.6385,0.6184486150741577,0.6838235294117647,0.8122270742358079,18.0353
100,0.43,0.6379,0.5975579619407654,0.6838235294117647,0.8122270742358079,23.8367
125,0.54,0.5788,0.5375403761863708,0.7107843137254902,0.8217522658610272,29.754
150,0.65,0.5603,0.4459410309791565,0.7720588235294118,0.8447412353923205,35.561
175,0.76,0.6027,0.4586268067359924,0.7892156862745098,0.8561872909698997,41.589
200,0.87,0.5575,0.3939995467662811,0.8088235294117647,0.8641114982578396,47.5202
225,0.98,0.4997,0.4073636531829834,0.8161764705882353,0.8695652173913044,53.412
250,1.09,0.4408,0.3881159126758575,0.8259803921568627,0.8794567062818336,59.1443
275,1.2,0.476,0.3950083255767822,0.8088235294117647,0.8737864077669903,65.0022
300,1.3,0.4314,0.4151408672332763,0.8161764705882353,0.8752079866888519,70.9492
325,1.41,0.4295,0.4154496192932129,0.8063725490196079,0.8466019417475729,76.789
350,1.52,0.4379,0.377134621143341,0.8333333333333334,0.8855218855218856,82.7619
375,1.63,0.3853,0.3528923094272613,0.8651960784313726,0.9001814882032667,88.5412
400,1.74,0.3374,0.3557285368442535,0.8676470588235294,0.9021739130434784,94.5042
425,1.85,0.4289,0.3732368350028991,0.8186274509803921,0.8786885245901639,100.4379
450,1.96,0.4066,0.3571492433547973,0.8627450980392157,0.902439024390244,106.5138
475,2.07,0.3317,0.3795766532421112,0.8578431372549019,0.8993055555555555,112.1829
500,2.17,0.3502,0.3135438859462738,0.8725490196078431,0.9051094890510948,118.1921
525,2.28,0.336,0.2965255677700043,0.8725490196078431,0.9051094890510948,124.3656
550,2.39,0.324,0.3196819126605987,0.8553921568627451,0.8981001727115717,130.2753
575,2.5,0.3288,0.3267295658588409,0.8431372549019608,0.889655172413793,136.1744
600,2.61,0.3045,0.3772564828395843,0.8602941176470589,0.9032258064516128,142.1224
625,2.72,0.3344,0.3664430975914001,0.8504901960784313,0.8985024958402663,148.0871
650,2.83,0.3721,0.2933787405490875,0.8578431372549019,0.8986013986013986,154.0846
675,2.93,0.3133,0.3524554073810577,0.8627450980392157,0.903448275862069,160.0291
700,3.04,0.2621,0.471208393573761,0.8431372549019608,0.8922558922558923,165.7901
725,3.15,0.3309,0.3841245770454407,0.8553921568627451,0.8998302207130731,171.6864
750,3.26,0.2611,0.3696621060371399,0.8725490196078431,0.9112627986348124,177.6652
775,3.37,0.2593,0.3625269830226898,0.8651960784313726,0.9050086355785838,183.4453
800,3.48,0.2519,0.3470300137996673,0.8627450980392157,0.9057239057239056,189.3863
825,3.59,0.3079,0.281969666481018,0.8921568627450981,0.92226148409894,195.3103
850,3.7,0.2929,0.3088054955005646,0.8725490196078431,0.9094076655052264,201.3584
875,3.8,0.2648,0.3553929328918457,0.875,0.9077757685352622,207.243
900,3.91,0.2852,0.330269455909729,0.8627450980392157,0.9027777777777778,213.2109
925,4.02,0.2911,0.3401562869548797,0.8725490196078431,0.9106529209621992,218.944
950,4.13,0.2091,0.3174504041671753,0.8921568627450981,0.9236111111111112,224.8741
975,4.24,0.2099,0.497372567653656,0.8455882352941176,0.8962108731466227,230.6571
1000,4.35,0.2797,0.3482009172439575,0.8700980392156863,0.9094017094017094,236.4974
1025,4.46,0.2546,0.2944408357143402,0.8848039215686274,0.9171075837742504,242.9844
1050,4.57,0.1913,0.3752197921276092,0.8799019607843137,0.9168081494057724,248.9399
1075,4.67,0.2224,0.3385467529296875,0.875,0.9109947643979056,254.8404
1100,4.78,0.1757,0.3900041878223419,0.875,0.911917098445596,260.7754
1125,4.89,0.2286,0.3376221656799316,0.8872549019607843,0.9201388888888888,266.7388
1150,5.0,0.2274,0.3312656283378601,0.8799019607843137,0.911070780399274,272.7185
1175,5.11,0.1544,0.3327970802783966,0.8848039215686274,0.9159212880143112,278.6828
1200,5.22,0.2262,0.3120198845863342,0.8921568627450981,0.9236111111111112,284.7184
1225,5.33,0.1629,0.3498269617557525,0.8946078431372549,0.9225225225225226,290.7441
1250,5.43,0.2317,0.3594303429126739,0.8921568627450981,0.9217081850533808,296.6218
1275,5.54,0.143,0.4081459045410156,0.9019607843137256,0.927536231884058,302.5939
1300,5.65,0.1936,0.3642070889472961,0.8848039215686274,0.9162210338680928,308.4966
1325,5.76,0.1509,0.3859733641147613,0.8774509803921569,0.911032028469751,314.5776
1350,5.87,0.2431,0.3566634356975555,0.875,0.907103825136612,320.5728
1375,5.98,0.1719,0.3592345416545868,0.8872549019607843,0.9198606271777002,326.6907
1400,6.09,0.1031,0.5824829339981079,0.8578431372549019,0.9023569023569024,332.4916
1425,6.2,0.1885,0.4313805401325226,0.875,0.9116117850953208,338.675
1450,6.3,0.1652,0.4140239059925079,0.8774509803921569,0.9080882352941176,344.4526
1475,6.41,0.2119,0.4139141142368316,0.8799019607843137,0.9150779896013864,350.4508
1500,6.52,0.203,0.4050458967685699,0.8946078431372549,0.924693520140105,356.2929
1525,6.63,0.1459,0.4189378321170807,0.8823529411764706,0.9172413793103448,362.8811
1550,6.74,0.188,0.3500100672245025,0.8970588235294118,0.9247311827956988,368.721
1575,6.85,0.1417,0.4420047104358673,0.8774509803921569,0.9137931034482758,374.7311
1600,6.96,0.1474,0.4392194449901581,0.8970588235294118,0.9257950530035336,380.6941
1625,7.07,0.1003,0.4862638711929321,0.8946078431372549,0.924693520140105,386.5581
1650,7.17,0.147,0.4793819487094879,0.8872549019607843,0.9169675090252708,392.4231
1675,7.28,0.1453,0.5053550601005554,0.8799019607843137,0.915951972555746,398.3667
1700,7.39,0.1164,0.5342821478843689,0.8823529411764706,0.9172413793103448,404.354
1725,7.5,0.1537,0.4289692938327789,0.8799019607843137,0.9123434704830052,410.4278
1750,7.61,0.1509,0.4058341085910797,0.8799019607843137,0.9150779896013864,416.3461
1775,7.72,0.1383,0.4691890776157379,0.8725490196078431,0.9109589041095888,422.3658
1800,7.83,0.0914,0.4771179258823395,0.8823529411764706,0.9145907473309608,428.2144
1825,7.93,0.1405,0.4320679008960724,0.8774509803921569,0.912280701754386,434.3644
1850,8.04,0.1319,0.4929811060428619,0.8823529411764706,0.9175257731958764,440.1505
1875,8.15,0.135,0.4524700343608856,0.8872549019607843,0.9187279151943464,446.1114
1900,8.26,0.1252,0.5150648355484009,0.875,0.9122203098106711,452.0376
1925,8.37,0.0962,0.4791294932365417,0.8700980392156863,0.9061946902654868,458.0671
1950,8.48,0.0903,0.549123227596283,0.875,0.9125214408233276,464.0538
1975,8.59,0.1002,0.513491153717041,0.8799019607843137,0.9156626506024096,469.9614
2000,8.7,0.1099,0.5024486780166626,0.8848039215686274,0.918825561312608,475.8637
2025,8.8,0.1375,0.4737926423549652,0.8872549019607843,0.9178571428571428,482.1121
2050,8.91,0.1217,0.5243024826049805,0.8848039215686274,0.9185441941074524,488.0749
2075,9.02,0.1566,0.4747368991374969,0.8848039215686274,0.917975567190227,493.8691
2100,9.13,0.0924,0.4586115479469299,0.8921568627450981,0.9228070175438596,499.7622
2125,9.24,0.0958,0.4609169960021972,0.8946078431372549,0.9236234458259324,505.6863
2150,9.35,0.0886,0.4843283891677856,0.8897058823529411,0.9214659685863874,511.5944
2175,9.46,0.1002,0.4916539788246155,0.8897058823529411,0.9214659685863874,517.5612
2200,9.57,0.0655,0.5095072984695435,0.8921568627450981,0.9236111111111112,523.493
2225,9.67,0.1451,0.490633875131607,0.8897058823529411,0.9214659685863874,529.3974
2250,9.78,0.0838,0.4864867627620697,0.8897058823529411,0.9211908931698776,535.3401
2275,9.89,0.0581,0.4954801201820373,0.8897058823529411,0.9214659685863874,541.3327
2300,10.0,0.0826,0.4961178302764892,0.8897058823529411,0.9214659685863874,547.2376
