step,epoch,train_loss,eval_loss,eval_accuracy,eval_f1,train_runtime
25,0.11,0.6778,0.6476331353187561,0.6838235294117647,0.8122270742358079,5.9709
50,0.22,0.6584,0.6234034299850464,0.6838235294117647,0.8122270742358079,11.4789
75,0.33,0.6436,0.6231551170349121,0.6838235294117647,0.8122270742358079,17.1372
100,0.43,0.6297,0.6089333295822144,0.6838235294117647,0.8122270742358079,22.6567
125,0.54,0.5808,0.5498109459877014,0.7083333333333334,0.8210526315789474,28.2381
150,0.65,0.5868,0.6260825991630554,0.6642156862745098,0.7163561076604555,33.7574
175,0.76,0.5957,0.5194334983825684,0.7083333333333334,0.8221225710014948,39.4729
200,0.87,0.5466,0.5194858312606812,0.7426470588235294,0.8382126348228044,45.1054
225,0.98,0.5995,0.5503430366516113,0.7647058823529411,0.8291814946619216,50.6959
250,1.09,0.5434,0.4382221102714538,0.7867647058823529,0.8585365853658538,56.1047
275,1.2,0.5049,0.415802538394928,0.8186274509803921,0.8766666666666666,61.6714
300,1.3,0.4534,0.4201374351978302,0.8186274509803921,0.8770764119601329,67.3127
325,1.41,0.4545,0.4333973228931427,0.7916666666666666,0.8282828282828283,72.8589
350,1.52,0.4976,0.4301427900791168,0.7794117647058824,0.8566878980891721,78.5071
375,1.63,0.4148,0.323807805776596,0.8529411764705882,0.8943661971830987,84.0152
400,1.74,0.3861,0.3199399709701538,0.8627450980392157,0.9014084507042254,89.6486
425,1.85,0.4157,0.3230502605438232,0.8553921568627451,0.8970331588132635,95.2918
450,1.96,0.4824,0.3422048985958099,0.8504901960784313,0.897133220910624,101.0584
475,2.07,0.3955,0.5213195085525513,0.8161764705882353,0.8796147672552166,106.4691
500,2.17,0.4725,0.332383930683136,0.8700980392156863,0.9031078610603293,112.1344
525,2.28,0.3714,0.3112379014492035,0.8700980392156863,0.9023941068139965,117.8984
550,2.39,0.3611,0.3471435904502868,0.875,0.9087656529516996,123.5054
575,2.5,0.4028,0.3628645837306976,0.8333333333333334,0.8888888888888888,129.1267
600,2.61,0.3742,0.4294476211071014,0.8480392156862745,0.8966666666666667,134.7185
625,2.72,0.3576,0.3609557151794433,0.8627450980392157,0.9044368600682594,140.4044
650,2.83,0.3859,0.293916791677475,0.8823529411764706,0.9130434782608696,146.0697
675,2.93,0.4154,0.2866747975349426,0.8946078431372549,0.9225225225225226,151.7463
700,3.04,0.3174,0.3706539273262024,0.8553921568627451,0.8981001727115717,157.1315
725,3.15,0.3421,0.3987556993961334,0.8480392156862745,0.8952702702702703,162.7753
750,3.26,0.346,0.4303554594516754,0.8553921568627451,0.9015025041736228,168.4259
775,3.37,0.3107,0.3220540881156921,0.875,0.9097345132743364,173.9582
800,3.48,0.3706,0.3401722908020019,0.8553921568627451,0.9011725293132328,179.5829
825,3.59,0.3662,0.302813172340393,0.9044117647058824,0.9316987740805605,185.3033
850,3.7,0.3592,0.2997913658618927,0.8872549019607843,0.9178571428571428,190.9993
875,3.8,0.3535,0.3477692306041717,0.8725490196078431,0.908450704225352,196.6388
900,3.91,0.3157,0.3325197696685791,0.8774509803921569,0.9152542372881356,202.3034
925,4.02,0.3275,0.3357979357242584,0.8872549019607843,0.9209621993127148,207.832
950,4.13,0.261,0.3214192390441894,0.8799019607843137,0.9165247018739352,213.4654
975,4.24,0.3137,0.3511207699775696,0.8504901960784313,0.8991735537190082,218.9922
1000,4.35,0.3463,0.3103106021881103,0.875,0.911917098445596,224.5282
1025,4.46,0.2988,0.3131757378578186,0.8700980392156863,0.9027522935779816,230.424
1050,4.57,0.2594,0.3504398465156555,0.8897058823529411,0.9233390119250424,236.0434
1075,4.67,0.3104,0.289261132478714,0.8921568627450981,0.9217081850533808,241.6523
1100,4.78,0.2566,0.3145062327384949,0.8946078431372549,0.92573402417962,247.2396
1125,4.89,0.2732,0.3163065314292907,0.8848039215686274,0.91651865008881,252.8908
1150,5.0,0.3017,0.2768383324146271,0.8848039215686274,0.91651865008881,258.5132
1175,5.11,0.1971,0.3608876466751098,0.8946078431372549,0.9241622574955908,264.1104
1200,5.22,0.282,0.3277471959590912,0.8799019607843137,0.915951972555746,269.7969
1225,5.33,0.2588,0.3136478066444397,0.8848039215686274,0.9153153153153154,275.4948
1250,5.43,0.3022,0.309285819530487,0.8823529411764706,0.9142857142857144,281.0767
1275,5.54,0.2344,0.3168014585971832,0.8848039215686274,0.9143897996357014,286.6938
1300,5.65,0.264,0.2967169880867004,0.8897058823529411,0.9200710479573712,292.3163
1325,5.76,0.2466,0.2999781668186188,0.8872549019607843,0.9178571428571428,298.0464
1350,5.87,0.2774,0.2848005890846252,0.8872549019607843,0.9169675090252708,303.7727
1375,5.98,0.2389,0.2947200834751129,0.8872549019607843,0.9169675090252708,309.545
1400,6.09,0.1904,0.5057982802391052,0.8602941176470589,0.9060955518945636,315.1024
1425,6.2,0.2521,0.3936635553836822,0.8651960784313726,0.9066213921901528,320.9206
1450,6.3,0.2663,0.3294163942337036,0.8774509803921569,0.9094202898550724,326.4485
1475,6.41,0.2776,0.311398983001709,0.8799019607843137,0.9132743362831858,332.0894
1500,6.52,0.3076,0.3306195139884949,0.8823529411764706,0.9142857142857144,337.7401
1525,6.63,0.2416,0.3457478880882263,0.8872549019607843,0.9209621993127148,343.684
1550,6.74,0.2296,0.3523764908313751,0.8823529411764706,0.9133574007220217,349.3165
1575,6.85,0.2295,0.3488909006118774,0.8848039215686274,0.9156193895870736,354.9483
1600,6.96,0.2674,0.3225198984146118,0.8848039215686274,0.9162210338680928,360.6858
1625,7.07,0.1535,0.3837182521820068,0.8848039215686274,0.9153153153153154,366.1768
1650,7.17,0.2213,0.3756316006183624,0.8921568627450981,0.920863309352518,371.8509
1675,7.28,0.2348,0.4188456833362579,0.8774509803921569,0.9152542372881356,377.4554
1700,7.39,0.2729,0.3088139593601227,0.8921568627450981,0.920863309352518,383.2043
1725,7.5,0.245,0.2987489998340606,0.8848039215686274,0.91500904159132,388.9193
1750,7.61,0.199,0.3109294176101684,0.8872549019607843,0.9169675090252708,394.6181
1775,7.72,0.2431,0.3206644356250763,0.8897058823529411,0.9203539823008848,400.3089
1800,7.83,0.1985,0.3528503775596618,0.8823529411764706,0.9136690647482014,405.9445
1825,7.93,0.1865,0.368622213602066,0.875,0.907103825136612,411.7714
1850,8.04,0.2528,0.3617586493492126,0.8848039215686274,0.9185441941074524,417.324
1875,8.15,0.1836,0.3731735050678253,0.8823529411764706,0.913978494623656,422.966
1900,8.26,0.2088,0.3790602684020996,0.8799019607843137,0.9135802469135804,428.6437
1925,8.37,0.1577,0.3767754733562469,0.8774509803921569,0.910394265232975,434.335
1950,8.48,0.1807,0.3927986919879913,0.8872549019607843,0.9184397163120568,440.0569
1975,8.59,0.2049,0.3742636144161224,0.8995098039215687,0.9279437609841829,445.6285
2000,8.7,0.1796,0.3712623417377472,0.8946078431372549,0.9244288224956064,451.2663
2025,8.8,0.1567,0.3989993035793304,0.8848039215686274,0.9156193895870736,457.2239
2050,8.91,0.2006,0.39527228474617,0.8921568627450981,0.9225352112676056,462.9344
2075,9.02,0.2572,0.3613684177398681,0.8995098039215687,0.927433628318584,468.4624
2100,9.13,0.1022,0.3827356696128845,0.8774509803921569,0.9094202898550724,474.1016
2125,9.24,0.1723,0.3922418653964996,0.8774509803921569,0.9100719424460432,479.7653
2150,9.35,0.2067,0.3796873688697815,0.8946078431372549,0.9244288224956064,485.4106
2175,9.46,0.202,0.3690255582332611,0.8946078431372549,0.9236234458259324,491.127
2200,9.57,0.1633,0.3705569207668304,0.8970588235294118,0.926056338028169,496.7806
2225,9.67,0.1902,0.3691281080245971,0.8970588235294118,0.9263157894736844,502.4346
2250,9.78,0.1989,0.3657955229282379,0.8897058823529411,0.9197860962566844,508.0778
2275,9.89,0.1764,0.3687854409217834,0.8848039215686274,0.9156193895870736,513.849
2300,10.0,0.1288,0.3699117600917816,0.8799019607843137,0.9113924050632912,519.4395
