step,epoch,train_loss,eval_loss,eval_accuracy,eval_f1,train_runtime
25,0.11,0.6567,0.6360122561454773,0.6838235294117647,0.8122270742358079,5.8251
50,0.22,0.6603,0.6254293918609619,0.6838235294117647,0.8122270742358079,11.2698
75,0.33,0.6397,0.621319591999054,0.6838235294117647,0.8122270742358079,16.7985
100,0.43,0.6411,0.61724454164505,0.6838235294117647,0.8122270742358079,22.2191
125,0.54,0.6032,0.6111452579498291,0.6838235294117647,0.8122270742358079,27.7411
150,0.65,0.6272,0.5946394801139832,0.7009803921568627,0.8184523809523809,33.1481
175,0.76,0.5932,0.5262603163719177,0.7132352941176471,0.8174726989079563,38.8058
200,0.87,0.582,0.5206286311149597,0.7647058823529411,0.8361774744027304,44.3159
225,0.98,0.5784,0.5049619674682617,0.7867647058823529,0.8512820512820513,49.8525
250,1.09,0.5508,0.5104055404663086,0.7352941176470589,0.8353658536585366,55.1116
275,1.2,0.5039,0.4617553651332855,0.7622549019607843,0.8432956381260097,60.6231
300,1.3,0.4911,0.4184810817241668,0.8137254901960784,0.8707482993197279,66.1185
325,1.41,0.4333,0.4632679522037506,0.7671568627450981,0.8041237113402062,71.6128
350,1.52,0.4901,0.4449035823345184,0.7867647058823529,0.8599033816425121,77.1102
375,1.63,0.4272,0.372817724943161,0.8186274509803921,0.8719723183391003,82.5053
400,1.74,0.3689,0.4380169212818146,0.8308823529411765,0.8795811518324608,88.0117
425,1.85,0.4494,0.3492903113365173,0.8455882352941176,0.8892794376098417,93.5168
450,1.96,0.3946,0.3444044888019562,0.8578431372549019,0.896797153024911,99.1643
475,2.07,0.4012,0.4626336693763733,0.8014705882352942,0.8687196110210698,104.4455
500,2.17,0.4109,0.3414487540721893,0.8455882352941176,0.8848263254113347,110.0356
525,2.28,0.3909,0.3624147474765777,0.8382352941176471,0.8735632183908048,116.1415
550,2.39,0.3418,0.345519483089447,0.8553921568627451,0.8925318761384335,121.658
575,2.5,0.4197,0.3447494506835937,0.8480392156862745,0.8934707903780068,127.1639
600,2.61,0.3486,0.3320076763629913,0.8455882352941176,0.8892794376098417,132.6851
625,2.72,0.371,0.3207070529460907,0.8602941176470589,0.8987566607460036,138.2295
650,2.83,0.4038,0.3172038197517395,0.8676470588235294,0.9039145907473308,143.773
675,2.93,0.3277,0.3432911038398742,0.8651960784313726,0.8990825688073394,149.3066
700,3.04,0.332,0.3800091445446014,0.8553921568627451,0.8998302207130731,154.6052
725,3.15,0.3571,0.5119102597236633,0.8455882352941176,0.8955223880597015,160.1278
750,3.26,0.378,0.3785938918590545,0.8553921568627451,0.9001692047377327,165.6338
775,3.37,0.2794,0.3618414402008056,0.8651960784313726,0.9023090586145648,171.2316
800,3.48,0.3399,0.3449295163154602,0.875,0.91005291005291,176.6848
825,3.59,0.3409,0.325297474861145,0.8799019607843137,0.9132743362831858,182.2689
850,3.7,0.3389,0.3113901317119598,0.8651960784313726,0.9019607843137256,187.8273
875,3.8,0.2944,0.3451601564884186,0.8627450980392157,0.900709219858156,193.3931
900,3.91,0.3413,0.3472837507724762,0.8504901960784313,0.8942807625649914,198.9319
925,4.02,0.3233,0.3391116559505462,0.8431372549019608,0.8892733564013842,204.3344
950,4.13,0.3047,0.3316400647163391,0.8651960784313726,0.9040139616055848,209.8433
975,4.24,0.3289,0.3346018195152282,0.8504901960784313,0.896434634974533,215.2266
1000,4.35,0.3359,0.3333345949649811,0.8431372549019608,0.889655172413793,220.6818
1025,4.46,0.3139,0.3375674486160278,0.8504901960784313,0.8864059590316573,226.8283
1050,4.57,0.2717,0.3588355481624603,0.8725490196078431,0.907473309608541,232.4017
1075,4.67,0.262,0.3765483796596527,0.8553921568627451,0.8963093145869947,237.8781
1100,4.78,0.2563,0.3489533364772796,0.8651960784313726,0.9033391915641475,243.4045
1125,4.89,0.305,0.3302726745605469,0.8725490196078431,0.906810035842294,248.9126
1150,5.0,0.2858,0.3221572935581207,0.8676470588235294,0.9018181818181816,254.4759
1175,5.11,0.2609,0.3403113186359405,0.8602941176470589,0.9008695652173914,259.9203
1200,5.22,0.3017,0.3329988121986389,0.8529411764705882,0.8954703832752613,265.5524
1225,5.33,0.2665,0.3266274034976959,0.8700980392156863,0.9055258467023172,271.0735
1250,5.43,0.3186,0.3481716811656952,0.8725490196078431,0.907473309608541,276.5871
1275,5.54,0.2537,0.3454289138317108,0.8700980392156863,0.9045045045045046,282.0354
1300,5.65,0.2806,0.3727786540985107,0.8602941176470589,0.9032258064516128,287.5497
1325,5.76,0.2411,0.3523314893245697,0.8578431372549019,0.8993055555555555,293.1474
1350,5.87,0.3081,0.3372514247894287,0.8725490196078431,0.904059040590406,298.7287
1375,5.98,0.2915,0.327652096748352,0.8774509803921569,0.9090909090909092,304.3973
1400,6.09,0.1973,0.4597922563552856,0.8382352941176471,0.8903654485049834,309.8022
1425,6.2,0.2908,0.3439703583717346,0.8504901960784313,0.8904847396768403,315.5496
1450,6.3,0.3019,0.3593840599060058,0.8529411764705882,0.8859315589353611,320.9364
1475,6.41,0.2795,0.3413158357143402,0.8504901960784313,0.8942807625649914,326.5213
1500,6.52,0.2738,0.3761235475540161,0.8627450980392157,0.8951310861423221,331.9878
1525,6.63,0.2426,0.3834084272384643,0.8529411764705882,0.8943661971830987,338.2508
1550,6.74,0.2933,0.3628049492835998,0.8578431372549019,0.8929889298892988,343.688
1575,6.85,0.2559,0.3810038566589355,0.8602941176470589,0.8969258589511754,349.2623
1600,6.96,0.299,0.372292160987854,0.8602941176470589,0.8991150442477877,354.8149
1625,7.07,0.2236,0.3921184837818146,0.8651960784313726,0.9001814882032667,360.1893
1650,7.17,0.2827,0.3576530814170837,0.8700980392156863,0.9023941068139965,365.6653
1675,7.28,0.2348,0.4057885706424713,0.8431372549019608,0.8922558922558923,371.1417
1700,7.39,0.2928,0.3319282233715057,0.8627450980392157,0.9027777777777778,376.7619
1725,7.5,0.2499,0.33297860622406,0.8823529411764706,0.9127272727272728,382.3474
1750,7.61,0.2562,0.3180603682994842,0.8700980392156863,0.9055258467023172,387.9427
1775,7.72,0.246,0.3551259934902191,0.8651960784313726,0.9050086355785838,393.4712
1800,7.83,0.2437,0.3611485958099365,0.8578431372549019,0.8978873239436619,399.0684
1825,7.93,0.2426,0.3476751446723938,0.8700980392156863,0.9038112522686026,404.7458
1850,8.04,0.3203,0.3480117321014404,0.8578431372549019,0.8971631205673759,410.2171
1875,8.15,0.2237,0.350177526473999,0.8578431372549019,0.8964285714285715,415.7423
1900,8.26,0.2061,0.3616053164005279,0.8627450980392157,0.901060070671378,421.3294
1925,8.37,0.2383,0.3534497320652008,0.8602941176470589,0.8980322003577819,426.9185
1950,8.48,0.2026,0.3728697896003723,0.8602941176470589,0.8991150442477877,432.5083
1975,8.59,0.2036,0.3865081965923309,0.8651960784313726,0.905982905982906,437.9987
2000,8.7,0.2329,0.3655438125133514,0.8578431372549019,0.8993055555555555,443.4996
2025,8.8,0.2397,0.3725159466266632,0.8676470588235294,0.9021739130434784,449.6749
2050,8.91,0.2762,0.3709735572338104,0.8602941176470589,0.8998242530755711,455.2376
2075,9.02,0.2888,0.368355244398117,0.8651960784313726,0.9046793760831888,460.6822
2100,9.13,0.2018,0.3698186576366424,0.8651960784313726,0.8979591836734695,466.181
2125,9.24,0.2319,0.3667715787887573,0.8602941176470589,0.8983957219251337,471.7759
2150,9.35,0.2621,0.3622617125511169,0.8602941176470589,0.8987566607460036,477.2925
2175,9.46,0.2428,0.3596179485321045,0.8651960784313726,0.9026548672566372,482.9185
2200,9.57,0.2466,0.3674253821372986,0.8602941176470589,0.900523560209424,488.436
2225,9.67,0.2653,0.3573361933231354,0.8627450980392157,0.901060070671378,493.9874
2250,9.78,0.2492,0.355488657951355,0.8651960784313726,0.9026548672566372,499.4971
2275,9.89,0.2331,0.3549115657806396,0.8651960784313726,0.9026548672566372,505.0721
2300,10.0,0.2204,0.3543589115142822,0.8627450980392157,0.900709219858156,510.5616
