step,epoch,train_loss,eval_loss,eval_accuracy,eval_f1,train_runtime
25,0.11,0.6633,0.6370906233787537,0.6838235294117647,0.8122270742358079,6.6196
50,0.22,0.6628,0.6262158751487732,0.6838235294117647,0.8122270742358079,12.5534
75,0.33,0.6418,0.6186004877090454,0.6838235294117647,0.8122270742358079,18.6866
100,0.43,0.629,0.6385761499404907,0.6838235294117647,0.8122270742358079,24.655
125,0.54,0.5477,0.7399823069572449,0.7279411764705882,0.827371695178849,30.7489
150,0.65,0.5072,0.489980012178421,0.7769607843137255,0.8480801335559265,36.7052
175,0.76,0.6034,0.4931449592113495,0.8137254901960784,0.8729096989966555,42.9287
200,0.87,0.4844,0.7561309933662415,0.7794117647058824,0.8538961038961038,48.9994
225,0.98,0.5659,0.4851784110069275,0.8014705882352942,0.8427184466019417,55.1805
250,1.09,0.4346,0.5436435341835022,0.8186274509803921,0.8758389261744967,61.0501
275,1.2,0.4979,0.4107833802700043,0.7990196078431373,0.8685897435897436,67.1969
300,1.3,0.4379,0.3743355274200439,0.8357843137254902,0.8846815834767642,73.2146
325,1.41,0.3948,0.3701996207237243,0.8431372549019608,0.8810408921933086,79.2658
350,1.52,0.4765,0.3540676236152649,0.8406862745098039,0.8892674616695059,85.2799
375,1.63,0.397,0.3464209735393524,0.8504901960784313,0.8900900900900901,91.256
400,1.74,0.3284,0.4574567675590515,0.8651960784313726,0.9026548672566372,97.2425
425,1.85,0.4559,0.324566125869751,0.8725490196078431,0.9094076655052264,103.3479
450,1.96,0.4104,0.4146065711975097,0.8529411764705882,0.8951048951048952,109.4645
475,2.07,0.3215,0.4346649944782257,0.8529411764705882,0.8983050847457628,115.3897
500,2.17,0.3755,0.3340833783149719,0.8578431372549019,0.8913857677902621,121.403
525,2.28,0.3077,0.3652906119823456,0.8578431372549019,0.8913857677902621,127.6374
550,2.39,0.2754,0.4049214422702789,0.875,0.9103690685413004,133.6151
575,2.5,0.3695,0.3415172696113586,0.8627450980392157,0.9050847457627118,139.7274
600,2.61,0.2848,0.3847663104534149,0.8725490196078431,0.9094076655052264,145.7392
625,2.72,0.2974,0.4175199866294861,0.8529411764705882,0.8996655518394648,151.9265
650,2.83,0.3717,0.395825058221817,0.8504901960784313,0.8967851099830796,158.0326
675,2.93,0.3258,0.3168366849422455,0.8799019607843137,0.9132743362831858,164.1857
700,3.04,0.2653,0.4250313341617584,0.8676470588235294,0.9052631578947368,170.0021
725,3.15,0.2899,0.43245530128479,0.8627450980392157,0.9054054054054056,176.0902
750,3.26,0.2929,0.4745786190032959,0.8406862745098039,0.8925619834710743,182.1684
775,3.37,0.2489,0.4105527997016907,0.8504901960784313,0.8942807625649914,188.1634
800,3.48,0.2698,0.5315449237823486,0.8259803921568627,0.8822553897180763,194.1799
825,3.59,0.3423,0.3060856759548187,0.8700980392156863,0.9045045045045046,200.3041
850,3.7,0.2922,0.3418812453746795,0.8651960784313726,0.9046793760831888,206.4407
875,3.8,0.2448,0.4122013747692108,0.8725490196078431,0.9071428571428573,212.511
900,3.91,0.2932,0.3737215399742126,0.8529411764705882,0.8976109215017065,218.6028
925,4.02,0.2753,0.3371466100215912,0.8921568627450981,0.9214285714285716,224.5039
950,4.13,0.1845,0.4390220642089844,0.8676470588235294,0.9075342465753424,230.5991
975,4.24,0.2295,0.4456213414669037,0.8578431372549019,0.9003436426116839,236.518
1000,4.35,0.2822,0.3861903846263885,0.8676470588235294,0.90625,242.5081
1025,4.46,0.2412,0.3382051587104797,0.8799019607843137,0.9120287253141832,248.9196
1050,4.57,0.2168,0.3698509037494659,0.8823529411764706,0.9148936170212766,254.9881
1075,4.67,0.1769,0.4315724968910217,0.875,0.9090909090909092,260.994
1100,4.78,0.1957,0.4324173331260681,0.8725490196078431,0.9061371841155236,267.0461
1125,4.89,0.2266,0.4485989809036255,0.8676470588235294,0.9021739130434784,273.1027
1150,5.0,0.2138,0.3901522755622864,0.8676470588235294,0.9021739130434784,279.165
1175,5.11,0.1275,0.4379047453403473,0.8725490196078431,0.9071428571428573,285.1508
1200,5.22,0.1588,0.4521864950656891,0.8774509803921569,0.910394265232975,291.2483
1225,5.33,0.1867,0.4429753720760345,0.8676470588235294,0.9035714285714286,297.2877
1250,5.43,0.2031,0.503529965877533,0.8774509803921569,0.9097472924187724,303.2768
1275,5.54,0.1767,0.4112762808799743,0.8725490196078431,0.9061371841155236,309.2717
1300,5.65,0.126,0.4582301080226898,0.8799019607843137,0.9117117117117116,315.3297
1325,5.76,0.2214,0.4050537645816803,0.8700980392156863,0.9075043630017452,321.4536
1350,5.87,0.1827,0.4072422683238983,0.8700980392156863,0.905861456483126,327.6953
1375,5.98,0.1599,0.418459415435791,0.8676470588235294,0.9045936395759716,333.8749
1400,6.09,0.1058,0.6659915447235107,0.8529411764705882,0.9000000000000001,339.8377
1425,6.2,0.1497,0.5898080468177795,0.8676470588235294,0.9045936395759716,346.0623
1450,6.3,0.1608,0.5418384075164795,0.8651960784313726,0.9026548672566372,352.0299
1475,6.41,0.1457,0.500174880027771,0.8627450980392157,0.902439024390244,358.0634
1500,6.52,0.1581,0.5202995538711548,0.8700980392156863,0.9061946902654868,364.0993
1525,6.63,0.1041,0.5924153327941895,0.8529411764705882,0.8961937716262977,370.4727
1550,6.74,0.1368,0.5956161618232727,0.8700980392156863,0.9045045045045046,376.4923
1575,6.85,0.1402,0.6055245995521545,0.8651960784313726,0.9029982363315696,382.5268
1600,6.96,0.167,0.6806341409683228,0.8627450980392157,0.9020979020979022,388.6992
1625,7.07,0.1128,0.6676888465881348,0.8676470588235294,0.9035714285714286,394.6363
1650,7.17,0.1106,0.651706337928772,0.8651960784313726,0.9036777583187392,400.7077
1675,7.28,0.1216,0.6239896416664124,0.8725490196078431,0.9078014184397164,406.7321
1700,7.39,0.1002,0.6112239956855774,0.8700980392156863,0.905861456483126,412.9237
1725,7.5,0.0797,0.6368646025657654,0.875,0.9081081081081082,419.0561
1750,7.61,0.0921,0.6331610679626465,0.8651960784313726,0.9019607843137256,425.2046
1775,7.72,0.0905,0.6485058665275574,0.8651960784313726,0.9016100178890876,431.3093
1800,7.83,0.1286,0.6452971696853638,0.8651960784313726,0.9033391915641475,437.3841
1825,7.93,0.1151,0.5980062484741211,0.8700980392156863,0.904847396768402,443.6372
1850,8.04,0.1373,0.5747460722923279,0.8676470588235294,0.9049295774647886,449.6707
1875,8.15,0.0715,0.5695355534553528,0.875,0.9094138543516876,455.7136
1900,8.26,0.0678,0.6083475947380066,0.8725490196078431,0.9064748201438848,461.8718
1925,8.37,0.0955,0.6574264168739319,0.8627450980392157,0.9003558718861211,467.9823
1950,8.48,0.0524,0.700855016708374,0.8627450980392157,0.901060070671378,474.1846
1975,8.59,0.0745,0.720803439617157,0.8651960784313726,0.9033391915641475,480.1359
2000,8.7,0.1412,0.6908203363418579,0.8627450980392157,0.9020979020979022,486.2267
2025,8.8,0.085,0.6780885457992554,0.8725490196078431,0.9071428571428573,492.4832
2050,8.91,0.0892,0.6854365468025208,0.8651960784313726,0.9029982363315696,498.6276
2075,9.02,0.1097,0.6518387794494629,0.8651960784313726,0.9019607843137256,504.5126
2100,9.13,0.0346,0.6670063734054565,0.8676470588235294,0.9039145907473308,510.5843
2125,9.24,0.0749,0.6920576095581055,0.8676470588235294,0.9049295774647886,516.585
2150,9.35,0.0785,0.7059422135353088,0.8700980392156863,0.9071803852889668,522.6628
2175,9.46,0.0966,0.688886821269989,0.8676470588235294,0.9045936395759716,528.7341
2200,9.57,0.0812,0.6901497840881348,0.8676470588235294,0.9045936395759716,534.8278
2225,9.67,0.0964,0.6899135112762451,0.8700980392156863,0.905861456483126,540.8539
2250,9.78,0.0779,0.6974490284919739,0.8651960784313726,0.9029982363315696,546.9287
2275,9.89,0.0687,0.6987606883049011,0.8651960784313726,0.9029982363315696,553.0115
2300,10.0,0.0461,0.6982539296150208,0.8651960784313726,0.9029982363315696,559.0404
