step,epoch,train_loss,eval_loss,eval_accuracy,eval_f1,train_runtime
25,0.11,0.6556,0.6327154636383057,0.6838235294117647,0.8122270742358079,6.3263
50,0.22,0.6624,0.6203101277351379,0.6838235294117647,0.8122270742358079,12.2
75,0.33,0.6353,0.6116772294044495,0.6838235294117647,0.8122270742358079,18.2265
100,0.43,0.642,0.5582889318466187,0.7058823529411765,0.8208955223880596,24.0547
125,0.54,0.5475,0.5182516574859619,0.7524509803921569,0.8285229202037352,30.0203
150,0.65,0.5575,0.4133232831954956,0.8137254901960784,0.8729096989966555,35.8915
175,0.76,0.5484,0.4613971710205078,0.8333333333333334,0.8781362007168457,42.0162
200,0.87,0.4715,0.3802358210086822,0.8308823529411765,0.8808290155440415,47.9947
225,0.98,0.5233,0.5887120366096497,0.6666666666666666,0.6950672645739909,53.9925
250,1.09,0.5054,0.4745868146419525,0.8161764705882353,0.8768472906403941,59.7412
275,1.2,0.4403,0.3633603751659393,0.8504901960784313,0.8942807625649914,65.7335
300,1.3,0.4239,0.3458388149738312,0.8602941176470589,0.9015544041450776,71.7022
325,1.41,0.3812,0.41614630818367,0.7867647058823529,0.8277227722772278,77.6593
350,1.52,0.455,0.3410361707210541,0.8431372549019608,0.8873239436619718,83.6185
375,1.63,0.4103,0.3514885306358337,0.8578431372549019,0.8905660377358491,89.5227
400,1.74,0.3338,0.464110791683197,0.8578431372549019,0.9003436426116839,95.4923
425,1.85,0.4512,0.3535402417182922,0.8431372549019608,0.8907849829351535,101.564
450,1.96,0.5159,0.3879843950271606,0.8578431372549019,0.894927536231884,107.646
475,2.07,0.3766,0.3606262505054474,0.8651960784313726,0.9050086355785838,113.4263
500,2.17,0.3736,0.3884476721286773,0.8431372549019608,0.8764478764478765,119.4357
525,2.28,0.3127,0.3267729580402374,0.8602941176470589,0.8998242530755711,125.7064
550,2.39,0.3091,0.3403498232364654,0.8578431372549019,0.901023890784983,131.6378
575,2.5,0.2944,0.3548128604888916,0.8431372549019608,0.893687707641196,137.6494
600,2.61,0.3185,0.3906498253345489,0.8431372549019608,0.893687707641196,143.5843
625,2.72,0.2934,0.3851337730884552,0.8602941176470589,0.9048414023372288,149.6665
650,2.83,0.3581,0.3096006214618683,0.8627450980392157,0.901060070671378,155.6477
675,2.93,0.2935,0.3384515345096588,0.875,0.9090909090909092,161.727
700,3.04,0.2848,0.3762447834014892,0.8480392156862745,0.8908450704225351,167.475
725,3.15,0.2907,0.4436588585376739,0.8529411764705882,0.8993288590604027,173.5055
750,3.26,0.2422,0.4073389768600464,0.8602941176470589,0.9025641025641028,179.5424
775,3.37,0.2408,0.3584888577461242,0.8651960784313726,0.9023090586145648,185.4791
800,3.48,0.237,0.3719696402549743,0.8602941176470589,0.9035532994923856,191.4635
825,3.59,0.2869,0.3098263144493103,0.8676470588235294,0.9055944055944056,197.515
850,3.7,0.227,0.3663535714149475,0.8480392156862745,0.8900709219858156,203.5902
875,3.8,0.2412,0.4057348668575287,0.8602941176470589,0.902229845626072,209.6218
900,3.91,0.2669,0.5011283159255981,0.8406862745098039,0.8929159802306424,215.6033
925,4.02,0.286,0.4946419894695282,0.8431372549019608,0.8933333333333334,221.4487
950,4.13,0.1659,0.4469473361968994,0.8627450980392157,0.9057239057239056,227.454
975,4.24,0.1969,0.4831230342388153,0.8725490196078431,0.912751677852349,233.332
1000,4.35,0.2281,0.3594156503677368,0.8774509803921569,0.9146757679180888,239.2197
1025,4.46,0.2119,0.3517471849918365,0.8651960784313726,0.9016100178890876,245.8979
1050,4.57,0.1791,0.3688165247440338,0.8823529411764706,0.9148936170212766,251.8741
1075,4.67,0.1745,0.3646497130393982,0.875,0.907441016333938,257.8728
1100,4.78,0.1517,0.423218309879303,0.8946078431372549,0.9241622574955908,263.8412
1125,4.89,0.1974,0.3536721169948578,0.8823529411764706,0.9142857142857144,269.9017
1150,5.0,0.1911,0.3506477177143097,0.8823529411764706,0.9124087591240876,275.8929
1175,5.11,0.1014,0.4626282453536987,0.875,0.9084380610412928,281.8784
1200,5.22,0.1167,0.609157383441925,0.8578431372549019,0.902027027027027,287.9318
1225,5.33,0.1102,0.4612381160259247,0.875,0.9094138543516876,294.0071
1250,5.43,0.2022,0.4223148226737976,0.8774509803921569,0.912280701754386,299.9322
1275,5.54,0.1564,0.453723669052124,0.8897058823529411,0.9217391304347826,305.9322
1300,5.65,0.1145,0.4638774991035461,0.8897058823529411,0.9214659685863874,311.8987
1325,5.76,0.1588,0.4309069812297821,0.8848039215686274,0.9153153153153154,318.0589
1350,5.87,0.1317,0.4237174987792969,0.875,0.9090909090909092,324.107
1375,5.98,0.0977,0.4215138256549835,0.8774509803921569,0.9119718309859154,330.2564
1400,6.09,0.0659,0.5551393628120422,0.8872549019607843,0.9212328767123288,336.1073
1425,6.2,0.1473,0.5124115347862244,0.8897058823529411,0.9211908931698776,342.3124
1450,6.3,0.1188,0.4966481029987335,0.8848039215686274,0.9137614678899082,348.1623
1475,6.41,0.1055,0.5599569082260132,0.8848039215686274,0.9182608695652176,354.1784
1500,6.52,0.0862,0.5362685918807983,0.8897058823529411,0.9197860962566844,360.1044
1525,6.63,0.1093,0.4992900788784027,0.8774509803921569,0.9128919860627178,366.5917
1550,6.74,0.1471,0.4382759630680084,0.8897058823529411,0.919210053859964,372.4959
1575,6.85,0.085,0.586641252040863,0.8676470588235294,0.9072164948453608,378.5328
1600,6.96,0.1214,0.6675219535827637,0.8774509803921569,0.9143835616438356,384.5671
1625,7.07,0.1325,0.5723961591720581,0.8872549019607843,0.9184397163120568,390.4597
1650,7.17,0.1086,0.577634334564209,0.8970588235294118,0.926829268292683,396.395
1675,7.28,0.0901,0.5313780307769775,0.8995098039215687,0.9284467713787086,402.3986
1700,7.39,0.1138,0.4846636056900024,0.8970588235294118,0.926829268292683,408.4612
1725,7.5,0.0537,0.4721091687679291,0.8921568627450981,0.9214285714285716,414.5904
1750,7.61,0.0856,0.5332132577896118,0.8970588235294118,0.9236363636363636,420.5962
1775,7.72,0.0599,0.579908549785614,0.8774509803921569,0.9128919860627178,426.6989
1800,7.83,0.0271,0.6376209855079651,0.875,0.9090909090909092,432.6435
1825,7.93,0.0621,0.6506147980690002,0.8848039215686274,0.91651865008881,438.9117
1850,8.04,0.0851,0.6501551866531372,0.8799019607843137,0.9144851657940662,444.7955
1875,8.15,0.0139,0.6775031685829163,0.8921568627450981,0.9233449477351916,450.8421
1900,8.26,0.0476,0.6878873109817505,0.8823529411764706,0.9163763066202092,456.8679
1925,8.37,0.0285,0.6974425911903381,0.8848039215686274,0.9173989455184536,462.9712
1950,8.48,0.0458,0.7138518691062927,0.8823529411764706,0.915492957746479,469.0635
1975,8.59,0.0186,0.7201275825500488,0.8823529411764706,0.916083916083916,475.0593
2000,8.7,0.0678,0.7291015982627869,0.8848039215686274,0.9185441941074524,481.0536
2025,8.8,0.0343,0.7582162022590637,0.8799019607843137,0.9150779896013864,487.4304
2050,8.91,0.0187,0.7358112931251526,0.8848039215686274,0.9171075837742504,493.5148
2075,9.02,0.0369,0.7792007327079773,0.8848039215686274,0.918825561312608,499.3929
2100,9.13,0.0093,0.7794618606567383,0.8897058823529411,0.9217391304347826,505.3342
2125,9.24,0.0594,0.7598972916603088,0.8872549019607843,0.9190140845070424,511.3368
2150,9.35,0.0675,0.7556431889533997,0.8872549019607843,0.9187279151943464,517.28
2175,9.46,0.0443,0.7615382671356201,0.8872549019607843,0.9195804195804196,523.3538
2200,9.57,0.0133,0.7680946588516235,0.8921568627450981,0.9233449477351916,529.3382
2225,9.67,0.04,0.7616705894470215,0.8823529411764706,0.9157894736842104,535.3736
2250,9.78,0.0648,0.7641593217849731,0.8897058823529411,0.9214659685863874,541.3587
2275,9.89,0.0606,0.7566875219345093,0.8897058823529411,0.9214659685863874,547.427
2300,10.0,0.0282,0.7569053769111633,0.8897058823529411,0.9214659685863874,553.3556
