step,epoch,train_loss,eval_loss,eval_accuracy,eval_f1,train_runtime
25,0.11,0.6704,0.6389256119728088,0.6838235294117647,0.8122270742358079,6.1166
50,0.22,0.6599,0.6235252618789673,0.6838235294117647,0.8122270742358079,11.6814
75,0.33,0.6404,0.6113885045051575,0.6838235294117647,0.8122270742358079,17.5033
100,0.43,0.6146,0.5181403756141663,0.7156862745098039,0.8110749185667753,23.1959
125,0.54,0.5663,0.5737008452415466,0.7254901960784313,0.8287461773700305,29.0613
150,0.65,0.4467,0.600308895111084,0.7867647058823529,0.8599033816425121,34.8419
175,0.76,0.5525,0.5061944127082825,0.7328431372549019,0.7770961145194274,40.8107
200,0.87,0.4701,0.6888456344604492,0.7769607843137255,0.8562401263823065,46.5514
225,0.98,0.4972,0.5933627486228943,0.7279411764705882,0.7623126338329765,52.2661
250,1.09,0.4866,0.500821590423584,0.8112745098039216,0.8697123519458544,57.6872
275,1.2,0.4883,0.3883430659770965,0.8357843137254902,0.8818342151675486,63.323
300,1.3,0.4616,0.3743744790554046,0.8602941176470589,0.9012131715771232,68.9816
325,1.41,0.4158,0.4023675322532654,0.8161764705882353,0.8554913294797687,74.5678
350,1.52,0.4262,0.3925011456012726,0.8284313725490197,0.8776223776223777,80.2342
375,1.63,0.3827,0.3391289114952087,0.8578431372549019,0.8971631205673759,85.757
400,1.74,0.3739,0.3579086661338806,0.8627450980392157,0.9,91.4235
425,1.85,0.4142,0.3554430305957794,0.8406862745098039,0.8869565217391304,97.0938
450,1.96,0.4159,0.3538211286067962,0.8578431372549019,0.8978873239436619,102.9409
475,2.07,0.3008,0.3813658654689789,0.8504901960784313,0.893542757417103,108.3798
500,2.17,0.392,0.3393237888813019,0.8553921568627451,0.8948306595365418,114.1403
525,2.28,0.3475,0.3584661185741424,0.8553921568627451,0.8959435626102292,120.3541
550,2.39,0.3409,0.3542595207691192,0.8529411764705882,0.8932384341637011,126.0366
575,2.5,0.3491,0.3638554513454437,0.8382352941176471,0.8888888888888888,131.7344
600,2.61,0.2872,0.4259227812290191,0.8455882352941176,0.8930390492359932,137.499
625,2.72,0.2567,0.4755477905273437,0.8676470588235294,0.9093959731543624,143.2372
650,2.83,0.4319,0.3199638426303863,0.8602941176470589,0.9015544041450776,148.9988
675,2.93,0.3064,0.3935866951942444,0.8602941176470589,0.9012131715771232,154.7154
700,3.04,0.2539,0.5011456608772278,0.8578431372549019,0.9006849315068494,160.241
725,3.15,0.3178,0.4039503335952759,0.8700980392156863,0.90652557319224,165.8874
750,3.26,0.2643,0.4250688254833221,0.8480392156862745,0.895973154362416,171.6454
775,3.37,0.2678,0.3439458906650543,0.8676470588235294,0.9035714285714286,177.1932
800,3.48,0.2363,0.5818023085594177,0.8333333333333334,0.8881578947368421,182.8941
825,3.59,0.3296,0.3100253939628601,0.8553921568627451,0.8981001727115717,188.5694
850,3.7,0.269,0.3493724167346954,0.8529411764705882,0.8951048951048952,194.3698
875,3.8,0.2567,0.4377199113368988,0.8455882352941176,0.8923076923076922,200.0079
900,3.91,0.3279,0.4246962964534759,0.8406862745098039,0.8907563025210083,205.7647
925,4.02,0.2821,0.3684746921062469,0.8504901960784313,0.8942807625649914,211.2737
950,4.13,0.1997,0.5112751722335815,0.8504901960784313,0.8967851099830796,216.9946
975,4.24,0.2419,0.4370040893554687,0.8578431372549019,0.9016949152542372,222.5617
1000,4.35,0.2547,0.3375106751918793,0.8651960784313726,0.9043478260869564,228.1659
1025,4.46,0.2611,0.3363631665706634,0.875,0.907441016333938,234.693
1050,4.57,0.1928,0.3761284053325653,0.8700980392156863,0.9078260869565218,240.4236
1075,4.67,0.1907,0.4047870934009552,0.8676470588235294,0.904255319148936,246.1086
1100,4.78,0.2145,0.3736864328384399,0.8700980392156863,0.9045045045045046,251.8042
1125,4.89,0.1869,0.4321553707122803,0.875,0.907103825136612,257.5249
1150,5.0,0.1971,0.4113332033157348,0.8700980392156863,0.9038112522686026,263.234
1175,5.11,0.1079,0.4873481690883636,0.8774509803921569,0.9100719424460432,268.8897
1200,5.22,0.2096,0.4383643567562103,0.8848039215686274,0.9162210338680928,274.6257
1225,5.33,0.1422,0.4712364375591278,0.875,0.9084380610412928,280.4237
1250,5.43,0.1734,0.5722567439079285,0.8725490196078431,0.9064748201438848,286.0479
1275,5.54,0.2081,0.4346448481082916,0.8700980392156863,0.9031078610603293,291.7458
1300,5.65,0.1605,0.449590265750885,0.875,0.907441016333938,297.4172
1325,5.76,0.1635,0.4513865411281585,0.8774509803921569,0.910394265232975,303.2246
1350,5.87,0.191,0.4009810388088226,0.8700980392156863,0.9051878354203936,308.9688
1375,5.98,0.1715,0.3802311420440674,0.8676470588235294,0.9003690036900369,314.8227
1400,6.09,0.0998,0.6080377697944641,0.8676470588235294,0.9075342465753424,320.3869
1425,6.2,0.2321,0.494462251663208,0.8774509803921569,0.912280701754386,326.3266
1450,6.3,0.117,0.546379029750824,0.8602941176470589,0.8946395563770795,331.9014
1475,6.41,0.1629,0.466577798128128,0.8725490196078431,0.9054545454545456,337.6898
1500,6.52,0.1439,0.509824812412262,0.8823529411764706,0.9133574007220217,343.3295
1525,6.63,0.0879,0.556415319442749,0.875,0.9081081081081082,350.0784
1550,6.74,0.1595,0.5546619296073914,0.8553921568627451,0.8901303538175047,355.6875
1575,6.85,0.1511,0.4559823274612427,0.875,0.9103690685413004,361.4802
1600,6.96,0.1152,0.5527869462966919,0.8774509803921569,0.9097472924187724,367.2403
1625,7.07,0.1129,0.580464243888855,0.8676470588235294,0.9,372.8488
1650,7.17,0.1612,0.5813353061676025,0.8700980392156863,0.90652557319224,378.4888
1675,7.28,0.1395,0.5812031626701355,0.8700980392156863,0.9081455805892548,384.2019
1700,7.39,0.1217,0.4910700917243957,0.8799019607843137,0.9144851657940662,389.9732
1725,7.5,0.0849,0.5440734624862671,0.8774509803921569,0.910394265232975,395.7988
1750,7.61,0.1162,0.547538161277771,0.8725490196078431,0.9078014184397164,401.5162
1775,7.72,0.1196,0.6312594413757324,0.8651960784313726,0.9033391915641475,407.2968
1800,7.83,0.1598,0.5988689064979553,0.8799019607843137,0.9113924050632912,412.9386
1825,7.93,0.1007,0.5317144989967346,0.8651960784313726,0.9019607843137256,418.8677
1850,8.04,0.1132,0.5292735695838928,0.8676470588235294,0.9049295774647886,424.4399
1875,8.15,0.0626,0.6005430221557617,0.8676470588235294,0.9032258064516128,430.1521
1900,8.26,0.0756,0.6225005984306335,0.8700980392156863,0.9051878354203936,435.8472
1925,8.37,0.0614,0.6704826951026917,0.8651960784313726,0.9029982363315696,441.6225
1950,8.48,0.103,0.669019341468811,0.8700980392156863,0.90652557319224,447.4012
1975,8.59,0.0735,0.6729393601417542,0.8676470588235294,0.9049295774647886,453.0491
2000,8.7,0.1316,0.6644673943519592,0.875,0.9094138543516876,458.7332
2025,8.8,0.1101,0.6755847334861755,0.8651960784313726,0.9005424954792043,465.0391
2050,8.91,0.0878,0.6970823407173157,0.8725490196078431,0.9078014184397164,470.7906
2075,9.02,0.098,0.6482312083244324,0.8676470588235294,0.9032258064516128,476.3417
2100,9.13,0.0368,0.6573046445846558,0.8700980392156863,0.9051878354203936,482.0304
2125,9.24,0.0686,0.6819114685058594,0.8700980392156863,0.9051878354203936,487.7142
2150,9.35,0.0872,0.6734912395477295,0.8700980392156863,0.9051878354203936,493.4283
2175,9.46,0.0976,0.6547077894210815,0.875,0.9097345132743364,499.1471
2200,9.57,0.0696,0.6483554244041443,0.8799019607843137,0.9132743362831858,504.8933
2225,9.67,0.0975,0.6387869119644165,0.875,0.9090909090909092,510.5587
2250,9.78,0.1141,0.6409729719161987,0.875,0.9094138543516876,516.292
2275,9.89,0.0816,0.6416710615158081,0.875,0.9094138543516876,522.0424
2300,10.0,0.0811,0.6432154178619385,0.8774509803921569,0.9113475177304964,527.7249
