step,epoch,train_loss,eval_loss,eval_accuracy,eval_f1,train_runtime
25,0.11,0.6715,0.6413440108299255,0.6838235294117647,0.8122270742358079,7.5003
50,0.22,0.6591,0.6246387362480164,0.6838235294117647,0.8122270742358079,12.5675
75,0.33,0.6412,0.6208868026733398,0.6838235294117647,0.8122270742358079,17.8005
100,0.43,0.6405,0.6143873333930969,0.6838235294117647,0.8122270742358079,22.9532
125,0.54,0.5988,0.5975003838539124,0.6838235294117647,0.8122270742358079,28.2014
150,0.65,0.5678,0.5047847032546997,0.75,0.8365384615384615,33.4311
175,0.76,0.611,0.5365368723869324,0.7671568627450981,0.819047619047619,38.8054
200,0.87,0.5253,0.5245234966278076,0.7549019607843137,0.84375,44.1773
225,0.98,0.554,0.4392212629318237,0.8137254901960784,0.858736059479554,49.4756
250,1.09,0.4765,0.418994665145874,0.8161764705882353,0.8756218905472636,54.6135
275,1.2,0.4746,0.3919680714607239,0.8088235294117647,0.8699999999999999,59.9874
300,1.3,0.4787,0.3701540529727936,0.8382352941176471,0.8865979381443299,65.3504
325,1.41,0.3814,0.3738553524017334,0.8235294117647058,0.861003861003861,70.7655
350,1.52,0.4736,0.5086735486984253,0.7745098039215687,0.853035143769968,76.1671
375,1.63,0.4432,0.3601433634757995,0.8406862745098039,0.8820326678765881,81.5873
400,1.74,0.3613,0.3848945796489715,0.8700980392156863,0.9045045045045046,86.999
425,1.85,0.4592,0.3584868609905243,0.8455882352941176,0.8818011257035647,92.5476
450,1.96,0.4095,0.3424223661422729,0.8553921568627451,0.8977469670710572,98.1477
475,2.07,0.375,0.4601569175720215,0.8357843137254902,0.8892561983471075,103.494
500,2.17,0.3869,0.3305980563163757,0.8504901960784313,0.8868274582560297,109.0188
525,2.28,0.3758,0.3361348509788513,0.8578431372549019,0.8937728937728937,115.1054
550,2.39,0.3338,0.3536861538887024,0.8700980392156863,0.9038112522686026,120.565
575,2.5,0.4037,0.3391289412975311,0.8431372549019608,0.8904109589041096,126.0318
600,2.61,0.3421,0.3470909297466278,0.8676470588235294,0.906896551724138,131.5179
625,2.72,0.3341,0.3816485404968261,0.8627450980392157,0.9050847457627118,137.0246
650,2.83,0.4129,0.3188308179378509,0.8578431372549019,0.8978873239436619,142.5918
675,2.93,0.3285,0.332153856754303,0.8627450980392157,0.901060070671378,148.0943
700,3.04,0.3144,0.3609567880630493,0.8602941176470589,0.8994708994708994,153.4323
725,3.15,0.3377,0.4596997797489166,0.8480392156862745,0.8963210702341137,158.9096
750,3.26,0.3401,0.3824543058872223,0.8578431372549019,0.9016949152542372,164.4685
775,3.37,0.2621,0.3868836462497711,0.875,0.9106830122591943,169.8193
800,3.48,0.3238,0.364868551492691,0.8725490196078431,0.9081272084805654,175.3053
825,3.59,0.366,0.3084880709648132,0.8725490196078431,0.9071428571428573,180.8169
850,3.7,0.3388,0.309107095003128,0.8651960784313726,0.9012567324955116,186.393
875,3.8,0.3174,0.3245100080966949,0.875,0.9081081081081082,191.8995
900,3.91,0.347,0.3648562431335449,0.8455882352941176,0.8941176470588236,197.41
925,4.02,0.3446,0.3418799042701721,0.8480392156862745,0.8927335640138409,202.8128
950,4.13,0.2702,0.3365721106529236,0.8602941176470589,0.8998242530755711,208.3144
975,4.24,0.3355,0.3273181915283203,0.8602941176470589,0.8994708994708994,213.7666
1000,4.35,0.3306,0.3254171907901764,0.8700980392156863,0.9051878354203936,219.1689
1025,4.46,0.3304,0.3197306096553802,0.8627450980392157,0.895910780669145,225.4861
1050,4.57,0.2847,0.3277025520801544,0.8774509803921569,0.9100719424460432,230.9702
1075,4.67,0.2418,0.3510538041591644,0.8676470588235294,0.904255319148936,236.4805
1100,4.78,0.2528,0.3517588376998901,0.8651960784313726,0.9019607843137256,241.9444
1125,4.89,0.2791,0.3109835684299469,0.8651960784313726,0.9026548672566372,247.4174
1150,5.0,0.2674,0.3197450935840606,0.875,0.9087656529516996,252.9158
1175,5.11,0.239,0.3506441414356231,0.8651960784313726,0.9040139616055848,258.3314
1200,5.22,0.2531,0.3521122634410858,0.8651960784313726,0.9043478260869564,263.9466
1225,5.33,0.2266,0.3521328270435333,0.8774509803921569,0.9090909090909092,269.438
1250,5.43,0.2768,0.3713856935501098,0.8872549019607843,0.916058394160584,274.9499
1275,5.54,0.2356,0.3478838503360748,0.8799019607843137,0.9107468123861568,280.4658
1300,5.65,0.2425,0.3329532146453857,0.8799019607843137,0.9132743362831858,286.0101
1325,5.76,0.2259,0.3359617590904236,0.8872549019607843,0.9187279151943464,291.5692
1350,5.87,0.3064,0.310549795627594,0.8848039215686274,0.9171075837742504,297.1518
1375,5.98,0.2782,0.3046920299530029,0.8872549019607843,0.9166666666666666,302.736
1400,6.09,0.1889,0.4198209643363952,0.8553921568627451,0.9005059021922428,308.1562
1425,6.2,0.2333,0.3431969583034515,0.8725490196078431,0.908450704225352,313.8156
1450,6.3,0.2352,0.3791904151439667,0.8700980392156863,0.9001883239171374,319.2118
1475,6.41,0.2533,0.368754893541336,0.8799019607843137,0.9135802469135804,324.7569
1500,6.52,0.2763,0.3503352105617523,0.8774509803921569,0.9087591240875912,330.2047
1525,6.63,0.217,0.376019537448883,0.8774509803921569,0.9107142857142856,336.4658
1550,6.74,0.2545,0.3732402920722961,0.8725490196078431,0.9047619047619048,341.8993
1575,6.85,0.217,0.3798987865447998,0.8700980392156863,0.9045045045045046,347.4388
1600,6.96,0.2662,0.3489929735660553,0.8823529411764706,0.9127272727272728,352.967
1625,7.07,0.2312,0.3556756377220154,0.875,0.907441016333938,358.4098
1650,7.17,0.265,0.3464222848415375,0.8799019607843137,0.9107468123861568,363.8633
1675,7.28,0.2039,0.3700916171073913,0.875,0.9128205128205128,369.3701
1700,7.39,0.2284,0.3460995256900787,0.8897058823529411,0.9203539823008848,374.9124
1725,7.5,0.1951,0.3853859305381775,0.8774509803921569,0.9077490774907748,380.5018
1750,7.61,0.2342,0.3357183337211609,0.8921568627450981,0.920863309352518,386.0113
1775,7.72,0.2248,0.354837954044342,0.8872549019607843,0.9192982456140352,391.5598
1800,7.83,0.2212,0.3486337065696716,0.8872549019607843,0.9175627240143368,397.0499
1825,7.93,0.231,0.3350900709629059,0.8774509803921569,0.9090909090909092,402.6837
1850,8.04,0.2671,0.3470155298709869,0.8799019607843137,0.913884007029877,408.1702
1875,8.15,0.1959,0.354680597782135,0.8799019607843137,0.9120287253141832,413.6346
1900,8.26,0.1698,0.373150497674942,0.8799019607843137,0.9123434704830052,419.2033
1925,8.37,0.2143,0.3753150999546051,0.8799019607843137,0.914185639229422,424.7261
1950,8.48,0.174,0.3832258582115173,0.8799019607843137,0.9123434704830052,430.3259
1975,8.59,0.1752,0.4067291617393493,0.8774509803921569,0.9131944444444444,435.7268
2000,8.7,0.2035,0.3816114962100982,0.8799019607843137,0.9123434704830052,441.2199
2025,8.8,0.2052,0.4001242816448211,0.8799019607843137,0.911070780399274,447.3602
2050,8.91,0.2501,0.3837800621986389,0.8774509803921569,0.910394265232975,452.8829
2075,9.02,0.2499,0.3717930316925049,0.8725490196078431,0.908450704225352,458.2544
2100,9.13,0.1763,0.3790419697761535,0.875,0.906764168190128,463.7059
2125,9.24,0.1739,0.3854010105133056,0.875,0.9097345132743364,469.2067
2150,9.35,0.2361,0.3807162046432495,0.8774509803921569,0.9116607773851588,474.6711
2175,9.46,0.1906,0.3764436244964599,0.8823529411764706,0.913978494623656,480.2628
2200,9.57,0.1951,0.3830931782722473,0.8799019607843137,0.9144851657940662,485.7521
2225,9.67,0.245,0.3720200359821319,0.8774509803921569,0.9119718309859154,491.2916
2250,9.78,0.2055,0.372519850730896,0.8799019607843137,0.9132743362831858,496.7779
2275,9.89,0.1997,0.3724308311939239,0.8774509803921569,0.9107142857142856,502.3725
2300,10.0,0.1792,0.3722559511661529,0.8774509803921569,0.9107142857142856,507.817
