step,epoch,train_loss,eval_loss,eval_accuracy,eval_f1,train_runtime
25,0.10869565217391304,0.6584,0.6344951391220093,0.6838235294117647,0.8122270742358079,7.3892
50,0.21739130434782608,0.6724,0.631524920463562,0.6838235294117647,0.8122270742358079,14.3543
75,0.32608695652173914,0.6327,0.621878445148468,0.6838235294117647,0.8122270742358079,21.3643
100,0.43478260869565216,0.6282,0.5780839920043945,0.6838235294117647,0.8122270742358079,28.3671
125,0.5434782608695652,0.5338,0.46784764528274536,0.7941176470588235,0.8571428571428571,35.3353
150,0.6521739130434783,0.5402,0.40780121088027954,0.8088235294117647,0.8682432432432433,42.3067
175,0.7608695652173914,0.5955,0.47906211018562317,0.8259803921568627,0.8738898756660745,49.5048
200,0.8695652173913043,0.467,0.45820334553718567,0.8406862745098039,0.8873483535528597,56.5174
225,0.9782608695652174,0.5379,0.5062514543533325,0.7328431372549019,0.7625272331154683,63.6085
250,1.0869565217391304,0.4665,0.3833768367767334,0.8357843137254902,0.8761552680221812,70.3291
275,1.1956521739130435,0.5142,0.33818602561950684,0.8431372549019608,0.889655172413793,77.3972
300,1.3043478260869565,0.3828,0.36442744731903076,0.8602941176470589,0.9028960817717206,84.3999
325,1.4130434782608696,0.4351,0.4457942247390747,0.7769607843137255,0.8100208768267224,91.3844
350,1.5217391304347827,0.4638,0.3575974404811859,0.8431372549019608,0.8933333333333334,98.4332
375,1.6304347826086958,0.3693,0.3290576934814453,0.8676470588235294,0.901098901098901,105.2578
400,1.7391304347826086,0.3115,0.4153682589530945,0.8578431372549019,0.901023890784983,112.3301
425,1.8478260869565217,0.369,0.31377896666526794,0.8725490196078431,0.9087719298245615,119.3392
450,1.9565217391304348,0.3751,0.3052954077720642,0.8823529411764706,0.9163763066202091,126.5157
475,2.0652173913043477,0.2774,0.40471193194389343,0.8602941176470589,0.9038785834738617,133.245
500,2.1739130434782608,0.3608,0.29069840908050537,0.875,0.9100529100529101,140.2816
525,2.282608695652174,0.2737,0.32426947355270386,0.8848039215686274,0.9182608695652175,147.6534
550,2.391304347826087,0.2994,0.28649649024009705,0.8848039215686274,0.9162210338680927,154.5521
575,2.5,0.252,0.2960008680820465,0.8848039215686274,0.9140767824497258,161.5851
600,2.608695652173913,0.3043,0.38363194465637207,0.8848039215686274,0.9193825042881646,168.4845
625,2.717391304347826,0.2495,0.37663498520851135,0.8848039215686274,0.9196581196581197,175.7068
650,2.8260869565217392,0.3157,0.3075832426548004,0.8823529411764706,0.9157894736842105,182.693
675,2.9347826086956523,0.2624,0.3845106363296509,0.8823529411764706,0.9163763066202091,189.7566
700,3.0434782608695654,0.2434,0.3577137291431427,0.8700980392156863,0.9075043630017452,196.4868
725,3.1521739130434785,0.2144,0.3529161214828491,0.8897058823529411,0.9206349206349206,203.4265
750,3.260869565217391,0.1214,0.4816245138645172,0.8872549019607843,0.9201388888888888,210.5153
775,3.369565217391304,0.2406,0.32839706540107727,0.8970588235294118,0.9263157894736843,217.3382
800,3.4782608695652173,0.1696,0.43973228335380554,0.8725490196078431,0.9112627986348123,224.369
825,3.5869565217391304,0.2012,0.3551340401172638,0.8823529411764706,0.9148936170212766,231.3563
850,3.6956521739130435,0.2337,0.3451351523399353,0.8897058823529411,0.9211908931698775,238.4434
875,3.8043478260869565,0.1647,0.3841482400894165,0.8872549019607843,0.9157509157509158,245.5168
900,3.9130434782608696,0.1905,0.35552865266799927,0.875,0.9106830122591945,252.5496
925,4.021739130434782,0.1766,0.4209423363208771,0.875,0.9097345132743363,259.4857
950,4.130434782608695,0.0636,0.6279510855674744,0.8725490196078431,0.9112627986348123,266.4768
975,4.239130434782608,0.1329,0.4484485685825348,0.8774509803921569,0.9149659863945577,273.3855
1000,4.3478260869565215,0.1404,0.519611120223999,0.8651960784313726,0.9069373942470389,280.2503
1025,4.456521739130435,0.1876,0.32891568541526794,0.875,0.9090909090909091,287.6237
1050,4.565217391304348,0.084,0.5319523811340332,0.8897058823529411,0.9228130360205832,294.6912
1075,4.673913043478261,0.1001,0.5111308097839355,0.8823529411764706,0.9124087591240876,301.601
1100,4.782608695652174,0.0719,0.5809313654899597,0.8921568627450981,0.9219858156028369,308.6794
1125,4.891304347826087,0.1174,0.49485355615615845,0.8921568627450981,0.921146953405018,315.6356
1150,5.0,0.1342,0.4524554908275604,0.875,0.9077757685352622,322.6281
1175,5.108695652173913,0.1012,0.4774947166442871,0.8848039215686274,0.917975567190227,329.5679
1200,5.217391304347826,0.0852,0.5764203667640686,0.8897058823529411,0.923076923076923,336.5854
1225,5.326086956521739,0.052,0.59955233335495,0.8823529411764706,0.9124087591240876,343.682
1250,5.434782608695652,0.0644,0.517876923084259,0.8848039215686274,0.9168141592920355,350.5876
1275,5.543478260869565,0.0511,0.6110055446624756,0.8897058823529411,0.9197860962566845,357.6153
1300,5.6521739130434785,0.0751,0.5477227568626404,0.8872549019607843,0.9195804195804195,364.5491
1325,5.760869565217392,0.0816,0.5112178921699524,0.9019607843137255,0.9293286219081272,371.6476
1350,5.869565217391305,0.0876,0.5499100089073181,0.8848039215686274,0.9156193895870736,378.767
1375,5.978260869565218,0.0873,0.6047307848930359,0.8700980392156863,0.9045045045045046,385.9369
1400,6.086956521739131,0.0625,0.6027016043663025,0.8848039215686274,0.9171075837742505,392.9079
1425,6.195652173913044,0.076,0.7101369500160217,0.8872549019607843,0.9190140845070423,400.0991
1450,6.304347826086957,0.0671,0.6568958759307861,0.8823529411764706,0.9145907473309609,406.9886
1475,6.413043478260869,0.057,0.6555439829826355,0.8848039215686274,0.9185441941074524,413.9645
1500,6.521739130434782,0.0443,0.639664351940155,0.8823529411764706,0.915492957746479,420.8797
1525,6.630434782608695,0.0287,0.6642156839370728,0.8872549019607843,0.9206896551724139,428.4033
1550,6.739130434782608,0.0415,0.637901782989502,0.8921568627450981,0.9225352112676057,435.3092
1575,6.8478260869565215,0.0347,0.6492776274681091,0.8774509803921569,0.9097472924187725,442.3751
1600,6.956521739130435,0.038,0.6738577485084534,0.8995098039215687,0.927689594356261,449.4604
1625,7.065217391304348,0.0389,0.6983647346496582,0.8897058823529411,0.9197860962566845,456.3004
1650,7.173913043478261,0.0075,0.7294968962669373,0.8897058823529411,0.9197860962566845,463.3196
1675,7.282608695652174,0.0207,0.7037274241447449,0.8897058823529411,0.9211908931698775,470.2431
1700,7.391304347826087,0.0604,0.6655997633934021,0.8897058823529411,0.9214659685863874,477.4495
1725,7.5,0.052,0.6078120470046997,0.8995098039215687,0.9269162210338681,484.5156
1750,7.608695652173913,0.0362,0.6150602698326111,0.8946078431372549,0.9233511586452763,491.64
1775,7.717391304347826,0.016,0.6936014294624329,0.8897058823529411,0.9214659685863874,498.7262
1800,7.826086956521739,0.0287,0.6938201785087585,0.8946078431372549,0.9238938053097344,505.6728
1825,7.934782608695652,0.0091,0.7474122643470764,0.8897058823529411,0.9197860962566845,512.9704
1850,8.043478260869565,0.0495,0.7869401574134827,0.8799019607843137,0.9153713298791019,519.7983
1875,8.152173913043478,0.012,0.7856080532073975,0.8970588235294118,0.9257950530035336,526.8691
1900,8.26086956521739,0.0172,0.8210663795471191,0.8921568627450981,0.9228070175438596,533.8369
1925,8.369565217391305,0.0061,0.8160359859466553,0.8946078431372549,0.9241622574955909,540.9725
1950,8.478260869565217,0.0235,0.8340070843696594,0.8970588235294118,0.9265734265734265,548.0846
1975,8.58695652173913,0.02,0.861367404460907,0.8921568627450981,0.9236111111111112,554.9434
2000,8.695652173913043,0.0645,0.8030911684036255,0.8946078431372549,0.9241622574955909,561.9832
2025,8.804347826086957,0.0014,0.8174030184745789,0.8946078431372549,0.9241622574955909,569.2936
2050,8.91304347826087,0.0009,0.8441498875617981,0.8970588235294118,0.9263157894736843,576.4236
2075,9.021739130434783,0.0053,0.8462247848510742,0.8995098039215687,0.9279437609841829,583.2109
2100,9.130434782608695,0.0469,0.8466284275054932,0.8970588235294118,0.9263157894736843,590.1886
2125,9.23913043478261,0.0271,0.8241603970527649,0.8921568627450981,0.9233449477351917,597.1801
2150,9.347826086956522,0.0008,0.8238716721534729,0.8970588235294118,0.9263157894736843,604.1072
2175,9.456521739130435,0.0367,0.8086877465248108,0.8995098039215687,0.927689594356261,611.1994
2200,9.565217391304348,0.0004,0.8115400671958923,0.8995098039215687,0.927689594356261,618.1404
2225,9.673913043478262,0.002,0.8236251473426819,0.8995098039215687,0.927689594356261,625.1831
2250,9.782608695652174,0.0166,0.8318204879760742,0.8970588235294118,0.9263157894736843,632.1604
2275,9.891304347826086,0.013,0.8299660682678223,0.8946078431372549,0.9244288224956063,639.1636
2300,10.0,0.0002,0.8311459422111511,0.8946078431372549,0.9244288224956063,646.1456
