step,epoch,train_loss,eval_loss,eval_accuracy,eval_f1,train_runtime
25,0.11,0.7133,0.6585760712623596,0.6838235294117647,0.8122270742358079,5.8967
50,0.22,0.6627,0.6247437596321106,0.6838235294117647,0.8122270742358079,11.3383
75,0.33,0.6385,0.6222234964370728,0.6838235294117647,0.8122270742358079,16.8483
100,0.43,0.6397,0.6173804402351379,0.6838235294117647,0.8122270742358079,22.3319
125,0.54,0.6022,0.6117996573448181,0.6838235294117647,0.8122270742358079,27.7854
150,0.65,0.6341,0.6017279028892517,0.7009803921568627,0.8189910979228486,33.2054
175,0.76,0.5971,0.5311933159828186,0.7303921568627451,0.8231511254019291,38.8416
200,0.87,0.611,0.5757156014442444,0.7426470588235294,0.808743169398907,44.3394
225,0.98,0.6,0.5834534168243408,0.7549019607843137,0.8201438848920864,49.8603
250,1.09,0.5842,0.494405448436737,0.7475490196078431,0.8372827804107424,55.1227
275,1.2,0.5289,0.5090444087982178,0.7598039215686274,0.8463949843260188,60.6353
300,1.3,0.506,0.437253475189209,0.7990196078431373,0.8595890410958904,66.1271
325,1.41,0.4527,0.5017316341400146,0.7426470588235294,0.7761194029850746,71.645
350,1.52,0.5013,0.4427145421504974,0.7818627450980392,0.8580542264752791,77.118
375,1.63,0.446,0.3658898174762726,0.8406862745098039,0.8833034111310593,82.5461
400,1.74,0.3671,0.3613715767860412,0.8406862745098039,0.8861646234676007,88.0003
425,1.85,0.4568,0.347710371017456,0.8578431372549019,0.8975265017667844,93.5066
450,1.96,0.4141,0.3267345726490021,0.8578431372549019,0.89568345323741,99.1157
475,2.07,0.396,0.4249016940593719,0.8088235294117647,0.8721311475409835,104.3794
500,2.17,0.405,0.3288242816925049,0.8553921568627451,0.8948306595365418,109.936
525,2.28,0.3754,0.3312690556049347,0.8578431372549019,0.8929889298892988,115.9603
550,2.39,0.3338,0.3281338214874267,0.8602941176470589,0.8954128440366973,121.5178
575,2.5,0.4283,0.3263753950595855,0.8504901960784313,0.8927943760984183,127.0278
600,2.61,0.3488,0.3090483844280243,0.8627450980392157,0.8985507246376813,132.5853
625,2.72,0.3833,0.3073592483997345,0.875,0.91005291005291,138.1337
650,2.83,0.3945,0.3175861835479736,0.8700980392156863,0.9078260869565218,143.7289
675,2.93,0.339,0.3304969668388366,0.8676470588235294,0.9035714285714286,149.2613
700,3.04,0.3462,0.3542487621307373,0.8651960784313726,0.9063032367972744,154.5928
725,3.15,0.3503,0.4449833929538727,0.8382352941176471,0.8910891089108912,160.1161
750,3.26,0.3562,0.3470915853977203,0.8651960784313726,0.9053356282271946,165.635
775,3.37,0.267,0.3491813838481903,0.8627450980392157,0.901060070671378,171.0633
800,3.48,0.3374,0.3431423008441925,0.8578431372549019,0.8978873239436619,176.5182
825,3.59,0.3457,0.3005062043666839,0.8774509803921569,0.9100719424460432,182.1085
850,3.7,0.3528,0.2973574101924896,0.8627450980392157,0.9,187.6816
875,3.8,0.3007,0.3180061876773834,0.8602941176470589,0.8972972972972973,193.2514
900,3.91,0.3286,0.3532265424728393,0.8480392156862745,0.8949152542372881,198.7785
925,4.02,0.3338,0.3381626605987549,0.8480392156862745,0.8934707903780068,204.1857
950,4.13,0.2813,0.3194412589073181,0.8627450980392157,0.902439024390244,209.6942
975,4.24,0.336,0.3336429297924042,0.8504901960784313,0.8960817717206134,215.0821
1000,4.35,0.3313,0.3196198940277099,0.8602941176470589,0.9012131715771232,220.5289
1025,4.46,0.2961,0.3137324452400207,0.8725490196078431,0.9064748201438848,226.7064
1050,4.57,0.285,0.3164836764335632,0.8725490196078431,0.9071428571428573,232.2315
1075,4.67,0.2463,0.330760657787323,0.8725490196078431,0.9071428571428573,237.6788
1100,4.78,0.2396,0.3307540714740753,0.8651960784313726,0.9033391915641475,243.2386
1125,4.89,0.3058,0.303981602191925,0.8627450980392157,0.9003558718861211,248.7232
1150,5.0,0.2739,0.3143900036811828,0.8676470588235294,0.9032258064516128,254.2977
1175,5.11,0.2564,0.3387193083763122,0.875,0.9116117850953208,259.7164
1200,5.22,0.2954,0.3186215758323669,0.8774509803921569,0.9134948096885814,265.3095
1225,5.33,0.2634,0.313840240240097,0.8725490196078431,0.907473309608541,270.7966
1250,5.43,0.3371,0.3150762319564819,0.8725490196078431,0.906810035842294,276.262
1275,5.54,0.2356,0.3214583694934845,0.8676470588235294,0.9021739130434784,281.6755
1300,5.65,0.2582,0.351200133562088,0.8676470588235294,0.9059233449477352,287.1538
1325,5.76,0.229,0.34528249502182,0.8651960784313726,0.9026548672566372,292.7137
1350,5.87,0.2974,0.3184005916118622,0.8676470588235294,0.9014598540145984,298.2784
1375,5.98,0.282,0.3048010170459747,0.875,0.907103825136612,303.9075
1400,6.09,0.183,0.4917022883892059,0.8480392156862745,0.8970099667774086,309.3084
1425,6.2,0.2903,0.3325173556804657,0.8651960784313726,0.9023090586145648,315.0127
1450,6.3,0.2721,0.3240589797496795,0.8676470588235294,0.8996282527881041,320.3839
1475,6.41,0.2693,0.327753484249115,0.8602941176470589,0.9012131715771232,325.9366
1500,6.52,0.2897,0.3146365284919739,0.8774509803921569,0.9097472924187724,331.3728
1525,6.63,0.2236,0.3458194732666015,0.8627450980392157,0.9020979020979022,337.6216
1550,6.74,0.2713,0.3262163400650024,0.8627450980392157,0.8992805755395683,343.0308
1575,6.85,0.249,0.3375915586948395,0.8700980392156863,0.9061946902654868,348.5584
1600,6.96,0.2746,0.3176510632038116,0.875,0.9081081081081082,354.0768
1625,7.07,0.21,0.3453513085842132,0.8700980392156863,0.9051878354203936,359.45
1650,7.17,0.2446,0.3401549160480499,0.8700980392156863,0.905861456483126,364.9315
1675,7.28,0.2145,0.3638127744197845,0.8627450980392157,0.9044368600682594,370.3747
1700,7.39,0.256,0.3342944085597992,0.8651960784313726,0.9043478260869564,376.0239
1725,7.5,0.2378,0.3212271332740783,0.8799019607843137,0.9120287253141832,381.5828
1750,7.61,0.2412,0.3218495845794678,0.8602941176470589,0.900523560209424,387.1843
1775,7.72,0.2706,0.3342743813991546,0.8676470588235294,0.9065743944636676,392.7182
1800,7.83,0.2422,0.3272541761398315,0.8627450980392157,0.9017543859649124,398.312
1825,7.93,0.2343,0.3079106211662292,0.8725490196078431,0.907473309608541,404.0011
1850,8.04,0.2937,0.3210553824901581,0.875,0.9103690685413004,409.4648
1875,8.15,0.2333,0.3242371380329132,0.8725490196078431,0.908450704225352,414.9749
1900,8.26,0.1801,0.3488722145557403,0.8627450980392157,0.902439024390244,420.5248
1925,8.37,0.2237,0.3292295932769775,0.8725490196078431,0.9078014184397164,426.1318
1950,8.48,0.2124,0.346267431974411,0.8627450980392157,0.9020979020979022,431.7356
1975,8.59,0.2006,0.3665154278278351,0.8651960784313726,0.9053356282271946,437.2388
2000,8.7,0.2149,0.3439734280109405,0.8578431372549019,0.8989547038327526,442.706
2025,8.8,0.2419,0.3431061506271362,0.8627450980392157,0.9017543859649124,448.9101
2050,8.91,0.2871,0.3352136015892029,0.8651960784313726,0.9040139616055848,454.4438
2075,9.02,0.2775,0.3360657095909118,0.8578431372549019,0.8996539792387542,459.9218
2100,9.13,0.1867,0.3256479799747467,0.8725490196078431,0.9078014184397164,465.3823
2125,9.24,0.2014,0.3348627388477325,0.8700980392156863,0.9061946902654868,470.9013
2150,9.35,0.2587,0.3377318680286407,0.8676470588235294,0.9052631578947368,476.3666
2175,9.46,0.229,0.3383376598358154,0.8651960784313726,0.9036777583187392,481.924
2200,9.57,0.2298,0.3508501648902893,0.8578431372549019,0.8996539792387542,487.4168
2225,9.67,0.2515,0.336565762758255,0.8651960784313726,0.9036777583187392,492.901
2250,9.78,0.2286,0.3366389274597168,0.8676470588235294,0.9052631578947368,498.4373
2275,9.89,0.2252,0.335691899061203,0.8676470588235294,0.9052631578947368,503.9648
2300,10.0,0.2248,0.3342009484767914,0.8676470588235294,0.9052631578947368,509.4781
