step,epoch,train_loss,eval_loss,eval_accuracy,eval_f1,train_runtime
25,0.11,0.6564,0.6350291967391968,0.6838235294117647,0.8122270742358079,6.2467
50,0.22,0.661,0.6249211430549622,0.6838235294117647,0.8122270742358079,11.9276
75,0.33,0.6392,0.6189225912094116,0.6838235294117647,0.8122270742358079,17.8067
100,0.43,0.6373,0.603553831577301,0.6838235294117647,0.8122270742358079,23.5291
125,0.54,0.5458,0.5584387183189392,0.7377450980392157,0.833592534992224,29.3418
150,0.65,0.5661,0.462291270494461,0.7622549019607843,0.8396694214876034,35.0469
175,0.76,0.5779,0.4524819552898407,0.7524509803921569,0.8434108527131784,40.9987
200,0.87,0.4781,0.4429369866847992,0.7892156862745098,0.8580858085808581,46.8025
225,0.98,0.5389,0.464910477399826,0.7818627450980392,0.8223552894211577,52.5904
250,1.09,0.4969,0.5880730748176575,0.7843137254901961,0.8616352201257863,58.1353
275,1.2,0.4878,0.4357205331325531,0.7867647058823529,0.8625592417061612,63.878
300,1.3,0.4401,0.3729936182498932,0.821078431372549,0.8752136752136752,69.6961
325,1.41,0.3831,0.4023830592632293,0.803921568627451,0.8387096774193549,75.4303
350,1.52,0.4708,0.3564694821834564,0.8455882352941176,0.8911917098445595,81.2654
375,1.63,0.4008,0.322696715593338,0.8480392156862745,0.8908450704225351,86.9016
400,1.74,0.3405,0.3811560273170471,0.8799019607843137,0.9107468123861568,92.7207
425,1.85,0.4319,0.35293710231781,0.8333333333333334,0.8874172185430463,98.5235
450,1.96,0.4292,0.3355127573013305,0.8602941176470589,0.8965517241379312,104.4986
475,2.07,0.3139,0.5424519181251526,0.8553921568627451,0.9015025041736228,110.0212
500,2.17,0.3816,0.3226580917835235,0.8676470588235294,0.901098901098901,115.8722
525,2.28,0.3583,0.3181017339229584,0.8578431372549019,0.8929889298892988,121.8444
550,2.39,0.314,0.4088849127292633,0.8602941176470589,0.8983957219251337,127.602
575,2.5,0.3377,0.3481229245662689,0.8627450980392157,0.9057239057239056,133.3092
600,2.61,0.3167,0.380966454744339,0.8529411764705882,0.8969072164948454,139.0545
625,2.72,0.4025,0.3097046911716461,0.8578431372549019,0.8975265017667844,144.8564
650,2.83,0.3416,0.3121916949748993,0.8627450980392157,0.9,150.6754
675,2.93,0.3138,0.3470706641674042,0.8651960784313726,0.9026548672566372,156.492
700,3.04,0.2811,0.4087471961975097,0.8602941176470589,0.9008695652173914,162.0268
725,3.15,0.3099,0.4502963721752167,0.8553921568627451,0.9005059021922428,167.7948
750,3.26,0.2781,0.399217426776886,0.8725490196078431,0.9112627986348124,173.6113
775,3.37,0.2571,0.3510923981666565,0.8602941176470589,0.8987566607460036,179.2762
800,3.48,0.25,0.4638797640800476,0.8553921568627451,0.9018302828618968,185.0673
825,3.59,0.3392,0.3138348460197449,0.8823529411764706,0.9166666666666669,190.8854
850,3.7,0.28,0.3556216359138489,0.8627450980392157,0.904109589041096,196.7838
875,3.8,0.2586,0.3554756939411163,0.8651960784313726,0.9029982363315696,202.5659
900,3.91,0.2945,0.366213321685791,0.8774509803921569,0.9134948096885814,208.3847
925,4.02,0.2913,0.3673926591873169,0.8602941176470589,0.9032258064516128,214.0209
950,4.13,0.214,0.4080418646335602,0.8627450980392157,0.902439024390244,219.8169
975,4.24,0.25,0.411166250705719,0.8774509803921569,0.9155405405405406,225.495
1000,4.35,0.2957,0.3631725609302521,0.8799019607843137,0.9168081494057724,231.1649
1025,4.46,0.2545,0.316300630569458,0.8799019607843137,0.9135802469135804,237.3155
1050,4.57,0.2125,0.3681210875511169,0.8725490196078431,0.9112627986348124,243.0665
1075,4.67,0.2158,0.4115705192089081,0.8700980392156863,0.9075043630017452,248.7985
1100,4.78,0.2007,0.4536297619342804,0.875,0.9131175468483816,254.5403
1125,4.89,0.254,0.3401866257190704,0.8921568627450981,0.9236111111111112,260.3324
1150,5.0,0.2133,0.3359668254852295,0.8823529411764706,0.913978494623656,266.0947
1175,5.11,0.1591,0.3685573935508728,0.8823529411764706,0.9175257731958764,271.8447
1200,5.22,0.2026,0.3532575070858001,0.8848039215686274,0.917975567190227,277.6624
1225,5.33,0.1612,0.3943046927452087,0.8970588235294118,0.924187725631769,283.5207
1250,5.43,0.2384,0.4049336016178131,0.8848039215686274,0.9173989455184536,289.2206
1275,5.54,0.1666,0.4081234931945801,0.8848039215686274,0.9147005444646098,295.0379
1300,5.65,0.1945,0.4445080161094665,0.8872549019607843,0.9195804195804196,300.795
1325,5.76,0.1585,0.4785631597042084,0.8774509803921569,0.9131944444444444,306.7341
1350,5.87,0.2536,0.3960958123207092,0.8823529411764706,0.9148936170212766,312.5789
1375,5.98,0.2108,0.3645653426647186,0.8848039215686274,0.9168141592920356,318.5501
1400,6.09,0.1289,0.5937385559082031,0.8627450980392157,0.9066666666666666,324.2327
1425,6.2,0.2012,0.4696074426174164,0.8725490196078431,0.9087719298245616,330.2333
1450,6.3,0.1453,0.5823215246200562,0.8578431372549019,0.8917910447761195,335.8943
1475,6.41,0.2264,0.4569528698921203,0.8725490196078431,0.9112627986348124,341.6933
1500,6.52,0.2183,0.4554861485958099,0.8700980392156863,0.9055258467023172,347.4354
1525,6.63,0.1361,0.4811836183071136,0.8799019607843137,0.9150779896013864,353.5823
1550,6.74,0.1992,0.5346750617027283,0.8676470588235294,0.9021739130434784,359.2998
1575,6.85,0.1699,0.4875524044036865,0.8872549019607843,0.9184397163120568,365.0859
1600,6.96,0.1829,0.503004252910614,0.8872549019607843,0.9192982456140352,370.9154
1625,7.07,0.173,0.5117180347442627,0.8848039215686274,0.9168141592920356,376.549
1650,7.17,0.1314,0.5665262341499329,0.8823529411764706,0.9133574007220217,382.2758
1675,7.28,0.137,0.6216714978218079,0.8676470588235294,0.909090909090909,388.011
1700,7.39,0.1711,0.5335360765457153,0.8823529411764706,0.9180887372013652,393.9272
1725,7.5,0.1568,0.5283969044685364,0.8823529411764706,0.9142857142857144,399.7743
1750,7.61,0.1855,0.5105116963386536,0.875,0.9090909090909092,405.6235
1775,7.72,0.163,0.4929302930831909,0.8897058823529411,0.9217391304347826,411.4592
1800,7.83,0.1139,0.5488799214363098,0.8799019607843137,0.9126559714795008,417.267
1825,7.93,0.1818,0.4797828495502472,0.8774509803921569,0.9097472924187724,423.2687
1850,8.04,0.1431,0.5236854553222656,0.8774509803921569,0.9140893470790378,429.0116
1875,8.15,0.1522,0.5081669688224792,0.8823529411764706,0.9136690647482014,434.8428
1900,8.26,0.101,0.5647563338279724,0.8823529411764706,0.9151943462897526,440.7276
1925,8.37,0.1586,0.5620189905166626,0.8872549019607843,0.9204152249134948,446.5868
1950,8.48,0.1387,0.5364147424697876,0.8921568627450981,0.923076923076923,452.4941
1975,8.59,0.0764,0.5452749729156494,0.8872549019607843,0.9201388888888888,458.1601
2000,8.7,0.1475,0.5455541014671326,0.8897058823529411,0.9217391304347826,463.9237
2025,8.8,0.1573,0.5359468460083008,0.8897058823529411,0.9206349206349206,469.8732
2050,8.91,0.1467,0.54436194896698,0.8921568627450981,0.923076923076923,475.723
2075,9.02,0.1857,0.5451030135154724,0.8897058823529411,0.9206349206349206,481.3551
2100,9.13,0.1139,0.5602995753288269,0.8921568627450981,0.9225352112676056,487.2188
2125,9.24,0.1071,0.5807360410690308,0.8897058823529411,0.9206349206349206,493.0408
2150,9.35,0.1202,0.603327214717865,0.8897058823529411,0.92091388400703,498.898
2175,9.46,0.1122,0.605484664440155,0.8872549019607843,0.9187279151943464,504.7836
2200,9.57,0.0835,0.6135876774787903,0.8970588235294118,0.926829268292683,510.6097
2225,9.67,0.1496,0.6171215176582336,0.8970588235294118,0.9270833333333334,516.3792
2250,9.78,0.0997,0.6181526780128479,0.8970588235294118,0.9270833333333334,522.1665
2275,9.89,0.1283,0.6114516854286194,0.8946078431372549,0.924956369982548,527.9851
2300,10.0,0.1188,0.6106327176094055,0.8946078431372549,0.924956369982548,533.7099
