step,epoch,train_loss,eval_loss,eval_accuracy,eval_f1,train_runtime
25,0.11,0.7124,0.6568306088447571,0.6838235294117647,0.8122270742358079,6.4365
50,0.22,0.6627,0.6237538456916809,0.6838235294117647,0.8122270742358079,12.3563
75,0.33,0.6378,0.6184722781181335,0.6838235294117647,0.8122270742358079,18.5548
100,0.43,0.6348,0.6028434634208679,0.6838235294117647,0.8122270742358079,24.5932
125,0.54,0.604,0.5848811268806458,0.7083333333333334,0.8205128205128206,30.6416
150,0.65,0.5567,0.6472549438476562,0.6985294117647058,0.8172362555720655,36.4723
175,0.76,0.6569,0.6365811228752136,0.6838235294117647,0.8122270742358079,42.4755
200,0.87,0.6724,0.5924882888793945,0.6985294117647058,0.8193832599118943,48.2659
225,0.98,0.5918,0.5537994503974915,0.7328431372549019,0.8325652841781873,54.016
250,1.09,0.5193,0.4291877746582031,0.7916666666666666,0.8506151142355007,59.4794
275,1.2,0.5137,0.4452253878116607,0.7647058823529411,0.8485804416403785,65.247
300,1.3,0.4916,0.4327715337276459,0.8137254901960784,0.8737541528239203,70.9502
325,1.41,0.5107,0.6042410731315613,0.6446078431372549,0.655581947743468,76.6939
350,1.52,0.4783,0.4219146072864532,0.8284313725490197,0.8727272727272727,82.4436
375,1.63,0.4612,0.3765367269515991,0.8161764705882353,0.8638838475499093,88.19
400,1.74,0.4229,0.5879743099212646,0.7965686274509803,0.8663446054750403,93.9625
425,1.85,0.4531,0.3658812940120697,0.8333333333333334,0.8802816901408451,99.8708
450,1.96,0.4632,0.3577743172645569,0.8382352941176471,0.876865671641791,105.8113
475,2.07,0.3742,0.4467546045780182,0.8406862745098039,0.8892674616695059,111.4434
500,2.17,0.4104,0.3333855867385864,0.8553921568627451,0.8905380333951763,117.3064
525,2.28,0.3637,0.3373801410198211,0.8578431372549019,0.894927536231884,123.3668
550,2.39,0.3356,0.3583924472332001,0.8480392156862745,0.8892857142857142,129.1102
575,2.5,0.4027,0.3178991079330444,0.8627450980392157,0.8989169675090252,134.893
600,2.61,0.362,0.3679900765419006,0.8529411764705882,0.8951048951048952,140.6442
625,2.72,0.3738,0.3288576602935791,0.8553921568627451,0.8977469670710572,146.5054
650,2.83,0.3816,0.3229938447475433,0.8627450980392157,0.8989169675090252,152.3489
675,2.93,0.3283,0.3576985597610473,0.8504901960784313,0.8953687821612349,158.1765
700,3.04,0.3196,0.4175814688205719,0.8504901960784313,0.896434634974533,163.7713
725,3.15,0.3633,0.3805467188358307,0.8504901960784313,0.897133220910624,169.5497
750,3.26,0.286,0.3726072907447815,0.8627450980392157,0.903448275862069,175.4247
775,3.37,0.2638,0.3362441062927246,0.8627450980392157,0.9003558718861211,181.0778
800,3.48,0.2812,0.3534159958362579,0.8578431372549019,0.8996539792387542,186.9017
825,3.59,0.369,0.3110744655132293,0.875,0.911917098445596,192.7079
850,3.7,0.3175,0.3386050462722778,0.8602941176470589,0.9001751313485115,198.6699
875,3.8,0.2758,0.3531685173511505,0.8602941176470589,0.9008695652173914,204.4636
900,3.91,0.318,0.3131871819496155,0.8676470588235294,0.9065743944636676,210.3815
925,4.02,0.339,0.280314564704895,0.8872549019607843,0.9190140845070424,216.0032
950,4.13,0.2387,0.3109771907329559,0.8774509803921569,0.9134948096885814,221.8732
975,4.24,0.2671,0.3709937036037445,0.8480392156862745,0.8938356164383561,227.5531
1000,4.35,0.2924,0.3167351484298706,0.8651960784313726,0.9029982363315696,233.3279
1025,4.46,0.2881,0.3100843131542206,0.8774509803921569,0.9090909090909092,239.5023
1050,4.57,0.2683,0.3252121806144714,0.8823529411764706,0.9136690647482014,245.3624
1075,4.67,0.2114,0.3330875337123871,0.8725490196078431,0.9078014184397164,251.124
1100,4.78,0.2378,0.33962482213974,0.8774509803921569,0.9119718309859154,256.9463
1125,4.89,0.2586,0.3052539229393005,0.8823529411764706,0.913978494623656,262.7664
1150,5.0,0.2481,0.3056320548057556,0.8676470588235294,0.9045936395759716,268.6153
1175,5.11,0.2023,0.3550393581390381,0.8725490196078431,0.9103448275862068,274.3885
1200,5.22,0.2268,0.316584050655365,0.8725490196078431,0.9090909090909092,280.2649
1225,5.33,0.1521,0.4371579587459564,0.8946078431372549,0.922242314647378,286.154
1250,5.43,0.2904,0.3578924238681793,0.8774509803921569,0.910394265232975,291.897
1275,5.54,0.2231,0.3353831768035888,0.8970588235294118,0.924187725631769,297.7589
1300,5.65,0.1943,0.3201375901699066,0.8799019607843137,0.9132743362831858,303.5521
1325,5.76,0.1885,0.3389086723327636,0.8725490196078431,0.908450704225352,309.5171
1350,5.87,0.2472,0.3357356190681457,0.8848039215686274,0.91651865008881,315.3863
1375,5.98,0.2093,0.3379178643226623,0.8676470588235294,0.9059233449477352,321.3712
1400,6.09,0.1821,0.5523297190666199,0.8529411764705882,0.9013157894736842,327.0712
1425,6.2,0.2046,0.3701241910457611,0.8848039215686274,0.9153153153153154,333.1255
1450,6.3,0.1993,0.3775235116481781,0.8799019607843137,0.911070780399274,338.789
1475,6.41,0.2091,0.4267314374446869,0.8725490196078431,0.9100346020761244,344.6925
1500,6.52,0.2073,0.3662225604057312,0.8946078431372549,0.9228007181328548,350.4533
1525,6.63,0.1519,0.3921030461788177,0.8725490196078431,0.9081272084805654,356.7115
1550,6.74,0.2388,0.3530676662921905,0.8823529411764706,0.9130434782608696,362.4523
1575,6.85,0.1991,0.3614640235900879,0.8799019607843137,0.913884007029877,368.3062
1600,6.96,0.1767,0.3774324357509613,0.8872549019607843,0.9172661870503596,374.1557
1625,7.07,0.1506,0.3927486538887024,0.8872549019607843,0.9172661870503596,379.8539
1650,7.17,0.1954,0.3888257443904876,0.8774509803921569,0.9119718309859154,385.5968
1675,7.28,0.165,0.4144042432308197,0.8823529411764706,0.915492957746479,391.3636
1700,7.39,0.1462,0.4572935700416565,0.8700980392156863,0.9071803852889668,397.2401
1725,7.5,0.1974,0.41877281665802,0.8774509803921569,0.9094202898550724,403.1129
1750,7.61,0.1496,0.4218910932540893,0.8799019607843137,0.9123434704830052,408.9484
1775,7.72,0.1662,0.4649840593338012,0.8848039215686274,0.9182608695652176,414.7854
1800,7.83,0.1691,0.426905870437622,0.8553921568627451,0.8987993138936535,420.59
1825,7.93,0.1437,0.3958522975444793,0.8774509803921569,0.9100719424460432,426.5986
1850,8.04,0.1872,0.3782483339309692,0.8799019607843137,0.9135802469135804,432.3624
1875,8.15,0.1443,0.3877654671669006,0.8725490196078431,0.907473309608541,438.1724
1900,8.26,0.1017,0.4364223778247833,0.8725490196078431,0.908450704225352,444.0883
1925,8.37,0.0759,0.456487089395523,0.8774509803921569,0.9107142857142856,449.9741
1950,8.48,0.1011,0.4939146637916565,0.8799019607843137,0.9126559714795008,455.9568
1975,8.59,0.1312,0.5069048404693604,0.8774509803921569,0.9128919860627178,461.7023
2000,8.7,0.1526,0.4510491192340851,0.8799019607843137,0.9135802469135804,467.5941
2025,8.8,0.1187,0.4610273241996765,0.875,0.9087656529516996,473.7428
2050,8.91,0.1526,0.47803795337677,0.8725490196078431,0.908450704225352,479.7246
2075,9.02,0.1637,0.4590435326099396,0.8700980392156863,0.906854130052724,485.4036
2100,9.13,0.0825,0.4822217226028442,0.8676470588235294,0.904255319148936,491.291
2125,9.24,0.1567,0.4838475883007049,0.875,0.9087656529516996,497.0666
2150,9.35,0.1626,0.4704190492630005,0.8774509803921569,0.9116607773851588,502.9356
2175,9.46,0.1597,0.4662576615810394,0.875,0.91005291005291,508.7884
2200,9.57,0.1368,0.4853765368461609,0.8725490196078431,0.9097222222222222,514.6646
2225,9.67,0.1532,0.4724071621894836,0.8725490196078431,0.9090909090909092,520.4569
2250,9.78,0.1225,0.470481127500534,0.8700980392156863,0.9075043630017452,526.3311
2275,9.89,0.1523,0.4627107083797455,0.8700980392156863,0.9071803852889668,532.1984
2300,10.0,0.116,0.4577252268791199,0.8725490196078431,0.908450704225352,538.0273
