step,epoch,train_loss,eval_loss,eval_accuracy,eval_f1,train_runtime
25,0.11,0.7134,0.6587589979171753,0.6838235294117647,0.8122270742358079,5.8752
50,0.22,0.6627,0.6248278617858887,0.6838235294117647,0.8122270742358079,11.1129
75,0.33,0.6386,0.62236487865448,0.6838235294117647,0.8122270742358079,16.5525
100,0.43,0.6397,0.6178551912307739,0.6838235294117647,0.8122270742358079,21.8512
125,0.54,0.603,0.6139826774597168,0.6838235294117647,0.8122270742358079,27.2936
150,0.65,0.6439,0.6176441311836243,0.6887254901960784,0.8145985401459854,32.6262
175,0.76,0.6247,0.5997385382652283,0.6838235294117647,0.8122270742358079,38.2564
200,0.87,0.5844,0.5264343619346619,0.7279411764705882,0.8246445497630333,43.7263
225,0.98,0.5832,0.5228288173675537,0.7549019607843137,0.8355263157894737,49.2999
250,1.09,0.57,0.5131591558456421,0.7303921568627451,0.8323170731707318,54.5356
275,1.2,0.5163,0.5090894103050232,0.7524509803921569,0.8399366085578448,59.9648
300,1.3,0.5108,0.4445636868476867,0.7916666666666666,0.8551959114139693,65.4052
325,1.41,0.4439,0.4747360944747925,0.7671568627450981,0.8133595284872298,70.7456
350,1.52,0.5165,0.4955814182758331,0.7745098039215687,0.8520900321543408,76.2115
375,1.63,0.4499,0.4066557884216308,0.803921568627451,0.85663082437276,81.4836
400,1.74,0.4366,0.5455377101898193,0.7769607843137255,0.8566929133858266,86.9059
425,1.85,0.4871,0.4695793986320495,0.7867647058823529,0.8585365853658538,92.2906
450,1.96,0.4304,0.3721249103546142,0.8235294117647058,0.8745644599303136,97.8103
475,2.07,0.4368,0.4644991159439087,0.7892156862745098,0.8617363344051446,102.9859
500,2.17,0.4184,0.3911427557468414,0.8186274509803921,0.8758389261744967,108.3928
525,2.28,0.401,0.3685357272624969,0.8308823529411765,0.8724584103512015,114.4111
550,2.39,0.3844,0.3682065606117248,0.8431372549019608,0.8869257950530036,119.7767
575,2.5,0.4316,0.3690843284130096,0.8259803921568627,0.8773747841105355,125.2404
600,2.61,0.3615,0.3741611838340759,0.8431372549019608,0.888888888888889,130.6101
625,2.72,0.4241,0.3626544177532196,0.8529411764705882,0.896551724137931,136.1659
650,2.83,0.4328,0.3386988043785095,0.8553921568627451,0.8963093145869947,141.5909
675,2.93,0.358,0.3475582003593445,0.8333333333333334,0.8823529411764706,147.1093
700,3.04,0.3492,0.3979131579399109,0.8333333333333334,0.8839590443686006,152.2736
725,3.15,0.3859,0.4844088852405548,0.8112745098039216,0.8752025931928687,157.7251
750,3.26,0.3866,0.3890918791294098,0.8333333333333334,0.8859060402684563,163.1558
775,3.37,0.3179,0.3532825410366058,0.8578431372549019,0.8964285714285715,168.4675
800,3.48,0.3828,0.3510021269321441,0.8529411764705882,0.8924731182795699,173.8665
825,3.59,0.4067,0.3352133929729461,0.8480392156862745,0.8912280701754387,179.2869
850,3.7,0.3862,0.3326135575771332,0.8504901960784313,0.8924162257495591,184.8267
875,3.8,0.3517,0.3379616737365722,0.8504901960784313,0.893542757417103,190.2137
900,3.91,0.3697,0.4010472893714905,0.8357843137254902,0.8885191347753744,195.7267
925,4.02,0.349,0.3692823350429535,0.8578431372549019,0.901360544217687,200.982
950,4.13,0.3204,0.3445475101470947,0.8676470588235294,0.9059233449477352,206.4903
975,4.24,0.3838,0.3414341807365417,0.8553921568627451,0.8977469670710572,211.7777
1000,4.35,0.3614,0.3413154780864715,0.8504901960784313,0.8939130434782607,217.1596
1025,4.46,0.3615,0.3302571177482605,0.8529411764705882,0.8909090909090909,223.5374
1050,4.57,0.3346,0.3896009027957916,0.8431372549019608,0.893687707641196,229.0
1075,4.67,0.3193,0.3324656784534454,0.8676470588235294,0.9035714285714286,234.3986
1100,4.78,0.303,0.3269233405590057,0.8602941176470589,0.8983957219251337,239.8118
1125,4.89,0.3473,0.3103826344013214,0.8627450980392157,0.900709219858156,245.2969
1150,5.0,0.3153,0.314850389957428,0.8480392156862745,0.8900709219858156,250.6903
1175,5.11,0.3283,0.3983767330646515,0.8382352941176471,0.8914473684210527,256.1109
1200,5.22,0.3096,0.3333666324615478,0.8578431372549019,0.8996539792387542,261.5523
1225,5.33,0.3133,0.3158881366252899,0.8578431372549019,0.8971631205673759,267.0577
1250,5.43,0.3551,0.3261089622974396,0.8627450980392157,0.901060070671378,272.4785
1275,5.54,0.2792,0.3187470436096191,0.8676470588235294,0.9007352941176472,277.8947
1300,5.65,0.3033,0.3459784686565399,0.8651960784313726,0.9053356282271946,283.2762
1325,5.76,0.2895,0.362975925207138,0.8651960784313726,0.9053356282271946,288.7646
1350,5.87,0.3527,0.3148148357868194,0.8651960784313726,0.9019607843137256,294.2745
1375,5.98,0.3208,0.3070121705532074,0.8799019607843137,0.9132743362831858,299.7679
1400,6.09,0.2481,0.5596578121185303,0.8161764705882353,0.8792270531400967,305.1787
1425,6.2,0.3338,0.3287484049797058,0.8725490196078431,0.907473309608541,310.7404
1450,6.3,0.3132,0.3285914063453674,0.8676470588235294,0.9007352941176472,316.1051
1475,6.41,0.3409,0.3291515409946441,0.8700980392156863,0.9081455805892548,321.5008
1500,6.52,0.3471,0.3097457885742187,0.8700980392156863,0.9041591320072332,326.9442
1525,6.63,0.2861,0.3914542198181152,0.8529411764705882,0.8989898989898989,333.8906
1550,6.74,0.3289,0.3108745217323303,0.8627450980392157,0.8992805755395683,339.3042
1575,6.85,0.27,0.3230384290218353,0.8700980392156863,0.9051878354203936,344.6968
1600,6.96,0.3208,0.3382486402988434,0.8700980392156863,0.9081455805892548,350.1969
1625,7.07,0.2531,0.3318119943141937,0.8676470588235294,0.9045936395759716,355.4712
1650,7.17,0.2767,0.3239721059799194,0.8676470588235294,0.9035714285714286,360.856
1675,7.28,0.2727,0.3463322818279266,0.8676470588235294,0.9081632653061223,366.2807
1700,7.39,0.2929,0.3112219870090484,0.8725490196078431,0.9064748201438848,371.7598
1725,7.5,0.2833,0.3103048205375671,0.875,0.9084380610412928,377.3127
1750,7.61,0.2868,0.3218490481376648,0.875,0.9116117850953208,382.7441
1775,7.72,0.3239,0.3088062107563019,0.875,0.91005291005291,388.2569
1800,7.83,0.27,0.3494907319545746,0.8578431372549019,0.901360544217687,393.6144
1825,7.93,0.2552,0.3122925460338592,0.8774509803921569,0.9107142857142856,399.2457
1850,8.04,0.3436,0.3311242461204529,0.8627450980392157,0.9037800687285222,404.5248
1875,8.15,0.2655,0.3185946941375732,0.8700980392156863,0.9061946902654868,409.9638
1900,8.26,0.2526,0.3350265324115753,0.8700980392156863,0.9078260869565218,415.4168
1925,8.37,0.2673,0.3134143948554992,0.875,0.9084380610412928,420.8951
1950,8.48,0.2748,0.3249529004096985,0.8651960784313726,0.9036777583187392,426.4475
1975,8.59,0.2489,0.3371535539627075,0.8627450980392157,0.903448275862069,431.7965
2000,8.7,0.2598,0.3223425149917602,0.875,0.9103690685413004,437.2659
2025,8.8,0.2851,0.3361824750900268,0.8700980392156863,0.9078260869565218,443.7195
2050,8.91,0.3292,0.3160055577754974,0.8799019607843137,0.9129662522202486,449.2613
2075,9.02,0.3024,0.3277555704116821,0.8676470588235294,0.9065743944636676,454.5343
2100,9.13,0.2472,0.313870906829834,0.8774509803921569,0.9113475177304964,460.007
2125,9.24,0.2349,0.3210175931453705,0.8823529411764706,0.915492957746479,465.3821
2150,9.35,0.2905,0.3236837685108185,0.875,0.9106830122591943,470.8036
2175,9.46,0.2844,0.3278869986534118,0.8676470588235294,0.90625,476.266
2200,9.57,0.269,0.3309325873851776,0.8627450980392157,0.9037800687285222,481.6767
2225,9.67,0.3213,0.3214017152786255,0.8725490196078431,0.9094076655052264,487.1269
2250,9.78,0.2721,0.3257454037666321,0.8676470588235294,0.9065743944636676,492.5592
2275,9.89,0.2698,0.3252515494823456,0.8676470588235294,0.9065743944636676,498.1125
2300,10.0,0.256,0.3236343562602997,0.875,0.9113043478260868,503.4663
