step,epoch,train_loss,eval_loss,eval_accuracy,eval_f1,train_runtime
25,0.10869565217391304,0.6554,0.6321461796760559,0.6838235294117647,0.8122270742358079,6.0735
50,0.21739130434782608,0.6629,0.6221230626106262,0.6838235294117647,0.8122270742358079,11.8774
75,0.32608695652173914,0.6368,0.6294704675674438,0.6838235294117647,0.8122270742358079,17.6729
100,0.43478260869565216,0.6299,0.5260210037231445,0.6985294117647058,0.8183161004431315,23.392
125,0.5434782608695652,0.5081,0.44495272636413574,0.7892156862745098,0.8571428571428571,29.1368
150,0.6521739130434783,0.5248,0.6055962443351746,0.7549019607843137,0.8456790123456792,34.8161
175,0.7608695652173914,0.6429,0.597784698009491,0.7990196078431373,0.8373015873015874,40.6879
200,0.8695652173913043,0.4742,0.651028037071228,0.8627450980392157,0.9037800687285222,46.4633
225,0.9782608695652174,0.609,0.5261897444725037,0.8333333333333334,0.8798586572438163,52.2477
250,1.0869565217391304,0.4986,0.4861583411693573,0.7941176470588235,0.8472727272727272,57.7465
275,1.1956521739130435,0.4829,0.40420278906822205,0.8186274509803921,0.8770764119601329,63.5616
300,1.3043478260869565,0.4543,0.4579342007637024,0.8529411764705882,0.8943661971830987,69.2866
325,1.4130434782608696,0.412,0.3621116280555725,0.8553921568627451,0.8936936936936937,75.0366
350,1.5217391304347827,0.481,0.39204275608062744,0.8308823529411765,0.8665377176015474,80.8008
375,1.6304347826086958,0.4689,0.3488653600215912,0.8578431372549019,0.894927536231884,86.415
400,1.7391304347826086,0.3769,0.37600550055503845,0.8529411764705882,0.8863636363636364,92.2024
425,1.8478260869565217,0.4943,0.34916916489601135,0.875,0.9077757685352622,97.9501
450,1.9565217391304348,0.4481,0.34166717529296875,0.8578431372549019,0.89568345323741,103.8647
475,2.0652173913043477,0.3429,0.39869824051856995,0.8431372549019608,0.8801498127340824,109.403
500,2.1739130434782608,0.4501,0.3356193006038666,0.8651960784313726,0.8994515539305302,115.243
525,2.282608695652174,0.3735,0.33808740973472595,0.8676470588235294,0.9032258064516129,121.3978
550,2.391304347826087,0.326,0.34915149211883545,0.875,0.9103690685413005,127.1704
575,2.5,0.4068,0.335411936044693,0.8529411764705882,0.9003322259136212,132.9374
600,2.608695652173913,0.3676,0.33069708943367004,0.8774509803921569,0.9125874125874125,138.6448
625,2.717391304347826,0.3637,0.4195675551891327,0.8529411764705882,0.900990099009901,144.5639
650,2.8260869565217392,0.4633,0.39980292320251465,0.8651960784313726,0.905982905982906,150.3286
675,2.9347826086956523,0.3344,0.34777510166168213,0.8676470588235294,0.9042553191489361,156.2584
700,3.0434782608695654,0.3284,0.3394458293914795,0.8553921568627451,0.9008403361344538,161.765
725,3.1521739130434785,0.3208,0.3695366680622101,0.8529411764705882,0.888888888888889,167.5668
750,3.260869565217391,0.3042,0.345223069190979,0.8799019607843137,0.913884007029877,173.362
775,3.369565217391304,0.2908,0.33854591846466064,0.8602941176470589,0.8991150442477877,179.0222
800,3.4782608695652173,0.2849,0.4614609479904175,0.8235294117647058,0.8803986710963455,184.8065
825,3.5869565217391304,0.3732,0.3086000382900238,0.875,0.9053803339517625,190.6003
850,3.6956521739130435,0.3964,0.3716522753238678,0.8529411764705882,0.8884758364312267,196.5434
875,3.8043478260869565,0.3474,0.34961557388305664,0.8578431372549019,0.8986013986013986,202.2807
900,3.9130434782608696,0.3463,0.33980852365493774,0.8774509803921569,0.9116607773851589,208.2128
925,4.021739130434782,0.3395,0.3510902225971222,0.8431372549019608,0.891891891891892,213.7923
950,4.130434782608695,0.224,0.3542953133583069,0.8774509803921569,0.9134948096885814,219.5994
975,4.239130434782608,0.2739,0.4192022681236267,0.8700980392156863,0.9106239460370995,225.2679
1000,4.3478260869565215,0.3113,0.3480674922466278,0.875,0.9100529100529101,230.9296
1025,4.456521739130435,0.3313,0.317415714263916,0.8725490196078431,0.9044117647058824,237.3804
1050,4.565217391304348,0.244,0.3860394060611725,0.8799019607843137,0.9129662522202486,243.1417
1075,4.673913043478261,0.291,0.4373161494731903,0.8480392156862745,0.89419795221843,248.9424
1100,4.782608695652174,0.2293,0.39426949620246887,0.8848039215686274,0.917975567190227,254.7071
1125,4.891304347826087,0.2647,0.3744296729564667,0.875,0.9113043478260869,260.5225
1150,5.0,0.2944,0.32178574800491333,0.8848039215686274,0.9156193895870736,266.2689
1175,5.108695652173913,0.1997,0.372715562582016,0.8774509803921569,0.9152542372881356,272.022
1200,5.217391304347826,0.258,0.3848256766796112,0.8651960784313726,0.9069373942470389,277.8267
1225,5.326086956521739,0.2326,0.3358387053012848,0.8848039215686274,0.9182608695652175,283.5736
1250,5.434782608695652,0.2263,0.3781856894493103,0.8676470588235294,0.9084745762711864,289.326
1275,5.543478260869565,0.2273,0.37948518991470337,0.8921568627450981,0.9228070175438596,294.9961
1300,5.6521739130434785,0.2306,0.3396841287612915,0.8995098039215687,0.9279437609841829,300.8299
1325,5.760869565217392,0.2017,0.4720047116279602,0.8848039215686274,0.919104991394148,306.6531
1350,5.869565217391305,0.3424,0.3785437047481537,0.875,0.9103690685413005,312.5438
1375,5.978260869565218,0.1929,0.3763803243637085,0.8799019607843137,0.9144851657940662,318.4285
1400,6.086956521739131,0.1612,0.6432135105133057,0.8578431372549019,0.9046052631578948,324.1019
1425,6.195652173913044,0.292,0.48821908235549927,0.8651960784313726,0.9081803005008348,330.042
1450,6.304347826086957,0.2274,0.3217516243457794,0.8823529411764706,0.9136690647482014,335.6988
1475,6.413043478260869,0.2726,0.4068572223186493,0.8823529411764706,0.916083916083916,341.5345
1500,6.521739130434782,0.2624,0.46999114751815796,0.8848039215686274,0.9188255613126081,347.2072
1525,6.630434782608695,0.2032,0.40176254510879517,0.8823529411764706,0.9157894736842105,353.6793
1550,6.739130434782608,0.2289,0.3577416241168976,0.8725490196078431,0.9044117647058824,359.3503
1575,6.8478260869565215,0.2476,0.5925729870796204,0.8676470588235294,0.9087837837837838,365.187
1600,6.956521739130435,0.2515,0.49929752945899963,0.875,0.9116117850953207,370.9956
1625,7.065217391304348,0.1462,0.465819388628006,0.8725490196078431,0.9078014184397164,376.6431
1650,7.173913043478261,0.2008,0.45757582783699036,0.8946078431372549,0.9244288224956063,382.4016
1675,7.282608695652174,0.1896,0.5571713447570801,0.8676470588235294,0.9096989966555185,388.1308
1700,7.391304347826087,0.1998,0.45235195755958557,0.8848039215686274,0.917975567190227,394.0658
1725,7.5,0.1942,0.4683116376399994,0.8823529411764706,0.9145907473309609,399.9244
1750,7.608695652173913,0.1645,0.5051210522651672,0.875,0.9097345132743363,405.7902
1775,7.717391304347826,0.2324,0.5198625326156616,0.8725490196078431,0.9087719298245615,411.5801
1800,7.826086956521739,0.1966,0.4861912727355957,0.875,0.9094138543516875,417.3987
1825,7.934782608695652,0.1675,0.49289777874946594,0.8774509803921569,0.9125874125874125,423.3293
1850,8.043478260869565,0.259,0.506588339805603,0.8651960784313726,0.9066213921901529,429.0015
1875,8.152173913043478,0.1661,0.44636812806129456,0.8799019607843137,0.9141856392294221,434.8182
1900,8.26086956521739,0.1285,0.49625709652900696,0.8725490196078431,0.9087719298245615,440.5866
1925,8.369565217391305,0.1433,0.49211204051971436,0.875,0.9113043478260869,446.4997
1950,8.478260869565217,0.1148,0.5377039313316345,0.875,0.9103690685413005,452.3328
1975,8.58695652173913,0.1134,0.6024354100227356,0.8774509803921569,0.9134948096885814,458.0978
2000,8.695652173913043,0.2507,0.4919765293598175,0.8799019607843137,0.9123434704830053,463.8523
2025,8.804347826086957,0.1739,0.5226346254348755,0.8725490196078431,0.9094076655052264,470.108
2050,8.91304347826087,0.1429,0.5392419099807739,0.8725490196078431,0.9081272084805654,475.8828
2075,9.021739130434783,0.1619,0.5129284858703613,0.8823529411764706,0.915492957746479,481.5136
2100,9.130434782608695,0.1062,0.5508813858032227,0.8774509803921569,0.9119718309859154,487.2715
2125,9.23913043478261,0.1266,0.5876925587654114,0.875,0.9081081081081082,492.9762
2150,9.347826086956522,0.2513,0.5803207755088806,0.875,0.9100529100529101,498.8146
2175,9.456521739130435,0.1577,0.561040997505188,0.8823529411764706,0.9166666666666667,504.5816
2200,9.565217391304348,0.1314,0.5576592683792114,0.8774509803921569,0.9125874125874125,510.4175
2225,9.673913043478262,0.0989,0.5644417405128479,0.8725490196078431,0.9087719298245615,516.1659
2250,9.782608695652174,0.1215,0.5611278414726257,0.8774509803921569,0.9128919860627178,521.9436
2275,9.891304347826086,0.1342,0.5670497417449951,0.8799019607843137,0.9144851657940662,527.8131
2300,10.0,0.1047,0.5683178901672363,0.8799019607843137,0.9144851657940662,533.5052
