step,epoch,train_loss,eval_loss,eval_accuracy,eval_f1,train_runtime
25,0.11,0.7129,0.6578099131584167,0.6838235294117647,0.8122270742358079,6.4992
50,0.22,0.6628,0.624322772026062,0.6838235294117647,0.8122270742358079,12.4921
75,0.33,0.638,0.6208639740943909,0.6838235294117647,0.8122270742358079,18.5751
100,0.43,0.638,0.6120421290397644,0.6838235294117647,0.8122270742358079,24.5107
125,0.54,0.5962,0.5851200222969055,0.6985294117647058,0.8183161004431315,30.3323
150,0.65,0.5524,0.5196184515953064,0.7352941176470589,0.8317757009345794,36.0915
175,0.76,0.5588,0.5488958358764648,0.7401960784313726,0.8209459459459458,41.9471
200,0.87,0.5805,0.5133808851242065,0.7230392156862745,0.8285280728376329,47.7045
225,0.98,0.5289,0.5238260626792908,0.7009803921568627,0.7312775330396476,54.0324
250,1.09,0.5103,0.5293116569519043,0.7647058823529411,0.85,59.7718
275,1.2,0.4733,0.3921392858028412,0.8063725490196079,0.869421487603306,66.8535
300,1.3,0.4478,0.419755756855011,0.8284313725490197,0.8833333333333333,72.5683
325,1.41,0.4308,0.4424605369567871,0.7622549019607843,0.7974947807933194,78.3971
350,1.52,0.4777,0.3743365406990051,0.8137254901960784,0.872053872053872,84.2373
375,1.63,0.4157,0.3250870406627655,0.8651960784313726,0.9029982363315696,90.0162
400,1.74,0.3827,0.3597932755947113,0.8700980392156863,0.9023941068139965,95.7846
425,1.85,0.4226,0.3485236167907715,0.8382352941176471,0.8873720136518771,101.6822
450,1.96,0.4267,0.3300706446170807,0.8553921568627451,0.8905380333951763,107.6095
475,2.07,0.3646,0.415330559015274,0.8382352941176471,0.8877551020408163,113.1953
500,2.17,0.368,0.3069179356098175,0.8676470588235294,0.9018181818181816,119.064
525,2.28,0.3816,0.2995586991310119,0.8700980392156863,0.9038112522686026,125.3919
550,2.39,0.3015,0.3518989384174347,0.8627450980392157,0.901060070671378,131.1948
575,2.5,0.3802,0.3159059286117553,0.8627450980392157,0.9020979020979022,136.9083
600,2.61,0.3153,0.3167054355144501,0.8627450980392157,0.900709219858156,142.6974
625,2.72,0.3352,0.3094822764396667,0.875,0.911917098445596,148.5014
650,2.83,0.3883,0.3031502366065979,0.8578431372549019,0.8989547038327526,154.3364
675,2.93,0.3196,0.3304621279239654,0.875,0.9106830122591943,160.144
700,3.04,0.2942,0.3717303574085235,0.8627450980392157,0.903114186851211,165.6595
725,3.15,0.3287,0.3475968837738037,0.8676470588235294,0.9065743944636676,171.5004
750,3.26,0.3193,0.4353896081447601,0.8529411764705882,0.9000000000000001,177.2752
775,3.37,0.269,0.3583911955356598,0.8725490196078431,0.9094076655052264,183.0497
800,3.48,0.2909,0.344965398311615,0.8651960784313726,0.9036777583187392,188.7805
825,3.59,0.3408,0.3204539716243744,0.8725490196078431,0.9081272084805654,194.6299
850,3.7,0.335,0.3087311685085296,0.8651960784313726,0.9033391915641475,200.4627
875,3.8,0.301,0.3843289613723755,0.8602941176470589,0.8998242530755711,206.248
900,3.91,0.3158,0.3830284476280212,0.8504901960784313,0.8974789915966387,212.0721
925,4.02,0.3106,0.3390879929065704,0.8529411764705882,0.8986486486486487,217.6994
950,4.13,0.2356,0.3600792586803436,0.8627450980392157,0.9037800687285222,223.6216
975,4.24,0.29,0.3378806114196777,0.8700980392156863,0.9084628670120898,229.2694
1000,4.35,0.2918,0.3012699484825134,0.8578431372549019,0.8989547038327526,235.0757
1025,4.46,0.2934,0.2999749779701233,0.8700980392156863,0.904847396768402,241.5116
1050,4.57,0.2406,0.3176773190498352,0.8848039215686274,0.91651865008881,247.3586
1075,4.67,0.2399,0.3504464328289032,0.8725490196078431,0.9061371841155236,253.0914
1100,4.78,0.2284,0.3751705884933471,0.875,0.9113043478260868,258.867
1125,4.89,0.2561,0.3185688555240631,0.875,0.91005291005291,264.683
1150,5.0,0.2482,0.3494335114955902,0.8799019607843137,0.9132743362831858,270.4542
1175,5.11,0.1843,0.3741114139556885,0.8725490196078431,0.9090909090909092,276.2492
1200,5.22,0.2334,0.3360903561115265,0.875,0.9109947643979056,282.0532
1225,5.33,0.2054,0.3289334774017334,0.8823529411764706,0.9145907473309608,287.9291
1250,5.43,0.2294,0.3774977922439575,0.8823529411764706,0.9148936170212766,293.6361
1275,5.54,0.2404,0.3764415681362152,0.8774509803921569,0.9087591240875912,299.386
1300,5.65,0.1953,0.3693156540393829,0.8774509803921569,0.9119718309859154,305.1261
1325,5.76,0.1859,0.386708915233612,0.875,0.9106830122591943,310.961
1350,5.87,0.2838,0.3415379226207733,0.8774509803921569,0.9087591240875912,316.8615
1375,5.98,0.2474,0.3092894256114959,0.8774509803921569,0.910394265232975,322.7573
1400,6.09,0.1595,0.5924093127250671,0.8455882352941176,0.8958677685950412,328.5295
1425,6.2,0.243,0.3830847144126892,0.875,0.9087656529516996,334.4643
1450,6.3,0.1935,0.4100726246833801,0.8627450980392157,0.8951310861423221,340.196
1475,6.41,0.2355,0.4031636714935303,0.8799019607843137,0.9156626506024096,345.9502
1500,6.52,0.259,0.3555862605571747,0.8799019607843137,0.9117117117117116,351.7138
1525,6.63,0.1647,0.4139166474342346,0.875,0.9094138543516876,358.156
1550,6.74,0.2093,0.3861605226993561,0.8676470588235294,0.9014598540145984,363.8686
1575,6.85,0.2013,0.4097149670124054,0.8823529411764706,0.9157894736842104,369.6623
1600,6.96,0.2333,0.4146893918514251,0.8651960784313726,0.9023090586145648,375.4856
1625,7.07,0.2027,0.3838136196136474,0.8774509803921569,0.910394265232975,381.2382
1650,7.17,0.1959,0.3930827975273132,0.8700980392156863,0.906854130052724,386.9439
1675,7.28,0.1787,0.4260571002960205,0.8799019607843137,0.9162393162393162,392.76
1700,7.39,0.1902,0.3869287371635437,0.8774509803921569,0.9125874125874124,398.5973
1725,7.5,0.1756,0.3947801887989044,0.8823529411764706,0.9127272727272728,404.4749
1750,7.61,0.2145,0.3983463943004608,0.8700980392156863,0.9078260869565218,410.2497
1775,7.72,0.2247,0.395884245634079,0.8848039215686274,0.9185441941074524,416.0492
1800,7.83,0.1668,0.402785986661911,0.8725490196078431,0.9078014184397164,421.8336
1825,7.93,0.1616,0.382291167974472,0.8774509803921569,0.910394265232975,427.7914
1850,8.04,0.2332,0.4078915119171142,0.8725490196078431,0.9087719298245616,433.5498
1875,8.15,0.1441,0.4042355716228485,0.8799019607843137,0.9132743362831858,439.3059
1900,8.26,0.1276,0.4561422765254974,0.875,0.91005291005291,445.1617
1925,8.37,0.1702,0.4369813501834869,0.8700980392156863,0.9061946902654868,450.9756
1950,8.48,0.1628,0.4523070752620697,0.8774509803921569,0.9119718309859154,456.8712
1975,8.59,0.117,0.4978457689285278,0.8676470588235294,0.907849829351536,462.5886
2000,8.7,0.1819,0.452908456325531,0.8774509803921569,0.9128919860627178,468.3319
2025,8.8,0.1622,0.439236432313919,0.8823529411764706,0.9142857142857144,474.7348
2050,8.91,0.204,0.4554468691349029,0.8799019607843137,0.9144851657940662,480.5254
2075,9.02,0.2277,0.4189220368862152,0.875,0.9106830122591943,486.2658
2100,9.13,0.0948,0.41246497631073,0.8848039215686274,0.9159212880143112,491.994
2125,9.24,0.1997,0.4315451383590698,0.8823529411764706,0.9148936170212766,497.8446
2150,9.35,0.1724,0.4530757069587707,0.875,0.9109947643979056,503.589
2175,9.46,0.1435,0.4401073157787323,0.875,0.9106830122591943,509.4552
2200,9.57,0.1239,0.445269376039505,0.8774509803921569,0.912280701754386,515.2319
2225,9.67,0.1713,0.4305950105190277,0.8823529411764706,0.9148936170212766,520.9912
2250,9.78,0.1957,0.4312676787376404,0.8774509803921569,0.9116607773851588,526.8356
2275,9.89,0.1618,0.4307523369789123,0.8823529411764706,0.9148936170212766,532.6498
2300,10.0,0.114,0.4321334958076477,0.8823529411764706,0.9148936170212766,538.4729
