step,epoch,train_loss,eval_loss,eval_accuracy,eval_f1,train_runtime
25,0.11,0.7097,0.6509661078453064,0.6838235294117647,0.8122270742358079,6.0827
50,0.22,0.6604,0.6200413107872009,0.6838235294117647,0.8122270742358079,11.6809
75,0.33,0.636,0.6087189316749573,0.6838235294117647,0.8122270742358079,17.4581
100,0.43,0.6288,0.583350419998169,0.7058823529411765,0.8153846153846155,23.1756
125,0.54,0.5426,0.4960548877716064,0.7401960784313726,0.8322784810126583,28.9663
150,0.65,0.5181,0.4571544826030731,0.8112745098039216,0.8705882352941176,34.734
175,0.76,0.5953,0.4797026813030243,0.8014705882352942,0.8586387434554974,40.6448
200,0.87,0.4811,0.5751736164093018,0.7990196078431373,0.8646864686468646,46.4336
225,0.98,0.5071,0.6648058295249939,0.6470588235294118,0.663551401869159,52.1165
250,1.09,0.5015,0.4481834471225738,0.8357843137254902,0.8846815834767642,57.6849
275,1.2,0.4418,0.375516265630722,0.8357843137254902,0.8838821490467937,63.3033
300,1.3,0.4655,0.4237880706787109,0.8284313725490197,0.8793103448275862,69.0136
325,1.41,0.3895,0.4353913068771362,0.7794117647058824,0.8140495867768595,74.6008
350,1.52,0.4725,0.4006211161613464,0.8308823529411765,0.8836424957841484,80.3349
375,1.63,0.4003,0.3399530947208404,0.8504901960784313,0.8851224105461393,85.8808
400,1.74,0.3652,0.3637944161891937,0.8602941176470589,0.9001751313485115,91.5791
425,1.85,0.4263,0.3350357711315155,0.8529411764705882,0.8932384341637011,97.3064
450,1.96,0.4085,0.4210947453975677,0.8088235294117647,0.84765625,103.1398
475,2.07,0.3485,0.3895716071128845,0.8700980392156863,0.9075043630017452,108.6175
500,2.17,0.3686,0.3276726305484772,0.8676470588235294,0.9025270758122744,114.3577
525,2.28,0.3336,0.3257906436920166,0.8627450980392157,0.8974358974358974,120.6876
550,2.39,0.2879,0.3726688027381897,0.8676470588235294,0.9045936395759716,126.3653
575,2.5,0.3578,0.3376758098602295,0.8602941176470589,0.9038785834738616,132.0563
600,2.61,0.321,0.3442029058933258,0.8823529411764706,0.9180887372013652,137.7224
625,2.72,0.3089,0.3717385828495025,0.8553921568627451,0.9028006589785832,143.4736
650,2.83,0.3833,0.2853580415248871,0.8823529411764706,0.9148936170212766,149.2009
675,2.93,0.2813,0.3274461328983307,0.8897058823529411,0.9203539823008848,154.9437
700,3.04,0.2418,0.4547030031681061,0.8725490196078431,0.9106529209621992,160.4365
725,3.15,0.2824,0.3329050838947296,0.8799019607843137,0.9132743362831858,166.1475
750,3.26,0.239,0.3680197298526764,0.8799019607843137,0.9144851657940662,171.8403
775,3.37,0.2297,0.369903564453125,0.8823529411764706,0.9151943462897526,177.4911
800,3.48,0.2547,0.4476736485958099,0.8455882352941176,0.8955223880597015,183.1344
825,3.59,0.3069,0.3344261348247528,0.8799019607843137,0.9150779896013864,188.9078
850,3.7,0.2428,0.2968215346336365,0.8774509803921569,0.9097472924187724,194.6767
875,3.8,0.2545,0.3569803833961487,0.9044117647058824,0.9319371727748692,200.4281
900,3.91,0.2648,0.3303728699684143,0.8897058823529411,0.9211908931698776,206.1613
925,4.02,0.245,0.3340960443019867,0.8848039215686274,0.919104991394148,211.7868
950,4.13,0.1451,0.3937384784221649,0.8897058823529411,0.9211908931698776,217.5344
975,4.24,0.1913,0.4534283876419067,0.8725490196078431,0.9130434782608696,223.1915
1000,4.35,0.2544,0.3454790413379669,0.8676470588235294,0.9084745762711864,228.8248
1025,4.46,0.2246,0.3318195044994354,0.8725490196078431,0.9054545454545456,235.3653
1050,4.57,0.1945,0.3614357113838196,0.8848039215686274,0.9185441941074524,241.0948
1075,4.67,0.1643,0.4503337144851684,0.8799019607843137,0.9162393162393162,246.8211
1100,4.78,0.1666,0.4873938858509063,0.875,0.9087656529516996,252.5165
1125,4.89,0.1818,0.3790983259677887,0.8725490196078431,0.904059040590406,258.2756
1150,5.0,0.1469,0.410600334405899,0.8848039215686274,0.918825561312608,263.956
1175,5.11,0.1016,0.4708495438098907,0.8848039215686274,0.9196581196581196,269.6178
1200,5.22,0.1186,0.495516836643219,0.8774509803921569,0.9152542372881356,275.3652
1225,5.33,0.1168,0.4057251513004303,0.8921568627450981,0.9214285714285716,281.1146
1250,5.43,0.12,0.4543439447879791,0.8872549019607843,0.9184397163120568,286.7416
1275,5.54,0.1136,0.4835849702358246,0.8725490196078431,0.9044117647058824,292.3874
1300,5.65,0.1713,0.4639082252979278,0.8725490196078431,0.9109589041095888,298.0965
1325,5.76,0.0944,0.3776872754096985,0.8970588235294118,0.9257950530035336,303.8599
1350,5.87,0.1757,0.4531072974205017,0.875,0.906422018348624,309.6809
1375,5.98,0.1486,0.316323459148407,0.9019607843137256,0.9290780141843972,315.4685
1400,6.09,0.0775,0.6599379777908325,0.875,0.914572864321608,321.1372
1425,6.2,0.1384,0.4806469082832336,0.8823529411764706,0.9180887372013652,326.9908
1450,6.3,0.0778,0.403758555650711,0.8897058823529411,0.9197860962566844,332.6308
1475,6.41,0.1401,0.5319529175758362,0.8848039215686274,0.9202037351443124,338.342
1500,6.52,0.0594,0.4135413765907287,0.8995098039215687,0.9271758436944938,344.0569
1525,6.63,0.0712,0.4716121554374695,0.8897058823529411,0.9220103986135182,350.5457
1550,6.74,0.1486,0.3895085752010345,0.9019607843137256,0.9298245614035088,356.2652
1575,6.85,0.1024,0.3908955752849579,0.8970588235294118,0.9273356401384082,361.9573
1600,6.96,0.0697,0.5075488686561584,0.8970588235294118,0.926829268292683,367.7743
1625,7.07,0.0455,0.5897587537765503,0.8946078431372549,0.924693520140105,373.3338
1650,7.17,0.0945,0.5364581942558289,0.8995098039215687,0.9279437609841829,379.0666
1675,7.28,0.0474,0.4960211217403412,0.9019607843137256,0.9312714776632304,384.7248
1700,7.39,0.0673,0.4805510342121124,0.8921568627450981,0.9241379310344828,390.54
1725,7.5,0.0675,0.460352212190628,0.8946078431372549,0.924956369982548,396.3227
1750,7.61,0.0333,0.4774225354194641,0.8946078431372549,0.9236234458259324,402.0927
1775,7.72,0.0503,0.5980972647666931,0.8872549019607843,0.9215017064846416,407.8249
1800,7.83,0.0186,0.6293023824691772,0.8921568627450981,0.9251700680272108,413.5205
1825,7.93,0.0518,0.5361844897270203,0.8897058823529411,0.9200710479573712,419.4073
1850,8.04,0.017,0.6829240322113037,0.8921568627450981,0.9254237288135594,425.0178
1875,8.15,0.028,0.5745642185211182,0.8848039215686274,0.9168141592920356,430.7406
1900,8.26,0.0439,0.5929242968559265,0.8995098039215687,0.928695652173913,436.4597
1925,8.37,0.0341,0.5868287682533264,0.9068627450980392,0.9344827586206896,442.243
1950,8.48,0.081,0.5395387411117554,0.8921568627450981,0.9219858156028368,448.0227
1975,8.59,0.0628,0.6597462296485901,0.8897058823529411,0.9238578680203046,453.721
2000,8.7,0.0464,0.6236461400985718,0.8897058823529411,0.9235993208828523,459.4285
2025,8.8,0.0466,0.6002964973449707,0.8921568627450981,0.9246575342465752,465.9451
2050,8.91,0.0677,0.64202880859375,0.8921568627450981,0.9254237288135594,471.6972
2075,9.02,0.0475,0.5610607266426086,0.8946078431372549,0.92573402417962,477.2992
2100,9.13,0.0159,0.5810883641242981,0.8897058823529411,0.922279792746114,482.9438
2125,9.24,0.039,0.5788733959197998,0.8872549019607843,0.9201388888888888,488.695
2150,9.35,0.0072,0.598106861114502,0.8921568627450981,0.9236111111111112,494.3673
2175,9.46,0.0358,0.6565898656845093,0.8872549019607843,0.9215017064846416,500.1608
2200,9.57,0.0071,0.6341429352760315,0.8872549019607843,0.9212328767123288,505.8344
2225,9.67,0.0341,0.6133396625518799,0.8921568627450981,0.9241379310344828,511.5881
2250,9.78,0.0445,0.6233855485916138,0.8921568627450981,0.9246575342465752,517.3043
2275,9.89,0.0303,0.6005297899246216,0.8921568627450981,0.9241379310344828,523.1155
2300,10.0,0.0249,0.5983240008354187,0.8921568627450981,0.9241379310344828,528.7801
