step,epoch,train_loss,eval_loss,eval_accuracy,eval_f1,train_runtime
25,0.11,0.6713,0.6408345103263855,0.6838235294117647,0.8122270742358079,6.1802
50,0.22,0.6592,0.6245364546775818,0.6838235294117647,0.8122270742358079,11.8616
75,0.33,0.6411,0.6203009486198425,0.6838235294117647,0.8122270742358079,17.8122
100,0.43,0.6391,0.6111547350883484,0.6838235294117647,0.8122270742358079,23.7474
125,0.54,0.5949,0.5765654444694519,0.7009803921568627,0.8189910979228486,29.7246
150,0.65,0.5565,0.5329801440238953,0.7598039215686274,0.8429487179487178,35.6376
175,0.76,0.5534,0.4361920952796936,0.8137254901960784,0.867595818815331,41.589
200,0.87,0.4832,0.4591685235500335,0.7990196078431373,0.8633333333333334,47.4525
225,0.98,0.5447,0.4462766349315643,0.8186274509803921,0.8576923076923076,53.1555
250,1.09,0.4913,0.4717313647270202,0.8014705882352942,0.8704000000000001,58.7104
275,1.2,0.4804,0.4433248937129974,0.7794117647058824,0.8575949367088608,64.3536
300,1.3,0.4588,0.4050973951816559,0.8235294117647058,0.8783783783783784,70.0532
325,1.41,0.4103,0.3861369788646698,0.821078431372549,0.8588007736943907,75.7103
350,1.52,0.4411,0.3834231793880462,0.8455882352941176,0.8892794376098417,81.3956
375,1.63,0.4257,0.3424082100391388,0.8578431372549019,0.8945454545454546,87.1202
400,1.74,0.3255,0.4393835663795471,0.8627450980392157,0.8985507246376813,92.8154
425,1.85,0.4412,0.3395649790763855,0.8602941176470589,0.8994708994708994,98.7317
450,1.96,0.3884,0.3673827946186065,0.8480392156862745,0.8916083916083916,104.6239
475,2.07,0.3348,0.5319709777832031,0.8406862745098039,0.8925619834710743,110.236
500,2.17,0.3794,0.3338184654712677,0.8431372549019608,0.8805970149253732,116.0843
525,2.28,0.3564,0.3463484048843384,0.8406862745098039,0.8766603415559773,122.37
550,2.39,0.3067,0.3658551871776581,0.8602941176470589,0.900523560209424,128.1632
575,2.5,0.354,0.3423509895801544,0.8529411764705882,0.8979591836734693,133.9079
600,2.61,0.3276,0.356696605682373,0.8529411764705882,0.894736842105263,139.7709
625,2.72,0.3025,0.4488722085952759,0.8480392156862745,0.8973509933774835,145.5848
650,2.83,0.4164,0.3395529091358185,0.8529411764705882,0.8976109215017065,151.4409
675,2.93,0.3135,0.3980515897274017,0.8553921568627451,0.8977469670710572,157.2244
700,3.04,0.2781,0.457440048456192,0.8627450980392157,0.9037800687285222,162.7475
725,3.15,0.3399,0.5316119194030762,0.8308823529411765,0.886326194398682,168.5066
750,3.26,0.3452,0.4542703032493591,0.8504901960784313,0.8991735537190082,174.2767
775,3.37,0.2478,0.3899388909339905,0.8553921568627451,0.8970331588132635,179.9972
800,3.48,0.2822,0.4054666757583618,0.8627450980392157,0.9037800687285222,185.7276
825,3.59,0.3462,0.3068414330482483,0.8921568627450981,0.9219858156028368,191.6092
850,3.7,0.3044,0.3256829082965851,0.8700980392156863,0.9078260869565218,197.4541
875,3.8,0.2764,0.4018955528736114,0.8529411764705882,0.894736842105263,203.3047
900,3.91,0.3009,0.4237638711929321,0.8382352941176471,0.89,209.1213
925,4.02,0.3187,0.3793414235115051,0.8455882352941176,0.8934010152284263,214.7621
950,4.13,0.2244,0.3705213069915771,0.8578431372549019,0.8978873239436619,220.6224
975,4.24,0.2806,0.3849542737007141,0.8529411764705882,0.8976109215017065,226.2773
1000,4.35,0.2917,0.3645201921463012,0.8504901960784313,0.8953687821612349,232.0692
1025,4.46,0.2887,0.3186796605587005,0.8651960784313726,0.9009009009009008,238.5071
1050,4.57,0.2314,0.3798264861106872,0.8602941176470589,0.8994708994708994,244.4213
1075,4.67,0.2145,0.4035443365573883,0.8504901960784313,0.8920353982300885,250.1308
1100,4.78,0.2268,0.3992260992527008,0.8504901960784313,0.893169877408056,255.9977
1125,4.89,0.2455,0.3529346585273742,0.8676470588235294,0.9032258064516128,261.7283
1150,5.0,0.2057,0.3800088167190552,0.8700980392156863,0.9055258467023172,267.526
1175,5.11,0.1727,0.383783221244812,0.8725490196078431,0.9064748201438848,273.2613
1200,5.22,0.2253,0.4079126715660095,0.8455882352941176,0.893760539629005,279.073
1225,5.33,0.1965,0.3578962385654449,0.8848039215686274,0.91500904159132,284.9346
1250,5.43,0.2416,0.4614398777484894,0.8602941176470589,0.9008695652173914,290.62
1275,5.54,0.2079,0.4222441613674164,0.8676470588235294,0.9049295774647886,296.4392
1300,5.65,0.2016,0.4000560641288757,0.8774509803921569,0.9097472924187724,302.1814
1325,5.76,0.1695,0.4500954449176788,0.8774509803921569,0.9116607773851588,308.102
1350,5.87,0.2386,0.394015371799469,0.8725490196078431,0.9054545454545456,313.9602
1375,5.98,0.2268,0.3730729818344116,0.8823529411764706,0.913978494623656,319.8275
1400,6.09,0.1311,0.7410345077514648,0.8357843137254902,0.8896210873146623,325.5311
1425,6.2,0.2507,0.4236674606800079,0.8553921568627451,0.8981001727115717,331.4641
1450,6.3,0.1961,0.4667486250400543,0.8676470588235294,0.8984962406015039,337.225
1475,6.41,0.2238,0.4204097688198089,0.8700980392156863,0.905861456483126,342.9868
1500,6.52,0.2405,0.4322586059570312,0.8651960784313726,0.9029982363315696,348.8138
1525,6.63,0.1547,0.4849305748939514,0.8627450980392157,0.900709219858156,355.2267
1550,6.74,0.2106,0.465772807598114,0.8676470588235294,0.9032258064516128,360.9958
1575,6.85,0.1663,0.4667551815509796,0.8799019607843137,0.913884007029877,366.7317
1600,6.96,0.2051,0.4539821147918701,0.8799019607843137,0.9135802469135804,372.5655
1625,7.07,0.193,0.4385239779949188,0.8848039215686274,0.91500904159132,378.2521
1650,7.17,0.178,0.4025947749614715,0.8799019607843137,0.9113924050632912,383.9764
1675,7.28,0.1737,0.4953911602497101,0.8676470588235294,0.909090909090909,389.7951
1700,7.39,0.1785,0.4317333698272705,0.8700980392156863,0.9071803852889668,395.6277
1725,7.5,0.1405,0.452345609664917,0.8823529411764706,0.9130434782608696,401.6061
1750,7.61,0.1698,0.4316846132278442,0.8725490196078431,0.9078014184397164,407.3915
1775,7.72,0.2055,0.4604541659355163,0.8602941176470589,0.8998242530755711,413.2613
1800,7.83,0.1476,0.4705665409564972,0.8651960784313726,0.9026548672566372,418.9938
1825,7.93,0.1527,0.4428025782108307,0.8799019607843137,0.9117117117117116,424.9529
1850,8.04,0.2367,0.4998119175434112,0.8578431372549019,0.8999999999999999,430.6719
1875,8.15,0.1519,0.4552811980247497,0.8774509803921569,0.9107142857142856,436.4396
1900,8.26,0.1111,0.4989513456821441,0.8700980392156863,0.9061946902654868,442.3581
1925,8.37,0.1434,0.4784337282180786,0.8676470588235294,0.9045936395759716,448.2005
1950,8.48,0.1394,0.4908370077610016,0.8700980392156863,0.9061946902654868,454.1923
1975,8.59,0.1066,0.5424215793609619,0.8602941176470589,0.9018932874354562,459.878
2000,8.7,0.1896,0.5121651887893677,0.8725490196078431,0.9087719298245616,465.7206
2025,8.8,0.1432,0.5057266354560852,0.8799019607843137,0.9126559714795008,472.0355
2050,8.91,0.213,0.500175952911377,0.8651960784313726,0.9036777583187392,477.848
2075,9.02,0.1938,0.4785191416740417,0.8676470588235294,0.90625,483.5428
2100,9.13,0.1223,0.4758917987346649,0.8799019607843137,0.9126559714795008,489.2837
2125,9.24,0.1565,0.4930231869220733,0.8725490196078431,0.907473309608541,495.1679
2150,9.35,0.1875,0.5409775376319885,0.8676470588235294,0.9065743944636676,500.9125
2175,9.46,0.1581,0.5013930797576904,0.875,0.91005291005291,506.8075
2200,9.57,0.1303,0.4988278746604919,0.8725490196078431,0.9081272084805654,512.5402
2225,9.67,0.1543,0.4911521971225738,0.875,0.9097345132743364,518.373
2250,9.78,0.1363,0.4955865442752838,0.8700980392156863,0.906854130052724,524.1603
2275,9.89,0.1532,0.490661084651947,0.8725490196078431,0.9081272084805654,529.973
2300,10.0,0.114,0.4909546077251434,0.8725490196078431,0.9081272084805654,535.7472
