step,epoch,train_loss,eval_loss,eval_accuracy,eval_f1,train_runtime
25,0.11,0.6806,0.6194831132888794,0.6838235294117647,0.8122270742358079,6.0779
50,0.22,0.6741,0.685793399810791,0.5637254901960784,0.6180257510729613,11.7541
75,0.33,0.6492,0.5567185878753662,0.7132352941176471,0.823529411764706,17.7034
100,0.43,0.6965,0.6024878025054932,0.6838235294117647,0.8122270742358079,23.6819
125,0.54,0.5955,0.6019523739814758,0.6862745098039216,0.8134110787172011,29.7375
150,0.65,0.5898,0.4812348186969757,0.7818627450980392,0.8494077834179357,35.7689
175,0.76,0.5844,0.6100234389305115,0.6911764705882353,0.8157894736842105,41.7955
200,0.87,0.6788,0.623975396156311,0.6838235294117647,0.8122270742358079,47.6455
225,0.98,0.6889,0.6323342323303223,0.6838235294117647,0.8122270742358079,53.3504
250,1.09,0.7054,0.732585072517395,0.3161764705882353,0.0,58.8276
275,1.2,0.7395,0.7324775457382202,0.6838235294117647,0.8122270742358079,64.4462
300,1.3,0.753,0.6672520637512207,0.6838235294117647,0.8122270742358079,70.1614
325,1.41,0.7019,0.6245056390762329,0.6838235294117647,0.8122270742358079,75.7209
350,1.52,0.7259,0.675159215927124,0.6838235294117647,0.8122270742358079,81.3763
375,1.63,0.6617,0.6809650659561157,0.6838235294117647,0.8122270742358079,86.8751
400,1.74,0.6782,0.6752818822860718,0.6838235294117647,0.8122270742358079,92.5275
425,1.85,0.7297,0.7634928822517395,0.3161764705882353,0.0,98.2057
450,1.96,0.7474,0.6282992362976074,0.6838235294117647,0.8122270742358079,104.0202
475,2.07,0.7164,0.650738537311554,0.6838235294117647,0.8122270742358079,109.4679
500,2.17,0.6994,0.6928157210350037,0.6838235294117647,0.8122270742358079,115.1978
525,2.28,0.634,0.6818013191223145,0.6838235294117647,0.8122270742358079,121.0751
550,2.39,0.6579,0.6245883703231812,0.6838235294117647,0.8122270742358079,126.7518
575,2.5,0.6524,0.894100546836853,0.6838235294117647,0.8122270742358079,132.4876
600,2.61,0.7038,1.2017412185668943,0.6838235294117647,0.8122270742358079,138.1517
625,2.72,0.7944,0.6243392825126648,0.6838235294117647,0.8122270742358079,143.9566
650,2.83,0.6959,0.6322813630104065,0.6838235294117647,0.8122270742358079,149.7158
675,2.93,0.647,0.7333562970161438,0.6838235294117647,0.8122270742358079,155.5068
700,3.04,0.7239,0.6851034760475159,0.6838235294117647,0.8122270742358079,160.9398
725,3.15,0.671,0.6331102848052979,0.6838235294117647,0.8122270742358079,166.7173
750,3.26,0.6606,0.7301190495491028,0.3161764705882353,0.0,172.4481
775,3.37,0.68,0.6296108365058899,0.6838235294117647,0.8122270742358079,178.1158
800,3.48,0.6681,0.6251024007797241,0.6838235294117647,0.8122270742358079,183.813
825,3.59,0.6485,0.628887414932251,0.6838235294117647,0.8122270742358079,189.6125
850,3.7,0.6655,0.6239672899246216,0.6838235294117647,0.8122270742358079,195.408
875,3.8,0.6602,0.6291653513908386,0.6838235294117647,0.8122270742358079,201.1567
900,3.91,0.6697,0.6242207884788513,0.6838235294117647,0.8122270742358079,206.9071
925,4.02,0.701,0.627117931842804,0.6838235294117647,0.8122270742358079,212.5135
950,4.13,0.644,0.6314556002616882,0.6838235294117647,0.8122270742358079,218.2076
975,4.24,0.6489,0.7664691805839539,0.6838235294117647,0.8122270742358079,223.7916
1000,4.35,0.6536,0.6291905641555786,0.6838235294117647,0.8122270742358079,229.4063
1025,4.46,0.6356,0.631451427936554,0.6838235294117647,0.8122270742358079,235.5602
1050,4.57,0.6505,0.7578959465026855,0.6838235294117647,0.8122270742358079,241.2425
1075,4.67,0.7033,0.643974244594574,0.6838235294117647,0.8122270742358079,246.857
1100,4.78,0.6536,0.648691713809967,0.6838235294117647,0.8122270742358079,252.4969
1125,4.89,0.6961,0.6836695671081543,0.6838235294117647,0.8122270742358079,258.1275
1150,5.0,0.6464,0.6287228465080261,0.6838235294117647,0.8122270742358079,263.819
1175,5.11,0.6835,0.6426506042480469,0.6838235294117647,0.8122270742358079,269.3791
1200,5.22,0.6535,0.6382918953895569,0.6838235294117647,0.8122270742358079,275.1535
1225,5.33,0.6828,0.6498356461524963,0.6838235294117647,0.8122270742358079,280.8528
1250,5.43,0.6718,0.6405279636383057,0.6838235294117647,0.8122270742358079,286.541
1275,5.54,0.6482,0.6612343192100525,0.6838235294117647,0.8122270742358079,292.1826
1300,5.65,0.6328,0.6520565152168274,0.6838235294117647,0.8122270742358079,297.9272
1325,5.76,0.6376,0.6255545616149902,0.6838235294117647,0.8122270742358079,303.7001
1350,5.87,0.6158,0.6240859031677246,0.6838235294117647,0.8122270742358079,309.5365
1375,5.98,0.6315,0.629963219165802,0.6838235294117647,0.8122270742358079,315.3639
1400,6.09,0.6008,0.6613472700119019,0.6838235294117647,0.8122270742358079,321.0409
1425,6.2,0.635,0.6424648761749268,0.6838235294117647,0.8122270742358079,326.9165
1450,6.3,0.6639,0.6408510208129883,0.6838235294117647,0.8122270742358079,332.5427
1475,6.41,0.634,0.6257637739181519,0.6838235294117647,0.8122270742358079,338.2313
1500,6.52,0.6743,0.6617193818092346,0.6838235294117647,0.8122270742358079,343.9422
1525,6.63,0.6362,0.6264621019363403,0.6838235294117647,0.8122270742358079,350.338
1550,6.74,0.6349,0.6285144686698914,0.6838235294117647,0.8122270742358079,356.008
1575,6.85,0.6775,0.635789155960083,0.6838235294117647,0.8122270742358079,361.7218
1600,6.96,0.6275,0.6239684820175171,0.6838235294117647,0.8122270742358079,367.5208
1625,7.07,0.6839,0.6392120122909546,0.6838235294117647,0.8122270742358079,373.1565
1650,7.17,0.6371,0.6313474178314209,0.6838235294117647,0.8122270742358079,378.8378
1675,7.28,0.6192,0.6254339218139648,0.6838235294117647,0.8122270742358079,384.5134
1700,7.39,0.6379,0.6260513067245483,0.6838235294117647,0.8122270742358079,390.2895
1725,7.5,0.6554,0.6429104804992676,0.6838235294117647,0.8122270742358079,396.0897
1750,7.61,0.6564,0.6295456290245056,0.6838235294117647,0.8122270742358079,401.7577
1775,7.72,0.6447,0.6239674687385559,0.6838235294117647,0.8122270742358079,407.4786
1800,7.83,0.6481,0.6240631937980652,0.6838235294117647,0.8122270742358079,413.0509
1825,7.93,0.6252,0.6278346180915833,0.6838235294117647,0.8122270742358079,418.9316
1850,8.04,0.6149,0.6239601969718933,0.6838235294117647,0.8122270742358079,424.4523
1875,8.15,0.6675,0.627180278301239,0.6838235294117647,0.8122270742358079,430.1903
1900,8.26,0.6101,0.6267476677894592,0.6838235294117647,0.8122270742358079,435.9141
1925,8.37,0.6338,0.6254637837409973,0.6838235294117647,0.8122270742358079,441.7883
1950,8.48,0.652,0.6239653825759888,0.6838235294117647,0.8122270742358079,447.6314
1975,8.59,0.6233,0.6241028904914856,0.6838235294117647,0.8122270742358079,453.354
2000,8.7,0.6481,0.6240710020065308,0.6838235294117647,0.8122270742358079,459.0692
2025,8.8,0.6473,0.625625491142273,0.6838235294117647,0.8122270742358079,465.0693
2050,8.91,0.6046,0.6265278458595276,0.6838235294117647,0.8122270742358079,470.8143
2075,9.02,0.6275,0.6239544153213501,0.6838235294117647,0.8122270742358079,476.4041
2100,9.13,0.6291,0.6242792010307312,0.6838235294117647,0.8122270742358079,482.0315
2125,9.24,0.6364,0.625211775302887,0.6838235294117647,0.8122270742358079,487.6926
2150,9.35,0.6061,0.6245970129966736,0.6838235294117647,0.8122270742358079,493.3422
2175,9.46,0.6375,0.6244109272956848,0.6838235294117647,0.8122270742358079,499.0662
2200,9.57,0.6322,0.623954713344574,0.6838235294117647,0.8122270742358079,504.7447
2225,9.67,0.6365,0.624083936214447,0.6838235294117647,0.8122270742358079,510.398
2250,9.78,0.6388,0.6241445541381836,0.6838235294117647,0.8122270742358079,516.0875
2275,9.89,0.6436,0.6245678663253784,0.6838235294117647,0.8122270742358079,521.819
2300,10.0,0.6536,0.6244311332702637,0.6838235294117647,0.8122270742358079,527.4708
