step,epoch,train_loss,eval_loss,eval_accuracy,eval_f1,train_runtime
25,0.10869565217391304,0.7133,0.6586990356445312,0.6838235294117647,0.8122270742358079,5.8404
50,0.21739130434782608,0.6627,0.6248111128807068,0.6838235294117647,0.8122270742358079,11.3034
75,0.32608695652173914,0.6386,0.6224418878555298,0.6838235294117647,0.8122270742358079,16.8534
100,0.43478260869565216,0.6398,0.6180224418640137,0.6838235294117647,0.8122270742358079,22.3667
125,0.5434782608695652,0.6031,0.6142358183860779,0.6838235294117647,0.8122270742358079,27.8523
150,0.6521739130434783,0.6433,0.6189637184143066,0.6936274509803921,0.8169838945827232,33.3706
175,0.7608695652173914,0.6228,0.5890786647796631,0.6887254901960784,0.8145985401459854,38.9946
200,0.8695652173913043,0.5902,0.5287649035453796,0.7279411764705882,0.8246445497630333,44.6241
225,0.9782608695652174,0.5792,0.5056928992271423,0.7549019607843137,0.8392282958199357,50.1349
250,1.0869565217391304,0.5466,0.548613429069519,0.7181372549019608,0.8270676691729323,55.5047
275,1.1956521739130435,0.5101,0.4697742164134979,0.7671568627450981,0.846029173419773,61.0024
300,1.3043478260869565,0.511,0.5022780299186707,0.7549019607843137,0.8412698412698412,66.557
325,1.4130434782608696,0.4701,0.534496545791626,0.7205882352941176,0.759493670886076,72.0575
350,1.5217391304347827,0.5161,0.4955088794231415,0.7426470588235294,0.8341232227488151,77.5874
375,1.6304347826086958,0.4519,0.4135361611843109,0.8161764705882353,0.8598130841121495,83.0494
400,1.7391304347826086,0.404,0.3932517468929291,0.8186274509803921,0.872852233676976,88.5414
425,1.8478260869565217,0.4669,0.3771645724773407,0.8333333333333334,0.8794326241134752,94.175
450,1.9565217391304348,0.4232,0.3713669776916504,0.8235294117647058,0.875,99.7934
475,2.0652173913043477,0.4505,0.4981529712677002,0.7647058823529411,0.8518518518518517,105.1745
500,2.1739130434782608,0.4307,0.3669624328613281,0.8382352941176471,0.8854166666666665,110.7081
525,2.282608695652174,0.4083,0.35793644189834595,0.8382352941176471,0.8773234200743494,116.4911
550,2.391304347826087,0.3602,0.40909141302108765,0.8333333333333334,0.880701754385965,121.9621
575,2.5,0.4452,0.38746747374534607,0.8161764705882353,0.8756218905472636,127.5143
600,2.608695652173913,0.3903,0.36506563425064087,0.8431372549019608,0.888888888888889,132.9997
625,2.717391304347826,0.3944,0.4407745897769928,0.8137254901960784,0.8774193548387096,138.5833
650,2.8260869565217392,0.4441,0.33800166845321655,0.8431372549019608,0.8885017421602788,144.1546
675,2.9347826086956523,0.369,0.35848894715309143,0.8480392156862745,0.8927335640138409,149.7053
700,3.0434782608695654,0.3644,0.40864309668540955,0.8382352941176471,0.8896321070234114,155.0838
725,3.1521739130434785,0.4333,0.42483943700790405,0.8137254901960784,0.8758169934640523,160.5851
750,3.260869565217391,0.3836,0.4136457145214081,0.8333333333333334,0.8874172185430463,166.2031
775,3.369565217391304,0.3252,0.3447630703449249,0.8627450980392157,0.903114186851211,171.6191
800,3.4782608695652173,0.3811,0.35257527232170105,0.8406862745098039,0.8873483535528597,177.1849
825,3.5869565217391304,0.4006,0.32547080516815186,0.8602941176470589,0.8976660682226212,182.7217
850,3.6956521739130435,0.37,0.3250367343425751,0.8578431372549019,0.8937728937728937,188.3725
875,3.8043478260869565,0.3663,0.32211020588874817,0.8651960784313726,0.9029982363315697,193.907
900,3.9130434782608696,0.3678,0.38166308403015137,0.8357843137254902,0.8892561983471075,199.4986
925,4.021739130434782,0.3895,0.32820001244544983,0.8774509803921569,0.912280701754386,204.9316
950,4.130434782608695,0.3363,0.31883472204208374,0.8627450980392157,0.904109589041096,210.498
975,4.239130434782608,0.386,0.3228502869606018,0.8627450980392157,0.903448275862069,216.0027
1000,4.3478260869565215,0.3639,0.3329959809780121,0.8602941176470589,0.9012131715771231,221.4586
1025,4.456521739130435,0.3554,0.3161289691925049,0.8651960784313726,0.8987108655616944,227.3205
1050,4.565217391304348,0.322,0.35134589672088623,0.8529411764705882,0.8969072164948454,232.8873
1075,4.673913043478261,0.3124,0.3251152038574219,0.8627450980392157,0.9017543859649123,238.4705
1100,4.782608695652174,0.2927,0.3390423357486725,0.8676470588235294,0.9052631578947367,243.9904
1125,4.891304347826087,0.3544,0.31022170186042786,0.8676470588235294,0.9059233449477352,249.5685
1150,5.0,0.3219,0.3024221956729889,0.8700980392156863,0.9065255731922399,255.0844
1175,5.108695652173913,0.3024,0.330209881067276,0.8529411764705882,0.8979591836734693,260.5694
1200,5.217391304347826,0.3095,0.3152252733707428,0.875,0.9103690685413005,266.1629
1225,5.326086956521739,0.3304,0.30480220913887024,0.8774509803921569,0.9116607773851589,271.6985
1250,5.434782608695652,0.3598,0.3044792711734772,0.875,0.9084380610412927,277.2225
1275,5.543478260869565,0.2972,0.30617770552635193,0.8823529411764706,0.9136690647482014,282.6974
1300,5.6521739130434785,0.2851,0.3143000900745392,0.8725490196078431,0.9087719298245615,288.2963
1325,5.760869565217392,0.2744,0.31164687871932983,0.8700980392156863,0.9068541300527241,293.8891
1350,5.869565217391305,0.3336,0.30079010128974915,0.875,0.9074410163339381,299.5477
1375,5.978260869565218,0.3462,0.2991046905517578,0.8725490196078431,0.9047619047619048,305.1765
1400,6.086956521739131,0.2471,0.4395020306110382,0.8455882352941176,0.8972267536704731,310.675
1425,6.195652173913044,0.3214,0.3125775456428528,0.8651960784313726,0.9023090586145649,316.3755
1450,6.304347826086957,0.3115,0.3409532308578491,0.8529411764705882,0.8863636363636364,321.8171
1475,6.413043478260869,0.3654,0.3191881477832794,0.8651960784313726,0.9053356282271946,327.3439
1500,6.521739130434782,0.3278,0.2983855903148651,0.8700980392156863,0.9027522935779816,332.8364
1525,6.630434782608695,0.2835,0.31743595004081726,0.8774509803921569,0.9131944444444444,338.6925
1550,6.739130434782608,0.3238,0.29194584488868713,0.8774509803921569,0.9100719424460433,344.1671
1575,6.8478260869565215,0.289,0.2987433671951294,0.8799019607843137,0.9120287253141832,349.745
1600,6.956521739130435,0.3117,0.30483943223953247,0.8848039215686274,0.9156193895870736,355.3204
1625,7.065217391304348,0.2547,0.31492555141448975,0.8799019607843137,0.9132743362831858,360.8425
1650,7.173913043478261,0.2883,0.2986416220664978,0.8799019607843137,0.9110707803992741,366.3521
1675,7.282608695652174,0.2713,0.3058859705924988,0.8725490196078431,0.9097222222222222,371.9263
1700,7.391304347826087,0.2975,0.2929565906524658,0.8823529411764706,0.9133574007220215,377.5362
1725,7.5,0.2972,0.29590630531311035,0.8823529411764706,0.9127272727272728,383.2437
1750,7.608695652173913,0.3175,0.29175081849098206,0.8848039215686274,0.9162210338680927,388.7885
1775,7.717391304347826,0.3087,0.2975319027900696,0.8848039215686274,0.9173989455184535,394.4055
1800,7.826086956521739,0.2883,0.3011108338832855,0.8823529411764706,0.9136690647482014,399.9151
1825,7.934782608695652,0.2456,0.29982754588127136,0.8823529411764706,0.9133574007220215,405.6185
1850,8.043478260869565,0.3714,0.3053875267505646,0.8872549019607843,0.9192982456140351,411.1114
1875,8.152173913043478,0.2771,0.2951117753982544,0.8848039215686274,0.9153153153153154,416.649
1900,8.26086956521739,0.2706,0.299373060464859,0.8848039215686274,0.9153153153153154,422.3001
1925,8.369565217391305,0.2588,0.2974192500114441,0.8799019607843137,0.9113924050632911,427.8936
1950,8.478260869565217,0.2945,0.2967817187309265,0.8897058823529411,0.9194991055456172,433.6054
1975,8.58695652173913,0.261,0.3073045313358307,0.8774509803921569,0.9134948096885814,439.079
2000,8.695652173913043,0.2711,0.2987743318080902,0.8823529411764706,0.915492957746479,444.6704
2025,8.804347826086957,0.2617,0.2977990210056305,0.8823529411764706,0.9136690647482014,450.3633
2050,8.91304347826087,0.3033,0.29932743310928345,0.8872549019607843,0.9181494661921709,455.9994
2075,9.021739130434783,0.3227,0.2969972491264343,0.8872549019607843,0.9184397163120569,461.4104
2100,9.130434782608695,0.2643,0.2922351062297821,0.8799019607843137,0.9113924050632911,466.9426
2125,9.23913043478261,0.2559,0.292291522026062,0.8774509803921569,0.9097472924187725,472.466
2150,9.347826086956522,0.2898,0.29604023694992065,0.8848039215686274,0.9168141592920355,477.9803
2175,9.456521739130435,0.2758,0.2940094769001007,0.8848039215686274,0.9162210338680927,483.587
2200,9.565217391304348,0.2912,0.3005213141441345,0.8848039215686274,0.9173989455184535,489.1142
2225,9.673913043478262,0.2935,0.29758691787719727,0.8872549019607843,0.9190140845070423,494.6822
2250,9.782608695652174,0.278,0.2953283488750458,0.8823529411764706,0.9148936170212766,500.2192
2275,9.891304347826086,0.2719,0.29502665996551514,0.8799019607843137,0.9129662522202486,505.8756
2300,10.0,0.253,0.2945767343044281,0.8823529411764706,0.9145907473309609,511.3355
