step,epoch,train_loss,eval_loss,eval_accuracy,eval_f1,train_runtime
25,0.10869565217391304,0.6555,0.6330500841140747,0.6838235294117647,0.8122270742358079,6.0786
50,0.21739130434782608,0.6622,0.6247093081474304,0.6838235294117647,0.8122270742358079,11.8661
75,0.32608695652173914,0.6383,0.6164916753768921,0.6838235294117647,0.8122270742358079,17.6545
100,0.43478260869565216,0.6348,0.5742325186729431,0.6838235294117647,0.8122270742358079,23.4378
125,0.5434782608695652,0.5345,0.5281744003295898,0.7058823529411765,0.7777777777777778,29.155
150,0.6521739130434783,0.5414,0.5962265133857727,0.7769607843137255,0.8553259141494436,34.8697
175,0.7608695652173914,0.5758,0.48562154173851013,0.8308823529411765,0.8765652951699464,40.7976
200,0.8695652173913043,0.5001,0.5399650931358337,0.803921568627451,0.869281045751634,46.6074
225,0.9782608695652174,0.6078,0.5513335466384888,0.8014705882352942,0.8610634648370498,52.7612
250,1.0869565217391304,0.505,0.43206483125686646,0.8382352941176471,0.8869863013698631,58.2746
275,1.1956521739130435,0.4815,0.41234472393989563,0.8357843137254902,0.8818342151675486,64.1792
300,1.3043478260869565,0.4858,0.42305901646614075,0.7990196078431373,0.8651315789473684,70.0186
325,1.4130434782608696,0.4943,0.3773796260356903,0.821078431372549,0.8604206500956023,75.8112
350,1.5217391304347827,0.4627,0.3482060134410858,0.8553921568627451,0.8936936936936937,81.5772
375,1.6304347826086958,0.4435,0.36790144443511963,0.8480392156862745,0.8938356164383561,87.23
400,1.7391304347826086,0.3259,0.41635048389434814,0.8480392156862745,0.8912280701754387,93.0141
425,1.8478260869565217,0.5042,0.4037154018878937,0.8284313725490197,0.8805460750853243,98.7762
450,1.9565217391304348,0.4584,0.3797611594200134,0.8333333333333334,0.8702290076335878,104.6965
475,2.0652173913043477,0.3676,0.41258928179740906,0.8357843137254902,0.8838821490467937,110.224
500,2.1739130434782608,0.4267,0.3487379848957062,0.8578431372549019,0.8933823529411764,116.0338
525,2.282608695652174,0.3732,0.32504159212112427,0.8553921568627451,0.8940754039497307,122.2146
550,2.391304347826087,0.3667,0.34496405720710754,0.8529411764705882,0.8901098901098902,127.9461
575,2.5,0.3991,0.3372594714164734,0.8529411764705882,0.8961937716262977,133.7352
600,2.608695652173913,0.3343,0.35535329580307007,0.8676470588235294,0.9032258064516129,139.4573
625,2.717391304347826,0.3465,0.30683499574661255,0.875,0.9084380610412927,145.3703
650,2.8260869565217392,0.3795,0.3148329555988312,0.8578431372549019,0.896797153024911,151.1802
675,2.9347826086956523,0.3301,0.37809881567955017,0.8480392156862745,0.8931034482758621,157.094
700,3.0434782608695654,0.3164,0.45425429940223694,0.8455882352941176,0.8904347826086957,162.6084
725,3.1521739130434785,0.3447,0.40620964765548706,0.8480392156862745,0.8980263157894737,168.4275
750,3.260869565217391,0.3578,0.4627019464969635,0.8455882352941176,0.8962108731466227,174.1842
775,3.369565217391304,0.3164,0.3051309287548065,0.8676470588235294,0.9042553191489361,179.8485
800,3.4782608695652173,0.3066,0.3457147181034088,0.8553921568627451,0.9005059021922428,185.6094
825,3.5869565217391304,0.3608,0.31166985630989075,0.8676470588235294,0.9052631578947367,191.3661
850,3.6956521739130435,0.2844,0.36382219195365906,0.8553921568627451,0.8991452991452993,197.2605
875,3.8043478260869565,0.2593,0.43414703011512756,0.8529411764705882,0.8954703832752613,202.9717
900,3.9130434782608696,0.3558,0.34470134973526,0.8676470588235294,0.90625,208.8565
925,4.021739130434782,0.3648,0.37820300459861755,0.8480392156862745,0.8952702702702703,214.4486
950,4.130434782608695,0.2833,0.45185157656669617,0.8529411764705882,0.8958333333333334,220.308
975,4.239130434782608,0.3169,0.36492013931274414,0.8529411764705882,0.8969072164948454,225.9345
1000,4.3478260869565215,0.3015,0.3519771695137024,0.8480392156862745,0.8945578231292517,231.65
1025,4.456521739130435,0.297,0.30182260274887085,0.8700980392156863,0.9048473967684021,238.1089
1050,4.565217391304348,0.2502,0.32869407534599304,0.8627450980392157,0.9017543859649123,243.9074
1075,4.673913043478261,0.2466,0.4109187424182892,0.8602941176470589,0.8994708994708994,249.7357
1100,4.782608695652174,0.2486,0.35603243112564087,0.875,0.9087656529516995,255.4703
1125,4.891304347826087,0.2559,0.2956572473049164,0.8651960784313726,0.9005424954792043,261.3337
1150,5.0,0.2625,0.33667150139808655,0.8799019607843137,0.9135802469135803,267.0814
1175,5.108695652173913,0.2002,0.39234641194343567,0.8700980392156863,0.9094017094017094,272.7864
1200,5.217391304347826,0.2357,0.3332713544368744,0.875,0.9100529100529101,278.5886
1225,5.326086956521739,0.1938,0.36023539304733276,0.8774509803921569,0.910394265232975,284.3312
1250,5.434782608695652,0.2704,0.32493409514427185,0.875,0.9103690685413005,290.0882
1275,5.543478260869565,0.1893,0.4303912818431854,0.8799019607843137,0.9132743362831858,295.7605
1300,5.6521739130434785,0.2022,0.4521365761756897,0.8848039215686274,0.9176882661996497,301.6207
1325,5.760869565217392,0.2032,0.40744301676750183,0.8651960784313726,0.9036777583187391,307.4302
1350,5.869565217391305,0.2811,0.33601126074790955,0.8799019607843137,0.9110707803992741,313.3493
1375,5.978260869565218,0.2345,0.2996726930141449,0.8823529411764706,0.9145907473309609,319.2308
1400,6.086956521739131,0.1979,0.5197808742523193,0.8602941176470589,0.9042016806722689,324.9036
1425,6.195652173913044,0.1761,0.4724594056606293,0.8700980392156863,0.9081455805892548,330.8841
1450,6.304347826086957,0.22,0.43336328864097595,0.875,0.9087656529516995,336.515
1475,6.413043478260869,0.2289,0.40387359261512756,0.8774509803921569,0.912280701754386,342.3592
1500,6.521739130434782,0.218,0.4037569463253021,0.875,0.9100529100529101,348.0645
1525,6.630434782608695,0.1786,0.5001887679100037,0.8529411764705882,0.8979591836734693,354.4977
1550,6.739130434782608,0.2298,0.39643311500549316,0.8872549019607843,0.9172661870503597,360.1875
1575,6.8478260869565215,0.1568,0.4658377468585968,0.8700980392156863,0.9075043630017452,365.9837
1600,6.956521739130435,0.2122,0.4690355658531189,0.8700980392156863,0.9048473967684021,371.81
1625,7.065217391304348,0.1843,0.4325072765350342,0.8700980392156863,0.9061946902654867,377.4689
1650,7.173913043478261,0.2101,0.45680248737335205,0.8700980392156863,0.9075043630017452,383.2366
1675,7.282608695652174,0.1696,0.4155668318271637,0.8823529411764706,0.9178082191780821,388.9841
1700,7.391304347826087,0.1825,0.43340158462524414,0.875,0.9131175468483815,394.9265
1725,7.5,0.1349,0.46120816469192505,0.8823529411764706,0.9127272727272728,400.7716
1750,7.608695652173913,0.1934,0.41024619340896606,0.8872549019607843,0.9198606271777002,406.6465
1775,7.717391304347826,0.1732,0.5540595054626465,0.8700980392156863,0.909710391822828,412.4592
1800,7.826086956521739,0.2135,0.4896588921546936,0.875,0.9094138543516875,418.2458
1825,7.934782608695652,0.1658,0.42750388383865356,0.8848039215686274,0.9162210338680927,424.1731
1850,8.043478260869565,0.2022,0.4594815671443939,0.8725490196078431,0.9078014184397164,429.8261
1875,8.152173913043478,0.1198,0.48047325015068054,0.8676470588235294,0.9052631578947367,435.6144
1900,8.26086956521739,0.1883,0.4632508158683777,0.8774509803921569,0.9116607773851589,441.3461
1925,8.369565217391305,0.165,0.4633234739303589,0.8602941176470589,0.9012131715771231,447.2372
1950,8.478260869565217,0.1435,0.46499672532081604,0.8848039215686274,0.917975567190227,453.0343
1975,8.58695652173913,0.1033,0.49718406796455383,0.8799019607843137,0.913884007029877,458.7862
2000,8.695652173913043,0.1593,0.5121979713439941,0.8872549019607843,0.9201388888888888,464.4998
2025,8.804347826086957,0.1329,0.5234857201576233,0.8823529411764706,0.915492957746479,470.9553
2050,8.91304347826087,0.1836,0.5637313723564148,0.875,0.9125214408233276,476.7488
2075,9.021739130434783,0.208,0.5027343034744263,0.8774509803921569,0.9113475177304964,482.3653
2100,9.130434782608695,0.0824,0.5162861943244934,0.8823529411764706,0.9157894736842105,488.1199
2125,9.23913043478261,0.1327,0.5457658767700195,0.8799019607843137,0.9132743362831858,493.8203
2150,9.347826086956522,0.1022,0.5544164776802063,0.8848039215686274,0.9171075837742505,499.652
2175,9.456521739130435,0.1927,0.570869505405426,0.8848039215686274,0.9171075837742505,505.4546
2200,9.565217391304348,0.1672,0.5679901242256165,0.8848039215686274,0.9182608695652175,511.3044
2225,9.673913043478262,0.1739,0.5495752096176147,0.8848039215686274,0.9176882661996497,517.0553
2250,9.782608695652174,0.1666,0.5455108284950256,0.8872549019607843,0.9195804195804195,522.8399
2275,9.891304347826086,0.1387,0.5447309613227844,0.8848039215686274,0.9176882661996497,528.6905
2300,10.0,0.1463,0.5450073480606079,0.8848039215686274,0.9176882661996497,534.4214
