step,epoch,train_loss,eval_loss,eval_accuracy,eval_f1,train_runtime
25,0.11,0.6704,0.6580827236175537,0.6838235294117647,0.8122270742358079,8.5276
50,0.22,0.663,0.6038627028465271,0.6838235294117647,0.8122270742358079,16.8627
75,0.33,0.6088,0.5606740117073059,0.6838235294117647,0.8122270742358079,25.4245
100,0.43,0.5688,0.4955525994300842,0.7769607843137255,0.8460236886632826,33.593
125,0.54,0.466,0.3939456045627594,0.8137254901960784,0.8637992831541219,41.7307
150,0.65,0.4391,0.4889322221279144,0.7745098039215687,0.8548895899053627,49.61
175,0.76,0.5645,0.5437254309654236,0.7941176470588235,0.8675078864353312,57.7592
200,0.87,0.5294,0.5369985103607178,0.8137254901960784,0.8741721854304637,65.7637
225,0.98,0.6186,0.5514283776283264,0.7156862745098039,0.8273809523809522,73.6798
250,1.09,0.4357,0.5423059463500977,0.8382352941176471,0.890728476821192,81.4219
275,1.2,0.4828,0.4444798827171325,0.8112745098039216,0.8760064412238325,89.4582
300,1.3,0.4621,0.4751917123794555,0.8235294117647058,0.8795986622073578,97.5862
325,1.41,0.4558,0.4472450613975525,0.8259803921568627,0.8743362831858408,105.7142
350,1.52,0.4932,0.4553412199020386,0.8235294117647058,0.883495145631068,113.8446
375,1.63,0.4873,0.3746356666088104,0.8431372549019608,0.8810408921933086,121.859
400,1.74,0.3803,0.3906910121440887,0.8455882352941176,0.8926746166950595,129.9318
425,1.85,0.3806,0.3900898993015289,0.875,0.9106830122591943,138.0339
450,1.96,0.4724,0.3421902656555176,0.8676470588235294,0.9032258064516128,146.2435
475,2.07,0.3531,0.3476887941360473,0.875,0.9109947643979056,153.9628
500,2.17,0.3678,0.43452849984169,0.8553921568627451,0.9008403361344538,162.0379
525,2.28,0.3273,0.3452365398406982,0.821078431372549,0.8560157790927022,175.7716
550,2.39,0.3357,0.417464017868042,0.8504901960784313,0.8864059590316573,183.7974
575,2.5,0.3352,0.4396717548370361,0.8333333333333334,0.8781362007168457,191.9627
600,2.61,0.3593,0.3695937395095825,0.8627450980392157,0.9057239057239056,200.1677
625,2.72,0.263,0.3784146010875702,0.8676470588235294,0.9081632653061223,208.4853
650,2.83,0.3575,0.3303486704826355,0.8725490196078431,0.9071428571428573,216.6399
675,2.93,0.311,0.3324528038501739,0.8799019607843137,0.9135802469135804,224.8319
700,3.04,0.2466,0.472134917974472,0.8455882352941176,0.8948247078464107,232.5552
725,3.15,0.2427,0.5744366645812988,0.8553921568627451,0.8998302207130731,240.6118
750,3.26,0.24,0.3732771277427673,0.8872549019607843,0.9178571428571428,248.7126
775,3.37,0.2014,0.746645987033844,0.8504901960784313,0.8974789915966387,256.5873
800,3.48,0.3007,0.5361259579658508,0.8700980392156863,0.9103214890016922,264.6617
825,3.59,0.287,0.363581895828247,0.8529411764705882,0.8854961832061068,272.7758
850,3.7,0.1945,0.3781133890151977,0.875,0.9131175468483816,281.0041
875,3.8,0.1794,0.4482845962047577,0.8799019607843137,0.9156626506024096,289.1681
900,3.91,0.2548,0.3945613801479339,0.8799019607843137,0.9147826086956522,297.3384
925,4.02,0.2549,0.3871964812278747,0.8872549019607843,0.9172661870503596,305.2547
950,4.13,0.1001,0.6472501754760742,0.8627450980392157,0.9020979020979022,313.4317
975,4.24,0.1808,0.546843409538269,0.8578431372549019,0.8993055555555555,321.3446
1000,4.35,0.2138,0.4972583651542663,0.8725490196078431,0.9097222222222222,329.3705
1025,4.46,0.1933,0.5250134468078613,0.8676470588235294,0.901098901098901,350.6827
1050,4.57,0.1118,0.4583087563514709,0.8848039215686274,0.9137614678899082,358.8188
1075,4.67,0.1372,0.6974689364433289,0.8676470588235294,0.9025270758122744,367.1277
1100,4.78,0.123,0.6542211771011353,0.8676470588235294,0.9025270758122744,375.5602
1125,4.89,0.1837,0.4541151821613312,0.8676470588235294,0.9039145907473308,383.9016
1150,5.0,0.1522,0.4489157795906067,0.8823529411764706,0.9142857142857144,392.0747
1175,5.11,0.0652,0.6579668521881104,0.875,0.9106830122591943,400.0277
1200,5.22,0.0835,0.657570481300354,0.8651960784313726,0.9023090586145648,408.1201
1225,5.33,0.0535,0.784302294254303,0.8602941176470589,0.8946395563770795,416.0785
1250,5.43,0.1347,0.6721323728561401,0.8627450980392157,0.9017543859649124,423.9312
1275,5.54,0.0687,0.6693593859672546,0.8774509803921569,0.9107142857142856,431.879
1300,5.65,0.1086,0.6687620282173157,0.8725490196078431,0.9071428571428573,439.9116
1325,5.76,0.0944,0.6198013424873352,0.8725490196078431,0.9090909090909092,448.1477
1350,5.87,0.1222,0.560616672039032,0.8848039215686274,0.91651865008881,456.3784
1375,5.98,0.1239,0.5983566045761108,0.875,0.9035916824196596,464.6656
1400,6.09,0.0344,0.655770480632782,0.8676470588235294,0.9055944055944056,472.6659
1425,6.2,0.0551,0.6469761729240417,0.8725490196078431,0.9071428571428573,480.9777
1450,6.3,0.0653,0.6373736262321472,0.8774509803921569,0.9100719424460432,488.9188
1475,6.41,0.0759,0.5932623147964478,0.8848039215686274,0.91500904159132,497.0164
1500,6.52,0.0493,0.6413655877113342,0.8823529411764706,0.9148936170212766,504.9534
1525,6.63,0.0965,0.6072899103164673,0.875,0.907441016333938,519.5192
1550,6.74,0.0705,0.6110780835151672,0.875,0.9106830122591943,527.4904
1575,6.85,0.0332,0.6860877275466919,0.8725490196078431,0.9061371841155236,535.6507
1600,6.96,0.0454,0.7845802903175354,0.8676470588235294,0.9032258064516128,543.9344
1625,7.07,0.0252,0.7412840723991394,0.8700980392156863,0.905861456483126,551.9413
1650,7.17,0.0457,0.7737866640090942,0.8725490196078431,0.9081272084805654,559.9977
1675,7.28,0.0155,0.7390421032905579,0.875,0.91005291005291,568.0469
1700,7.39,0.0916,0.6896427869796753,0.8700980392156863,0.9045045045045046,576.1984
1725,7.5,0.0248,0.7094092965126038,0.875,0.9103690685413004,584.2837
1750,7.61,0.033,0.7336409091949463,0.875,0.9113043478260868,592.3626
1775,7.72,0.106,0.7258333563804626,0.8774509803921569,0.9097472924187724,600.4513
1800,7.83,0.0083,0.7028727531433105,0.8823529411764706,0.9151943462897526,608.4452
1825,7.93,0.0244,0.7354214191436768,0.8823529411764706,0.9148936170212766,616.8055
1850,8.04,0.0178,0.7780200839042664,0.8799019607843137,0.9126559714795008,624.7125
1875,8.15,0.0256,0.8370044231414795,0.8700980392156863,0.9027522935779816,632.8699
1900,8.26,0.037,0.8010981678962708,0.8676470588235294,0.9003690036900369,641.012
1925,8.37,0.0115,0.7594882845878601,0.875,0.9084380610412928,649.1143
1950,8.48,0.0009,0.7838404774665833,0.875,0.9084380610412928,657.3085
1975,8.59,0.0368,0.7912298440933228,0.8799019607843137,0.9126559714795008,665.2384
2000,8.7,0.061,0.7785661220550537,0.875,0.9084380610412928,673.2797
2025,8.8,0.011,0.7739814519882202,0.8848039215686274,0.9162210338680928,687.066
2050,8.91,0.0007,0.7838099002838135,0.8848039215686274,0.9162210338680928,695.1922
2075,9.02,0.0302,0.7961407899856567,0.8774509803921569,0.9100719424460432,703.121
2100,9.13,0.0006,0.7998412847518921,0.8774509803921569,0.9097472924187724,711.3417
2125,9.24,0.0175,0.7853398323059082,0.8799019607843137,0.9120287253141832,719.4815
2150,9.35,0.004,0.7857900261878967,0.8823529411764706,0.9145907473309608,727.5399
2175,9.46,0.0009,0.8084285855293274,0.8799019607843137,0.9129662522202486,735.6853
2200,9.57,0.0006,0.8150877356529236,0.8823529411764706,0.9145907473309608,743.6839
2225,9.67,0.0006,0.8180219531059265,0.8823529411764706,0.9145907473309608,751.7189
2250,9.78,0.0228,0.810158908367157,0.8848039215686274,0.9162210338680928,759.7074
2275,9.89,0.0203,0.8060526847839355,0.8848039215686274,0.9162210338680928,767.7913
2300,10.0,0.0141,0.8067137598991394,0.8848039215686274,0.9162210338680928,775.7592
