step,epoch,train_loss,eval_loss,eval_accuracy,eval_f1,train_runtime
25,0.11,0.7124,0.6567840576171875,0.6838235294117647,0.8122270742358079,5.9437
50,0.22,0.6627,0.6238805651664734,0.6838235294117647,0.8122270742358079,11.3072
75,0.33,0.638,0.6192241907119751,0.6838235294117647,0.8122270742358079,16.9005
100,0.43,0.6379,0.6065689325332642,0.6838235294117647,0.8122270742358079,22.3402
125,0.54,0.5897,0.5559027194976807,0.7083333333333334,0.8210526315789474,27.9153
150,0.65,0.5687,0.5015280842781067,0.7696078431372549,0.8422818791946309,33.3788
175,0.76,0.5943,0.5327826142311096,0.8063725490196079,0.855045871559633,39.0644
200,0.87,0.5232,0.4411389827728271,0.7794117647058824,0.8534201954397393,44.5676
225,0.98,0.5351,0.525530219078064,0.8014705882352942,0.8433268858800774,50.0391
250,1.09,0.5163,0.4608024656772613,0.8161764705882353,0.8743718592964823,55.2808
275,1.2,0.4608,0.3928460478782654,0.8063725490196079,0.8611599297012302,60.6791
300,1.3,0.4248,0.4219560921192169,0.8504901960784313,0.8957264957264958,66.1453
325,1.41,0.4297,0.4097853899002075,0.8137254901960784,0.856060606060606,71.5157
350,1.52,0.4541,0.3897022604942322,0.8259803921568627,0.8773747841105355,76.9833
375,1.63,0.402,0.348217099905014,0.8529411764705882,0.8943661971830987,82.2765
400,1.74,0.3771,0.4627608954906463,0.8382352941176471,0.8896321070234114,87.7378
425,1.85,0.4248,0.3666869401931762,0.8431372549019608,0.891156462585034,93.1758
450,1.96,0.3777,0.4311145842075348,0.8357843137254902,0.8858603066439524,98.7393
475,2.07,0.3231,0.4134025275707245,0.8480392156862745,0.8912280701754387,103.9657
500,2.17,0.3799,0.3517631590366363,0.8431372549019608,0.8844765342960288,109.4242
525,2.28,0.3403,0.3338471949100494,0.8553921568627451,0.8933092224231465,115.4568
550,2.39,0.2894,0.4122945666313171,0.8651960784313726,0.9029982363315696,120.8553
575,2.5,0.3888,0.3372740745544433,0.8455882352941176,0.8896672504378283,126.3334
600,2.61,0.349,0.3860519230365753,0.8602941176470589,0.9008695652173914,131.7835
625,2.72,0.3032,0.4413062930107116,0.8406862745098039,0.8914858096828046,137.354
650,2.83,0.3678,0.3978491723537445,0.8382352941176471,0.8888888888888888,142.806
675,2.93,0.308,0.3662420511245727,0.8529411764705882,0.8951048951048952,148.3593
700,3.04,0.2556,0.4207602441310882,0.8357843137254902,0.882249560632689,153.562
725,3.15,0.3121,0.3998892903327942,0.8480392156862745,0.8908450704225351,159.0375
750,3.26,0.276,0.3856041431427002,0.8578431372549019,0.9006849315068494,164.4918
775,3.37,0.2739,0.3485950827598572,0.8578431372549019,0.894927536231884,169.8618
800,3.48,0.2668,0.4302702844142914,0.8553921568627451,0.899488926746167,175.2638
825,3.59,0.3203,0.3227428495883941,0.8627450980392157,0.9020979020979022,180.7194
850,3.7,0.2827,0.3308500647544861,0.8602941176470589,0.8987566607460036,186.2629
875,3.8,0.2766,0.3754124641418457,0.8602941176470589,0.8980322003577819,191.7296
900,3.91,0.3383,0.3322096168994903,0.8529411764705882,0.8961937716262977,197.2934
925,4.02,0.2908,0.4045928418636322,0.8529411764705882,0.8979591836734693,202.5987
950,4.13,0.1983,0.3779894411563873,0.8627450980392157,0.903114186851211,208.131
975,4.24,0.2177,0.5251883864402771,0.8431372549019608,0.8929765886287626,213.4794
1000,4.35,0.2932,0.3738359212875366,0.8700980392156863,0.9081455805892548,218.9442
1025,4.46,0.282,0.3259739577770233,0.8651960784313726,0.9023090586145648,225.142
1050,4.57,0.1943,0.4090543985366821,0.8578431372549019,0.901023890784983,230.7442
1075,4.67,0.177,0.4844819605350494,0.8480392156862745,0.8952702702702703,236.2169
1100,4.78,0.2152,0.3828239440917969,0.8651960784313726,0.9043478260869564,241.7453
1125,4.89,0.2228,0.3761048913002014,0.8602941176470589,0.8980322003577819,247.2801
1150,5.0,0.2157,0.3948078155517578,0.8602941176470589,0.8969258589511754,252.7864
1175,5.11,0.1647,0.4692985713481903,0.8651960784313726,0.9023090586145648,258.2399
1200,5.22,0.2131,0.467221200466156,0.8529411764705882,0.8976109215017065,263.7254
1225,5.33,0.1638,0.4033991396427154,0.8774509803921569,0.910394265232975,269.2473
1250,5.43,0.2252,0.3929841220378876,0.8799019607843137,0.9120287253141832,274.6277
1275,5.54,0.1478,0.4196565747261047,0.8799019607843137,0.9117117117117116,280.0974
1300,5.65,0.1694,0.4833707511425018,0.8602941176470589,0.8998242530755711,285.541
1325,5.76,0.1706,0.4141517281532287,0.8700980392156863,0.9034608378870674,291.1293
1350,5.87,0.2312,0.3774804472923279,0.8651960784313726,0.8983364140480593,296.6387
1375,5.98,0.2064,0.3997906744480133,0.8553921568627451,0.8977469670710572,302.2194
1400,6.09,0.1316,0.6411401629447937,0.8455882352941176,0.8948247078464107,307.5664
1425,6.2,0.2133,0.4383804202079773,0.8602941176470589,0.9001751313485115,313.2272
1450,6.3,0.1545,0.4347374737262726,0.8578431372549019,0.8929889298892988,318.6004
1475,6.41,0.1581,0.4638692140579223,0.8774509803921569,0.9113475177304964,324.0456
1500,6.52,0.2114,0.463713526725769,0.8700980392156863,0.9038112522686026,329.5225
1525,6.63,0.1314,0.4669628143310547,0.8700980392156863,0.9045045045045046,335.6409
1550,6.74,0.1799,0.4661323726177215,0.8676470588235294,0.9028776978417268,341.0846
1575,6.85,0.143,0.4912427961826324,0.8725490196078431,0.9087719298245616,346.533
1600,6.96,0.1363,0.5238696932792664,0.8627450980392157,0.8985507246376813,352.1111
1625,7.07,0.1167,0.5528218150138855,0.8651960784313726,0.9005424954792043,357.4144
1650,7.17,0.1454,0.6000642776489258,0.8602941176470589,0.8954128440366973,362.8794
1675,7.28,0.1523,0.5854023694992065,0.8602941176470589,0.9032258064516128,368.3007
1700,7.39,0.1116,0.5773012638092041,0.8627450980392157,0.900709219858156,373.863
1725,7.5,0.1566,0.5837610960006714,0.8725490196078431,0.9044117647058824,379.4117
1750,7.61,0.1342,0.5029100775718689,0.8676470588235294,0.9032258064516128,384.8905
1775,7.72,0.1667,0.5344823002815247,0.8700980392156863,0.9078260869565218,390.4325
1800,7.83,0.1198,0.5306022763252258,0.8627450980392157,0.8992805755395683,395.8259
1825,7.93,0.1194,0.5278525948524475,0.8627450980392157,0.8985507246376813,401.5053
1850,8.04,0.1114,0.6060096025466919,0.8700980392156863,0.9071803852889668,406.843
1875,8.15,0.1248,0.6078388690948486,0.8578431372549019,0.8945454545454546,412.3606
1900,8.26,0.1088,0.6284000277519226,0.8700980392156863,0.9055258467023172,417.8342
1925,8.37,0.0882,0.6120679378509521,0.8676470588235294,0.9021739130434784,423.3936
1950,8.48,0.1039,0.645588755607605,0.8700980392156863,0.9061946902654868,428.9324
1975,8.59,0.0766,0.6684721112251282,0.8627450980392157,0.9014084507042254,434.3663
2000,8.7,0.1385,0.6595048904418945,0.8651960784313726,0.9016100178890876,439.7987
2025,8.8,0.1074,0.6636627316474915,0.8651960784313726,0.9012567324955116,445.846
2050,8.91,0.091,0.6697571873664856,0.8676470588235294,0.904255319148936,451.3615
2075,9.02,0.1562,0.646644115447998,0.8676470588235294,0.9039145907473308,456.6756
2100,9.13,0.0713,0.6382070779800415,0.8676470588235294,0.9032258064516128,462.1321
2125,9.24,0.0741,0.6625593304634094,0.8676470588235294,0.904255319148936,467.5403
2150,9.35,0.1167,0.6737014055252075,0.8676470588235294,0.9045936395759716,473.0267
2175,9.46,0.0981,0.6714703440666199,0.8627450980392157,0.9,478.4971
2200,9.57,0.0828,0.6711916327476501,0.8676470588235294,0.9039145907473308,483.9995
2225,9.67,0.1347,0.6573627591133118,0.8651960784313726,0.9019607843137256,489.4417
2250,9.78,0.1186,0.6518315076828003,0.8676470588235294,0.9039145907473308,494.9375
2275,9.89,0.1331,0.6524572968482971,0.8700980392156863,0.905861456483126,500.418
2300,10.0,0.0607,0.653394341468811,0.8700980392156863,0.905861456483126,505.8306
