step,epoch,train_loss,eval_loss,eval_accuracy,eval_f1,train_runtime
25,0.11,0.7278,0.7015451192855835,0.3161764705882353,0.0,8.2656
50,0.22,0.6734,0.6038886308670044,0.6838235294117647,0.8122270742358079,15.3951
75,0.33,0.6117,0.5505440831184387,0.6985294117647058,0.8183161004431315,22.7003
100,0.43,0.568,0.5009385347366333,0.7132352941176471,0.823529411764706,29.9475
125,0.54,0.4705,0.6105089783668518,0.7450980392156863,0.8404907975460123,37.2618
150,0.65,0.4903,0.456695556640625,0.821078431372549,0.8809135399673736,44.5404
175,0.76,0.5123,0.458171010017395,0.7916666666666666,0.8343079922027291,52.1087
200,0.87,0.5591,0.4433887600898742,0.8406862745098039,0.8922056384742951,59.5944
225,0.98,0.498,0.5133957862854004,0.8259803921568627,0.8672897196261682,67.0122
250,1.09,0.4711,0.4638885855674743,0.8431372549019608,0.8904109589041096,74.264
275,1.2,0.4143,0.3424569964408874,0.8627450980392157,0.9020979020979022,81.7287
300,1.3,0.433,0.4149606823921203,0.8186274509803921,0.8786885245901639,89.2657
325,1.41,0.4677,0.590002179145813,0.7769607843137255,0.8154158215010142,96.8319
350,1.52,0.4916,0.3734365105628967,0.8406862745098039,0.8881239242685025,104.4487
375,1.63,0.3595,0.3141623735427856,0.875,0.9084380610412928,111.9958
400,1.74,0.2986,0.4506941437721252,0.8553921568627451,0.9001692047377327,119.6299
425,1.85,0.3927,0.342667669057846,0.8725490196078431,0.9097222222222222,127.4261
450,1.96,0.3957,0.4382074475288391,0.8357843137254902,0.8866328257191202,135.3248
475,2.07,0.2716,0.3963084816932678,0.8799019607843137,0.9150779896013864,142.7825
500,2.17,0.251,0.4515534341335296,0.8725490196078431,0.9090909090909092,150.629
525,2.28,0.1989,0.4072118997573852,0.8529411764705882,0.8936170212765957,164.1377
550,2.39,0.2483,0.5891035199165344,0.8553921568627451,0.8952042628774423,171.8238
575,2.5,0.3165,0.4676894247531891,0.8431372549019608,0.8907849829351535,179.6767
600,2.61,0.298,0.3412302136421203,0.875,0.906422018348624,187.4126
625,2.72,0.2468,0.4203991591930389,0.8774509803921569,0.9107142857142856,195.2633
650,2.83,0.2954,0.3504989445209503,0.8725490196078431,0.9057971014492752,203.1131
675,2.93,0.2792,0.3764000833034515,0.8602941176470589,0.8969258589511754,210.9792
700,3.04,0.161,0.6396666765213013,0.8651960784313726,0.9001814882032667,218.5429
725,3.15,0.2186,0.5715303421020508,0.8725490196078431,0.9112627986348124,226.3831
750,3.26,0.1582,0.4904083907604217,0.8774509803921569,0.9125874125874124,234.3204
775,3.37,0.1931,0.5274335741996765,0.8799019607843137,0.9129662522202486,242.1872
800,3.48,0.1783,0.4669334590435028,0.8823529411764706,0.9145907473309608,250.2473
825,3.59,0.2812,0.3823362588882446,0.8578431372549019,0.894927536231884,258.551
850,3.7,0.1474,0.7994598746299744,0.8700980392156863,0.9038112522686026,266.9065
875,3.8,0.1869,0.738596498966217,0.8504901960784313,0.891651865008881,275.0422
900,3.91,0.1836,0.9729655981063844,0.8455882352941176,0.8951747088186357,283.2139
925,4.02,0.2983,0.6716297268867493,0.8406862745098039,0.8900169204737733,291.0449
950,4.13,0.0866,0.6636657118797302,0.8553921568627451,0.8970331588132635,299.1194
975,4.24,0.0985,0.7136680483818054,0.8627450980392157,0.9020979020979022,306.9588
1000,4.35,0.1101,0.6197320818901062,0.8676470588235294,0.9003690036900369,314.8393
1025,4.46,0.2103,0.5522332787513733,0.8651960784313726,0.8994515539305302,328.7023
1050,4.57,0.0765,0.5759996175765991,0.8627450980392157,0.8985507246376813,336.8199
1075,4.67,0.149,0.6672331094741821,0.8578431372549019,0.8953068592057761,344.9374
1100,4.78,0.1526,0.5816097855567932,0.8602941176470589,0.9008695652173914,353.1437
1125,4.89,0.073,0.6684966683387756,0.8725490196078431,0.9071428571428573,361.3111
1150,5.0,0.1648,0.6978549361228943,0.8602941176470589,0.900523560209424,369.3888
1175,5.11,0.0381,0.7004910707473755,0.8651960784313726,0.9005424954792043,377.3773
1200,5.22,0.0566,0.7788848876953125,0.8651960784313726,0.9012567324955116,385.4787
1225,5.33,0.0616,0.6721969246864319,0.875,0.9060773480662982,393.4985
1250,5.43,0.1391,0.6551434397697449,0.8676470588235294,0.904255319148936,401.4452
1275,5.54,0.0595,0.674326479434967,0.8725490196078431,0.9051094890510948,409.4398
1300,5.65,0.0981,0.7203381657600403,0.8602941176470589,0.8998242530755711,417.4949
1325,5.76,0.0444,0.724692702293396,0.8602941176470589,0.8946395563770795,425.7338
1350,5.87,0.0808,0.702837347984314,0.8602941176470589,0.8991150442477877,433.9048
1375,5.98,0.0456,0.649793267250061,0.8774509803921569,0.9090909090909092,442.1626
1400,6.09,0.0536,0.6933227181434631,0.8725490196078431,0.906810035842294,450.0992
1425,6.2,0.0483,0.7800785303115845,0.8676470588235294,0.9003690036900369,458.3799
1450,6.3,0.0707,0.7331613898277283,0.8676470588235294,0.9052631578947368,466.2659
1475,6.41,0.0645,0.6603200435638428,0.8774509803921569,0.9113475177304964,474.3056
1500,6.52,0.0294,0.7117044925689697,0.8799019607843137,0.9107468123861568,482.3153
1525,6.63,0.0721,0.861469030380249,0.8676470588235294,0.9055944055944056,496.4085
1550,6.74,0.0902,0.7733511924743652,0.8725490196078431,0.906810035842294,504.3644
1575,6.85,0.0191,0.7712337970733643,0.8725490196078431,0.9057971014492752,512.4728
1600,6.96,0.0201,0.835006058216095,0.8774509803921569,0.911032028469751,520.7235
1625,7.07,0.0408,0.8189195990562439,0.8700980392156863,0.904847396768402,528.6878
1650,7.17,0.051,0.8162689805030823,0.8651960784313726,0.9026548672566372,536.7516
1675,7.28,0.0028,0.9009831547737122,0.8651960784313726,0.9043478260869564,544.817
1700,7.39,0.0707,0.8853722214698792,0.8553921568627451,0.8970331588132635,552.9617
1725,7.5,0.0166,0.8588359355926514,0.8578431372549019,0.8960573476702509,561.1217
1750,7.61,0.0207,0.91549414396286,0.8529411764705882,0.8939929328621908,569.1909
1775,7.72,0.0446,0.9593082666397096,0.8504901960784313,0.893169877408056,577.2735
1800,7.83,0.0158,0.838681161403656,0.8725490196078431,0.9054545454545456,585.2569
1825,7.93,0.0435,0.8837541937828064,0.8651960784313726,0.9023090586145648,593.5697
1850,8.04,0.0185,0.8282455205917358,0.875,0.9087656529516996,601.4775
1875,8.15,0.008,0.9273514747619628,0.8602941176470589,0.9001751313485115,609.5826
1900,8.26,0.0197,0.880085825920105,0.8651960784313726,0.9012567324955116,617.6663
1925,8.37,0.0217,0.859114408493042,0.8700980392156863,0.9041591320072332,625.838
1950,8.48,0.0187,0.8565394282341003,0.8700980392156863,0.9061946902654868,634.0491
1975,8.59,0.0113,0.8775925040245056,0.8676470588235294,0.9049295774647886,641.9879
2000,8.7,0.059,0.9435674548149108,0.8578431372549019,0.8986013986013986,650.0463
2025,8.8,0.0142,0.8640243411064148,0.8725490196078431,0.907473309608541,666.4069
2050,8.91,0.0332,0.8687222599983215,0.8725490196078431,0.9057971014492752,674.4512
2075,9.02,0.0356,0.9089089035987854,0.8651960784313726,0.9033391915641475,682.2153
2100,9.13,0.0003,0.879959762096405,0.8651960784313726,0.9016100178890876,690.203
2125,9.24,0.0245,0.8918061852455139,0.8627450980392157,0.900709219858156,698.1833
2150,9.35,0.0003,0.913358211517334,0.8651960784313726,0.9029982363315696,706.1972
2175,9.46,0.0243,0.8942210078239441,0.8651960784313726,0.9023090586145648,714.3131
2200,9.57,0.0003,0.8889244794845581,0.8676470588235294,0.9039145907473308,722.3426
2225,9.67,0.0003,0.8893176913261414,0.8700980392156863,0.9055258467023172,730.3991
2250,9.78,0.0006,0.8908689618110657,0.8700980392156863,0.9055258467023172,738.4601
2275,9.89,0.0005,0.8916367292404175,0.8676470588235294,0.9035714285714286,746.5703
2300,10.0,0.0003,0.89360111951828,0.8676470588235294,0.9035714285714286,754.5587
