step,epoch,train_loss,eval_loss,eval_accuracy,eval_f1,train_runtime
25,0.11,0.6566,0.635649561882019,0.6838235294117647,0.8122270742358079,5.8566
50,0.22,0.6606,0.6252642869949341,0.6838235294117647,0.8122270742358079,11.237
75,0.33,0.6396,0.6203587651252747,0.6838235294117647,0.8122270742358079,16.7024
100,0.43,0.6397,0.6127575635910034,0.6838235294117647,0.8122270742358079,22.2183
125,0.54,0.5897,0.571988046169281,0.6911764705882353,0.8147058823529413,27.7149
150,0.65,0.5502,0.4816037714481354,0.7573529411764706,0.8247787610619469,33.2337
175,0.76,0.5913,0.4819413721561432,0.7745098039215687,0.8486842105263158,38.8775
200,0.87,0.5054,0.528712809085846,0.7671568627450981,0.8503937007874015,44.4504
225,0.98,0.6437,0.3926995992660522,0.8259803921568627,0.8773747841105355,49.881
250,1.09,0.4767,0.4169506728649139,0.8186274509803921,0.8782894736842105,55.1737
275,1.2,0.4617,0.3822260797023773,0.8137254901960784,0.8729096989966555,60.575
300,1.3,0.4517,0.370947003364563,0.8259803921568627,0.8747795414462081,66.0284
325,1.41,0.4031,0.4067517518997192,0.803921568627451,0.8406374501992032,71.4358
350,1.52,0.4654,0.4121505916118622,0.8161764705882353,0.8739495798319329,76.8525
375,1.63,0.4085,0.3453722894191742,0.8480392156862745,0.886029411764706,82.2107
400,1.74,0.3633,0.3965947031974792,0.8578431372549019,0.8941605839416058,87.7237
425,1.85,0.4236,0.3529348969459533,0.8382352941176471,0.8873720136518771,93.2817
450,1.96,0.4113,0.3319815397262573,0.8504901960784313,0.8939130434782607,98.8353
475,2.07,0.3512,0.3832612037658691,0.8480392156862745,0.8952702702702703,104.1715
500,2.17,0.402,0.3301889896392822,0.8627450980392157,0.8970588235294118,109.6484
525,2.28,0.3792,0.3270342648029327,0.8627450980392157,0.895910780669145,115.7088
550,2.39,0.318,0.3506259620189667,0.8676470588235294,0.9035714285714286,121.1471
575,2.5,0.3772,0.3687783777713775,0.8259803921568627,0.883415435139573,126.6787
600,2.61,0.3422,0.3391544818878174,0.8578431372549019,0.9006849315068494,132.1183
625,2.72,0.3189,0.3263311684131622,0.8725490196078431,0.9094076655052264,137.6556
650,2.83,0.3863,0.3353435695171356,0.8676470588235294,0.9075342465753424,143.169
675,2.93,0.3092,0.3429244458675384,0.8676470588235294,0.9021739130434784,148.6884
700,3.04,0.2924,0.3831533193588257,0.8651960784313726,0.9036777583187392,154.0344
725,3.15,0.325,0.3837600350379944,0.8578431372549019,0.9003436426116839,159.4994
750,3.26,0.3136,0.3706466853618622,0.8725490196078431,0.9124579124579124,165.0862
775,3.37,0.2701,0.3302240967750549,0.8823529411764706,0.913978494623656,170.4752
800,3.48,0.2985,0.3673383593559265,0.8602941176470589,0.9018932874354562,176.008
825,3.59,0.3459,0.3005967736244201,0.8774509803921569,0.910394265232975,181.4974
850,3.7,0.295,0.3247696459293365,0.875,0.9077757685352622,187.1106
875,3.8,0.2963,0.3293810486793518,0.875,0.907441016333938,192.5749
900,3.91,0.3196,0.3435313701629638,0.8529411764705882,0.8983050847457628,198.1155
925,4.02,0.3527,0.3266623020172119,0.8529411764705882,0.8969072164948454,203.4529
950,4.13,0.2434,0.3494838178157806,0.8700980392156863,0.9071803852889668,208.9605
975,4.24,0.2903,0.3498657345771789,0.8676470588235294,0.906896551724138,214.38
1000,4.35,0.2891,0.3474608659744262,0.875,0.911917098445596,219.7879
1025,4.46,0.3049,0.302720308303833,0.8823529411764706,0.9130434782608696,226.0341
1050,4.57,0.2565,0.3242378234863281,0.8897058823529411,0.9200710479573712,231.5335
1075,4.67,0.2464,0.3622183203697204,0.8799019607843137,0.9135802469135804,237.0497
1100,4.78,0.2474,0.3325592875480652,0.8897058823529411,0.9203539823008848,242.5062
1125,4.89,0.2515,0.3290289044380188,0.8774509803921569,0.912280701754386,248.0596
1150,5.0,0.2564,0.3185658156871795,0.8823529411764706,0.9148936170212766,253.5282
1175,5.11,0.2191,0.3278943300247192,0.8823529411764706,0.9157894736842104,258.9819
1200,5.22,0.2343,0.3607279360294342,0.8823529411764706,0.9163763066202092,264.5266
1225,5.33,0.2262,0.3221649527549743,0.8848039215686274,0.9168141592920356,270.0479
1250,5.43,0.2811,0.3237608671188354,0.8897058823529411,0.9200710479573712,275.4538
1275,5.54,0.2022,0.3891417980194092,0.8823529411764706,0.911439114391144,280.8923
1300,5.65,0.2335,0.3520845472812652,0.8823529411764706,0.9130434782608696,286.4041
1325,5.76,0.1914,0.368227869272232,0.8848039215686274,0.9153153153153154,291.9586
1350,5.87,0.2777,0.3528809547424316,0.8725490196078431,0.9057971014492752,297.5592
1375,5.98,0.2729,0.3231887817382812,0.8946078431372549,0.9228007181328548,303.111
1400,6.09,0.1377,0.4727582335472107,0.8480392156862745,0.8963210702341137,308.5888
1425,6.2,0.2062,0.3848578035831451,0.8676470588235294,0.9045936395759716,314.2039
1450,6.3,0.1815,0.4822410941123962,0.8627450980392157,0.893939393939394,319.6258
1475,6.41,0.2386,0.4100463092327118,0.8921568627450981,0.923076923076923,325.0917
1500,6.52,0.2512,0.3792346119880676,0.8774509803921569,0.9090909090909092,330.6403
1525,6.63,0.1817,0.4243453443050384,0.8725490196078431,0.9103448275862068,336.8179
1550,6.74,0.207,0.4172138571739197,0.8774509803921569,0.9077490774907748,342.2555
1575,6.85,0.19,0.4134479463100433,0.8872549019607843,0.9181494661921707,347.7659
1600,6.96,0.2164,0.4046859741210937,0.875,0.91005291005291,353.3051
1625,7.07,0.2035,0.4287842512130737,0.875,0.9057301293900184,358.726
1650,7.17,0.2181,0.4084311127662658,0.8774509803921569,0.9100719424460432,364.1711
1675,7.28,0.2189,0.4068936705589294,0.875,0.9131175468483816,369.67
1700,7.39,0.1834,0.3732871115207672,0.8946078431372549,0.925217391304348,375.2209
1725,7.5,0.1571,0.4482695758342743,0.8651960784313726,0.897196261682243,380.837
1750,7.61,0.2332,0.3748303353786468,0.8823529411764706,0.9163763066202092,386.3447
1775,7.72,0.203,0.3556568622589111,0.8872549019607843,0.9187279151943464,391.9247
1800,7.83,0.1771,0.3757123649120331,0.8823529411764706,0.915492957746479,397.3574
1825,7.93,0.2126,0.357299268245697,0.8848039215686274,0.91500904159132,403.0332
1850,8.04,0.2258,0.3861675262451172,0.8774509803921569,0.9137931034482758,408.4182
1875,8.15,0.1531,0.3929117918014526,0.8897058823529411,0.918032786885246,413.8895
1900,8.26,0.1661,0.423238068819046,0.8823529411764706,0.913978494623656,419.4338
1925,8.37,0.18,0.4064024686813354,0.8823529411764706,0.9157894736842104,424.9736
1950,8.48,0.1427,0.4346414506435394,0.8921568627450981,0.920863309352518,430.5972
1975,8.59,0.1508,0.4329096972942352,0.8774509803921569,0.9134948096885814,436.0049
2000,8.7,0.178,0.4024352133274078,0.8823529411764706,0.9145907473309608,441.5583
2025,8.8,0.1647,0.427792876958847,0.8872549019607843,0.9169675090252708,447.5934
2050,8.91,0.196,0.4198147654533386,0.8872549019607843,0.9181494661921707,453.2127
2075,9.02,0.2119,0.4153316020965576,0.8799019607843137,0.9147826086956522,458.575
2100,9.13,0.1232,0.4176777005195617,0.8921568627450981,0.9214285714285716,464.0773
2125,9.24,0.1379,0.4320214688777923,0.8897058823529411,0.9203539823008848,469.5248
2150,9.35,0.1815,0.432769626379013,0.8848039215686274,0.9171075837742504,475.0002
2175,9.46,0.1747,0.4238169193267822,0.8897058823529411,0.9200710479573712,480.5421
2200,9.57,0.1375,0.4332877397537231,0.8848039215686274,0.9173989455184536,486.0125
2225,9.67,0.2158,0.4148379266262054,0.8897058823529411,0.9200710479573712,491.5528
2250,9.78,0.1617,0.4149765372276306,0.8872549019607843,0.9184397163120568,497.0423
2275,9.89,0.1456,0.4181051552295685,0.8921568627450981,0.9217081850533808,502.6564
2300,10.0,0.1324,0.4193629026412964,0.8921568627450981,0.9217081850533808,508.0683
